1000.0 1.936912e-13
1010.0 2.346835e-13
1020.0 2.852758e-13
1030.0 3.474104e-13
1040.0 4.235006e-13
1050.0 5.163042e-13
1060.0 6.288999e-13
1070.0 7.646338e-13
1080.0 9.270292e-13
1090.0 1.119662e-12
1100.0 1.346004e-12
1110.0 1.609252e-12
1120.0 1.912142e-12
1130.0 2.256784e-12
1140.0 2.644515e-12
1150.0 3.075782e-12
1160.0 3.550068e-12
1170.0 4.065852e-12
1180.0 4.620603e-12
1190.0 5.210811e-12
1200.0 5.832044e-12
1210.0 6.479035e-12
1220.0 7.145801e-12
1230.0 7.825785e-12
1240.0 8.512019e-12
1250.0 9.197315e-12
1260.0 9.874447e-12
1270.0 1.053636e-11
1280.0 1.117633e-11
1290.0 1.178818e-11
1300.0 1.236637e-11
1310.0 1.290619e-11
1320.0 1.340379e-11
1330.0 1.385627e-11
1340.0 1.426169e-11
1350.0 1.461911e-11
1360.0 1.492852e-11
1370.0 1.519083e-11
1380.0 1.540779e-11
1390.0 1.558190e-11
1400.0 1.571631e-11
1410.0 1.581474e-11
1420.0 1.588137e-11
1430.0 1.592069e-11
1440.0 1.593743e-11
1450.0 1.593639e-11
1460.0 1.592238e-11
1470.0 1.590010e-11
1480.0 1.587403e-11
1490.0 1.584838e-11
1500.0 1.582699e-11
1510.0 1.581333e-11
1520.0 1.581046e-11
1530.0 1.582098e-11
1540.0 1.584710e-11
1550.0 1.589063e-11
1560.0 1.595302e-11
1570.0 1.603541e-11
1580.0 1.613866e-11
1590.0 1.626339e-11
1600.0 1.641007e-11
1610.0 1.657900e-11
1620.0 1.677039e-11
1630.0 1.698435e-11
1640.0 1.722093e-11
1650.0 1.748013e-11
1660.0 1.776187e-11
1670.0 1.806599e-11
1680.0 1.839225e-11
1690.0 1.874020e-11
1700.0 1.910918e-11
1710.0 1.949813e-11
1720.0 1.990554e-11
1730.0 2.032921e-11
1740.0 2.076609e-11
1750.0 2.121217e-11
1760.0 2.166233e-11
1770.0 2.211039e-11
1780.0 2.254929e-11
1790.0 2.297154e-11
1800.0 2.336991e-11
1810.0 2.373838e-11
1820.0 2.407332e-11
1830.0 2.437469e-11
1840.0 2.464720e-11
1850.0 2.490104e-11
1860.0 2.515205e-11
1870.0 2.542115e-11
1880.0 2.573293e-11
1890.0 2.611331e-11
1900.0 2.658678e-11
1910.0 2.717325e-11
1920.0 2.788512e-11
1930.0 2.872507e-11
1940.0 2.968475e-11
1950.0 3.074488e-11
1960.0 3.187664e-11
1970.0 3.304423e-11
1980.0 3.420829e-11
1990.0 3.532957e-11
2000.0 3.637241e-11
2010.0 3.730747e-11
2020.0 3.811337e-11
2030.0 3.877708e-11
2040.0 3.929316e-11
2050.0 3.966216e-11
2060.0 3.988862e-11
2070.0 3.997915e-11
2080.0 3.994102e-11
2090.0 3.978166e-11
2100.0 3.950895e-11
2110.0 3.913228e-11
2120.0 3.866402e-11
2130.0 3.812088e-11
2140.0 3.752483e-11
2150.0 3.690320e-11
2160.0 3.628788e-11
2170.0 3.571353e-11
2180.0 3.521538e-11
2190.0 3.482661e-11
2200.0 3.457597e-11
2210.0 3.448584e-11
2220.0 3.457097e-11
2230.0 3.483786e-11
2240.0 3.528486e-11
2250.0 3.590262e-11
2260.0 3.667482e-11
2270.0 3.757901e-11
2280.0 3.858757e-11
2290.0 3.966864e-11
2300.0 4.078736e-11
2310.0 4.190733e-11
2320.0 4.299244e-11
2330.0 4.400909e-11
2340.0 4.492851e-11
2350.0 4.572922e-11
2360.0 4.639906e-11
2370.0 4.693663e-11
2380.0 4.735190e-11
2390.0 4.766563e-11
2400.0 4.790761e-11
2410.0 4.811381e-11
2420.0 4.832239e-11
2430.0 4.856924e-11
2440.0 4.888322e-11
2450.0 4.928187e-11
2460.0 4.976804e-11
2470.0 5.032830e-11
2480.0 5.093322e-11
2490.0 5.154002e-11
2500.0 5.209726e-11
2510.0 5.255118e-11
2520.0 5.285277e-11
2530.0 5.296445e-11
2540.0 5.286537e-11
2550.0 5.255434e-11
2560.0 5.204995e-11
2570.0 5.138788e-11
2580.0 5.061604e-11
2590.0 4.978855e-11
2600.0 4.895956e-11
2610.0 4.817796e-11
2620.0 4.748358e-11
2630.0 4.690523e-11
2640.0 4.646034e-11
2650.0 4.616654e-11
2660.0 4.658173e-11
2670.0 5.293471e-11
2680.0 6.947088e-11
2690.0 8.372760e-11
2700.0 9.064042e-11
2710.0 9.477211e-11
2720.0 1.014700e-10
2730.0 1.096709e-10
2740.0 1.189599e-10
2750.0 1.274234e-10
2760.0 1.327190e-10
2770.0 1.358344e-10
2780.0 1.355603e-10
2790.0 1.311545e-10
2800.0 1.303726e-10
2810.0 1.362754e-10
2820.0 1.393520e-10
2830.0 1.353866e-10
2840.0 1.337523e-10
2850.0 1.451604e-10
2860.0 1.715011e-10
2870.0 2.037279e-10
2880.0 2.292500e-10
2890.0 2.447236e-10
2900.0 2.587522e-10
2910.0 2.747537e-10
2920.0 2.855589e-10
2930.0 2.900531e-10
2940.0 2.917529e-10
2950.0 2.868258e-10
2960.0 2.724855e-10
2970.0 2.545497e-10
2980.0 2.418362e-10
2990.0 2.315972e-10
3000.0 2.143592e-10
3010.0 1.954380e-10
3020.0 1.818466e-10
3030.0 1.734811e-10
3040.0 1.707376e-10
3050.0 1.799678e-10
3060.0 1.994426e-10
3070.0 2.109190e-10
3080.0 2.080460e-10
3090.0 2.044986e-10
3100.0 2.102134e-10
3110.0 2.242893e-10
3120.0 2.413552e-10
3130.0 2.602582e-10
3140.0 2.811506e-10
3150.0 2.998350e-10
3160.0 3.137079e-10
3170.0 3.202503e-10
3180.0 3.153682e-10
3190.0 3.039294e-10
3200.0 3.030701e-10
3210.0 3.093035e-10
3220.0 2.935740e-10
3230.0 2.660086e-10
3240.0 2.480446e-10
3250.0 2.431459e-10
3260.0 2.466715e-10
3270.0 2.546533e-10
3280.0 2.651919e-10
3290.0 2.783643e-10
3300.0 2.911669e-10
3310.0 2.957408e-10
3320.0 2.948784e-10
3330.0 2.964924e-10
3340.0 3.032516e-10
3350.0 3.126556e-10
3360.0 3.229960e-10
3370.0 3.365829e-10
3380.0 3.567291e-10
3390.0 3.801087e-10
3400.0 4.004689e-10
3410.0 4.151444e-10
3420.0 4.244393e-10
3430.0 4.297544e-10
3440.0 4.339871e-10
3450.0 4.417432e-10
3460.0 4.569677e-10
3470.0 4.799472e-10
3480.0 5.086258e-10
3490.0 5.424238e-10
3500.0 5.797602e-10
3510.0 6.138162e-10
3520.0 6.451092e-10
3530.0 6.739047e-10
3540.0 6.980688e-10
3550.0 7.189525e-10
3560.0 7.381290e-10
3570.0 7.546558e-10
3580.0 7.672925e-10
3590.0 7.753994e-10
3600.0 7.808664e-10
3610.0 7.893849e-10
3620.0 8.058236e-10
3630.0 8.327231e-10
3640.0 8.725421e-10
3650.0 9.252600e-10
3660.0 9.815619e-10
3670.0 1.024612e-09
3680.0 1.041123e-09
3690.0 1.026726e-09
3700.0 9.857548e-10
3710.0 9.296410e-10
3720.0 8.721979e-10
3730.0 8.228244e-10
3740.0 7.828374e-10
3750.0 7.483647e-10
3760.0 7.165227e-10
3770.0 6.893200e-10
3780.0 6.735855e-10
3790.0 6.777266e-10
3800.0 7.078313e-10
3810.0 7.655874e-10
3820.0 8.490931e-10
3830.0 9.550601e-10
3840.0 1.079359e-09
3850.0 1.215084e-09
3860.0 1.351490e-09
3870.0 1.477345e-09
3880.0 1.585863e-09
3890.0 1.675636e-09
3900.0 1.747838e-09
3910.0 1.804524e-09
3920.0 1.849412e-09
3930.0 1.886977e-09
3940.0 1.916608e-09
3950.0 1.928024e-09
3960.0 1.907662e-09
3970.0 1.850908e-09
3980.0 1.765305e-09
3990.0 1.664190e-09
4000.0 1.561631e-09
4010.0 1.470744e-09
4020.0 1.400958e-09
4030.0 1.354942e-09
4040.0 1.328450e-09
4050.0 1.313087e-09
4060.0 1.300103e-09
4070.0 1.283891e-09
4080.0 1.263721e-09
4090.0 1.242688e-09
4100.0 1.224781e-09
4110.0 1.212806e-09
4120.0 1.208513e-09
4130.0 1.213585e-09
4140.0 1.229474e-09
4150.0 1.255911e-09
4160.0 1.289661e-09
4170.0 1.324831e-09
4180.0 1.354774e-09
4190.0 1.374599e-09
4200.0 1.382799e-09
4210.0 1.381181e-09
4220.0 1.373598e-09
4230.0 1.364405e-09
4240.0 1.357383e-09
4250.0 1.355458e-09
4260.0 1.360476e-09
4270.0 1.372465e-09
4280.0 1.388450e-09
4290.0 1.402210e-09
4300.0 1.405923e-09
4310.0 1.392767e-09
4320.0 1.358942e-09
4330.0 1.304733e-09
4340.0 1.234542e-09
4350.0 1.155634e-09
4360.0 1.076032e-09
4370.0 1.002681e-09
4380.0 9.404543e-10
4390.0 8.921370e-10
4400.0 8.590552e-10
4410.0 8.416757e-10
4420.0 8.398357e-10
4430.0 8.527229e-10
4440.0 8.787081e-10
4450.0 9.156809e-10
4460.0 9.622744e-10
4470.0 1.019096e-09
4480.0 1.088811e-09
4490.0 1.175364e-09
4500.0 1.283082e-09
4510.0 1.415323e-09
4520.0 1.572319e-09
4530.0 1.749305e-09
4540.0 1.936519e-09
4550.0 2.121465e-09
4560.0 2.292538e-09
4570.0 2.442266e-09
4580.0 2.568008e-09
4590.0 2.668961e-09
4600.0 2.741386e-09
4610.0 2.776017e-09
4620.0 2.760497e-09
4630.0 2.686542e-09
4640.0 2.555524e-09
4650.0 2.378549e-09
4660.0 2.173679e-09
4670.0 1.962055e-09
4680.0 1.762763e-09
4690.0 1.588700e-09
4700.0 1.445473e-09
4710.0 1.333062e-09
4720.0 1.248728e-09
4730.0 1.189453e-09
4740.0 1.153115e-09
4750.0 1.138428e-09
4760.0 1.143873e-09
4770.0 1.166234e-09
4780.0 1.199821e-09
4790.0 1.237218e-09
4800.0 1.271286e-09
4810.0 1.297303e-09
4820.0 1.314552e-09
4830.0 1.326775e-09
4840.0 1.341004e-09
4850.0 1.364905e-09
4860.0 1.403818e-09
4870.0 1.459083e-09
4880.0 1.528069e-09
4890.0 1.604850e-09
4900.0 1.680648e-09
4910.0 1.744627e-09
4920.0 1.786065e-09
4930.0 1.797456e-09
4940.0 1.776719e-09
4950.0 1.727299e-09
4960.0 1.656633e-09
4970.0 1.574191e-09
4980.0 1.489487e-09
4990.0 1.410093e-09
5000.0 1.340438e-09
5010.0 1.281904e-09
5020.0 1.233941e-09
5030.0 1.195174e-09
5040.0 1.163973e-09
5050.0 1.138651e-09
5060.0 1.117671e-09
5070.0 1.100009e-09
5080.0 1.085541e-09
5090.0 1.075227e-09
5100.0 1.070842e-09
5110.0 1.074427e-09
5120.0 1.087891e-09
5130.0 1.112878e-09
5140.0 1.150685e-09
5150.0 1.202079e-09
5160.0 1.267154e-09
5170.0 1.345322e-09
5180.0 1.435183e-09
5190.0 1.534190e-09
5200.0 1.638438e-09
5210.0 1.743245e-09
5220.0 1.844238e-09
5230.0 1.938267e-09
5240.0 2.023507e-09
5250.0 2.098755e-09
5260.0 2.162599e-09
5270.0 2.213139e-09
5280.0 2.248465e-09
5290.0 2.267555e-09
5300.0 2.271130e-09
5310.0 2.262027e-09
5320.0 2.244950e-09
5330.0 2.225648e-09
5340.0 2.209769e-09
5350.0 2.201614e-09
5360.0 2.203125e-09
5370.0 2.213417e-09
5380.0 2.229178e-09
5390.0 2.245940e-09
5400.0 2.259443e-09
5410.0 2.266560e-09
5420.0 2.265544e-09
5430.0 2.255749e-09
5440.0 2.237313e-09
5450.0 2.210946e-09
5460.0 2.177751e-09
5470.0 2.139009e-09
5480.0 2.096085e-09
5490.0 2.050375e-09
5500.0 2.003010e-09
5510.0 1.954480e-09
5520.0 1.904877e-09
5530.0 1.854470e-09
5540.0 1.803384e-09
5550.0 1.750838e-09
5560.0 1.695592e-09
5570.0 1.637354e-09
5580.0 1.577232e-09
5590.0 1.516944e-09
5600.0 1.457923e-09
5610.0 1.401046e-09
5620.0 1.346722e-09
5630.0 1.295198e-09
5640.0 1.246853e-09
5650.0 1.202333e-09
5660.0 1.162557e-09
5670.0 1.128753e-09
5680.0 1.102514e-09
5690.0 1.085702e-09
5700.0 1.080117e-09
5710.0 1.087000e-09
5720.0 1.106627e-09
5730.0 1.138211e-09
5740.0 1.180193e-09
5750.0 1.230821e-09
5760.0 1.288709e-09
5770.0 1.353078e-09
5780.0 1.423498e-09
5790.0 1.499239e-09
5800.0 1.578589e-09
5810.0 1.658562e-09
5820.0 1.735137e-09
5830.0 1.803837e-09
5840.0 1.860308e-09
5850.0 1.900850e-09
5860.0 1.922931e-09
5870.0 1.925731e-09
5880.0 1.910452e-09
5890.0 1.879806e-09
5900.0 1.836860e-09
5910.0 1.784141e-09
5920.0 1.723783e-09
5930.0 1.658396e-09
5940.0 1.591571e-09
5950.0 1.527318e-09
5960.0 1.468787e-09
5970.0 1.417232e-09
5980.0 1.371909e-09
5990.0 1.330919e-09
6000.0 1.292477e-09
6010.0 1.255917e-09
6020.0 1.221918e-09
6030.0 1.191821e-09
6040.0 1.166424e-09
6050.0 1.144951e-09
6060.0 1.124839e-09
6070.0 1.102501e-09
6080.0 1.074724e-09
6090.0 1.039913e-09
6100.0 9.987376e-10
6110.0 9.540408e-10
6120.0 9.101684e-10
6130.0 8.719791e-10
6140.0 8.437771e-10
6150.0 8.283844e-10
6160.0 8.265571e-10
6170.0 8.369162e-10
6180.0 8.564521e-10
6190.0 8.814577e-10
6200.0 9.085710e-10
6210.0 9.355723e-10
6220.0 9.617095e-10
6230.0 9.875267e-10
6240.0 1.014343e-09
6250.0 1.043643e-09
6260.0 1.076671e-09
6270.0 1.114402e-09
6280.0 1.157655e-09
6290.0 1.206615e-09
6300.0 1.259545e-09
6310.0 1.312179e-09
6320.0 1.359504e-09
6330.0 1.398653e-09
6340.0 1.429887e-09
6350.0 1.455090e-09
6360.0 1.476030e-09
6370.0 1.493774e-09
6380.0 1.508900e-09
6390.0 1.521753e-09
6400.0 1.532558e-09
6410.0 1.541447e-09
6420.0 1.548510e-09
6430.0 1.553845e-09
6440.0 1.557580e-09
6450.0 1.559851e-09
6460.0 1.560735e-09
6470.0 1.560182e-09
6480.0 1.557959e-09
6490.0 1.553640e-09
6500.0 1.546644e-09
6510.0 1.536349e-09
6520.0 1.522238e-09
6530.0 1.503997e-09
6540.0 1.481519e-09
6550.0 1.454821e-09
6560.0 1.423967e-09
6570.0 1.389069e-09
6580.0 1.350418e-09
6590.0 1.308609e-09
6600.0 1.264550e-09
6610.0 1.219320e-09
6620.0 1.173965e-09
6630.0 1.129330e-09
6640.0 1.085993e-09
6650.0 1.044283e-09
6660.0 1.004351e-09
6670.0 9.662672e-10
6680.0 9.301052e-10
6690.0 8.960054e-10
6700.0 8.641753e-10
6710.0 8.348241e-10
6720.0 8.080623e-10
6730.0 7.838326e-10
6740.0 7.619249e-10
6750.0 7.420764e-10
6760.0 7.240987e-10
6770.0 7.079555e-10
6780.0 6.937494e-10
6790.0 6.816269e-10
6800.0 6.716597e-10
6810.0 6.637606e-10
6820.0 6.576672e-10
6830.0 6.529875e-10
6840.0 6.492845e-10
6850.0 6.461601e-10
6860.0 6.433020e-10
6870.0 6.404979e-10
6880.0 6.376232e-10
6890.0 6.346162e-10
6900.0 6.314552e-10
6910.0 6.281441e-10
6920.0 6.247050e-10
6930.0 6.211787e-10
6940.0 6.176285e-10
6950.0 6.141411e-10
6960.0 6.108133e-10
6970.0 6.077240e-10
6980.0 6.048994e-10
6990.0 6.022957e-10
7000.0 5.998177e-10
7010.0 5.973736e-10
7020.0 5.949452e-10
7030.0 5.926378e-10
7040.0 5.906842e-10
7050.0 5.893940e-10
7060.0 5.890662e-10
7070.0 5.898949e-10
7080.0 5.919004e-10
7090.0 5.949025e-10
7100.0 5.985412e-10
7110.0 6.023428e-10
7120.0 6.058201e-10
7130.0 6.085797e-10
7140.0 6.104198e-10
7150.0 6.113860e-10
7160.0 6.117693e-10
7170.0 6.120592e-10
7180.0 6.128439e-10
7190.0 6.146392e-10
7200.0 6.176884e-10
7210.0 6.218705e-10
7220.0 6.268161e-10
7230.0 6.321406e-10
7240.0 6.375892e-10
7250.0 6.430097e-10
7260.0 6.482553e-10
7270.0 6.531351e-10
7280.0 6.574336e-10
7290.0 6.609543e-10
7300.0 6.635491e-10
7310.0 6.651276e-10
7320.0 6.656542e-10
7330.0 6.651391e-10
7340.0 6.636288e-10
7350.0 6.611933e-10
7360.0 6.579150e-10
7370.0 6.538774e-10
7380.0 6.491568e-10
7390.0 6.438148e-10
7400.0 6.378820e-10
7410.0 6.313358e-10
7420.0 6.240896e-10
7430.0 6.160374e-10
7440.0 6.071935e-10
7450.0 5.978478e-10
7460.0 5.885848e-10
7470.0 5.800992e-10
7480.0 5.729451e-10
7490.0 5.674132e-10
7500.0 5.635816e-10
7510.0 5.614183e-10
7520.0 5.608232e-10
7530.0 5.616117e-10
7540.0 5.635061e-10
7550.0 5.661656e-10
7560.0 5.692361e-10
7570.0 5.723869e-10
7580.0 5.753255e-10
7590.0 5.778035e-10
7600.0 5.796245e-10
7610.0 5.808056e-10
7620.0 5.812307e-10
7630.0 5.808118e-10
7640.0 5.796169e-10
7650.0 5.777704e-10
7660.0 5.754355e-10
7670.0 5.727900e-10
7680.0 5.700020e-10
7690.0 5.672111e-10
7700.0 5.645210e-10
7710.0 5.619993e-10
7720.0 5.596819e-10
7730.0 5.575793e-10
7740.0 5.556866e-10
7750.0 5.539922e-10
7760.0 5.524866e-10
7770.0 5.511690e-10
7780.0 5.500465e-10
7790.0 5.491258e-10
7800.0 5.483965e-10
7810.0 5.478130e-10
7820.0 5.472801e-10
7830.0 5.466502e-10
7840.0 5.457321e-10
7850.0 5.443124e-10
7860.0 5.421813e-10
7870.0 5.391592e-10
7880.0 5.351177e-10
7890.0 5.299900e-10
7900.0 5.237715e-10
7910.0 5.165096e-10
7920.0 5.082823e-10
7930.0 4.991711e-10
7940.0 4.892353e-10
7950.0 4.785078e-10
7960.0 4.670260e-10
7970.0 4.548810e-10
7980.0 4.422455e-10
7990.0 4.293455e-10
8000.0 4.163954e-10
8010.0 4.035472e-10
8020.0 3.908775e-10
8030.0 3.784042e-10
8040.0 3.661033e-10
8050.0 3.539150e-10
8060.0 3.417471e-10
8070.0 3.294905e-10
8080.0 3.170469e-10
8090.0 3.043595e-10
8100.0 2.914345e-10
8110.0 2.783497e-10
8120.0 2.652496e-10
8130.0 2.523324e-10
8140.0 2.398356e-10
8150.0 2.280210e-10
8160.0 2.171632e-10
8170.0 2.075410e-10
8180.0 1.994296e-10
8190.0 1.930895e-10
8200.0 1.887479e-10
8210.0 1.865703e-10
8220.0 1.866298e-10
8230.0 1.888841e-10
8240.0 1.931741e-10
8250.0 1.992458e-10
8260.0 2.067925e-10
8270.0 2.155041e-10
8280.0 2.251109e-10
8290.0 2.354148e-10
8300.0 2.463062e-10
8310.0 2.577710e-10
8320.0 2.698895e-10
8330.0 2.828261e-10
8340.0 2.968090e-10
8350.0 3.120976e-10
8360.0 3.289414e-10
8370.0 3.475376e-10
8380.0 3.679990e-10
8390.0 3.903383e-10
8400.0 4.144695e-10
8410.0 4.402150e-10
8420.0 4.673136e-10
8430.0 4.954191e-10
8440.0 5.241016e-10
8450.0 5.528721e-10
8460.0 5.812385e-10
8470.0 6.087831e-10
8480.0 6.352255e-10
8490.0 6.604431e-10
8500.0 6.844437e-10
8510.0 7.073079e-10
8520.0 7.291296e-10
8530.0 7.499755e-10
8540.0 7.698687e-10
8550.0 7.887938e-10
8560.0 8.067153e-10
8570.0 8.236018e-10
8580.0 8.394461e-10
8590.0 8.542746e-10
8600.0 8.681428e-10
8610.0 8.811201e-10
8620.0 8.932741e-10
8630.0 9.046645e-10
8640.0 9.153478e-10
8650.0 9.253816e-10
8660.0 9.348136e-10
8670.0 9.436530e-10
8680.0 9.518379e-10
8690.0 9.592229e-10
8700.0 9.655992e-10
8710.0 9.707396e-10
8720.0 9.744409e-10
8730.0 9.765500e-10
8740.0 9.769755e-10
8750.0 9.756868e-10
8760.0 9.727066e-10
8770.0 9.681025e-10
8780.0 9.619780e-10
8790.0 9.544642e-10
8800.0 9.457094e-10
8810.0 9.358690e-10
8820.0 9.250968e-10
8830.0 9.135397e-10
8840.0 9.013344e-10
8850.0 8.886063e-10
8860.0 8.754691e-10
8870.0 8.620235e-10
8880.0 8.483565e-10
8890.0 8.345428e-10
8900.0 8.206473e-10
8910.0 8.067321e-10
8920.0 7.928633e-10
8930.0 7.791179e-10
8940.0 7.655852e-10
8950.0 7.523615e-10
8960.0 7.395368e-10
8970.0 7.271783e-10
8980.0 7.153174e-10
8990.0 7.039467e-10
9000.0 6.930318e-10
9010.0 6.825324e-10
9020.0 6.724258e-10
9030.0 6.627200e-10
9040.0 6.534500e-10
9050.0 6.446552e-10
9060.0 6.363475e-10
9070.0 6.284831e-10
9080.0 6.209493e-10
9090.0 6.135731e-10
9100.0 6.061478e-10
9110.0 5.984686e-10
9120.0 5.903675e-10
9130.0 5.817434e-10
9140.0 5.725841e-10
9150.0 5.629766e-10
9160.0 5.530991e-10
9170.0 5.431909e-10
9180.0 5.335071e-10
9190.0 5.242698e-10
9200.0 5.156363e-10
9210.0 5.076862e-10
9220.0 5.004212e-10
9230.0 4.937610e-10
9240.0 4.875318e-10
9250.0 4.814641e-10
9260.0 4.752318e-10
9270.0 4.685535e-10
9280.0 4.613293e-10
9290.0 4.537362e-10
9300.0 4.462014e-10
9310.0 4.392410e-10
9320.0 4.332489e-10
9330.0 4.283602e-10
9340.0 4.244513e-10
9350.0 4.212473e-10
9360.0 4.184520e-10
9370.0 4.158328e-10
9380.0 4.132448e-10
9390.0 4.106157e-10
9400.0 4.079189e-10
9410.0 4.051522e-10
9420.0 4.023240e-10
9430.0 3.994481e-10
9440.0 3.965406e-10
9450.0 3.936188e-10
9460.0 3.907007e-10
9470.0 3.878043e-10
9480.0 3.849476e-10
9490.0 3.821474e-10
9500.0 3.794196e-10
9510.0 3.767785e-10
9520.0 3.742366e-10
9530.0 3.718043e-10
9540.0 3.694896e-10
9550.0 3.672985e-10
9560.0 3.652341e-10
9570.0 3.632975e-10
9580.0 3.614868e-10
9590.0 3.597980e-10
9600.0 3.582246e-10
9610.0 3.567579e-10
9620.0 3.553875e-10
9630.0 3.541009e-10
9640.0 3.528844e-10
9650.0 3.517236e-10
9660.0 3.505493e-10
9670.0 3.493668e-10
9680.0 3.481866e-10
9690.0 3.469948e-10
9700.0 3.457789e-10
9710.0 3.445282e-10
9720.0 3.432342e-10
9730.0 3.418908e-10
9740.0 3.404942e-10
9750.0 3.390432e-10
9760.0 3.375391e-10
9770.0 3.359854e-10
9780.0 3.343878e-10
9790.0 3.327537e-10
9800.0 3.310922e-10
9810.0 3.294136e-10
9820.0 3.277292e-10
9830.0 3.260512e-10
9840.0 3.243917e-10
9850.0 3.227630e-10
9860.0 3.211771e-10
9870.0 3.196450e-10
9880.0 3.181764e-10
9890.0 3.167794e-10
9900.0 3.154602e-10
9910.0 3.142222e-10
9920.0 3.130661e-10
9930.0 3.119894e-10
9940.0 3.109866e-10
9950.0 3.100490e-10
9960.0 3.091649e-10
9970.0 3.083198e-10
9980.0 3.074974e-10
9990.0 3.066795e-10
10000.0 3.058475e-10
10010.0 3.049826e-10
10020.0 3.040668e-10
10030.0 3.030836e-10
10040.0 3.020187e-10
10050.0 3.008606e-10
10060.0 2.996008e-10
10070.0 2.982344e-10
10080.0 2.967597e-10
10090.0 2.951789e-10
10100.0 2.934970e-10
10110.0 2.917225e-10
10120.0 2.898664e-10
10130.0 2.879419e-10
10140.0 2.859642e-10
10150.0 2.839500e-10
10160.0 2.819167e-10
10170.0 2.798824e-10
10180.0 2.778653e-10
10190.0 2.758833e-10
10200.0 2.739535e-10
10210.0 2.720919e-10
10220.0 2.703133e-10
10230.0 2.686305e-10
10240.0 2.670545e-10
10250.0 2.655938e-10
10260.0 2.642547e-10
10270.0 2.630408e-10
10280.0 2.619529e-10
10290.0 2.609893e-10
10300.0 2.601454e-10
10310.0 2.594140e-10
10320.0 2.587855e-10
10330.0 2.582478e-10
10340.0 2.577869e-10
10350.0 2.573869e-10
10360.0 2.570308e-10
10370.0 2.567003e-10
10380.0 2.563767e-10
10390.0 2.560413e-10
10400.0 2.556756e-10
10410.0 2.552623e-10
10420.0 2.547852e-10
10430.0 2.542299e-10
10440.0 2.535841e-10
10450.0 2.528378e-10
10460.0 2.519836e-10
10470.0 2.510164e-10
10480.0 2.499337e-10
10490.0 2.487353e-10
10500.0 2.474230e-10
10510.0 2.460004e-10
10520.0 2.444724e-10
10530.0 2.428448e-10
10540.0 2.411242e-10
10550.0 2.393173e-10
10560.0 2.374309e-10
10570.0 2.354715e-10
10580.0 2.334453e-10
10590.0 2.313580e-10
10600.0 2.292148e-10
10610.0 2.270204e-10
10620.0 2.247794e-10
10630.0 2.224959e-10
10640.0 2.201740e-10
10650.0 2.178178e-10
10660.0 2.154312e-10
10670.0 2.130184e-10
10680.0 2.105837e-10
10690.0 2.081316e-10
10700.0 2.056667e-10
10710.0 2.031934e-10
10720.0 2.007164e-10
10730.0 1.982402e-10
10740.0 1.957691e-10
10750.0 1.933072e-10
10760.0 1.908583e-10
10770.0 1.884260e-10
10780.0 1.860134e-10
10790.0 1.836232e-10
10800.0 1.812578e-10
10810.0 1.789193e-10
10820.0 1.766095e-10
10830.0 1.743298e-10
10840.0 1.720815e-10
10850.0 1.698658e-10
10860.0 1.676837e-10
10870.0 1.655362e-10
10880.0 1.634242e-10
10890.0 1.613489e-10
10900.0 1.593112e-10
10910.0 1.573124e-10
10920.0 1.553538e-10
10930.0 1.534367e-10
10940.0 1.515628e-10
10950.0 1.497336e-10
10960.0 1.479508e-10
10970.0 1.462159e-10
10980.0 1.445307e-10
10990.0 1.428966e-10
11000.0 1.413149e-10
11010.0 1.397869e-10
11020.0 1.383132e-10
11030.0 1.368945e-10
11040.0 1.355306e-10
11050.0 1.342213e-10
11060.0 1.329655e-10
11070.0 1.317619e-10
11080.0 1.306086e-10
11090.0 1.295032e-10
11100.0 1.284429e-10
11110.0 1.274244e-10
11120.0 1.264444e-10
11130.0 1.254992e-10
11140.0 1.245850e-10
11150.0 1.236981e-10
11160.0 1.228347e-10
11170.0 1.219913e-10
11180.0 1.211647e-10
11190.0 1.203520e-10
11200.0 1.195503e-10
11210.0 1.187577e-10
11220.0 1.179721e-10
11230.0 1.171920e-10
11240.0 1.164163e-10
11250.0 1.156442e-10
11260.0 1.148751e-10
11270.0 1.141085e-10
11280.0 1.133444e-10
11290.0 1.125825e-10
11300.0 1.118228e-10
11310.0 1.110652e-10
11320.0 1.103095e-10
11330.0 1.095553e-10
11340.0 1.088023e-10
11350.0 1.080499e-10
11360.0 1.072972e-10
11370.0 1.065432e-10
11380.0 1.057868e-10
11390.0 1.050268e-10
11400.0 1.042615e-10
11410.0 1.034895e-10
11420.0 1.027092e-10
11430.0 1.019189e-10
11440.0 1.011172e-10
11450.0 1.003024e-10
11460.0 9.947330e-11
11470.0 9.862869e-11
11480.0 9.776761e-11
11490.0 9.688934e-11
11500.0 9.599344e-11
11510.0 9.507973e-11
11520.0 9.414831e-11
11530.0 9.319958e-11
11540.0 9.223417e-11
11550.0 9.125298e-11
11560.0 9.025712e-11
11570.0 8.924788e-11
11580.0 8.822671e-11
11590.0 8.719521e-11
11600.0 8.615503e-11
11610.0 8.510791e-11
11620.0 8.405560e-11
11630.0 8.299989e-11
11640.0 8.194255e-11
11650.0 8.088533e-11
11660.0 7.982994e-11
11670.0 7.877808e-11
11680.0 7.773139e-11
11690.0 7.669149e-11
11700.0 7.565994e-11
11710.0 7.463828e-11
11720.0 7.362802e-11
11730.0 7.263059e-11
11740.0 7.164741e-11
11750.0 7.067981e-11
11760.0 6.972906e-11
11770.0 6.879631e-11
11780.0 6.788263e-11
11790.0 6.698895e-11
11800.0 6.611603e-11
11810.0 6.526448e-11
11820.0 6.443472e-11
11830.0 6.362697e-11
11840.0 6.284124e-11
11850.0 6.207735e-11
11860.0 6.133492e-11
11870.0 6.061339e-11
11880.0 5.991203e-11
11890.0 5.922998e-11
11900.0 5.856626e-11
11910.0 5.791984e-11
11920.0 5.728962e-11
11930.0 5.667454e-11
11940.0 5.607355e-11
11950.0 5.548567e-11
11960.0 5.491002e-11
11970.0 5.434587e-11
11980.0 5.379260e-11
11990.0 5.324978e-11
12000.0 5.271711e-11
12010.0 5.219449e-11
12020.0 5.168198e-11
12030.0 5.117977e-11
12040.0 5.068820e-11
12050.0 5.020773e-11
12060.0 4.973894e-11
12070.0 4.928245e-11
12080.0 4.883898e-11
12090.0 4.840925e-11
12100.0 4.799403e-11
12110.0 4.759407e-11
12120.0 4.721013e-11
12130.0 4.684292e-11
12140.0 4.649313e-11
12150.0 4.616142e-11
12160.0 4.584840e-11
12170.0 4.555463e-11
12180.0 4.528064e-11
12190.0 4.502689e-11
12200.0 4.479384e-11
12210.0 4.458188e-11
12220.0 4.439137e-11
12230.0 4.422265e-11
12240.0 4.407603e-11
12250.0 4.395178e-11
12260.0 4.385017e-11
12270.0 4.377144e-11
12280.0 4.371581e-11
12290.0 4.368352e-11
12300.0 4.367475e-11
12310.0 4.368973e-11
12320.0 4.372865e-11
12330.0 4.379172e-11
12340.0 4.387915e-11
12350.0 4.399113e-11
12360.0 4.412785e-11
12370.0 4.428949e-11
12380.0 4.447617e-11
12390.0 4.468802e-11
12400.0 4.492505e-11
12410.0 4.518722e-11
12420.0 4.547438e-11
12430.0 4.578622e-11
12440.0 4.612231e-11
12450.0 4.648198e-11
12460.0 4.686439e-11
12470.0 4.726845e-11
12480.0 4.769279e-11
12490.0 4.813582e-11
12500.0 4.859562e-11
12510.0 4.907005e-11
12520.0 4.955666e-11
12530.0 5.005278e-11
12540.0 5.055550e-11
12550.0 5.106171e-11
12560.0 5.156814e-11
12570.0 5.207139e-11
12580.0 5.256798e-11
12590.0 5.305440e-11
12600.0 5.352716e-11
12610.0 5.398280e-11
12620.0 5.441800e-11
12630.0 5.482955e-11
12640.0 5.521445e-11
12650.0 5.556994e-11
12660.0 5.589347e-11
12670.0 5.618282e-11
12680.0 5.643606e-11
12690.0 5.665161e-11
12700.0 5.682822e-11
12710.0 5.696500e-11
12720.0 5.706145e-11
12730.0 5.711741e-11
12740.0 5.713311e-11
12750.0 5.710916e-11
12760.0 5.704648e-11
12770.0 5.694639e-11
12780.0 5.681049e-11
12790.0 5.664069e-11
12800.0 5.643920e-11
12810.0 5.620842e-11
12820.0 5.595101e-11
12830.0 5.566977e-11
12840.0 5.536761e-11
12850.0 5.504756e-11
12860.0 5.471264e-11
12870.0 5.436588e-11
12880.0 5.401025e-11
12890.0 5.364860e-11
12900.0 5.328363e-11
12910.0 5.291786e-11
12920.0 5.255358e-11
12930.0 5.219283e-11
12940.0 5.183737e-11
12950.0 5.148866e-11
12960.0 5.114785e-11
12970.0 5.081579e-11
12980.0 5.049304e-11
12990.0 5.017984e-11
13000.0 4.987618e-11
13010.0 4.958179e-11
13020.0 4.929620e-11
13030.0 4.901873e-11
13040.0 4.874856e-11
13050.0 4.848476e-11
13060.0 4.822631e-11
13070.0 4.797217e-11
13080.0 4.772127e-11
13090.0 4.747257e-11
13100.0 4.722509e-11
13110.0 4.697792e-11
13120.0 4.673024e-11
13130.0 4.648136e-11
13140.0 4.623071e-11
13150.0 4.597788e-11
13160.0 4.572258e-11
13170.0 4.546475e-11
13180.0 4.520444e-11
13190.0 4.494195e-11
13200.0 4.467774e-11
13210.0 4.441251e-11
13220.0 4.414714e-11
13230.0 4.388277e-11
13240.0 4.362075e-11
13250.0 4.336266e-11
13260.0 4.311028e-11
13270.0 4.286559e-11
13280.0 4.263074e-11
13290.0 4.240802e-11
13300.0 4.219979e-11
13310.0 4.200844e-11
13320.0 4.183630e-11
13330.0 4.168563e-11
13340.0 4.155846e-11
13350.0 4.145656e-11
13360.0 4.138133e-11
13370.0 4.133378e-11
13380.0 4.131440e-11
13390.0 4.132313e-11
13400.0 4.135932e-11
13410.0 4.142175e-11
13420.0 4.150854e-11
13430.0 4.161724e-11
13440.0 4.174484e-11
13450.0 4.188784e-11
13460.0 4.204230e-11
13470.0 4.220394e-11
13480.0 4.236825e-11
13490.0 4.253059e-11
13500.0 4.268628e-11
13510.0 4.283075e-11
13520.0 4.295960e-11
13530.0 4.306874e-11
13540.0 4.315445e-11
13550.0 4.321345e-11
13560.0 4.324298e-11
13570.0 4.324085e-11
13580.0 4.320543e-11
13590.0 4.313569e-11
13600.0 4.303122e-11
13610.0 4.289216e-11
13620.0 4.271922e-11
13630.0 4.251364e-11
13640.0 4.227713e-11
13650.0 4.201182e-11
13660.0 4.172021e-11
13670.0 4.140512e-11
13680.0 4.106962e-11
13690.0 4.071697e-11
13700.0 4.035053e-11
13710.0 3.997375e-11
13720.0 3.959009e-11
13730.0 3.920291e-11
13740.0 3.881551e-11
13750.0 3.843100e-11
13760.0 3.805230e-11
13770.0 3.768207e-11
13780.0 3.732271e-11
13790.0 3.697631e-11
13800.0 3.664464e-11
13810.0 3.632914e-11
13820.0 3.603093e-11
13830.0 3.575080e-11
13840.0 3.548925e-11
13850.0 3.524646e-11
13860.0 3.502238e-11
13870.0 3.481673e-11
13880.0 3.462902e-11
13890.0 3.445860e-11
13900.0 3.430471e-11
13910.0 3.416647e-11
13920.0 3.404297e-11
13930.0 3.393325e-11
13940.0 3.383633e-11
13950.0 3.375124e-11
13960.0 3.367702e-11
13970.0 3.361273e-11
13980.0 3.355746e-11
13990.0 3.351031e-11
14000.0 3.347041e-11
14010.0 3.343687e-11
14020.0 3.340881e-11
14030.0 3.338536e-11
14040.0 3.336561e-11
14050.0 3.334862e-11
14060.0 3.333345e-11
14070.0 3.331913e-11
14080.0 3.330466e-11
14090.0 3.328903e-11
14100.0 3.327126e-11
14110.0 3.325035e-11
14120.0 3.322535e-11
14130.0 3.319535e-11
14140.0 3.315953e-11
14150.0 3.311715e-11
14160.0 3.306756e-11
14170.0 3.301026e-11
14180.0 3.294488e-11
14190.0 3.287118e-11
14200.0 3.278912e-11
14210.0 3.269878e-11
14220.0 3.260044e-11
14230.0 3.249451e-11
14240.0 3.238158e-11
14250.0 3.226238e-11
14260.0 3.213775e-11
14270.0 3.200869e-11
14280.0 3.187627e-11
14290.0 3.174163e-11
14300.0 3.160600e-11
14310.0 3.147061e-11
14320.0 3.133672e-11
14330.0 3.120556e-11
14340.0 3.107831e-11
14350.0 3.095610e-11
14360.0 3.083994e-11
14370.0 3.073076e-11
14380.0 3.062931e-11
14390.0 3.053623e-11
14400.0 3.045196e-11
14410.0 3.037679e-11
14420.0 3.031080e-11
14430.0 3.025394e-11
14440.0 3.020595e-11
14450.0 3.016644e-11
14460.0 3.013487e-11
14470.0 3.011060e-11
14480.0 3.009289e-11
14490.0 3.008097e-11
14500.0 3.007405e-11
14510.0 3.007134e-11
14520.0 3.007212e-11
14530.0 3.007574e-11
14540.0 3.008169e-11
14550.0 3.008956e-11
14560.0 3.009911e-11
14570.0 3.011026e-11
14580.0 3.012308e-11
14590.0 3.013781e-11
14600.0 3.015483e-11
14610.0 3.017462e-11
14620.0 3.019779e-11
14630.0 3.022498e-11
14640.0 3.025687e-11
14650.0 3.029415e-11
14660.0 3.033744e-11
14670.0 3.038731e-11
14680.0 3.044423e-11
14690.0 3.050856e-11
14700.0 3.058053e-11
14710.0 3.066023e-11
14720.0 3.074765e-11
14730.0 3.084265e-11
14740.0 3.094499e-11
14750.0 3.105442e-11
14760.0 3.117063e-11
14770.0 3.129334e-11
14780.0 3.142233e-11
14790.0 3.155748e-11
14800.0 3.169881e-11
14810.0 3.184653e-11
14820.0 3.200102e-11
14830.0 3.216292e-11
14840.0 3.233306e-11
14850.0 3.251253e-11
14860.0 3.270262e-11
14870.0 3.290481e-11
14880.0 3.312075e-11
14890.0 3.335221e-11
14900.0 3.360100e-11
14910.0 3.386899e-11
14920.0 3.415797e-11
14930.0 3.446965e-11
14940.0 3.480559e-11
14950.0 3.516714e-11
14960.0 3.555539e-11
14970.0 3.597117e-11
14980.0 3.641500e-11
14990.0 3.688707e-11
15000.0 3.738723e-11
15010.0 3.791505e-11
15020.0 3.846976e-11
15030.0 3.905035e-11
15040.0 3.965555e-11
15050.0 4.028391e-11
15060.0 4.093384e-11
15070.0 4.160362e-11
15080.0 4.229151e-11
15090.0 4.299576e-11
15100.0 4.371464e-11
15110.0 4.444651e-11
15120.0 4.518985e-11
15130.0 4.594324e-11
15140.0 4.670543e-11
15150.0 4.747530e-11
15160.0 4.825190e-11
15170.0 4.903441e-11
15180.0 4.982213e-11
15190.0 5.061447e-11
15200.0 5.141090e-11
15210.0 5.221095e-11
15220.0 5.301415e-11
15230.0 5.382003e-11
15240.0 5.462804e-11
15250.0 5.543757e-11
15260.0 5.624788e-11
15270.0 5.705813e-11
15280.0 5.786730e-11
15290.0 5.867422e-11
15300.0 5.947754e-11
15310.0 6.027575e-11
15320.0 6.106715e-11
15330.0 6.184991e-11
15340.0 6.262204e-11
15350.0 6.338142e-11
15360.0 6.412585e-11
15370.0 6.485304e-11
15380.0 6.556069e-11
15390.0 6.624647e-11
15400.0 6.690812e-11
15410.0 6.754341e-11
15420.0 6.815026e-11
15430.0 6.872668e-11
15440.0 6.927091e-11
15450.0 6.978134e-11
15460.0 7.025664e-11
15470.0 7.069568e-11
15480.0 7.109761e-11
15490.0 7.146187e-11
15500.0 7.178814e-11
15510.0 7.207639e-11
15520.0 7.232687e-11
15530.0 7.254004e-11
15540.0 7.271664e-11
15550.0 7.285758e-11
15560.0 7.296397e-11
15570.0 7.303709e-11
15580.0 7.307835e-11
15590.0 7.308925e-11
15600.0 7.307138e-11
15610.0 7.302637e-11
15620.0 7.295589e-11
15630.0 7.286161e-11
15640.0 7.274519e-11
15650.0 7.260826e-11
15660.0 7.245245e-11
15670.0 7.227931e-11
15680.0 7.209035e-11
15690.0 7.188707e-11
15700.0 7.167088e-11
15710.0 7.144318e-11
15720.0 7.120530e-11
15730.0 7.095857e-11
15740.0 7.070424e-11
15750.0 7.044357e-11
15760.0 7.017775e-11
15770.0 6.990795e-11
15780.0 6.963531e-11
15790.0 6.936090e-11
15800.0 6.908576e-11
15810.0 6.881088e-11
15820.0 6.853716e-11
15830.0 6.826543e-11
15840.0 6.799645e-11
15850.0 6.773086e-11
15860.0 6.746923e-11
15870.0 6.721198e-11
15880.0 6.695946e-11
15890.0 6.671187e-11
15900.0 6.646932e-11
15910.0 6.623178e-11
15920.0 6.599914e-11
15930.0 6.577117e-11
15940.0 6.554757e-11
15950.0 6.532795e-11
15960.0 6.511185e-11
15970.0 6.489880e-11
15980.0 6.468827e-11
15990.0 6.447975e-11
16000.0 6.427271e-11
16010.0 6.406668e-11
16020.0 6.386121e-11
16030.0 6.365592e-11
16040.0 6.345050e-11
16050.0 6.324475e-11
16060.0 6.303850e-11
16070.0 6.283174e-11
16080.0 6.262450e-11
16090.0 6.241692e-11
16100.0 6.220923e-11
16110.0 6.200169e-11
16120.0 6.179465e-11
16130.0 6.158846e-11
16140.0 6.138351e-11
16150.0 6.118016e-11
16160.0 6.097876e-11
16170.0 6.077961e-11
16180.0 6.058293e-11
16190.0 6.038888e-11
16200.0 6.019751e-11
16210.0 6.000879e-11
16220.0 5.982258e-11
16230.0 5.963864e-11
16240.0 5.945664e-11
16250.0 5.927615e-11
16260.0 5.909668e-11
16270.0 5.891765e-11
16280.0 5.873846e-11
16290.0 5.855847e-11
16300.0 5.837700e-11
16310.0 5.819339e-11
16320.0 5.800699e-11
16330.0 5.781717e-11
16340.0 5.762333e-11
16350.0 5.742494e-11
16360.0 5.722151e-11
16370.0 5.701262e-11
16380.0 5.679792e-11
16390.0 5.657713e-11
16400.0 5.635006e-11
16410.0 5.611661e-11
16420.0 5.587676e-11
16430.0 5.563058e-11
16440.0 5.537825e-11
16450.0 5.512002e-11
16460.0 5.485627e-11
16470.0 5.458746e-11
16480.0 5.431414e-11
16490.0 5.403698e-11
16500.0 5.375673e-11
16510.0 5.347423e-11
16520.0 5.319043e-11
16530.0 5.290633e-11
16540.0 5.262301e-11
16550.0 5.234163e-11
16560.0 5.206340e-11
16570.0 5.178955e-11
16580.0 5.152138e-11
16590.0 5.126016e-11
16600.0 5.100722e-11
16610.0 5.076383e-11
16620.0 5.053129e-11
16630.0 5.031082e-11
16640.0 5.010363e-11
16650.0 4.991085e-11
16660.0 4.973356e-11
16670.0 4.957276e-11
16680.0 4.942936e-11
16690.0 4.930419e-11
16700.0 4.919796e-11
16710.0 4.911131e-11
16720.0 4.904474e-11
16730.0 4.899866e-11
16740.0 4.897335e-11
16750.0 4.896901e-11
16760.0 4.898569e-11
16770.0 4.902334e-11
16780.0 4.908181e-11
16790.0 4.916082e-11
16800.0 4.926000e-11
16810.0 4.937887e-11
16820.0 4.951687e-11
16830.0 4.967332e-11
16840.0 4.984748e-11
16850.0 5.003855e-11
16860.0 5.024562e-11
16870.0 5.046777e-11
16880.0 5.070402e-11
16890.0 5.095337e-11
16900.0 5.121478e-11
16910.0 5.148724e-11
16920.0 5.176974e-11
16930.0 5.206129e-11
16940.0 5.236094e-11
16950.0 5.266782e-11
16960.0 5.298109e-11
16970.0 5.330004e-11
16980.0 5.362401e-11
16990.0 5.395247e-11
17000.0 5.428499e-11
17010.0 5.462128e-11
17020.0 5.496116e-11
17030.0 5.530457e-11
17040.0 5.565159e-11
17050.0 5.600244e-11
17060.0 5.635743e-11
17070.0 5.671701e-11
17080.0 5.708172e-11
17090.0 5.745221e-11
17100.0 5.782919e-11
17110.0 5.821346e-11
17120.0 5.860584e-11
17130.0 5.900719e-11
17140.0 5.941839e-11
17150.0 5.984030e-11
17160.0 6.027372e-11
17170.0 6.071944e-11
17180.0 6.117815e-11
17190.0 6.165045e-11
17200.0 6.213683e-11
17210.0 6.263764e-11
17220.0 6.315309e-11
17230.0 6.368325e-11
17240.0 6.422802e-11
17250.0 6.478710e-11
17260.0 6.536006e-11
17270.0 6.594626e-11
17280.0 6.654492e-11
17290.0 6.715507e-11
17300.0 6.777560e-11
17310.0 6.840525e-11
17320.0 6.904265e-11
17330.0 6.968629e-11
17340.0 7.033460e-11
17350.0 7.098590e-11
17360.0 7.163848e-11
17370.0 7.229061e-11
17380.0 7.294050e-11
17390.0 7.358642e-11
17400.0 7.422663e-11
17410.0 7.485943e-11
17420.0 7.548320e-11
17430.0 7.609635e-11
17440.0 7.669742e-11
17450.0 7.728499e-11
17460.0 7.785776e-11
17470.0 7.841453e-11
17480.0 7.895420e-11
17490.0 7.947577e-11
17500.0 7.997834e-11
17510.0 8.046113e-11
17520.0 8.092343e-11
17530.0 8.136465e-11
17540.0 8.178426e-11
17550.0 8.218185e-11
17560.0 8.255706e-11
17570.0 8.290961e-11
17580.0 8.323928e-11
17590.0 8.354592e-11
17600.0 8.382942e-11
17610.0 8.408973e-11
17620.0 8.432684e-11
17630.0 8.454077e-11
17640.0 8.473158e-11
17650.0 8.489936e-11
17660.0 8.504423e-11
17670.0 8.516631e-11
17680.0 8.526575e-11
17690.0 8.534273e-11
17700.0 8.539744e-11
17710.0 8.543005e-11
17720.0 8.544078e-11
17730.0 8.542985e-11
17740.0 8.539746e-11
17750.0 8.534387e-11
17760.0 8.526930e-11
17770.0 8.517400e-11
17780.0 8.505821e-11
17790.0 8.492221e-11
17800.0 8.476624e-11
17810.0 8.459058e-11
17820.0 8.439549e-11
17830.0 8.418124e-11
17840.0 8.394810e-11
17850.0 8.369632e-11
17860.0 8.342618e-11
17870.0 8.313793e-11
17880.0 8.283181e-11
17890.0 8.250804e-11
17900.0 8.216687e-11
17910.0 8.180848e-11
17920.0 8.143310e-11
17930.0 8.104090e-11
17940.0 8.063205e-11
17950.0 8.020675e-11
17960.0 7.976515e-11
17970.0 7.930744e-11
17980.0 7.883380e-11
17990.0 7.834444e-11
18000.0 7.783959e-11
18010.0 7.731952e-11
18020.0 7.678453e-11
18030.0 7.623498e-11
18040.0 7.567131e-11
18050.0 7.509398e-11
18060.0 7.450356e-11
18070.0 7.390068e-11
18080.0 7.328607e-11
18090.0 7.266051e-11
18100.0 7.202486e-11
18110.0 7.138008e-11
18120.0 7.072717e-11
18130.0 7.006718e-11
18140.0 6.940122e-11
18150.0 6.873042e-11
18160.0 6.805590e-11
18170.0 6.737881e-11
18180.0 6.670025e-11
18190.0 6.602125e-11
18200.0 6.534282e-11
18210.0 6.466584e-11
18220.0 6.399109e-11
18230.0 6.331926e-11
18240.0 6.265086e-11
18250.0 6.198627e-11
18260.0 6.132571e-11
18270.0 6.066923e-11
18280.0 6.001673e-11
18290.0 5.936795e-11
18300.0 5.872246e-11
18310.0 5.807970e-11
18320.0 5.743900e-11
18330.0 5.679954e-11
18340.0 5.616047e-11
18350.0 5.552084e-11
18360.0 5.487968e-11
18370.0 5.423601e-11
18380.0 5.358889e-11
18390.0 5.293742e-11
18400.0 5.228077e-11
18410.0 5.161825e-11
18420.0 5.094926e-11
18430.0 5.027340e-11
18440.0 4.959041e-11
18450.0 4.890024e-11
18460.0 4.820304e-11
18470.0 4.749917e-11
18480.0 4.678920e-11
18490.0 4.607393e-11
18500.0 4.535435e-11
18510.0 4.463167e-11
18520.0 4.390729e-11
18530.0 4.318278e-11
18540.0 4.245987e-11
18550.0 4.174044e-11
18560.0 4.102645e-11
18570.0 4.032000e-11
18580.0 3.962322e-11
18590.0 3.893829e-11
18600.0 3.826738e-11
18610.0 3.761267e-11
18620.0 3.697628e-11
18630.0 3.636027e-11
18640.0 3.576657e-11
18650.0 3.519704e-11
18660.0 3.465336e-11
18670.0 3.413704e-11
18680.0 3.364944e-11
18690.0 3.319169e-11
18700.0 3.276471e-11
18710.0 3.236920e-11
18720.0 3.200563e-11
18730.0 3.167422e-11
18740.0 3.137495e-11
18750.0 3.110757e-11
18760.0 3.087158e-11
18770.0 3.066625e-11
18780.0 3.049065e-11
18790.0 3.034362e-11
18800.0 3.022383e-11
18810.0 3.012976e-11
18820.0 3.005976e-11
18830.0 3.001205e-11
18840.0 2.998473e-11
18850.0 2.997586e-11
18860.0 2.998341e-11
18870.0 3.000536e-11
18880.0 3.003967e-11
18890.0 3.008433e-11
18900.0 3.013740e-11
18910.0 3.019698e-11
18920.0 3.026129e-11
18930.0 3.032866e-11
18940.0 3.039752e-11
18950.0 3.046646e-11
18960.0 3.053420e-11
18970.0 3.059964e-11
18980.0 3.066182e-11
18990.0 3.071993e-11
19000.0 3.077335e-11
19010.0 3.082159e-11
19020.0 3.086434e-11
19030.0 3.090141e-11
19040.0 3.093276e-11
19050.0 3.095851e-11
19060.0 3.097886e-11
19070.0 3.099416e-11
19080.0 3.100484e-11
19090.0 3.101145e-11
19100.0 3.101461e-11
19110.0 3.101500e-11
19120.0 3.101339e-11
19130.0 3.101059e-11
19140.0 3.100745e-11
19150.0 3.100485e-11
19160.0 3.100369e-11
19170.0 3.100488e-11
19180.0 3.100933e-11
19190.0 3.101791e-11
19200.0 3.103149e-11
19210.0 3.105089e-11
19220.0 3.107688e-11
19230.0 3.111016e-11
19240.0 3.115135e-11
19250.0 3.120101e-11
19260.0 3.125960e-11
19270.0 3.132746e-11
19280.0 3.140485e-11
19290.0 3.149189e-11
19300.0 3.158860e-11
19310.0 3.169489e-11
19320.0 3.181054e-11
19330.0 3.193522e-11
19340.0 3.206849e-11
19350.0 3.220982e-11
19360.0 3.235854e-11
19370.0 3.251396e-11
19380.0 3.267526e-11
19390.0 3.284158e-11
19400.0 3.301202e-11
19410.0 3.318563e-11
19420.0 3.336145e-11
19430.0 3.353851e-11
19440.0 3.371583e-11
19450.0 3.389249e-11
19460.0 3.406756e-11
19470.0 3.424019e-11
19480.0 3.440957e-11
19490.0 3.457495e-11
19500.0 3.473566e-11
19510.0 3.489109e-11
19520.0 3.504073e-11
19530.0 3.518413e-11
19540.0 3.532092e-11
19550.0 3.545084e-11
19560.0 3.557366e-11
19570.0 3.568924e-11
19580.0 3.579750e-11
19590.0 3.589843e-11
19600.0 3.599204e-11
19610.0 3.607839e-11
19620.0 3.615759e-11
19630.0 3.622973e-11
19640.0 3.629495e-11
19650.0 3.635337e-11
19660.0 3.640512e-11
19670.0 3.645029e-11
19680.0 3.648896e-11
19690.0 3.652121e-11
19700.0 3.654705e-11
19710.0 3.656648e-11
19720.0 3.657944e-11
19730.0 3.658584e-11
19740.0 3.658557e-11
19750.0 3.657843e-11
19760.0 3.656425e-11
19770.0 3.654276e-11
19780.0 3.651372e-11
19790.0 3.647682e-11
19800.0 3.643175e-11
19810.0 3.637821e-11
19820.0 3.631585e-11
19830.0 3.624438e-11
19840.0 3.616347e-11
19850.0 3.607285e-11
19860.0 3.597226e-11
19870.0 3.586148e-11
19880.0 3.574034e-11
19890.0 3.560871e-11
19900.0 3.546652e-11
19910.0 3.531378e-11
19920.0 3.515053e-11
19930.0 3.497692e-11
19940.0 3.479315e-11
19950.0 3.459949e-11
19960.0 3.439628e-11
19970.0 3.418396e-11
19980.0 3.396301e-11
19990.0 3.373397e-11
20000.0 3.349746e-11
20010.0 3.325414e-11
20020.0 3.300473e-11
20030.0 3.274996e-11
20040.0 3.249063e-11
20050.0 3.222752e-11
20060.0 3.196146e-11
20070.0 3.169325e-11
20080.0 3.142369e-11
20090.0 3.115359e-11
20100.0 3.088371e-11
20110.0 3.061477e-11
20120.0 3.034747e-11
20130.0 3.008244e-11
20140.0 2.982029e-11
20150.0 2.956152e-11
20160.0 2.930660e-11
20170.0 2.905594e-11
20180.0 2.880984e-11
20190.0 2.856858e-11
20200.0 2.833233e-11
20210.0 2.810122e-11
20220.0 2.787529e-11
20230.0 2.765454e-11
20240.0 2.743891e-11
20250.0 2.722829e-11
20260.0 2.702251e-11
20270.0 2.682138e-11
20280.0 2.662467e-11
20290.0 2.643214e-11
20300.0 2.624353e-11
20310.0 2.605858e-11
20320.0 2.587701e-11
20330.0 2.569858e-11
20340.0 2.552306e-11
20350.0 2.535022e-11
20360.0 2.517990e-11
20370.0 2.501193e-11
20380.0 2.484623e-11
20390.0 2.468271e-11
20400.0 2.452137e-11
20410.0 2.436221e-11
20420.0 2.420532e-11
20430.0 2.405080e-11
20440.0 2.389880e-11
20450.0 2.374952e-11
20460.0 2.360317e-11
20470.0 2.346002e-11
20480.0 2.332035e-11
20490.0 2.318444e-11
20500.0 2.305260e-11
20510.0 2.292516e-11
20520.0 2.280243e-11
20530.0 2.268472e-11
20540.0 2.257233e-11
20550.0 2.246555e-11
20560.0 2.236464e-11
20570.0 2.226985e-11
20580.0 2.218140e-11
20590.0 2.209947e-11
20600.0 2.202423e-11
20610.0 2.195579e-11
20620.0 2.189427e-11
20630.0 2.183972e-11
20640.0 2.179219e-11
20650.0 2.175167e-11
20660.0 2.171814e-11
20670.0 2.169156e-11
20680.0 2.167185e-11
20690.0 2.165890e-11
20700.0 2.165261e-11
20710.0 2.165281e-11
20720.0 2.165935e-11
20730.0 2.167205e-11
20740.0 2.169069e-11
20750.0 2.171505e-11
20760.0 2.174489e-11
20770.0 2.177994e-11
20780.0 2.181992e-11
20790.0 2.186452e-11
20800.0 2.191342e-11
20810.0 2.196627e-11
20820.0 2.202270e-11
20830.0 2.208233e-11
20840.0 2.214474e-11
20850.0 2.220952e-11
20860.0 2.227620e-11
20870.0 2.234435e-11
20880.0 2.241347e-11
20890.0 2.248308e-11
20900.0 2.255269e-11
20910.0 2.262181e-11
20920.0 2.268993e-11
20930.0 2.275657e-11
20940.0 2.282123e-11
20950.0 2.288345e-11
20960.0 2.294277e-11
20970.0 2.299875e-11
20980.0 2.305098e-11
20990.0 2.309908e-11
21000.0 2.314270e-11
21010.0 2.318152e-11
21020.0 2.321527e-11
21030.0 2.324370e-11
21040.0 2.326662e-11
21050.0 2.328386e-11
21060.0 2.329531e-11
21070.0 2.330089e-11
21080.0 2.330055e-11
21090.0 2.329429e-11
21100.0 2.328215e-11
21110.0 2.326417e-11
21120.0 2.324045e-11
21130.0 2.321112e-11
21140.0 2.317630e-11
21150.0 2.313616e-11
21160.0 2.309088e-11
21170.0 2.304064e-11
21180.0 2.298565e-11
21190.0 2.292611e-11
21200.0 2.286224e-11
21210.0 2.279426e-11
21220.0 2.272239e-11
21230.0 2.264686e-11
21240.0 2.256788e-11
21250.0 2.248568e-11
21260.0 2.240049e-11
21270.0 2.231253e-11
21280.0 2.222203e-11
21290.0 2.212921e-11
21300.0 2.203431e-11
21310.0 2.193756e-11
21320.0 2.183919e-11
21330.0 2.173946e-11
21340.0 2.163862e-11
21350.0 2.153692e-11
21360.0 2.143463e-11
21370.0 2.133203e-11
21380.0 2.122940e-11
21390.0 2.112704e-11
21400.0 2.102526e-11
21410.0 2.092437e-11
21420.0 2.082468e-11
21430.0 2.072654e-11
21440.0 2.063027e-11
21450.0 2.053622e-11
21460.0 2.044472e-11
21470.0 2.035613e-11
21480.0 2.027078e-11
21490.0 2.018902e-11
21500.0 2.011116e-11
21510.0 2.003755e-11
21520.0 1.996850e-11
21530.0 1.990429e-11
21540.0 1.984523e-11
21550.0 1.979156e-11
21560.0 1.974355e-11
21570.0 1.970141e-11
21580.0 1.966533e-11
21590.0 1.963548e-11
21600.0 1.961201e-11
21610.0 1.959502e-11
21620.0 1.958459e-11
21630.0 1.958076e-11
21640.0 1.958354e-11
21650.0 1.959290e-11
21660.0 1.960877e-11
21670.0 1.963106e-11
21680.0 1.965963e-11
21690.0 1.969431e-11
21700.0 1.973489e-11
21710.0 1.978113e-11
21720.0 1.983275e-11
21730.0 1.988946e-11
21740.0 1.995091e-11
21750.0 2.001676e-11
21760.0 2.008660e-11
21770.0 2.016004e-11
21780.0 2.023664e-11
21790.0 2.031598e-11
21800.0 2.039759e-11
21810.0 2.048102e-11
21820.0 2.056580e-11
21830.0 2.065148e-11
21840.0 2.073758e-11
21850.0 2.082367e-11
21860.0 2.090928e-11
21870.0 2.099402e-11
21880.0 2.107746e-11
21890.0 2.115922e-11
21900.0 2.123894e-11
21910.0 2.131629e-11
21920.0 2.139097e-11
21930.0 2.146270e-11
21940.0 2.153124e-11
21950.0 2.159638e-11
21960.0 2.165795e-11
21970.0 2.171582e-11
21980.0 2.176986e-11
21990.0 2.182000e-11
22000.0 2.186620e-11
22010.0 2.190843e-11
22020.0 2.194671e-11
22030.0 2.198107e-11
22040.0 2.201155e-11
22050.0 2.203824e-11
22060.0 2.206122e-11
22070.0 2.208060e-11
22080.0 2.209648e-11
22090.0 2.210900e-11
22100.0 2.211829e-11
22110.0 2.212446e-11
22120.0 2.212767e-11
22130.0 2.212804e-11
22140.0 2.212571e-11
22150.0 2.212079e-11
22160.0 2.211341e-11
22170.0 2.210368e-11
22180.0 2.209171e-11
22190.0 2.207759e-11
22200.0 2.206140e-11
22210.0 2.204322e-11
22220.0 2.202309e-11
22230.0 2.200108e-11
22240.0 2.197721e-11
22250.0 2.195150e-11
22260.0 2.192397e-11
22270.0 2.189460e-11
22280.0 2.186337e-11
22290.0 2.183025e-11
22300.0 2.179520e-11
22310.0 2.175815e-11
22320.0 2.171903e-11
22330.0 2.167777e-11
22340.0 2.163427e-11
22350.0 2.158844e-11
22360.0 2.154016e-11
22370.0 2.148932e-11
22380.0 2.143581e-11
22390.0 2.137951e-11
22400.0 2.132030e-11
22410.0 2.125806e-11
22420.0 2.119267e-11
22430.0 2.112404e-11
22440.0 2.105207e-11
22450.0 2.097666e-11
22460.0 2.089775e-11
22470.0 2.081527e-11
22480.0 2.072920e-11
22490.0 2.063951e-11
22500.0 2.054621e-11
22510.0 2.044932e-11
22520.0 2.034891e-11
22530.0 2.024503e-11
22540.0 2.013782e-11
22550.0 2.002739e-11
22560.0 1.991390e-11
22570.0 1.979755e-11
22580.0 1.967855e-11
22590.0 1.955714e-11
22600.0 1.943359e-11
22610.0 1.930816e-11
22620.0 1.918118e-11
22630.0 1.905296e-11
22640.0 1.892383e-11
22650.0 1.879414e-11
22660.0 1.866425e-11
22670.0 1.853451e-11
22680.0 1.840529e-11
22690.0 1.827693e-11
22700.0 1.814978e-11
22710.0 1.802420e-11
22720.0 1.790049e-11
22730.0 1.777897e-11
22740.0 1.765994e-11
22750.0 1.754365e-11
22760.0 1.743035e-11
22770.0 1.732027e-11
22780.0 1.721358e-11
22790.0 1.711046e-11
22800.0 1.701102e-11
22810.0 1.691538e-11
22820.0 1.682361e-11
22830.0 1.673575e-11
22840.0 1.665181e-11
22850.0 1.657180e-11
22860.0 1.649567e-11
22870.0 1.642338e-11
22880.0 1.635484e-11
22890.0 1.628997e-11
22900.0 1.622865e-11
22910.0 1.617077e-11
22920.0 1.611619e-11
22930.0 1.606476e-11
22940.0 1.601634e-11
22950.0 1.597077e-11
22960.0 1.592787e-11
22970.0 1.588746e-11
22980.0 1.584938e-11
22990.0 1.581341e-11
23000.0 1.577938e-11
23010.0 1.574706e-11
23020.0 1.571624e-11
23030.0 1.568671e-11
23040.0 1.565822e-11
23050.0 1.563054e-11
23060.0 1.560344e-11
23070.0 1.557665e-11
23080.0 1.554994e-11
23090.0 1.552306e-11
23100.0 1.549577e-11
23110.0 1.546785e-11
23120.0 1.543909e-11
23130.0 1.540928e-11
23140.0 1.537826e-11
23150.0 1.534589e-11
23160.0 1.531205e-11
23170.0 1.527666e-11
23180.0 1.523967e-11
23190.0 1.520107e-11
23200.0 1.516088e-11
23210.0 1.511917e-11
23220.0 1.507602e-11
23230.0 1.503157e-11
23240.0 1.498594e-11
23250.0 1.493934e-11
23260.0 1.489193e-11
23270.0 1.484393e-11
23280.0 1.479555e-11
23290.0 1.474701e-11
23300.0 1.469852e-11
23310.0 1.465030e-11
23320.0 1.460253e-11
23330.0 1.455540e-11
23340.0 1.450907e-11
23350.0 1.446368e-11
23360.0 1.441935e-11
23370.0 1.437618e-11
23380.0 1.433423e-11
23390.0 1.429354e-11
23400.0 1.425413e-11
23410.0 1.421599e-11
23420.0 1.417911e-11
23430.0 1.414343e-11
23440.0 1.410890e-11
23450.0 1.407545e-11
23460.0 1.404299e-11
23470.0 1.401145e-11
23480.0 1.398071e-11
23490.0 1.395071e-11
23500.0 1.392133e-11
23510.0 1.389250e-11
23520.0 1.386412e-11
23530.0 1.383613e-11
23540.0 1.380844e-11
23550.0 1.378099e-11
23560.0 1.375372e-11
23570.0 1.372658e-11
23580.0 1.369952e-11
23590.0 1.367250e-11
23600.0 1.364550e-11
23610.0 1.361848e-11
23620.0 1.359142e-11
23630.0 1.356431e-11
23640.0 1.353714e-11
23650.0 1.350991e-11
23660.0 1.348261e-11
23670.0 1.345526e-11
23680.0 1.342788e-11
23690.0 1.340050e-11
23700.0 1.337316e-11
23710.0 1.334594e-11
23720.0 1.331891e-11
23730.0 1.329217e-11
23740.0 1.326585e-11
23750.0 1.324010e-11
23760.0 1.321511e-11
23770.0 1.319109e-11
23780.0 1.316830e-11
23790.0 1.314702e-11
23800.0 1.312757e-11
23810.0 1.311030e-11
23820.0 1.309559e-11
23830.0 1.308368e-11
23840.0 1.307511e-11
23850.0 1.307039e-11
23860.0 1.306997e-11
23870.0 1.307429e-11
23880.0 1.308381e-11
23890.0 1.309893e-11
23900.0 1.312005e-11
23910.0 1.314750e-11
23920.0 1.318160e-11
23930.0 1.322258e-11
23940.0 1.327061e-11
23950.0 1.332579e-11
23960.0 1.338815e-11
23970.0 1.345764e-11
23980.0 1.353414e-11
23990.0 1.361745e-11
24000.0 1.370730e-11
24010.0 1.380336e-11
24020.0 1.390524e-11
24030.0 1.401251e-11
24040.0 1.412470e-11
24050.0 1.424132e-11
24060.0 1.436186e-11
24070.0 1.448580e-11
24080.0 1.461263e-11
24090.0 1.474185e-11
24100.0 1.487300e-11
24110.0 1.500562e-11
24120.0 1.513931e-11
24130.0 1.527367e-11
24140.0 1.540837e-11
24150.0 1.554311e-11
24160.0 1.567763e-11
24170.0 1.581169e-11
24180.0 1.594512e-11
24190.0 1.607775e-11
24200.0 1.620946e-11
24210.0 1.634015e-11
24220.0 1.646975e-11
24230.0 1.659821e-11
24240.0 1.672551e-11
24250.0 1.685163e-11
24260.0 1.697658e-11
24270.0 1.710039e-11
24280.0 1.722309e-11
24290.0 1.734473e-11
24300.0 1.746540e-11
24310.0 1.758517e-11
24320.0 1.770413e-11
24330.0 1.782239e-11
24340.0 1.794009e-11
24350.0 1.805734e-11
24360.0 1.817430e-11
24370.0 1.829111e-11
24380.0 1.840792e-11
24390.0 1.852489e-11
24400.0 1.864215e-11
24410.0 1.875984e-11
24420.0 1.887806e-11
24430.0 1.899689e-11
24440.0 1.911638e-11
24450.0 1.923650e-11
24460.0 1.935719e-11
24470.0 1.947832e-11
24480.0 1.959967e-11
24490.0 1.972094e-11
24500.0 1.984174e-11
24510.0 1.996160e-11
24520.0 2.007995e-11
24530.0 2.019613e-11
24540.0 2.030941e-11
24550.0 2.041900e-11
24560.0 2.052404e-11
24570.0 2.062367e-11
24580.0 2.071701e-11
24590.0 2.080321e-11
24600.0 2.088145e-11
24610.0 2.095102e-11
24620.0 2.101129e-11
24630.0 2.106177e-11
24640.0 2.110213e-11
24650.0 2.113217e-11
24660.0 2.115191e-11
24670.0 2.116152e-11
24680.0 2.116138e-11
24690.0 2.115202e-11
24700.0 2.113414e-11
24710.0 2.110856e-11
24720.0 2.107622e-11
24730.0 2.103815e-11
24740.0 2.099543e-11
24750.0 2.094915e-11
24760.0 2.090041e-11
24770.0 2.085026e-11
24780.0 2.079969e-11
24790.0 2.074959e-11
24800.0 2.070077e-11
24810.0 2.065391e-11
24820.0 2.060957e-11
24830.0 2.056816e-11
24840.0 2.052999e-11
24850.0 2.049523e-11
24860.0 2.046396e-11
24870.0 2.043613e-11
24880.0 2.041164e-11
24890.0 2.039031e-11
24900.0 2.037190e-11
24910.0 2.035616e-11
24920.0 2.034282e-11
24930.0 2.033160e-11
24940.0 2.032222e-11
24950.0 2.031445e-11
24960.0 2.030803e-11
24970.0 2.030277e-11
24980.0 2.029847e-11
24990.0 2.029498e-11
25000.0 2.029215e-11
