1000.0 6.040022e-14
1010.0 7.318616e-14
1020.0 8.896638e-14
1030.0 1.083464e-13
1040.0 1.320785e-13
1050.0 1.610218e-13
1060.0 1.961352e-13
1070.0 2.384603e-13
1080.0 2.890927e-13
1090.0 3.491431e-13
1100.0 4.196886e-13
1110.0 5.017176e-13
1120.0 5.960734e-13
1130.0 7.034013e-13
1140.0 8.241025e-13
1150.0 9.582986e-13
1160.0 1.105808e-12
1170.0 1.266135e-12
1180.0 1.438467e-12
1190.0 1.621687e-12
1200.0 1.814389e-12
1210.0 2.014913e-12
1220.0 2.221377e-12
1230.0 2.431727e-12
1240.0 2.643787e-12
1250.0 2.855321e-12
1260.0 3.064093e-12
1270.0 3.267929e-12
1280.0 3.464773e-12
1290.0 3.652746e-12
1300.0 3.830187e-12
1310.0 3.995695e-12
1320.0 4.148156e-12
1330.0 4.286759e-12
1340.0 4.411013e-12
1350.0 4.520744e-12
1360.0 4.616097e-12
1370.0 4.697534e-12
1380.0 4.765831e-12
1390.0 4.822082e-12
1400.0 4.867714e-12
1410.0 4.904508e-12
1420.0 4.934635e-12
1430.0 4.960700e-12
1440.0 4.985787e-12
1450.0 5.013480e-12
1460.0 5.047862e-12
1470.0 5.093434e-12
1480.0 5.154962e-12
1490.0 5.237202e-12
1500.0 5.344524e-12
1510.0 5.480432e-12
1520.0 5.647032e-12
1530.0 5.844529e-12
1540.0 6.070822e-12
1550.0 6.321315e-12
1560.0 6.589003e-12
1570.0 6.864890e-12
1580.0 7.138719e-12
1590.0 7.399949e-12
1600.0 7.638845e-12
1610.0 7.847552e-12
1620.0 8.020963e-12
1630.0 8.157291e-12
1640.0 8.258244e-12
1650.0 8.328817e-12
1660.0 8.376745e-12
1670.0 8.411729e-12
1680.0 8.444547e-12
1690.0 8.486177e-12
1700.0 8.547001e-12
1710.0 8.636163e-12
1720.0 8.761067e-12
1730.0 8.927028e-12
1740.0 9.137031e-12
1750.0 9.391590e-12
1760.0 9.688706e-12
1770.0 1.002392e-11
1780.0 1.039049e-11
1790.0 1.077974e-11
1800.0 1.118151e-11
1810.0 1.158479e-11
1820.0 1.197847e-11
1830.0 1.235204e-11
1840.0 1.269638e-11
1850.0 1.300430e-11
1860.0 1.327098e-11
1870.0 1.349417e-11
1880.0 1.367410e-11
1890.0 1.381328e-11
1900.0 1.391599e-11
1910.0 1.398785e-11
1920.0 1.403515e-11
1930.0 1.406438e-11
1940.0 1.408171e-11
1950.0 1.409264e-11
1960.0 1.410172e-11
1970.0 1.411243e-11
1980.0 1.412711e-11
1990.0 1.414705e-11
2000.0 1.417261e-11
2010.0 1.420340e-11
2020.0 1.423850e-11
2030.0 1.427668e-11
2040.0 1.431656e-11
2050.0 1.435683e-11
2060.0 1.439634e-11
2070.0 1.443420e-11
2080.0 1.446980e-11
2090.0 1.450282e-11
2100.0 1.453324e-11
2110.0 1.456126e-11
2120.0 1.458729e-11
2130.0 1.461184e-11
2140.0 1.463553e-11
2150.0 1.465897e-11
2160.0 1.468275e-11
2170.0 1.470740e-11
2180.0 1.473333e-11
2190.0 1.476089e-11
2200.0 1.479031e-11
2210.0 1.482181e-11
2220.0 1.485567e-11
2230.0 1.489226e-11
2240.0 1.493214e-11
2250.0 1.497607e-11
2260.0 1.502502e-11
2270.0 1.508009e-11
2280.0 1.514236e-11
2290.0 1.521276e-11
2300.0 1.529182e-11
2310.0 1.537957e-11
2320.0 1.547535e-11
2330.0 1.557779e-11
2340.0 1.568490e-11
2350.0 1.579424e-11
2360.0 1.590328e-11
2370.0 1.600979e-11
2380.0 1.611236e-11
2390.0 1.621090e-11
2400.0 1.630711e-11
2410.0 1.640485e-11
2420.0 1.651031e-11
2430.0 1.663195e-11
2440.0 1.678010e-11
2450.0 1.696620e-11
2460.0 1.720179e-11
2470.0 1.749711e-11
2480.0 1.785961e-11
2490.0 1.829247e-11
2500.0 1.879341e-11
2510.0 1.935395e-11
2520.0 1.995937e-11
2530.0 2.058949e-11
2540.0 2.122022e-11
2550.0 2.182567e-11
2560.0 2.238065e-11
2570.0 2.286301e-11
2580.0 2.325562e-11
2590.0 2.354760e-11
2600.0 2.373469e-11
2610.0 2.381887e-11
2620.0 2.380734e-11
2630.0 2.371115e-11
2640.0 2.354368e-11
2650.0 2.331910e-11
2660.0 2.304538e-11
2670.0 2.288707e-11
2680.0 2.531340e-11
2690.0 3.475624e-11
2700.0 4.977162e-11
2710.0 6.552677e-11
2720.0 7.609639e-11
2730.0 7.968335e-11
2740.0 8.045604e-11
2750.0 8.153333e-11
2760.0 8.230756e-11
2770.0 8.329219e-11
2780.0 8.546933e-11
2790.0 9.001292e-11
2800.0 9.156986e-11
2810.0 9.040417e-11
2820.0 8.855794e-11
2830.0 8.531805e-11
2840.0 8.264041e-11
2850.0 8.270163e-11
2860.0 8.338930e-11
2870.0 8.463075e-11
2880.0 8.720407e-11
2890.0 9.297224e-11
2900.0 1.009917e-10
2910.0 1.044779e-10
2920.0 1.019173e-10
2930.0 1.013169e-10
2940.0 1.032225e-10
2950.0 1.042558e-10
2960.0 1.030896e-10
2970.0 1.008105e-10
2980.0 9.784701e-11
2990.0 9.251879e-11
3000.0 8.531439e-11
3010.0 8.005424e-11
3020.0 7.802150e-11
3030.0 7.845783e-11
3040.0 7.773770e-11
3050.0 7.453163e-11
3060.0 7.300683e-11
3070.0 7.280231e-11
3080.0 7.287428e-11
3090.0 7.263544e-11
3100.0 7.227150e-11
3110.0 7.386190e-11
3120.0 7.739704e-11
3130.0 8.087924e-11
3140.0 8.339324e-11
3150.0 8.548039e-11
3160.0 8.902446e-11
3170.0 9.441472e-11
3180.0 9.987669e-11
3190.0 1.034894e-10
3200.0 1.048329e-10
3210.0 1.035561e-10
3220.0 1.000656e-10
3230.0 9.491347e-11
3240.0 8.953181e-11
3250.0 8.464293e-11
3260.0 8.104415e-11
3270.0 7.934889e-11
3280.0 7.826736e-11
3290.0 7.707175e-11
3300.0 7.690807e-11
3310.0 7.849364e-11
3320.0 8.111874e-11
3330.0 8.322420e-11
3340.0 8.438367e-11
3350.0 8.536410e-11
3360.0 8.717264e-11
3370.0 8.978319e-11
3380.0 9.271944e-11
3390.0 9.587342e-11
3400.0 9.925966e-11
3410.0 1.035362e-10
3420.0 1.085967e-10
3430.0 1.130311e-10
3440.0 1.160462e-10
3450.0 1.177095e-10
3460.0 1.184927e-10
3470.0 1.193199e-10
3480.0 1.200784e-10
3490.0 1.195216e-10
3500.0 1.189527e-10
3510.0 1.224274e-10
3520.0 1.297165e-10
3530.0 1.379533e-10
3540.0 1.452740e-10
3550.0 1.508950e-10
3560.0 1.547843e-10
3570.0 1.566385e-10
3580.0 1.566544e-10
3590.0 1.564492e-10
3600.0 1.565461e-10
3610.0 1.571167e-10
3620.0 1.590204e-10
3630.0 1.625642e-10
3640.0 1.683480e-10
3650.0 1.772976e-10
3660.0 1.896364e-10
3670.0 2.050596e-10
3680.0 2.232757e-10
3690.0 2.437700e-10
3700.0 2.636512e-10
3710.0 2.778563e-10
3720.0 2.826321e-10
3730.0 2.775460e-10
3740.0 2.655516e-10
3750.0 2.493006e-10
3760.0 2.297520e-10
3770.0 2.080152e-10
3780.0 1.856023e-10
3790.0 1.643000e-10
3800.0 1.465106e-10
3810.0 1.347654e-10
3820.0 1.308781e-10
3830.0 1.357389e-10
3840.0 1.494536e-10
3850.0 1.712791e-10
3860.0 1.993148e-10
3870.0 2.304092e-10
3880.0 2.613578e-10
3890.0 2.907152e-10
3900.0 3.185938e-10
3910.0 3.449071e-10
3920.0 3.689025e-10
3930.0 3.900717e-10
3940.0 4.085704e-10
3950.0 4.244632e-10
3960.0 4.367707e-10
3970.0 4.437568e-10
3980.0 4.441331e-10
3990.0 4.376697e-10
4000.0 4.249088e-10
4010.0 4.069649e-10
4020.0 3.857649e-10
4030.0 3.639823e-10
4040.0 3.443412e-10
4050.0 3.287288e-10
4060.0 3.174664e-10
4070.0 3.091774e-10
4080.0 3.016445e-10
4090.0 2.933033e-10
4100.0 2.842790e-10
4110.0 2.759622e-10
4120.0 2.696101e-10
4130.0 2.655775e-10
4140.0 2.636294e-10
4150.0 2.634663e-10
4160.0 2.649512e-10
4170.0 2.680677e-10
4180.0 2.726167e-10
4190.0 2.779078e-10
4200.0 2.829400e-10
4210.0 2.870222e-10
4220.0 2.901309e-10
4230.0 2.926442e-10
4240.0 2.949090e-10
4250.0 2.971406e-10
4260.0 2.996225e-10
4270.0 3.028340e-10
4280.0 3.073286e-10
4290.0 3.133590e-10
4300.0 3.204342e-10
4310.0 3.271519e-10
4320.0 3.314175e-10
4330.0 3.309122e-10
4340.0 3.239509e-10
4350.0 3.106061e-10
4360.0 2.927238e-10
4370.0 2.725639e-10
4380.0 2.519010e-10
4390.0 2.321031e-10
4400.0 2.144802e-10
4410.0 2.003424e-10
4420.0 1.907236e-10
4430.0 1.862011e-10
4440.0 1.867370e-10
4450.0 1.916595e-10
4460.0 2.000705e-10
4470.0 2.113242e-10
4480.0 2.251777e-10
4490.0 2.417174e-10
4500.0 2.612277e-10
4510.0 2.840269e-10
4520.0 3.103314e-10
4530.0 3.401502e-10
4540.0 3.731283e-10
4550.0 4.083897e-10
4560.0 4.445433e-10
4570.0 4.799175e-10
4580.0 5.129178e-10
4590.0 5.422885e-10
4600.0 5.670883e-10
4610.0 5.864106e-10
4620.0 5.990815e-10
4630.0 6.035772e-10
4640.0 5.982428e-10
4650.0 5.818145e-10
4660.0 5.541817e-10
4670.0 5.170451e-10
4680.0 4.738914e-10
4690.0 4.290857e-10
4700.0 3.866105e-10
4710.0 3.491877e-10
4720.0 3.180707e-10
4730.0 2.933505e-10
4740.0 2.744931e-10
4750.0 2.608947e-10
4760.0 2.522937e-10
4770.0 2.488455e-10
4780.0 2.507397e-10
4790.0 2.575927e-10
4800.0 2.680584e-10
4810.0 2.799641e-10
4820.0 2.908847e-10
4830.0 2.988810e-10
4840.0 3.031935e-10
4850.0 3.046444e-10
4860.0 3.054264e-10
4870.0 3.082585e-10
4880.0 3.153863e-10
4890.0 3.279626e-10
4900.0 3.459080e-10
4910.0 3.680087e-10
4920.0 3.920864e-10
4930.0 4.152478e-10
4940.0 4.342340e-10
4950.0 4.458888e-10
4960.0 4.477869e-10
4970.0 4.389570e-10
4980.0 4.203758e-10
4990.0 3.948130e-10
5000.0 3.660532e-10
5010.0 3.378507e-10
5020.0 3.130530e-10
5030.0 2.931627e-10
5040.0 2.783947e-10
5050.0 2.681024e-10
5060.0 2.613029e-10
5070.0 2.570570e-10
5080.0 2.546279e-10
5090.0 2.534852e-10
5100.0 2.532371e-10
5110.0 2.535717e-10
5120.0 2.542687e-10
5130.0 2.552837e-10
5140.0 2.568173e-10
5150.0 2.592742e-10
5160.0 2.631202e-10
5170.0 2.687447e-10
5180.0 2.764048e-10
5190.0 2.862148e-10
5200.0 2.981128e-10
5210.0 3.117997e-10
5220.0 3.267267e-10
5230.0 3.422164e-10
5240.0 3.576938e-10
5250.0 3.728810e-10
5260.0 3.877810e-10
5270.0 4.024342e-10
5280.0 4.166411e-10
5290.0 4.298864e-10
5300.0 4.414958e-10
5310.0 4.508552e-10
5320.0 4.575986e-10
5330.0 4.618818e-10
5340.0 4.645802e-10
5350.0 4.668845e-10
5360.0 4.695215e-10
5370.0 4.725328e-10
5380.0 4.757042e-10
5390.0 4.789862e-10
5400.0 4.826443e-10
5410.0 4.872566e-10
5420.0 4.935763e-10
5430.0 5.023215e-10
5440.0 5.139624e-10
5450.0 5.285575e-10
5460.0 5.456664e-10
5470.0 5.643666e-10
5480.0 5.833907e-10
5490.0 6.013391e-10
5500.0 6.168743e-10
5510.0 6.288360e-10
5520.0 6.363003e-10
5530.0 6.386479e-10
5540.0 6.356308e-10
5550.0 6.273616e-10
5560.0 6.141940e-10
5570.0 5.965800e-10
5580.0 5.750069e-10
5590.0 5.500417e-10
5600.0 5.223839e-10
5610.0 4.928131e-10
5620.0 4.621345e-10
5630.0 4.311551e-10
5640.0 4.007242e-10
5650.0 3.718133e-10
5660.0 3.455525e-10
5670.0 3.231584e-10
5680.0 3.057707e-10
5690.0 2.942793e-10
5700.0 2.892190e-10
5710.0 2.907352e-10
5720.0 2.985857e-10
5730.0 3.121633e-10
5740.0 3.305640e-10
5750.0 3.526943e-10
5760.0 3.773733e-10
5770.0 4.033871e-10
5780.0 4.295199e-10
5790.0 4.546035e-10
5800.0 4.775825e-10
5810.0 4.975565e-10
5820.0 5.137830e-10
5830.0 5.256807e-10
5840.0 5.328748e-10
5850.0 5.352686e-10
5860.0 5.331097e-10
5870.0 5.269773e-10
5880.0 5.176543e-10
5890.0 5.059308e-10
5900.0 4.924189e-10
5910.0 4.774552e-10
5920.0 4.611318e-10
5930.0 4.434379e-10
5940.0 4.244439e-10
5950.0 4.044447e-10
5960.0 3.839995e-10
5970.0 3.638547e-10
5980.0 3.447921e-10
5990.0 3.274800e-10
6000.0 3.123885e-10
6010.0 2.997804e-10
6020.0 2.897404e-10
6030.0 2.822031e-10
6040.0 2.769677e-10
6050.0 2.737143e-10
6060.0 2.720396e-10
6070.0 2.715234e-10
6080.0 2.718080e-10
6090.0 2.726572e-10
6100.0 2.739662e-10
6110.0 2.757211e-10
6120.0 2.779439e-10
6130.0 2.806573e-10
6140.0 2.838779e-10
6150.0 2.876122e-10
6160.0 2.918232e-10
6170.0 2.963571e-10
6180.0 3.008603e-10
6190.0 3.047453e-10
6200.0 3.072598e-10
6210.0 3.076591e-10
6220.0 3.054231e-10
6230.0 3.004239e-10
6240.0 2.929838e-10
6250.0 2.838124e-10
6260.0 2.738630e-10
6270.0 2.641628e-10
6280.0 2.556685e-10
6290.0 2.491825e-10
6300.0 2.453261e-10
6310.0 2.445186e-10
6320.0 2.469047e-10
6330.0 2.522757e-10
6340.0 2.601270e-10
6350.0 2.698791e-10
6360.0 2.811011e-10
6370.0 2.935661e-10
6380.0 3.071570e-10
6390.0 3.217493e-10
6400.0 3.371453e-10
6410.0 3.530567e-10
6420.0 3.691186e-10
6430.0 3.849207e-10
6440.0 4.000385e-10
6450.0 4.140503e-10
6460.0 4.265442e-10
6470.0 4.371231e-10
6480.0 4.454196e-10
6490.0 4.511216e-10
6500.0 4.540019e-10
6510.0 4.539412e-10
6520.0 4.509342e-10
6530.0 4.450777e-10
6540.0 4.365434e-10
6550.0 4.255498e-10
6560.0 4.123432e-10
6570.0 3.971936e-10
6580.0 3.803964e-10
6590.0 3.622897e-10
6600.0 3.432623e-10
6610.0 3.237363e-10
6620.0 3.041273e-10
6630.0 2.847995e-10
6640.0 2.660381e-10
6650.0 2.480508e-10
6660.0 2.309905e-10
6670.0 2.149866e-10
6680.0 2.001677e-10
6690.0 1.866663e-10
6700.0 1.746047e-10
6710.0 1.640669e-10
6720.0 1.550710e-10
6730.0 1.475556e-10
6740.0 1.413882e-10
6750.0 1.363939e-10
6760.0 1.323910e-10
6770.0 1.292206e-10
6780.0 1.267588e-10
6790.0 1.249167e-10
6800.0 1.236344e-10
6810.0 1.228756e-10
6820.0 1.226204e-10
6830.0 1.228517e-10
6840.0 1.235393e-10
6850.0 1.246305e-10
6860.0 1.260526e-10
6870.0 1.277266e-10
6880.0 1.295811e-10
6890.0 1.315530e-10
6900.0 1.335761e-10
6910.0 1.355674e-10
6920.0 1.374278e-10
6930.0 1.390605e-10
6940.0 1.404014e-10
6950.0 1.414437e-10
6960.0 1.422415e-10
6970.0 1.428913e-10
6980.0 1.435006e-10
6990.0 1.441616e-10
7000.0 1.449406e-10
7010.0 1.458848e-10
7020.0 1.470355e-10
7030.0 1.484389e-10
7040.0 1.501475e-10
7050.0 1.522121e-10
7060.0 1.546671e-10
7070.0 1.575190e-10
7080.0 1.607455e-10
7090.0 1.643083e-10
7100.0 1.681709e-10
7110.0 1.723154e-10
7120.0 1.767477e-10
7130.0 1.814830e-10
7140.0 1.865077e-10
7150.0 1.917523e-10
7160.0 1.971040e-10
7170.0 2.024394e-10
7180.0 2.076523e-10
7190.0 2.126597e-10
7200.0 2.173936e-10
7210.0 2.217941e-10
7220.0 2.258043e-10
7230.0 2.293661e-10
7240.0 2.324188e-10
7250.0 2.349058e-10
7260.0 2.367899e-10
7270.0 2.380714e-10
7280.0 2.388023e-10
7290.0 2.390907e-10
7300.0 2.390946e-10
7310.0 2.390048e-10
7320.0 2.390194e-10
7330.0 2.393112e-10
7340.0 2.399970e-10
7350.0 2.411135e-10
7360.0 2.426111e-10
7370.0 2.443661e-10
7380.0 2.462077e-10
7390.0 2.479495e-10
7400.0 2.494133e-10
7410.0 2.504430e-10
7420.0 2.509128e-10
7430.0 2.507104e-10
7440.0 2.497293e-10
7450.0 2.478786e-10
7460.0 2.451070e-10
7470.0 2.414358e-10
7480.0 2.369929e-10
7490.0 2.320356e-10
7500.0 2.269512e-10
7510.0 2.222109e-10
7520.0 2.182604e-10
7530.0 2.153814e-10
7540.0 2.136131e-10
7550.0 2.127986e-10
7560.0 2.127142e-10
7570.0 2.131747e-10
7580.0 2.140653e-10
7590.0 2.153365e-10
7600.0 2.170039e-10
7610.0 2.191476e-10
7620.0 2.218809e-10
7630.0 2.252905e-10
7640.0 2.293742e-10
7650.0 2.340082e-10
7660.0 2.389561e-10
7670.0 2.439092e-10
7680.0 2.485389e-10
7690.0 2.525445e-10
7700.0 2.556882e-10
7710.0 2.578144e-10
7720.0 2.588500e-10
7730.0 2.587939e-10
7740.0 2.577177e-10
7750.0 2.557498e-10
7760.0 2.530513e-10
7770.0 2.497877e-10
7780.0 2.461013e-10
7790.0 2.420888e-10
7800.0 2.377905e-10
7810.0 2.331938e-10
7820.0 2.282538e-10
7830.0 2.229242e-10
7840.0 2.171888e-10
7850.0 2.110815e-10
7860.0 2.046859e-10
7870.0 1.981159e-10
7880.0 1.914887e-10
7890.0 1.849031e-10
7900.0 1.784313e-10
7910.0 1.721258e-10
7920.0 1.660329e-10
7930.0 1.602057e-10
7940.0 1.547063e-10
7950.0 1.496007e-10
7960.0 1.449470e-10
7970.0 1.407828e-10
7980.0 1.371152e-10
7990.0 1.339179e-10
8000.0 1.311346e-10
8010.0 1.286916e-10
8020.0 1.265088e-10
8030.0 1.244975e-10
8040.0 1.225628e-10
8050.0 1.206042e-10
8060.0 1.185181e-10
8070.0 1.162021e-10
8080.0 1.135607e-10
8090.0 1.105086e-10
8100.0 1.069709e-10
8110.0 1.028830e-10
8120.0 9.819435e-11
8130.0 9.288415e-11
8140.0 8.698319e-11
8150.0 8.059573e-11
8160.0 7.390795e-11
8170.0 6.717509e-11
8180.0 6.068722e-11
8190.0 5.472374e-11
8200.0 4.951167e-11
8210.0 4.520016e-11
8220.0 4.185557e-11
8230.0 3.947253e-11
8240.0 3.799230e-11
8250.0 3.732058e-11
8260.0 3.734105e-11
8270.0 3.792461e-11
8280.0 3.893672e-11
8290.0 4.024552e-11
8300.0 4.173262e-11
8310.0 4.330623e-11
8320.0 4.491439e-11
8330.0 4.655438e-11
8340.0 4.827476e-11
8350.0 5.016825e-11
8360.0 5.235593e-11
8370.0 5.496549e-11
8380.0 5.810818e-11
8390.0 6.185974e-11
8400.0 6.624794e-11
8410.0 7.124981e-11
8420.0 7.680160e-11
8430.0 8.281028e-11
8440.0 8.916310e-11
8450.0 9.573291e-11
8460.0 1.023800e-10
8470.0 1.089543e-10
8480.0 1.153023e-10
8490.0 1.212801e-10
8500.0 1.267734e-10
8510.0 1.317191e-10
8520.0 1.361184e-10
8530.0 1.400352e-10
8540.0 1.435752e-10
8550.0 1.468572e-10
8560.0 1.499859e-10
8570.0 1.528352e-10
8580.0 1.553597e-10
8590.0 1.578323e-10
8600.0 1.602580e-10
8610.0 1.626333e-10
8620.0 1.649523e-10
8630.0 1.672090e-10
8640.0 1.693940e-10
8650.0 1.714899e-10
8660.0 1.734665e-10
8670.0 1.752833e-10
8680.0 1.768966e-10
8690.0 1.782714e-10
8700.0 1.793906e-10
8710.0 1.802588e-10
8720.0 1.808975e-10
8730.0 1.813325e-10
8740.0 1.815809e-10
8750.0 1.816396e-10
8760.0 1.814832e-10
8770.0 1.810686e-10
8780.0 1.803456e-10
8790.0 1.792689e-10
8800.0 1.778085e-10
8810.0 1.759559e-10
8820.0 1.737257e-10
8830.0 1.711539e-10
8840.0 1.682924e-10
8850.0 1.652029e-10
8860.0 1.619488e-10
8870.0 1.585882e-10
8880.0 1.551688e-10
8890.0 1.517251e-10
8900.0 1.482795e-10
8910.0 1.448476e-10
8920.0 1.414437e-10
8930.0 1.380860e-10
8940.0 1.347994e-10
8950.0 1.316153e-10
8960.0 1.285693e-10
8970.0 1.256984e-10
8980.0 1.230387e-10
8990.0 1.206223e-10
9000.0 1.184765e-10
9010.0 1.166223e-10
9020.0 1.150739e-10
9030.0 1.138388e-10
9040.0 1.129182e-10
9050.0 1.123076e-10
9060.0 1.119971e-10
9070.0 1.119722e-10
9080.0 1.122137e-10
9090.0 1.126990e-10
9100.0 1.134031e-10
9110.0 1.143000e-10
9120.0 1.153652e-10
9130.0 1.165779e-10
9140.0 1.179226e-10
9150.0 1.193890e-10
9160.0 1.209698e-10
9170.0 1.226585e-10
9180.0 1.244453e-10
9190.0 1.263150e-10
9200.0 1.282438e-10
9210.0 1.301977e-10
9220.0 1.321315e-10
9230.0 1.339908e-10
9240.0 1.357172e-10
9250.0 1.372578e-10
9260.0 1.385744e-10
9270.0 1.396518e-10
9280.0 1.404992e-10
9290.0 1.411458e-10
9300.0 1.416319e-10
9310.0 1.419990e-10
9320.0 1.422827e-10
9330.0 1.425094e-10
9340.0 1.426965e-10
9350.0 1.428536e-10
9360.0 1.429853e-10
9370.0 1.430927e-10
9380.0 1.431743e-10
9390.0 1.432279e-10
9400.0 1.432499e-10
9410.0 1.432361e-10
9420.0 1.431817e-10
9430.0 1.430816e-10
9440.0 1.429300e-10
9450.0 1.427209e-10
9460.0 1.424485e-10
9470.0 1.421066e-10
9480.0 1.416898e-10
9490.0 1.411934e-10
9500.0 1.406137e-10
9510.0 1.399484e-10
9520.0 1.391967e-10
9530.0 1.383601e-10
9540.0 1.374421e-10
9550.0 1.364485e-10
9560.0 1.353877e-10
9570.0 1.342705e-10
9580.0 1.331101e-10
9590.0 1.319221e-10
9600.0 1.307237e-10
9610.0 1.295343e-10
9620.0 1.283745e-10
9630.0 1.272657e-10
9640.0 1.262302e-10
9650.0 1.252901e-10
9660.0 1.244670e-10
9670.0 1.237817e-10
9680.0 1.232538e-10
9690.0 1.229006e-10
9700.0 1.227376e-10
9710.0 1.227774e-10
9720.0 1.230299e-10
9730.0 1.235019e-10
9740.0 1.241967e-10
9750.0 1.251147e-10
9760.0 1.262526e-10
9770.0 1.276041e-10
9780.0 1.291600e-10
9790.0 1.309081e-10
9800.0 1.328340e-10
9810.0 1.349211e-10
9820.0 1.371513e-10
9830.0 1.395051e-10
9840.0 1.419626e-10
9850.0 1.445030e-10
9860.0 1.471058e-10
9870.0 1.497506e-10
9880.0 1.524172e-10
9890.0 1.550856e-10
9900.0 1.577364e-10
9910.0 1.603499e-10
9920.0 1.629062e-10
9930.0 1.653849e-10
9940.0 1.677647e-10
9950.0 1.700233e-10
9960.0 1.721372e-10
9970.0 1.740815e-10
9980.0 1.758307e-10
9990.0 1.773586e-10
10000.0 1.786390e-10
10010.0 1.796470e-10
10020.0 1.803593e-10
10030.0 1.807556e-10
10040.0 1.808197e-10
10050.0 1.805406e-10
10060.0 1.799133e-10
10070.0 1.789396e-10
10080.0 1.776289e-10
10090.0 1.759984e-10
10100.0 1.740731e-10
10110.0 1.718862e-10
10120.0 1.694780e-10
10130.0 1.668957e-10
10140.0 1.641926e-10
10150.0 1.614265e-10
10160.0 1.586590e-10
10170.0 1.559536e-10
10180.0 1.533743e-10
10190.0 1.509838e-10
10200.0 1.488414e-10
10210.0 1.470016e-10
10220.0 1.455120e-10
10230.0 1.444115e-10
10240.0 1.437292e-10
10250.0 1.434827e-10
10260.0 1.436776e-10
10270.0 1.443069e-10
10280.0 1.453515e-10
10290.0 1.467802e-10
10300.0 1.485512e-10
10310.0 1.506137e-10
10320.0 1.529095e-10
10330.0 1.553758e-10
10340.0 1.579469e-10
10350.0 1.605572e-10
10360.0 1.631429e-10
10370.0 1.656446e-10
10380.0 1.680083e-10
10390.0 1.701873e-10
10400.0 1.721427e-10
10410.0 1.738435e-10
10420.0 1.752672e-10
10430.0 1.763986e-10
10440.0 1.772296e-10
10450.0 1.777582e-10
10460.0 1.779876e-10
10470.0 1.779253e-10
10480.0 1.775816e-10
10490.0 1.769698e-10
10500.0 1.761046e-10
10510.0 1.750023e-10
10520.0 1.736798e-10
10530.0 1.721551e-10
10540.0 1.704463e-10
10550.0 1.685724e-10
10560.0 1.665529e-10
10570.0 1.644075e-10
10580.0 1.621567e-10
10590.0 1.598211e-10
10600.0 1.574220e-10
10610.0 1.549805e-10
10620.0 1.525178e-10
10630.0 1.500548e-10
10640.0 1.476115e-10
10650.0 1.452074e-10
10660.0 1.428603e-10
10670.0 1.405868e-10
10680.0 1.384013e-10
10690.0 1.363161e-10
10700.0 1.343415e-10
10710.0 1.324849e-10
10720.0 1.307512e-10
10730.0 1.291428e-10
10740.0 1.276594e-10
10750.0 1.262981e-10
10760.0 1.250540e-10
10770.0 1.239197e-10
10780.0 1.228862e-10
10790.0 1.219429e-10
10800.0 1.210779e-10
10810.0 1.202784e-10
10820.0 1.195313e-10
10830.0 1.188230e-10
10840.0 1.181402e-10
10850.0 1.174702e-10
10860.0 1.168007e-10
10870.0 1.161208e-10
10880.0 1.154205e-10
10890.0 1.146911e-10
10900.0 1.139256e-10
10910.0 1.131181e-10
10920.0 1.122644e-10
10930.0 1.113617e-10
10940.0 1.104084e-10
10950.0 1.094043e-10
10960.0 1.083499e-10
10970.0 1.072470e-10
10980.0 1.060976e-10
10990.0 1.049045e-10
11000.0 1.036706e-10
11010.0 1.023990e-10
11020.0 1.010925e-10
11030.0 9.975397e-11
11040.0 9.838571e-11
11050.0 9.698971e-11
11060.0 9.556749e-11
11070.0 9.412012e-11
11080.0 9.264823e-11
11090.0 9.115208e-11
11100.0 8.963168e-11
11110.0 8.808686e-11
11120.0 8.651742e-11
11130.0 8.492327e-11
11140.0 8.330457e-11
11150.0 8.166186e-11
11160.0 7.999620e-11
11170.0 7.830924e-11
11180.0 7.660334e-11
11190.0 7.488161e-11
11200.0 7.314792e-11
11210.0 7.140691e-11
11220.0 6.966393e-11
11230.0 6.792499e-11
11240.0 6.619663e-11
11250.0 6.448582e-11
11260.0 6.279979e-11
11270.0 6.114589e-11
11280.0 5.953143e-11
11290.0 5.796348e-11
11300.0 5.644872e-11
11310.0 5.499326e-11
11320.0 5.360253e-11
11330.0 5.228114e-11
11340.0 5.103275e-11
11350.0 4.986000e-11
11360.0 4.876449e-11
11370.0 4.774668e-11
11380.0 4.680596e-11
11390.0 4.594062e-11
11400.0 4.514792e-11
11410.0 4.442415e-11
11420.0 4.376475e-11
11430.0 4.316435e-11
11440.0 4.261697e-11
11450.0 4.211606e-11
11460.0 4.165472e-11
11470.0 4.122579e-11
11480.0 4.082200e-11
11490.0 4.043611e-11
11500.0 4.006103e-11
11510.0 3.968999e-11
11520.0 3.931657e-11
11530.0 3.893491e-11
11540.0 3.853970e-11
11550.0 3.812632e-11
11560.0 3.769088e-11
11570.0 3.723027e-11
11580.0 3.674216e-11
11590.0 3.622506e-11
11600.0 3.567828e-11
11610.0 3.510192e-11
11620.0 3.449684e-11
11630.0 3.386461e-11
11640.0 3.320743e-11
11650.0 3.252811e-11
11660.0 3.182995e-11
11670.0 3.111667e-11
11680.0 3.039232e-11
11690.0 2.966118e-11
11700.0 2.892771e-11
11710.0 2.819639e-11
11720.0 2.747169e-11
11730.0 2.675796e-11
11740.0 2.605936e-11
11750.0 2.537979e-11
11760.0 2.472285e-11
11770.0 2.409174e-11
11780.0 2.348927e-11
11790.0 2.291777e-11
11800.0 2.237912e-11
11810.0 2.187473e-11
11820.0 2.140547e-11
11830.0 2.097176e-11
11840.0 2.057354e-11
11850.0 2.021025e-11
11860.0 1.988095e-11
11870.0 1.958425e-11
11880.0 1.931842e-11
11890.0 1.908137e-11
11900.0 1.887076e-11
11910.0 1.868398e-11
11920.0 1.851826e-11
11930.0 1.837066e-11
11940.0 1.823819e-11
11950.0 1.811781e-11
11960.0 1.800648e-11
11970.0 1.790128e-11
11980.0 1.779934e-11
11990.0 1.769802e-11
12000.0 1.759484e-11
12010.0 1.748759e-11
12020.0 1.737431e-11
12030.0 1.725338e-11
12040.0 1.712347e-11
12050.0 1.698362e-11
12060.0 1.683323e-11
12070.0 1.667204e-11
12080.0 1.650017e-11
12090.0 1.631807e-11
12100.0 1.612654e-11
12110.0 1.592671e-11
12120.0 1.571999e-11
12130.0 1.550806e-11
12140.0 1.529287e-11
12150.0 1.507652e-11
12160.0 1.486133e-11
12170.0 1.464970e-11
12180.0 1.444415e-11
12190.0 1.424723e-11
12200.0 1.406151e-11
12210.0 1.388948e-11
12220.0 1.373362e-11
12230.0 1.359624e-11
12240.0 1.347952e-11
12250.0 1.338549e-11
12260.0 1.331592e-11
12270.0 1.327239e-11
12280.0 1.325622e-11
12290.0 1.326845e-11
12300.0 1.330985e-11
12310.0 1.338091e-11
12320.0 1.348182e-11
12330.0 1.361249e-11
12340.0 1.377254e-11
12350.0 1.396134e-11
12360.0 1.417798e-11
12370.0 1.442132e-11
12380.0 1.468998e-11
12390.0 1.498239e-11
12400.0 1.529678e-11
12410.0 1.563123e-11
12420.0 1.598367e-11
12430.0 1.635192e-11
12440.0 1.673371e-11
12450.0 1.712668e-11
12460.0 1.752844e-11
12470.0 1.793654e-11
12480.0 1.834854e-11
12490.0 1.876201e-11
12500.0 1.917453e-11
12510.0 1.958372e-11
12520.0 1.998725e-11
12530.0 2.038288e-11
12540.0 2.076843e-11
12550.0 2.114181e-11
12560.0 2.150105e-11
12570.0 2.184430e-11
12580.0 2.216982e-11
12590.0 2.247601e-11
12600.0 2.276142e-11
12610.0 2.302476e-11
12620.0 2.326489e-11
12630.0 2.348085e-11
12640.0 2.367183e-11
12650.0 2.383723e-11
12660.0 2.397659e-11
12670.0 2.408968e-11
12680.0 2.417639e-11
12690.0 2.423684e-11
12700.0 2.427127e-11
12710.0 2.428012e-11
12720.0 2.426397e-11
12730.0 2.422354e-11
12740.0 2.415968e-11
12750.0 2.407335e-11
12760.0 2.396563e-11
12770.0 2.383766e-11
12780.0 2.369066e-11
12790.0 2.352590e-11
12800.0 2.334468e-11
12810.0 2.314830e-11
12820.0 2.293808e-11
12830.0 2.271531e-11
12840.0 2.248124e-11
12850.0 2.223709e-11
12860.0 2.198401e-11
12870.0 2.172307e-11
12880.0 2.145527e-11
12890.0 2.118153e-11
12900.0 2.090267e-11
12910.0 2.061942e-11
12920.0 2.033240e-11
12930.0 2.004218e-11
12940.0 1.974919e-11
12950.0 1.945382e-11
12960.0 1.915637e-11
12970.0 1.885707e-11
12980.0 1.855610e-11
12990.0 1.825362e-11
13000.0 1.794973e-11
13010.0 1.764454e-11
13020.0 1.733815e-11
13030.0 1.703066e-11
13040.0 1.672222e-11
13050.0 1.641301e-11
13060.0 1.610324e-11
13070.0 1.579320e-11
13080.0 1.548323e-11
13090.0 1.517374e-11
13100.0 1.486521e-11
13110.0 1.455822e-11
13120.0 1.425339e-11
13130.0 1.395143e-11
13140.0 1.365311e-11
13150.0 1.335929e-11
13160.0 1.307084e-11
13170.0 1.278872e-11
13180.0 1.251392e-11
13190.0 1.224744e-11
13200.0 1.199034e-11
13210.0 1.174367e-11
13220.0 1.150848e-11
13230.0 1.128583e-11
13240.0 1.107675e-11
13250.0 1.088227e-11
13260.0 1.070336e-11
13270.0 1.054095e-11
13280.0 1.039594e-11
13290.0 1.026915e-11
13300.0 1.016133e-11
13310.0 1.007314e-11
13320.0 1.000517e-11
13330.0 9.957894e-12
13340.0 9.931667e-12
13350.0 9.926730e-12
13360.0 9.943192e-12
13370.0 9.981021e-12
13380.0 1.004004e-11
13390.0 1.011991e-11
13400.0 1.022015e-11
13410.0 1.034012e-11
13420.0 1.047900e-11
13430.0 1.063584e-11
13440.0 1.080954e-11
13450.0 1.099885e-11
13460.0 1.120240e-11
13470.0 1.141870e-11
13480.0 1.164615e-11
13490.0 1.188309e-11
13500.0 1.212778e-11
13510.0 1.237843e-11
13520.0 1.263324e-11
13530.0 1.289041e-11
13540.0 1.314814e-11
13550.0 1.340467e-11
13560.0 1.365830e-11
13570.0 1.390742e-11
13580.0 1.415049e-11
13590.0 1.438608e-11
13600.0 1.461288e-11
13610.0 1.482970e-11
13620.0 1.503550e-11
13630.0 1.522936e-11
13640.0 1.541051e-11
13650.0 1.557835e-11
13660.0 1.573239e-11
13670.0 1.587230e-11
13680.0 1.599786e-11
13690.0 1.610900e-11
13700.0 1.620577e-11
13710.0 1.628829e-11
13720.0 1.635682e-11
13730.0 1.641167e-11
13740.0 1.645324e-11
13750.0 1.648198e-11
13760.0 1.649837e-11
13770.0 1.650293e-11
13780.0 1.649622e-11
13790.0 1.647878e-11
13800.0 1.645115e-11
13810.0 1.641387e-11
13820.0 1.636747e-11
13830.0 1.631243e-11
13840.0 1.624924e-11
13850.0 1.617834e-11
13860.0 1.610012e-11
13870.0 1.601499e-11
13880.0 1.592328e-11
13890.0 1.582534e-11
13900.0 1.572148e-11
13910.0 1.561199e-11
13920.0 1.549716e-11
13930.0 1.537728e-11
13940.0 1.525263e-11
13950.0 1.512350e-11
13960.0 1.499019e-11
13970.0 1.485304e-11
13980.0 1.471238e-11
13990.0 1.456858e-11
14000.0 1.442205e-11
14010.0 1.427321e-11
14020.0 1.412251e-11
14030.0 1.397045e-11
14040.0 1.381756e-11
14050.0 1.366437e-11
14060.0 1.351147e-11
14070.0 1.335946e-11
14080.0 1.320897e-11
14090.0 1.306063e-11
14100.0 1.291511e-11
14110.0 1.277308e-11
14120.0 1.263519e-11
14130.0 1.250212e-11
14140.0 1.237453e-11
14150.0 1.225308e-11
14160.0 1.213839e-11
14170.0 1.203108e-11
14180.0 1.193172e-11
14190.0 1.184085e-11
14200.0 1.175898e-11
14210.0 1.168656e-11
14220.0 1.162400e-11
14230.0 1.157163e-11
14240.0 1.152975e-11
14250.0 1.149858e-11
14260.0 1.147828e-11
14270.0 1.146894e-11
14280.0 1.147059e-11
14290.0 1.148318e-11
14300.0 1.150662e-11
14310.0 1.154073e-11
14320.0 1.158528e-11
14330.0 1.164000e-11
14340.0 1.170455e-11
14350.0 1.177855e-11
14360.0 1.186157e-11
14370.0 1.195314e-11
14380.0 1.205278e-11
14390.0 1.215995e-11
14400.0 1.227411e-11
14410.0 1.239468e-11
14420.0 1.252109e-11
14430.0 1.265274e-11
14440.0 1.278905e-11
14450.0 1.292940e-11
14460.0 1.307322e-11
14470.0 1.321993e-11
14480.0 1.336897e-11
14490.0 1.351982e-11
14500.0 1.367196e-11
14510.0 1.382496e-11
14520.0 1.397838e-11
14530.0 1.413189e-11
14540.0 1.428518e-11
14550.0 1.443803e-11
14560.0 1.459030e-11
14570.0 1.474192e-11
14580.0 1.489289e-11
14590.0 1.504334e-11
14600.0 1.519344e-11
14610.0 1.534347e-11
14620.0 1.549380e-11
14630.0 1.564485e-11
14640.0 1.579715e-11
14650.0 1.595125e-11
14660.0 1.610779e-11
14670.0 1.626742e-11
14680.0 1.643085e-11
14690.0 1.659877e-11
14700.0 1.677191e-11
14710.0 1.695095e-11
14720.0 1.713658e-11
14730.0 1.732942e-11
14740.0 1.753006e-11
14750.0 1.773902e-11
14760.0 1.795675e-11
14770.0 1.818361e-11
14780.0 1.841988e-11
14790.0 1.866576e-11
14800.0 1.892132e-11
14810.0 1.918656e-11
14820.0 1.946137e-11
14830.0 1.974553e-11
14840.0 2.003872e-11
14850.0 2.034053e-11
14860.0 2.065046e-11
14870.0 2.096789e-11
14880.0 2.129215e-11
14890.0 2.162246e-11
14900.0 2.195795e-11
14910.0 2.229773e-11
14920.0 2.264078e-11
14930.0 2.298605e-11
14940.0 2.333242e-11
14950.0 2.367873e-11
14960.0 2.402377e-11
14970.0 2.436628e-11
14980.0 2.470497e-11
14990.0 2.503853e-11
15000.0 2.536561e-11
15010.0 2.568485e-11
15020.0 2.599491e-11
15030.0 2.629443e-11
15040.0 2.658205e-11
15050.0 2.685647e-11
15060.0 2.711640e-11
15070.0 2.736060e-11
15080.0 2.758791e-11
15090.0 2.779722e-11
15100.0 2.798752e-11
15110.0 2.815791e-11
15120.0 2.830761e-11
15130.0 2.843596e-11
15140.0 2.854246e-11
15150.0 2.862676e-11
15160.0 2.868868e-11
15170.0 2.872822e-11
15180.0 2.874557e-11
15190.0 2.874109e-11
15200.0 2.871537e-11
15210.0 2.866913e-11
15220.0 2.860333e-11
15230.0 2.851907e-11
15240.0 2.841762e-11
15250.0 2.830040e-11
15260.0 2.816898e-11
15270.0 2.802502e-11
15280.0 2.787028e-11
15290.0 2.770659e-11
15300.0 2.753582e-11
15310.0 2.735988e-11
15320.0 2.718066e-11
15330.0 2.700002e-11
15340.0 2.681979e-11
15350.0 2.664170e-11
15360.0 2.646742e-11
15370.0 2.629849e-11
15380.0 2.613635e-11
15390.0 2.598227e-11
15400.0 2.583742e-11
15410.0 2.570279e-11
15420.0 2.557921e-11
15430.0 2.546738e-11
15440.0 2.536781e-11
15450.0 2.528089e-11
15460.0 2.520683e-11
15470.0 2.514572e-11
15480.0 2.509751e-11
15490.0 2.506202e-11
15500.0 2.503896e-11
15510.0 2.502792e-11
15520.0 2.502842e-11
15530.0 2.503989e-11
15540.0 2.506169e-11
15550.0 2.509314e-11
15560.0 2.513348e-11
15570.0 2.518197e-11
15580.0 2.523779e-11
15590.0 2.530017e-11
15600.0 2.536831e-11
15610.0 2.544141e-11
15620.0 2.551872e-11
15630.0 2.559948e-11
15640.0 2.568301e-11
15650.0 2.576862e-11
15660.0 2.585570e-11
15670.0 2.594368e-11
15680.0 2.603202e-11
15690.0 2.612026e-11
15700.0 2.620799e-11
15710.0 2.629483e-11
15720.0 2.638048e-11
15730.0 2.646469e-11
15740.0 2.654723e-11
15750.0 2.662797e-11
15760.0 2.670677e-11
15770.0 2.678359e-11
15780.0 2.685838e-11
15790.0 2.693115e-11
15800.0 2.700195e-11
15810.0 2.707085e-11
15820.0 2.713795e-11
15830.0 2.720337e-11
15840.0 2.726724e-11
15850.0 2.732972e-11
15860.0 2.739098e-11
15870.0 2.745120e-11
15880.0 2.751054e-11
15890.0 2.756921e-11
15900.0 2.762737e-11
15910.0 2.768520e-11
15920.0 2.774287e-11
15930.0 2.780055e-11
15940.0 2.785838e-11
15950.0 2.791650e-11
15960.0 2.797504e-11
15970.0 2.803410e-11
15980.0 2.809378e-11
15990.0 2.815416e-11
16000.0 2.821530e-11
16010.0 2.827723e-11
16020.0 2.833999e-11
16030.0 2.840358e-11
16040.0 2.846799e-11
16050.0 2.853320e-11
16060.0 2.859917e-11
16070.0 2.866583e-11
16080.0 2.873311e-11
16090.0 2.880091e-11
16100.0 2.886914e-11
16110.0 2.893767e-11
16120.0 2.900638e-11
16130.0 2.907512e-11
16140.0 2.914374e-11
16150.0 2.921210e-11
16160.0 2.928002e-11
16170.0 2.934735e-11
16180.0 2.941392e-11
16190.0 2.947957e-11
16200.0 2.954416e-11
16210.0 2.960753e-11
16220.0 2.966955e-11
16230.0 2.973009e-11
16240.0 2.978905e-11
16250.0 2.984633e-11
16260.0 2.990187e-11
16270.0 2.995560e-11
16280.0 3.000751e-11
16290.0 3.005758e-11
16300.0 3.010582e-11
16310.0 3.015226e-11
16320.0 3.019697e-11
16330.0 3.024000e-11
16340.0 3.028145e-11
16350.0 3.032142e-11
16360.0 3.036003e-11
16370.0 3.039741e-11
16380.0 3.043367e-11
16390.0 3.046895e-11
16400.0 3.050336e-11
16410.0 3.053702e-11
16420.0 3.057001e-11
16430.0 3.060242e-11
16440.0 3.063428e-11
16450.0 3.066559e-11
16460.0 3.069632e-11
16470.0 3.072639e-11
16480.0 3.075567e-11
16490.0 3.078398e-11
16500.0 3.081105e-11
16510.0 3.083659e-11
16520.0 3.086023e-11
16530.0 3.088154e-11
16540.0 3.090002e-11
16550.0 3.091512e-11
16560.0 3.092626e-11
16570.0 3.093277e-11
16580.0 3.093397e-11
16590.0 3.092915e-11
16600.0 3.091757e-11
16610.0 3.089848e-11
16620.0 3.087115e-11
16630.0 3.083484e-11
16640.0 3.078886e-11
16650.0 3.073255e-11
16660.0 3.066530e-11
16670.0 3.058658e-11
16680.0 3.049592e-11
16690.0 3.039294e-11
16700.0 3.027737e-11
16710.0 3.014903e-11
16720.0 3.000785e-11
16730.0 2.985388e-11
16740.0 2.968729e-11
16750.0 2.950835e-11
16760.0 2.931746e-11
16770.0 2.911513e-11
16780.0 2.890198e-11
16790.0 2.867874e-11
16800.0 2.844623e-11
16810.0 2.820534e-11
16820.0 2.795705e-11
16830.0 2.770242e-11
16840.0 2.744255e-11
16850.0 2.717856e-11
16860.0 2.691164e-11
16870.0 2.664298e-11
16880.0 2.637376e-11
16890.0 2.610516e-11
16900.0 2.583835e-11
16910.0 2.557448e-11
16920.0 2.531461e-11
16930.0 2.505980e-11
16940.0 2.481102e-11
16950.0 2.456918e-11
16960.0 2.433510e-11
16970.0 2.410953e-11
16980.0 2.389312e-11
16990.0 2.368642e-11
17000.0 2.348991e-11
17010.0 2.330392e-11
17020.0 2.312872e-11
17030.0 2.296446e-11
17040.0 2.281116e-11
17050.0 2.266880e-11
17060.0 2.253720e-11
17070.0 2.241612e-11
17080.0 2.230524e-11
17090.0 2.220414e-11
17100.0 2.211234e-11
17110.0 2.202930e-11
17120.0 2.195443e-11
17130.0 2.188709e-11
17140.0 2.182663e-11
17150.0 2.177237e-11
17160.0 2.172364e-11
17170.0 2.167977e-11
17180.0 2.164014e-11
17190.0 2.160412e-11
17200.0 2.157118e-11
17210.0 2.154081e-11
17220.0 2.151258e-11
17230.0 2.148612e-11
17240.0 2.146117e-11
17250.0 2.143753e-11
17260.0 2.141509e-11
17270.0 2.139382e-11
17280.0 2.137378e-11
17290.0 2.135511e-11
17300.0 2.133801e-11
17310.0 2.132277e-11
17320.0 2.130971e-11
17330.0 2.129921e-11
17340.0 2.129168e-11
17350.0 2.128757e-11
17360.0 2.128730e-11
17370.0 2.129133e-11
17380.0 2.130008e-11
17390.0 2.131395e-11
17400.0 2.133332e-11
17410.0 2.135849e-11
17420.0 2.138973e-11
17430.0 2.142724e-11
17440.0 2.147115e-11
17450.0 2.152151e-11
17460.0 2.157832e-11
17470.0 2.164147e-11
17480.0 2.171079e-11
17490.0 2.178606e-11
17500.0 2.186694e-11
17510.0 2.195307e-11
17520.0 2.204400e-11
17530.0 2.213925e-11
17540.0 2.223826e-11
17550.0 2.234048e-11
17560.0 2.244527e-11
17570.0 2.255202e-11
17580.0 2.266006e-11
17590.0 2.276873e-11
17600.0 2.287738e-11
17610.0 2.298534e-11
17620.0 2.309196e-11
17630.0 2.319662e-11
17640.0 2.329871e-11
17650.0 2.339764e-11
17660.0 2.349287e-11
17670.0 2.358387e-11
17680.0 2.367016e-11
17690.0 2.375131e-11
17700.0 2.382691e-11
17710.0 2.389660e-11
17720.0 2.396007e-11
17730.0 2.401705e-11
17740.0 2.406729e-11
17750.0 2.411063e-11
17760.0 2.414691e-11
17770.0 2.417603e-11
17780.0 2.419792e-11
17790.0 2.421256e-11
17800.0 2.421996e-11
17810.0 2.422016e-11
17820.0 2.421322e-11
17830.0 2.419926e-11
17840.0 2.417839e-11
17850.0 2.415077e-11
17860.0 2.411655e-11
17870.0 2.407592e-11
17880.0 2.402907e-11
17890.0 2.397620e-11
17900.0 2.391751e-11
17910.0 2.385320e-11
17920.0 2.378349e-11
17930.0 2.370858e-11
17940.0 2.362865e-11
17950.0 2.354391e-11
17960.0 2.345453e-11
17970.0 2.336069e-11
17980.0 2.326255e-11
17990.0 2.316028e-11
18000.0 2.305402e-11
18010.0 2.294392e-11
18020.0 2.283013e-11
18030.0 2.271280e-11
18040.0 2.259206e-11
18050.0 2.246806e-11
18060.0 2.234097e-11
18070.0 2.221093e-11
18080.0 2.207811e-11
18090.0 2.194270e-11
18100.0 2.180486e-11
18110.0 2.166481e-11
18120.0 2.152272e-11
18130.0 2.137880e-11
18140.0 2.123326e-11
18150.0 2.108628e-11
18160.0 2.093808e-11
18170.0 2.078881e-11
18180.0 2.063866e-11
18190.0 2.048777e-11
18200.0 2.033626e-11
18210.0 2.018424e-11
18220.0 2.003177e-11
18230.0 1.987890e-11
18240.0 1.972564e-11
18250.0 1.957196e-11
18260.0 1.941782e-11
18270.0 1.926313e-11
18280.0 1.910781e-11
18290.0 1.895172e-11
18300.0 1.879475e-11
18310.0 1.863676e-11
18320.0 1.847761e-11
18330.0 1.831719e-11
18340.0 1.815540e-11
18350.0 1.799215e-11
18360.0 1.782740e-11
18370.0 1.766114e-11
18380.0 1.749341e-11
18390.0 1.732431e-11
18400.0 1.715396e-11
18410.0 1.698257e-11
18420.0 1.681038e-11
18430.0 1.663768e-11
18440.0 1.646484e-11
18450.0 1.629225e-11
18460.0 1.612035e-11
18470.0 1.594962e-11
18480.0 1.578055e-11
18490.0 1.561366e-11
18500.0 1.544950e-11
18510.0 1.528858e-11
18520.0 1.513145e-11
18530.0 1.497862e-11
18540.0 1.483058e-11
18550.0 1.468779e-11
18560.0 1.455068e-11
18570.0 1.441964e-11
18580.0 1.429499e-11
18590.0 1.417703e-11
18600.0 1.406598e-11
18610.0 1.396202e-11
18620.0 1.386526e-11
18630.0 1.377576e-11
18640.0 1.369353e-11
18650.0 1.361849e-11
18660.0 1.355055e-11
18670.0 1.348953e-11
18680.0 1.343522e-11
18690.0 1.338736e-11
18700.0 1.334566e-11
18710.0 1.330976e-11
18720.0 1.327930e-11
18730.0 1.325386e-11
18740.0 1.323302e-11
18750.0 1.321633e-11
18760.0 1.320330e-11
18770.0 1.319347e-11
18780.0 1.318633e-11
18790.0 1.318139e-11
18800.0 1.317816e-11
18810.0 1.317613e-11
18820.0 1.317483e-11
18830.0 1.317377e-11
18840.0 1.317249e-11
18850.0 1.317055e-11
18860.0 1.316751e-11
18870.0 1.316298e-11
18880.0 1.315657e-11
18890.0 1.314793e-11
18900.0 1.313673e-11
18910.0 1.312269e-11
18920.0 1.310555e-11
18930.0 1.308506e-11
18940.0 1.306105e-11
18950.0 1.303335e-11
18960.0 1.300186e-11
18970.0 1.296648e-11
18980.0 1.292719e-11
18990.0 1.288397e-11
19000.0 1.283687e-11
19010.0 1.278597e-11
19020.0 1.273139e-11
19030.0 1.267328e-11
19040.0 1.261185e-11
19050.0 1.254734e-11
19060.0 1.248001e-11
19070.0 1.241018e-11
19080.0 1.233818e-11
19090.0 1.226439e-11
19100.0 1.218919e-11
19110.0 1.211299e-11
19120.0 1.203624e-11
19130.0 1.195937e-11
19140.0 1.188284e-11
19150.0 1.180709e-11
19160.0 1.173258e-11
19170.0 1.165974e-11
19180.0 1.158899e-11
19190.0 1.152074e-11
19200.0 1.145538e-11
19210.0 1.139324e-11
19220.0 1.133465e-11
19230.0 1.127990e-11
19240.0 1.122922e-11
19250.0 1.118281e-11
19260.0 1.114084e-11
19270.0 1.110344e-11
19280.0 1.107066e-11
19290.0 1.104256e-11
19300.0 1.101913e-11
19310.0 1.100033e-11
19320.0 1.098609e-11
19330.0 1.097630e-11
19340.0 1.097084e-11
19350.0 1.096953e-11
19360.0 1.097222e-11
19370.0 1.097869e-11
19380.0 1.098873e-11
19390.0 1.100214e-11
19400.0 1.101866e-11
19410.0 1.103807e-11
19420.0 1.106013e-11
19430.0 1.108458e-11
19440.0 1.111119e-11
19450.0 1.113972e-11
19460.0 1.116991e-11
19470.0 1.120153e-11
19480.0 1.123434e-11
19490.0 1.126811e-11
19500.0 1.130260e-11
19510.0 1.133758e-11
19520.0 1.137284e-11
19530.0 1.140813e-11
19540.0 1.144326e-11
19550.0 1.147799e-11
19560.0 1.151212e-11
19570.0 1.154545e-11
19580.0 1.157776e-11
19590.0 1.160887e-11
19600.0 1.163858e-11
19610.0 1.166670e-11
19620.0 1.169306e-11
19630.0 1.171750e-11
19640.0 1.173984e-11
19650.0 1.175994e-11
19660.0 1.177765e-11
19670.0 1.179285e-11
19680.0 1.180540e-11
19690.0 1.181519e-11
19700.0 1.182211e-11
19710.0 1.182607e-11
19720.0 1.182698e-11
19730.0 1.182476e-11
19740.0 1.181933e-11
19750.0 1.181063e-11
19760.0 1.179860e-11
19770.0 1.178320e-11
19780.0 1.176436e-11
19790.0 1.174205e-11
19800.0 1.171622e-11
19810.0 1.168686e-11
19820.0 1.165393e-11
19830.0 1.161741e-11
19840.0 1.157727e-11
19850.0 1.153351e-11
19860.0 1.148612e-11
19870.0 1.143510e-11
19880.0 1.138045e-11
19890.0 1.132218e-11
19900.0 1.126031e-11
19910.0 1.119487e-11
19920.0 1.112589e-11
19930.0 1.105340e-11
19940.0 1.097747e-11
19950.0 1.089814e-11
19960.0 1.081549e-11
19970.0 1.072959e-11
19980.0 1.064053e-11
19990.0 1.054839e-11
20000.0 1.045329e-11
20010.0 1.035533e-11
20020.0 1.025464e-11
20030.0 1.015134e-11
20040.0 1.004558e-11
20050.0 9.937497e-12
20060.0 9.827258e-12
20070.0 9.715026e-12
20080.0 9.600979e-12
20090.0 9.485301e-12
20100.0 9.368189e-12
20110.0 9.249848e-12
20120.0 9.130491e-12
20130.0 9.010344e-12
20140.0 8.889639e-12
20150.0 8.768617e-12
20160.0 8.647528e-12
20170.0 8.526629e-12
20180.0 8.406183e-12
20190.0 8.286460e-12
20200.0 8.167731e-12
20210.0 8.050272e-12
20220.0 7.934361e-12
20230.0 7.820272e-12
20240.0 7.708279e-12
20250.0 7.598651e-12
20260.0 7.491652e-12
20270.0 7.387534e-12
20280.0 7.286542e-12
20290.0 7.188909e-12
20300.0 7.094851e-12
20310.0 7.004571e-12
20320.0 6.918254e-12
20330.0 6.836067e-12
20340.0 6.758158e-12
20350.0 6.684653e-12
20360.0 6.615658e-12
20370.0 6.551258e-12
20380.0 6.491518e-12
20390.0 6.436479e-12
20400.0 6.386164e-12
20410.0 6.340573e-12
20420.0 6.299690e-12
20430.0 6.263479e-12
20440.0 6.231886e-12
20450.0 6.204843e-12
20460.0 6.182267e-12
20470.0 6.164061e-12
20480.0 6.150117e-12
20490.0 6.140317e-12
20500.0 6.134536e-12
20510.0 6.132637e-12
20520.0 6.134483e-12
20530.0 6.139929e-12
20540.0 6.148825e-12
20550.0 6.161024e-12
20560.0 6.176372e-12
20570.0 6.194719e-12
20580.0 6.215911e-12
20590.0 6.239799e-12
20600.0 6.266234e-12
20610.0 6.295068e-12
20620.0 6.326156e-12
20630.0 6.359357e-12
20640.0 6.394532e-12
20650.0 6.431545e-12
20660.0 6.470265e-12
20670.0 6.510563e-12
20680.0 6.552315e-12
20690.0 6.595402e-12
20700.0 6.639706e-12
20710.0 6.685116e-12
20720.0 6.731527e-12
20730.0 6.778834e-12
20740.0 6.826942e-12
20750.0 6.875759e-12
20760.0 6.925196e-12
20770.0 6.975173e-12
20780.0 7.025613e-12
20790.0 7.076447e-12
20800.0 7.127608e-12
20810.0 7.179039e-12
20820.0 7.230684e-12
20830.0 7.282496e-12
20840.0 7.334432e-12
20850.0 7.386454e-12
20860.0 7.438530e-12
20870.0 7.490632e-12
20880.0 7.542736e-12
20890.0 7.594823e-12
20900.0 7.646876e-12
20910.0 7.698884e-12
20920.0 7.750836e-12
20930.0 7.802725e-12
20940.0 7.854545e-12
20950.0 7.906291e-12
20960.0 7.957960e-12
20970.0 8.009549e-12
20980.0 8.061056e-12
20990.0 8.112476e-12
21000.0 8.163808e-12
21010.0 8.215045e-12
21020.0 8.266182e-12
21030.0 8.317212e-12
21040.0 8.368126e-12
21050.0 8.418912e-12
21060.0 8.469557e-12
21070.0 8.520046e-12
21080.0 8.570361e-12
21090.0 8.620480e-12
21100.0 8.670379e-12
21110.0 8.720031e-12
21120.0 8.769403e-12
21130.0 8.818460e-12
21140.0 8.867162e-12
21150.0 8.915463e-12
21160.0 8.963311e-12
21170.0 9.010649e-12
21180.0 9.057411e-12
21190.0 9.103526e-12
21200.0 9.148911e-12
21210.0 9.193476e-12
21220.0 9.237123e-12
21230.0 9.279739e-12
21240.0 9.321203e-12
21250.0 9.361383e-12
21260.0 9.400133e-12
21270.0 9.437297e-12
21280.0 9.472704e-12
21290.0 9.506175e-12
21300.0 9.537518e-12
21310.0 9.566528e-12
21320.0 9.592995e-12
21330.0 9.616697e-12
21340.0 9.637406e-12
21350.0 9.654890e-12
21360.0 9.668913e-12
21370.0 9.679240e-12
21380.0 9.685637e-12
21390.0 9.687878e-12
21400.0 9.685742e-12
21410.0 9.679022e-12
21420.0 9.667525e-12
21430.0 9.651079e-12
21440.0 9.629532e-12
21450.0 9.602757e-12
21460.0 9.570659e-12
21470.0 9.533171e-12
21480.0 9.490263e-12
21490.0 9.441942e-12
21500.0 9.388252e-12
21510.0 9.329281e-12
21520.0 9.265157e-12
21530.0 9.196050e-12
21540.0 9.122173e-12
21550.0 9.043782e-12
21560.0 8.961173e-12
21570.0 8.874680e-12
21580.0 8.784676e-12
21590.0 8.691567e-12
21600.0 8.595790e-12
21610.0 8.497809e-12
21620.0 8.398111e-12
21630.0 8.297202e-12
21640.0 8.195600e-12
21650.0 8.093834e-12
21660.0 7.992436e-12
21670.0 7.891937e-12
21680.0 7.792862e-12
21690.0 7.695725e-12
21700.0 7.601026e-12
21710.0 7.509244e-12
21720.0 7.420834e-12
21730.0 7.336227e-12
21740.0 7.255820e-12
21750.0 7.179980e-12
21760.0 7.109040e-12
21770.0 7.043292e-12
21780.0 6.982996e-12
21790.0 6.928369e-12
21800.0 6.879594e-12
21810.0 6.836812e-12
21820.0 6.800130e-12
21830.0 6.769618e-12
21840.0 6.745310e-12
21850.0 6.727208e-12
21860.0 6.715285e-12
21870.0 6.709483e-12
21880.0 6.709718e-12
21890.0 6.715883e-12
21900.0 6.727849e-12
21910.0 6.745468e-12
21920.0 6.768576e-12
21930.0 6.796994e-12
21940.0 6.830530e-12
21950.0 6.868984e-12
21960.0 6.912145e-12
21970.0 6.959797e-12
21980.0 7.011720e-12
21990.0 7.067687e-12
22000.0 7.127471e-12
22010.0 7.190841e-12
22020.0 7.257565e-12
22030.0 7.327412e-12
22040.0 7.400148e-12
22050.0 7.475542e-12
22060.0 7.553361e-12
22070.0 7.633373e-12
22080.0 7.715346e-12
22090.0 7.799047e-12
22100.0 7.884245e-12
22110.0 7.970708e-12
22120.0 8.058203e-12
22130.0 8.146497e-12
22140.0 8.235360e-12
22150.0 8.324556e-12
22160.0 8.413854e-12
22170.0 8.503019e-12
22180.0 8.591819e-12
22190.0 8.680022e-12
22200.0 8.767394e-12
22210.0 8.853707e-12
22220.0 8.938730e-12
22230.0 9.022237e-12
22240.0 9.104004e-12
22250.0 9.183809e-12
22260.0 9.261436e-12
22270.0 9.336673e-12
22280.0 9.409311e-12
22290.0 9.479150e-12
22300.0 9.545994e-12
22310.0 9.609654e-12
22320.0 9.669950e-12
22330.0 9.726709e-12
22340.0 9.779765e-12
22350.0 9.828962e-12
22360.0 9.874152e-12
22370.0 9.915196e-12
22380.0 9.951963e-12
22390.0 9.984334e-12
22400.0 1.001220e-11
22410.0 1.003544e-11
22420.0 1.005398e-11
22430.0 1.006772e-11
22440.0 1.007659e-11
22450.0 1.008051e-11
22460.0 1.007942e-11
22470.0 1.007326e-11
22480.0 1.006198e-11
22490.0 1.004554e-11
22500.0 1.002390e-11
22510.0 9.997037e-12
22520.0 9.964920e-12
22530.0 9.927533e-12
22540.0 9.884869e-12
22550.0 9.836924e-12
22560.0 9.783705e-12
22570.0 9.725226e-12
22580.0 9.661512e-12
22590.0 9.592596e-12
22600.0 9.518522e-12
22610.0 9.439349e-12
22620.0 9.355143e-12
22630.0 9.265990e-12
22640.0 9.171985e-12
22650.0 9.073242e-12
22660.0 8.969889e-12
22670.0 8.862072e-12
22680.0 8.749955e-12
22690.0 8.633718e-12
22700.0 8.513561e-12
22710.0 8.389702e-12
22720.0 8.262377e-12
22730.0 8.131841e-12
22740.0 7.998366e-12
22750.0 7.862242e-12
22760.0 7.723775e-12
22770.0 7.583286e-12
22780.0 7.441113e-12
22790.0 7.297605e-12
22800.0 7.153123e-12
22810.0 7.008039e-12
22820.0 6.862735e-12
22830.0 6.717598e-12
22840.0 6.573021e-12
22850.0 6.429401e-12
22860.0 6.287136e-12
22870.0 6.146626e-12
22880.0 6.008266e-12
22890.0 5.872449e-12
22900.0 5.739563e-12
22910.0 5.609988e-12
22920.0 5.484095e-12
22930.0 5.362245e-12
22940.0 5.244786e-12
22950.0 5.132054e-12
22960.0 5.024369e-12
22970.0 4.922035e-12
22980.0 4.825339e-12
22990.0 4.734547e-12
23000.0 4.649908e-12
23010.0 4.571649e-12
23020.0 4.499973e-12
23030.0 4.435062e-12
23040.0 4.377074e-12
23050.0 4.326142e-12
23060.0 4.282373e-12
23070.0 4.245849e-12
23080.0 4.216624e-12
23090.0 4.194727e-12
23100.0 4.180157e-12
23110.0 4.172887e-12
23120.0 4.172861e-12
23130.0 4.179998e-12
23140.0 4.194185e-12
23150.0 4.215286e-12
23160.0 4.243134e-12
23170.0 4.277540e-12
23180.0 4.318284e-12
23190.0 4.365126e-12
23200.0 4.417800e-12
23210.0 4.476017e-12
23220.0 4.539466e-12
23230.0 4.607818e-12
23240.0 4.680725e-12
23250.0 4.757821e-12
23260.0 4.838725e-12
23270.0 4.923043e-12
23280.0 5.010370e-12
23290.0 5.100290e-12
23300.0 5.192382e-12
23310.0 5.286217e-12
23320.0 5.381364e-12
23330.0 5.477389e-12
23340.0 5.573860e-12
23350.0 5.670346e-12
23360.0 5.766421e-12
23370.0 5.861666e-12
23380.0 5.955668e-12
23390.0 6.048026e-12
23400.0 6.138348e-12
23410.0 6.226256e-12
23420.0 6.311387e-12
23430.0 6.393392e-12
23440.0 6.471938e-12
23450.0 6.546712e-12
23460.0 6.617419e-12
23470.0 6.683783e-12
23480.0 6.745548e-12
23490.0 6.802481e-12
23500.0 6.854367e-12
23510.0 6.901016e-12
23520.0 6.942260e-12
23530.0 6.977951e-12
23540.0 7.007967e-12
23550.0 7.032207e-12
23560.0 7.050593e-12
23570.0 7.063070e-12
23580.0 7.069608e-12
23590.0 7.070197e-12
23600.0 7.064853e-12
23610.0 7.053614e-12
23620.0 7.036542e-12
23630.0 7.013720e-12
23640.0 6.985258e-12
23650.0 6.951291e-12
23660.0 6.911974e-12
23670.0 6.867490e-12
23680.0 6.818050e-12
23690.0 6.763887e-12
23700.0 6.705264e-12
23710.0 6.642471e-12
23720.0 6.575829e-12
23730.0 6.505686e-12
23740.0 6.432422e-12
23750.0 6.356447e-12
23760.0 6.278203e-12
23770.0 6.198162e-12
23780.0 6.116825e-12
23790.0 6.034721e-12
23800.0 5.952406e-12
23810.0 5.870457e-12
23820.0 5.789468e-12
23830.0 5.710240e-12
23840.0 5.633238e-12
23850.0 5.559032e-12
23860.0 5.488228e-12
23870.0 5.421411e-12
23880.0 5.359143e-12
23890.0 5.301945e-12
23900.0 5.250297e-12
23910.0 5.204622e-12
23920.0 5.165280e-12
23930.0 5.132564e-12
23940.0 5.106693e-12
23950.0 5.087806e-12
23960.0 5.075966e-12
23970.0 5.071156e-12
23980.0 5.073285e-12
23990.0 5.082190e-12
24000.0 5.097645e-12
24010.0 5.119369e-12
24020.0 5.147034e-12
24030.0 5.180276e-12
24040.0 5.218706e-12
24050.0 5.261919e-12
24060.0 5.309507e-12
24070.0 5.361063e-12
24080.0 5.416194e-12
24090.0 5.474526e-12
24100.0 5.535709e-12
24110.0 5.599418e-12
24120.0 5.665358e-12
24130.0 5.733264e-12
24140.0 5.802899e-12
24150.0 5.874053e-12
24160.0 5.946540e-12
24170.0 6.020193e-12
24180.0 6.094866e-12
24190.0 6.170421e-12
24200.0 6.246734e-12
24210.0 6.323686e-12
24220.0 6.401159e-12
24230.0 6.479038e-12
24240.0 6.557206e-12
24250.0 6.635542e-12
24260.0 6.713922e-12
24270.0 6.792215e-12
24280.0 6.870284e-12
24290.0 6.947987e-12
24300.0 7.025173e-12
24310.0 7.101687e-12
24320.0 7.177364e-12
24330.0 7.252033e-12
24340.0 7.325517e-12
24350.0 7.397630e-12
24360.0 7.468180e-12
24370.0 7.536965e-12
24380.0 7.603779e-12
24390.0 7.668408e-12
24400.0 7.730634e-12
24410.0 7.790234e-12
24420.0 7.846983e-12
24430.0 7.900656e-12
24440.0 7.951034e-12
24450.0 7.997902e-12
24460.0 8.041061e-12
24470.0 8.080324e-12
24480.0 8.115529e-12
24490.0 8.146538e-12
24500.0 8.173245e-12
24510.0 8.195578e-12
24520.0 8.213508e-12
24530.0 8.227046e-12
24540.0 8.236247e-12
24550.0 8.241215e-12
24560.0 8.242094e-12
24570.0 8.239077e-12
24580.0 8.232390e-12
24590.0 8.222301e-12
24600.0 8.209102e-12
24610.0 8.193112e-12
24620.0 8.174664e-12
24630.0 8.154101e-12
24640.0 8.131765e-12
24650.0 8.107995e-12
24660.0 8.083113e-12
24670.0 8.057428e-12
24680.0 8.031221e-12
24690.0 8.004750e-12
24700.0 7.978242e-12
24710.0 7.951898e-12
24720.0 7.925884e-12
24730.0 7.900341e-12
24740.0 7.875384e-12
24750.0 7.851105e-12
24760.0 7.827572e-12
24770.0 7.804842e-12
24780.0 7.782954e-12
24790.0 7.761941e-12
24800.0 7.741826e-12
24810.0 7.722629e-12
24820.0 7.704366e-12
24830.0 7.687050e-12
24840.0 7.670691e-12
24850.0 7.655299e-12
24860.0 7.640875e-12
24870.0 7.627419e-12
24880.0 7.614922e-12
24890.0 7.603370e-12
24900.0 7.592740e-12
24910.0 7.583001e-12
24920.0 7.574116e-12
24930.0 7.566043e-12
24940.0 7.558732e-12
24950.0 7.552133e-12
24960.0 7.546192e-12
24970.0 7.540854e-12
24980.0 7.536067e-12
24990.0 7.531779e-12
25000.0 7.527941e-12
