1000.0 2.889167e-14
1010.0 3.500881e-14
1020.0 4.255910e-14
1030.0 5.183262e-14
1040.0 6.318982e-14
1050.0 7.704259e-14
1060.0 9.385081e-14
1070.0 1.141143e-13
1080.0 1.383592e-13
1090.0 1.671197e-13
1100.0 2.009143e-13
1110.0 2.402201e-13
1120.0 2.854457e-13
1130.0 3.369055e-13
1140.0 3.947984e-13
1150.0 4.591904e-13
1160.0 5.300031e-13
1170.0 6.070082e-13
1180.0 6.898272e-13
1190.0 7.779351e-13
1200.0 8.706704e-13
1210.0 9.672479e-13
1220.0 1.066777e-12
1230.0 1.168283e-12
1240.0 1.270734e-12
1250.0 1.373065e-12
1260.0 1.474211e-12
1270.0 1.573134e-12
1280.0 1.668851e-12
1290.0 1.760462e-12
1300.0 1.847169e-12
1310.0 1.928296e-12
1320.0 2.003299e-12
1330.0 2.071782e-12
1340.0 2.133492e-12
1350.0 2.188326e-12
1360.0 2.236321e-12
1370.0 2.277652e-12
1380.0 2.312618e-12
1390.0 2.341632e-12
1400.0 2.365201e-12
1410.0 2.383920e-12
1420.0 2.398447e-12
1430.0 2.409489e-12
1440.0 2.417783e-12
1450.0 2.424081e-12
1460.0 2.429134e-12
1470.0 2.433669e-12
1480.0 2.438387e-12
1490.0 2.443939e-12
1500.0 2.450927e-12
1510.0 2.459888e-12
1520.0 2.471298e-12
1530.0 2.485564e-12
1540.0 2.503032e-12
1550.0 2.523984e-12
1560.0 2.548648e-12
1570.0 2.577200e-12
1580.0 2.609777e-12
1590.0 2.646478e-12
1600.0 2.687374e-12
1610.0 2.732510e-12
1620.0 2.781918e-12
1630.0 2.835611e-12
1640.0 2.893593e-12
1650.0 2.955857e-12
1660.0 3.022388e-12
1670.0 3.093165e-12
1680.0 3.168157e-12
1690.0 3.247324e-12
1700.0 3.330618e-12
1710.0 3.417979e-12
1720.0 3.509335e-12
1730.0 3.604602e-12
1740.0 3.703680e-12
1750.0 3.806451e-12
1760.0 3.912782e-12
1770.0 4.022519e-12
1780.0 4.135486e-12
1790.0 4.251485e-12
1800.0 4.370297e-12
1810.0 4.491674e-12
1820.0 4.615343e-12
1830.0 4.741007e-12
1840.0 4.868337e-12
1850.0 4.996979e-12
1860.0 5.126550e-12
1870.0 5.256640e-12
1880.0 5.386813e-12
1890.0 5.516610e-12
1900.0 5.645549e-12
1910.0 5.773133e-12
1920.0 5.898850e-12
1930.0 6.022185e-12
1940.0 6.142620e-12
1950.0 6.259649e-12
1960.0 6.372782e-12
1970.0 6.481553e-12
1980.0 6.585533e-12
1990.0 6.684334e-12
2000.0 6.777621e-12
2010.0 6.865111e-12
2020.0 6.946584e-12
2030.0 7.021883e-12
2040.0 7.090913e-12
2050.0 7.153642e-12
2060.0 7.210099e-12
2070.0 7.260370e-12
2080.0 7.304589e-12
2090.0 7.342942e-12
2100.0 7.375653e-12
2110.0 7.402981e-12
2120.0 7.425221e-12
2130.0 7.442690e-12
2140.0 7.455731e-12
2150.0 7.464704e-12
2160.0 7.469985e-12
2170.0 7.471967e-12
2180.0 7.471049e-12
2190.0 7.467644e-12
2200.0 7.462170e-12
2210.0 7.455052e-12
2220.0 7.446720e-12
2230.0 7.437610e-12
2240.0 7.428159e-12
2250.0 7.418807e-12
2260.0 7.409997e-12
2270.0 7.402170e-12
2280.0 7.395771e-12
2290.0 7.391242e-12
2300.0 7.389027e-12
2310.0 7.389567e-12
2320.0 7.393313e-12
2330.0 7.400728e-12
2340.0 7.412304e-12
2350.0 7.428590e-12
2360.0 7.450236e-12
2370.0 7.478055e-12
2380.0 7.513102e-12
2390.0 7.556778e-12
2400.0 7.610942e-12
2410.0 7.678012e-12
2420.0 7.761043e-12
2430.0 7.863730e-12
2440.0 7.990320e-12
2450.0 8.145379e-12
2460.0 8.333416e-12
2470.0 8.558340e-12
2480.0 8.822814e-12
2490.0 9.127550e-12
2500.0 9.470678e-12
2510.0 9.847282e-12
2520.0 1.024925e-11
2530.0 1.066553e-11
2540.0 1.108276e-11
2550.0 1.148634e-11
2560.0 1.186168e-11
2570.0 1.219551e-11
2580.0 1.247704e-11
2590.0 1.269877e-11
2600.0 1.285688e-11
2610.0 1.295117e-11
2620.0 1.298461e-11
2630.0 1.296267e-11
2640.0 1.289249e-11
2650.0 1.278063e-11
2660.0 1.256139e-11
2670.0 1.167750e-11
2680.0 1.110151e-11
2690.0 1.524582e-11
2700.0 2.432042e-11
2710.0 3.503050e-11
2720.0 4.245526e-11
2730.0 4.497868e-11
2740.0 4.577978e-11
2750.0 4.680386e-11
2760.0 4.720726e-11
2770.0 4.721092e-11
2780.0 4.845468e-11
2790.0 5.203258e-11
2800.0 5.369233e-11
2810.0 5.352139e-11
2820.0 5.267304e-11
2830.0 5.029945e-11
2840.0 4.817073e-11
2850.0 4.813546e-11
2860.0 4.844464e-11
2870.0 4.862280e-11
2880.0 4.926483e-11
2890.0 5.232309e-11
2900.0 5.775022e-11
2910.0 6.355423e-11
2920.0 6.916232e-11
2930.0 7.334397e-11
2940.0 7.553509e-11
2950.0 7.522273e-11
2960.0 7.338799e-11
2970.0 7.172619e-11
2980.0 7.034864e-11
2990.0 6.777835e-11
3000.0 6.371797e-11
3010.0 5.982800e-11
3020.0 5.718333e-11
3030.0 5.714567e-11
3040.0 5.836407e-11
3050.0 5.895293e-11
3060.0 5.893521e-11
3070.0 5.917088e-11
3080.0 6.028040e-11
3090.0 5.933817e-11
3100.0 5.661917e-11
3110.0 5.701012e-11
3120.0 5.997448e-11
3130.0 6.186235e-11
3140.0 6.290917e-11
3150.0 6.392862e-11
3160.0 6.586476e-11
3170.0 6.962762e-11
3180.0 7.529302e-11
3190.0 8.067658e-11
3200.0 8.381684e-11
3210.0 8.310929e-11
3220.0 7.957763e-11
3230.0 7.479370e-11
3240.0 7.074082e-11
3250.0 6.740286e-11
3260.0 6.416913e-11
3270.0 6.105979e-11
3280.0 5.817763e-11
3290.0 5.651301e-11
3300.0 5.621454e-11
3310.0 5.678718e-11
3320.0 5.792204e-11
3330.0 5.875324e-11
3340.0 5.870148e-11
3350.0 5.687227e-11
3360.0 5.455582e-11
3370.0 5.534828e-11
3380.0 5.846963e-11
3390.0 6.167511e-11
3400.0 6.497958e-11
3410.0 6.944511e-11
3420.0 7.502921e-11
3430.0 7.955772e-11
3440.0 8.137894e-11
3450.0 8.067298e-11
3460.0 7.850548e-11
3470.0 7.631746e-11
3480.0 7.461113e-11
3490.0 7.323701e-11
3500.0 7.294512e-11
3510.0 7.472069e-11
3520.0 7.730528e-11
3530.0 7.979085e-11
3540.0 8.251655e-11
3550.0 8.549456e-11
3560.0 8.869859e-11
3570.0 9.255207e-11
3580.0 9.712603e-11
3590.0 1.015576e-10
3600.0 1.046246e-10
3610.0 1.059902e-10
3620.0 1.064324e-10
3630.0 1.065849e-10
3640.0 1.065765e-10
3650.0 1.070467e-10
3660.0 1.096381e-10
3670.0 1.156114e-10
3680.0 1.247381e-10
3690.0 1.369360e-10
3700.0 1.512622e-10
3710.0 1.654291e-10
3720.0 1.772899e-10
3730.0 1.830983e-10
3740.0 1.809245e-10
3750.0 1.712051e-10
3760.0 1.550708e-10
3770.0 1.352151e-10
3780.0 1.151115e-10
3790.0 9.708261e-11
3800.0 8.178098e-11
3810.0 7.017247e-11
3820.0 6.450980e-11
3830.0 6.603196e-11
3840.0 7.459096e-11
3850.0 8.911305e-11
3860.0 1.074607e-10
3870.0 1.273054e-10
3880.0 1.471900e-10
3890.0 1.668256e-10
3900.0 1.867279e-10
3910.0 2.071584e-10
3920.0 2.270746e-10
3930.0 2.444511e-10
3940.0 2.575355e-10
3950.0 2.656244e-10
3960.0 2.692926e-10
3970.0 2.701245e-10
3980.0 2.695713e-10
3990.0 2.677512e-10
4000.0 2.635708e-10
4010.0 2.560450e-10
4020.0 2.453350e-10
4030.0 2.325676e-10
4040.0 2.190310e-10
4050.0 2.058806e-10
4060.0 1.943205e-10
4070.0 1.852488e-10
4080.0 1.785300e-10
4090.0 1.732143e-10
4100.0 1.687083e-10
4110.0 1.653726e-10
4120.0 1.639114e-10
4130.0 1.644982e-10
4140.0 1.665918e-10
4150.0 1.694455e-10
4160.0 1.726398e-10
4170.0 1.761060e-10
4180.0 1.798169e-10
4190.0 1.836148e-10
4200.0 1.872529e-10
4210.0 1.904575e-10
4220.0 1.930397e-10
4230.0 1.950552e-10
4240.0 1.967725e-10
4250.0 1.984642e-10
4260.0 2.003066e-10
4270.0 2.024816e-10
4280.0 2.052257e-10
4290.0 2.086363e-10
4300.0 2.124340e-10
4310.0 2.159875e-10
4320.0 2.185106e-10
4330.0 2.191203e-10
4340.0 2.168610e-10
4350.0 2.110359e-10
4360.0 2.016921e-10
4370.0 1.897134e-10
4380.0 1.764123e-10
4390.0 1.630798e-10
4400.0 1.508132e-10
4410.0 1.405019e-10
4420.0 1.328031e-10
4430.0 1.281049e-10
4440.0 1.265894e-10
4450.0 1.283658e-10
4460.0 1.334771e-10
4470.0 1.417529e-10
4480.0 1.527656e-10
4490.0 1.660378e-10
4500.0 1.813100e-10
4510.0 1.986052e-10
4520.0 2.180532e-10
4530.0 2.396535e-10
4540.0 2.631556e-10
4550.0 2.880749e-10
4560.0 3.137173e-10
4570.0 3.391852e-10
4580.0 3.634674e-10
4590.0 3.856035e-10
4600.0 4.047737e-10
4610.0 4.202958e-10
4620.0 4.315839e-10
4630.0 4.381128e-10
4640.0 4.394250e-10
4650.0 4.351991e-10
4660.0 4.254110e-10
4670.0 4.105263e-10
4680.0 3.915290e-10
4690.0 3.696646e-10
4700.0 3.460968e-10
4710.0 3.218034e-10
4720.0 2.976778e-10
4730.0 2.745108e-10
4740.0 2.527941e-10
4750.0 2.326968e-10
4760.0 2.144124e-10
4770.0 1.985315e-10
4780.0 1.859977e-10
4790.0 1.776171e-10
4800.0 1.735497e-10
4810.0 1.731288e-10
4820.0 1.750324e-10
4830.0 1.776803e-10
4840.0 1.797534e-10
4850.0 1.806906e-10
4860.0 1.809101e-10
4870.0 1.815625e-10
4880.0 1.839421e-10
4890.0 1.889418e-10
4900.0 1.968374e-10
4910.0 2.073554e-10
4920.0 2.197971e-10
4930.0 2.330716e-10
4940.0 2.456752e-10
4950.0 2.557756e-10
4960.0 2.615065e-10
4970.0 2.614333e-10
4980.0 2.550470e-10
4990.0 2.430596e-10
5000.0 2.273339e-10
5010.0 2.103876e-10
5020.0 1.946510e-10
5030.0 1.818329e-10
5040.0 1.726690e-10
5050.0 1.670651e-10
5060.0 1.644590e-10
5070.0 1.641783e-10
5080.0 1.656327e-10
5090.0 1.683211e-10
5100.0 1.717688e-10
5110.0 1.755132e-10
5120.0 1.791502e-10
5130.0 1.824040e-10
5140.0 1.851922e-10
5150.0 1.876504e-10
5160.0 1.900713e-10
5170.0 1.927798e-10
5180.0 1.960289e-10
5190.0 1.999643e-10
5200.0 2.046432e-10
5210.0 2.100568e-10
5220.0 2.161368e-10
5230.0 2.227593e-10
5240.0 2.297612e-10
5250.0 2.369670e-10
5260.0 2.442058e-10
5270.0 2.513041e-10
5280.0 2.580694e-10
5290.0 2.642894e-10
5300.0 2.697575e-10
5310.0 2.743117e-10
5320.0 2.778609e-10
5330.0 2.803806e-10
5340.0 2.818871e-10
5350.0 2.824023e-10
5360.0 2.819196e-10
5370.0 2.803770e-10
5380.0 2.776577e-10
5390.0 2.736560e-10
5400.0 2.684342e-10
5410.0 2.623432e-10
5420.0 2.559969e-10
5430.0 2.501120e-10
5440.0 2.453175e-10
5450.0 2.420183e-10
5460.0 2.403307e-10
5470.0 2.400783e-10
5480.0 2.408390e-10
5490.0 2.420309e-10
5500.0 2.430154e-10
5510.0 2.431917e-10
5520.0 2.420580e-10
5530.0 2.392358e-10
5540.0 2.344809e-10
5550.0 2.277071e-10
5560.0 2.190140e-10
5570.0 2.086797e-10
5580.0 1.971009e-10
5590.0 1.847192e-10
5600.0 1.719464e-10
5610.0 1.591294e-10
5620.0 1.465563e-10
5630.0 1.344829e-10
5640.0 1.231694e-10
5650.0 1.129119e-10
5660.0 1.040526e-10
5670.0 9.696791e-11
5680.0 9.204254e-11
5690.0 8.963374e-11
5700.0 9.003144e-11
5710.0 9.342315e-11
5720.0 9.987070e-11
5730.0 1.092968e-10
5740.0 1.214765e-10
5750.0 1.360376e-10
5760.0 1.524733e-10
5770.0 1.701690e-10
5780.0 1.884337e-10
5790.0 2.065344e-10
5800.0 2.237331e-10
5810.0 2.393322e-10
5820.0 2.527331e-10
5830.0 2.635018e-10
5840.0 2.714163e-10
5850.0 2.764725e-10
5860.0 2.788440e-10
5870.0 2.788429e-10
5880.0 2.768677e-10
5890.0 2.733152e-10
5900.0 2.684739e-10
5910.0 2.624597e-10
5920.0 2.552484e-10
5930.0 2.467885e-10
5940.0 2.371164e-10
5950.0 2.264083e-10
5960.0 2.149608e-10
5970.0 2.031409e-10
5980.0 1.913417e-10
5990.0 1.799575e-10
6000.0 1.693712e-10
6010.0 1.599412e-10
6020.0 1.519736e-10
6030.0 1.456834e-10
6040.0 1.411542e-10
6050.0 1.383165e-10
6060.0 1.369539e-10
6070.0 1.367424e-10
6080.0 1.373133e-10
6090.0 1.383286e-10
6100.0 1.395442e-10
6110.0 1.408343e-10
6120.0 1.421726e-10
6130.0 1.435854e-10
6140.0 1.451029e-10
6150.0 1.467244e-10
6160.0 1.484001e-10
6170.0 1.500236e-10
6180.0 1.514339e-10
6190.0 1.524274e-10
6200.0 1.527805e-10
6210.0 1.522805e-10
6220.0 1.507609e-10
6230.0 1.481323e-10
6240.0 1.444054e-10
6250.0 1.397018e-10
6260.0 1.342505e-10
6270.0 1.283713e-10
6280.0 1.224441e-10
6290.0 1.168718e-10
6300.0 1.120424e-10
6310.0 1.082954e-10
6320.0 1.058925e-10
6330.0 1.049952e-10
6340.0 1.056526e-10
6350.0 1.078084e-10
6360.0 1.113292e-10
6370.0 1.160459e-10
6380.0 1.217963e-10
6390.0 1.284458e-10
6400.0 1.358451e-10
6410.0 1.437265e-10
6420.0 1.516507e-10
6430.0 1.591169e-10
6440.0 1.657535e-10
6450.0 1.713869e-10
6460.0 1.759504e-10
6470.0 1.793714e-10
6480.0 1.815408e-10
6490.0 1.823448e-10
6500.0 1.817073e-10
6510.0 1.796141e-10
6520.0 1.761191e-10
6530.0 1.713391e-10
6540.0 1.654440e-10
6550.0 1.586441e-10
6560.0 1.511721e-10
6570.0 1.432530e-10
6580.0 1.350821e-10
6590.0 1.268207e-10
6600.0 1.186073e-10
6610.0 1.105735e-10
6620.0 1.028478e-10
6630.0 9.554492e-11
6640.0 8.874880e-11
6650.0 8.250219e-11
6660.0 7.681044e-11
6670.0 7.165604e-11
6680.0 6.701600e-11
6690.0 6.287392e-11
6700.0 5.922342e-11
6710.0 5.606388e-11
6720.0 5.339256e-11
6730.0 5.119823e-11
6740.0 4.945962e-11
6750.0 4.814791e-11
6760.0 4.722966e-11
6770.0 4.666725e-11
6780.0 4.641897e-11
6790.0 4.644285e-11
6800.0 4.670356e-11
6810.0 4.717735e-11
6820.0 4.785185e-11
6830.0 4.872263e-11
6840.0 4.979029e-11
6850.0 5.105936e-11
6860.0 5.253741e-11
6870.0 5.422798e-11
6880.0 5.611986e-11
6890.0 5.817406e-11
6900.0 6.031685e-11
6910.0 6.244550e-11
6920.0 6.444743e-11
6930.0 6.622633e-11
6940.0 6.772513e-11
6950.0 6.893827e-11
6960.0 6.991001e-11
6970.0 7.072112e-11
6980.0 7.146936e-11
6990.0 7.224949e-11
7000.0 7.313784e-11
7010.0 7.418398e-11
7020.0 7.540969e-11
7030.0 7.681311e-11
7040.0 7.837437e-11
7050.0 8.006009e-11
7060.0 8.182619e-11
7070.0 8.362128e-11
7080.0 8.539219e-11
7090.0 8.709180e-11
7100.0 8.868623e-11
7110.0 9.015868e-11
7120.0 9.150878e-11
7130.0 9.274883e-11
7140.0 9.389857e-11
7150.0 9.498190e-11
7160.0 9.602407e-11
7170.0 9.704780e-11
7180.0 9.806782e-11
7190.0 9.908485e-11
7200.0 1.000808e-10
7210.0 1.010176e-10
7220.0 1.018414e-10
7230.0 1.024915e-10
7240.0 1.029118e-10
7250.0 1.030638e-10
7260.0 1.029358e-10
7270.0 1.025494e-10
7280.0 1.019571e-10
7290.0 1.012331e-10
7300.0 1.004571e-10
7310.0 9.964311e-11
7320.0 9.879884e-11
7330.0 9.801316e-11
7340.0 9.726758e-11
7350.0 9.652249e-11
7360.0 9.573017e-11
7370.0 9.484954e-11
7380.0 9.385893e-11
7390.0 9.276244e-11
7400.0 9.158634e-11
7410.0 9.036620e-11
7420.0 8.913076e-11
7430.0 8.789074e-11
7440.0 8.663640e-11
7450.0 8.534221e-11
7460.0 8.397552e-11
7470.0 8.250769e-11
7480.0 8.092580e-11
7490.0 7.924097e-11
7500.0 7.748824e-11
7510.0 7.571668e-11
7520.0 7.397389e-11
7530.0 7.229352e-11
7540.0 7.069314e-11
7550.0 6.918295e-11
7560.0 6.777894e-11
7570.0 6.651173e-11
7580.0 6.542694e-11
7590.0 6.457736e-11
7600.0 6.401003e-11
7610.0 6.375294e-11
7620.0 6.380792e-11
7630.0 6.415410e-11
7640.0 6.475825e-11
7650.0 6.558095e-11
7660.0 6.657161e-11
7670.0 6.765805e-11
7680.0 6.874360e-11
7690.0 6.971803e-11
7700.0 7.047687e-11
7710.0 7.093849e-11
7720.0 7.105276e-11
7730.0 7.080130e-11
7740.0 7.019327e-11
7750.0 6.926047e-11
7760.0 6.805401e-11
7770.0 6.664160e-11
7780.0 6.510338e-11
7790.0 6.352399e-11
7800.0 6.198132e-11
7810.0 6.053426e-11
7820.0 5.921302e-11
7830.0 5.801463e-11
7840.0 5.690446e-11
7850.0 5.582330e-11
7860.0 5.469911e-11
7870.0 5.346172e-11
7880.0 5.205803e-11
7890.0 5.046397e-11
7900.0 4.869034e-11
7910.0 4.678093e-11
7920.0 4.480395e-11
7930.0 4.283896e-11
7940.0 4.096227e-11
7950.0 3.923399e-11
7960.0 3.768924e-11
7970.0 3.633584e-11
7980.0 3.515863e-11
7990.0 3.412874e-11
8000.0 3.321408e-11
8010.0 3.238742e-11
8020.0 3.162961e-11
8030.0 3.092778e-11
8040.0 3.027063e-11
8050.0 2.964341e-11
8060.0 2.902550e-11
8070.0 2.839124e-11
8080.0 2.771375e-11
8090.0 2.696968e-11
8100.0 2.614311e-11
8110.0 2.522763e-11
8120.0 2.422641e-11
8130.0 2.315134e-11
8140.0 2.202186e-11
8150.0 2.086422e-11
8160.0 1.971064e-11
8170.0 1.859781e-11
8180.0 1.756399e-11
8190.0 1.664476e-11
8200.0 1.586793e-11
8210.0 1.524918e-11
8220.0 1.479007e-11
8230.0 1.447926e-11
8240.0 1.429682e-11
8250.0 1.422029e-11
8260.0 1.423017e-11
8270.0 1.431360e-11
8280.0 1.446498e-11
8290.0 1.468400e-11
8300.0 1.497216e-11
8310.0 1.532917e-11
8320.0 1.575072e-11
8330.0 1.622892e-11
8340.0 1.675552e-11
8350.0 1.732700e-11
8360.0 1.794950e-11
8370.0 1.864100e-11
8380.0 1.942916e-11
8390.0 2.034500e-11
8400.0 2.141426e-11
8410.0 2.264976e-11
8420.0 2.404720e-11
8430.0 2.558523e-11
8440.0 2.722891e-11
8450.0 2.893436e-11
8460.0 3.065298e-11
8470.0 3.233461e-11
8480.0 3.393062e-11
8490.0 3.539801e-11
8500.0 3.670458e-11
8510.0 3.783415e-11
8520.0 3.878925e-11
8530.0 3.958968e-11
8540.0 4.026658e-11
8550.0 4.085370e-11
8560.0 4.137874e-11
8570.0 4.185752e-11
8580.0 4.229285e-11
8590.0 4.267821e-11
8600.0 4.300490e-11
8610.0 4.327034e-11
8620.0 4.348422e-11
8630.0 4.367031e-11
8640.0 4.386246e-11
8650.0 4.409614e-11
8660.0 4.439785e-11
8670.0 4.477582e-11
8680.0 4.521475e-11
8690.0 4.567636e-11
8700.0 4.610672e-11
8710.0 4.644936e-11
8720.0 4.666131e-11
8730.0 4.672792e-11
8740.0 4.667130e-11
8750.0 4.654741e-11
8760.0 4.642913e-11
8770.0 4.637883e-11
8780.0 4.642247e-11
8790.0 4.653851e-11
8800.0 4.666724e-11
8810.0 4.673348e-11
8820.0 4.667056e-11
8830.0 4.643605e-11
8840.0 4.601687e-11
8850.0 4.542539e-11
8860.0 4.469030e-11
8870.0 4.384632e-11
8880.0 4.292614e-11
8890.0 4.195663e-11
8900.0 4.095911e-11
8910.0 3.995157e-11
8920.0 3.895068e-11
8930.0 3.797227e-11
8940.0 3.703037e-11
8950.0 3.613608e-11
8960.0 3.529725e-11
8970.0 3.451942e-11
8980.0 3.380772e-11
8990.0 3.316900e-11
9000.0 3.261357e-11
9010.0 3.215596e-11
9020.0 3.181423e-11
9030.0 3.160785e-11
9040.0 3.155456e-11
9050.0 3.166710e-11
9060.0 3.195097e-11
9070.0 3.240397e-11
9080.0 3.301756e-11
9090.0 3.377926e-11
9100.0 3.467487e-11
9110.0 3.568958e-11
9120.0 3.680813e-11
9130.0 3.801455e-11
9140.0 3.929251e-11
9150.0 4.062647e-11
9160.0 4.200328e-11
9170.0 4.341296e-11
9180.0 4.484776e-11
9190.0 4.629921e-11
9200.0 4.775386e-11
9210.0 4.918986e-11
9220.0 5.057684e-11
9230.0 5.188066e-11
9240.0 5.307236e-11
9250.0 5.413745e-11
9260.0 5.507984e-11
9270.0 5.591679e-11
9280.0 5.666649e-11
9290.0 5.733568e-11
9300.0 5.791571e-11
9310.0 5.838970e-11
9320.0 5.874525e-11
9330.0 5.898365e-11
9340.0 5.912029e-11
9350.0 5.917781e-11
9360.0 5.917796e-11
9370.0 5.913640e-11
9380.0 5.906172e-11
9390.0 5.895707e-11
9400.0 5.882232e-11
9410.0 5.865588e-11
9420.0 5.845577e-11
9430.0 5.822010e-11
9440.0 5.794743e-11
9450.0 5.763688e-11
9460.0 5.728820e-11
9470.0 5.690186e-11
9480.0 5.647906e-11
9490.0 5.602169e-11
9500.0 5.553233e-11
9510.0 5.501413e-11
9520.0 5.447078e-11
9530.0 5.390635e-11
9540.0 5.332519e-11
9550.0 5.273184e-11
9560.0 5.213088e-11
9570.0 5.152684e-11
9580.0 5.092414e-11
9590.0 5.032698e-11
9600.0 4.973930e-11
9610.0 4.916474e-11
9620.0 4.860663e-11
9630.0 4.806796e-11
9640.0 4.755142e-11
9650.0 4.705937e-11
9660.0 4.659390e-11
9670.0 4.615687e-11
9680.0 4.574989e-11
9690.0 4.537439e-11
9700.0 4.503161e-11
9710.0 4.472263e-11
9720.0 4.444835e-11
9730.0 4.420948e-11
9740.0 4.400649e-11
9750.0 4.383958e-11
9760.0 4.370862e-11
9770.0 4.361309e-11
9780.0 4.355203e-11
9790.0 4.352398e-11
9800.0 4.352697e-11
9810.0 4.355850e-11
9820.0 4.361558e-11
9830.0 4.369479e-11
9840.0 4.379234e-11
9850.0 4.390423e-11
9860.0 4.402637e-11
9870.0 4.415474e-11
9880.0 4.428559e-11
9890.0 4.441554e-11
9900.0 4.454174e-11
9910.0 4.466203e-11
9920.0 4.477492e-11
9930.0 4.487968e-11
9940.0 4.497629e-11
9950.0 4.506535e-11
9960.0 4.514793e-11
9970.0 4.522548e-11
9980.0 4.529952e-11
9990.0 4.537150e-11
10000.0 4.544256e-11
10010.0 4.551332e-11
10020.0 4.558372e-11
10030.0 4.565291e-11
10040.0 4.571916e-11
10050.0 4.577991e-11
10060.0 4.583185e-11
10070.0 4.587105e-11
10080.0 4.589321e-11
10090.0 4.589390e-11
10100.0 4.586885e-11
10110.0 4.581426e-11
10120.0 4.572707e-11
10130.0 4.560518e-11
10140.0 4.544763e-11
10150.0 4.525463e-11
10160.0 4.502766e-11
10170.0 4.476929e-11
10180.0 4.448306e-11
10190.0 4.417323e-11
10200.0 4.384453e-11
10210.0 4.350187e-11
10220.0 4.315002e-11
10230.0 4.279340e-11
10240.0 4.243585e-11
10250.0 4.208050e-11
10260.0 4.172962e-11
10270.0 4.138471e-11
10280.0 4.104641e-11
10290.0 4.071468e-11
10300.0 4.038888e-11
10310.0 4.006790e-11
10320.0 3.975030e-11
10330.0 3.943443e-11
10340.0 3.911857e-11
10350.0 3.880095e-11
10360.0 3.847987e-11
10370.0 3.815368e-11
10380.0 3.782083e-11
10390.0 3.747983e-11
10400.0 3.712930e-11
10410.0 3.676786e-11
10420.0 3.639422e-11
10430.0 3.600710e-11
10440.0 3.560528e-11
10450.0 3.518761e-11
10460.0 3.475301e-11
10470.0 3.430055e-11
10480.0 3.382948e-11
10490.0 3.333926e-11
10500.0 3.282961e-11
10510.0 3.230058e-11
10520.0 3.175259e-11
10530.0 3.118640e-11
10540.0 3.060324e-11
10550.0 3.000469e-11
10560.0 2.939280e-11
10570.0 2.876997e-11
10580.0 2.813900e-11
10590.0 2.750297e-11
10600.0 2.686526e-11
10610.0 2.622942e-11
10620.0 2.559912e-11
10630.0 2.497809e-11
10640.0 2.436999e-11
10650.0 2.377837e-11
10660.0 2.320653e-11
10670.0 2.265751e-11
10680.0 2.213394e-11
10690.0 2.163806e-11
10700.0 2.117158e-11
10710.0 2.073573e-11
10720.0 2.033118e-11
10730.0 1.995805e-11
10740.0 1.961591e-11
10750.0 1.930385e-11
10760.0 1.902045e-11
10770.0 1.876389e-11
10780.0 1.853198e-11
10790.0 1.832225e-11
10800.0 1.813201e-11
10810.0 1.795846e-11
10820.0 1.779873e-11
10830.0 1.764998e-11
10840.0 1.750947e-11
10850.0 1.737462e-11
10860.0 1.724304e-11
10870.0 1.711263e-11
10880.0 1.698154e-11
10890.0 1.684822e-11
10900.0 1.671143e-11
10910.0 1.657022e-11
10920.0 1.642393e-11
10930.0 1.627210e-11
10940.0 1.611455e-11
10950.0 1.595122e-11
10960.0 1.578221e-11
10970.0 1.560771e-11
10980.0 1.542795e-11
10990.0 1.524318e-11
11000.0 1.505361e-11
11010.0 1.485942e-11
11020.0 1.466071e-11
11030.0 1.445750e-11
11040.0 1.424972e-11
11050.0 1.403721e-11
11060.0 1.381974e-11
11070.0 1.359700e-11
11080.0 1.336867e-11
11090.0 1.313441e-11
11100.0 1.289390e-11
11110.0 1.264687e-11
11120.0 1.239314e-11
11130.0 1.213266e-11
11140.0 1.186550e-11
11150.0 1.159191e-11
11160.0 1.131233e-11
11170.0 1.102740e-11
11180.0 1.073794e-11
11190.0 1.044499e-11
11200.0 1.014976e-11
11210.0 9.853611e-12
11220.0 9.558054e-12
11230.0 9.264694e-12
11240.0 8.975201e-12
11250.0 8.691268e-12
11260.0 8.414572e-12
11270.0 8.146727e-12
11280.0 7.889254e-12
11290.0 7.643534e-12
11300.0 7.410787e-12
11310.0 7.192038e-12
11320.0 6.988104e-12
11330.0 6.799573e-12
11340.0 6.626802e-12
11350.0 6.469917e-12
11360.0 6.328810e-12
11370.0 6.203158e-12
11380.0 6.092426e-12
11390.0 5.995893e-12
11400.0 5.912667e-12
11410.0 5.841703e-12
11420.0 5.781835e-12
11430.0 5.731788e-12
11440.0 5.690209e-12
11450.0 5.655688e-12
11460.0 5.626782e-12
11470.0 5.602039e-12
11480.0 5.580018e-12
11490.0 5.559313e-12
11500.0 5.538575e-12
11510.0 5.516531e-12
11520.0 5.492006e-12
11530.0 5.463934e-12
11540.0 5.431383e-12
11550.0 5.393562e-12
11560.0 5.349834e-12
11570.0 5.299722e-12
11580.0 5.242920e-12
11590.0 5.179287e-12
11600.0 5.108848e-12
11610.0 5.031791e-12
11620.0 4.948454e-12
11630.0 4.859316e-12
11640.0 4.764981e-12
11650.0 4.666165e-12
11660.0 4.563669e-12
11670.0 4.458370e-12
11680.0 4.351191e-12
11690.0 4.243088e-12
11700.0 4.135021e-12
11710.0 4.027944e-12
11720.0 3.922778e-12
11730.0 3.820398e-12
11740.0 3.721614e-12
11750.0 3.627164e-12
11760.0 3.537693e-12
11770.0 3.453754e-12
11780.0 3.375792e-12
11790.0 3.304146e-12
11800.0 3.239041e-12
11810.0 3.180593e-12
11820.0 3.128812e-12
11830.0 3.083598e-12
11840.0 3.044758e-12
11850.0 3.012006e-12
11860.0 2.984979e-12
11870.0 2.963242e-12
11880.0 2.946304e-12
11890.0 2.933630e-12
11900.0 2.924656e-12
11910.0 2.918799e-12
11920.0 2.915477e-12
11930.0 2.914115e-12
11940.0 2.914165e-12
11950.0 2.915114e-12
11960.0 2.916498e-12
11970.0 2.917910e-12
11980.0 2.919009e-12
11990.0 2.919527e-12
12000.0 2.919276e-12
12010.0 2.918145e-12
12020.0 2.916110e-12
12030.0 2.913226e-12
12040.0 2.909627e-12
12050.0 2.905523e-12
12060.0 2.901190e-12
12070.0 2.896966e-12
12080.0 2.893241e-12
12090.0 2.890446e-12
12100.0 2.889043e-12
12110.0 2.889516e-12
12120.0 2.892357e-12
12130.0 2.898060e-12
12140.0 2.907107e-12
12150.0 2.919962e-12
12160.0 2.937059e-12
12170.0 2.958802e-12
12180.0 2.985551e-12
12190.0 3.017624e-12
12200.0 3.055293e-12
12210.0 3.098780e-12
12220.0 3.148255e-12
12230.0 3.203844e-12
12240.0 3.265620e-12
12250.0 3.333612e-12
12260.0 3.407806e-12
12270.0 3.488146e-12
12280.0 3.574535e-12
12290.0 3.666845e-12
12300.0 3.764909e-12
12310.0 3.868533e-12
12320.0 3.977491e-12
12330.0 4.091526e-12
12340.0 4.210353e-12
12350.0 4.333659e-12
12360.0 4.461095e-12
12370.0 4.592283e-12
12380.0 4.726809e-12
12390.0 4.864221e-12
12400.0 5.004028e-12
12410.0 5.145698e-12
12420.0 5.288657e-12
12430.0 5.432289e-12
12440.0 5.575937e-12
12450.0 5.718906e-12
12460.0 5.860468e-12
12470.0 5.999867e-12
12480.0 6.136329e-12
12490.0 6.269067e-12
12500.0 6.397300e-12
12510.0 6.520256e-12
12520.0 6.637195e-12
12530.0 6.747413e-12
12540.0 6.850264e-12
12550.0 6.945166e-12
12560.0 7.031617e-12
12570.0 7.109207e-12
12580.0 7.177619e-12
12590.0 7.236641e-12
12600.0 7.286169e-12
12610.0 7.326202e-12
12620.0 7.356847e-12
12630.0 7.378305e-12
12640.0 7.390869e-12
12650.0 7.394912e-12
12660.0 7.390874e-12
12670.0 7.379247e-12
12680.0 7.360564e-12
12690.0 7.335382e-12
12700.0 7.304264e-12
12710.0 7.267773e-12
12720.0 7.226449e-12
12730.0 7.180808e-12
12740.0 7.131324e-12
12750.0 7.078428e-12
12760.0 7.022498e-12
12770.0 6.963859e-12
12780.0 6.902782e-12
12790.0 6.839483e-12
12800.0 6.774128e-12
12810.0 6.706834e-12
12820.0 6.637680e-12
12830.0 6.566706e-12
12840.0 6.493926e-12
12850.0 6.419332e-12
12860.0 6.342902e-12
12870.0 6.264607e-12
12880.0 6.184418e-12
12890.0 6.102314e-12
12900.0 6.018284e-12
12910.0 5.932336e-12
12920.0 5.844501e-12
12930.0 5.754835e-12
12940.0 5.663425e-12
12950.0 5.570386e-12
12960.0 5.475869e-12
12970.0 5.380059e-12
12980.0 5.283171e-12
12990.0 5.185456e-12
13000.0 5.087193e-12
13010.0 4.988690e-12
13020.0 4.890281e-12
13030.0 4.792318e-12
13040.0 4.695172e-12
13050.0 4.599223e-12
13060.0 4.504861e-12
13070.0 4.412473e-12
13080.0 4.322446e-12
13090.0 4.235154e-12
13100.0 4.150962e-12
13110.0 4.070214e-12
13120.0 3.993235e-12
13130.0 3.920324e-12
13140.0 3.851758e-12
13150.0 3.787786e-12
13160.0 3.728630e-12
13170.0 3.674489e-12
13180.0 3.625536e-12
13190.0 3.581926e-12
13200.0 3.543793e-12
13210.0 3.511258e-12
13220.0 3.484432e-12
13230.0 3.463417e-12
13240.0 3.448312e-12
13250.0 3.439216e-12
13260.0 3.436229e-12
13270.0 3.439452e-12
13280.0 3.448992e-12
13290.0 3.464956e-12
13300.0 3.487450e-12
13310.0 3.516578e-12
13320.0 3.552430e-12
13330.0 3.595083e-12
13340.0 3.644586e-12
13350.0 3.700953e-12
13360.0 3.764153e-12
13370.0 3.834097e-12
13380.0 3.910630e-12
13390.0 3.993516e-12
13400.0 4.082432e-12
13410.0 4.176956e-12
13420.0 4.276565e-12
13430.0 4.380626e-12
13440.0 4.488400e-12
13450.0 4.599045e-12
13460.0 4.711617e-12
13470.0 4.825091e-12
13480.0 4.938366e-12
13490.0 5.050289e-12
13500.0 5.159678e-12
13510.0 5.265344e-12
13520.0 5.366120e-12
13530.0 5.460886e-12
13540.0 5.548603e-12
13550.0 5.628336e-12
13560.0 5.699277e-12
13570.0 5.760774e-12
13580.0 5.812344e-12
13590.0 5.853689e-12
13600.0 5.884701e-12
13610.0 5.905468e-12
13620.0 5.916270e-12
13630.0 5.917568e-12
13640.0 5.909991e-12
13650.0 5.894318e-12
13660.0 5.871455e-12
13670.0 5.842407e-12
13680.0 5.808254e-12
13690.0 5.770119e-12
13700.0 5.729140e-12
13710.0 5.686443e-12
13720.0 5.643114e-12
13730.0 5.600176e-12
13740.0 5.558565e-12
13750.0 5.519115e-12
13760.0 5.482540e-12
13770.0 5.449422e-12
13780.0 5.420206e-12
13790.0 5.395190e-12
13800.0 5.374526e-12
13810.0 5.358220e-12
13820.0 5.346135e-12
13830.0 5.337999e-12
13840.0 5.333410e-12
13850.0 5.331853e-12
13860.0 5.332706e-12
13870.0 5.335258e-12
13880.0 5.338727e-12
13890.0 5.342276e-12
13900.0 5.345031e-12
13910.0 5.346105e-12
13920.0 5.344614e-12
13930.0 5.339698e-12
13940.0 5.330545e-12
13950.0 5.316404e-12
13960.0 5.296608e-12
13970.0 5.270586e-12
13980.0 5.237877e-12
13990.0 5.198142e-12
14000.0 5.151171e-12
14010.0 5.096886e-12
14020.0 5.035346e-12
14030.0 4.966741e-12
14040.0 4.891389e-12
14050.0 4.809730e-12
14060.0 4.722313e-12
14070.0 4.629786e-12
14080.0 4.532881e-12
14090.0 4.432399e-12
14100.0 4.329197e-12
14110.0 4.224169e-12
14120.0 4.118234e-12
14130.0 4.012319e-12
14140.0 3.907344e-12
14150.0 3.804214e-12
14160.0 3.703803e-12
14170.0 3.606944e-12
14180.0 3.514426e-12
14190.0 3.426981e-12
14200.0 3.345278e-12
14210.0 3.269922e-12
14220.0 3.201447e-12
14230.0 3.140313e-12
14240.0 3.086904e-12
14250.0 3.041526e-12
14260.0 3.004404e-12
14270.0 2.975683e-12
14280.0 2.955425e-12
14290.0 2.943610e-12
14300.0 2.940134e-12
14310.0 2.944813e-12
14320.0 2.957380e-12
14330.0 2.977490e-12
14340.0 3.004724e-12
14350.0 3.038588e-12
14360.0 3.078525e-12
14370.0 3.123915e-12
14380.0 3.174087e-12
14390.0 3.228327e-12
14400.0 3.285886e-12
14410.0 3.345993e-12
14420.0 3.407867e-12
14430.0 3.470725e-12
14440.0 3.533800e-12
14450.0 3.596349e-12
14460.0 3.657666e-12
14470.0 3.717097e-12
14480.0 3.774042e-12
14490.0 3.827972e-12
14500.0 3.878433e-12
14510.0 3.925048e-12
14520.0 3.967529e-12
14530.0 4.005668e-12
14540.0 4.039346e-12
14550.0 4.068523e-12
14560.0 4.093238e-12
14570.0 4.113600e-12
14580.0 4.129784e-12
14590.0 4.142016e-12
14600.0 4.150571e-12
14610.0 4.155756e-12
14620.0 4.157905e-12
14630.0 4.157365e-12
14640.0 4.154491e-12
14650.0 4.149634e-12
14660.0 4.143138e-12
14670.0 4.135331e-12
14680.0 4.126521e-12
14690.0 4.116997e-12
14700.0 4.107025e-12
14710.0 4.096849e-12
14720.0 4.086694e-12
14730.0 4.076768e-12
14740.0 4.067267e-12
14750.0 4.058379e-12
14760.0 4.050288e-12
14770.0 4.043179e-12
14780.0 4.037247e-12
14790.0 4.032693e-12
14800.0 4.029736e-12
14810.0 4.028611e-12
14820.0 4.029573e-12
14830.0 4.032897e-12
14840.0 4.038875e-12
14850.0 4.047822e-12
14860.0 4.060067e-12
14870.0 4.075950e-12
14880.0 4.095821e-12
14890.0 4.120034e-12
14900.0 4.148936e-12
14910.0 4.182870e-12
14920.0 4.222159e-12
14930.0 4.267103e-12
14940.0 4.317972e-12
14950.0 4.375000e-12
14960.0 4.438374e-12
14970.0 4.508234e-12
14980.0 4.584661e-12
14990.0 4.667679e-12
15000.0 4.757247e-12
15010.0 4.853262e-12
15020.0 4.955552e-12
15030.0 5.063884e-12
15040.0 5.177960e-12
15050.0 5.297427e-12
15060.0 5.421877e-12
15070.0 5.550858e-12
15080.0 5.683879e-12
15090.0 5.820422e-12
15100.0 5.959948e-12
15110.0 6.101906e-12
15120.0 6.245748e-12
15130.0 6.390932e-12
15140.0 6.536935e-12
15150.0 6.683257e-12
15160.0 6.829429e-12
15170.0 6.975017e-12
15180.0 7.119627e-12
15190.0 7.262903e-12
15200.0 7.404529e-12
15210.0 7.544228e-12
15220.0 7.681757e-12
15230.0 7.816905e-12
15240.0 7.949485e-12
15250.0 8.079332e-12
15260.0 8.206294e-12
15270.0 8.330229e-12
15280.0 8.450997e-12
15290.0 8.568458e-12
15300.0 8.682465e-12
15310.0 8.792863e-12
15320.0 8.899487e-12
15330.0 9.002162e-12
15340.0 9.100700e-12
15350.0 9.194904e-12
15360.0 9.284569e-12
15370.0 9.369486e-12
15380.0 9.449443e-12
15390.0 9.524228e-12
15400.0 9.593637e-12
15410.0 9.657470e-12
15420.0 9.715539e-12
15430.0 9.767672e-12
15440.0 9.813708e-12
15450.0 9.853509e-12
15460.0 9.886951e-12
15470.0 9.913933e-12
15480.0 9.934370e-12
15490.0 9.948203e-12
15500.0 9.955390e-12
15510.0 9.955910e-12
15520.0 9.949765e-12
15530.0 9.936976e-12
15540.0 9.917589e-12
15550.0 9.891671e-12
15560.0 9.859312e-12
15570.0 9.820631e-12
15580.0 9.775771e-12
15590.0 9.724904e-12
15600.0 9.668232e-12
15610.0 9.605989e-12
15620.0 9.538440e-12
15630.0 9.465883e-12
15640.0 9.388650e-12
15650.0 9.307106e-12
15660.0 9.221644e-12
15670.0 9.132690e-12
15680.0 9.040696e-12
15690.0 8.946135e-12
15700.0 8.849500e-12
15710.0 8.751302e-12
15720.0 8.652056e-12
15730.0 8.552285e-12
15740.0 8.452505e-12
15750.0 8.353228e-12
15760.0 8.254951e-12
15770.0 8.158150e-12
15780.0 8.063279e-12
15790.0 7.970758e-12
15800.0 7.880977e-12
15810.0 7.794288e-12
15820.0 7.711000e-12
15830.0 7.631384e-12
15840.0 7.555665e-12
15850.0 7.484024e-12
15860.0 7.416602e-12
15870.0 7.353493e-12
15880.0 7.294755e-12
15890.0 7.240405e-12
15900.0 7.190424e-12
15910.0 7.144762e-12
15920.0 7.103339e-12
15930.0 7.066052e-12
15940.0 7.032773e-12
15950.0 7.003358e-12
15960.0 6.977649e-12
15970.0 6.955478e-12
15980.0 6.936667e-12
15990.0 6.921036e-12
16000.0 6.908405e-12
16010.0 6.898593e-12
16020.0 6.891423e-12
16030.0 6.886724e-12
16040.0 6.884330e-12
16050.0 6.884084e-12
16060.0 6.885837e-12
16070.0 6.889449e-12
16080.0 6.894788e-12
16090.0 6.901729e-12
16100.0 6.910158e-12
16110.0 6.919964e-12
16120.0 6.931044e-12
16130.0 6.943298e-12
16140.0 6.956627e-12
16150.0 6.970934e-12
16160.0 6.986118e-12
16170.0 7.002074e-12
16180.0 7.018689e-12
16190.0 7.035841e-12
16200.0 7.053390e-12
16210.0 7.071186e-12
16220.0 7.089055e-12
16230.0 7.106804e-12
16240.0 7.124219e-12
16250.0 7.141059e-12
16260.0 7.157064e-12
16270.0 7.171956e-12
16280.0 7.185437e-12
16290.0 7.197204e-12
16300.0 7.206949e-12
16310.0 7.214374e-12
16320.0 7.219201e-12
16330.0 7.221186e-12
16340.0 7.220129e-12
16350.0 7.215893e-12
16360.0 7.208416e-12
16370.0 7.197721e-12
16380.0 7.183928e-12
16390.0 7.167261e-12
16400.0 7.148051e-12
16410.0 7.126734e-12
16420.0 7.103849e-12
16430.0 7.080025e-12
16440.0 7.055970e-12
16450.0 7.032454e-12
16460.0 7.010289e-12
16470.0 6.990305e-12
16480.0 6.973332e-12
16490.0 6.960175e-12
16500.0 6.951591e-12
16510.0 6.948274e-12
16520.0 6.950834e-12
16530.0 6.959787e-12
16540.0 6.975542e-12
16550.0 6.998394e-12
16560.0 7.028522e-12
16570.0 7.065987e-12
16580.0 7.110734e-12
16590.0 7.162598e-12
16600.0 7.221306e-12
16610.0 7.286488e-12
16620.0 7.357682e-12
16630.0 7.434345e-12
16640.0 7.515864e-12
16650.0 7.601559e-12
16660.0 7.690701e-12
16670.0 7.782518e-12
16680.0 7.876204e-12
16690.0 7.970934e-12
16700.0 8.065867e-12
16710.0 8.160167e-12
16720.0 8.253002e-12
16730.0 8.343563e-12
16740.0 8.431068e-12
16750.0 8.514775e-12
16760.0 8.593989e-12
16770.0 8.668071e-12
16780.0 8.736443e-12
16790.0 8.798597e-12
16800.0 8.854096e-12
16810.0 8.902583e-12
16820.0 8.943779e-12
16830.0 8.977484e-12
16840.0 9.003582e-12
16850.0 9.022035e-12
16860.0 9.032885e-12
16870.0 9.036246e-12
16880.0 9.032305e-12
16890.0 9.021317e-12
16900.0 9.003597e-12
16910.0 8.979517e-12
16920.0 8.949499e-12
16930.0 8.914009e-12
16940.0 8.873550e-12
16950.0 8.828658e-12
16960.0 8.779889e-12
16970.0 8.727820e-12
16980.0 8.673036e-12
16990.0 8.616128e-12
17000.0 8.557682e-12
17010.0 8.498278e-12
17020.0 8.438477e-12
17030.0 8.378823e-12
17040.0 8.319831e-12
17050.0 8.261988e-12
17060.0 8.205742e-12
17070.0 8.151503e-12
17080.0 8.099638e-12
17090.0 8.050470e-12
17100.0 8.004270e-12
17110.0 7.961263e-12
17120.0 7.921623e-12
17130.0 7.885474e-12
17140.0 7.852888e-12
17150.0 7.823893e-12
17160.0 7.798466e-12
17170.0 7.776543e-12
17180.0 7.758018e-12
17190.0 7.742746e-12
17200.0 7.730551e-12
17210.0 7.721228e-12
17220.0 7.714545e-12
17230.0 7.710252e-12
17240.0 7.708086e-12
17250.0 7.707773e-12
17260.0 7.709036e-12
17270.0 7.711600e-12
17280.0 7.715194e-12
17290.0 7.719558e-12
17300.0 7.724449e-12
17310.0 7.729641e-12
17320.0 7.734932e-12
17330.0 7.740144e-12
17340.0 7.745127e-12
17350.0 7.749761e-12
17360.0 7.753955e-12
17370.0 7.757651e-12
17380.0 7.760818e-12
17390.0 7.763455e-12
17400.0 7.765591e-12
17410.0 7.767274e-12
17420.0 7.768578e-12
17430.0 7.769594e-12
17440.0 7.770423e-12
17450.0 7.771181e-12
17460.0 7.771982e-12
17470.0 7.772943e-12
17480.0 7.774175e-12
17490.0 7.775779e-12
17500.0 7.777839e-12
17510.0 7.780421e-12
17520.0 7.783570e-12
17530.0 7.787301e-12
17540.0 7.791606e-12
17550.0 7.796443e-12
17560.0 7.801741e-12
17570.0 7.807398e-12
17580.0 7.813281e-12
17590.0 7.819231e-12
17600.0 7.825063e-12
17610.0 7.830568e-12
17620.0 7.835519e-12
17630.0 7.839676e-12
17640.0 7.842787e-12
17650.0 7.844600e-12
17660.0 7.844860e-12
17670.0 7.843320e-12
17680.0 7.839742e-12
17690.0 7.833908e-12
17700.0 7.825619e-12
17710.0 7.814700e-12
17720.0 7.801004e-12
17730.0 7.784416e-12
17740.0 7.764856e-12
17750.0 7.742276e-12
17760.0 7.716664e-12
17770.0 7.688045e-12
17780.0 7.656480e-12
17790.0 7.622060e-12
17800.0 7.584913e-12
17810.0 7.545193e-12
17820.0 7.503084e-12
17830.0 7.458793e-12
17840.0 7.412551e-12
17850.0 7.364604e-12
17860.0 7.315218e-12
17870.0 7.264666e-12
17880.0 7.213234e-12
17890.0 7.161212e-12
17900.0 7.108894e-12
17910.0 7.056577e-12
17920.0 7.004553e-12
17930.0 6.953113e-12
17940.0 6.902540e-12
17950.0 6.853112e-12
17960.0 6.805095e-12
17970.0 6.758742e-12
17980.0 6.714296e-12
17990.0 6.671980e-12
18000.0 6.631999e-12
18010.0 6.594538e-12
18020.0 6.559759e-12
18030.0 6.527795e-12
18040.0 6.498751e-12
18050.0 6.472700e-12
18060.0 6.449677e-12
18070.0 6.429680e-12
18080.0 6.412665e-12
18090.0 6.398545e-12
18100.0 6.387184e-12
18110.0 6.378401e-12
18120.0 6.371964e-12
18130.0 6.367592e-12
18140.0 6.364954e-12
18150.0 6.363673e-12
18160.0 6.363324e-12
18170.0 6.363442e-12
18180.0 6.363523e-12
18190.0 6.363027e-12
18200.0 6.361391e-12
18210.0 6.358029e-12
18220.0 6.352343e-12
18230.0 6.343730e-12
18240.0 6.331590e-12
18250.0 6.315340e-12
18260.0 6.294414e-12
18270.0 6.268283e-12
18280.0 6.236454e-12
18290.0 6.198487e-12
18300.0 6.153999e-12
18310.0 6.102673e-12
18320.0 6.044264e-12
18330.0 5.978607e-12
18340.0 5.905622e-12
18350.0 5.825314e-12
18360.0 5.737783e-12
18370.0 5.643217e-12
18380.0 5.541901e-12
18390.0 5.434209e-12
18400.0 5.320604e-12
18410.0 5.201635e-12
18420.0 5.077930e-12
18430.0 4.950190e-12
18440.0 4.819180e-12
18450.0 4.685723e-12
18460.0 4.550687e-12
18470.0 4.414973e-12
18480.0 4.279508e-12
18490.0 4.145226e-12
18500.0 4.013060e-12
18510.0 3.883927e-12
18520.0 3.758714e-12
18530.0 3.638267e-12
18540.0 3.523376e-12
18550.0 3.414766e-12
18560.0 3.313084e-12
18570.0 3.218890e-12
18580.0 3.132649e-12
18590.0 3.054722e-12
18600.0 2.985364e-12
18610.0 2.924720e-12
18620.0 2.872821e-12
18630.0 2.829589e-12
18640.0 2.794834e-12
18650.0 2.768265e-12
18660.0 2.749489e-12
18670.0 2.738027e-12
18680.0 2.733317e-12
18690.0 2.734730e-12
18700.0 2.741577e-12
18710.0 2.753127e-12
18720.0 2.768619e-12
18730.0 2.787274e-12
18740.0 2.808310e-12
18750.0 2.830958e-12
18760.0 2.854470e-12
18770.0 2.878137e-12
18780.0 2.901295e-12
18790.0 2.923338e-12
18800.0 2.943723e-12
18810.0 2.961980e-12
18820.0 2.977715e-12
18830.0 2.990613e-12
18840.0 3.000441e-12
18850.0 3.007045e-12
18860.0 3.010349e-12
18870.0 3.010353e-12
18880.0 3.007126e-12
18890.0 3.000800e-12
18900.0 2.991563e-12
18910.0 2.979654e-12
18920.0 2.965349e-12
18930.0 2.948956e-12
18940.0 2.930806e-12
18950.0 2.911244e-12
18960.0 2.890620e-12
18970.0 2.869281e-12
18980.0 2.847565e-12
18990.0 2.825796e-12
19000.0 2.804274e-12
19010.0 2.783277e-12
19020.0 2.763051e-12
19030.0 2.743813e-12
19040.0 2.725747e-12
19050.0 2.709006e-12
19060.0 2.693709e-12
19070.0 2.679944e-12
19080.0 2.667771e-12
19090.0 2.657226e-12
19100.0 2.648319e-12
19110.0 2.641042e-12
19120.0 2.635370e-12
19130.0 2.631268e-12
19140.0 2.628690e-12
19150.0 2.627588e-12
19160.0 2.627913e-12
19170.0 2.629616e-12
19180.0 2.632656e-12
19190.0 2.637001e-12
19200.0 2.642628e-12
19210.0 2.649529e-12
19220.0 2.657707e-12
19230.0 2.667185e-12
19240.0 2.678000e-12
19250.0 2.690205e-12
19260.0 2.703871e-12
19270.0 2.719083e-12
19280.0 2.735942e-12
19290.0 2.754562e-12
19300.0 2.775065e-12
19310.0 2.797586e-12
19320.0 2.822263e-12
19330.0 2.849236e-12
19340.0 2.878645e-12
19350.0 2.910628e-12
19360.0 2.945312e-12
19370.0 2.982814e-12
19380.0 3.023234e-12
19390.0 3.066653e-12
19400.0 3.113131e-12
19410.0 3.162701e-12
19420.0 3.215364e-12
19430.0 3.271093e-12
19440.0 3.329826e-12
19450.0 3.391463e-12
19460.0 3.455870e-12
19470.0 3.522874e-12
19480.0 3.592265e-12
19490.0 3.663797e-12
19500.0 3.737187e-12
19510.0 3.812121e-12
19520.0 3.888250e-12
19530.0 3.965202e-12
19540.0 4.042575e-12
19550.0 4.119950e-12
19560.0 4.196888e-12
19570.0 4.272942e-12
19580.0 4.347653e-12
19590.0 4.420563e-12
19600.0 4.491215e-12
19610.0 4.559158e-12
19620.0 4.623956e-12
19630.0 4.685189e-12
19640.0 4.742459e-12
19650.0 4.795393e-12
19660.0 4.843651e-12
19670.0 4.886926e-12
19680.0 4.924949e-12
19690.0 4.957489e-12
19700.0 4.984363e-12
19710.0 5.005428e-12
19720.0 5.020591e-12
19730.0 5.029802e-12
19740.0 5.033061e-12
19750.0 5.030413e-12
19760.0 5.021947e-12
19770.0 5.007797e-12
19780.0 4.988138e-12
19790.0 4.963179e-12
19800.0 4.933166e-12
19810.0 4.898375e-12
19820.0 4.859107e-12
19830.0 4.815684e-12
19840.0 4.768443e-12
19850.0 4.717733e-12
19860.0 4.663909e-12
19870.0 4.607328e-12
19880.0 4.548340e-12
19890.0 4.487289e-12
19900.0 4.424509e-12
19910.0 4.360314e-12
19920.0 4.295001e-12
19930.0 4.228847e-12
19940.0 4.162104e-12
19950.0 4.095001e-12
19960.0 4.027740e-12
19970.0 3.960501e-12
19980.0 3.893435e-12
19990.0 3.826675e-12
20000.0 3.760329e-12
20010.0 3.694484e-12
20020.0 3.629213e-12
20030.0 3.564572e-12
20040.0 3.500604e-12
20050.0 3.437344e-12
20060.0 3.374819e-12
20070.0 3.313052e-12
20080.0 3.252066e-12
20090.0 3.191882e-12
20100.0 3.132526e-12
20110.0 3.074027e-12
20120.0 3.016420e-12
20130.0 2.959748e-12
20140.0 2.904061e-12
20150.0 2.849416e-12
20160.0 2.795880e-12
20170.0 2.743526e-12
20180.0 2.692436e-12
20190.0 2.642695e-12
20200.0 2.594398e-12
20210.0 2.547641e-12
20220.0 2.502523e-12
20230.0 2.459145e-12
20240.0 2.417607e-12
20250.0 2.378009e-12
20260.0 2.340445e-12
20270.0 2.305006e-12
20280.0 2.271776e-12
20290.0 2.240833e-12
20300.0 2.212244e-12
20310.0 2.186066e-12
20320.0 2.162348e-12
20330.0 2.141125e-12
20340.0 2.122420e-12
20350.0 2.106243e-12
20360.0 2.092594e-12
20370.0 2.081455e-12
20380.0 2.072800e-12
20390.0 2.066586e-12
20400.0 2.062759e-12
20410.0 2.061255e-12
20420.0 2.061995e-12
20430.0 2.064891e-12
20440.0 2.069846e-12
20450.0 2.076751e-12
20460.0 2.085493e-12
20470.0 2.095948e-12
20480.0 2.107988e-12
20490.0 2.121480e-12
20500.0 2.136288e-12
20510.0 2.152273e-12
20520.0 2.169293e-12
20530.0 2.187210e-12
20540.0 2.205882e-12
20550.0 2.225173e-12
20560.0 2.244950e-12
20570.0 2.265083e-12
20580.0 2.285449e-12
20590.0 2.305932e-12
20600.0 2.326421e-12
20610.0 2.346816e-12
20620.0 2.367025e-12
20630.0 2.386967e-12
20640.0 2.406570e-12
20650.0 2.425773e-12
20660.0 2.444528e-12
20670.0 2.462796e-12
20680.0 2.480552e-12
20690.0 2.497780e-12
20700.0 2.514476e-12
20710.0 2.530648e-12
20720.0 2.546311e-12
20730.0 2.561494e-12
20740.0 2.576229e-12
20750.0 2.590561e-12
20760.0 2.604536e-12
20770.0 2.618208e-12
20780.0 2.631634e-12
20790.0 2.644873e-12
20800.0 2.657984e-12
20810.0 2.671026e-12
20820.0 2.684055e-12
20830.0 2.697123e-12
20840.0 2.710277e-12
20850.0 2.723557e-12
20860.0 2.736994e-12
20870.0 2.750613e-12
20880.0 2.764427e-12
20890.0 2.778439e-12
20900.0 2.792642e-12
20910.0 2.807016e-12
20920.0 2.821532e-12
20930.0 2.836149e-12
20940.0 2.850816e-12
20950.0 2.865471e-12
20960.0 2.880046e-12
20970.0 2.894462e-12
20980.0 2.908634e-12
20990.0 2.922472e-12
21000.0 2.935882e-12
21010.0 2.948767e-12
21020.0 2.961029e-12
21030.0 2.972570e-12
21040.0 2.983294e-12
21050.0 2.993109e-12
21060.0 3.001927e-12
21070.0 3.009666e-12
21080.0 3.016249e-12
21090.0 3.021611e-12
21100.0 3.025692e-12
21110.0 3.028442e-12
21120.0 3.029822e-12
21130.0 3.029801e-12
21140.0 3.028360e-12
21150.0 3.025488e-12
21160.0 3.021184e-12
21170.0 3.015458e-12
21180.0 3.008325e-12
21190.0 2.999811e-12
21200.0 2.989947e-12
21210.0 2.978771e-12
21220.0 2.966327e-12
21230.0 2.952661e-12
21240.0 2.937824e-12
21250.0 2.921868e-12
21260.0 2.904849e-12
21270.0 2.886819e-12
21280.0 2.867832e-12
21290.0 2.847942e-12
21300.0 2.827198e-12
21310.0 2.805649e-12
21320.0 2.783339e-12
21330.0 2.760310e-12
21340.0 2.736599e-12
21350.0 2.712240e-12
21360.0 2.687265e-12
21370.0 2.661698e-12
21380.0 2.635564e-12
21390.0 2.608882e-12
21400.0 2.581670e-12
21410.0 2.553942e-12
21420.0 2.525712e-12
21430.0 2.496994e-12
21440.0 2.467798e-12
21450.0 2.438138e-12
21460.0 2.408030e-12
21470.0 2.377490e-12
21480.0 2.346539e-12
21490.0 2.315200e-12
21500.0 2.283504e-12
21510.0 2.251485e-12
21520.0 2.219186e-12
21530.0 2.186655e-12
21540.0 2.153950e-12
21550.0 2.121136e-12
21560.0 2.088288e-12
21570.0 2.055489e-12
21580.0 2.022833e-12
21590.0 1.990423e-12
21600.0 1.958370e-12
21610.0 1.926795e-12
21620.0 1.895828e-12
21630.0 1.865606e-12
21640.0 1.836273e-12
21650.0 1.807980e-12
21660.0 1.780880e-12
21670.0 1.755132e-12
21680.0 1.730895e-12
21690.0 1.708331e-12
21700.0 1.687596e-12
21710.0 1.668846e-12
21720.0 1.652231e-12
21730.0 1.637892e-12
21740.0 1.625962e-12
21750.0 1.616564e-12
21760.0 1.609806e-12
21770.0 1.605784e-12
21780.0 1.604574e-12
21790.0 1.606239e-12
21800.0 1.610820e-12
21810.0 1.618341e-12
21820.0 1.628802e-12
21830.0 1.642187e-12
21840.0 1.658455e-12
21850.0 1.677547e-12
21860.0 1.699380e-12
21870.0 1.723853e-12
21880.0 1.750848e-12
21890.0 1.780225e-12
21900.0 1.811829e-12
21910.0 1.845490e-12
21920.0 1.881023e-12
21930.0 1.918234e-12
21940.0 1.956917e-12
21950.0 1.996859e-12
21960.0 2.037840e-12
21970.0 2.079638e-12
21980.0 2.122030e-12
21990.0 2.164790e-12
22000.0 2.207699e-12
22010.0 2.250539e-12
22020.0 2.293100e-12
22030.0 2.335178e-12
22040.0 2.376580e-12
22050.0 2.417122e-12
22060.0 2.456634e-12
22070.0 2.494957e-12
22080.0 2.531944e-12
22090.0 2.567466e-12
22100.0 2.601406e-12
22110.0 2.633662e-12
22120.0 2.664148e-12
22130.0 2.692792e-12
22140.0 2.719536e-12
22150.0 2.744338e-12
22160.0 2.767169e-12
22170.0 2.788012e-12
22180.0 2.806863e-12
22190.0 2.823730e-12
22200.0 2.838629e-12
22210.0 2.851589e-12
22220.0 2.862643e-12
22230.0 2.871833e-12
22240.0 2.879207e-12
22250.0 2.884817e-12
22260.0 2.888717e-12
22270.0 2.890964e-12
22280.0 2.891616e-12
22290.0 2.890730e-12
22300.0 2.888360e-12
22310.0 2.884559e-12
22320.0 2.879377e-12
22330.0 2.872858e-12
22340.0 2.865042e-12
22350.0 2.855962e-12
22360.0 2.845647e-12
22370.0 2.834118e-12
22380.0 2.821391e-12
22390.0 2.807474e-12
22400.0 2.792370e-12
22410.0 2.776078e-12
22420.0 2.758588e-12
22430.0 2.739890e-12
22440.0 2.719967e-12
22450.0 2.698801e-12
22460.0 2.676372e-12
22470.0 2.652661e-12
22480.0 2.627647e-12
22490.0 2.601313e-12
22500.0 2.573645e-12
22510.0 2.544633e-12
22520.0 2.514271e-12
22530.0 2.482563e-12
22540.0 2.449517e-12
22550.0 2.415152e-12
22560.0 2.379493e-12
22570.0 2.342578e-12
22580.0 2.304452e-12
22590.0 2.265171e-12
22600.0 2.224802e-12
22610.0 2.183420e-12
22620.0 2.141111e-12
22630.0 2.097968e-12
22640.0 2.054094e-12
22650.0 2.009595e-12
22660.0 1.964589e-12
22670.0 1.919192e-12
22680.0 1.873529e-12
22690.0 1.827722e-12
22700.0 1.781899e-12
22710.0 1.736181e-12
22720.0 1.690692e-12
22730.0 1.645550e-12
22740.0 1.600869e-12
22750.0 1.556756e-12
22760.0 1.513312e-12
22770.0 1.470632e-12
22780.0 1.428799e-12
22790.0 1.387891e-12
22800.0 1.347975e-12
22810.0 1.309109e-12
22820.0 1.271343e-12
22830.0 1.234717e-12
22840.0 1.199265e-12
22850.0 1.165011e-12
22860.0 1.131972e-12
22870.0 1.100162e-12
22880.0 1.069588e-12
22890.0 1.040251e-12
22900.0 1.012152e-12
22910.0 9.852889e-13
22920.0 9.596587e-13
22930.0 9.352581e-13
22940.0 9.120853e-13
22950.0 8.901400e-13
22960.0 8.694246e-13
22970.0 8.499449e-13
22980.0 8.317106e-13
22990.0 8.147357e-13
23000.0 7.990385e-13
23010.0 7.846426e-13
23020.0 7.715759e-13
23030.0 7.598712e-13
23040.0 7.495658e-13
23050.0 7.407009e-13
23060.0 7.333213e-13
23070.0 7.274748e-13
23080.0 7.232111e-13
23090.0 7.205816e-13
23100.0 7.196379e-13
23110.0 7.204310e-13
23120.0 7.230100e-13
23130.0 7.274216e-13
23140.0 7.337076e-13
23150.0 7.419052e-13
23160.0 7.520443e-13
23170.0 7.641474e-13
23180.0 7.782274e-13
23190.0 7.942871e-13
23200.0 8.123179e-13
23210.0 8.322982e-13
23220.0 8.541934e-13
23230.0 8.779542e-13
23240.0 9.035168e-13
23250.0 9.308017e-13
23260.0 9.597139e-13
23270.0 9.901429e-13
23280.0 1.021963e-12
23290.0 1.055033e-12
23300.0 1.089199e-12
23310.0 1.124292e-12
23320.0 1.160134e-12
23330.0 1.196534e-12
23340.0 1.233296e-12
23350.0 1.270213e-12
23360.0 1.307079e-12
23370.0 1.343684e-12
23380.0 1.379818e-12
23390.0 1.415277e-12
23400.0 1.449861e-12
23410.0 1.483380e-12
23420.0 1.515654e-12
23430.0 1.546519e-12
23440.0 1.575826e-12
23450.0 1.603444e-12
23460.0 1.629264e-12
23470.0 1.653195e-12
23480.0 1.675173e-12
23490.0 1.695156e-12
23500.0 1.713127e-12
23510.0 1.729092e-12
23520.0 1.743082e-12
23530.0 1.755152e-12
23540.0 1.765380e-12
23550.0 1.773864e-12
23560.0 1.780720e-12
23570.0 1.786083e-12
23580.0 1.790103e-12
23590.0 1.792941e-12
23600.0 1.794768e-12
23610.0 1.795761e-12
23620.0 1.796102e-12
23630.0 1.795972e-12
23640.0 1.795552e-12
23650.0 1.795015e-12
23660.0 1.794530e-12
23670.0 1.794253e-12
23680.0 1.794331e-12
23690.0 1.794895e-12
23700.0 1.796060e-12
23710.0 1.797927e-12
23720.0 1.800577e-12
23730.0 1.804075e-12
23740.0 1.808468e-12
23750.0 1.813784e-12
23760.0 1.820037e-12
23770.0 1.827222e-12
23780.0 1.835321e-12
23790.0 1.844301e-12
23800.0 1.854117e-12
23810.0 1.864716e-12
23820.0 1.876033e-12
23830.0 1.888047e-12
23840.0 1.900657e-12
23850.0 1.913756e-12
23860.0 1.927257e-12
23870.0 1.941074e-12
23880.0 1.955117e-12
23890.0 1.969296e-12
23900.0 1.983520e-12
23910.0 1.997701e-12
23920.0 2.011750e-12
23930.0 2.025581e-12
23940.0 2.039110e-12
23950.0 2.052257e-12
23960.0 2.064944e-12
23970.0 2.077100e-12
23980.0 2.088659e-12
23990.0 2.099563e-12
24000.0 2.109762e-12
24010.0 2.119214e-12
24020.0 2.127891e-12
24030.0 2.135773e-12
24040.0 2.142856e-12
24050.0 2.149149e-12
24060.0 2.154673e-12
24070.0 2.159465e-12
24080.0 2.163574e-12
24090.0 2.167062e-12
24100.0 2.170005e-12
24110.0 2.172487e-12
24120.0 2.174602e-12
24130.0 2.176451e-12
24140.0 2.178138e-12
24150.0 2.179774e-12
24160.0 2.181465e-12
24170.0 2.183320e-12
24180.0 2.185442e-12
24190.0 2.187930e-12
24200.0 2.190873e-12
24210.0 2.194356e-12
24220.0 2.198451e-12
24230.0 2.203222e-12
24240.0 2.208721e-12
24250.0 2.214991e-12
24260.0 2.222063e-12
24270.0 2.229958e-12
24280.0 2.238688e-12
24290.0 2.248256e-12
24300.0 2.258655e-12
24310.0 2.269874e-12
24320.0 2.281892e-12
24330.0 2.294686e-12
24340.0 2.308226e-12
24350.0 2.322481e-12
24360.0 2.337416e-12
24370.0 2.352994e-12
24380.0 2.369178e-12
24390.0 2.385929e-12
24400.0 2.403209e-12
24410.0 2.420979e-12
24420.0 2.439202e-12
24430.0 2.457840e-12
24440.0 2.476857e-12
24450.0 2.496215e-12
24460.0 2.515880e-12
24470.0 2.535813e-12
24480.0 2.555979e-12
24490.0 2.576340e-12
24500.0 2.596856e-12
24510.0 2.617489e-12
24520.0 2.638196e-12
24530.0 2.658931e-12
24540.0 2.679648e-12
24550.0 2.700297e-12
24560.0 2.720823e-12
24570.0 2.741172e-12
24580.0 2.761283e-12
24590.0 2.781094e-12
24600.0 2.800539e-12
24610.0 2.819552e-12
24620.0 2.838063e-12
24630.0 2.856003e-12
24640.0 2.873303e-12
24650.0 2.889893e-12
24660.0 2.905710e-12
24670.0 2.920689e-12
24680.0 2.934775e-12
24690.0 2.947916e-12
24700.0 2.960069e-12
24710.0 2.971199e-12
24720.0 2.981282e-12
24730.0 2.990305e-12
24740.0 2.998265e-12
24750.0 3.005172e-12
24760.0 3.011048e-12
24770.0 3.015928e-12
24780.0 3.019858e-12
24790.0 3.022895e-12
24800.0 3.025106e-12
24810.0 3.026565e-12
24820.0 3.027354e-12
24830.0 3.027558e-12
24840.0 3.027266e-12
24850.0 3.026565e-12
24860.0 3.025539e-12
24870.0 3.024268e-12
24880.0 3.022826e-12
24890.0 3.021278e-12
24900.0 3.019679e-12
24910.0 3.018077e-12
24920.0 3.016509e-12
24930.0 3.015003e-12
24940.0 3.013579e-12
24950.0 3.012251e-12
24960.0 3.011025e-12
24970.0 3.009905e-12
24980.0 3.008890e-12
24990.0 3.007975e-12
25000.0 3.007156e-12
