1000.0 3.354443e-15
1010.0 4.074171e-15
1020.0 4.979953e-15
1030.0 6.116706e-15
1040.0 7.542585e-15
1050.0 9.328590e-15
1060.0 1.156042e-14
1070.0 1.434024e-14
1080.0 1.778821e-14
1090.0 2.204374e-14
1100.0 2.726633e-14
1110.0 3.363615e-14
1120.0 4.135415e-14
1130.0 5.064202e-14
1140.0 6.174190e-14
1150.0 7.491580e-14
1160.0 9.044476e-14
1170.0 1.086275e-13
1180.0 1.297783e-13
1190.0 1.542243e-13
1200.0 1.823011e-13
1210.0 2.143482e-13
1220.0 2.507023e-13
1230.0 2.916907e-13
1240.0 3.376228e-13
1250.0 3.887819e-13
1260.0 4.454167e-13
1270.0 5.077317e-13
1280.0 5.758800e-13
1290.0 6.499549e-13
1300.0 7.299842e-13
1310.0 8.159244e-13
1320.0 9.076577e-13
1330.0 1.004990e-12
1340.0 1.107649e-12
1350.0 1.215291e-12
1360.0 1.327500e-12
1370.0 1.443796e-12
1380.0 1.563640e-12
1390.0 1.686445e-12
1400.0 1.811589e-12
1410.0 1.938419e-12
1420.0 2.066269e-12
1430.0 2.194468e-12
1440.0 2.322354e-12
1450.0 2.449284e-12
1460.0 2.574644e-12
1470.0 2.697858e-12
1480.0 2.818394e-12
1490.0 2.935771e-12
1500.0 3.049561e-12
1510.0 3.159394e-12
1520.0 3.264954e-12
1530.0 3.365983e-12
1540.0 3.462272e-12
1550.0 3.553665e-12
1560.0 3.640049e-12
1570.0 3.721350e-12
1580.0 3.797535e-12
1590.0 3.868599e-12
1600.0 3.934566e-12
1610.0 3.995486e-12
1620.0 4.051429e-12
1630.0 4.102483e-12
1640.0 4.148754e-12
1650.0 4.190360e-12
1660.0 4.227435e-12
1670.0 4.260122e-12
1680.0 4.288578e-12
1690.0 4.312967e-12
1700.0 4.333465e-12
1710.0 4.350257e-12
1720.0 4.363541e-12
1730.0 4.373524e-12
1740.0 4.380427e-12
1750.0 4.384493e-12
1760.0 4.385988e-12
1770.0 4.385220e-12
1780.0 4.382560e-12
1790.0 4.378471e-12
1800.0 4.373559e-12
1810.0 4.368642e-12
1820.0 4.364835e-12
1830.0 4.363666e-12
1840.0 4.367208e-12
1850.0 4.378223e-12
1860.0 4.400303e-12
1870.0 4.437992e-12
1880.0 4.496854e-12
1890.0 4.583483e-12
1900.0 4.705418e-12
1910.0 4.870985e-12
1920.0 5.089057e-12
1930.0 5.368794e-12
1940.0 5.719404e-12
1950.0 6.149967e-12
1960.0 6.669377e-12
1970.0 7.286387e-12
1980.0 8.009713e-12
1990.0 8.848089e-12
2000.0 9.810137e-12
2010.0 1.090389e-11
2020.0 1.213589e-11
2030.0 1.350975e-11
2040.0 1.502441e-11
2050.0 1.667219e-11
2060.0 1.843704e-11
2070.0 2.029332e-11
2080.0 2.220562e-11
2090.0 2.412967e-11
2100.0 2.601460e-11
2110.0 2.780634e-11
2120.0 2.945172e-11
2130.0 3.090294e-11
2140.0 3.212165e-11
2150.0 3.308228e-11
2160.0 3.377397e-11
2170.0 3.420120e-11
2180.0 3.438281e-11
2190.0 3.434981e-11
2200.0 3.414222e-11
2210.0 3.380540e-11
2220.0 3.338623e-11
2230.0 3.292959e-11
2240.0 3.247537e-11
2250.0 3.205623e-11
2260.0 3.169621e-11
2270.0 3.141029e-11
2280.0 3.120460e-11
2290.0 3.107743e-11
2300.0 3.102062e-11
2310.0 3.102129e-11
2320.0 3.106364e-11
2330.0 3.113061e-11
2340.0 3.120534e-11
2350.0 3.127233e-11
2360.0 3.131813e-11
2370.0 3.133180e-11
2380.0 3.130496e-11
2390.0 3.123168e-11
2400.0 3.110833e-11
2410.0 3.093347e-11
2420.0 3.070784e-11
2430.0 3.043471e-11
2440.0 3.012042e-11
2450.0 2.977503e-11
2460.0 2.941303e-11
2470.0 2.905380e-11
2480.0 2.872150e-11
2490.0 2.844437e-11
2500.0 2.825321e-11
2510.0 2.817898e-11
2520.0 2.825006e-11
2530.0 2.848912e-11
2540.0 2.891047e-11
2550.0 2.951805e-11
2560.0 3.030470e-11
2570.0 3.125271e-11
2580.0 3.233564e-11
2590.0 3.352103e-11
2600.0 3.477358e-11
2610.0 3.605825e-11
2620.0 3.734286e-11
2630.0 3.859993e-11
2640.0 3.980773e-11
2650.0 4.095597e-11
2660.0 4.232100e-11
2670.0 4.649483e-11
2680.0 5.512236e-11
2690.0 6.542340e-11
2700.0 8.010327e-11
2710.0 9.194837e-11
2720.0 1.021242e-10
2730.0 1.112807e-10
2740.0 1.188452e-10
2750.0 1.278487e-10
2760.0 1.405757e-10
2770.0 1.554029e-10
2780.0 1.698661e-10
2790.0 1.825374e-10
2800.0 1.967685e-10
2810.0 2.153047e-10
2820.0 2.347338e-10
2830.0 2.474897e-10
2840.0 2.514724e-10
2850.0 2.542504e-10
2860.0 2.598567e-10
2870.0 2.644789e-10
2880.0 2.667287e-10
2890.0 2.687070e-10
2900.0 2.727455e-10
2910.0 2.748003e-10
2920.0 2.757928e-10
2930.0 2.816244e-10
2940.0 2.937455e-10
2950.0 3.109650e-10
2960.0 3.335612e-10
2970.0 3.627235e-10
2980.0 3.976079e-10
2990.0 4.507181e-10
3000.0 5.225263e-10
3010.0 5.640332e-10
3020.0 5.709204e-10
3030.0 5.657166e-10
3040.0 5.602374e-10
3050.0 5.558154e-10
3060.0 5.475384e-10
3070.0 5.314828e-10
3080.0 5.117508e-10
3090.0 4.961415e-10
3100.0 4.813452e-10
3110.0 4.608112e-10
3120.0 4.401463e-10
3130.0 4.192012e-10
3140.0 3.884281e-10
3150.0 3.508533e-10
3160.0 3.224828e-10
3170.0 3.080040e-10
3180.0 2.914898e-10
3190.0 2.645004e-10
3200.0 2.389937e-10
3210.0 2.231820e-10
3220.0 2.134508e-10
3230.0 2.061583e-10
3240.0 1.989783e-10
3250.0 1.906012e-10
3260.0 1.833189e-10
3270.0 1.806861e-10
3280.0 1.846190e-10
3290.0 1.942340e-10
3300.0 2.061715e-10
3310.0 2.171796e-10
3320.0 2.262200e-10
3330.0 2.344354e-10
3340.0 2.438542e-10
3350.0 2.558515e-10
3360.0 2.711271e-10
3370.0 2.908192e-10
3380.0 3.159790e-10
3390.0 3.462600e-10
3400.0 3.813040e-10
3410.0 4.243768e-10
3420.0 4.772579e-10
3430.0 5.306786e-10
3440.0 5.728950e-10
3450.0 5.975837e-10
3460.0 6.031154e-10
3470.0 5.922374e-10
3480.0 5.715316e-10
3490.0 5.480618e-10
3500.0 5.254242e-10
3510.0 5.031895e-10
3520.0 4.795808e-10
3530.0 4.535958e-10
3540.0 4.251521e-10
3550.0 3.950555e-10
3560.0 3.651042e-10
3570.0 3.368603e-10
3580.0 3.105788e-10
3590.0 2.863082e-10
3600.0 2.652008e-10
3610.0 2.489850e-10
3620.0 2.387094e-10
3630.0 2.343197e-10
3640.0 2.351686e-10
3650.0 2.408704e-10
3660.0 2.513869e-10
3670.0 2.663547e-10
3680.0 2.845081e-10
3690.0 2.997240e-10
3700.0 2.985329e-10
3710.0 2.838155e-10
3720.0 2.808964e-10
3730.0 2.958994e-10
3740.0 3.178646e-10
3750.0 3.409576e-10
3760.0 3.643086e-10
3770.0 3.883057e-10
3780.0 4.145177e-10
3790.0 4.428772e-10
3800.0 4.628934e-10
3810.0 4.686928e-10
3820.0 4.750563e-10
3830.0 4.890965e-10
3840.0 5.050572e-10
3850.0 5.197198e-10
3860.0 5.331829e-10
3870.0 5.457803e-10
3880.0 5.571425e-10
3890.0 5.663220e-10
3900.0 5.725780e-10
3910.0 5.760750e-10
3920.0 5.775341e-10
3930.0 5.773906e-10
3940.0 5.757118e-10
3950.0 5.729221e-10
3960.0 5.700553e-10
3970.0 5.678715e-10
3980.0 5.660868e-10
3990.0 5.637167e-10
4000.0 5.597889e-10
4010.0 5.537306e-10
4020.0 5.455627e-10
4030.0 5.357819e-10
4040.0 5.248658e-10
4050.0 5.130554e-10
4060.0 5.007510e-10
4070.0 4.887018e-10
4080.0 4.774159e-10
4090.0 4.666333e-10
4100.0 4.556618e-10
4110.0 4.439949e-10
4120.0 4.314240e-10
4130.0 4.178275e-10
4140.0 4.031996e-10
4150.0 3.878789e-10
4160.0 3.724794e-10
4170.0 3.574641e-10
4180.0 3.429329e-10
4190.0 3.288985e-10
4200.0 3.156096e-10
4210.0 3.035668e-10
4220.0 2.933783e-10
4230.0 2.855842e-10
4240.0 2.803893e-10
4250.0 2.774536e-10
4260.0 2.760421e-10
4270.0 2.755014e-10
4280.0 2.756259e-10
4290.0 2.765235e-10
4300.0 2.780888e-10
4310.0 2.795944e-10
4320.0 2.798180e-10
4330.0 2.776824e-10
4340.0 2.729749e-10
4350.0 2.666108e-10
4360.0 2.602153e-10
4370.0 2.553290e-10
4380.0 2.527669e-10
4390.0 2.524523e-10
4400.0 2.536793e-10
4410.0 2.555259e-10
4420.0 2.571718e-10
4430.0 2.580777e-10
4440.0 2.580853e-10
4450.0 2.574387e-10
4460.0 2.566460e-10
4470.0 2.561758e-10
4480.0 2.561950e-10
4490.0 2.565484e-10
4500.0 2.569223e-10
4510.0 2.570408e-10
4520.0 2.567994e-10
4530.0 2.562555e-10
4540.0 2.554700e-10
4550.0 2.543375e-10
4560.0 2.525518e-10
4570.0 2.497514e-10
4580.0 2.457618e-10
4590.0 2.407577e-10
4600.0 2.352351e-10
4610.0 2.298267e-10
4620.0 2.250552e-10
4630.0 2.211227e-10
4640.0 2.178542e-10
4650.0 2.148782e-10
4660.0 2.119267e-10
4670.0 2.089939e-10
4680.0 2.062345e-10
4690.0 2.037546e-10
4700.0 2.015262e-10
4710.0 1.994772e-10
4720.0 1.976022e-10
4730.0 1.959423e-10
4740.0 1.944670e-10
4750.0 1.930139e-10
4760.0 1.913587e-10
4770.0 1.893280e-10
4780.0 1.868535e-10
4790.0 1.839689e-10
4800.0 1.807977e-10
4810.0 1.775358e-10
4820.0 1.743939e-10
4830.0 1.715298e-10
4840.0 1.690291e-10
4850.0 1.669315e-10
4860.0 1.652485e-10
4870.0 1.639660e-10
4880.0 1.630672e-10
4890.0 1.625781e-10
4900.0 1.625953e-10
4910.0 1.632649e-10
4920.0 1.647223e-10
4930.0 1.670228e-10
4940.0 1.700968e-10
4950.0 1.737587e-10
4960.0 1.777642e-10
4970.0 1.818648e-10
4980.0 1.858445e-10
4990.0 1.896044e-10
5000.0 1.932815e-10
5010.0 1.971492e-10
5020.0 2.013009e-10
5030.0 2.055241e-10
5040.0 2.094752e-10
5050.0 2.128627e-10
5060.0 2.154863e-10
5070.0 2.172189e-10
5080.0 2.180282e-10
5090.0 2.180249e-10
5100.0 2.174605e-10
5110.0 2.166505e-10
5120.0 2.158661e-10
5130.0 2.152329e-10
5140.0 2.146691e-10
5150.0 2.138961e-10
5160.0 2.125273e-10
5170.0 2.101942e-10
5180.0 2.066771e-10
5190.0 2.020186e-10
5200.0 1.965739e-10
5210.0 1.909363e-10
5220.0 1.857485e-10
5230.0 1.814997e-10
5240.0 1.784148e-10
5250.0 1.764694e-10
5260.0 1.754885e-10
5270.0 1.752506e-10
5280.0 1.755303e-10
5290.0 1.760830e-10
5300.0 1.766340e-10
5310.0 1.769200e-10
5320.0 1.767517e-10
5330.0 1.760448e-10
5340.0 1.748106e-10
5350.0 1.731329e-10
5360.0 1.711414e-10
5370.0 1.689879e-10
5380.0 1.668444e-10
5390.0 1.649171e-10
5400.0 1.634339e-10
5410.0 1.625732e-10
5420.0 1.623768e-10
5430.0 1.627284e-10
5440.0 1.634220e-10
5450.0 1.642590e-10
5460.0 1.651004e-10
5470.0 1.658683e-10
5480.0 1.665381e-10
5490.0 1.671508e-10
5500.0 1.678267e-10
5510.0 1.687313e-10
5520.0 1.699696e-10
5530.0 1.714721e-10
5540.0 1.729896e-10
5550.0 1.742403e-10
5560.0 1.750944e-10
5570.0 1.756321e-10
5580.0 1.760407e-10
5590.0 1.764626e-10
5600.0 1.769149e-10
5610.0 1.773054e-10
5620.0 1.774997e-10
5630.0 1.773914e-10
5640.0 1.769453e-10
5650.0 1.761967e-10
5660.0 1.752169e-10
5670.0 1.740746e-10
5680.0 1.728193e-10
5690.0 1.714907e-10
5700.0 1.701329e-10
5710.0 1.687966e-10
5720.0 1.675319e-10
5730.0 1.663842e-10
5740.0 1.653967e-10
5750.0 1.646066e-10
5760.0 1.640293e-10
5770.0 1.636366e-10
5780.0 1.633493e-10
5790.0 1.630500e-10
5800.0 1.626097e-10
5810.0 1.619166e-10
5820.0 1.609002e-10
5830.0 1.595460e-10
5840.0 1.578933e-10
5850.0 1.560144e-10
5860.0 1.539844e-10
5870.0 1.518574e-10
5880.0 1.496570e-10
5890.0 1.473771e-10
5900.0 1.449886e-10
5910.0 1.424546e-10
5920.0 1.397523e-10
5930.0 1.368892e-10
5940.0 1.339033e-10
5950.0 1.308502e-10
5960.0 1.277853e-10
5970.0 1.247501e-10
5980.0 1.217668e-10
5990.0 1.188458e-10
6000.0 1.159997e-10
6010.0 1.132585e-10
6020.0 1.106743e-10
6030.0 1.083119e-10
6040.0 1.062293e-10
6050.0 1.044575e-10
6060.0 1.030010e-10
6070.0 1.018672e-10
6080.0 1.011070e-10
6090.0 1.008291e-10
6100.0 1.011666e-10
6110.0 1.022164e-10
6120.0 1.039910e-10
6130.0 1.064083e-10
6140.0 1.093141e-10
6150.0 1.125162e-10
6160.0 1.158175e-10
6170.0 1.190410e-10
6180.0 1.220414e-10
6190.0 1.247059e-10
6200.0 1.269514e-10
6210.0 1.287276e-10
6220.0 1.300268e-10
6230.0 1.308898e-10
6240.0 1.313948e-10
6250.0 1.316317e-10
6260.0 1.316795e-10
6270.0 1.316013e-10
6280.0 1.314579e-10
6290.0 1.313212e-10
6300.0 1.312685e-10
6310.0 1.313599e-10
6320.0 1.316110e-10
6330.0 1.319815e-10
6340.0 1.323870e-10
6350.0 1.327261e-10
6360.0 1.329117e-10
6370.0 1.328927e-10
6380.0 1.326604e-10
6390.0 1.322396e-10
6400.0 1.316695e-10
6410.0 1.309869e-10
6420.0 1.302200e-10
6430.0 1.293931e-10
6440.0 1.285361e-10
6450.0 1.276879e-10
6460.0 1.268880e-10
6470.0 1.261604e-10
6480.0 1.255000e-10
6490.0 1.248701e-10
6500.0 1.242155e-10
6510.0 1.234836e-10
6520.0 1.226438e-10
6530.0 1.216952e-10
6540.0 1.206617e-10
6550.0 1.195788e-10
6560.0 1.184795e-10
6570.0 1.173842e-10
6580.0 1.162992e-10
6590.0 1.152206e-10
6600.0 1.141420e-10
6610.0 1.130585e-10
6620.0 1.119669e-10
6630.0 1.108640e-10
6640.0 1.097457e-10
6650.0 1.086082e-10
6660.0 1.074505e-10
6670.0 1.062766e-10
6680.0 1.050955e-10
6690.0 1.039216e-10
6700.0 1.027719e-10
6710.0 1.016617e-10
6720.0 1.005996e-10
6730.0 9.958509e-11
6740.0 9.860894e-11
6750.0 9.765256e-11
6760.0 9.668333e-11
6770.0 9.565159e-11
6780.0 9.450154e-11
6790.0 9.319993e-11
6800.0 9.176792e-11
6810.0 9.028994e-11
6820.0 8.888661e-11
6830.0 8.766500e-11
6840.0 8.667780e-11
6850.0 8.591361e-11
6860.0 8.531586e-11
6870.0 8.481182e-11
6880.0 8.433665e-11
6890.0 8.384840e-11
6900.0 8.333529e-11
6910.0 8.281678e-11
6920.0 8.233781e-11
6930.0 8.195504e-11
6940.0 8.171724e-11
6950.0 8.164675e-11
6960.0 8.173135e-11
6970.0 8.193097e-11
6980.0 8.219506e-11
6990.0 8.248016e-11
7000.0 8.275898e-11
7010.0 8.301964e-11
7020.0 8.325887e-11
7030.0 8.347462e-11
7040.0 8.366059e-11
7050.0 8.380238e-11
7060.0 8.387527e-11
7070.0 8.384492e-11
7080.0 8.367319e-11
7090.0 8.332916e-11
7100.0 8.280163e-11
7110.0 8.210728e-11
7120.0 8.129004e-11
7130.0 8.041140e-11
7140.0 7.953564e-11
7150.0 7.871572e-11
7160.0 7.798461e-11
7170.0 7.735375e-11
7180.0 7.681723e-11
7190.0 7.635855e-11
7200.0 7.595695e-11
7210.0 7.559189e-11
7220.0 7.524562e-11
7230.0 7.490424e-11
7240.0 7.455758e-11
7250.0 7.419813e-11
7260.0 7.381976e-11
7270.0 7.341695e-11
7280.0 7.298574e-11
7290.0 7.252610e-11
7300.0 7.204436e-11
7310.0 7.155317e-11
7320.0 7.106759e-11
7330.0 7.059829e-11
7340.0 7.014525e-11
7350.0 6.969602e-11
7360.0 6.922976e-11
7370.0 6.872495e-11
7380.0 6.816613e-11
7390.0 6.754671e-11
7400.0 6.686817e-11
7410.0 6.613926e-11
7420.0 6.537804e-11
7430.0 6.461569e-11
7440.0 6.389761e-11
7450.0 6.327698e-11
7460.0 6.280075e-11
7470.0 6.249301e-11
7480.0 6.234393e-11
7490.0 6.230986e-11
7500.0 6.232578e-11
7510.0 6.232647e-11
7520.0 6.226888e-11
7530.0 6.214724e-11
7540.0 6.199354e-11
7550.0 6.186221e-11
7560.0 6.180646e-11
7570.0 6.185869e-11
7580.0 6.202437e-11
7590.0 6.228893e-11
7600.0 6.262954e-11
7610.0 6.302241e-11
7620.0 6.344314e-11
7630.0 6.386391e-11
7640.0 6.425280e-11
7650.0 6.457751e-11
7660.0 6.481095e-11
7670.0 6.493537e-11
7680.0 6.494300e-11
7690.0 6.483345e-11
7700.0 6.460969e-11
7710.0 6.427385e-11
7720.0 6.382450e-11
7730.0 6.325611e-11
7740.0 6.256136e-11
7750.0 6.173546e-11
7760.0 6.078021e-11
7770.0 5.970575e-11
7780.0 5.852874e-11
7790.0 5.726799e-11
7800.0 5.594002e-11
7810.0 5.455703e-11
7820.0 5.312866e-11
7830.0 5.166636e-11
7840.0 5.018813e-11
7850.0 4.872067e-11
7860.0 4.729781e-11
7870.0 4.595570e-11
7880.0 4.472732e-11
7890.0 4.363880e-11
7900.0 4.270844e-11
7910.0 4.194757e-11
7920.0 4.136135e-11
7930.0 4.094827e-11
7940.0 4.069903e-11
7950.0 4.059683e-11
7960.0 4.062051e-11
7970.0 4.075046e-11
7980.0 4.097481e-11
7990.0 4.129268e-11
8000.0 4.171236e-11
8010.0 4.224392e-11
8020.0 4.288824e-11
8030.0 4.362583e-11
8040.0 4.441063e-11
8050.0 4.517370e-11
8060.0 4.583852e-11
8070.0 4.634371e-11
8080.0 4.666301e-11
8090.0 4.681203e-11
8100.0 4.683793e-11
8110.0 4.679858e-11
8120.0 4.674310e-11
8130.0 4.670309e-11
8140.0 4.669518e-11
8150.0 4.672932e-11
8160.0 4.681589e-11
8170.0 4.696799e-11
8180.0 4.719902e-11
8190.0 4.751846e-11
8200.0 4.792849e-11
8210.0 4.842309e-11
8220.0 4.898929e-11
8230.0 4.960962e-11
8240.0 5.026487e-11
8250.0 5.093668e-11
8260.0 5.161003e-11
8270.0 5.227558e-11
8280.0 5.293144e-11
8290.0 5.358344e-11
8300.0 5.424293e-11
8310.0 5.492201e-11
8320.0 5.562722e-11
8330.0 5.635407e-11
8340.0 5.708509e-11
8350.0 5.779260e-11
8360.0 5.844559e-11
8370.0 5.901827e-11
8380.0 5.949687e-11
8390.0 5.988229e-11
8400.0 6.018785e-11
8410.0 6.043339e-11
8420.0 6.063831e-11
8430.0 6.081623e-11
8440.0 6.097300e-11
8450.0 6.110796e-11
8460.0 6.121727e-11
8470.0 6.129740e-11
8480.0 6.134722e-11
8490.0 6.136805e-11
8500.0 6.136218e-11
8510.0 6.133089e-11
8520.0 6.127326e-11
8530.0 6.118649e-11
8540.0 6.106757e-11
8550.0 6.091536e-11
8560.0 6.073217e-11
8570.0 6.052371e-11
8580.0 6.029758e-11
8590.0 6.006090e-11
8600.0 5.981815e-11
8610.0 5.957020e-11
8620.0 5.931480e-11
8630.0 5.904844e-11
8640.0 5.876865e-11
8650.0 5.847586e-11
8660.0 5.817391e-11
8670.0 5.786924e-11
8680.0 5.756885e-11
8690.0 5.727810e-11
8700.0 5.699889e-11
8710.0 5.672900e-11
8720.0 5.646255e-11
8730.0 5.619144e-11
8740.0 5.590731e-11
8750.0 5.560340e-11
8760.0 5.527578e-11
8770.0 5.492330e-11
8780.0 5.454623e-11
8790.0 5.414410e-11
8800.0 5.371347e-11
8810.0 5.324678e-11
8820.0 5.273300e-11
8830.0 5.216001e-11
8840.0 5.151838e-11
8850.0 5.080553e-11
8860.0 5.002900e-11
8870.0 4.920784e-11
8880.0 4.837151e-11
8890.0 4.755624e-11
8900.0 4.679960e-11
8910.0 4.613441e-11
8920.0 4.558336e-11
8930.0 4.515545e-11
8940.0 4.484512e-11
8950.0 4.463442e-11
8960.0 4.449782e-11
8970.0 4.440857e-11
8980.0 4.434493e-11
8990.0 4.429429e-11
9000.0 4.425386e-11
9010.0 4.422803e-11
9020.0 4.422338e-11
9030.0 4.424376e-11
9040.0 4.428738e-11
9050.0 4.434695e-11
9060.0 4.441262e-11
9070.0 4.447576e-11
9080.0 4.453193e-11
9090.0 4.458143e-11
9100.0 4.462733e-11
9110.0 4.467200e-11
9120.0 4.471358e-11
9130.0 4.474363e-11
9140.0 4.474673e-11
9150.0 4.470197e-11
9160.0 4.458597e-11
9170.0 4.437693e-11
9180.0 4.405873e-11
9190.0 4.362454e-11
9200.0 4.307890e-11
9210.0 4.243777e-11
9220.0 4.172587e-11
9230.0 4.097116e-11
9240.0 4.019699e-11
9250.0 3.941470e-11
9260.0 3.862112e-11
9270.0 3.780540e-11
9280.0 3.696401e-11
9290.0 3.611549e-11
9300.0 3.530319e-11
9310.0 3.458157e-11
9320.0 3.399358e-11
9330.0 3.355378e-11
9340.0 3.324686e-11
9350.0 3.303918e-11
9360.0 3.289406e-11
9370.0 3.278222e-11
9380.0 3.268495e-11
9390.0 3.259237e-11
9400.0 3.250018e-11
9410.0 3.240690e-11
9420.0 3.231232e-11
9430.0 3.221662e-11
9440.0 3.212015e-11
9450.0 3.202321e-11
9460.0 3.192608e-11
9470.0 3.182890e-11
9480.0 3.173174e-11
9490.0 3.163448e-11
9500.0 3.153690e-11
9510.0 3.143863e-11
9520.0 3.133918e-11
9530.0 3.123796e-11
9540.0 3.113432e-11
9550.0 3.102759e-11
9560.0 3.091709e-11
9570.0 3.080220e-11
9580.0 3.068234e-11
9590.0 3.055707e-11
9600.0 3.042602e-11
9610.0 3.028899e-11
9620.0 3.014586e-11
9630.0 2.999666e-11
9640.0 2.984156e-11
9650.0 2.968081e-11
9660.0 2.951478e-11
9670.0 2.934394e-11
9680.0 2.916883e-11
9690.0 2.899007e-11
9700.0 2.880835e-11
9710.0 2.862442e-11
9720.0 2.843905e-11
9730.0 2.825308e-11
9740.0 2.806737e-11
9750.0 2.788281e-11
9760.0 2.770029e-11
9770.0 2.752076e-11
9780.0 2.734514e-11
9790.0 2.717440e-11
9800.0 2.700951e-11
9810.0 2.685146e-11
9820.0 2.670129e-11
9830.0 2.656004e-11
9840.0 2.642877e-11
9850.0 2.630859e-11
9860.0 2.620057e-11
9870.0 2.610577e-11
9880.0 2.602519e-11
9890.0 2.595972e-11
9900.0 2.591010e-11
9910.0 2.587686e-11
9920.0 2.586027e-11
9930.0 2.586028e-11
9940.0 2.587647e-11
9950.0 2.590805e-11
9960.0 2.595383e-11
9970.0 2.601223e-11
9980.0 2.608133e-11
9990.0 2.615889e-11
10000.0 2.624249e-11
10010.0 2.632955e-11
10020.0 2.641751e-11
10030.0 2.650386e-11
10040.0 2.658633e-11
10050.0 2.666289e-11
10060.0 2.673195e-11
10070.0 2.679231e-11
10080.0 2.684329e-11
10090.0 2.688470e-11
10100.0 2.691686e-11
10110.0 2.694055e-11
10120.0 2.695700e-11
10130.0 2.696778e-11
10140.0 2.697478e-11
10150.0 2.698006e-11
10160.0 2.698576e-11
10170.0 2.699406e-11
10180.0 2.700697e-11
10190.0 2.702632e-11
10200.0 2.705361e-11
10210.0 2.708995e-11
10220.0 2.713597e-11
10230.0 2.719179e-11
10240.0 2.725699e-11
10250.0 2.733058e-11
10260.0 2.741108e-11
10270.0 2.749653e-11
10280.0 2.758459e-11
10290.0 2.767262e-11
10300.0 2.775783e-11
10310.0 2.783740e-11
10320.0 2.790859e-11
10330.0 2.796888e-11
10340.0 2.801608e-11
10350.0 2.804847e-11
10360.0 2.806477e-11
10370.0 2.806428e-11
10380.0 2.804687e-11
10390.0 2.801292e-11
10400.0 2.796335e-11
10410.0 2.789950e-11
10420.0 2.782312e-11
10430.0 2.773622e-11
10440.0 2.764102e-11
10450.0 2.753983e-11
10460.0 2.743498e-11
10470.0 2.732875e-11
10480.0 2.722326e-11
10490.0 2.712048e-11
10500.0 2.702211e-11
10510.0 2.692963e-11
10520.0 2.684420e-11
10530.0 2.676672e-11
10540.0 2.669781e-11
10550.0 2.663779e-11
10560.0 2.658675e-11
10570.0 2.654451e-11
10580.0 2.651073e-11
10590.0 2.648484e-11
10600.0 2.646613e-11
10610.0 2.645379e-11
10620.0 2.644690e-11
10630.0 2.644448e-11
10640.0 2.644551e-11
10650.0 2.644897e-11
10660.0 2.645385e-11
10670.0 2.645916e-11
10680.0 2.646398e-11
10690.0 2.646744e-11
10700.0 2.646876e-11
10710.0 2.646724e-11
10720.0 2.646227e-11
10730.0 2.645333e-11
10740.0 2.644003e-11
10750.0 2.642205e-11
10760.0 2.639921e-11
10770.0 2.637139e-11
10780.0 2.633860e-11
10790.0 2.630094e-11
10800.0 2.625860e-11
10810.0 2.621185e-11
10820.0 2.616106e-11
10830.0 2.610663e-11
10840.0 2.604905e-11
10850.0 2.598884e-11
10860.0 2.592656e-11
10870.0 2.586277e-11
10880.0 2.579805e-11
10890.0 2.573295e-11
10900.0 2.566801e-11
10910.0 2.560370e-11
10920.0 2.554045e-11
10930.0 2.547862e-11
10940.0 2.541849e-11
10950.0 2.536023e-11
10960.0 2.530396e-11
10970.0 2.524968e-11
10980.0 2.519730e-11
10990.0 2.514665e-11
11000.0 2.509748e-11
11010.0 2.504945e-11
11020.0 2.500220e-11
11030.0 2.495527e-11
11040.0 2.490819e-11
11050.0 2.486048e-11
11060.0 2.481162e-11
11070.0 2.476111e-11
11080.0 2.470848e-11
11090.0 2.465328e-11
11100.0 2.459509e-11
11110.0 2.453358e-11
11120.0 2.446843e-11
11130.0 2.439942e-11
11140.0 2.432640e-11
11150.0 2.424927e-11
11160.0 2.416803e-11
11170.0 2.408274e-11
11180.0 2.399352e-11
11190.0 2.390058e-11
11200.0 2.380416e-11
11210.0 2.370455e-11
11220.0 2.360210e-11
11230.0 2.349717e-11
11240.0 2.339014e-11
11250.0 2.328142e-11
11260.0 2.317139e-11
11270.0 2.306044e-11
11280.0 2.294894e-11
11290.0 2.283723e-11
11300.0 2.272562e-11
11310.0 2.261439e-11
11320.0 2.250378e-11
11330.0 2.239399e-11
11340.0 2.228520e-11
11350.0 2.217753e-11
11360.0 2.207108e-11
11370.0 2.196593e-11
11380.0 2.186210e-11
11390.0 2.175961e-11
11400.0 2.165848e-11
11410.0 2.155866e-11
11420.0 2.146014e-11
11430.0 2.136287e-11
11440.0 2.126680e-11
11450.0 2.117188e-11
11460.0 2.107805e-11
11470.0 2.098526e-11
11480.0 2.089345e-11
11490.0 2.080255e-11
11500.0 2.071251e-11
11510.0 2.062327e-11
11520.0 2.053478e-11
11530.0 2.044696e-11
11540.0 2.035977e-11
11550.0 2.027315e-11
11560.0 2.018703e-11
11570.0 2.010136e-11
11580.0 2.001607e-11
11590.0 1.993111e-11
11600.0 1.984641e-11
11610.0 1.976192e-11
11620.0 1.967758e-11
11630.0 1.959332e-11
11640.0 1.950910e-11
11650.0 1.942486e-11
11660.0 1.934056e-11
11670.0 1.925616e-11
11680.0 1.917162e-11
11690.0 1.908693e-11
11700.0 1.900206e-11
11710.0 1.891700e-11
11720.0 1.883175e-11
11730.0 1.874632e-11
11740.0 1.866071e-11
11750.0 1.857496e-11
11760.0 1.848907e-11
11770.0 1.840308e-11
11780.0 1.831703e-11
11790.0 1.823093e-11
11800.0 1.814482e-11
11810.0 1.805873e-11
11820.0 1.797269e-11
11830.0 1.788670e-11
11840.0 1.780079e-11
11850.0 1.771498e-11
11860.0 1.762925e-11
11870.0 1.754363e-11
11880.0 1.745810e-11
11890.0 1.737267e-11
11900.0 1.728733e-11
11910.0 1.720208e-11
11920.0 1.711692e-11
11930.0 1.703187e-11
11940.0 1.694694e-11
11950.0 1.686216e-11
11960.0 1.677758e-11
11970.0 1.669324e-11
11980.0 1.660923e-11
11990.0 1.652564e-11
12000.0 1.644256e-11
12010.0 1.636013e-11
12020.0 1.627848e-11
12030.0 1.619778e-11
12040.0 1.611818e-11
12050.0 1.603988e-11
12060.0 1.596304e-11
12070.0 1.588786e-11
12080.0 1.581451e-11
12090.0 1.574318e-11
12100.0 1.567403e-11
12110.0 1.560720e-11
12120.0 1.554282e-11
12130.0 1.548098e-11
12140.0 1.542175e-11
12150.0 1.536515e-11
12160.0 1.531120e-11
12170.0 1.525984e-11
12180.0 1.521100e-11
12190.0 1.516457e-11
12200.0 1.512039e-11
12210.0 1.507828e-11
12220.0 1.503804e-11
12230.0 1.499942e-11
12240.0 1.496219e-11
12250.0 1.492608e-11
12260.0 1.489082e-11
12270.0 1.485614e-11
12280.0 1.482177e-11
12290.0 1.478747e-11
12300.0 1.475298e-11
12310.0 1.471809e-11
12320.0 1.468261e-11
12330.0 1.464637e-11
12340.0 1.460921e-11
12350.0 1.457104e-11
12360.0 1.453176e-11
12370.0 1.449132e-11
12380.0 1.444968e-11
12390.0 1.440684e-11
12400.0 1.436281e-11
12410.0 1.431761e-11
12420.0 1.427131e-11
12430.0 1.422395e-11
12440.0 1.417560e-11
12450.0 1.412635e-11
12460.0 1.407626e-11
12470.0 1.402541e-11
12480.0 1.397387e-11
12490.0 1.392171e-11
12500.0 1.386899e-11
12510.0 1.381578e-11
12520.0 1.376211e-11
12530.0 1.370803e-11
12540.0 1.365358e-11
12550.0 1.359878e-11
12560.0 1.354366e-11
12570.0 1.348823e-11
12580.0 1.343253e-11
12590.0 1.337655e-11
12600.0 1.332033e-11
12610.0 1.326387e-11
12620.0 1.320721e-11
12630.0 1.315035e-11
12640.0 1.309333e-11
12650.0 1.303618e-11
12660.0 1.297892e-11
12670.0 1.292161e-11
12680.0 1.286427e-11
12690.0 1.280695e-11
12700.0 1.274970e-11
12710.0 1.269257e-11
12720.0 1.263560e-11
12730.0 1.257886e-11
12740.0 1.252240e-11
12750.0 1.246627e-11
12760.0 1.241054e-11
12770.0 1.235525e-11
12780.0 1.230047e-11
12790.0 1.224627e-11
12800.0 1.219268e-11
12810.0 1.213979e-11
12820.0 1.208764e-11
12830.0 1.203628e-11
12840.0 1.198577e-11
12850.0 1.193617e-11
12860.0 1.188750e-11
12870.0 1.183982e-11
12880.0 1.179316e-11
12890.0 1.174754e-11
12900.0 1.170298e-11
12910.0 1.165950e-11
12920.0 1.161711e-11
12930.0 1.157580e-11
12940.0 1.153556e-11
12950.0 1.149639e-11
12960.0 1.145827e-11
12970.0 1.142118e-11
12980.0 1.138509e-11
12990.0 1.135000e-11
13000.0 1.131588e-11
13010.0 1.128271e-11
13020.0 1.125050e-11
13030.0 1.121923e-11
13040.0 1.118891e-11
13050.0 1.115955e-11
13060.0 1.113117e-11
13070.0 1.110380e-11
13080.0 1.107745e-11
13090.0 1.105218e-11
13100.0 1.102802e-11
13110.0 1.100500e-11
13120.0 1.098315e-11
13130.0 1.096251e-11
13140.0 1.094310e-11
13150.0 1.092492e-11
13160.0 1.090798e-11
13170.0 1.089226e-11
13180.0 1.087772e-11
13190.0 1.086431e-11
13200.0 1.085196e-11
13210.0 1.084057e-11
13220.0 1.083004e-11
13230.0 1.082024e-11
13240.0 1.081103e-11
13250.0 1.080225e-11
13260.0 1.079373e-11
13270.0 1.078531e-11
13280.0 1.077680e-11
13290.0 1.076804e-11
13300.0 1.075883e-11
13310.0 1.074902e-11
13320.0 1.073845e-11
13330.0 1.072698e-11
13340.0 1.071447e-11
13350.0 1.070082e-11
13360.0 1.068592e-11
13370.0 1.066970e-11
13380.0 1.065210e-11
13390.0 1.063308e-11
13400.0 1.061262e-11
13410.0 1.059071e-11
13420.0 1.056734e-11
13430.0 1.054255e-11
13440.0 1.051637e-11
13450.0 1.048882e-11
13460.0 1.045996e-11
13470.0 1.042984e-11
13480.0 1.039850e-11
13490.0 1.036601e-11
13500.0 1.033241e-11
13510.0 1.029778e-11
13520.0 1.026216e-11
13530.0 1.022562e-11
13540.0 1.018820e-11
13550.0 1.014997e-11
13560.0 1.011098e-11
13570.0 1.007127e-11
13580.0 1.003091e-11
13590.0 9.989945e-12
13600.0 9.948431e-12
13610.0 9.906418e-12
13620.0 9.863962e-12
13630.0 9.821117e-12
13640.0 9.777937e-12
13650.0 9.734479e-12
13660.0 9.690798e-12
13670.0 9.646953e-12
13680.0 9.603002e-12
13690.0 9.559005e-12
13700.0 9.515020e-12
13710.0 9.471107e-12
13720.0 9.427329e-12
13730.0 9.383744e-12
13740.0 9.340412e-12
13750.0 9.297393e-12
13760.0 9.254745e-12
13770.0 9.212523e-12
13780.0 9.170782e-12
13790.0 9.129572e-12
13800.0 9.088942e-12
13810.0 9.048933e-12
13820.0 9.009586e-12
13830.0 8.970933e-12
13840.0 8.933001e-12
13850.0 8.895813e-12
13860.0 8.859384e-12
13870.0 8.823722e-12
13880.0 8.788829e-12
13890.0 8.754703e-12
13900.0 8.721333e-12
13910.0 8.688706e-12
13920.0 8.656805e-12
13930.0 8.625609e-12
13940.0 8.595096e-12
13950.0 8.565245e-12
13960.0 8.536036e-12
13970.0 8.507449e-12
13980.0 8.479471e-12
13990.0 8.452094e-12
14000.0 8.425313e-12
14010.0 8.399132e-12
14020.0 8.373560e-12
14030.0 8.348614e-12
14040.0 8.324315e-12
14050.0 8.300692e-12
14060.0 8.277775e-12
14070.0 8.255597e-12
14080.0 8.234193e-12
14090.0 8.213594e-12
14100.0 8.193830e-12
14110.0 8.174921e-12
14120.0 8.156883e-12
14130.0 8.139721e-12
14140.0 8.123427e-12
14150.0 8.107981e-12
14160.0 8.093352e-12
14170.0 8.079493e-12
14180.0 8.066343e-12
14190.0 8.053830e-12
14200.0 8.041870e-12
14210.0 8.030369e-12
14220.0 8.019226e-12
14230.0 8.008333e-12
14240.0 7.997582e-12
14250.0 7.986863e-12
14260.0 7.976072e-12
14270.0 7.965107e-12
14280.0 7.953877e-12
14290.0 7.942301e-12
14300.0 7.930312e-12
14310.0 7.917853e-12
14320.0 7.904887e-12
14330.0 7.891390e-12
14340.0 7.877355e-12
14350.0 7.862789e-12
14360.0 7.847716e-12
14370.0 7.832173e-12
14380.0 7.816206e-12
14390.0 7.799876e-12
14400.0 7.783248e-12
14410.0 7.766397e-12
14420.0 7.749399e-12
14430.0 7.732332e-12
14440.0 7.715275e-12
14450.0 7.698303e-12
14460.0 7.681489e-12
14470.0 7.664899e-12
14480.0 7.648591e-12
14490.0 7.632616e-12
14500.0 7.617014e-12
14510.0 7.601818e-12
14520.0 7.587048e-12
14530.0 7.572714e-12
14540.0 7.558815e-12
14550.0 7.545341e-12
14560.0 7.532271e-12
14570.0 7.519573e-12
14580.0 7.507207e-12
14590.0 7.495127e-12
14600.0 7.483278e-12
14610.0 7.471598e-12
14620.0 7.460021e-12
14630.0 7.448479e-12
14640.0 7.436900e-12
14650.0 7.425212e-12
14660.0 7.413343e-12
14670.0 7.401223e-12
14680.0 7.388784e-12
14690.0 7.375966e-12
14700.0 7.362712e-12
14710.0 7.348971e-12
14720.0 7.334703e-12
14730.0 7.319873e-12
14740.0 7.304458e-12
14750.0 7.288442e-12
14760.0 7.271819e-12
14770.0 7.254595e-12
14780.0 7.236783e-12
14790.0 7.218406e-12
14800.0 7.199494e-12
14810.0 7.180087e-12
14820.0 7.160230e-12
14830.0 7.139974e-12
14840.0 7.119376e-12
14850.0 7.098494e-12
14860.0 7.077390e-12
14870.0 7.056127e-12
14880.0 7.034769e-12
14890.0 7.013376e-12
14900.0 6.992009e-12
14910.0 6.970725e-12
14920.0 6.949576e-12
14930.0 6.928611e-12
14940.0 6.907874e-12
14950.0 6.887403e-12
14960.0 6.867228e-12
14970.0 6.847376e-12
14980.0 6.827867e-12
14990.0 6.808712e-12
15000.0 6.789920e-12
15010.0 6.771490e-12
15020.0 6.753418e-12
15030.0 6.735692e-12
15040.0 6.718297e-12
15050.0 6.701213e-12
15060.0 6.684414e-12
15070.0 6.667872e-12
15080.0 6.651555e-12
15090.0 6.635431e-12
15100.0 6.619463e-12
15110.0 6.603615e-12
15120.0 6.587850e-12
15130.0 6.572132e-12
15140.0 6.556427e-12
15150.0 6.540700e-12
15160.0 6.524923e-12
15170.0 6.509066e-12
15180.0 6.493108e-12
15190.0 6.477029e-12
15200.0 6.460813e-12
15210.0 6.444451e-12
15220.0 6.427939e-12
15230.0 6.411275e-12
15240.0 6.394465e-12
15250.0 6.377518e-12
15260.0 6.360447e-12
15270.0 6.343270e-12
15280.0 6.326007e-12
15290.0 6.308680e-12
15300.0 6.291316e-12
15310.0 6.273939e-12
15320.0 6.256576e-12
15330.0 6.239254e-12
15340.0 6.221998e-12
15350.0 6.204833e-12
15360.0 6.187781e-12
15370.0 6.170862e-12
15380.0 6.154093e-12
15390.0 6.137490e-12
15400.0 6.121064e-12
15410.0 6.104824e-12
15420.0 6.088776e-12
15430.0 6.072924e-12
15440.0 6.057268e-12
15450.0 6.041807e-12
15460.0 6.026537e-12
15470.0 6.011454e-12
15480.0 5.996548e-12
15490.0 5.981814e-12
15500.0 5.967240e-12
15510.0 5.952817e-12
15520.0 5.938533e-12
15530.0 5.924376e-12
15540.0 5.910334e-12
15550.0 5.896393e-12
15560.0 5.882539e-12
15570.0 5.868757e-12
15580.0 5.855034e-12
15590.0 5.841353e-12
15600.0 5.827700e-12
15610.0 5.814059e-12
15620.0 5.800414e-12
15630.0 5.786751e-12
15640.0 5.773056e-12
15650.0 5.759314e-12
15660.0 5.745514e-12
15670.0 5.731646e-12
15680.0 5.717700e-12
15690.0 5.703671e-12
15700.0 5.689554e-12
15710.0 5.675348e-12
15720.0 5.661055e-12
15730.0 5.646679e-12
15740.0 5.632228e-12
15750.0 5.617712e-12
15760.0 5.603144e-12
15770.0 5.588539e-12
15780.0 5.573916e-12
15790.0 5.559294e-12
15800.0 5.544694e-12
15810.0 5.530137e-12
15820.0 5.515648e-12
15830.0 5.501249e-12
15840.0 5.486964e-12
15850.0 5.472816e-12
15860.0 5.458828e-12
15870.0 5.445023e-12
15880.0 5.431421e-12
15890.0 5.418045e-12
15900.0 5.404914e-12
15910.0 5.392048e-12
15920.0 5.379467e-12
15930.0 5.367191e-12
15940.0 5.355238e-12
15950.0 5.343628e-12
15960.0 5.332383e-12
15970.0 5.321523e-12
15980.0 5.311069e-12
15990.0 5.301045e-12
16000.0 5.291475e-12
16010.0 5.282383e-12
16020.0 5.273796e-12
16030.0 5.265739e-12
16040.0 5.258239e-12
16050.0 5.251325e-12
16060.0 5.245021e-12
16070.0 5.239354e-12
16080.0 5.234349e-12
16090.0 5.230029e-12
16100.0 5.226414e-12
16110.0 5.223521e-12
16120.0 5.221366e-12
16130.0 5.219958e-12
16140.0 5.219304e-12
16150.0 5.219404e-12
16160.0 5.220255e-12
16170.0 5.221848e-12
16180.0 5.224168e-12
16190.0 5.227196e-12
16200.0 5.230905e-12
16210.0 5.235267e-12
16220.0 5.240245e-12
16230.0 5.245801e-12
16240.0 5.251891e-12
16250.0 5.258469e-12
16260.0 5.265485e-12
16270.0 5.272888e-12
16280.0 5.280626e-12
16290.0 5.288645e-12
16300.0 5.296894e-12
16310.0 5.305319e-12
16320.0 5.313871e-12
16330.0 5.322500e-12
16340.0 5.331162e-12
16350.0 5.339812e-12
16360.0 5.348411e-12
16370.0 5.356922e-12
16380.0 5.365313e-12
16390.0 5.373554e-12
16400.0 5.381619e-12
16410.0 5.389484e-12
16420.0 5.397131e-12
16430.0 5.404541e-12
16440.0 5.411700e-12
16450.0 5.418593e-12
16460.0 5.425210e-12
16470.0 5.431540e-12
16480.0 5.437573e-12
16490.0 5.443299e-12
16500.0 5.448708e-12
16510.0 5.453793e-12
16520.0 5.458542e-12
16530.0 5.462946e-12
16540.0 5.466994e-12
16550.0 5.470674e-12
16560.0 5.473977e-12
16570.0 5.476890e-12
16580.0 5.479400e-12
16590.0 5.481498e-12
16600.0 5.483171e-12
16610.0 5.484409e-12
16620.0 5.485203e-12
16630.0 5.485543e-12
16640.0 5.485422e-12
16650.0 5.484835e-12
16660.0 5.483779e-12
16670.0 5.482251e-12
16680.0 5.480251e-12
16690.0 5.477783e-12
16700.0 5.474850e-12
16710.0 5.471461e-12
16720.0 5.467624e-12
16730.0 5.463351e-12
16740.0 5.458655e-12
16750.0 5.453552e-12
16760.0 5.448057e-12
16770.0 5.442190e-12
16780.0 5.435970e-12
16790.0 5.429417e-12
16800.0 5.422552e-12
16810.0 5.415397e-12
16820.0 5.407973e-12
16830.0 5.400302e-12
16840.0 5.392406e-12
16850.0 5.384306e-12
16860.0 5.376023e-12
16870.0 5.367578e-12
16880.0 5.358990e-12
16890.0 5.350280e-12
16900.0 5.341465e-12
16910.0 5.332565e-12
16920.0 5.323596e-12
16930.0 5.314576e-12
16940.0 5.305520e-12
16950.0 5.296445e-12
16960.0 5.287366e-12
16970.0 5.278295e-12
16980.0 5.269247e-12
16990.0 5.260234e-12
17000.0 5.251267e-12
17010.0 5.242355e-12
17020.0 5.233508e-12
17030.0 5.224732e-12
17040.0 5.216033e-12
17050.0 5.207416e-12
17060.0 5.198882e-12
17070.0 5.190432e-12
17080.0 5.182065e-12
17090.0 5.173778e-12
17100.0 5.165565e-12
17110.0 5.157422e-12
17120.0 5.149339e-12
17130.0 5.141308e-12
17140.0 5.133317e-12
17150.0 5.125355e-12
17160.0 5.117410e-12
17170.0 5.109466e-12
17180.0 5.101511e-12
17190.0 5.093530e-12
17200.0 5.085508e-12
17210.0 5.077430e-12
17220.0 5.069281e-12
17230.0 5.061048e-12
17240.0 5.052715e-12
17250.0 5.044270e-12
17260.0 5.035701e-12
17270.0 5.026996e-12
17280.0 5.018144e-12
17290.0 5.009137e-12
17300.0 4.999967e-12
17310.0 4.990627e-12
17320.0 4.981113e-12
17330.0 4.971421e-12
17340.0 4.961551e-12
17350.0 4.951502e-12
17360.0 4.941275e-12
17370.0 4.930876e-12
17380.0 4.920307e-12
17390.0 4.909577e-12
17400.0 4.898691e-12
17410.0 4.887660e-12
17420.0 4.876492e-12
17430.0 4.865197e-12
17440.0 4.853788e-12
17450.0 4.842273e-12
17460.0 4.830665e-12
17470.0 4.818975e-12
17480.0 4.807212e-12
17490.0 4.795387e-12
17500.0 4.783508e-12
17510.0 4.771584e-12
17520.0 4.759621e-12
17530.0 4.747624e-12
17540.0 4.735597e-12
17550.0 4.723542e-12
17560.0 4.711459e-12
17570.0 4.699345e-12
17580.0 4.687197e-12
17590.0 4.675007e-12
17600.0 4.662768e-12
17610.0 4.650469e-12
17620.0 4.638096e-12
17630.0 4.625634e-12
17640.0 4.613067e-12
17650.0 4.600375e-12
17660.0 4.587541e-12
17670.0 4.574542e-12
17680.0 4.561360e-12
17690.0 4.547973e-12
17700.0 4.534365e-12
17710.0 4.520516e-12
17720.0 4.506415e-12
17730.0 4.492050e-12
17740.0 4.477414e-12
17750.0 4.462507e-12
17760.0 4.447333e-12
17770.0 4.431900e-12
17780.0 4.416226e-12
17790.0 4.400334e-12
17800.0 4.384253e-12
17810.0 4.368018e-12
17820.0 4.351670e-12
17830.0 4.335258e-12
17840.0 4.318832e-12
17850.0 4.302447e-12
17860.0 4.286161e-12
17870.0 4.270034e-12
17880.0 4.254124e-12
17890.0 4.238489e-12
17900.0 4.223186e-12
17910.0 4.208268e-12
17920.0 4.193782e-12
17930.0 4.179770e-12
17940.0 4.166270e-12
17950.0 4.153311e-12
17960.0 4.140915e-12
17970.0 4.129097e-12
17980.0 4.117863e-12
17990.0 4.107215e-12
18000.0 4.097143e-12
18010.0 4.087636e-12
18020.0 4.078672e-12
18030.0 4.070227e-12
18040.0 4.062273e-12
18050.0 4.054774e-12
18060.0 4.047697e-12
18070.0 4.041003e-12
18080.0 4.034655e-12
18090.0 4.028613e-12
18100.0 4.022838e-12
18110.0 4.017295e-12
18120.0 4.011946e-12
18130.0 4.006759e-12
18140.0 4.001701e-12
18150.0 3.996746e-12
18160.0 3.991866e-12
18170.0 3.987040e-12
18180.0 3.982248e-12
18190.0 3.977472e-12
18200.0 3.972700e-12
18210.0 3.967920e-12
18220.0 3.963123e-12
18230.0 3.958303e-12
18240.0 3.953458e-12
18250.0 3.948583e-12
18260.0 3.943681e-12
18270.0 3.938751e-12
18280.0 3.933796e-12
18290.0 3.928821e-12
18300.0 3.923830e-12
18310.0 3.918828e-12
18320.0 3.913822e-12
18330.0 3.908816e-12
18340.0 3.903818e-12
18350.0 3.898834e-12
18360.0 3.893870e-12
18370.0 3.888931e-12
18380.0 3.884021e-12
18390.0 3.879146e-12
18400.0 3.874308e-12
18410.0 3.869509e-12
18420.0 3.864751e-12
18430.0 3.860031e-12
18440.0 3.855347e-12
18450.0 3.850696e-12
18460.0 3.846070e-12
18470.0 3.841462e-12
18480.0 3.836859e-12
18490.0 3.832249e-12
18500.0 3.827617e-12
18510.0 3.822943e-12
18520.0 3.818207e-12
18530.0 3.813386e-12
18540.0 3.808455e-12
18550.0 3.803387e-12
18560.0 3.798151e-12
18570.0 3.792718e-12
18580.0 3.787056e-12
18590.0 3.781132e-12
18600.0 3.774915e-12
18610.0 3.768371e-12
18620.0 3.761472e-12
18630.0 3.754187e-12
18640.0 3.746492e-12
18650.0 3.738362e-12
18660.0 3.729780e-12
18670.0 3.720731e-12
18680.0 3.711205e-12
18690.0 3.701200e-12
18700.0 3.690719e-12
18710.0 3.679770e-12
18720.0 3.668370e-12
18730.0 3.656542e-12
18740.0 3.644315e-12
18750.0 3.631724e-12
18760.0 3.618811e-12
18770.0 3.605623e-12
18780.0 3.592210e-12
18790.0 3.578628e-12
18800.0 3.564935e-12
18810.0 3.551189e-12
18820.0 3.537451e-12
18830.0 3.523779e-12
18840.0 3.510233e-12
18850.0 3.496867e-12
18860.0 3.483733e-12
18870.0 3.470877e-12
18880.0 3.458340e-12
18890.0 3.446158e-12
18900.0 3.434358e-12
18910.0 3.422963e-12
18920.0 3.411986e-12
18930.0 3.401433e-12
18940.0 3.391303e-12
18950.0 3.381590e-12
18960.0 3.372279e-12
18970.0 3.363349e-12
18980.0 3.354776e-12
18990.0 3.346528e-12
19000.0 3.338572e-12
19010.0 3.330873e-12
19020.0 3.323390e-12
19030.0 3.316085e-12
19040.0 3.308917e-12
19050.0 3.301849e-12
19060.0 3.294841e-12
19070.0 3.287859e-12
19080.0 3.280869e-12
19090.0 3.273842e-12
19100.0 3.266752e-12
19110.0 3.259576e-12
19120.0 3.252296e-12
19130.0 3.244897e-12
19140.0 3.237368e-12
19150.0 3.229703e-12
19160.0 3.221898e-12
19170.0 3.213952e-12
19180.0 3.205868e-12
19190.0 3.197650e-12
19200.0 3.189306e-12
19210.0 3.180844e-12
19220.0 3.172273e-12
19230.0 3.163603e-12
19240.0 3.154846e-12
19250.0 3.146012e-12
19260.0 3.137112e-12
19270.0 3.128157e-12
19280.0 3.119156e-12
19290.0 3.110119e-12
19300.0 3.101056e-12
19310.0 3.091974e-12
19320.0 3.082883e-12
19330.0 3.073789e-12
19340.0 3.064701e-12
19350.0 3.055626e-12
19360.0 3.046571e-12
19370.0 3.037545e-12
19380.0 3.028554e-12
19390.0 3.019608e-12
19400.0 3.010713e-12
19410.0 3.001878e-12
19420.0 2.993111e-12
19430.0 2.984422e-12
19440.0 2.975817e-12
19450.0 2.967305e-12
19460.0 2.958892e-12
19470.0 2.950585e-12
19480.0 2.942388e-12
19490.0 2.934306e-12
19500.0 2.926340e-12
19510.0 2.918492e-12
19520.0 2.910758e-12
19530.0 2.903136e-12
19540.0 2.895620e-12
19550.0 2.888203e-12
19560.0 2.880874e-12
19570.0 2.873624e-12
19580.0 2.866438e-12
19590.0 2.859304e-12
19600.0 2.852205e-12
19610.0 2.845127e-12
19620.0 2.838053e-12
19630.0 2.830970e-12
19640.0 2.823862e-12
19650.0 2.816716e-12
19660.0 2.809522e-12
19670.0 2.802271e-12
19680.0 2.794956e-12
19690.0 2.787574e-12
19700.0 2.780124e-12
19710.0 2.772611e-12
19720.0 2.765041e-12
19730.0 2.757423e-12
19740.0 2.749773e-12
19750.0 2.742106e-12
19760.0 2.734442e-12
19770.0 2.726806e-12
19780.0 2.719221e-12
19790.0 2.711715e-12
19800.0 2.704317e-12
19810.0 2.697055e-12
19820.0 2.689961e-12
19830.0 2.683062e-12
19840.0 2.676388e-12
19850.0 2.669966e-12
19860.0 2.663822e-12
19870.0 2.657979e-12
19880.0 2.652457e-12
19890.0 2.647273e-12
19900.0 2.642440e-12
19910.0 2.637970e-12
19920.0 2.633866e-12
19930.0 2.630133e-12
19940.0 2.626766e-12
19950.0 2.623761e-12
19960.0 2.621107e-12
19970.0 2.618790e-12
19980.0 2.616792e-12
19990.0 2.615094e-12
20000.0 2.613672e-12
20010.0 2.612499e-12
20020.0 2.611547e-12
20030.0 2.610787e-12
20040.0 2.610186e-12
20050.0 2.609714e-12
20060.0 2.609337e-12
20070.0 2.609022e-12
20080.0 2.608739e-12
20090.0 2.608456e-12
20100.0 2.608143e-12
20110.0 2.607772e-12
20120.0 2.607318e-12
20130.0 2.606756e-12
20140.0 2.606067e-12
20150.0 2.605232e-12
20160.0 2.604237e-12
20170.0 2.603070e-12
20180.0 2.601724e-12
20190.0 2.600194e-12
20200.0 2.598478e-12
20210.0 2.596580e-12
20220.0 2.594504e-12
20230.0 2.592260e-12
20240.0 2.589858e-12
20250.0 2.587314e-12
20260.0 2.584643e-12
20270.0 2.581864e-12
20280.0 2.578997e-12
20290.0 2.576064e-12
20300.0 2.573087e-12
20310.0 2.570090e-12
20320.0 2.567094e-12
20330.0 2.564123e-12
20340.0 2.561200e-12
20350.0 2.558344e-12
20360.0 2.555576e-12
20370.0 2.552915e-12
20380.0 2.550375e-12
20390.0 2.547972e-12
20400.0 2.545717e-12
20410.0 2.543621e-12
20420.0 2.541691e-12
20430.0 2.539930e-12
20440.0 2.538343e-12
20450.0 2.536929e-12
20460.0 2.535685e-12
20470.0 2.534608e-12
20480.0 2.533691e-12
20490.0 2.532927e-12
20500.0 2.532305e-12
20510.0 2.531815e-12
20520.0 2.531445e-12
20530.0 2.531180e-12
20540.0 2.531008e-12
20550.0 2.530914e-12
20560.0 2.530882e-12
20570.0 2.530898e-12
20580.0 2.530946e-12
20590.0 2.531012e-12
20600.0 2.531080e-12
20610.0 2.531135e-12
20620.0 2.531164e-12
20630.0 2.531153e-12
20640.0 2.531088e-12
20650.0 2.530957e-12
20660.0 2.530747e-12
20670.0 2.530448e-12
20680.0 2.530047e-12
20690.0 2.529534e-12
20700.0 2.528901e-12
20710.0 2.528138e-12
20720.0 2.527237e-12
20730.0 2.526189e-12
20740.0 2.524989e-12
20750.0 2.523630e-12
20760.0 2.522107e-12
20770.0 2.520414e-12
20780.0 2.518549e-12
20790.0 2.516509e-12
20800.0 2.514290e-12
20810.0 2.511893e-12
20820.0 2.509316e-12
20830.0 2.506562e-12
20840.0 2.503630e-12
20850.0 2.500525e-12
20860.0 2.497249e-12
20870.0 2.493807e-12
20880.0 2.490204e-12
20890.0 2.486448e-12
20900.0 2.482543e-12
20910.0 2.478500e-12
20920.0 2.474325e-12
20930.0 2.470028e-12
20940.0 2.465618e-12
20950.0 2.461106e-12
20960.0 2.456501e-12
20970.0 2.451815e-12
20980.0 2.447058e-12
20990.0 2.442241e-12
21000.0 2.437376e-12
21010.0 2.432472e-12
21020.0 2.427540e-12
21030.0 2.422592e-12
21040.0 2.417638e-12
21050.0 2.412688e-12
21060.0 2.407752e-12
21070.0 2.402840e-12
21080.0 2.397960e-12
21090.0 2.393123e-12
21100.0 2.388337e-12
21110.0 2.383611e-12
21120.0 2.378952e-12
21130.0 2.374368e-12
21140.0 2.369867e-12
21150.0 2.365456e-12
21160.0 2.361141e-12
21170.0 2.356930e-12
21180.0 2.352826e-12
21190.0 2.348837e-12
21200.0 2.344965e-12
21210.0 2.341216e-12
21220.0 2.337593e-12
21230.0 2.334099e-12
21240.0 2.330734e-12
21250.0 2.327501e-12
21260.0 2.324399e-12
21270.0 2.321427e-12
21280.0 2.318584e-12
21290.0 2.315865e-12
21300.0 2.313268e-12
21310.0 2.310786e-12
21320.0 2.308413e-12
21330.0 2.306142e-12
21340.0 2.303964e-12
21350.0 2.301869e-12
21360.0 2.299847e-12
21370.0 2.297886e-12
21380.0 2.295974e-12
21390.0 2.294098e-12
21400.0 2.292245e-12
21410.0 2.290400e-12
21420.0 2.288550e-12
21430.0 2.286680e-12
21440.0 2.284777e-12
21450.0 2.282825e-12
21460.0 2.280812e-12
21470.0 2.278724e-12
21480.0 2.276549e-12
21490.0 2.274274e-12
21500.0 2.271890e-12
21510.0 2.269385e-12
21520.0 2.266752e-12
21530.0 2.263981e-12
21540.0 2.261068e-12
21550.0 2.258006e-12
21560.0 2.254791e-12
21570.0 2.251420e-12
21580.0 2.247892e-12
21590.0 2.244207e-12
21600.0 2.240366e-12
21610.0 2.236369e-12
21620.0 2.232222e-12
21630.0 2.227927e-12
21640.0 2.223489e-12
21650.0 2.218915e-12
21660.0 2.214212e-12
21670.0 2.209387e-12
21680.0 2.204447e-12
21690.0 2.199401e-12
21700.0 2.194258e-12
21710.0 2.189027e-12
21720.0 2.183717e-12
21730.0 2.178338e-12
21740.0 2.172899e-12
21750.0 2.167408e-12
21760.0 2.161877e-12
21770.0 2.156313e-12
21780.0 2.150725e-12
21790.0 2.145122e-12
21800.0 2.139512e-12
21810.0 2.133903e-12
21820.0 2.128301e-12
21830.0 2.122714e-12
21840.0 2.117147e-12
21850.0 2.111608e-12
21860.0 2.106101e-12
21870.0 2.100631e-12
21880.0 2.095203e-12
21890.0 2.089820e-12
21900.0 2.084487e-12
21910.0 2.079207e-12
21920.0 2.073982e-12
21930.0 2.068815e-12
21940.0 2.063709e-12
21950.0 2.058664e-12
21960.0 2.053684e-12
21970.0 2.048769e-12
21980.0 2.043922e-12
21990.0 2.039142e-12
22000.0 2.034433e-12
22010.0 2.029794e-12
22020.0 2.025228e-12
22030.0 2.020735e-12
22040.0 2.016317e-12
22050.0 2.011974e-12
22060.0 2.007709e-12
22070.0 2.003523e-12
22080.0 1.999417e-12
22090.0 1.995393e-12
22100.0 1.991452e-12
22110.0 1.987596e-12
22120.0 1.983826e-12
22130.0 1.980144e-12
22140.0 1.976550e-12
22150.0 1.973046e-12
22160.0 1.969632e-12
22170.0 1.966310e-12
22180.0 1.963079e-12
22190.0 1.959940e-12
22200.0 1.956892e-12
22210.0 1.953935e-12
22220.0 1.951067e-12
22230.0 1.948286e-12
22240.0 1.945591e-12
22250.0 1.942979e-12
22260.0 1.940447e-12
22270.0 1.937992e-12
22280.0 1.935609e-12
22290.0 1.933294e-12
22300.0 1.931042e-12
22310.0 1.928848e-12
22320.0 1.926707e-12
22330.0 1.924612e-12
22340.0 1.922558e-12
22350.0 1.920538e-12
22360.0 1.918545e-12
22370.0 1.916574e-12
22380.0 1.914617e-12
22390.0 1.912667e-12
22400.0 1.910719e-12
22410.0 1.908766e-12
22420.0 1.906801e-12
22430.0 1.904820e-12
22440.0 1.902815e-12
22450.0 1.900783e-12
22460.0 1.898717e-12
22470.0 1.896614e-12
22480.0 1.894470e-12
22490.0 1.892281e-12
22500.0 1.890045e-12
22510.0 1.887760e-12
22520.0 1.885423e-12
22530.0 1.883035e-12
22540.0 1.880594e-12
22550.0 1.878102e-12
22560.0 1.875558e-12
22570.0 1.872966e-12
22580.0 1.870327e-12
22590.0 1.867644e-12
22600.0 1.864921e-12
22610.0 1.862161e-12
22620.0 1.859370e-12
22630.0 1.856553e-12
22640.0 1.853714e-12
22650.0 1.850860e-12
22660.0 1.847997e-12
22670.0 1.845131e-12
22680.0 1.842268e-12
22690.0 1.839416e-12
22700.0 1.836580e-12
22710.0 1.833768e-12
22720.0 1.830985e-12
22730.0 1.828238e-12
22740.0 1.825533e-12
22750.0 1.822876e-12
22760.0 1.820272e-12
22770.0 1.817725e-12
22780.0 1.815240e-12
22790.0 1.812822e-12
22800.0 1.810474e-12
22810.0 1.808198e-12
22820.0 1.805998e-12
22830.0 1.803874e-12
22840.0 1.801828e-12
22850.0 1.799861e-12
22860.0 1.797974e-12
22870.0 1.796164e-12
22880.0 1.794433e-12
22890.0 1.792778e-12
22900.0 1.791199e-12
22910.0 1.789692e-12
22920.0 1.788254e-12
22930.0 1.786885e-12
22940.0 1.785579e-12
22950.0 1.784334e-12
22960.0 1.783147e-12
22970.0 1.782012e-12
22980.0 1.780927e-12
22990.0 1.779887e-12
23000.0 1.778886e-12
23010.0 1.777922e-12
23020.0 1.776990e-12
23030.0 1.776083e-12
23040.0 1.775199e-12
23050.0 1.774330e-12
23060.0 1.773473e-12
23070.0 1.772622e-12
23080.0 1.771770e-12
23090.0 1.770914e-12
23100.0 1.770046e-12
23110.0 1.769160e-12
23120.0 1.768251e-12
23130.0 1.767311e-12
23140.0 1.766335e-12
23150.0 1.765315e-12
23160.0 1.764245e-12
23170.0 1.763118e-12
23180.0 1.761927e-12
23190.0 1.760665e-12
23200.0 1.759326e-12
23210.0 1.757903e-12
23220.0 1.756389e-12
23230.0 1.754780e-12
23240.0 1.753069e-12
23250.0 1.751251e-12
23260.0 1.749322e-12
23270.0 1.747279e-12
23280.0 1.745118e-12
23290.0 1.742838e-12
23300.0 1.740436e-12
23310.0 1.737914e-12
23320.0 1.735272e-12
23330.0 1.732512e-12
23340.0 1.729637e-12
23350.0 1.726651e-12
23360.0 1.723560e-12
23370.0 1.720369e-12
23380.0 1.717086e-12
23390.0 1.713720e-12
23400.0 1.710279e-12
23410.0 1.706774e-12
23420.0 1.703217e-12
23430.0 1.699617e-12
23440.0 1.695989e-12
23450.0 1.692343e-12
23460.0 1.688693e-12
23470.0 1.685053e-12
23480.0 1.681434e-12
23490.0 1.677850e-12
23500.0 1.674314e-12
23510.0 1.670837e-12
23520.0 1.667432e-12
23530.0 1.664110e-12
23540.0 1.660880e-12
23550.0 1.657752e-12
23560.0 1.654734e-12
23570.0 1.651833e-12
23580.0 1.649055e-12
23590.0 1.646403e-12
23600.0 1.643882e-12
23610.0 1.641491e-12
23620.0 1.639230e-12
23630.0 1.637096e-12
23640.0 1.635084e-12
23650.0 1.633187e-12
23660.0 1.631395e-12
23670.0 1.629696e-12
23680.0 1.628075e-12
23690.0 1.626512e-12
23700.0 1.624986e-12
23710.0 1.623472e-12
23720.0 1.621938e-12
23730.0 1.620351e-12
23740.0 1.618673e-12
23750.0 1.616860e-12
23760.0 1.614865e-12
23770.0 1.612636e-12
23780.0 1.610118e-12
23790.0 1.607251e-12
23800.0 1.603975e-12
23810.0 1.600225e-12
23820.0 1.595940e-12
23830.0 1.591096e-12
23840.0 1.585611e-12
23850.0 1.579418e-12
23860.0 1.572473e-12
23870.0 1.564740e-12
23880.0 1.556194e-12
23890.0 1.546825e-12
23900.0 1.536639e-12
23910.0 1.525657e-12
23920.0 1.513919e-12
23930.0 1.501482e-12
23940.0 1.488421e-12
23950.0 1.474828e-12
23960.0 1.460811e-12
23970.0 1.446488e-12
23980.0 1.431990e-12
23990.0 1.417454e-12
24000.0 1.403021e-12
24010.0 1.388830e-12
24020.0 1.375019e-12
24030.0 1.361715e-12
24040.0 1.349037e-12
24050.0 1.337089e-12
24060.0 1.325961e-12
24070.0 1.315724e-12
24080.0 1.306431e-12
24090.0 1.298116e-12
24100.0 1.290796e-12
24110.0 1.284469e-12
24120.0 1.279117e-12
24130.0 1.274710e-12
24140.0 1.271203e-12
24150.0 1.268544e-12
24160.0 1.266671e-12
24170.0 1.265521e-12
24180.0 1.265024e-12
24190.0 1.265111e-12
24200.0 1.265714e-12
24210.0 1.266768e-12
24220.0 1.268211e-12
24230.0 1.269985e-12
24240.0 1.272037e-12
24250.0 1.274321e-12
24260.0 1.276793e-12
24270.0 1.279418e-12
24280.0 1.282164e-12
24290.0 1.285004e-12
24300.0 1.287916e-12
24310.0 1.290881e-12
24320.0 1.293883e-12
24330.0 1.296911e-12
24340.0 1.299954e-12
24350.0 1.303005e-12
24360.0 1.306057e-12
24370.0 1.309106e-12
24380.0 1.312149e-12
24390.0 1.315183e-12
24400.0 1.318205e-12
24410.0 1.321214e-12
24420.0 1.324210e-12
24430.0 1.327192e-12
24440.0 1.330159e-12
24450.0 1.333112e-12
24460.0 1.336049e-12
24470.0 1.338971e-12
24480.0 1.341877e-12
24490.0 1.344769e-12
24500.0 1.347646e-12
24510.0 1.350507e-12
24520.0 1.353354e-12
24530.0 1.356186e-12
24540.0 1.359004e-12
24550.0 1.361806e-12
24560.0 1.364595e-12
24570.0 1.367369e-12
24580.0 1.370128e-12
24590.0 1.372873e-12
24600.0 1.375604e-12
24610.0 1.378321e-12
24620.0 1.381023e-12
24630.0 1.383711e-12
24640.0 1.386384e-12
24650.0 1.389041e-12
24660.0 1.391684e-12
24670.0 1.394310e-12
24680.0 1.396919e-12
24690.0 1.399511e-12
24700.0 1.402084e-12
24710.0 1.404637e-12
24720.0 1.407168e-12
24730.0 1.409676e-12
24740.0 1.412158e-12
24750.0 1.414612e-12
24760.0 1.417034e-12
24770.0 1.419420e-12
24780.0 1.421767e-12
24790.0 1.424070e-12
24800.0 1.426323e-12
24810.0 1.428521e-12
24820.0 1.430657e-12
24830.0 1.432726e-12
24840.0 1.434720e-12
24850.0 1.436634e-12
24860.0 1.438461e-12
24870.0 1.440198e-12
24880.0 1.441839e-12
24890.0 1.443382e-12
24900.0 1.444825e-12
24910.0 1.446169e-12
24920.0 1.447413e-12
24930.0 1.448561e-12
24940.0 1.449616e-12
24950.0 1.450581e-12
24960.0 1.451463e-12
24970.0 1.452266e-12
24980.0 1.452995e-12
24990.0 1.453658e-12
25000.0 1.454258e-12
