1000.0 4.615896e-13
1010.0 5.598280e-13
1020.0 6.813681e-13
1030.0 8.310596e-13
1040.0 1.014970e-12
1050.0 1.240117e-12
1060.0 1.514447e-12
1070.0 1.846757e-12
1080.0 2.246533e-12
1090.0 2.723698e-12
1100.0 3.288304e-12
1110.0 3.950157e-12
1120.0 4.718431e-12
1130.0 5.601285e-12
1140.0 6.605523e-12
1150.0 7.736312e-12
1160.0 8.996962e-12
1170.0 1.038878e-11
1180.0 1.191096e-11
1190.0 1.356056e-11
1200.0 1.533253e-11
1210.0 1.721970e-11
1220.0 1.921296e-11
1230.0 2.130139e-11
1240.0 2.347250e-11
1250.0 2.571244e-11
1260.0 2.800635e-11
1270.0 3.033869e-11
1280.0 3.269358e-11
1290.0 3.505513e-11
1300.0 3.740780e-11
1310.0 3.973673e-11
1320.0 4.202801e-11
1330.0 4.426890e-11
1340.0 4.644813e-11
1350.0 4.855598e-11
1360.0 5.058447e-11
1370.0 5.252741e-11
1380.0 5.438047e-11
1390.0 5.614116e-11
1400.0 5.780879e-11
1410.0 5.938438e-11
1420.0 6.087056e-11
1430.0 6.227134e-11
1440.0 6.359191e-11
1450.0 6.483841e-11
1460.0 6.601756e-11
1470.0 6.713634e-11
1480.0 6.820159e-11
1490.0 6.921960e-11
1500.0 7.019558e-11
1510.0 7.113321e-11
1520.0 7.203411e-11
1530.0 7.289729e-11
1540.0 7.371866e-11
1550.0 7.449070e-11
1560.0 7.520225e-11
1570.0 7.583866e-11
1580.0 7.638236e-11
1590.0 7.681399e-11
1600.0 7.711421e-11
1610.0 7.726603e-11
1620.0 7.725769e-11
1630.0 7.708565e-11
1640.0 7.675736e-11
1650.0 7.629312e-11
1660.0 7.572666e-11
1670.0 7.510388e-11
1680.0 7.447957e-11
1690.0 7.391243e-11
1700.0 7.345889e-11
1710.0 7.316667e-11
1720.0 7.306940e-11
1730.0 7.318330e-11
1740.0 7.350685e-11
1750.0 7.402370e-11
1760.0 7.470849e-11
1770.0 7.553448e-11
1780.0 7.648145e-11
1790.0 7.754219e-11
1800.0 7.872616e-11
1810.0 8.005936e-11
1820.0 8.158061e-11
1830.0 8.333483e-11
1840.0 8.536499e-11
1850.0 8.770447e-11
1860.0 9.037141e-11
1870.0 9.336604e-11
1880.0 9.667111e-11
1890.0 1.002548e-10
1900.0 1.040744e-10
1910.0 1.080803e-10
1920.0 1.122172e-10
1930.0 1.164245e-10
1940.0 1.206338e-10
1950.0 1.247669e-10
1960.0 1.287342e-10
1970.0 1.324357e-10
1980.0 1.357656e-10
1990.0 1.386192e-10
2000.0 1.409021e-10
2010.0 1.425389e-10
2020.0 1.434808e-10
2030.0 1.437081e-10
2040.0 1.432311e-10
2050.0 1.420855e-10
2060.0 1.403274e-10
2070.0 1.380275e-10
2080.0 1.352671e-10
2090.0 1.321366e-10
2100.0 1.287362e-10
2110.0 1.251784e-10
2120.0 1.215903e-10
2130.0 1.181137e-10
2140.0 1.149028e-10
2150.0 1.121182e-10
2160.0 1.099183e-10
2170.0 1.084483e-10
2180.0 1.078300e-10
2190.0 1.081528e-10
2200.0 1.094678e-10
2210.0 1.117857e-10
2220.0 1.150789e-10
2230.0 1.192855e-10
2240.0 1.243165e-10
2250.0 1.300618e-10
2260.0 1.363961e-10
2270.0 1.431833e-10
2280.0 1.502783e-10
2290.0 1.575283e-10
2300.0 1.647733e-10
2310.0 1.718484e-10
2320.0 1.785878e-10
2330.0 1.848330e-10
2340.0 1.904425e-10
2350.0 1.953052e-10
2360.0 1.993536e-10
2370.0 2.025746e-10
2380.0 2.050174e-10
2390.0 2.067942e-10
2400.0 2.080739e-10
2410.0 2.090680e-10
2420.0 2.100097e-10
2430.0 2.111288e-10
2440.0 2.126259e-10
2450.0 2.146482e-10
2460.0 2.172724e-10
2470.0 2.204959e-10
2480.0 2.242385e-10
2490.0 2.283548e-10
2500.0 2.326549e-10
2510.0 2.369313e-10
2520.0 2.409863e-10
2530.0 2.446581e-10
2540.0 2.478393e-10
2550.0 2.504862e-10
2560.0 2.526187e-10
2570.0 2.543110e-10
2580.0 2.556757e-10
2590.0 2.568448e-10
2600.0 2.579514e-10
2610.0 2.591145e-10
2620.0 2.604291e-10
2630.0 2.619610e-10
2640.0 2.637467e-10
2650.0 2.658682e-10
2660.0 2.720661e-10
2670.0 3.172324e-10
2680.0 4.274092e-10
2690.0 5.135729e-10
2700.0 5.525428e-10
2710.0 5.870300e-10
2720.0 6.198345e-10
2730.0 6.519027e-10
2740.0 6.983742e-10
2750.0 7.459638e-10
2760.0 7.688795e-10
2770.0 7.671863e-10
2780.0 7.632950e-10
2790.0 7.687702e-10
2800.0 7.855945e-10
2810.0 8.207174e-10
2820.0 8.576373e-10
2830.0 8.854918e-10
2840.0 9.267849e-10
2850.0 1.000576e-09
2860.0 1.089562e-09
2870.0 1.187873e-09
2880.0 1.314958e-09
2890.0 1.440295e-09
2900.0 1.526434e-09
2910.0 1.602682e-09
2920.0 1.677596e-09
2930.0 1.730431e-09
2940.0 1.753449e-09
2950.0 1.751498e-09
2960.0 1.731748e-09
2970.0 1.693743e-09
2980.0 1.645014e-09
2990.0 1.594830e-09
3000.0 1.550770e-09
3010.0 1.497705e-09
3020.0 1.415475e-09
3030.0 1.338108e-09
3040.0 1.278162e-09
3050.0 1.253648e-09
3060.0 1.268049e-09
3070.0 1.300147e-09
3080.0 1.348489e-09
3090.0 1.410006e-09
3100.0 1.460801e-09
3110.0 1.507186e-09
3120.0 1.587089e-09
3130.0 1.716463e-09
3140.0 1.868554e-09
3150.0 1.998106e-09
3160.0 2.079743e-09
3170.0 2.127861e-09
3180.0 2.155116e-09
3190.0 2.135603e-09
3200.0 2.042835e-09
3210.0 1.882386e-09
3220.0 1.685690e-09
3230.0 1.508596e-09
3240.0 1.399233e-09
3250.0 1.346851e-09
3260.0 1.326865e-09
3270.0 1.338901e-09
3280.0 1.382572e-09
3290.0 1.435256e-09
3300.0 1.475287e-09
3310.0 1.513016e-09
3320.0 1.561282e-09
3330.0 1.607485e-09
3340.0 1.638043e-09
3350.0 1.653266e-09
3360.0 1.662517e-09
3370.0 1.687064e-09
3380.0 1.741636e-09
3390.0 1.805165e-09
3400.0 1.860630e-09
3410.0 1.908843e-09
3420.0 1.951790e-09
3430.0 1.990938e-09
3440.0 2.026050e-09
3450.0 2.065356e-09
3460.0 2.130931e-09
3470.0 2.236627e-09
3480.0 2.376870e-09
3490.0 2.544421e-09
3500.0 2.740446e-09
3510.0 2.957804e-09
3520.0 3.178760e-09
3530.0 3.386763e-09
3540.0 3.571747e-09
3550.0 3.731396e-09
3560.0 3.856070e-09
3570.0 3.926454e-09
3580.0 3.938520e-09
3590.0 3.912300e-09
3600.0 3.873767e-09
3610.0 3.862312e-09
3620.0 3.930473e-09
3630.0 4.086590e-09
3640.0 4.279397e-09
3650.0 4.430588e-09
3660.0 4.481865e-09
3670.0 4.418928e-09
3680.0 4.249495e-09
3690.0 4.002954e-09
3700.0 3.728005e-09
3710.0 3.466173e-09
3720.0 3.234524e-09
3730.0 3.030470e-09
3740.0 2.849668e-09
3750.0 2.697714e-09
3760.0 2.586820e-09
3770.0 2.528474e-09
3780.0 2.530606e-09
3790.0 2.598022e-09
3800.0 2.734415e-09
3810.0 2.942397e-09
3820.0 3.222049e-09
3830.0 3.571440e-09
3840.0 3.985155e-09
3850.0 4.444220e-09
3860.0 4.911399e-09
3870.0 5.360381e-09
3880.0 5.783444e-09
3890.0 6.154971e-09
3900.0 6.447399e-09
3910.0 6.653304e-09
3920.0 6.769226e-09
3930.0 6.784845e-09
3940.0 6.688279e-09
3950.0 6.476986e-09
3960.0 6.171844e-09
3970.0 5.821791e-09
3980.0 5.486132e-09
3990.0 5.209411e-09
4000.0 5.013531e-09
4010.0 4.905685e-09
4020.0 4.883021e-09
4030.0 4.928457e-09
4040.0 5.009430e-09
4050.0 5.088766e-09
4060.0 5.141099e-09
4070.0 5.160847e-09
4080.0 5.157371e-09
4090.0 5.144304e-09
4100.0 5.132180e-09
4110.0 5.128016e-09
4120.0 5.137938e-09
4130.0 5.165285e-09
4140.0 5.205079e-09
4150.0 5.244268e-09
4160.0 5.269595e-09
4170.0 5.274750e-09
4180.0 5.260202e-09
4190.0 5.227410e-09
4200.0 5.174552e-09
4210.0 5.098033e-09
4220.0 4.997404e-09
4230.0 4.878834e-09
4240.0 4.752844e-09
4250.0 4.626390e-09
4260.0 4.496390e-09
4270.0 4.353216e-09
4280.0 4.191675e-09
4290.0 4.017390e-09
4300.0 3.842190e-09
4310.0 3.675620e-09
4320.0 3.522239e-09
4330.0 3.384548e-09
4340.0 3.264927e-09
4350.0 3.164483e-09
4360.0 3.083106e-09
4370.0 3.022837e-09
4380.0 2.990217e-09
4390.0 2.993402e-09
4400.0 3.036694e-09
4410.0 3.118353e-09
4420.0 3.232513e-09
4430.0 3.371362e-09
4440.0 3.526447e-09
4450.0 3.691535e-09
4460.0 3.865707e-09
4470.0 4.052098e-09
4480.0 4.252454e-09
4490.0 4.463818e-09
4500.0 4.680374e-09
4510.0 4.896286e-09
4520.0 5.105859e-09
4530.0 5.302635e-09
4540.0 5.479863e-09
4550.0 5.631172e-09
4560.0 5.749471e-09
4570.0 5.825554e-09
4580.0 5.849645e-09
4590.0 5.815374e-09
4600.0 5.722976e-09
4610.0 5.580034e-09
4620.0 5.398399e-09
4630.0 5.190031e-09
4640.0 4.966423e-09
4650.0 4.738452e-09
4660.0 4.513611e-09
4670.0 4.294135e-09
4680.0 4.078610e-09
4690.0 3.865673e-09
4700.0 3.657049e-09
4710.0 3.458696e-09
4720.0 3.280190e-09
4730.0 3.132274e-09
4740.0 3.022719e-09
4750.0 2.952328e-09
4760.0 2.913484e-09
4770.0 2.892210e-09
4780.0 2.873078e-09
4790.0 2.844868e-09
4800.0 2.804484e-09
4810.0 2.757205e-09
4820.0 2.713467e-09
4830.0 2.684527e-09
4840.0 2.679352e-09
4850.0 2.703056e-09
4860.0 2.756054e-09
4870.0 2.833479e-09
4880.0 2.924798e-09
4890.0 3.013461e-09
4900.0 3.078248e-09
4910.0 3.100874e-09
4920.0 3.077178e-09
4930.0 3.017172e-09
4940.0 2.933631e-09
4950.0 2.837122e-09
4960.0 2.738864e-09
4970.0 2.650840e-09
4980.0 2.582804e-09
4990.0 2.540374e-09
5000.0 2.524788e-09
5010.0 2.533725e-09
5020.0 2.562937e-09
5030.0 2.608031e-09
5040.0 2.665414e-09
5050.0 2.732196e-09
5060.0 2.805897e-09
5070.0 2.884685e-09
5080.0 2.967980e-09
5090.0 3.056683e-09
5100.0 3.152519e-09
5110.0 3.256695e-09
5120.0 3.368791e-09
5130.0 3.486481e-09
5140.0 3.605632e-09
5150.0 3.720520e-09
5160.0 3.825263e-09
5170.0 3.916407e-09
5180.0 3.993310e-09
5190.0 4.055436e-09
5200.0 4.100255e-09
5210.0 4.123784e-09
5220.0 4.121828e-09
5230.0 4.091053e-09
5240.0 4.030438e-09
5250.0 3.942952e-09
5260.0 3.836311e-09
5270.0 3.721862e-09
5280.0 3.611891e-09
5290.0 3.516564e-09
5300.0 3.441613e-09
5310.0 3.387458e-09
5320.0 3.350086e-09
5330.0 3.323341e-09
5340.0 3.301514e-09
5350.0 3.280991e-09
5360.0 3.260457e-09
5370.0 3.239893e-09
5380.0 3.219107e-09
5390.0 3.196654e-09
5400.0 3.169950e-09
5410.0 3.136000e-09
5420.0 3.092181e-09
5430.0 3.037331e-09
5440.0 2.973910e-09
5450.0 2.909682e-09
5460.0 2.855365e-09
5470.0 2.819310e-09
5480.0 2.804499e-09
5490.0 2.809457e-09
5500.0 2.830772e-09
5510.0 2.864940e-09
5520.0 2.907791e-09
5530.0 2.952678e-09
5540.0 2.991059e-09
5550.0 3.015807e-09
5560.0 3.023980e-09
5570.0 3.016873e-09
5580.0 2.998078e-09
5590.0 2.971243e-09
5600.0 2.938714e-09
5610.0 2.901401e-09
5620.0 2.859279e-09
5630.0 2.812204e-09
5640.0 2.760467e-09
5650.0 2.704902e-09
5660.0 2.646763e-09
5670.0 2.587649e-09
5680.0 2.529540e-09
5690.0 2.474836e-09
5700.0 2.426313e-09
5710.0 2.386925e-09
5720.0 2.359435e-09
5730.0 2.345985e-09
5740.0 2.347753e-09
5750.0 2.364866e-09
5760.0 2.396565e-09
5770.0 2.441416e-09
5780.0 2.497392e-09
5790.0 2.561783e-09
5800.0 2.631174e-09
5810.0 2.701671e-09
5820.0 2.769343e-09
5830.0 2.830700e-09
5840.0 2.882940e-09
5850.0 2.923875e-09
5860.0 2.951946e-09
5870.0 2.966225e-09
5880.0 2.966578e-09
5890.0 2.953909e-09
5900.0 2.930214e-09
5910.0 2.898266e-09
5920.0 2.861001e-09
5930.0 2.820875e-09
5940.0 2.779456e-09
5950.0 2.737331e-09
5960.0 2.694199e-09
5970.0 2.648969e-09
5980.0 2.599810e-09
5990.0 2.544237e-09
6000.0 2.479317e-09
6010.0 2.401993e-09
6020.0 2.309513e-09
6030.0 2.199949e-09
6040.0 2.072833e-09
6050.0 1.929889e-09
6060.0 1.775567e-09
6070.0 1.617006e-09
6080.0 1.463292e-09
6090.0 1.323989e-09
6100.0 1.207407e-09
6110.0 1.119280e-09
6120.0 1.062287e-09
6130.0 1.036442e-09
6140.0 1.039957e-09
6150.0 1.070083e-09
6160.0 1.123574e-09
6170.0 1.196687e-09
6180.0 1.284965e-09
6190.0 1.383204e-09
6200.0 1.485859e-09
6210.0 1.587807e-09
6220.0 1.685041e-09
6230.0 1.774910e-09
6240.0 1.855852e-09
6250.0 1.926930e-09
6260.0 1.987568e-09
6270.0 2.037620e-09
6280.0 2.077519e-09
6290.0 2.108172e-09
6300.0 2.130488e-09
6310.0 2.144708e-09
6320.0 2.150077e-09
6330.0 2.145607e-09
6340.0 2.132031e-09
6350.0 2.113047e-09
6360.0 2.093779e-09
6370.0 2.077632e-09
6380.0 2.064837e-09
6390.0 2.053691e-09
6400.0 2.042540e-09
6410.0 2.030714e-09
6420.0 2.018293e-09
6430.0 2.005478e-09
6440.0 1.992239e-09
6450.0 1.978375e-09
6460.0 1.963678e-09
6470.0 1.948000e-09
6480.0 1.931214e-09
6490.0 1.913154e-09
6500.0 1.893609e-09
6510.0 1.872405e-09
6520.0 1.849521e-09
6530.0 1.825088e-09
6540.0 1.799256e-09
6550.0 1.772075e-09
6560.0 1.743526e-09
6570.0 1.713710e-09
6580.0 1.682958e-09
6590.0 1.651726e-09
6600.0 1.620348e-09
6610.0 1.588887e-09
6620.0 1.557239e-09
6630.0 1.525382e-09
6640.0 1.493557e-09
6650.0 1.462206e-09
6660.0 1.431728e-09
6670.0 1.402282e-09
6680.0 1.373792e-09
6690.0 1.346155e-09
6700.0 1.319478e-09
6710.0 1.294151e-09
6720.0 1.270681e-09
6730.0 1.249411e-09
6740.0 1.230328e-09
6750.0 1.213087e-09
6760.0 1.197239e-09
6770.0 1.182464e-09
6780.0 1.168659e-09
6790.0 1.155846e-09
6800.0 1.143989e-09
6810.0 1.132839e-09
6820.0 1.121929e-09
6830.0 1.110744e-09
6840.0 1.098996e-09
6850.0 1.086799e-09
6860.0 1.074577e-09
6870.0 1.062788e-09
6880.0 1.051633e-09
6890.0 1.040937e-09
6900.0 1.030253e-09
6910.0 1.019128e-09
6920.0 1.007373e-09
6930.0 9.951787e-10
6940.0 9.830446e-10
6950.0 9.715719e-10
6960.0 9.612596e-10
6970.0 9.523883e-10
6980.0 9.450083e-10
6990.0 9.389877e-10
7000.0 9.340695e-10
7010.0 9.299116e-10
7020.0 9.261112e-10
7030.0 9.222369e-10
7040.0 9.178940e-10
7050.0 9.128219e-10
7060.0 9.069726e-10
7070.0 9.005104e-10
7080.0 8.937162e-10
7090.0 8.868530e-10
7100.0 8.800818e-10
7110.0 8.734764e-10
7120.0 8.671026e-10
7130.0 8.610775e-10
7140.0 8.555692e-10
7150.0 8.507158e-10
7160.0 8.465410e-10
7170.0 8.429386e-10
7180.0 8.397314e-10
7190.0 8.367538e-10
7200.0 8.338974e-10
7210.0 8.310929e-10
7220.0 8.282416e-10
7230.0 8.251222e-10
7240.0 8.213213e-10
7250.0 8.162718e-10
7260.0 8.094821e-10
7270.0 8.008689e-10
7280.0 7.908990e-10
7290.0 7.803194e-10
7300.0 7.696686e-10
7310.0 7.589986e-10
7320.0 7.479868e-10
7330.0 7.362330e-10
7340.0 7.234720e-10
7350.0 7.096268e-10
7360.0 6.947698e-10
7370.0 6.790584e-10
7380.0 6.626777e-10
7390.0 6.458057e-10
7400.0 6.286272e-10
7410.0 6.113819e-10
7420.0 5.943877e-10
7430.0 5.780120e-10
7440.0 5.626067e-10
7450.0 5.484673e-10
7460.0 5.358388e-10
7470.0 5.249329e-10
7480.0 5.159164e-10
7490.0 5.088728e-10
7500.0 5.037680e-10
7510.0 5.004513e-10
7520.0 4.986974e-10
7530.0 4.982735e-10
7540.0 4.989979e-10
7550.0 5.007643e-10
7560.0 5.035226e-10
7570.0 5.072312e-10
7580.0 5.118055e-10
7590.0 5.170869e-10
7600.0 5.228427e-10
7610.0 5.288875e-10
7620.0 5.349697e-10
7630.0 5.408522e-10
7640.0 5.464890e-10
7650.0 5.519471e-10
7660.0 5.573601e-10
7670.0 5.628676e-10
7680.0 5.685713e-10
7690.0 5.745225e-10
7700.0 5.807396e-10
7710.0 5.872383e-10
7720.0 5.940471e-10
7730.0 6.011922e-10
7740.0 6.086552e-10
7750.0 6.163407e-10
7760.0 6.240777e-10
7770.0 6.316582e-10
7780.0 6.388788e-10
7790.0 6.455576e-10
7800.0 6.515264e-10
7810.0 6.566162e-10
7820.0 6.606573e-10
7830.0 6.634961e-10
7840.0 6.650234e-10
7850.0 6.651995e-10
7860.0 6.640619e-10
7870.0 6.617102e-10
7880.0 6.582754e-10
7890.0 6.538899e-10
7900.0 6.486754e-10
7910.0 6.427501e-10
7920.0 6.362383e-10
7930.0 6.292631e-10
7940.0 6.219201e-10
7950.0 6.142552e-10
7960.0 6.062702e-10
7970.0 5.979523e-10
7980.0 5.892961e-10
7990.0 5.802994e-10
8000.0 5.709387e-10
8010.0 5.611525e-10
8020.0 5.508511e-10
8030.0 5.399467e-10
8040.0 5.283798e-10
8050.0 5.161230e-10
8060.0 5.031580e-10
8070.0 4.894420e-10
8080.0 4.748930e-10
8090.0 4.594189e-10
8100.0 4.429869e-10
8110.0 4.256921e-10
8120.0 4.077844e-10
8130.0 3.896482e-10
8140.0 3.717530e-10
8150.0 3.546037e-10
8160.0 3.386987e-10
8170.0 3.244948e-10
8180.0 3.123768e-10
8190.0 3.026299e-10
8200.0 2.954208e-10
8210.0 2.907880e-10
8220.0 2.886442e-10
8230.0 2.887878e-10
8240.0 2.909261e-10
8250.0 2.947077e-10
8260.0 2.997675e-10
8270.0 3.057772e-10
8280.0 3.124949e-10
8290.0 3.198017e-10
8300.0 3.277136e-10
8310.0 3.363690e-10
8320.0 3.459921e-10
8330.0 3.568474e-10
8340.0 3.691944e-10
8350.0 3.832513e-10
8360.0 3.991696e-10
8370.0 4.170164e-10
8380.0 4.367612e-10
8390.0 4.582675e-10
8400.0 4.812915e-10
8410.0 5.054925e-10
8420.0 5.304571e-10
8430.0 5.557364e-10
8440.0 5.808856e-10
8450.0 6.055012e-10
8460.0 6.292451e-10
8470.0 6.518556e-10
8480.0 6.731457e-10
8490.0 6.929942e-10
8500.0 7.113340e-10
8510.0 7.281401e-10
8520.0 7.434201e-10
8530.0 7.572068e-10
8540.0 7.695528e-10
8550.0 7.805262e-10
8560.0 7.902052e-10
8570.0 7.986717e-10
8580.0 8.060038e-10
8590.0 8.122706e-10
8600.0 8.175310e-10
8610.0 8.218339e-10
8620.0 8.252196e-10
8630.0 8.277187e-10
8640.0 8.293496e-10
8650.0 8.301182e-10
8660.0 8.300225e-10
8670.0 8.290625e-10
8680.0 8.272505e-10
8690.0 8.246173e-10
8700.0 8.212079e-10
8710.0 8.170673e-10
8720.0 8.122209e-10
8730.0 8.066580e-10
8740.0 8.003247e-10
8750.0 7.931285e-10
8760.0 7.849562e-10
8770.0 7.756976e-10
8780.0 7.652732e-10
8790.0 7.536573e-10
8800.0 7.408928e-10
8810.0 7.270957e-10
8820.0 7.124499e-10
8830.0 6.971937e-10
8840.0 6.816007e-10
8850.0 6.659561e-10
8860.0 6.505317e-10
8870.0 6.355620e-10
8880.0 6.212285e-10
8890.0 6.076548e-10
8900.0 5.949133e-10
8910.0 5.830395e-10
8920.0 5.720462e-10
8930.0 5.619321e-10
8940.0 5.526816e-10
8950.0 5.442611e-10
8960.0 5.366151e-10
8970.0 5.296682e-10
8980.0 5.233320e-10
8990.0 5.175146e-10
9000.0 5.121292e-10
9010.0 5.070992e-10
9020.0 5.023606e-10
9030.0 4.978633e-10
9040.0 4.935726e-10
9050.0 4.894695e-10
9060.0 4.855494e-10
9070.0 4.818159e-10
9080.0 4.782717e-10
9090.0 4.749095e-10
9100.0 4.717091e-10
9110.0 4.686435e-10
9120.0 4.656949e-10
9130.0 4.628718e-10
9140.0 4.602213e-10
9150.0 4.578278e-10
9160.0 4.557925e-10
9170.0 4.541925e-10
9180.0 4.530336e-10
9190.0 4.522175e-10
9200.0 4.515474e-10
9210.0 4.507737e-10
9220.0 4.496555e-10
9230.0 4.480007e-10
9240.0 4.456721e-10
9250.0 4.425723e-10
9260.0 4.386471e-10
9270.0 4.339263e-10
9280.0 4.284852e-10
9290.0 4.227000e-10
9300.0 4.170862e-10
9310.0 4.120864e-10
9320.0 4.079849e-10
9330.0 4.048361e-10
9340.0 4.024950e-10
9350.0 4.007135e-10
9360.0 3.992413e-10
9370.0 3.978851e-10
9380.0 3.965214e-10
9390.0 3.950819e-10
9400.0 3.935318e-10
9410.0 3.918532e-10
9420.0 3.900363e-10
9430.0 3.880751e-10
9440.0 3.859661e-10
9450.0 3.837081e-10
9460.0 3.813024e-10
9470.0 3.787532e-10
9480.0 3.760672e-10
9490.0 3.732537e-10
9500.0 3.703247e-10
9510.0 3.672941e-10
9520.0 3.641776e-10
9530.0 3.609917e-10
9540.0 3.577539e-10
9550.0 3.544814e-10
9560.0 3.511906e-10
9570.0 3.478973e-10
9580.0 3.446155e-10
9590.0 3.413577e-10
9600.0 3.381346e-10
9610.0 3.349552e-10
9620.0 3.318269e-10
9630.0 3.287556e-10
9640.0 3.257463e-10
9650.0 3.228028e-10
9660.0 3.199289e-10
9670.0 3.171276e-10
9680.0 3.144023e-10
9690.0 3.117561e-10
9700.0 3.091924e-10
9710.0 3.067147e-10
9720.0 3.043264e-10
9730.0 3.020310e-10
9740.0 2.998317e-10
9750.0 2.977311e-10
9760.0 2.957315e-10
9770.0 2.938344e-10
9780.0 2.920406e-10
9790.0 2.903501e-10
9800.0 2.887624e-10
9810.0 2.872758e-10
9820.0 2.858884e-10
9830.0 2.845977e-10
9840.0 2.834004e-10
9850.0 2.822932e-10
9860.0 2.812722e-10
9870.0 2.803335e-10
9880.0 2.794724e-10
9890.0 2.786841e-10
9900.0 2.779636e-10
9910.0 2.773049e-10
9920.0 2.767018e-10
9930.0 2.761473e-10
9940.0 2.756339e-10
9950.0 2.751533e-10
9960.0 2.746964e-10
9970.0 2.742538e-10
9980.0 2.738155e-10
9990.0 2.733710e-10
10000.0 2.729100e-10
10010.0 2.724219e-10
10020.0 2.718965e-10
10030.0 2.713240e-10
10040.0 2.706953e-10
10050.0 2.700020e-10
10060.0 2.692368e-10
10070.0 2.683934e-10
10080.0 2.674667e-10
10090.0 2.664527e-10
10100.0 2.653488e-10
10110.0 2.641534e-10
10120.0 2.628661e-10
10130.0 2.614876e-10
10140.0 2.600194e-10
10150.0 2.584641e-10
10160.0 2.568249e-10
10170.0 2.551058e-10
10180.0 2.533112e-10
10190.0 2.514463e-10
10200.0 2.495164e-10
10210.0 2.475273e-10
10220.0 2.454851e-10
10230.0 2.433962e-10
10240.0 2.412669e-10
10250.0 2.391039e-10
10260.0 2.369139e-10
10270.0 2.347035e-10
10280.0 2.324792e-10
10290.0 2.302477e-10
10300.0 2.280152e-10
10310.0 2.257878e-10
10320.0 2.235716e-10
10330.0 2.213719e-10
10340.0 2.191941e-10
10350.0 2.170430e-10
10360.0 2.149232e-10
10370.0 2.128385e-10
10380.0 2.107928e-10
10390.0 2.087893e-10
10400.0 2.068309e-10
10410.0 2.049200e-10
10420.0 2.030590e-10
10430.0 2.012497e-10
10440.0 1.994937e-10
10450.0 1.977922e-10
10460.0 1.961463e-10
10470.0 1.945569e-10
10480.0 1.930244e-10
10490.0 1.915491e-10
10500.0 1.901310e-10
10510.0 1.887698e-10
10520.0 1.874649e-10
10530.0 1.862154e-10
10540.0 1.850200e-10
10550.0 1.838772e-10
10560.0 1.827851e-10
10570.0 1.817415e-10
10580.0 1.807440e-10
10590.0 1.797898e-10
10600.0 1.788761e-10
10610.0 1.779997e-10
10620.0 1.771574e-10
10630.0 1.763461e-10
10640.0 1.755624e-10
10650.0 1.748031e-10
10660.0 1.740650e-10
10670.0 1.733450e-10
10680.0 1.726402e-10
10690.0 1.719477e-10
10700.0 1.712646e-10
10710.0 1.705886e-10
10720.0 1.699171e-10
10730.0 1.692479e-10
10740.0 1.685787e-10
10750.0 1.679075e-10
10760.0 1.672326e-10
10770.0 1.665522e-10
10780.0 1.658648e-10
10790.0 1.651692e-10
10800.0 1.644643e-10
10810.0 1.637493e-10
10820.0 1.630238e-10
10830.0 1.622873e-10
10840.0 1.615399e-10
10850.0 1.607819e-10
10860.0 1.600137e-10
10870.0 1.592360e-10
10880.0 1.584497e-10
10890.0 1.576556e-10
10900.0 1.568549e-10
10910.0 1.560487e-10
10920.0 1.552381e-10
10930.0 1.544240e-10
10940.0 1.536076e-10
10950.0 1.527897e-10
10960.0 1.519712e-10
10970.0 1.511529e-10
10980.0 1.503355e-10
10990.0 1.495198e-10
11000.0 1.487064e-10
11010.0 1.478960e-10
11020.0 1.470895e-10
11030.0 1.462876e-10
11040.0 1.454915e-10
11050.0 1.447021e-10
11060.0 1.439207e-10
11070.0 1.431487e-10
11080.0 1.423873e-10
11090.0 1.416384e-10
11100.0 1.409033e-10
11110.0 1.401837e-10
11120.0 1.394813e-10
11130.0 1.387977e-10
11140.0 1.381342e-10
11150.0 1.374924e-10
11160.0 1.368735e-10
11170.0 1.362786e-10
11180.0 1.357086e-10
11190.0 1.351643e-10
11200.0 1.346462e-10
11210.0 1.341547e-10
11220.0 1.336900e-10
11230.0 1.332519e-10
11240.0 1.328404e-10
11250.0 1.324551e-10
11260.0 1.320955e-10
11270.0 1.317608e-10
11280.0 1.314502e-10
11290.0 1.311629e-10
11300.0 1.308976e-10
11310.0 1.306531e-10
11320.0 1.304281e-10
11330.0 1.302210e-10
11340.0 1.300304e-10
11350.0 1.298543e-10
11360.0 1.296911e-10
11370.0 1.295389e-10
11380.0 1.293957e-10
11390.0 1.292595e-10
11400.0 1.291284e-10
11410.0 1.290003e-10
11420.0 1.288733e-10
11430.0 1.287455e-10
11440.0 1.286149e-10
11450.0 1.284799e-10
11460.0 1.283388e-10
11470.0 1.281900e-10
11480.0 1.280322e-10
11490.0 1.278640e-10
11500.0 1.276843e-10
11510.0 1.274920e-10
11520.0 1.272861e-10
11530.0 1.270660e-10
11540.0 1.268308e-10
11550.0 1.265799e-10
11560.0 1.263127e-10
11570.0 1.260286e-10
11580.0 1.257272e-10
11590.0 1.254080e-10
11600.0 1.250705e-10
11610.0 1.247143e-10
11620.0 1.243389e-10
11630.0 1.239438e-10
11640.0 1.235285e-10
11650.0 1.230925e-10
11660.0 1.226352e-10
11670.0 1.221561e-10
11680.0 1.216545e-10
11690.0 1.211297e-10
11700.0 1.205812e-10
11710.0 1.200083e-10
11720.0 1.194103e-10
11730.0 1.187867e-10
11740.0 1.181369e-10
11750.0 1.174604e-10
11760.0 1.167570e-10
11770.0 1.160264e-10
11780.0 1.152686e-10
11790.0 1.144837e-10
11800.0 1.136722e-10
11810.0 1.128345e-10
11820.0 1.119716e-10
11830.0 1.110845e-10
11840.0 1.101748e-10
11850.0 1.092439e-10
11860.0 1.082939e-10
11870.0 1.073269e-10
11880.0 1.063453e-10
11890.0 1.053517e-10
11900.0 1.043488e-10
11910.0 1.033395e-10
11920.0 1.023268e-10
11930.0 1.013137e-10
11940.0 1.003032e-10
11950.0 9.929829e-11
11960.0 9.830178e-11
11970.0 9.731635e-11
11980.0 9.634451e-11
11990.0 9.538850e-11
12000.0 9.445034e-11
12010.0 9.353172e-11
12020.0 9.263404e-11
12030.0 9.175839e-11
12040.0 9.090559e-11
12050.0 9.007615e-11
12060.0 8.927033e-11
12070.0 8.848820e-11
12080.0 8.772965e-11
12090.0 8.699446e-11
12100.0 8.628236e-11
12110.0 8.559306e-11
12120.0 8.492635e-11
12130.0 8.428211e-11
12140.0 8.366038e-11
12150.0 8.306135e-11
12160.0 8.248542e-11
12170.0 8.193321e-11
12180.0 8.140549e-11
12190.0 8.090323e-11
12200.0 8.042752e-11
12210.0 7.997955e-11
12220.0 7.956053e-11
12230.0 7.917166e-11
12240.0 7.881404e-11
12250.0 7.848863e-11
12260.0 7.819619e-11
12270.0 7.793724e-11
12280.0 7.771200e-11
12290.0 7.752040e-11
12300.0 7.736202e-11
12310.0 7.723614e-11
12320.0 7.714170e-11
12330.0 7.707739e-11
12340.0 7.704162e-11
12350.0 7.703261e-11
12360.0 7.704840e-11
12370.0 7.708695e-11
12380.0 7.714614e-11
12390.0 7.722388e-11
12400.0 7.731809e-11
12410.0 7.742679e-11
12420.0 7.754811e-11
12430.0 7.768035e-11
12440.0 7.782193e-11
12450.0 7.797145e-11
12460.0 7.812766e-11
12470.0 7.828949e-11
12480.0 7.845595e-11
12490.0 7.862622e-11
12500.0 7.879951e-11
12510.0 7.897513e-11
12520.0 7.915236e-11
12530.0 7.933050e-11
12540.0 7.950882e-11
12550.0 7.968650e-11
12560.0 7.986263e-11
12570.0 8.003619e-11
12580.0 8.020606e-11
12590.0 8.037097e-11
12600.0 8.052951e-11
12610.0 8.068016e-11
12620.0 8.082128e-11
12630.0 8.095112e-11
12640.0 8.106787e-11
12650.0 8.116966e-11
12660.0 8.125461e-11
12670.0 8.132088e-11
12680.0 8.136664e-11
12690.0 8.139020e-11
12700.0 8.139001e-11
12710.0 8.136466e-11
12720.0 8.131299e-11
12730.0 8.123406e-11
12740.0 8.112720e-11
12750.0 8.099206e-11
12760.0 8.082857e-11
12770.0 8.063699e-11
12780.0 8.041791e-11
12790.0 8.017223e-11
12800.0 7.990114e-11
12810.0 7.960614e-11
12820.0 7.928896e-11
12830.0 7.895157e-11
12840.0 7.859611e-11
12850.0 7.822488e-11
12860.0 7.784030e-11
12870.0 7.744480e-11
12880.0 7.704086e-11
12890.0 7.663091e-11
12900.0 7.621730e-11
12910.0 7.580229e-11
12920.0 7.538795e-11
12930.0 7.497622e-11
12940.0 7.456878e-11
12950.0 7.416713e-11
12960.0 7.377254e-11
12970.0 7.338602e-11
12980.0 7.300836e-11
12990.0 7.264011e-11
13000.0 7.228165e-11
13010.0 7.193311e-11
13020.0 7.159450e-11
13030.0 7.126566e-11
13040.0 7.094631e-11
13050.0 7.063611e-11
13060.0 7.033465e-11
13070.0 7.004148e-11
13080.0 6.975616e-11
13090.0 6.947829e-11
13100.0 6.920748e-11
13110.0 6.894343e-11
13120.0 6.868589e-11
13130.0 6.843470e-11
13140.0 6.818978e-11
13150.0 6.795114e-11
13160.0 6.771884e-11
13170.0 6.749300e-11
13180.0 6.727381e-11
13190.0 6.706147e-11
13200.0 6.685617e-11
13210.0 6.665813e-11
13220.0 6.646751e-11
13230.0 6.628442e-11
13240.0 6.610891e-11
13250.0 6.594096e-11
13260.0 6.578045e-11
13270.0 6.562716e-11
13280.0 6.548077e-11
13290.0 6.534088e-11
13300.0 6.520695e-11
13310.0 6.507840e-11
13320.0 6.495453e-11
13330.0 6.483459e-11
13340.0 6.471775e-11
13350.0 6.460315e-11
13360.0 6.448990e-11
13370.0 6.437705e-11
13380.0 6.426368e-11
13390.0 6.414883e-11
13400.0 6.403157e-11
13410.0 6.391098e-11
13420.0 6.378616e-11
13430.0 6.365624e-11
13440.0 6.352040e-11
13450.0 6.337786e-11
13460.0 6.322789e-11
13470.0 6.306985e-11
13480.0 6.290315e-11
13490.0 6.272730e-11
13500.0 6.254190e-11
13510.0 6.234666e-11
13520.0 6.214138e-11
13530.0 6.192601e-11
13540.0 6.170059e-11
13550.0 6.146528e-11
13560.0 6.122039e-11
13570.0 6.096632e-11
13580.0 6.070357e-11
13590.0 6.043277e-11
13600.0 6.015458e-11
13610.0 5.986978e-11
13620.0 5.957914e-11
13630.0 5.928349e-11
13640.0 5.898365e-11
13650.0 5.868042e-11
13660.0 5.837458e-11
13670.0 5.806684e-11
13680.0 5.775785e-11
13690.0 5.744817e-11
13700.0 5.713830e-11
13710.0 5.682862e-11
13720.0 5.651944e-11
13730.0 5.621100e-11
13740.0 5.590344e-11
13750.0 5.559687e-11
13760.0 5.529133e-11
13770.0 5.498685e-11
13780.0 5.468343e-11
13790.0 5.438110e-11
13800.0 5.407990e-11
13810.0 5.377990e-11
13820.0 5.348125e-11
13830.0 5.318411e-11
13840.0 5.288875e-11
13850.0 5.259548e-11
13860.0 5.230469e-11
13870.0 5.201680e-11
13880.0 5.173232e-11
13890.0 5.145176e-11
13900.0 5.117568e-11
13910.0 5.090465e-11
13920.0 5.063921e-11
13930.0 5.037990e-11
13940.0 5.012722e-11
13950.0 4.988163e-11
13960.0 4.964351e-11
13970.0 4.941318e-11
13980.0 4.919088e-11
13990.0 4.897676e-11
14000.0 4.877091e-11
14010.0 4.857332e-11
14020.0 4.838388e-11
14030.0 4.820244e-11
14040.0 4.802875e-11
14050.0 4.786250e-11
14060.0 4.770334e-11
14070.0 4.755086e-11
14080.0 4.740461e-11
14090.0 4.726413e-11
14100.0 4.712894e-11
14110.0 4.699853e-11
14120.0 4.687242e-11
14130.0 4.675013e-11
14140.0 4.663119e-11
14150.0 4.651518e-11
14160.0 4.640167e-11
14170.0 4.629031e-11
14180.0 4.618074e-11
14190.0 4.607267e-11
14200.0 4.596583e-11
14210.0 4.585999e-11
14220.0 4.575494e-11
14230.0 4.565051e-11
14240.0 4.554652e-11
14250.0 4.544285e-11
14260.0 4.533935e-11
14270.0 4.523589e-11
14280.0 4.513234e-11
14290.0 4.502856e-11
14300.0 4.492444e-11
14310.0 4.481984e-11
14320.0 4.471464e-11
14330.0 4.460872e-11
14340.0 4.450199e-11
14350.0 4.439438e-11
14360.0 4.428585e-11
14370.0 4.417641e-11
14380.0 4.406610e-11
14390.0 4.395503e-11
14400.0 4.384335e-11
14410.0 4.373127e-11
14420.0 4.361902e-11
14430.0 4.350691e-11
14440.0 4.339525e-11
14450.0 4.328437e-11
14460.0 4.317458e-11
14470.0 4.306619e-11
14480.0 4.295945e-11
14490.0 4.285455e-11
14500.0 4.275160e-11
14510.0 4.265061e-11
14520.0 4.255146e-11
14530.0 4.245394e-11
14540.0 4.235769e-11
14550.0 4.226226e-11
14560.0 4.216708e-11
14570.0 4.207147e-11
14580.0 4.197472e-11
14590.0 4.187603e-11
14600.0 4.177464e-11
14610.0 4.166979e-11
14620.0 4.156078e-11
14630.0 4.144704e-11
14640.0 4.132813e-11
14650.0 4.120377e-11
14660.0 4.107393e-11
14670.0 4.093877e-11
14680.0 4.079873e-11
14690.0 4.065451e-11
14700.0 4.050708e-11
14710.0 4.035768e-11
14720.0 4.020779e-11
14730.0 4.005914e-11
14740.0 3.991364e-11
14750.0 3.977339e-11
14760.0 3.964063e-11
14770.0 3.951769e-11
14780.0 3.940694e-11
14790.0 3.931076e-11
14800.0 3.923152e-11
14810.0 3.917150e-11
14820.0 3.913288e-11
14830.0 3.911769e-11
14840.0 3.912782e-11
14850.0 3.916497e-11
14860.0 3.923064e-11
14870.0 3.932614e-11
14880.0 3.945256e-11
14890.0 3.961080e-11
14900.0 3.980157e-11
14910.0 4.002537e-11
14920.0 4.028255e-11
14930.0 4.057330e-11
14940.0 4.089765e-11
14950.0 4.125550e-11
14960.0 4.164666e-11
14970.0 4.207080e-11
14980.0 4.252753e-11
14990.0 4.301636e-11
15000.0 4.353672e-11
15010.0 4.408798e-11
15020.0 4.466942e-11
15030.0 4.528029e-11
15040.0 4.591974e-11
15050.0 4.658684e-11
15060.0 4.728062e-11
15070.0 4.800000e-11
15080.0 4.874382e-11
15090.0 4.951084e-11
15100.0 5.029969e-11
15110.0 5.110892e-11
15120.0 5.193698e-11
15130.0 5.278217e-11
15140.0 5.364270e-11
15150.0 5.451663e-11
15160.0 5.540193e-11
15170.0 5.629643e-11
15180.0 5.719783e-11
15190.0 5.810373e-11
15200.0 5.901163e-11
15210.0 5.991891e-11
15220.0 6.082291e-11
15230.0 6.172086e-11
15240.0 6.260997e-11
15250.0 6.348741e-11
15260.0 6.435036e-11
15270.0 6.519602e-11
15280.0 6.602164e-11
15290.0 6.682453e-11
15300.0 6.760214e-11
15310.0 6.835202e-11
15320.0 6.907190e-11
15330.0 6.975967e-11
15340.0 7.041346e-11
15350.0 7.103158e-11
15360.0 7.161260e-11
15370.0 7.215534e-11
15380.0 7.265886e-11
15390.0 7.312249e-11
15400.0 7.354579e-11
15410.0 7.392859e-11
15420.0 7.427094e-11
15430.0 7.457311e-11
15440.0 7.483557e-11
15450.0 7.505897e-11
15460.0 7.524411e-11
15470.0 7.539194e-11
15480.0 7.550350e-11
15490.0 7.557991e-11
15500.0 7.562238e-11
15510.0 7.563212e-11
15520.0 7.561039e-11
15530.0 7.555842e-11
15540.0 7.547747e-11
15550.0 7.536875e-11
15560.0 7.523343e-11
15570.0 7.507267e-11
15580.0 7.488758e-11
15590.0 7.467922e-11
15600.0 7.444864e-11
15610.0 7.419685e-11
15620.0 7.392483e-11
15630.0 7.363356e-11
15640.0 7.332399e-11
15650.0 7.299708e-11
15660.0 7.265381e-11
15670.0 7.229514e-11
15680.0 7.192208e-11
15690.0 7.153564e-11
15700.0 7.113687e-11
15710.0 7.072684e-11
15720.0 7.030663e-11
15730.0 6.987737e-11
15740.0 6.944020e-11
15750.0 6.899627e-11
15760.0 6.854675e-11
15770.0 6.809282e-11
15780.0 6.763565e-11
15790.0 6.717641e-11
15800.0 6.671626e-11
15810.0 6.625635e-11
15820.0 6.579780e-11
15830.0 6.534168e-11
15840.0 6.488907e-11
15850.0 6.444097e-11
15860.0 6.399836e-11
15870.0 6.356216e-11
15880.0 6.313324e-11
15890.0 6.271243e-11
15900.0 6.230048e-11
15910.0 6.189810e-11
15920.0 6.150592e-11
15930.0 6.112451e-11
15940.0 6.075438e-11
15950.0 6.039596e-11
15960.0 6.004963e-11
15970.0 5.971568e-11
15980.0 5.939435e-11
15990.0 5.908580e-11
16000.0 5.879016e-11
16010.0 5.850746e-11
16020.0 5.823772e-11
16030.0 5.798090e-11
16040.0 5.773691e-11
16050.0 5.750567e-11
16060.0 5.728704e-11
16070.0 5.708092e-11
16080.0 5.688719e-11
16090.0 5.670575e-11
16100.0 5.653653e-11
16110.0 5.637948e-11
16120.0 5.623462e-11
16130.0 5.610200e-11
16140.0 5.598172e-11
16150.0 5.587395e-11
16160.0 5.577889e-11
16170.0 5.569680e-11
16180.0 5.562799e-11
16190.0 5.557279e-11
16200.0 5.553156e-11
16210.0 5.550467e-11
16220.0 5.549248e-11
16230.0 5.549534e-11
16240.0 5.551355e-11
16250.0 5.554737e-11
16260.0 5.559699e-11
16270.0 5.566251e-11
16280.0 5.574393e-11
16290.0 5.584116e-11
16300.0 5.595397e-11
16310.0 5.608202e-11
16320.0 5.622485e-11
16330.0 5.638186e-11
16340.0 5.655232e-11
16350.0 5.673539e-11
16360.0 5.693012e-11
16370.0 5.713546e-11
16380.0 5.735026e-11
16390.0 5.757330e-11
16400.0 5.780332e-11
16410.0 5.803900e-11
16420.0 5.827899e-11
16430.0 5.852197e-11
16440.0 5.876660e-11
16450.0 5.901159e-11
16460.0 5.925568e-11
16470.0 5.949768e-11
16480.0 5.973646e-11
16490.0 5.997100e-11
16500.0 6.020034e-11
16510.0 6.042364e-11
16520.0 6.064016e-11
16530.0 6.084927e-11
16540.0 6.105044e-11
16550.0 6.124326e-11
16560.0 6.142743e-11
16570.0 6.160273e-11
16580.0 6.176907e-11
16590.0 6.192644e-11
16600.0 6.207493e-11
16610.0 6.221472e-11
16620.0 6.234606e-11
16630.0 6.246927e-11
16640.0 6.258476e-11
16650.0 6.269300e-11
16660.0 6.279451e-11
16670.0 6.288987e-11
16680.0 6.297972e-11
16690.0 6.306474e-11
16700.0 6.314566e-11
16710.0 6.322323e-11
16720.0 6.329826e-11
16730.0 6.337156e-11
16740.0 6.344399e-11
16750.0 6.351641e-11
16760.0 6.358969e-11
16770.0 6.366472e-11
16780.0 6.374237e-11
16790.0 6.382351e-11
16800.0 6.390898e-11
16810.0 6.399960e-11
16820.0 6.409615e-11
16830.0 6.419937e-11
16840.0 6.430995e-11
16850.0 6.442852e-11
16860.0 6.455564e-11
16870.0 6.469181e-11
16880.0 6.483746e-11
16890.0 6.499291e-11
16900.0 6.515845e-11
16910.0 6.533426e-11
16920.0 6.552045e-11
16930.0 6.571705e-11
16940.0 6.592403e-11
16950.0 6.614129e-11
16960.0 6.636865e-11
16970.0 6.660589e-11
16980.0 6.685274e-11
16990.0 6.710889e-11
17000.0 6.737397e-11
17010.0 6.764761e-11
17020.0 6.792939e-11
17030.0 6.821890e-11
17040.0 6.851567e-11
17050.0 6.881927e-11
17060.0 6.912922e-11
17070.0 6.944504e-11
17080.0 6.976627e-11
17090.0 7.009239e-11
17100.0 7.042292e-11
17110.0 7.075733e-11
17120.0 7.109509e-11
17130.0 7.143564e-11
17140.0 7.177840e-11
17150.0 7.212276e-11
17160.0 7.246806e-11
17170.0 7.281364e-11
17180.0 7.315877e-11
17190.0 7.350268e-11
17200.0 7.384458e-11
17210.0 7.418362e-11
17220.0 7.451893e-11
17230.0 7.484961e-11
17240.0 7.517471e-11
17250.0 7.549328e-11
17260.0 7.580438e-11
17270.0 7.610705e-11
17280.0 7.640033e-11
17290.0 7.668333e-11
17300.0 7.695515e-11
17310.0 7.721497e-11
17320.0 7.746201e-11
17330.0 7.769559e-11
17340.0 7.791508e-11
17350.0 7.811995e-11
17360.0 7.830976e-11
17370.0 7.848417e-11
17380.0 7.864293e-11
17390.0 7.878589e-11
17400.0 7.891300e-11
17410.0 7.902427e-11
17420.0 7.911981e-11
17430.0 7.919980e-11
17440.0 7.926448e-11
17450.0 7.931412e-11
17460.0 7.934904e-11
17470.0 7.936960e-11
17480.0 7.937615e-11
17490.0 7.936905e-11
17500.0 7.934868e-11
17510.0 7.931538e-11
17520.0 7.926950e-11
17530.0 7.921135e-11
17540.0 7.914124e-11
17550.0 7.905944e-11
17560.0 7.896624e-11
17570.0 7.886188e-11
17580.0 7.874661e-11
17590.0 7.862069e-11
17600.0 7.848435e-11
17610.0 7.833788e-11
17620.0 7.818155e-11
17630.0 7.801567e-11
17640.0 7.784057e-11
17650.0 7.765663e-11
17660.0 7.746425e-11
17670.0 7.726386e-11
17680.0 7.705595e-11
17690.0 7.684101e-11
17700.0 7.661957e-11
17710.0 7.639218e-11
17720.0 7.615943e-11
17730.0 7.592187e-11
17740.0 7.568008e-11
17750.0 7.543464e-11
17760.0 7.518608e-11
17770.0 7.493494e-11
17780.0 7.468171e-11
17790.0 7.442684e-11
17800.0 7.417075e-11
17810.0 7.391379e-11
17820.0 7.365629e-11
17830.0 7.339850e-11
17840.0 7.314064e-11
17850.0 7.288286e-11
17860.0 7.262528e-11
17870.0 7.236797e-11
17880.0 7.211094e-11
17890.0 7.185419e-11
17900.0 7.159766e-11
17910.0 7.134128e-11
17920.0 7.108495e-11
17930.0 7.082856e-11
17940.0 7.057195e-11
17950.0 7.031499e-11
17960.0 7.005751e-11
17970.0 6.979935e-11
17980.0 6.954032e-11
17990.0 6.928026e-11
18000.0 6.901897e-11
18010.0 6.875628e-11
18020.0 6.849201e-11
18030.0 6.822597e-11
18040.0 6.795800e-11
18050.0 6.768791e-11
18060.0 6.741556e-11
18070.0 6.714079e-11
18080.0 6.686347e-11
18090.0 6.658349e-11
18100.0 6.630075e-11
18110.0 6.601521e-11
18120.0 6.572681e-11
18130.0 6.543557e-11
18140.0 6.514153e-11
18150.0 6.484477e-11
18160.0 6.454540e-11
18170.0 6.424359e-11
18180.0 6.393955e-11
18190.0 6.363351e-11
18200.0 6.332576e-11
18210.0 6.301660e-11
18220.0 6.270638e-11
18230.0 6.239545e-11
18240.0 6.208418e-11
18250.0 6.177294e-11
18260.0 6.146209e-11
18270.0 6.115201e-11
18280.0 6.084302e-11
18290.0 6.053542e-11
18300.0 6.022950e-11
18310.0 5.992548e-11
18320.0 5.962353e-11
18330.0 5.932378e-11
18340.0 5.902631e-11
18350.0 5.873113e-11
18360.0 5.843821e-11
18370.0 5.814744e-11
18380.0 5.785868e-11
18390.0 5.757175e-11
18400.0 5.728641e-11
18410.0 5.700241e-11
18420.0 5.671946e-11
18430.0 5.643725e-11
18440.0 5.615549e-11
18450.0 5.587385e-11
18460.0 5.559206e-11
18470.0 5.530982e-11
18480.0 5.502689e-11
18490.0 5.474304e-11
18500.0 5.445812e-11
18510.0 5.417197e-11
18520.0 5.388451e-11
18530.0 5.359571e-11
18540.0 5.330558e-11
18550.0 5.301417e-11
18560.0 5.272161e-11
18570.0 5.242805e-11
18580.0 5.213368e-11
18590.0 5.183873e-11
18600.0 5.154348e-11
18610.0 5.124821e-11
18620.0 5.095323e-11
18630.0 5.065887e-11
18640.0 5.036544e-11
18650.0 5.007329e-11
18660.0 4.978273e-11
18670.0 4.949410e-11
18680.0 4.920769e-11
18690.0 4.892379e-11
18700.0 4.864269e-11
18710.0 4.836462e-11
18720.0 4.808984e-11
18730.0 4.781854e-11
18740.0 4.755094e-11
18750.0 4.728719e-11
18760.0 4.702747e-11
18770.0 4.677192e-11
18780.0 4.652068e-11
18790.0 4.627388e-11
18800.0 4.603163e-11
18810.0 4.579406e-11
18820.0 4.556128e-11
18830.0 4.533341e-11
18840.0 4.511056e-11
18850.0 4.489287e-11
18860.0 4.468047e-11
18870.0 4.447348e-11
18880.0 4.427206e-11
18890.0 4.407633e-11
18900.0 4.388646e-11
18910.0 4.370260e-11
18920.0 4.352489e-11
18930.0 4.335349e-11
18940.0 4.318854e-11
18950.0 4.303019e-11
18960.0 4.287856e-11
18970.0 4.273378e-11
18980.0 4.259594e-11
18990.0 4.246513e-11
19000.0 4.234142e-11
19010.0 4.222485e-11
19020.0 4.211544e-11
19030.0 4.201318e-11
19040.0 4.191805e-11
19050.0 4.182997e-11
19060.0 4.174887e-11
19070.0 4.167462e-11
19080.0 4.160708e-11
19090.0 4.154608e-11
19100.0 4.149144e-11
19110.0 4.144294e-11
19120.0 4.140035e-11
19130.0 4.136342e-11
19140.0 4.133189e-11
19150.0 4.130550e-11
19160.0 4.128396e-11
19170.0 4.126702e-11
19180.0 4.125438e-11
19190.0 4.124579e-11
19200.0 4.124098e-11
19210.0 4.123971e-11
19220.0 4.124174e-11
19230.0 4.124687e-11
19240.0 4.125491e-11
19250.0 4.126567e-11
19260.0 4.127900e-11
19270.0 4.129480e-11
19280.0 4.131294e-11
19290.0 4.133337e-11
19300.0 4.135601e-11
19310.0 4.138084e-11
19320.0 4.140784e-11
19330.0 4.143702e-11
19340.0 4.146840e-11
19350.0 4.150200e-11
19360.0 4.153788e-11
19370.0 4.157607e-11
19380.0 4.161663e-11
19390.0 4.165961e-11
19400.0 4.170506e-11
19410.0 4.175301e-11
19420.0 4.180349e-11
19430.0 4.185652e-11
19440.0 4.191211e-11
19450.0 4.197021e-11
19460.0 4.203081e-11
19470.0 4.209382e-11
19480.0 4.215916e-11
19490.0 4.222671e-11
19500.0 4.229631e-11
19510.0 4.236778e-11
19520.0 4.244092e-11
19530.0 4.251546e-11
19540.0 4.259114e-11
19550.0 4.266763e-11
19560.0 4.274460e-11
19570.0 4.282166e-11
19580.0 4.289839e-11
19590.0 4.297436e-11
19600.0 4.304909e-11
19610.0 4.312208e-11
19620.0 4.319280e-11
19630.0 4.326071e-11
19640.0 4.332523e-11
19650.0 4.338579e-11
19660.0 4.344178e-11
19670.0 4.349261e-11
19680.0 4.353768e-11
19690.0 4.357639e-11
19700.0 4.360814e-11
19710.0 4.363237e-11
19720.0 4.364852e-11
19730.0 4.365607e-11
19740.0 4.365454e-11
19750.0 4.364347e-11
19760.0 4.362246e-11
19770.0 4.359116e-11
19780.0 4.354928e-11
19790.0 4.349656e-11
19800.0 4.343285e-11
19810.0 4.335802e-11
19820.0 4.327203e-11
19830.0 4.317491e-11
19840.0 4.306674e-11
19850.0 4.294767e-11
19860.0 4.281790e-11
19870.0 4.267772e-11
19880.0 4.252743e-11
19890.0 4.236741e-11
19900.0 4.219808e-11
19910.0 4.201987e-11
19920.0 4.183326e-11
19930.0 4.163876e-11
19940.0 4.143688e-11
19950.0 4.122815e-11
19960.0 4.101311e-11
19970.0 4.079228e-11
19980.0 4.056619e-11
19990.0 4.033535e-11
20000.0 4.010026e-11
20010.0 3.986141e-11
20020.0 3.961925e-11
20030.0 3.937422e-11
20040.0 3.912675e-11
20050.0 3.887721e-11
20060.0 3.862599e-11
20070.0 3.837344e-11
20080.0 3.811987e-11
20090.0 3.786560e-11
20100.0 3.761093e-11
20110.0 3.735612e-11
20120.0 3.710145e-11
20130.0 3.684716e-11
20140.0 3.659350e-11
20150.0 3.634071e-11
20160.0 3.608902e-11
20170.0 3.583867e-11
20180.0 3.558988e-11
20190.0 3.534289e-11
20200.0 3.509792e-11
20210.0 3.485520e-11
20220.0 3.461498e-11
20230.0 3.437749e-11
20240.0 3.414296e-11
20250.0 3.391164e-11
20260.0 3.368376e-11
20270.0 3.345957e-11
20280.0 3.323931e-11
20290.0 3.302322e-11
20300.0 3.281153e-11
20310.0 3.260449e-11
20320.0 3.240230e-11
20330.0 3.220522e-11
20340.0 3.201343e-11
20350.0 3.182716e-11
20360.0 3.164661e-11
20370.0 3.147195e-11
20380.0 3.130335e-11
20390.0 3.114099e-11
20400.0 3.098501e-11
20410.0 3.083553e-11
20420.0 3.069266e-11
20430.0 3.055652e-11
20440.0 3.042716e-11
20450.0 3.030466e-11
20460.0 3.018904e-11
20470.0 3.008034e-11
20480.0 2.997855e-11
20490.0 2.988365e-11
20500.0 2.979559e-11
20510.0 2.971433e-11
20520.0 2.963978e-11
20530.0 2.957183e-11
20540.0 2.951037e-11
20550.0 2.945526e-11
20560.0 2.940634e-11
20570.0 2.936342e-11
20580.0 2.932633e-11
20590.0 2.929484e-11
20600.0 2.926873e-11
20610.0 2.924775e-11
20620.0 2.923164e-11
20630.0 2.922014e-11
20640.0 2.921295e-11
20650.0 2.920978e-11
20660.0 2.921031e-11
20670.0 2.921423e-11
20680.0 2.922120e-11
20690.0 2.923089e-11
20700.0 2.924295e-11
20710.0 2.925703e-11
20720.0 2.927278e-11
20730.0 2.928985e-11
20740.0 2.930787e-11
20750.0 2.932648e-11
20760.0 2.934533e-11
20770.0 2.936406e-11
20780.0 2.938234e-11
20790.0 2.939981e-11
20800.0 2.941615e-11
20810.0 2.943103e-11
20820.0 2.944415e-11
20830.0 2.945521e-11
20840.0 2.946393e-11
20850.0 2.947004e-11
20860.0 2.947329e-11
20870.0 2.947346e-11
20880.0 2.947033e-11
20890.0 2.946372e-11
20900.0 2.945347e-11
20910.0 2.943943e-11
20920.0 2.942147e-11
20930.0 2.939949e-11
20940.0 2.937343e-11
20950.0 2.934322e-11
20960.0 2.930884e-11
20970.0 2.927027e-11
20980.0 2.922752e-11
20990.0 2.918063e-11
21000.0 2.912964e-11
21010.0 2.907463e-11
21020.0 2.901569e-11
21030.0 2.895291e-11
21040.0 2.888640e-11
21050.0 2.881631e-11
21060.0 2.874278e-11
21070.0 2.866594e-11
21080.0 2.858598e-11
21090.0 2.850304e-11
21100.0 2.841731e-11
21110.0 2.832897e-11
21120.0 2.823818e-11
21130.0 2.814514e-11
21140.0 2.805002e-11
21150.0 2.795301e-11
21160.0 2.785427e-11
21170.0 2.775400e-11
21180.0 2.765234e-11
21190.0 2.754948e-11
21200.0 2.744558e-11
21210.0 2.734078e-11
21220.0 2.723525e-11
21230.0 2.712913e-11
21240.0 2.702257e-11
21250.0 2.691571e-11
21260.0 2.680868e-11
21270.0 2.670162e-11
21280.0 2.659467e-11
21290.0 2.648794e-11
21300.0 2.638158e-11
21310.0 2.627572e-11
21320.0 2.617048e-11
21330.0 2.606601e-11
21340.0 2.596243e-11
21350.0 2.585988e-11
21360.0 2.575850e-11
21370.0 2.565843e-11
21380.0 2.555982e-11
21390.0 2.546280e-11
21400.0 2.536751e-11
21410.0 2.527411e-11
21420.0 2.518273e-11
21430.0 2.509351e-11
21440.0 2.500658e-11
21450.0 2.492208e-11
21460.0 2.484012e-11
21470.0 2.476081e-11
21480.0 2.468427e-11
21490.0 2.461059e-11
21500.0 2.453984e-11
21510.0 2.447210e-11
21520.0 2.440742e-11
21530.0 2.434585e-11
21540.0 2.428739e-11
21550.0 2.423207e-11
21560.0 2.417987e-11
21570.0 2.413076e-11
21580.0 2.408470e-11
21590.0 2.404163e-11
21600.0 2.400148e-11
21610.0 2.396414e-11
21620.0 2.392953e-11
21630.0 2.389751e-11
21640.0 2.386795e-11
21650.0 2.384071e-11
21660.0 2.381565e-11
21670.0 2.379258e-11
21680.0 2.377136e-11
21690.0 2.375181e-11
21700.0 2.373374e-11
21710.0 2.371699e-11
21720.0 2.370137e-11
21730.0 2.368672e-11
21740.0 2.367285e-11
21750.0 2.365960e-11
21760.0 2.364681e-11
21770.0 2.363431e-11
21780.0 2.362196e-11
21790.0 2.360961e-11
21800.0 2.359714e-11
21810.0 2.358442e-11
21820.0 2.357133e-11
21830.0 2.355777e-11
21840.0 2.354365e-11
21850.0 2.352887e-11
21860.0 2.351336e-11
21870.0 2.349706e-11
21880.0 2.347989e-11
21890.0 2.346181e-11
21900.0 2.344276e-11
21910.0 2.342270e-11
21920.0 2.340159e-11
21930.0 2.337940e-11
21940.0 2.335610e-11
21950.0 2.333165e-11
21960.0 2.330604e-11
21970.0 2.327923e-11
21980.0 2.325119e-11
21990.0 2.322190e-11
22000.0 2.319134e-11
22010.0 2.315947e-11
22020.0 2.312627e-11
22030.0 2.309171e-11
22040.0 2.305575e-11
22050.0 2.301837e-11
22060.0 2.297954e-11
22070.0 2.293921e-11
22080.0 2.289736e-11
22090.0 2.285396e-11
22100.0 2.280897e-11
22110.0 2.276235e-11
22120.0 2.271408e-11
22130.0 2.266413e-11
22140.0 2.261247e-11
22150.0 2.255907e-11
22160.0 2.250391e-11
22170.0 2.244697e-11
22180.0 2.238823e-11
22190.0 2.232769e-11
22200.0 2.226533e-11
22210.0 2.220116e-11
22220.0 2.213516e-11
22230.0 2.206735e-11
22240.0 2.199773e-11
22250.0 2.192633e-11
22260.0 2.185315e-11
22270.0 2.177823e-11
22280.0 2.170157e-11
22290.0 2.162323e-11
22300.0 2.154323e-11
22310.0 2.146160e-11
22320.0 2.137839e-11
22330.0 2.129364e-11
22340.0 2.120740e-11
22350.0 2.111970e-11
22360.0 2.103061e-11
22370.0 2.094016e-11
22380.0 2.084841e-11
22390.0 2.075541e-11
22400.0 2.066121e-11
22410.0 2.056588e-11
22420.0 2.046946e-11
22430.0 2.037202e-11
22440.0 2.027361e-11
22450.0 2.017431e-11
22460.0 2.007417e-11
22470.0 1.997327e-11
22480.0 1.987168e-11
22490.0 1.976949e-11
22500.0 1.966677e-11
22510.0 1.956362e-11
22520.0 1.946013e-11
22530.0 1.935641e-11
22540.0 1.925256e-11
22550.0 1.914869e-11
22560.0 1.904494e-11
22570.0 1.894141e-11
22580.0 1.883826e-11
22590.0 1.873560e-11
22600.0 1.863359e-11
22610.0 1.853238e-11
22620.0 1.843209e-11
22630.0 1.833290e-11
22640.0 1.823494e-11
22650.0 1.813836e-11
22660.0 1.804331e-11
22670.0 1.794994e-11
22680.0 1.785837e-11
22690.0 1.776875e-11
22700.0 1.768119e-11
22710.0 1.759581e-11
22720.0 1.751272e-11
22730.0 1.743201e-11
22740.0 1.735378e-11
22750.0 1.727809e-11
22760.0 1.720501e-11
22770.0 1.713458e-11
22780.0 1.706686e-11
22790.0 1.700186e-11
22800.0 1.693960e-11
22810.0 1.688009e-11
22820.0 1.682332e-11
22830.0 1.676927e-11
22840.0 1.671793e-11
22850.0 1.666926e-11
22860.0 1.662322e-11
22870.0 1.657976e-11
22880.0 1.653884e-11
22890.0 1.650038e-11
22900.0 1.646434e-11
22910.0 1.643064e-11
22920.0 1.639921e-11
22930.0 1.636998e-11
22940.0 1.634287e-11
22950.0 1.631780e-11
22960.0 1.629468e-11
22970.0 1.627342e-11
22980.0 1.625393e-11
22990.0 1.623612e-11
23000.0 1.621988e-11
23010.0 1.620511e-11
23020.0 1.619170e-11
23030.0 1.617953e-11
23040.0 1.616848e-11
23050.0 1.615844e-11
23060.0 1.614928e-11
23070.0 1.614087e-11
23080.0 1.613308e-11
23090.0 1.612577e-11
23100.0 1.611882e-11
23110.0 1.611209e-11
23120.0 1.610545e-11
23130.0 1.609875e-11
23140.0 1.609189e-11
23150.0 1.608471e-11
23160.0 1.607710e-11
23170.0 1.606892e-11
23180.0 1.606003e-11
23190.0 1.605031e-11
23200.0 1.603963e-11
23210.0 1.602783e-11
23220.0 1.601479e-11
23230.0 1.600035e-11
23240.0 1.598438e-11
23250.0 1.596672e-11
23260.0 1.594721e-11
23270.0 1.592570e-11
23280.0 1.590206e-11
23290.0 1.587612e-11
23300.0 1.584775e-11
23310.0 1.581682e-11
23320.0 1.578322e-11
23330.0 1.574685e-11
23340.0 1.570763e-11
23350.0 1.566552e-11
23360.0 1.562049e-11
23370.0 1.557254e-11
23380.0 1.552172e-11
23390.0 1.546809e-11
23400.0 1.541176e-11
23410.0 1.535287e-11
23420.0 1.529157e-11
23430.0 1.522809e-11
23440.0 1.516263e-11
23450.0 1.509547e-11
23460.0 1.502687e-11
23470.0 1.495713e-11
23480.0 1.488657e-11
23490.0 1.481550e-11
23500.0 1.474427e-11
23510.0 1.467319e-11
23520.0 1.460262e-11
23530.0 1.453289e-11
23540.0 1.446431e-11
23550.0 1.439723e-11
23560.0 1.433193e-11
23570.0 1.426874e-11
23580.0 1.420794e-11
23590.0 1.414980e-11
23600.0 1.409459e-11
23610.0 1.404257e-11
23620.0 1.399398e-11
23630.0 1.394905e-11
23640.0 1.390801e-11
23650.0 1.387108e-11
23660.0 1.383849e-11
23670.0 1.381043e-11
23680.0 1.378711e-11
23690.0 1.376876e-11
23700.0 1.375557e-11
23710.0 1.374776e-11
23720.0 1.374553e-11
23730.0 1.374910e-11
23740.0 1.375866e-11
23750.0 1.377444e-11
23760.0 1.379663e-11
23770.0 1.382543e-11
23780.0 1.386106e-11
23790.0 1.390369e-11
23800.0 1.395351e-11
23810.0 1.401068e-11
23820.0 1.407537e-11
23830.0 1.414783e-11
23840.0 1.422811e-11
23850.0 1.431621e-11
23860.0 1.441214e-11
23870.0 1.451590e-11
23880.0 1.462740e-11
23890.0 1.474650e-11
23900.0 1.487299e-11
23910.0 1.500658e-11
23920.0 1.514689e-11
23930.0 1.529346e-11
23940.0 1.544575e-11
23950.0 1.560312e-11
23960.0 1.576486e-11
23970.0 1.593019e-11
23980.0 1.609825e-11
23990.0 1.626816e-11
24000.0 1.643897e-11
24010.0 1.660976e-11
24020.0 1.677957e-11
24030.0 1.694749e-11
24040.0 1.711266e-11
24050.0 1.727425e-11
24060.0 1.743153e-11
24070.0 1.758386e-11
24080.0 1.773069e-11
24090.0 1.787157e-11
24100.0 1.800619e-11
24110.0 1.813434e-11
24120.0 1.825591e-11
24130.0 1.837089e-11
24140.0 1.847938e-11
24150.0 1.858157e-11
24160.0 1.867769e-11
24170.0 1.876806e-11
24180.0 1.885302e-11
24190.0 1.893298e-11
24200.0 1.900834e-11
24210.0 1.907951e-11
24220.0 1.914692e-11
24230.0 1.921098e-11
24240.0 1.927210e-11
24250.0 1.933067e-11
24260.0 1.938705e-11
24270.0 1.944159e-11
24280.0 1.949464e-11
24290.0 1.954650e-11
24300.0 1.959746e-11
24310.0 1.964783e-11
24320.0 1.969786e-11
24330.0 1.974781e-11
24340.0 1.979794e-11
24350.0 1.984847e-11
24360.0 1.989963e-11
24370.0 1.995163e-11
24380.0 2.000467e-11
24390.0 2.005890e-11
24400.0 2.011449e-11
24410.0 2.017154e-11
24420.0 2.023014e-11
24430.0 2.029035e-11
24440.0 2.035216e-11
24450.0 2.041555e-11
24460.0 2.048043e-11
24470.0 2.054670e-11
24480.0 2.061418e-11
24490.0 2.068268e-11
24500.0 2.075196e-11
24510.0 2.082178e-11
24520.0 2.089185e-11
24530.0 2.096189e-11
24540.0 2.103161e-11
24550.0 2.110073e-11
24560.0 2.116899e-11
24570.0 2.123615e-11
24580.0 2.130201e-11
24590.0 2.136641e-11
24600.0 2.142924e-11
24610.0 2.149044e-11
24620.0 2.155000e-11
24630.0 2.160799e-11
24640.0 2.166452e-11
24650.0 2.171976e-11
24660.0 2.177391e-11
24670.0 2.182726e-11
24680.0 2.188011e-11
24690.0 2.193280e-11
24700.0 2.198570e-11
24710.0 2.203918e-11
24720.0 2.209364e-11
24730.0 2.214943e-11
24740.0 2.220691e-11
24750.0 2.226639e-11
24760.0 2.232812e-11
24770.0 2.239230e-11
24780.0 2.245904e-11
24790.0 2.252836e-11
24800.0 2.260019e-11
24810.0 2.267433e-11
24820.0 2.275051e-11
24830.0 2.282833e-11
24840.0 2.290731e-11
24850.0 2.298691e-11
24860.0 2.306653e-11
24870.0 2.314553e-11
24880.0 2.322330e-11
24890.0 2.329924e-11
24900.0 2.337282e-11
24910.0 2.344357e-11
24920.0 2.351112e-11
24930.0 2.357518e-11
24940.0 2.363556e-11
24950.0 2.369216e-11
24960.0 2.374495e-11
24970.0 2.379398e-11
24980.0 2.383935e-11
24990.0 2.388121e-11
25000.0 2.391973e-11
