1000.0 1.721069e-13
1010.0 2.088926e-13
1020.0 2.544528e-13
1030.0 3.106327e-13
1040.0 3.797465e-13
1050.0 4.644803e-13
1060.0 5.678914e-13
1070.0 6.933834e-13
1080.0 8.446515e-13
1090.0 1.025599e-12
1100.0 1.240224e-12
1110.0 1.492491e-12
1120.0 1.786188e-12
1130.0 2.124788e-12
1140.0 2.511327e-12
1150.0 2.948295e-12
1160.0 3.437553e-12
1170.0 3.980273e-12
1180.0 4.576895e-12
1190.0 5.227098e-12
1200.0 5.929793e-12
1210.0 6.683124e-12
1220.0 7.484491e-12
1230.0 8.330585e-12
1240.0 9.217451e-12
1250.0 1.014055e-11
1260.0 1.109487e-11
1270.0 1.207500e-11
1280.0 1.307526e-11
1290.0 1.408980e-11
1300.0 1.511275e-11
1310.0 1.613828e-11
1320.0 1.716075e-11
1330.0 1.817479e-11
1340.0 1.917537e-11
1350.0 2.015792e-11
1360.0 2.111835e-11
1370.0 2.205315e-11
1380.0 2.295939e-11
1390.0 2.383476e-11
1400.0 2.467758e-11
1410.0 2.548683e-11
1420.0 2.626207e-11
1430.0 2.700345e-11
1440.0 2.771166e-11
1450.0 2.838785e-11
1460.0 2.903359e-11
1470.0 2.965074e-11
1480.0 3.024141e-11
1490.0 3.080786e-11
1500.0 3.135240e-11
1510.0 3.187738e-11
1520.0 3.238503e-11
1530.0 3.287750e-11
1540.0 3.335677e-11
1550.0 3.382465e-11
1560.0 3.428279e-11
1570.0 3.473262e-11
1580.0 3.517542e-11
1590.0 3.561231e-11
1600.0 3.604427e-11
1610.0 3.647217e-11
1620.0 3.689677e-11
1630.0 3.731876e-11
1640.0 3.773876e-11
1650.0 3.815734e-11
1660.0 3.857503e-11
1670.0 3.899233e-11
1680.0 3.940971e-11
1690.0 3.982764e-11
1700.0 4.024655e-11
1710.0 4.066688e-11
1720.0 4.108905e-11
1730.0 4.151350e-11
1740.0 4.194066e-11
1750.0 4.237096e-11
1760.0 4.280489e-11
1770.0 4.324294e-11
1780.0 4.368571e-11
1790.0 4.413388e-11
1800.0 4.458830e-11
1810.0 4.505006e-11
1820.0 4.552058e-11
1830.0 4.600178e-11
1840.0 4.649617e-11
1850.0 4.700706e-11
1860.0 4.753869e-11
1870.0 4.809637e-11
1880.0 4.868658e-11
1890.0 4.931693e-11
1900.0 4.999614e-11
1910.0 5.073377e-11
1920.0 5.154002e-11
1930.0 5.242539e-11
1940.0 5.340042e-11
1950.0 5.447550e-11
1960.0 5.566077e-11
1970.0 5.696620e-11
1980.0 5.840164e-11
1990.0 5.997693e-11
2000.0 6.170171e-11
2010.0 6.358488e-11
2020.0 6.563363e-11
2030.0 6.785177e-11
2040.0 7.023782e-11
2050.0 7.278283e-11
2060.0 7.546838e-11
2070.0 7.826531e-11
2080.0 8.113343e-11
2090.0 8.402260e-11
2100.0 8.687523e-11
2110.0 8.963008e-11
2120.0 9.222685e-11
2130.0 9.461119e-11
2140.0 9.673927e-11
2150.0 9.858142e-11
2160.0 1.001244e-10
2170.0 1.013721e-10
2180.0 1.023442e-10
2190.0 1.030742e-10
2200.0 1.036055e-10
2210.0 1.039874e-10
2220.0 1.042708e-10
2230.0 1.045044e-10
2240.0 1.047313e-10
2250.0 1.049865e-10
2260.0 1.052951e-10
2270.0 1.056723e-10
2280.0 1.061232e-10
2290.0 1.066439e-10
2300.0 1.072233e-10
2310.0 1.078446e-10
2320.0 1.084874e-10
2330.0 1.091293e-10
2340.0 1.097472e-10
2350.0 1.103186e-10
2360.0 1.108219e-10
2370.0 1.112368e-10
2380.0 1.115441e-10
2390.0 1.117257e-10
2400.0 1.117653e-10
2410.0 1.116485e-10
2420.0 1.113648e-10
2430.0 1.109094e-10
2440.0 1.102868e-10
2450.0 1.095134e-10
2460.0 1.086213e-10
2470.0 1.076604e-10
2480.0 1.066989e-10
2490.0 1.058215e-10
2500.0 1.051255e-10
2510.0 1.047127e-10
2520.0 1.046814e-10
2530.0 1.051153e-10
2540.0 1.060750e-10
2550.0 1.075901e-10
2560.0 1.096559e-10
2570.0 1.122340e-10
2580.0 1.152568e-10
2590.0 1.186351e-10
2600.0 1.222678e-10
2610.0 1.260512e-10
2620.0 1.298878e-10
2630.0 1.336916e-10
2640.0 1.373929e-10
2650.0 1.409595e-10
2660.0 1.454340e-10
2670.0 1.603912e-10
2680.0 1.892507e-10
2690.0 2.119254e-10
2700.0 2.386545e-10
2710.0 2.609437e-10
2720.0 2.779718e-10
2730.0 2.938206e-10
2740.0 3.113779e-10
2750.0 3.263636e-10
2760.0 3.364645e-10
2770.0 3.530204e-10
2780.0 3.867256e-10
2790.0 4.310050e-10
2800.0 4.846060e-10
2810.0 5.476953e-10
2820.0 6.117439e-10
2830.0 6.653078e-10
2840.0 6.993177e-10
2850.0 7.189748e-10
2860.0 7.330060e-10
2870.0 7.374704e-10
2880.0 7.352812e-10
2890.0 7.275698e-10
2900.0 7.315544e-10
2910.0 7.408219e-10
2920.0 7.463913e-10
2930.0 7.534409e-10
2940.0 7.654170e-10
2950.0 7.819127e-10
2960.0 8.096113e-10
2970.0 8.643709e-10
2980.0 9.341718e-10
2990.0 1.013275e-09
3000.0 1.108164e-09
3010.0 1.179167e-09
3020.0 1.229069e-09
3030.0 1.270353e-09
3040.0 1.301689e-09
3050.0 1.320247e-09
3060.0 1.321903e-09
3070.0 1.306153e-09
3080.0 1.270004e-09
3090.0 1.216902e-09
3100.0 1.159924e-09
3110.0 1.097407e-09
3120.0 1.052398e-09
3130.0 1.023604e-09
3140.0 9.588726e-10
3150.0 8.787692e-10
3160.0 8.487600e-10
3170.0 8.354269e-10
3180.0 7.887893e-10
3190.0 7.174443e-10
3200.0 6.452996e-10
3210.0 5.946966e-10
3220.0 5.656207e-10
3230.0 5.418386e-10
3240.0 5.253921e-10
3250.0 5.136097e-10
3260.0 5.067467e-10
3270.0 5.134646e-10
3280.0 5.367094e-10
3290.0 5.724291e-10
3300.0 6.140434e-10
3310.0 6.566148e-10
3320.0 6.974064e-10
3330.0 7.345480e-10
3340.0 7.694116e-10
3350.0 8.027756e-10
3360.0 8.349647e-10
3370.0 8.705766e-10
3380.0 9.167834e-10
3390.0 9.766230e-10
3400.0 1.049148e-09
3410.0 1.136875e-09
3420.0 1.238623e-09
3430.0 1.337475e-09
3440.0 1.418353e-09
3450.0 1.476143e-09
3460.0 1.511317e-09
3470.0 1.524389e-09
3480.0 1.515278e-09
3490.0 1.489898e-09
3500.0 1.451570e-09
3510.0 1.391361e-09
3520.0 1.291351e-09
3530.0 1.163614e-09
3540.0 1.056739e-09
3550.0 9.779412e-10
3560.0 9.076697e-10
3570.0 8.400500e-10
3580.0 7.757400e-10
3590.0 7.133567e-10
3600.0 6.549159e-10
3610.0 6.073810e-10
3620.0 5.731089e-10
3630.0 5.487937e-10
3640.0 5.325321e-10
3650.0 5.245253e-10
3660.0 5.248622e-10
3670.0 5.333472e-10
3680.0 5.493453e-10
3690.0 5.677757e-10
3700.0 5.759002e-10
3710.0 5.777310e-10
3720.0 5.991434e-10
3730.0 6.434571e-10
3740.0 6.970816e-10
3750.0 7.537140e-10
3760.0 8.125161e-10
3770.0 8.740198e-10
3780.0 9.397878e-10
3790.0 1.009083e-09
3800.0 1.070064e-09
3810.0 1.115987e-09
3820.0 1.161978e-09
3830.0 1.214850e-09
3840.0 1.268327e-09
3850.0 1.317463e-09
3860.0 1.359372e-09
3870.0 1.392726e-09
3880.0 1.417435e-09
3890.0 1.433585e-09
3900.0 1.441103e-09
3910.0 1.439884e-09
3920.0 1.430122e-09
3930.0 1.412638e-09
3940.0 1.389300e-09
3950.0 1.362753e-09
3960.0 1.336544e-09
3970.0 1.314421e-09
3980.0 1.298416e-09
3990.0 1.288251e-09
4000.0 1.282225e-09
4010.0 1.278335e-09
4020.0 1.274828e-09
4030.0 1.270116e-09
4040.0 1.262556e-09
4050.0 1.250897e-09
4060.0 1.234774e-09
4070.0 1.214420e-09
4080.0 1.190267e-09
4090.0 1.163097e-09
4100.0 1.134052e-09
4110.0 1.104526e-09
4120.0 1.075662e-09
4130.0 1.047269e-09
4140.0 1.017818e-09
4150.0 9.859370e-10
4160.0 9.516515e-10
4170.0 9.161037e-10
4180.0 8.804673e-10
4190.0 8.454706e-10
4200.0 8.116872e-10
4210.0 7.799130e-10
4220.0 7.512025e-10
4230.0 7.262968e-10
4240.0 7.051791e-10
4250.0 6.873859e-10
4260.0 6.723167e-10
4270.0 6.596829e-10
4280.0 6.502046e-10
4290.0 6.452549e-10
4300.0 6.453647e-10
4310.0 6.491342e-10
4320.0 6.536581e-10
4330.0 6.560338e-10
4340.0 6.546710e-10
4350.0 6.497516e-10
4360.0 6.430068e-10
4370.0 6.370106e-10
4380.0 6.340965e-10
4390.0 6.354715e-10
4400.0 6.409258e-10
4410.0 6.490963e-10
4420.0 6.581528e-10
4430.0 6.664516e-10
4440.0 6.727889e-10
4450.0 6.766857e-10
4460.0 6.787451e-10
4470.0 6.801692e-10
4480.0 6.815937e-10
4490.0 6.826215e-10
4500.0 6.823087e-10
4510.0 6.799455e-10
4520.0 6.756741e-10
4530.0 6.702502e-10
4540.0 6.642491e-10
4550.0 6.576503e-10
4560.0 6.499015e-10
4570.0 6.402667e-10
4580.0 6.283071e-10
4590.0 6.141746e-10
4600.0 5.986603e-10
4610.0 5.830600e-10
4620.0 5.687371e-10
4630.0 5.564961e-10
4640.0 5.462520e-10
4650.0 5.373301e-10
4660.0 5.290985e-10
4670.0 5.213363e-10
4680.0 5.141187e-10
4690.0 5.075357e-10
4700.0 5.016465e-10
4710.0 4.966746e-10
4720.0 4.930959e-10
4730.0 4.913198e-10
4740.0 4.911546e-10
4750.0 4.915628e-10
4760.0 4.909537e-10
4770.0 4.878065e-10
4780.0 4.812786e-10
4790.0 4.715545e-10
4800.0 4.597457e-10
4810.0 4.474003e-10
4820.0 4.359947e-10
4830.0 4.266807e-10
4840.0 4.202324e-10
4850.0 4.170169e-10
4860.0 4.169410e-10
4870.0 4.195078e-10
4880.0 4.240417e-10
4890.0 4.299152e-10
4900.0 4.366590e-10
4910.0 4.440047e-10
4920.0 4.519039e-10
4930.0 4.604716e-10
4940.0 4.698126e-10
4950.0 4.798284e-10
4960.0 4.901452e-10
4970.0 5.000429e-10
4980.0 5.080145e-10
4990.0 5.115011e-10
5000.0 5.091109e-10
5010.0 5.042694e-10
5020.0 5.032978e-10
5030.0 5.088040e-10
5040.0 5.183786e-10
5050.0 5.285843e-10
5060.0 5.372590e-10
5070.0 5.433342e-10
5080.0 5.464708e-10
5090.0 5.470167e-10
5100.0 5.458665e-10
5110.0 5.441131e-10
5120.0 5.426604e-10
5130.0 5.419323e-10
5140.0 5.417306e-10
5150.0 5.412745e-10
5160.0 5.394294e-10
5170.0 5.350601e-10
5180.0 5.274146e-10
5190.0 5.164399e-10
5200.0 5.029122e-10
5210.0 4.882717e-10
5220.0 4.741877e-10
5230.0 4.620526e-10
5240.0 4.526425e-10
5250.0 4.460748e-10
5260.0 4.420187e-10
5270.0 4.399738e-10
5280.0 4.394211e-10
5290.0 4.397995e-10
5300.0 4.404571e-10
5310.0 4.407221e-10
5320.0 4.400573e-10
5330.0 4.381578e-10
5340.0 4.349422e-10
5350.0 4.304974e-10
5360.0 4.250311e-10
5370.0 4.188513e-10
5380.0 4.123885e-10
5390.0 4.062386e-10
5400.0 4.011352e-10
5410.0 3.977783e-10
5420.0 3.965900e-10
5430.0 3.975725e-10
5440.0 4.003533e-10
5450.0 4.043486e-10
5460.0 4.089230e-10
5470.0 4.135055e-10
5480.0 4.176890e-10
5490.0 4.213268e-10
5500.0 4.245759e-10
5510.0 4.277928e-10
5520.0 4.312646e-10
5530.0 4.349270e-10
5540.0 4.383218e-10
5550.0 4.408813e-10
5560.0 4.423124e-10
5570.0 4.427485e-10
5580.0 4.425751e-10
5590.0 4.421317e-10
5600.0 4.415281e-10
5610.0 4.406415e-10
5620.0 4.392300e-10
5630.0 4.370704e-10
5640.0 4.340492e-10
5650.0 4.301711e-10
5660.0 4.255106e-10
5670.0 4.201719e-10
5680.0 4.143011e-10
5690.0 4.081255e-10
5700.0 4.019639e-10
5710.0 3.961762e-10
5720.0 3.910846e-10
5730.0 3.869125e-10
5740.0 3.837680e-10
5750.0 3.816538e-10
5760.0 3.804813e-10
5770.0 3.800813e-10
5780.0 3.802213e-10
5790.0 3.806327e-10
5800.0 3.810384e-10
5810.0 3.811781e-10
5820.0 3.808358e-10
5830.0 3.798612e-10
5840.0 3.781643e-10
5850.0 3.756761e-10
5860.0 3.723167e-10
5870.0 3.680110e-10
5880.0 3.627316e-10
5890.0 3.565051e-10
5900.0 3.493672e-10
5910.0 3.413296e-10
5920.0 3.324171e-10
5930.0 3.227464e-10
5940.0 3.125671e-10
5950.0 3.022289e-10
5960.0 2.921416e-10
5970.0 2.828348e-10
5980.0 2.750763e-10
5990.0 2.696723e-10
6000.0 2.666887e-10
6010.0 2.648642e-10
6020.0 2.623571e-10
6030.0 2.582435e-10
6040.0 2.529858e-10
6050.0 2.476120e-10
6060.0 2.428916e-10
6070.0 2.392101e-10
6080.0 2.368165e-10
6090.0 2.359961e-10
6100.0 2.370551e-10
6110.0 2.401999e-10
6120.0 2.454368e-10
6130.0 2.525514e-10
6140.0 2.611581e-10
6150.0 2.707796e-10
6160.0 2.809226e-10
6170.0 2.911329e-10
6180.0 3.010211e-10
6190.0 3.102652e-10
6200.0 3.186082e-10
6210.0 3.258657e-10
6220.0 3.319374e-10
6230.0 3.368020e-10
6240.0 3.404877e-10
6250.0 3.430421e-10
6260.0 3.445348e-10
6270.0 3.451009e-10
6280.0 3.449832e-10
6290.0 3.445227e-10
6300.0 3.440794e-10
6310.0 3.439222e-10
6320.0 3.441466e-10
6330.0 3.446628e-10
6340.0 3.452486e-10
6350.0 3.456379e-10
6360.0 3.456055e-10
6370.0 3.450228e-10
6380.0 3.438764e-10
6390.0 3.422505e-10
6400.0 3.402855e-10
6410.0 3.381291e-10
6420.0 3.358980e-10
6430.0 3.336641e-10
6440.0 3.314616e-10
6450.0 3.293073e-10
6460.0 3.272163e-10
6470.0 3.252007e-10
6480.0 3.232554e-10
6490.0 3.213424e-10
6500.0 3.193904e-10
6510.0 3.173144e-10
6520.0 3.150437e-10
6530.0 3.125455e-10
6540.0 3.098304e-10
6550.0 3.069397e-10
6560.0 3.039209e-10
6570.0 3.008069e-10
6580.0 2.976121e-10
6590.0 2.943458e-10
6600.0 2.910328e-10
6610.0 2.877241e-10
6620.0 2.844885e-10
6630.0 2.813875e-10
6640.0 2.784481e-10
6650.0 2.756476e-10
6660.0 2.729208e-10
6670.0 2.701873e-10
6680.0 2.673856e-10
6690.0 2.644967e-10
6700.0 2.615470e-10
6710.0 2.585916e-10
6720.0 2.556903e-10
6730.0 2.528897e-10
6740.0 2.502142e-10
6750.0 2.476582e-10
6760.0 2.451743e-10
6770.0 2.426709e-10
6780.0 2.400366e-10
6790.0 2.371968e-10
6800.0 2.341734e-10
6810.0 2.311043e-10
6820.0 2.282001e-10
6830.0 2.256608e-10
6840.0 2.236038e-10
6850.0 2.220393e-10
6860.0 2.208872e-10
6870.0 2.200092e-10
6880.0 2.192393e-10
6890.0 2.184166e-10
6900.0 2.174270e-10
6910.0 2.162461e-10
6920.0 2.149569e-10
6930.0 2.137244e-10
6940.0 2.127321e-10
6950.0 2.121093e-10
6960.0 2.118889e-10
6970.0 2.120137e-10
6980.0 2.123804e-10
6990.0 2.128898e-10
7000.0 2.134759e-10
7010.0 2.141049e-10
7020.0 2.147563e-10
7030.0 2.154019e-10
7040.0 2.159952e-10
7050.0 2.164698e-10
7060.0 2.167456e-10
7070.0 2.167387e-10
7080.0 2.163802e-10
7090.0 2.156472e-10
7100.0 2.146001e-10
7110.0 2.133943e-10
7120.0 2.122100e-10
7130.0 2.110782e-10
7140.0 2.097268e-10
7150.0 2.076785e-10
7160.0 2.046494e-10
7170.0 2.008968e-10
7180.0 1.971115e-10
7190.0 1.939396e-10
7200.0 1.916198e-10
7210.0 1.900085e-10
7220.0 1.888257e-10
7230.0 1.878441e-10
7240.0 1.869365e-10
7250.0 1.860433e-10
7260.0 1.851319e-10
7270.0 1.841745e-10
7280.0 1.831429e-10
7290.0 1.820171e-10
7300.0 1.807978e-10
7310.0 1.795150e-10
7320.0 1.782227e-10
7330.0 1.769807e-10
7340.0 1.758316e-10
7350.0 1.747824e-10
7360.0 1.737995e-10
7370.0 1.728182e-10
7380.0 1.717591e-10
7390.0 1.705479e-10
7400.0 1.691315e-10
7410.0 1.674929e-10
7420.0 1.656623e-10
7430.0 1.637237e-10
7440.0 1.618075e-10
7450.0 1.600659e-10
7460.0 1.586345e-10
7470.0 1.575908e-10
7480.0 1.569284e-10
7490.0 1.565570e-10
7500.0 1.563314e-10
7510.0 1.561035e-10
7520.0 1.557789e-10
7530.0 1.553584e-10
7540.0 1.549401e-10
7550.0 1.546764e-10
7560.0 1.547024e-10
7570.0 1.550754e-10
7580.0 1.557568e-10
7590.0 1.566446e-10
7600.0 1.576277e-10
7610.0 1.586276e-10
7620.0 1.596075e-10
7630.0 1.605539e-10
7640.0 1.614524e-10
7650.0 1.622734e-10
7660.0 1.629731e-10
7670.0 1.635052e-10
7680.0 1.638338e-10
7690.0 1.639405e-10
7700.0 1.638218e-10
7710.0 1.634773e-10
7720.0 1.628939e-10
7730.0 1.620360e-10
7740.0 1.608471e-10
7750.0 1.592631e-10
7760.0 1.572320e-10
7770.0 1.547290e-10
7780.0 1.517616e-10
7790.0 1.483631e-10
7800.0 1.445812e-10
7810.0 1.404677e-10
7820.0 1.360769e-10
7830.0 1.314713e-10
7840.0 1.267291e-10
7850.0 1.219487e-10
7860.0 1.172441e-10
7870.0 1.127341e-10
7880.0 1.085284e-10
7890.0 1.047176e-10
7900.0 1.013691e-10
7910.0 9.852672e-11
7920.0 9.621025e-11
7930.0 9.441436e-11
7940.0 9.310938e-11
7950.0 9.224859e-11
7960.0 9.178378e-11
7970.0 9.168494e-11
7980.0 9.195576e-11
7990.0 9.263644e-11
8000.0 9.378915e-11
8010.0 9.546764e-11
8020.0 9.767885e-11
8030.0 1.003492e-10
8040.0 1.033094e-10
8050.0 1.063095e-10
8060.0 1.090670e-10
8070.0 1.113385e-10
8080.0 1.129885e-10
8090.0 1.140217e-10
8100.0 1.145589e-10
8110.0 1.147727e-10
8120.0 1.148228e-10
8130.0 1.148216e-10
8140.0 1.148379e-10
8150.0 1.149213e-10
8160.0 1.151237e-10
8170.0 1.155037e-10
8180.0 1.161141e-10
8190.0 1.169817e-10
8200.0 1.180961e-10
8210.0 1.194146e-10
8220.0 1.208787e-10
8230.0 1.224305e-10
8240.0 1.240208e-10
8250.0 1.256109e-10
8260.0 1.271739e-10
8270.0 1.286988e-10
8280.0 1.301942e-10
8290.0 1.316885e-10
8300.0 1.332231e-10
8310.0 1.348383e-10
8320.0 1.365564e-10
8330.0 1.383685e-10
8340.0 1.402310e-10
8350.0 1.420731e-10
8360.0 1.438145e-10
8370.0 1.453863e-10
8380.0 1.467468e-10
8390.0 1.478883e-10
8400.0 1.488323e-10
8410.0 1.496165e-10
8420.0 1.502799e-10
8430.0 1.508506e-10
8440.0 1.513424e-10
8450.0 1.517574e-10
8460.0 1.520935e-10
8470.0 1.523512e-10
8480.0 1.525365e-10
8490.0 1.526589e-10
8500.0 1.527262e-10
8510.0 1.527396e-10
8520.0 1.526923e-10
8530.0 1.525727e-10
8540.0 1.523706e-10
8550.0 1.520834e-10
8560.0 1.517186e-10
8570.0 1.512925e-10
8580.0 1.508241e-10
8590.0 1.503291e-10
8600.0 1.498153e-10
8610.0 1.492809e-10
8620.0 1.487161e-10
8630.0 1.481075e-10
8640.0 1.474432e-10
8650.0 1.467182e-10
8660.0 1.459374e-10
8670.0 1.451144e-10
8680.0 1.442692e-10
8690.0 1.434230e-10
8700.0 1.425934e-10
8710.0 1.417901e-10
8720.0 1.410127e-10
8730.0 1.402503e-10
8740.0 1.394843e-10
8750.0 1.386926e-10
8760.0 1.378553e-10
8770.0 1.369581e-10
8780.0 1.359938e-10
8790.0 1.349591e-10
8800.0 1.338496e-10
8810.0 1.326555e-10
8820.0 1.313598e-10
8830.0 1.299419e-10
8840.0 1.283851e-10
8850.0 1.266858e-10
8860.0 1.248620e-10
8870.0 1.229562e-10
8880.0 1.210329e-10
8890.0 1.191702e-10
8900.0 1.174477e-10
8910.0 1.159340e-10
8920.0 1.146752e-10
8930.0 1.136875e-10
8940.0 1.129552e-10
8950.0 1.124358e-10
8960.0 1.120710e-10
8970.0 1.118011e-10
8980.0 1.115788e-10
8990.0 1.113777e-10
9000.0 1.111937e-10
9010.0 1.110391e-10
9020.0 1.109331e-10
9030.0 1.108916e-10
9040.0 1.109209e-10
9050.0 1.110161e-10
9060.0 1.111643e-10
9070.0 1.113482e-10
9080.0 1.115508e-10
9090.0 1.117577e-10
9100.0 1.119576e-10
9110.0 1.121410e-10
9120.0 1.122953e-10
9130.0 1.123993e-10
9140.0 1.124195e-10
9150.0 1.123103e-10
9160.0 1.120190e-10
9170.0 1.114953e-10
9180.0 1.107019e-10
9190.0 1.096234e-10
9200.0 1.082726e-10
9210.0 1.066924e-10
9220.0 1.049514e-10
9230.0 1.031365e-10
9240.0 1.013388e-10
9250.0 9.963929e-11
9260.0 9.809437e-11
9270.0 9.673023e-11
9280.0 9.554702e-11
9290.0 9.453091e-11
9300.0 9.366567e-11
9310.0 9.293685e-11
9320.0 9.232815e-11
9330.0 9.181631e-11
9340.0 9.137059e-11
9350.0 9.095763e-11
9360.0 9.054806e-11
9370.0 9.012071e-11
9380.0 8.966332e-11
9390.0 8.917075e-11
9400.0 8.864268e-11
9410.0 8.808176e-11
9420.0 8.749249e-11
9430.0 8.688055e-11
9440.0 8.625239e-11
9450.0 8.561493e-11
9460.0 8.497519e-11
9470.0 8.433996e-11
9480.0 8.371544e-11
9490.0 8.310703e-11
9500.0 8.251901e-11
9510.0 8.195442e-11
9520.0 8.141502e-11
9530.0 8.090127e-11
9540.0 8.041243e-11
9550.0 7.994673e-11
9560.0 7.950159e-11
9570.0 7.907381e-11
9580.0 7.865986e-11
9590.0 7.825605e-11
9600.0 7.785878e-11
9610.0 7.746465e-11
9620.0 7.707065e-11
9630.0 7.667420e-11
9640.0 7.627321e-11
9650.0 7.586614e-11
9660.0 7.545195e-11
9670.0 7.503013e-11
9680.0 7.460061e-11
9690.0 7.416375e-11
9700.0 7.372028e-11
9710.0 7.327123e-11
9720.0 7.281789e-11
9730.0 7.236172e-11
9740.0 7.190433e-11
9750.0 7.144736e-11
9760.0 7.099251e-11
9770.0 7.054139e-11
9780.0 7.009558e-11
9790.0 6.965652e-11
9800.0 6.922555e-11
9810.0 6.880387e-11
9820.0 6.839254e-11
9830.0 6.799252e-11
9840.0 6.760465e-11
9850.0 6.722973e-11
9860.0 6.686847e-11
9870.0 6.652159e-11
9880.0 6.618978e-11
9890.0 6.587372e-11
9900.0 6.557409e-11
9910.0 6.529152e-11
9920.0 6.502660e-11
9930.0 6.477980e-11
9940.0 6.455144e-11
9950.0 6.434166e-11
9960.0 6.415033e-11
9970.0 6.397706e-11
9980.0 6.382115e-11
9990.0 6.368163e-11
10000.0 6.355721e-11
10010.0 6.344640e-11
10020.0 6.334751e-11
10030.0 6.325880e-11
10040.0 6.317854e-11
10050.0 6.310514e-11
10060.0 6.303731e-11
10070.0 6.297411e-11
10080.0 6.291513e-11
10090.0 6.286057e-11
10100.0 6.281130e-11
10110.0 6.276891e-11
10120.0 6.273570e-11
10130.0 6.271467e-11
10140.0 6.270940e-11
10150.0 6.272391e-11
10160.0 6.276249e-11
10170.0 6.282949e-11
10180.0 6.292904e-11
10190.0 6.306479e-11
10200.0 6.323961e-11
10210.0 6.345538e-11
10220.0 6.371269e-11
10230.0 6.401070e-11
10240.0 6.434704e-11
10250.0 6.471772e-11
10260.0 6.511724e-11
10270.0 6.553870e-11
10280.0 6.597402e-11
10290.0 6.641430e-11
10300.0 6.685011e-11
10310.0 6.727190e-11
10320.0 6.767047e-11
10330.0 6.803728e-11
10340.0 6.836487e-11
10350.0 6.864710e-11
10360.0 6.887943e-11
10370.0 6.905900e-11
10380.0 6.918471e-11
10390.0 6.925714e-11
10400.0 6.927845e-11
10410.0 6.925219e-11
10420.0 6.918304e-11
10430.0 6.907656e-11
10440.0 6.893891e-11
10450.0 6.877652e-11
10460.0 6.859589e-11
10470.0 6.840334e-11
10480.0 6.820478e-11
10490.0 6.800560e-11
10500.0 6.781052e-11
10510.0 6.762356e-11
10520.0 6.744795e-11
10530.0 6.728615e-11
10540.0 6.713988e-11
10550.0 6.701013e-11
10560.0 6.689727e-11
10570.0 6.680106e-11
10580.0 6.672076e-11
10590.0 6.665519e-11
10600.0 6.660285e-11
10610.0 6.656194e-11
10620.0 6.653050e-11
10630.0 6.650642e-11
10640.0 6.648755e-11
10650.0 6.647175e-11
10660.0 6.645690e-11
10670.0 6.644100e-11
10680.0 6.642218e-11
10690.0 6.639873e-11
10700.0 6.636911e-11
10710.0 6.633201e-11
10720.0 6.628628e-11
10730.0 6.623104e-11
10740.0 6.616559e-11
10750.0 6.608948e-11
10760.0 6.600247e-11
10770.0 6.590451e-11
10780.0 6.579578e-11
10790.0 6.567664e-11
10800.0 6.554763e-11
10810.0 6.540948e-11
10820.0 6.526303e-11
10830.0 6.510928e-11
10840.0 6.494932e-11
10850.0 6.478434e-11
10860.0 6.461555e-11
10870.0 6.444420e-11
10880.0 6.427154e-11
10890.0 6.409878e-11
10900.0 6.392703e-11
10910.0 6.375732e-11
10920.0 6.359056e-11
10930.0 6.342748e-11
10940.0 6.326867e-11
10950.0 6.311450e-11
10960.0 6.296516e-11
10970.0 6.282065e-11
10980.0 6.268075e-11
10990.0 6.254506e-11
11000.0 6.241301e-11
11010.0 6.228386e-11
11020.0 6.215673e-11
11030.0 6.203065e-11
11040.0 6.190454e-11
11050.0 6.177728e-11
11060.0 6.164773e-11
11070.0 6.151476e-11
11080.0 6.137727e-11
11090.0 6.123422e-11
11100.0 6.108467e-11
11110.0 6.092781e-11
11120.0 6.076293e-11
11130.0 6.058950e-11
11140.0 6.040714e-11
11150.0 6.021564e-11
11160.0 6.001496e-11
11170.0 5.980524e-11
11180.0 5.958677e-11
11190.0 5.936000e-11
11200.0 5.912550e-11
11210.0 5.888398e-11
11220.0 5.863623e-11
11230.0 5.838311e-11
11240.0 5.812554e-11
11250.0 5.786445e-11
11260.0 5.760078e-11
11270.0 5.733543e-11
11280.0 5.706929e-11
11290.0 5.680315e-11
11300.0 5.653777e-11
11310.0 5.627377e-11
11320.0 5.601175e-11
11330.0 5.575215e-11
11340.0 5.549536e-11
11350.0 5.524167e-11
11360.0 5.499127e-11
11370.0 5.474429e-11
11380.0 5.450079e-11
11390.0 5.426075e-11
11400.0 5.402412e-11
11410.0 5.379079e-11
11420.0 5.356063e-11
11430.0 5.333348e-11
11440.0 5.310915e-11
11450.0 5.288746e-11
11460.0 5.266820e-11
11470.0 5.245118e-11
11480.0 5.223619e-11
11490.0 5.202304e-11
11500.0 5.181153e-11
11510.0 5.160147e-11
11520.0 5.139269e-11
11530.0 5.118501e-11
11540.0 5.097827e-11
11550.0 5.077231e-11
11560.0 5.056698e-11
11570.0 5.036213e-11
11580.0 5.015763e-11
11590.0 4.995334e-11
11600.0 4.974915e-11
11610.0 4.954493e-11
11620.0 4.934058e-11
11630.0 4.913600e-11
11640.0 4.893112e-11
11650.0 4.872587e-11
11660.0 4.852018e-11
11670.0 4.831402e-11
11680.0 4.810737e-11
11690.0 4.790024e-11
11700.0 4.769263e-11
11710.0 4.748459e-11
11720.0 4.727617e-11
11730.0 4.706745e-11
11740.0 4.685851e-11
11750.0 4.664944e-11
11760.0 4.644036e-11
11770.0 4.623137e-11
11780.0 4.602260e-11
11790.0 4.581413e-11
11800.0 4.560609e-11
11810.0 4.539855e-11
11820.0 4.519160e-11
11830.0 4.498531e-11
11840.0 4.477972e-11
11850.0 4.457487e-11
11860.0 4.437077e-11
11870.0 4.416743e-11
11880.0 4.396485e-11
11890.0 4.376300e-11
11900.0 4.356188e-11
11910.0 4.336147e-11
11920.0 4.316177e-11
11930.0 4.296276e-11
11940.0 4.276449e-11
11950.0 4.256698e-11
11960.0 4.237032e-11
11970.0 4.217459e-11
11980.0 4.197994e-11
11990.0 4.178653e-11
12000.0 4.159456e-11
12010.0 4.140429e-11
12020.0 4.121598e-11
12030.0 4.102995e-11
12040.0 4.084652e-11
12050.0 4.066604e-11
12060.0 4.048888e-11
12070.0 4.031541e-11
12080.0 4.014599e-11
12090.0 3.998096e-11
12100.0 3.982064e-11
12110.0 3.966530e-11
12120.0 3.951517e-11
12130.0 3.937044e-11
12140.0 3.923120e-11
12150.0 3.909748e-11
12160.0 3.896925e-11
12170.0 3.884637e-11
12180.0 3.872865e-11
12190.0 3.861579e-11
12200.0 3.850744e-11
12210.0 3.840317e-11
12220.0 3.830249e-11
12230.0 3.820486e-11
12240.0 3.810971e-11
12250.0 3.801642e-11
12260.0 3.792438e-11
12270.0 3.783298e-11
12280.0 3.774162e-11
12290.0 3.764971e-11
12300.0 3.755672e-11
12310.0 3.746215e-11
12320.0 3.736558e-11
12330.0 3.726661e-11
12340.0 3.716495e-11
12350.0 3.706035e-11
12360.0 3.695264e-11
12370.0 3.684171e-11
12380.0 3.672751e-11
12390.0 3.661006e-11
12400.0 3.648942e-11
12410.0 3.636570e-11
12420.0 3.623904e-11
12430.0 3.610964e-11
12440.0 3.597768e-11
12450.0 3.584338e-11
12460.0 3.570697e-11
12470.0 3.556866e-11
12480.0 3.542866e-11
12490.0 3.528718e-11
12500.0 3.514442e-11
12510.0 3.500053e-11
12520.0 3.485568e-11
12530.0 3.470999e-11
12540.0 3.456360e-11
12550.0 3.441661e-11
12560.0 3.426910e-11
12570.0 3.412116e-11
12580.0 3.397286e-11
12590.0 3.382428e-11
12600.0 3.367548e-11
12610.0 3.352654e-11
12620.0 3.337754e-11
12630.0 3.322855e-11
12640.0 3.307967e-11
12650.0 3.293100e-11
12660.0 3.278265e-11
12670.0 3.263473e-11
12680.0 3.248736e-11
12690.0 3.234068e-11
12700.0 3.219482e-11
12710.0 3.204992e-11
12720.0 3.190613e-11
12730.0 3.176358e-11
12740.0 3.162243e-11
12750.0 3.148282e-11
12760.0 3.134489e-11
12770.0 3.120879e-11
12780.0 3.107465e-11
12790.0 3.094261e-11
12800.0 3.081281e-11
12810.0 3.068536e-11
12820.0 3.056040e-11
12830.0 3.043802e-11
12840.0 3.031834e-11
12850.0 3.020144e-11
12860.0 3.008741e-11
12870.0 2.997631e-11
12880.0 2.986820e-11
12890.0 2.976310e-11
12900.0 2.966105e-11
12910.0 2.956203e-11
12920.0 2.946603e-11
12930.0 2.937302e-11
12940.0 2.928295e-11
12950.0 2.919576e-11
12960.0 2.911137e-11
12970.0 2.902970e-11
12980.0 2.895067e-11
12990.0 2.887418e-11
13000.0 2.880016e-11
13010.0 2.872853e-11
13020.0 2.865920e-11
13030.0 2.859213e-11
13040.0 2.852726e-11
13050.0 2.846456e-11
13060.0 2.840401e-11
13070.0 2.834560e-11
13080.0 2.828933e-11
13090.0 2.823522e-11
13100.0 2.818327e-11
13110.0 2.813350e-11
13120.0 2.808592e-11
13130.0 2.804051e-11
13140.0 2.799727e-11
13150.0 2.795613e-11
13160.0 2.791703e-11
13170.0 2.787987e-11
13180.0 2.784451e-11
13190.0 2.781077e-11
13200.0 2.777843e-11
13210.0 2.774725e-11
13220.0 2.771694e-11
13230.0 2.768719e-11
13240.0 2.765765e-11
13250.0 2.762796e-11
13260.0 2.759775e-11
13270.0 2.756662e-11
13280.0 2.753420e-11
13290.0 2.750012e-11
13300.0 2.746403e-11
13310.0 2.742560e-11
13320.0 2.738453e-11
13330.0 2.734055e-11
13340.0 2.729346e-11
13350.0 2.724306e-11
13360.0 2.718922e-11
13370.0 2.713185e-11
13380.0 2.707090e-11
13390.0 2.700636e-11
13400.0 2.693825e-11
13410.0 2.686662e-11
13420.0 2.679155e-11
13430.0 2.671316e-11
13440.0 2.663155e-11
13450.0 2.654686e-11
13460.0 2.645923e-11
13470.0 2.636880e-11
13480.0 2.627571e-11
13490.0 2.618011e-11
13500.0 2.608214e-11
13510.0 2.598191e-11
13520.0 2.587957e-11
13530.0 2.577524e-11
13540.0 2.566902e-11
13550.0 2.556102e-11
13560.0 2.545136e-11
13570.0 2.534014e-11
13580.0 2.522747e-11
13590.0 2.511343e-11
13600.0 2.499815e-11
13610.0 2.488172e-11
13620.0 2.476427e-11
13630.0 2.464590e-11
13640.0 2.452675e-11
13650.0 2.440694e-11
13660.0 2.428661e-11
13670.0 2.416592e-11
13680.0 2.404502e-11
13690.0 2.392408e-11
13700.0 2.380327e-11
13710.0 2.368277e-11
13720.0 2.356277e-11
13730.0 2.344347e-11
13740.0 2.332506e-11
13750.0 2.320774e-11
13760.0 2.309171e-11
13770.0 2.297715e-11
13780.0 2.286426e-11
13790.0 2.275321e-11
13800.0 2.264416e-11
13810.0 2.253726e-11
13820.0 2.243263e-11
13830.0 2.233039e-11
13840.0 2.223062e-11
13850.0 2.213339e-11
13860.0 2.203872e-11
13870.0 2.194663e-11
13880.0 2.185712e-11
13890.0 2.177015e-11
13900.0 2.168566e-11
13910.0 2.160359e-11
13920.0 2.152385e-11
13930.0 2.144634e-11
13940.0 2.137098e-11
13950.0 2.129764e-11
13960.0 2.122624e-11
13970.0 2.115668e-11
13980.0 2.108888e-11
13990.0 2.102276e-11
14000.0 2.095827e-11
14010.0 2.089538e-11
14020.0 2.083406e-11
14030.0 2.077432e-11
14040.0 2.071617e-11
14050.0 2.065966e-11
14060.0 2.060481e-11
14070.0 2.055170e-11
14080.0 2.050037e-11
14090.0 2.045089e-11
14100.0 2.040330e-11
14110.0 2.035766e-11
14120.0 2.031398e-11
14130.0 2.027227e-11
14140.0 2.023252e-11
14150.0 2.019468e-11
14160.0 2.015867e-11
14170.0 2.012441e-11
14180.0 2.009174e-11
14190.0 2.006052e-11
14200.0 2.003056e-11
14210.0 2.000165e-11
14220.0 1.997357e-11
14230.0 1.994609e-11
14240.0 1.991897e-11
14250.0 1.989196e-11
14260.0 1.986484e-11
14270.0 1.983738e-11
14280.0 1.980939e-11
14290.0 1.978067e-11
14300.0 1.975108e-11
14310.0 1.972050e-11
14320.0 1.968884e-11
14330.0 1.965603e-11
14340.0 1.962206e-11
14350.0 1.958694e-11
14360.0 1.955071e-11
14370.0 1.951345e-11
14380.0 1.947524e-11
14390.0 1.943622e-11
14400.0 1.939650e-11
14410.0 1.935625e-11
14420.0 1.931561e-11
14430.0 1.927476e-11
14440.0 1.923384e-11
14450.0 1.919301e-11
14460.0 1.915243e-11
14470.0 1.911221e-11
14480.0 1.907249e-11
14490.0 1.903335e-11
14500.0 1.899490e-11
14510.0 1.895718e-11
14520.0 1.892024e-11
14530.0 1.888410e-11
14540.0 1.884875e-11
14550.0 1.881417e-11
14560.0 1.878031e-11
14570.0 1.874710e-11
14580.0 1.871447e-11
14590.0 1.868231e-11
14600.0 1.865050e-11
14610.0 1.861893e-11
14620.0 1.858744e-11
14630.0 1.855590e-11
14640.0 1.852416e-11
14650.0 1.849207e-11
14660.0 1.845948e-11
14670.0 1.842624e-11
14680.0 1.839223e-11
14690.0 1.835731e-11
14700.0 1.832137e-11
14710.0 1.828432e-11
14720.0 1.824607e-11
14730.0 1.820656e-11
14740.0 1.816574e-11
14750.0 1.812361e-11
14760.0 1.808015e-11
14770.0 1.803537e-11
14780.0 1.798933e-11
14790.0 1.794208e-11
14800.0 1.789369e-11
14810.0 1.784424e-11
14820.0 1.779385e-11
14830.0 1.774262e-11
14840.0 1.769068e-11
14850.0 1.763815e-11
14860.0 1.758518e-11
14870.0 1.753188e-11
14880.0 1.747840e-11
14890.0 1.742487e-11
14900.0 1.737141e-11
14910.0 1.731814e-11
14920.0 1.726517e-11
14930.0 1.721260e-11
14940.0 1.716054e-11
14950.0 1.710904e-11
14960.0 1.705820e-11
14970.0 1.700805e-11
14980.0 1.695865e-11
14990.0 1.691002e-11
15000.0 1.686218e-11
15010.0 1.681514e-11
15020.0 1.676890e-11
15030.0 1.672342e-11
15040.0 1.667869e-11
15050.0 1.663466e-11
15060.0 1.659129e-11
15070.0 1.654851e-11
15080.0 1.650627e-11
15090.0 1.646449e-11
15100.0 1.642309e-11
15110.0 1.638201e-11
15120.0 1.634116e-11
15130.0 1.630045e-11
15140.0 1.625983e-11
15150.0 1.621920e-11
15160.0 1.617851e-11
15170.0 1.613769e-11
15180.0 1.609669e-11
15190.0 1.605546e-11
15200.0 1.601396e-11
15210.0 1.597218e-11
15220.0 1.593010e-11
15230.0 1.588771e-11
15240.0 1.584504e-11
15250.0 1.580208e-11
15260.0 1.575888e-11
15270.0 1.571547e-11
15280.0 1.567190e-11
15290.0 1.562822e-11
15300.0 1.558448e-11
15310.0 1.554074e-11
15320.0 1.549707e-11
15330.0 1.545352e-11
15340.0 1.541015e-11
15350.0 1.536701e-11
15360.0 1.532416e-11
15370.0 1.528164e-11
15380.0 1.523949e-11
15390.0 1.519774e-11
15400.0 1.515643e-11
15410.0 1.511556e-11
15420.0 1.507516e-11
15430.0 1.503523e-11
15440.0 1.499577e-11
15450.0 1.495678e-11
15460.0 1.491825e-11
15470.0 1.488017e-11
15480.0 1.484253e-11
15490.0 1.480530e-11
15500.0 1.476847e-11
15510.0 1.473202e-11
15520.0 1.469593e-11
15530.0 1.466016e-11
15540.0 1.462470e-11
15550.0 1.458952e-11
15560.0 1.455460e-11
15570.0 1.451989e-11
15580.0 1.448538e-11
15590.0 1.445102e-11
15600.0 1.441679e-11
15610.0 1.438265e-11
15620.0 1.434857e-11
15630.0 1.431451e-11
15640.0 1.428043e-11
15650.0 1.424631e-11
15660.0 1.421211e-11
15670.0 1.417779e-11
15680.0 1.414335e-11
15690.0 1.410874e-11
15700.0 1.407397e-11
15710.0 1.403901e-11
15720.0 1.400386e-11
15730.0 1.396853e-11
15740.0 1.393303e-11
15750.0 1.389738e-11
15760.0 1.386159e-11
15770.0 1.382572e-11
15780.0 1.378978e-11
15790.0 1.375384e-11
15800.0 1.371793e-11
15810.0 1.368213e-11
15820.0 1.364648e-11
15830.0 1.361105e-11
15840.0 1.357591e-11
15850.0 1.354112e-11
15860.0 1.350674e-11
15870.0 1.347285e-11
15880.0 1.343952e-11
15890.0 1.340680e-11
15900.0 1.337475e-11
15910.0 1.334346e-11
15920.0 1.331296e-11
15930.0 1.328334e-11
15940.0 1.325463e-11
15950.0 1.322692e-11
15960.0 1.320024e-11
15970.0 1.317467e-11
15980.0 1.315025e-11
15990.0 1.312705e-11
16000.0 1.310512e-11
16010.0 1.308452e-11
16020.0 1.306531e-11
16030.0 1.304754e-11
16040.0 1.303127e-11
16050.0 1.301656e-11
16060.0 1.300344e-11
16070.0 1.299197e-11
16080.0 1.298220e-11
16090.0 1.297416e-11
16100.0 1.296787e-11
16110.0 1.296338e-11
16120.0 1.296068e-11
16130.0 1.295979e-11
16140.0 1.296070e-11
16150.0 1.296340e-11
16160.0 1.296787e-11
16170.0 1.297407e-11
16180.0 1.298195e-11
16190.0 1.299145e-11
16200.0 1.300250e-11
16210.0 1.301503e-11
16220.0 1.302893e-11
16230.0 1.304413e-11
16240.0 1.306049e-11
16250.0 1.307793e-11
16260.0 1.309631e-11
16270.0 1.311551e-11
16280.0 1.313542e-11
16290.0 1.315591e-11
16300.0 1.317685e-11
16310.0 1.319813e-11
16320.0 1.321963e-11
16330.0 1.324123e-11
16340.0 1.326285e-11
16350.0 1.328436e-11
16360.0 1.330569e-11
16370.0 1.332675e-11
16380.0 1.334745e-11
16390.0 1.336775e-11
16400.0 1.338757e-11
16410.0 1.340685e-11
16420.0 1.342556e-11
16430.0 1.344364e-11
16440.0 1.346106e-11
16450.0 1.347779e-11
16460.0 1.349379e-11
16470.0 1.350902e-11
16480.0 1.352347e-11
16490.0 1.353710e-11
16500.0 1.354989e-11
16510.0 1.356179e-11
16520.0 1.357279e-11
16530.0 1.358285e-11
16540.0 1.359193e-11
16550.0 1.360000e-11
16560.0 1.360703e-11
16570.0 1.361298e-11
16580.0 1.361781e-11
16590.0 1.362150e-11
16600.0 1.362401e-11
16610.0 1.362532e-11
16620.0 1.362540e-11
16630.0 1.362423e-11
16640.0 1.362179e-11
16650.0 1.361808e-11
16660.0 1.361310e-11
16670.0 1.360684e-11
16680.0 1.359932e-11
16690.0 1.359056e-11
16700.0 1.358057e-11
16710.0 1.356940e-11
16720.0 1.355708e-11
16730.0 1.354366e-11
16740.0 1.352918e-11
16750.0 1.351369e-11
16760.0 1.349726e-11
16770.0 1.347994e-11
16780.0 1.346180e-11
16790.0 1.344289e-11
16800.0 1.342329e-11
16810.0 1.340306e-11
16820.0 1.338226e-11
16830.0 1.336094e-11
16840.0 1.333918e-11
16850.0 1.331702e-11
16860.0 1.329452e-11
16870.0 1.327172e-11
16880.0 1.324868e-11
16890.0 1.322544e-11
16900.0 1.320203e-11
16910.0 1.317850e-11
16920.0 1.315488e-11
16930.0 1.313120e-11
16940.0 1.310750e-11
16950.0 1.308379e-11
16960.0 1.306012e-11
16970.0 1.303649e-11
16980.0 1.301294e-11
16990.0 1.298947e-11
17000.0 1.296613e-11
17010.0 1.294290e-11
17020.0 1.291983e-11
17030.0 1.289691e-11
17040.0 1.287416e-11
17050.0 1.285158e-11
17060.0 1.282918e-11
17070.0 1.280697e-11
17080.0 1.278494e-11
17090.0 1.276309e-11
17100.0 1.274142e-11
17110.0 1.271992e-11
17120.0 1.269858e-11
17130.0 1.267738e-11
17140.0 1.265632e-11
17150.0 1.263537e-11
17160.0 1.261452e-11
17170.0 1.259375e-11
17180.0 1.257302e-11
17190.0 1.255234e-11
17200.0 1.253166e-11
17210.0 1.251097e-11
17220.0 1.249023e-11
17230.0 1.246944e-11
17240.0 1.244855e-11
17250.0 1.242756e-11
17260.0 1.240643e-11
17270.0 1.238515e-11
17280.0 1.236369e-11
17290.0 1.234203e-11
17300.0 1.232017e-11
17310.0 1.229808e-11
17320.0 1.227574e-11
17330.0 1.225316e-11
17340.0 1.223032e-11
17350.0 1.220722e-11
17360.0 1.218386e-11
17370.0 1.216023e-11
17380.0 1.213635e-11
17390.0 1.211221e-11
17400.0 1.208783e-11
17410.0 1.206322e-11
17420.0 1.203839e-11
17430.0 1.201336e-11
17440.0 1.198813e-11
17450.0 1.196273e-11
17460.0 1.193717e-11
17470.0 1.191147e-11
17480.0 1.188564e-11
17490.0 1.185970e-11
17500.0 1.183365e-11
17510.0 1.180751e-11
17520.0 1.178128e-11
17530.0 1.175498e-11
17540.0 1.172859e-11
17550.0 1.170212e-11
17560.0 1.167556e-11
17570.0 1.164890e-11
17580.0 1.162213e-11
17590.0 1.159522e-11
17600.0 1.156816e-11
17610.0 1.154092e-11
17620.0 1.151347e-11
17630.0 1.148576e-11
17640.0 1.145777e-11
17650.0 1.142945e-11
17660.0 1.140076e-11
17670.0 1.137165e-11
17680.0 1.134208e-11
17690.0 1.131201e-11
17700.0 1.128141e-11
17710.0 1.125022e-11
17720.0 1.121844e-11
17730.0 1.118603e-11
17740.0 1.115299e-11
17750.0 1.111932e-11
17760.0 1.108502e-11
17770.0 1.105014e-11
17780.0 1.101470e-11
17790.0 1.097876e-11
17800.0 1.094238e-11
17810.0 1.090566e-11
17820.0 1.086867e-11
17830.0 1.083154e-11
17840.0 1.079437e-11
17850.0 1.075728e-11
17860.0 1.072041e-11
17870.0 1.068389e-11
17880.0 1.064784e-11
17890.0 1.061240e-11
17900.0 1.057770e-11
17910.0 1.054384e-11
17920.0 1.051093e-11
17930.0 1.047906e-11
17940.0 1.044833e-11
17950.0 1.041878e-11
17960.0 1.039047e-11
17970.0 1.036344e-11
17980.0 1.033768e-11
17990.0 1.031321e-11
18000.0 1.029001e-11
18010.0 1.026804e-11
18020.0 1.024725e-11
18030.0 1.022759e-11
18040.0 1.020900e-11
18050.0 1.019139e-11
18060.0 1.017468e-11
18070.0 1.015879e-11
18080.0 1.014363e-11
18090.0 1.012910e-11
18100.0 1.011512e-11
18110.0 1.010159e-11
18120.0 1.008844e-11
18130.0 1.007559e-11
18140.0 1.006295e-11
18150.0 1.005046e-11
18160.0 1.003806e-11
18170.0 1.002569e-11
18180.0 1.001331e-11
18190.0 1.000087e-11
18200.0 9.988329e-12
18210.0 9.975669e-12
18220.0 9.962864e-12
18230.0 9.949899e-12
18240.0 9.936762e-12
18250.0 9.923448e-12
18260.0 9.909956e-12
18270.0 9.896291e-12
18280.0 9.882458e-12
18290.0 9.868468e-12
18300.0 9.854334e-12
18310.0 9.840071e-12
18320.0 9.825695e-12
18330.0 9.811224e-12
18340.0 9.796677e-12
18350.0 9.782073e-12
18360.0 9.767429e-12
18370.0 9.752765e-12
18380.0 9.738095e-12
18390.0 9.723436e-12
18400.0 9.708800e-12
18410.0 9.694196e-12
18420.0 9.679633e-12
18430.0 9.665112e-12
18440.0 9.650634e-12
18450.0 9.636194e-12
18460.0 9.621782e-12
18470.0 9.607382e-12
18480.0 9.592974e-12
18490.0 9.578532e-12
18500.0 9.564024e-12
18510.0 9.549412e-12
18520.0 9.534651e-12
18530.0 9.519693e-12
18540.0 9.504482e-12
18550.0 9.488960e-12
18560.0 9.473062e-12
18570.0 9.456723e-12
18580.0 9.439872e-12
18590.0 9.422440e-12
18600.0 9.404357e-12
18610.0 9.385555e-12
18620.0 9.365967e-12
18630.0 9.345533e-12
18640.0 9.324200e-12
18650.0 9.301919e-12
18660.0 9.278655e-12
18670.0 9.254380e-12
18680.0 9.229081e-12
18690.0 9.202756e-12
18700.0 9.175419e-12
18710.0 9.147097e-12
18720.0 9.117833e-12
18730.0 9.087684e-12
18740.0 9.056723e-12
18750.0 9.025035e-12
18760.0 8.992717e-12
18770.0 8.959879e-12
18780.0 8.926639e-12
18790.0 8.893123e-12
18800.0 8.859461e-12
18810.0 8.825786e-12
18820.0 8.792232e-12
18830.0 8.758929e-12
18840.0 8.726003e-12
18850.0 8.693573e-12
18860.0 8.661747e-12
18870.0 8.630622e-12
18880.0 8.600284e-12
18890.0 8.570799e-12
18900.0 8.542223e-12
18910.0 8.514590e-12
18920.0 8.487922e-12
18930.0 8.462220e-12
18940.0 8.437472e-12
18950.0 8.413648e-12
18960.0 8.390705e-12
18970.0 8.368587e-12
18980.0 8.347225e-12
18990.0 8.326543e-12
19000.0 8.306455e-12
19010.0 8.286871e-12
19020.0 8.267699e-12
19030.0 8.248843e-12
19040.0 8.230211e-12
19050.0 8.211712e-12
19060.0 8.193259e-12
19070.0 8.174773e-12
19080.0 8.156182e-12
19090.0 8.137421e-12
19100.0 8.118437e-12
19110.0 8.099185e-12
19120.0 8.079631e-12
19130.0 8.059751e-12
19140.0 8.039531e-12
19150.0 8.018966e-12
19160.0 7.998061e-12
19170.0 7.976828e-12
19180.0 7.955287e-12
19190.0 7.933463e-12
19200.0 7.911388e-12
19210.0 7.889096e-12
19220.0 7.866624e-12
19230.0 7.844011e-12
19240.0 7.821299e-12
19250.0 7.798525e-12
19260.0 7.775731e-12
19270.0 7.752953e-12
19280.0 7.730228e-12
19290.0 7.707589e-12
19300.0 7.685068e-12
19310.0 7.662692e-12
19320.0 7.640487e-12
19330.0 7.618477e-12
19340.0 7.596683e-12
19350.0 7.575123e-12
19360.0 7.553814e-12
19370.0 7.532770e-12
19380.0 7.512005e-12
19390.0 7.491529e-12
19400.0 7.471352e-12
19410.0 7.451483e-12
19420.0 7.431930e-12
19430.0 7.412696e-12
19440.0 7.393786e-12
19450.0 7.375201e-12
19460.0 7.356941e-12
19470.0 7.339003e-12
19480.0 7.321381e-12
19490.0 7.304066e-12
19500.0 7.287046e-12
19510.0 7.270305e-12
19520.0 7.253826e-12
19530.0 7.237584e-12
19540.0 7.221555e-12
19550.0 7.205710e-12
19560.0 7.190017e-12
19570.0 7.174441e-12
19580.0 7.158948e-12
19590.0 7.143499e-12
19600.0 7.128059e-12
19610.0 7.112589e-12
19620.0 7.097054e-12
19630.0 7.081422e-12
19640.0 7.065662e-12
19650.0 7.049749e-12
19660.0 7.033662e-12
19670.0 7.017385e-12
19680.0 7.000912e-12
19690.0 6.984239e-12
19700.0 6.967373e-12
19710.0 6.950328e-12
19720.0 6.933126e-12
19730.0 6.915795e-12
19740.0 6.898372e-12
19750.0 6.880902e-12
19760.0 6.863434e-12
19770.0 6.846024e-12
19780.0 6.828732e-12
19790.0 6.811623e-12
19800.0 6.794763e-12
19810.0 6.778221e-12
19820.0 6.762065e-12
19830.0 6.746362e-12
19840.0 6.731177e-12
19850.0 6.716572e-12
19860.0 6.702604e-12
19870.0 6.689323e-12
19880.0 6.676775e-12
19890.0 6.664996e-12
19900.0 6.654015e-12
19910.0 6.643853e-12
19920.0 6.634521e-12
19930.0 6.626022e-12
19940.0 6.618348e-12
19950.0 6.611484e-12
19960.0 6.605403e-12
19970.0 6.600074e-12
19980.0 6.595454e-12
19990.0 6.591495e-12
20000.0 6.588142e-12
20010.0 6.585334e-12
20020.0 6.583005e-12
20030.0 6.581085e-12
20040.0 6.579503e-12
20050.0 6.578183e-12
20060.0 6.577052e-12
20070.0 6.576034e-12
20080.0 6.575055e-12
20090.0 6.574044e-12
20100.0 6.572934e-12
20110.0 6.571661e-12
20120.0 6.570164e-12
20130.0 6.568390e-12
20140.0 6.566293e-12
20150.0 6.563830e-12
20160.0 6.560970e-12
20170.0 6.557686e-12
20180.0 6.553959e-12
20190.0 6.549781e-12
20200.0 6.545147e-12
20210.0 6.540064e-12
20220.0 6.534545e-12
20230.0 6.528608e-12
20240.0 6.522281e-12
20250.0 6.515596e-12
20260.0 6.508591e-12
20270.0 6.501308e-12
20280.0 6.493793e-12
20290.0 6.486096e-12
20300.0 6.478268e-12
20310.0 6.470361e-12
20320.0 6.462429e-12
20330.0 6.454523e-12
20340.0 6.446694e-12
20350.0 6.438990e-12
20360.0 6.431459e-12
20370.0 6.424142e-12
20380.0 6.417077e-12
20390.0 6.410299e-12
20400.0 6.403835e-12
20410.0 6.397710e-12
20420.0 6.391941e-12
20430.0 6.386543e-12
20440.0 6.381523e-12
20450.0 6.376883e-12
20460.0 6.372621e-12
20470.0 6.368729e-12
20480.0 6.365197e-12
20490.0 6.362009e-12
20500.0 6.359145e-12
20510.0 6.356584e-12
20520.0 6.354300e-12
20530.0 6.352266e-12
20540.0 6.350452e-12
20550.0 6.348829e-12
20560.0 6.347365e-12
20570.0 6.346026e-12
20580.0 6.344781e-12
20590.0 6.343596e-12
20600.0 6.342440e-12
20610.0 6.341278e-12
20620.0 6.340081e-12
20630.0 6.338815e-12
20640.0 6.337453e-12
20650.0 6.335962e-12
20660.0 6.334317e-12
20670.0 6.332488e-12
20680.0 6.330450e-12
20690.0 6.328177e-12
20700.0 6.325646e-12
20710.0 6.322834e-12
20720.0 6.319720e-12
20730.0 6.316284e-12
20740.0 6.312508e-12
20750.0 6.308375e-12
20760.0 6.303871e-12
20770.0 6.298982e-12
20780.0 6.293698e-12
20790.0 6.288009e-12
20800.0 6.281909e-12
20810.0 6.275393e-12
20820.0 6.268460e-12
20830.0 6.261110e-12
20840.0 6.253345e-12
20850.0 6.245171e-12
20860.0 6.236595e-12
20870.0 6.227628e-12
20880.0 6.218282e-12
20890.0 6.208572e-12
20900.0 6.198514e-12
20910.0 6.188127e-12
20920.0 6.177431e-12
20930.0 6.166449e-12
20940.0 6.155204e-12
20950.0 6.143720e-12
20960.0 6.132022e-12
20970.0 6.120137e-12
20980.0 6.108091e-12
20990.0 6.095909e-12
21000.0 6.083620e-12
21010.0 6.071247e-12
21020.0 6.058819e-12
21030.0 6.046359e-12
21040.0 6.033892e-12
21050.0 6.021441e-12
21060.0 6.009030e-12
21070.0 5.996680e-12
21080.0 5.984412e-12
21090.0 5.972245e-12
21100.0 5.960198e-12
21110.0 5.948287e-12
21120.0 5.936530e-12
21130.0 5.924942e-12
21140.0 5.913536e-12
21150.0 5.902326e-12
21160.0 5.891324e-12
21170.0 5.880540e-12
21180.0 5.869985e-12
21190.0 5.859666e-12
21200.0 5.849592e-12
21210.0 5.839768e-12
21220.0 5.830200e-12
21230.0 5.820890e-12
21240.0 5.811840e-12
21250.0 5.803051e-12
21260.0 5.794521e-12
21270.0 5.786247e-12
21280.0 5.778224e-12
21290.0 5.770444e-12
21300.0 5.762898e-12
21310.0 5.755575e-12
21320.0 5.748462e-12
21330.0 5.741542e-12
21340.0 5.734800e-12
21350.0 5.728215e-12
21360.0 5.721766e-12
21370.0 5.715430e-12
21380.0 5.709183e-12
21390.0 5.702999e-12
21400.0 5.696853e-12
21410.0 5.690716e-12
21420.0 5.684560e-12
21430.0 5.678358e-12
21440.0 5.672082e-12
21450.0 5.665704e-12
21460.0 5.659197e-12
21470.0 5.652536e-12
21480.0 5.645696e-12
21490.0 5.638656e-12
21500.0 5.631393e-12
21510.0 5.623889e-12
21520.0 5.616127e-12
21530.0 5.608094e-12
21540.0 5.599777e-12
21550.0 5.591168e-12
21560.0 5.582260e-12
21570.0 5.573048e-12
21580.0 5.563533e-12
21590.0 5.553714e-12
21600.0 5.543595e-12
21610.0 5.533182e-12
21620.0 5.522484e-12
21630.0 5.511510e-12
21640.0 5.500271e-12
21650.0 5.488782e-12
21660.0 5.477056e-12
21670.0 5.465111e-12
21680.0 5.452961e-12
21690.0 5.440626e-12
21700.0 5.428123e-12
21710.0 5.415471e-12
21720.0 5.402687e-12
21730.0 5.389792e-12
21740.0 5.376802e-12
21750.0 5.363737e-12
21760.0 5.350614e-12
21770.0 5.337451e-12
21780.0 5.324264e-12
21790.0 5.311069e-12
21800.0 5.297881e-12
21810.0 5.284716e-12
21820.0 5.271586e-12
21830.0 5.258505e-12
21840.0 5.245485e-12
21850.0 5.232537e-12
21860.0 5.219672e-12
21870.0 5.206899e-12
21880.0 5.194229e-12
21890.0 5.181668e-12
21900.0 5.169226e-12
21910.0 5.156909e-12
21920.0 5.144724e-12
21930.0 5.132678e-12
21940.0 5.120775e-12
21950.0 5.109022e-12
21960.0 5.097423e-12
21970.0 5.085984e-12
21980.0 5.074708e-12
21990.0 5.063600e-12
22000.0 5.052664e-12
22010.0 5.041903e-12
22020.0 5.031322e-12
22030.0 5.020924e-12
22040.0 5.010712e-12
22050.0 5.000690e-12
22060.0 4.990861e-12
22070.0 4.981227e-12
22080.0 4.971792e-12
22090.0 4.962559e-12
22100.0 4.953528e-12
22110.0 4.944703e-12
22120.0 4.936084e-12
22130.0 4.927673e-12
22140.0 4.919471e-12
22150.0 4.911478e-12
22160.0 4.903692e-12
22170.0 4.896114e-12
22180.0 4.888741e-12
22190.0 4.881569e-12
22200.0 4.874597e-12
22210.0 4.867820e-12
22220.0 4.861232e-12
22230.0 4.854828e-12
22240.0 4.848601e-12
22250.0 4.842542e-12
22260.0 4.836644e-12
22270.0 4.830897e-12
22280.0 4.825290e-12
22290.0 4.819813e-12
22300.0 4.814455e-12
22310.0 4.809203e-12
22320.0 4.804044e-12
22330.0 4.798966e-12
22340.0 4.793955e-12
22350.0 4.788998e-12
22360.0 4.784080e-12
22370.0 4.779189e-12
22380.0 4.774310e-12
22390.0 4.769431e-12
22400.0 4.764537e-12
22410.0 4.759616e-12
22420.0 4.754657e-12
22430.0 4.749647e-12
22440.0 4.744576e-12
22450.0 4.739433e-12
22460.0 4.734209e-12
22470.0 4.728896e-12
22480.0 4.723486e-12
22490.0 4.717974e-12
22500.0 4.712354e-12
22510.0 4.706622e-12
22520.0 4.700776e-12
22530.0 4.694815e-12
22540.0 4.688739e-12
22550.0 4.682549e-12
22560.0 4.676247e-12
22570.0 4.669839e-12
22580.0 4.663329e-12
22590.0 4.656724e-12
22600.0 4.650033e-12
22610.0 4.643264e-12
22620.0 4.636429e-12
22630.0 4.629537e-12
22640.0 4.622603e-12
22650.0 4.615640e-12
22660.0 4.608661e-12
22670.0 4.601681e-12
22680.0 4.594716e-12
22690.0 4.587781e-12
22700.0 4.580891e-12
22710.0 4.574064e-12
22720.0 4.567313e-12
22730.0 4.560654e-12
22740.0 4.554103e-12
22750.0 4.547673e-12
22760.0 4.541378e-12
22770.0 4.535230e-12
22780.0 4.529241e-12
22790.0 4.523420e-12
22800.0 4.517777e-12
22810.0 4.512320e-12
22820.0 4.507054e-12
22830.0 4.501985e-12
22840.0 4.497115e-12
22850.0 4.492447e-12
22860.0 4.487981e-12
22870.0 4.483715e-12
22880.0 4.479648e-12
22890.0 4.475775e-12
22900.0 4.472092e-12
22910.0 4.468591e-12
22920.0 4.465267e-12
22930.0 4.462110e-12
22940.0 4.459111e-12
22950.0 4.456261e-12
22960.0 4.453550e-12
22970.0 4.450965e-12
22980.0 4.448497e-12
22990.0 4.446134e-12
23000.0 4.443863e-12
23010.0 4.441673e-12
23020.0 4.439552e-12
23030.0 4.437488e-12
23040.0 4.435468e-12
23050.0 4.433480e-12
23060.0 4.431513e-12
23070.0 4.429554e-12
23080.0 4.427591e-12
23090.0 4.425612e-12
23100.0 4.423605e-12
23110.0 4.421557e-12
23120.0 4.419456e-12
23130.0 4.417289e-12
23140.0 4.415043e-12
23150.0 4.412707e-12
23160.0 4.410265e-12
23170.0 4.407707e-12
23180.0 4.405018e-12
23190.0 4.402185e-12
23200.0 4.399195e-12
23210.0 4.396036e-12
23220.0 4.392694e-12
23230.0 4.389159e-12
23240.0 4.385418e-12
23250.0 4.381462e-12
23260.0 4.377280e-12
23270.0 4.372864e-12
23280.0 4.368207e-12
23290.0 4.363304e-12
23300.0 4.358150e-12
23310.0 4.352744e-12
23320.0 4.347086e-12
23330.0 4.341178e-12
23340.0 4.335023e-12
23350.0 4.328630e-12
23360.0 4.322006e-12
23370.0 4.315163e-12
23380.0 4.308114e-12
23390.0 4.300876e-12
23400.0 4.293466e-12
23410.0 4.285905e-12
23420.0 4.278214e-12
23430.0 4.270416e-12
23440.0 4.262538e-12
23450.0 4.254606e-12
23460.0 4.246645e-12
23470.0 4.238686e-12
23480.0 4.230755e-12
23490.0 4.222883e-12
23500.0 4.215095e-12
23510.0 4.207421e-12
23520.0 4.199888e-12
23530.0 4.192519e-12
23540.0 4.185341e-12
23550.0 4.178375e-12
23560.0 4.171642e-12
23570.0 4.165160e-12
23580.0 4.158944e-12
23590.0 4.153007e-12
23600.0 4.147359e-12
23610.0 4.142009e-12
23620.0 4.136960e-12
23630.0 4.132212e-12
23640.0 4.127765e-12
23650.0 4.123614e-12
23660.0 4.119750e-12
23670.0 4.116163e-12
23680.0 4.112839e-12
23690.0 4.109764e-12
23700.0 4.106919e-12
23710.0 4.104285e-12
23720.0 4.101841e-12
23730.0 4.099566e-12
23740.0 4.097439e-12
23750.0 4.095436e-12
23760.0 4.093540e-12
23770.0 4.091730e-12
23780.0 4.089992e-12
23790.0 4.088313e-12
23800.0 4.086684e-12
23810.0 4.085103e-12
23820.0 4.083572e-12
23830.0 4.082209e-12
23840.0 4.080966e-12
23850.0 4.079824e-12
23860.0 4.078812e-12
23870.0 4.077967e-12
23880.0 4.077332e-12
23890.0 4.076955e-12
23900.0 4.076889e-12
23910.0 4.077188e-12
23920.0 4.077909e-12
23930.0 4.079108e-12
23940.0 4.080837e-12
23950.0 4.083146e-12
23960.0 4.086074e-12
23970.0 4.089654e-12
23980.0 4.093909e-12
23990.0 4.098849e-12
24000.0 4.104473e-12
24010.0 4.110767e-12
24020.0 4.117702e-12
24030.0 4.125239e-12
24040.0 4.133329e-12
24050.0 4.141911e-12
24060.0 4.150917e-12
24070.0 4.160275e-12
24080.0 4.169907e-12
24090.0 4.179736e-12
24100.0 4.189685e-12
24110.0 4.199681e-12
24120.0 4.209655e-12
24130.0 4.219547e-12
24140.0 4.229302e-12
24150.0 4.238875e-12
24160.0 4.248231e-12
24170.0 4.257342e-12
24180.0 4.266192e-12
24190.0 4.274771e-12
24200.0 4.283077e-12
24210.0 4.291117e-12
24220.0 4.298901e-12
24230.0 4.306446e-12
24240.0 4.313772e-12
24250.0 4.320903e-12
24260.0 4.327861e-12
24270.0 4.334674e-12
24280.0 4.341366e-12
24290.0 4.347962e-12
24300.0 4.354486e-12
24310.0 4.360961e-12
24320.0 4.367404e-12
24330.0 4.373835e-12
24340.0 4.380266e-12
24350.0 4.386709e-12
24360.0 4.393172e-12
24370.0 4.399660e-12
24380.0 4.406175e-12
24390.0 4.412714e-12
24400.0 4.419274e-12
24410.0 4.425847e-12
24420.0 4.432424e-12
24430.0 4.438993e-12
24440.0 4.445541e-12
24450.0 4.452053e-12
24460.0 4.458514e-12
24470.0 4.464909e-12
24480.0 4.471223e-12
24490.0 4.477441e-12
24500.0 4.483549e-12
24510.0 4.489536e-12
24520.0 4.495393e-12
24530.0 4.501110e-12
24540.0 4.506682e-12
24550.0 4.512105e-12
24560.0 4.517377e-12
24570.0 4.522500e-12
24580.0 4.527474e-12
24590.0 4.532305e-12
24600.0 4.536997e-12
24610.0 4.541558e-12
24620.0 4.545994e-12
24630.0 4.550315e-12
24640.0 4.554527e-12
24650.0 4.558639e-12
24660.0 4.562660e-12
24670.0 4.566598e-12
24680.0 4.570458e-12
24690.0 4.574249e-12
24700.0 4.577975e-12
24710.0 4.581640e-12
24720.0 4.585248e-12
24730.0 4.588802e-12
24740.0 4.592303e-12
24750.0 4.595750e-12
24760.0 4.599142e-12
24770.0 4.602477e-12
24780.0 4.605751e-12
24790.0 4.608960e-12
24800.0 4.612097e-12
24810.0 4.615155e-12
24820.0 4.618127e-12
24830.0 4.621004e-12
24840.0 4.623779e-12
24850.0 4.626442e-12
24860.0 4.628985e-12
24870.0 4.631403e-12
24880.0 4.633688e-12
24890.0 4.635838e-12
24900.0 4.637849e-12
24910.0 4.639723e-12
24920.0 4.641458e-12
24930.0 4.643060e-12
24940.0 4.644532e-12
24950.0 4.645880e-12
24960.0 4.647111e-12
24970.0 4.648233e-12
24980.0 4.649253e-12
24990.0 4.650178e-12
25000.0 4.651017e-12
