1000.0 4.145042e-14
1010.0 5.022569e-14
1020.0 6.105639e-14
1030.0 7.435835e-14
1040.0 9.064821e-14
1050.0 1.105162e-13
1060.0 1.346211e-13
1070.0 1.636788e-13
1080.0 1.984424e-13
1090.0 2.396761e-13
1100.0 2.881211e-13
1110.0 3.444586e-13
1120.0 4.092705e-13
1130.0 4.830034e-13
1140.0 5.659372e-13
1150.0 6.581601e-13
1160.0 7.595533e-13
1170.0 8.697818e-13
1180.0 9.882948e-13
1190.0 1.114331e-12
1200.0 1.246934e-12
1210.0 1.384970e-12
1220.0 1.527152e-12
1230.0 1.672077e-12
1240.0 1.818256e-12
1250.0 1.964160e-12
1260.0 2.108255e-12
1270.0 2.249052e-12
1280.0 2.385140e-12
1290.0 2.515229e-12
1300.0 2.638175e-12
1310.0 2.753015e-12
1320.0 2.858975e-12
1330.0 2.955491e-12
1340.0 3.042212e-12
1350.0 3.118995e-12
1360.0 3.185906e-12
1370.0 3.243204e-12
1380.0 3.291329e-12
1390.0 3.330882e-12
1400.0 3.362608e-12
1410.0 3.387369e-12
1420.0 3.406128e-12
1430.0 3.419916e-12
1440.0 3.429818e-12
1450.0 3.436941e-12
1460.0 3.442395e-12
1470.0 3.447267e-12
1480.0 3.452603e-12
1490.0 3.459385e-12
1500.0 3.468514e-12
1510.0 3.480790e-12
1520.0 3.496906e-12
1530.0 3.517433e-12
1540.0 3.542821e-12
1550.0 3.573396e-12
1560.0 3.609375e-12
1570.0 3.650875e-12
1580.0 3.697938e-12
1590.0 3.750549e-12
1600.0 3.808666e-12
1610.0 3.872239e-12
1620.0 3.941235e-12
1630.0 4.015643e-12
1640.0 4.095488e-12
1650.0 4.180829e-12
1660.0 4.271749e-12
1670.0 4.368352e-12
1680.0 4.470744e-12
1690.0 4.579023e-12
1700.0 4.693264e-12
1710.0 4.813512e-12
1720.0 4.939771e-12
1730.0 5.071995e-12
1740.0 5.210088e-12
1750.0 5.353894e-12
1760.0 5.503197e-12
1770.0 5.657719e-12
1780.0 5.817123e-12
1790.0 5.981010e-12
1800.0 6.148930e-12
1810.0 6.320385e-12
1820.0 6.494838e-12
1830.0 6.671727e-12
1840.0 6.850467e-12
1850.0 7.030464e-12
1860.0 7.211119e-12
1870.0 7.391829e-12
1880.0 7.571994e-12
1890.0 7.751010e-12
1900.0 7.928271e-12
1910.0 8.103163e-12
1920.0 8.275070e-12
1930.0 8.443366e-12
1940.0 8.607425e-12
1950.0 8.766621e-12
1960.0 8.920342e-12
1970.0 9.067995e-12
1980.0 9.209021e-12
1990.0 9.342904e-12
2000.0 9.469188e-12
2010.0 9.587480e-12
2020.0 9.697463e-12
2030.0 9.798907e-12
2040.0 9.891663e-12
2050.0 9.975669e-12
2060.0 1.005095e-11
2070.0 1.011762e-11
2080.0 1.017584e-11
2090.0 1.022588e-11
2100.0 1.026804e-11
2110.0 1.030269e-11
2120.0 1.033024e-11
2130.0 1.035113e-11
2140.0 1.036584e-11
2150.0 1.037490e-11
2160.0 1.037882e-11
2170.0 1.037816e-11
2180.0 1.037347e-11
2190.0 1.036533e-11
2200.0 1.035433e-11
2210.0 1.034105e-11
2220.0 1.032610e-11
2230.0 1.031008e-11
2240.0 1.029360e-11
2250.0 1.027729e-11
2260.0 1.026176e-11
2270.0 1.024764e-11
2280.0 1.023555e-11
2290.0 1.022612e-11
2300.0 1.021997e-11
2310.0 1.021770e-11
2320.0 1.021992e-11
2330.0 1.022724e-11
2340.0 1.024031e-11
2350.0 1.025983e-11
2360.0 1.028665e-11
2370.0 1.032181e-11
2380.0 1.036671e-11
2390.0 1.042320e-11
2400.0 1.049377e-11
2410.0 1.058168e-11
2420.0 1.069105e-11
2430.0 1.082690e-11
2440.0 1.099499e-11
2450.0 1.120154e-11
2460.0 1.145266e-11
2470.0 1.175368e-11
2480.0 1.210822e-11
2490.0 1.251722e-11
2500.0 1.297815e-11
2510.0 1.348430e-11
2520.0 1.402465e-11
2530.0 1.458416e-11
2540.0 1.514472e-11
2550.0 1.568652e-11
2560.0 1.618977e-11
2570.0 1.663652e-11
2580.0 1.701221e-11
2590.0 1.730674e-11
2600.0 1.751504e-11
2610.0 1.763691e-11
2620.0 1.767648e-11
2630.0 1.764123e-11
2640.0 1.754090e-11
2650.0 1.738446e-11
2660.0 1.708338e-11
2670.0 1.588703e-11
2680.0 1.511787e-11
2690.0 2.073670e-11
2700.0 3.299826e-11
2710.0 4.744003e-11
2720.0 5.743464e-11
2730.0 6.081334e-11
2740.0 6.186320e-11
2750.0 6.321249e-11
2760.0 6.373215e-11
2770.0 6.372204e-11
2780.0 6.537242e-11
2790.0 7.014926e-11
2800.0 7.234184e-11
2810.0 7.207059e-11
2820.0 7.089287e-11
2830.0 6.767729e-11
2840.0 6.479396e-11
2850.0 6.471775e-11
2860.0 6.510526e-11
2870.0 6.532466e-11
2880.0 6.617155e-11
2890.0 7.024638e-11
2900.0 7.743800e-11
2910.0 8.483338e-11
2920.0 9.159453e-11
2930.0 9.615774e-11
2940.0 9.511426e-11
2950.0 8.778347e-11
2960.0 8.228102e-11
2970.0 8.009922e-11
2980.0 7.847955e-11
2990.0 7.495050e-11
3000.0 6.923794e-11
3010.0 6.417261e-11
3020.0 6.116282e-11
3030.0 6.072777e-11
3040.0 5.917199e-11
3050.0 5.467832e-11
3060.0 5.234131e-11
3070.0 5.202191e-11
3080.0 5.238275e-11
3090.0 5.257112e-11
3100.0 5.274030e-11
3110.0 5.492675e-11
3120.0 5.888255e-11
3130.0 6.211186e-11
3140.0 6.325653e-11
3150.0 6.314866e-11
3160.0 6.478568e-11
3170.0 6.919580e-11
3180.0 7.443930e-11
3190.0 7.835500e-11
3200.0 8.062545e-11
3210.0 8.076965e-11
3220.0 7.869170e-11
3230.0 7.450980e-11
3240.0 6.961201e-11
3250.0 6.494810e-11
3260.0 6.166161e-11
3270.0 6.087248e-11
3280.0 6.119965e-11
3290.0 6.091248e-11
3300.0 6.081189e-11
3310.0 6.182705e-11
3320.0 6.365684e-11
3330.0 6.530211e-11
3340.0 6.630879e-11
3350.0 6.720843e-11
3360.0 6.898763e-11
3370.0 7.170056e-11
3380.0 7.468923e-11
3390.0 7.735011e-11
3400.0 7.945359e-11
3410.0 8.184921e-11
3420.0 8.493485e-11
3430.0 8.791531e-11
3440.0 9.023598e-11
3450.0 9.167504e-11
3460.0 9.230081e-11
3470.0 9.290385e-11
3480.0 9.404311e-11
3490.0 9.605859e-11
3500.0 9.959714e-11
3510.0 1.050533e-10
3520.0 1.116270e-10
3530.0 1.183950e-10
3540.0 1.247943e-10
3550.0 1.303812e-10
3560.0 1.351280e-10
3570.0 1.393686e-10
3580.0 1.427824e-10
3590.0 1.445852e-10
3600.0 1.445966e-10
3610.0 1.430832e-10
3620.0 1.412480e-10
3630.0 1.405136e-10
3640.0 1.421220e-10
3650.0 1.468776e-10
3660.0 1.551410e-10
3670.0 1.665302e-10
3680.0 1.795455e-10
3690.0 1.927199e-10
3700.0 2.053048e-10
3710.0 2.171508e-10
3720.0 2.264487e-10
3730.0 2.293815e-10
3740.0 2.253284e-10
3750.0 2.163304e-10
3760.0 2.031296e-10
3770.0 1.857507e-10
3780.0 1.656077e-10
3790.0 1.456909e-10
3800.0 1.290350e-10
3810.0 1.178080e-10
3820.0 1.138217e-10
3830.0 1.186837e-10
3840.0 1.330431e-10
3850.0 1.558955e-10
3860.0 1.849009e-10
3870.0 2.173830e-10
3880.0 2.510828e-10
3890.0 2.844637e-10
3900.0 3.165142e-10
3910.0 3.462213e-10
3920.0 3.724085e-10
3930.0 3.941819e-10
3940.0 4.112872e-10
3950.0 4.237690e-10
3960.0 4.315933e-10
3970.0 4.345491e-10
3980.0 4.322477e-10
3990.0 4.240981e-10
4000.0 4.096119e-10
4010.0 3.892258e-10
4020.0 3.649529e-10
4030.0 3.399033e-10
4040.0 3.170246e-10
4050.0 2.982901e-10
4060.0 2.844162e-10
4070.0 2.746043e-10
4080.0 2.668609e-10
4090.0 2.593219e-10
4100.0 2.515489e-10
4110.0 2.444790e-10
4120.0 2.392392e-10
4130.0 2.362077e-10
4140.0 2.349686e-10
4150.0 2.348614e-10
4160.0 2.356248e-10
4170.0 2.375894e-10
4180.0 2.411573e-10
4190.0 2.460387e-10
4200.0 2.511367e-10
4210.0 2.552975e-10
4220.0 2.580866e-10
4230.0 2.598541e-10
4240.0 2.612761e-10
4250.0 2.628901e-10
4260.0 2.649325e-10
4270.0 2.675384e-10
4280.0 2.709557e-10
4290.0 2.753523e-10
4300.0 2.803978e-10
4310.0 2.851406e-10
4320.0 2.882101e-10
4330.0 2.880539e-10
4340.0 2.832728e-10
4350.0 2.731990e-10
4360.0 2.583818e-10
4370.0 2.404860e-10
4380.0 2.216208e-10
4390.0 2.036420e-10
4400.0 1.878842e-10
4410.0 1.752386e-10
4420.0 1.662802e-10
4430.0 1.613503e-10
4440.0 1.605811e-10
4450.0 1.638735e-10
4460.0 1.708941e-10
4470.0 1.811485e-10
4480.0 1.941498e-10
4490.0 2.096277e-10
4500.0 2.276274e-10
4510.0 2.483997e-10
4520.0 2.721521e-10
4530.0 2.988216e-10
4540.0 3.279764e-10
4550.0 3.588268e-10
4560.0 3.902472e-10
4570.0 4.208393e-10
4580.0 4.491814e-10
4590.0 4.741538e-10
4600.0 4.950075e-10
4610.0 5.111399e-10
4620.0 5.218563e-10
4630.0 5.263540e-10
4640.0 5.237882e-10
4650.0 5.133301e-10
4660.0 4.944705e-10
4670.0 4.676285e-10
4680.0 4.345625e-10
4690.0 3.981094e-10
4700.0 3.614318e-10
4710.0 3.272748e-10
4720.0 2.974736e-10
4730.0 2.727349e-10
4740.0 2.527836e-10
4750.0 2.369336e-10
4760.0 2.247930e-10
4770.0 2.165688e-10
4780.0 2.127584e-10
4790.0 2.135609e-10
4800.0 2.184340e-10
4810.0 2.260276e-10
4820.0 2.344243e-10
4830.0 2.416255e-10
4840.0 2.462731e-10
4850.0 2.483689e-10
4860.0 2.494575e-10
4870.0 2.519760e-10
4880.0 2.581570e-10
4890.0 2.692027e-10
4900.0 2.850723e-10
4910.0 3.046748e-10
4920.0 3.261340e-10
4930.0 3.470097e-10
4940.0 3.645479e-10
4950.0 3.760505e-10
4960.0 3.793654e-10
4970.0 3.734273e-10
4980.0 3.587252e-10
4990.0 3.373795e-10
5000.0 3.127154e-10
5010.0 2.883459e-10
5020.0 2.671432e-10
5030.0 2.506176e-10
5040.0 2.389283e-10
5050.0 2.313549e-10
5060.0 2.268740e-10
5070.0 2.245540e-10
5080.0 2.236885e-10
5090.0 2.237673e-10
5100.0 2.244145e-10
5110.0 2.253496e-10
5120.0 2.263783e-10
5130.0 2.274296e-10
5140.0 2.286277e-10
5150.0 2.303157e-10
5160.0 2.329636e-10
5170.0 2.370071e-10
5180.0 2.427364e-10
5190.0 2.502716e-10
5200.0 2.595754e-10
5210.0 2.704259e-10
5220.0 2.823975e-10
5230.0 2.949534e-10
5240.0 3.076407e-10
5250.0 3.202398e-10
5260.0 3.327321e-10
5270.0 3.451128e-10
5280.0 3.572152e-10
5290.0 3.686922e-10
5300.0 3.791241e-10
5310.0 3.880988e-10
5320.0 3.952646e-10
5330.0 4.005772e-10
5340.0 4.045798e-10
5350.0 4.080606e-10
5360.0 4.112862e-10
5370.0 4.138552e-10
5380.0 4.152463e-10
5390.0 4.152927e-10
5400.0 4.143469e-10
5410.0 4.132510e-10
5420.0 4.131181e-10
5430.0 4.149997e-10
5440.0 4.195714e-10
5450.0 4.269538e-10
5460.0 4.367065e-10
5470.0 4.479665e-10
5480.0 4.596590e-10
5490.0 4.706803e-10
5500.0 4.799879e-10
5510.0 4.866297e-10
5520.0 4.898014e-10
5530.0 4.889601e-10
5540.0 4.839090e-10
5550.0 4.747713e-10
5560.0 4.618718e-10
5570.0 4.456245e-10
5580.0 4.264885e-10
5590.0 4.049998e-10
5600.0 3.817700e-10
5610.0 3.574279e-10
5620.0 3.326048e-10
5630.0 3.079509e-10
5640.0 2.841801e-10
5650.0 2.621118e-10
5660.0 2.426757e-10
5670.0 2.268546e-10
5680.0 2.155715e-10
5690.0 2.095569e-10
5700.0 2.092429e-10
5710.0 2.147153e-10
5720.0 2.257209e-10
5730.0 2.417087e-10
5740.0 2.618845e-10
5750.0 2.852655e-10
5760.0 3.107330e-10
5770.0 3.370893e-10
5780.0 3.631232e-10
5790.0 3.876782e-10
5800.0 4.097058e-10
5810.0 4.283111e-10
5820.0 4.428133e-10
5830.0 4.528256e-10
5840.0 4.583099e-10
5850.0 4.595492e-10
5860.0 4.570607e-10
5870.0 4.515055e-10
5880.0 4.435770e-10
5890.0 4.338868e-10
5900.0 4.228613e-10
5910.0 4.106855e-10
5920.0 3.973350e-10
5930.0 3.826971e-10
5940.0 3.667308e-10
5950.0 3.495963e-10
5960.0 3.317040e-10
5970.0 3.136732e-10
5980.0 2.962276e-10
5990.0 2.800697e-10
6000.0 2.657718e-10
6010.0 2.537076e-10
6020.0 2.440308e-10
6030.0 2.366926e-10
6040.0 2.314800e-10
6050.0 2.280593e-10
6060.0 2.260284e-10
6070.0 2.249923e-10
6080.0 2.246555e-10
6090.0 2.248915e-10
6100.0 2.257407e-10
6110.0 2.273258e-10
6120.0 2.297402e-10
6130.0 2.329742e-10
6140.0 2.369118e-10
6150.0 2.413675e-10
6160.0 2.461161e-10
6170.0 2.508846e-10
6180.0 2.553144e-10
6190.0 2.589313e-10
6200.0 2.611672e-10
6210.0 2.614513e-10
6220.0 2.593472e-10
6230.0 2.546840e-10
6240.0 2.476299e-10
6250.0 2.386874e-10
6260.0 2.286217e-10
6270.0 2.183460e-10
6280.0 2.087934e-10
6290.0 2.008084e-10
6300.0 1.950856e-10
6310.0 1.921469e-10
6320.0 1.922866e-10
6330.0 1.954564e-10
6340.0 2.012262e-10
6350.0 2.089696e-10
6360.0 2.181688e-10
6370.0 2.285490e-10
6380.0 2.399746e-10
6390.0 2.522928e-10
6400.0 2.652641e-10
6410.0 2.785636e-10
6420.0 2.918057e-10
6430.0 3.045781e-10
6440.0 3.164798e-10
6450.0 3.271461e-10
6460.0 3.362529e-10
6470.0 3.435134e-10
6480.0 3.486791e-10
6490.0 3.515537e-10
6500.0 3.520140e-10
6510.0 3.500252e-10
6520.0 3.456433e-10
6530.0 3.390023e-10
6540.0 3.302952e-10
6550.0 3.197539e-10
6560.0 3.076375e-10
6570.0 2.942172e-10
6580.0 2.797660e-10
6590.0 2.645648e-10
6600.0 2.489108e-10
6610.0 2.331180e-10
6620.0 2.175026e-10
6630.0 2.023575e-10
6640.0 1.879260e-10
6650.0 1.743852e-10
6660.0 1.618450e-10
6670.0 1.503614e-10
6680.0 1.399570e-10
6690.0 1.306371e-10
6700.0 1.223968e-10
6710.0 1.152184e-10
6720.0 1.090651e-10
6730.0 1.038777e-10
6740.0 9.957964e-11
6750.0 9.608662e-11
6760.0 9.331775e-11
6770.0 9.120133e-11
6780.0 8.967573e-11
6790.0 8.868795e-11
6800.0 8.819276e-11
6810.0 8.815165e-11
6820.0 8.852968e-11
6830.0 8.929068e-11
6840.0 9.039395e-11
6850.0 9.179583e-11
6860.0 9.345356e-11
6870.0 9.532469e-11
6880.0 9.735960e-11
6890.0 9.948977e-11
6900.0 1.016214e-10
6910.0 1.036432e-10
6920.0 1.054479e-10
6930.0 1.069584e-10
6940.0 1.081457e-10
6950.0 1.090308e-10
6960.0 1.096726e-10
6970.0 1.101501e-10
6980.0 1.105479e-10
6990.0 1.109484e-10
7000.0 1.114264e-10
7010.0 1.120460e-10
7020.0 1.128563e-10
7030.0 1.138907e-10
7040.0 1.151692e-10
7050.0 1.167042e-10
7060.0 1.185047e-10
7070.0 1.205767e-10
7080.0 1.229208e-10
7090.0 1.255289e-10
7100.0 1.283847e-10
7110.0 1.314671e-10
7120.0 1.347548e-10
7130.0 1.382307e-10
7140.0 1.418780e-10
7150.0 1.456751e-10
7160.0 1.495931e-10
7170.0 1.535902e-10
7180.0 1.576078e-10
7190.0 1.615684e-10
7200.0 1.653763e-10
7210.0 1.689209e-10
7220.0 1.720842e-10
7230.0 1.747517e-10
7240.0 1.768261e-10
7250.0 1.782432e-10
7260.0 1.789873e-10
7270.0 1.791026e-10
7280.0 1.786941e-10
7290.0 1.779169e-10
7300.0 1.769557e-10
7310.0 1.760001e-10
7320.0 1.752214e-10
7330.0 1.747552e-10
7340.0 1.746892e-10
7350.0 1.750560e-10
7360.0 1.758328e-10
7370.0 1.769463e-10
7380.0 1.782838e-10
7390.0 1.797058e-10
7400.0 1.810581e-10
7410.0 1.821812e-10
7420.0 1.829209e-10
7430.0 1.831298e-10
7440.0 1.826770e-10
7450.0 1.814641e-10
7460.0 1.794443e-10
7470.0 1.766442e-10
7480.0 1.731879e-10
7490.0 1.693159e-10
7500.0 1.653801e-10
7510.0 1.617866e-10
7520.0 1.588890e-10
7530.0 1.568788e-10
7540.0 1.557492e-10
7550.0 1.553594e-10
7560.0 1.555373e-10
7570.0 1.561322e-10
7580.0 1.570087e-10
7590.0 1.580404e-10
7600.0 1.591430e-10
7610.0 1.603178e-10
7620.0 1.616558e-10
7630.0 1.632891e-10
7640.0 1.653151e-10
7650.0 1.677344e-10
7660.0 1.704304e-10
7670.0 1.731918e-10
7680.0 1.757606e-10
7690.0 1.778833e-10
7700.0 1.793525e-10
7710.0 1.800320e-10
7720.0 1.798630e-10
7730.0 1.788576e-10
7740.0 1.770898e-10
7750.0 1.746851e-10
7760.0 1.718060e-10
7770.0 1.686303e-10
7780.0 1.653185e-10
7790.0 1.619793e-10
7800.0 1.586472e-10
7810.0 1.552851e-10
7820.0 1.518110e-10
7830.0 1.481379e-10
7840.0 1.442078e-10
7850.0 1.400079e-10
7860.0 1.355639e-10
7870.0 1.309228e-10
7880.0 1.261354e-10
7890.0 1.212491e-10
7900.0 1.163121e-10
7910.0 1.113813e-10
7920.0 1.064931e-10
7930.0 1.017723e-10
7940.0 9.730511e-11
7950.0 9.316398e-11
7960.0 8.939580e-11
7970.0 8.601732e-11
7980.0 8.302018e-11
7990.0 8.038212e-11
8000.0 7.807811e-11
8010.0 7.608552e-11
8020.0 7.438104e-11
8030.0 7.293159e-11
8040.0 7.168493e-11
8050.0 7.056563e-11
8060.0 6.947881e-11
8070.0 6.832044e-11
8080.0 6.698995e-11
8090.0 6.540061e-11
8100.0 6.348596e-11
8110.0 6.120369e-11
8120.0 5.854037e-11
8130.0 5.551923e-11
8140.0 5.220913e-11
8150.0 4.872879e-11
8160.0 4.523933e-11
8170.0 4.192188e-11
8180.0 3.894439e-11
8190.0 3.642823e-11
8200.0 3.442736e-11
8210.0 3.292761e-11
8220.0 3.186549e-11
8230.0 3.115821e-11
8240.0 3.073295e-11
8250.0 3.054564e-11
8260.0 3.058429e-11
8270.0 3.085864e-11
8280.0 3.138262e-11
8290.0 3.215862e-11
8300.0 3.317109e-11
8310.0 3.439176e-11
8320.0 3.579285e-11
8330.0 3.736166e-11
8340.0 3.910992e-11
8350.0 4.107504e-11
8360.0 4.331384e-11
8370.0 4.589101e-11
8380.0 4.886550e-11
8390.0 5.227716e-11
8400.0 5.613615e-11
8410.0 6.041687e-11
8420.0 6.505703e-11
8430.0 6.996095e-11
8440.0 7.500555e-11
8450.0 8.004803e-11
8460.0 8.493540e-11
8470.0 8.951685e-11
8480.0 9.365933e-11
8490.0 9.726480e-11
8500.0 1.002856e-10
8510.0 1.027332e-10
8520.0 1.046763e-10
8530.0 1.062274e-10
8540.0 1.075192e-10
8550.0 1.086786e-10
8560.0 1.098045e-10
8570.0 1.109558e-10
8580.0 1.121551e-10
8590.0 1.134017e-10
8600.0 1.146869e-10
8610.0 1.160082e-10
8620.0 1.173755e-10
8630.0 1.188048e-10
8640.0 1.203055e-10
8650.0 1.218667e-10
8660.0 1.234503e-10
8670.0 1.249977e-10
8680.0 1.264473e-10
8690.0 1.277564e-10
8700.0 1.289169e-10
8710.0 1.299552e-10
8720.0 1.309148e-10
8730.0 1.318291e-10
8740.0 1.326967e-10
8750.0 1.334720e-10
8760.0 1.340747e-10
8770.0 1.344143e-10
8780.0 1.344169e-10
8790.0 1.340436e-10
8800.0 1.332941e-10
8810.0 1.321991e-10
8820.0 1.308059e-10
8830.0 1.291657e-10
8840.0 1.273263e-10
8850.0 1.253292e-10
8860.0 1.232113e-10
8870.0 1.210049e-10
8880.0 1.187383e-10
8890.0 1.164340e-10
8900.0 1.141085e-10
8910.0 1.117724e-10
8920.0 1.094335e-10
8930.0 1.071010e-10
8940.0 1.047890e-10
8950.0 1.025184e-10
8960.0 1.003176e-10
8970.0 9.822033e-11
8980.0 9.626211e-11
8990.0 9.447614e-11
9000.0 9.288981e-11
9010.0 9.152307e-11
9020.0 9.038977e-11
9030.0 8.950126e-11
9040.0 8.887025e-11
9050.0 8.851272e-11
9060.0 8.844603e-11
9070.0 8.868370e-11
9080.0 8.922843e-11
9090.0 9.006618e-11
9100.0 9.116368e-11
9110.0 9.247064e-11
9120.0 9.392673e-11
9130.0 9.547223e-11
9140.0 9.705980e-11
9150.0 9.866442e-11
9160.0 1.002880e-10
9170.0 1.019561e-10
9180.0 1.037059e-10
9190.0 1.055685e-10
9200.0 1.075500e-10
9210.0 1.096204e-10
9220.0 1.117128e-10
9230.0 1.137379e-10
9240.0 1.156077e-10
9250.0 1.172605e-10
9260.0 1.186754e-10
9270.0 1.198693e-10
9280.0 1.208772e-10
9290.0 1.217283e-10
9300.0 1.224317e-10
9310.0 1.229798e-10
9320.0 1.233638e-10
9330.0 1.235875e-10
9340.0 1.236711e-10
9350.0 1.236444e-10
9360.0 1.235370e-10
9370.0 1.233711e-10
9380.0 1.231598e-10
9390.0 1.229090e-10
9400.0 1.226198e-10
9410.0 1.222907e-10
9420.0 1.219189e-10
9430.0 1.215010e-10
9440.0 1.210331e-10
9450.0 1.205110e-10
9460.0 1.199307e-10
9470.0 1.192884e-10
9480.0 1.185808e-10
9490.0 1.178055e-10
9500.0 1.169612e-10
9510.0 1.160483e-10
9520.0 1.150685e-10
9530.0 1.140257e-10
9540.0 1.129257e-10
9550.0 1.117762e-10
9560.0 1.105870e-10
9570.0 1.093694e-10
9580.0 1.081364e-10
9590.0 1.069020e-10
9600.0 1.056810e-10
9610.0 1.044886e-10
9620.0 1.033402e-10
9630.0 1.022504e-10
9640.0 1.012336e-10
9650.0 1.003028e-10
9660.0 9.946968e-11
9670.0 9.874459e-11
9680.0 9.813605e-11
9690.0 9.765082e-11
9700.0 9.729375e-11
9710.0 9.706782e-11
9720.0 9.697405e-11
9730.0 9.701162e-11
9740.0 9.717783e-11
9750.0 9.746822e-11
9760.0 9.787664e-11
9770.0 9.839533e-11
9780.0 9.901506e-11
9790.0 9.972530e-11
9800.0 1.005144e-10
9810.0 1.013697e-10
9820.0 1.022780e-10
9830.0 1.032259e-10
9840.0 1.041996e-10
9850.0 1.051860e-10
9860.0 1.061725e-10
9870.0 1.071475e-10
9880.0 1.081005e-10
9890.0 1.090224e-10
9900.0 1.099058e-10
9910.0 1.107444e-10
9920.0 1.115336e-10
9930.0 1.122699e-10
9940.0 1.129508e-10
9950.0 1.135745e-10
9960.0 1.141396e-10
9970.0 1.146448e-10
9980.0 1.150890e-10
9990.0 1.154708e-10
10000.0 1.157885e-10
10010.0 1.160406e-10
10020.0 1.162254e-10
10030.0 1.163418e-10
10040.0 1.163891e-10
10050.0 1.163675e-10
10060.0 1.162786e-10
10070.0 1.161256e-10
10080.0 1.159134e-10
10090.0 1.156485e-10
10100.0 1.153396e-10
10110.0 1.149971e-10
10120.0 1.146327e-10
10130.0 1.142597e-10
10140.0 1.138917e-10
10150.0 1.135428e-10
10160.0 1.132268e-10
10170.0 1.129565e-10
10180.0 1.127432e-10
10190.0 1.125964e-10
10200.0 1.125230e-10
10210.0 1.125274e-10
10220.0 1.126108e-10
10230.0 1.127716e-10
10240.0 1.130053e-10
10250.0 1.133044e-10
10260.0 1.136596e-10
10270.0 1.140594e-10
10280.0 1.144909e-10
10290.0 1.149408e-10
10300.0 1.153951e-10
10310.0 1.158404e-10
10320.0 1.162641e-10
10330.0 1.166543e-10
10340.0 1.170008e-10
10350.0 1.172946e-10
10360.0 1.175281e-10
10370.0 1.176951e-10
10380.0 1.177906e-10
10390.0 1.178107e-10
10400.0 1.177519e-10
10410.0 1.176114e-10
10420.0 1.173868e-10
10430.0 1.170758e-10
10440.0 1.166762e-10
10450.0 1.161858e-10
10460.0 1.156027e-10
10470.0 1.149250e-10
10480.0 1.141513e-10
10490.0 1.132807e-10
10500.0 1.123128e-10
10510.0 1.112483e-10
10520.0 1.100889e-10
10530.0 1.088376e-10
10540.0 1.074985e-10
10550.0 1.060773e-10
10560.0 1.045811e-10
10570.0 1.030182e-10
10580.0 1.013985e-10
10590.0 9.973272e-11
10600.0 9.803286e-11
10610.0 9.631149e-11
10620.0 9.458174e-11
10630.0 9.285699e-11
10640.0 9.115053e-11
10650.0 8.947534e-11
10660.0 8.784373e-11
10670.0 8.626714e-11
10680.0 8.475584e-11
10690.0 8.331874e-11
10700.0 8.196319e-11
10710.0 8.069486e-11
10720.0 7.951761e-11
10730.0 7.843350e-11
10740.0 7.744270e-11
10750.0 7.654362e-11
10760.0 7.573294e-11
10770.0 7.500576e-11
10780.0 7.435576e-11
10790.0 7.377538e-11
10800.0 7.325607e-11
10810.0 7.278850e-11
10820.0 7.236282e-11
10830.0 7.196892e-11
10840.0 7.159666e-11
10850.0 7.123614e-11
10860.0 7.087791e-11
10870.0 7.051316e-11
10880.0 7.013391e-11
10890.0 6.973318e-11
10900.0 6.930505e-11
10910.0 6.884475e-11
10920.0 6.834871e-11
10930.0 6.781453e-11
10940.0 6.724097e-11
10950.0 6.662782e-11
10960.0 6.597585e-11
10970.0 6.528664e-11
10980.0 6.456245e-11
10990.0 6.380605e-11
11000.0 6.302052e-11
11010.0 6.220915e-11
11020.0 6.137519e-11
11030.0 6.052176e-11
11040.0 5.965173e-11
11050.0 5.876756e-11
11060.0 5.787128e-11
11070.0 5.696441e-11
11080.0 5.604799e-11
11090.0 5.512253e-11
11100.0 5.418813e-11
11110.0 5.324449e-11
11120.0 5.229107e-11
11130.0 5.132712e-11
11140.0 5.035187e-11
11150.0 4.936462e-11
11160.0 4.836485e-11
11170.0 4.735237e-11
11180.0 4.632740e-11
11190.0 4.529063e-11
11200.0 4.424333e-11
11210.0 4.318732e-11
11220.0 4.212504e-11
11230.0 4.105948e-11
11240.0 3.999420e-11
11250.0 3.893316e-11
11260.0 3.788076e-11
11270.0 3.684164e-11
11280.0 3.582060e-11
11290.0 3.482246e-11
11300.0 3.385197e-11
11310.0 3.291365e-11
11320.0 3.201165e-11
11330.0 3.114970e-11
11340.0 3.033097e-11
11350.0 2.955802e-11
11360.0 2.883269e-11
11370.0 2.815612e-11
11380.0 2.752869e-11
11390.0 2.695002e-11
11400.0 2.641902e-11
11410.0 2.593387e-11
11420.0 2.549215e-11
11430.0 2.509084e-11
11440.0 2.472641e-11
11450.0 2.439494e-11
11460.0 2.409218e-11
11470.0 2.381365e-11
11480.0 2.355476e-11
11490.0 2.331086e-11
11500.0 2.307737e-11
11510.0 2.284987e-11
11520.0 2.262413e-11
11530.0 2.239623e-11
11540.0 2.216263e-11
11550.0 2.192017e-11
11560.0 2.166614e-11
11570.0 2.139834e-11
11580.0 2.111505e-11
11590.0 2.081507e-11
11600.0 2.049774e-11
11610.0 2.016288e-11
11620.0 1.981081e-11
11630.0 1.944231e-11
11640.0 1.905858e-11
11650.0 1.866122e-11
11660.0 1.825214e-11
11670.0 1.783355e-11
11680.0 1.740788e-11
11690.0 1.697774e-11
11700.0 1.654583e-11
11710.0 1.611489e-11
11720.0 1.568769e-11
11730.0 1.526690e-11
11740.0 1.485508e-11
11750.0 1.445465e-11
11760.0 1.406780e-11
11770.0 1.369652e-11
11780.0 1.334250e-11
11790.0 1.300717e-11
11800.0 1.269167e-11
11810.0 1.239681e-11
11820.0 1.212313e-11
11830.0 1.187085e-11
11840.0 1.163991e-11
11850.0 1.142995e-11
11860.0 1.124040e-11
11870.0 1.107042e-11
11880.0 1.091897e-11
11890.0 1.078483e-11
11900.0 1.066663e-11
11910.0 1.056285e-11
11920.0 1.047189e-11
11930.0 1.039208e-11
11940.0 1.032169e-11
11950.0 1.025901e-11
11960.0 1.020231e-11
11970.0 1.014992e-11
11980.0 1.010023e-11
11990.0 1.005173e-11
12000.0 1.000301e-11
12010.0 9.952814e-12
12020.0 9.900016e-12
12030.0 9.843677e-12
12040.0 9.783037e-12
12050.0 9.717531e-12
12060.0 9.646796e-12
12070.0 9.570678e-12
12080.0 9.489231e-12
12090.0 9.402716e-12
12100.0 9.311596e-12
12110.0 9.216525e-12
12120.0 9.118339e-12
12130.0 9.018040e-12
12140.0 8.916775e-12
12150.0 8.815821e-12
12160.0 8.716562e-12
12170.0 8.620463e-12
12180.0 8.529047e-12
12190.0 8.443869e-12
12200.0 8.366493e-12
12210.0 8.298462e-12
12220.0 8.241277e-12
12230.0 8.196374e-12
12240.0 8.165097e-12
12250.0 8.148683e-12
12260.0 8.148240e-12
12270.0 8.164734e-12
12280.0 8.198970e-12
12290.0 8.251588e-12
12300.0 8.323052e-12
12310.0 8.413641e-12
12320.0 8.523456e-12
12330.0 8.652410e-12
12340.0 8.800242e-12
12350.0 8.966514e-12
12360.0 9.150624e-12
12370.0 9.351817e-12
12380.0 9.569193e-12
12390.0 9.801725e-12
12400.0 1.004827e-11
12410.0 1.030760e-11
12420.0 1.057837e-11
12430.0 1.085920e-11
12440.0 1.114864e-11
12450.0 1.144519e-11
12460.0 1.174735e-11
12470.0 1.205357e-11
12480.0 1.236230e-11
12490.0 1.267199e-11
12500.0 1.298110e-11
12510.0 1.328809e-11
12520.0 1.359143e-11
12530.0 1.388963e-11
12540.0 1.418119e-11
12550.0 1.446465e-11
12560.0 1.473858e-11
12570.0 1.500158e-11
12580.0 1.525228e-11
12590.0 1.548936e-11
12600.0 1.571156e-11
12610.0 1.591769e-11
12620.0 1.610661e-11
12630.0 1.627729e-11
12640.0 1.642880e-11
12650.0 1.656031e-11
12660.0 1.667113e-11
12670.0 1.676071e-11
12680.0 1.682864e-11
12690.0 1.687468e-11
12700.0 1.689875e-11
12710.0 1.690094e-11
12720.0 1.688149e-11
12730.0 1.684085e-11
12740.0 1.677958e-11
12750.0 1.669843e-11
12760.0 1.659827e-11
12770.0 1.648007e-11
12780.0 1.634495e-11
12790.0 1.619408e-11
12800.0 1.602871e-11
12810.0 1.585011e-11
12820.0 1.565959e-11
12830.0 1.545847e-11
12840.0 1.524801e-11
12850.0 1.502949e-11
12860.0 1.480409e-11
12870.0 1.457294e-11
12880.0 1.433712e-11
12890.0 1.409759e-11
12900.0 1.385525e-11
12910.0 1.361090e-11
12920.0 1.336524e-11
12930.0 1.311890e-11
12940.0 1.287242e-11
12950.0 1.262626e-11
12960.0 1.238081e-11
12970.0 1.213641e-11
12980.0 1.189331e-11
12990.0 1.165174e-11
13000.0 1.141190e-11
13010.0 1.117393e-11
13020.0 1.093798e-11
13030.0 1.070415e-11
13040.0 1.047257e-11
13050.0 1.024335e-11
13060.0 1.001659e-11
13070.0 9.792437e-12
13080.0 9.571021e-12
13090.0 9.352506e-12
13100.0 9.137075e-12
13110.0 8.924935e-12
13120.0 8.716321e-12
13130.0 8.511498e-12
13140.0 8.310760e-12
13150.0 8.114433e-12
13160.0 7.922875e-12
13170.0 7.736477e-12
13180.0 7.555659e-12
13190.0 7.380875e-12
13200.0 7.212609e-12
13210.0 7.051372e-12
13220.0 6.897705e-12
13230.0 6.752173e-12
13240.0 6.615363e-12
13250.0 6.487880e-12
13260.0 6.370345e-12
13270.0 6.263389e-12
13280.0 6.167646e-12
13290.0 6.083746e-12
13300.0 6.012311e-12
13310.0 5.953941e-12
13320.0 5.909204e-12
13330.0 5.878629e-12
13340.0 5.862691e-12
13350.0 5.861798e-12
13360.0 5.876276e-12
13370.0 5.906361e-12
13380.0 5.952182e-12
13390.0 6.013749e-12
13400.0 6.090944e-12
13410.0 6.183509e-12
13420.0 6.291042e-12
13430.0 6.412992e-12
13440.0 6.548659e-12
13450.0 6.697193e-12
13460.0 6.857604e-12
13470.0 7.028771e-12
13480.0 7.209451e-12
13490.0 7.398302e-12
13500.0 7.593895e-12
13510.0 7.794741e-12
13520.0 7.999312e-12
13530.0 8.206062e-12
13540.0 8.413456e-12
13550.0 8.619991e-12
13560.0 8.824217e-12
13570.0 9.024757e-12
13580.0 9.220329e-12
13590.0 9.409754e-12
13600.0 9.591971e-12
13610.0 9.766042e-12
13620.0 9.931158e-12
13630.0 1.008664e-11
13640.0 1.023193e-11
13650.0 1.036661e-11
13660.0 1.049034e-11
13670.0 1.060292e-11
13680.0 1.070423e-11
13690.0 1.079424e-11
13700.0 1.087298e-11
13710.0 1.094054e-11
13720.0 1.099710e-11
13730.0 1.104284e-11
13740.0 1.107799e-11
13750.0 1.110282e-11
13760.0 1.111761e-11
13770.0 1.112266e-11
13780.0 1.111828e-11
13790.0 1.110481e-11
13800.0 1.108258e-11
13810.0 1.105194e-11
13820.0 1.101324e-11
13830.0 1.096685e-11
13840.0 1.091313e-11
13850.0 1.085244e-11
13860.0 1.078518e-11
13870.0 1.071171e-11
13880.0 1.063241e-11
13890.0 1.054768e-11
13900.0 1.045788e-11
13910.0 1.036341e-11
13920.0 1.026463e-11
13930.0 1.016194e-11
13940.0 1.005569e-11
13950.0 9.946263e-12
13960.0 9.834024e-12
13970.0 9.719337e-12
13980.0 9.602564e-12
13990.0 9.484066e-12
14000.0 9.364205e-12
14010.0 9.243346e-12
14020.0 9.121857e-12
14030.0 9.000114e-12
14040.0 8.878501e-12
14050.0 8.757412e-12
14060.0 8.637255e-12
14070.0 8.518448e-12
14080.0 8.401427e-12
14090.0 8.286641e-12
14100.0 8.174551e-12
14110.0 8.065633e-12
14120.0 7.960370e-12
14130.0 7.859254e-12
14140.0 7.762780e-12
14150.0 7.671441e-12
14160.0 7.585722e-12
14170.0 7.506095e-12
14180.0 7.433016e-12
14190.0 7.366912e-12
14200.0 7.308182e-12
14210.0 7.257184e-12
14220.0 7.214235e-12
14230.0 7.179605e-12
14240.0 7.153511e-12
14250.0 7.136113e-12
14260.0 7.127516e-12
14270.0 7.127765e-12
14280.0 7.136845e-12
14290.0 7.154683e-12
14300.0 7.181149e-12
14310.0 7.216058e-12
14320.0 7.259173e-12
14330.0 7.310210e-12
14340.0 7.368839e-12
14350.0 7.434691e-12
14360.0 7.507360e-12
14370.0 7.586411e-12
14380.0 7.671379e-12
14390.0 7.761776e-12
14400.0 7.857097e-12
14410.0 7.956820e-12
14420.0 8.060411e-12
14430.0 8.167329e-12
14440.0 8.277027e-12
14450.0 8.388959e-12
14460.0 8.502582e-12
14470.0 8.617359e-12
14480.0 8.732766e-12
14490.0 8.848297e-12
14500.0 8.963465e-12
14510.0 9.077812e-12
14520.0 9.190914e-12
14530.0 9.302384e-12
14540.0 9.411881e-12
14550.0 9.519116e-12
14560.0 9.623855e-12
14570.0 9.725926e-12
14580.0 9.825225e-12
14590.0 9.921716e-12
14600.0 1.001544e-11
14610.0 1.010651e-11
14620.0 1.019511e-11
14630.0 1.028151e-11
14640.0 1.036604e-11
14650.0 1.044912e-11
14660.0 1.053121e-11
14670.0 1.061284e-11
14680.0 1.069461e-11
14690.0 1.077713e-11
14700.0 1.086107e-11
14710.0 1.094712e-11
14720.0 1.103598e-11
14730.0 1.112836e-11
14740.0 1.122496e-11
14750.0 1.132649e-11
14760.0 1.143359e-11
14770.0 1.154690e-11
14780.0 1.166700e-11
14790.0 1.179443e-11
14800.0 1.192964e-11
14810.0 1.207306e-11
14820.0 1.222499e-11
14830.0 1.238570e-11
14840.0 1.255533e-11
14850.0 1.273396e-11
14860.0 1.292156e-11
14870.0 1.311802e-11
14880.0 1.332310e-11
14890.0 1.353650e-11
14900.0 1.375777e-11
14910.0 1.398641e-11
14920.0 1.422177e-11
14930.0 1.446313e-11
14940.0 1.470966e-11
14950.0 1.496044e-11
14960.0 1.521446e-11
14970.0 1.547063e-11
14980.0 1.572779e-11
14990.0 1.598470e-11
15000.0 1.624008e-11
15010.0 1.649261e-11
15020.0 1.674095e-11
15030.0 1.698373e-11
15040.0 1.721961e-11
15050.0 1.744724e-11
15060.0 1.766536e-11
15070.0 1.787273e-11
15080.0 1.806820e-11
15090.0 1.825073e-11
15100.0 1.841937e-11
15110.0 1.857329e-11
15120.0 1.871183e-11
15130.0 1.883445e-11
15140.0 1.894077e-11
15150.0 1.903057e-11
15160.0 1.910380e-11
15170.0 1.916055e-11
15180.0 1.920110e-11
15190.0 1.922585e-11
15200.0 1.923536e-11
15210.0 1.923030e-11
15220.0 1.921147e-11
15230.0 1.917977e-11
15240.0 1.913619e-11
15250.0 1.908178e-11
15260.0 1.901765e-11
15270.0 1.894495e-11
15280.0 1.886483e-11
15290.0 1.877849e-11
15300.0 1.868707e-11
15310.0 1.859173e-11
15320.0 1.849357e-11
15330.0 1.839367e-11
15340.0 1.829304e-11
15350.0 1.819267e-11
15360.0 1.809343e-11
15370.0 1.799618e-11
15380.0 1.790168e-11
15390.0 1.781062e-11
15400.0 1.772363e-11
15410.0 1.764125e-11
15420.0 1.756396e-11
15430.0 1.749216e-11
15440.0 1.742618e-11
15450.0 1.736626e-11
15460.0 1.731260e-11
15470.0 1.726530e-11
15480.0 1.722441e-11
15490.0 1.718991e-11
15500.0 1.716171e-11
15510.0 1.713966e-11
15520.0 1.712356e-11
15530.0 1.711315e-11
15540.0 1.710814e-11
15550.0 1.710815e-11
15560.0 1.711282e-11
15570.0 1.712173e-11
15580.0 1.713443e-11
15590.0 1.715048e-11
15600.0 1.716942e-11
15610.0 1.719079e-11
15620.0 1.721415e-11
15630.0 1.723906e-11
15640.0 1.726513e-11
15650.0 1.729198e-11
15660.0 1.731928e-11
15670.0 1.734674e-11
15680.0 1.737412e-11
15690.0 1.740122e-11
15700.0 1.742791e-11
15710.0 1.745410e-11
15720.0 1.747976e-11
15730.0 1.750489e-11
15740.0 1.752956e-11
15750.0 1.755386e-11
15760.0 1.757793e-11
15770.0 1.760194e-11
15780.0 1.762608e-11
15790.0 1.765055e-11
15800.0 1.767559e-11
15810.0 1.770141e-11
15820.0 1.772824e-11
15830.0 1.775628e-11
15840.0 1.778573e-11
15850.0 1.781676e-11
15860.0 1.784953e-11
15870.0 1.788415e-11
15880.0 1.792071e-11
15890.0 1.795927e-11
15900.0 1.799983e-11
15910.0 1.804238e-11
15920.0 1.808685e-11
15930.0 1.813316e-11
15940.0 1.818118e-11
15950.0 1.823076e-11
15960.0 1.828171e-11
15970.0 1.833384e-11
15980.0 1.838692e-11
15990.0 1.844074e-11
16000.0 1.849506e-11
16010.0 1.854964e-11
16020.0 1.860426e-11
16030.0 1.865869e-11
16040.0 1.871275e-11
16050.0 1.876624e-11
16060.0 1.881902e-11
16070.0 1.887095e-11
16080.0 1.892193e-11
16090.0 1.897189e-11
16100.0 1.902082e-11
16110.0 1.906869e-11
16120.0 1.911555e-11
16130.0 1.916145e-11
16140.0 1.920648e-11
16150.0 1.925074e-11
16160.0 1.929437e-11
16170.0 1.933751e-11
16180.0 1.938031e-11
16190.0 1.942292e-11
16200.0 1.946549e-11
16210.0 1.950817e-11
16220.0 1.955108e-11
16230.0 1.959433e-11
16240.0 1.963801e-11
16250.0 1.968218e-11
16260.0 1.972688e-11
16270.0 1.977211e-11
16280.0 1.981785e-11
16290.0 1.986403e-11
16300.0 1.991057e-11
16310.0 1.995738e-11
16320.0 2.000431e-11
16330.0 2.005123e-11
16340.0 2.009797e-11
16350.0 2.014437e-11
16360.0 2.019027e-11
16370.0 2.023550e-11
16380.0 2.027991e-11
16390.0 2.032337e-11
16400.0 2.036574e-11
16410.0 2.040692e-11
16420.0 2.044683e-11
16430.0 2.048540e-11
16440.0 2.052259e-11
16450.0 2.055836e-11
16460.0 2.059270e-11
16470.0 2.062561e-11
16480.0 2.065708e-11
16490.0 2.068711e-11
16500.0 2.071569e-11
16510.0 2.074279e-11
16520.0 2.076836e-11
16530.0 2.079234e-11
16540.0 2.081462e-11
16550.0 2.083506e-11
16560.0 2.085348e-11
16570.0 2.086965e-11
16580.0 2.088332e-11
16590.0 2.089417e-11
16600.0 2.090186e-11
16610.0 2.090601e-11
16620.0 2.090618e-11
16630.0 2.090195e-11
16640.0 2.089284e-11
16650.0 2.087837e-11
16660.0 2.085807e-11
16670.0 2.083145e-11
16680.0 2.079806e-11
16690.0 2.075747e-11
16700.0 2.070926e-11
16710.0 2.065309e-11
16720.0 2.058865e-11
16730.0 2.051571e-11
16740.0 2.043408e-11
16750.0 2.034367e-11
16760.0 2.024445e-11
16770.0 2.013650e-11
16780.0 2.001995e-11
16790.0 1.989506e-11
16800.0 1.976214e-11
16810.0 1.962160e-11
16820.0 1.947393e-11
16830.0 1.931970e-11
16840.0 1.915954e-11
16850.0 1.899416e-11
16860.0 1.882433e-11
16870.0 1.865085e-11
16880.0 1.847456e-11
16890.0 1.829635e-11
16900.0 1.811712e-11
16910.0 1.793776e-11
16920.0 1.775917e-11
16930.0 1.758224e-11
16940.0 1.740783e-11
16950.0 1.723676e-11
16960.0 1.706982e-11
16970.0 1.690771e-11
16980.0 1.675112e-11
16990.0 1.660062e-11
17000.0 1.645674e-11
17010.0 1.631990e-11
17020.0 1.619046e-11
17030.0 1.606868e-11
17040.0 1.595473e-11
17050.0 1.584870e-11
17060.0 1.575059e-11
17070.0 1.566032e-11
17080.0 1.557774e-11
17090.0 1.550261e-11
17100.0 1.543465e-11
17110.0 1.537350e-11
17120.0 1.531877e-11
17130.0 1.527002e-11
17140.0 1.522680e-11
17150.0 1.518861e-11
17160.0 1.515497e-11
17170.0 1.512539e-11
17180.0 1.509939e-11
17190.0 1.507652e-11
17200.0 1.505634e-11
17210.0 1.503846e-11
17220.0 1.502251e-11
17230.0 1.500820e-11
17240.0 1.499526e-11
17250.0 1.498348e-11
17260.0 1.497271e-11
17270.0 1.496283e-11
17280.0 1.495380e-11
17290.0 1.494562e-11
17300.0 1.493832e-11
17310.0 1.493200e-11
17320.0 1.492677e-11
17330.0 1.492280e-11
17340.0 1.492027e-11
17350.0 1.491937e-11
17360.0 1.492034e-11
17370.0 1.492338e-11
17380.0 1.492874e-11
17390.0 1.493664e-11
17400.0 1.494728e-11
17410.0 1.496088e-11
17420.0 1.497762e-11
17430.0 1.499766e-11
17440.0 1.502113e-11
17450.0 1.504814e-11
17460.0 1.507875e-11
17470.0 1.511302e-11
17480.0 1.515094e-11
17490.0 1.519248e-11
17500.0 1.523757e-11
17510.0 1.528611e-11
17520.0 1.533794e-11
17530.0 1.539291e-11
17540.0 1.545078e-11
17550.0 1.551133e-11
17560.0 1.557427e-11
17570.0 1.563931e-11
17580.0 1.570610e-11
17590.0 1.577431e-11
17600.0 1.584355e-11
17610.0 1.591344e-11
17620.0 1.598358e-11
17630.0 1.605355e-11
17640.0 1.612293e-11
17650.0 1.619131e-11
17660.0 1.625826e-11
17670.0 1.632336e-11
17680.0 1.638621e-11
17690.0 1.644640e-11
17700.0 1.650355e-11
17710.0 1.655729e-11
17720.0 1.660728e-11
17730.0 1.665317e-11
17740.0 1.669467e-11
17750.0 1.673148e-11
17760.0 1.676335e-11
17770.0 1.679005e-11
17780.0 1.681137e-11
17790.0 1.682711e-11
17800.0 1.683714e-11
17810.0 1.684131e-11
17820.0 1.683953e-11
17830.0 1.683170e-11
17840.0 1.681778e-11
17850.0 1.679774e-11
17860.0 1.677156e-11
17870.0 1.673925e-11
17880.0 1.670086e-11
17890.0 1.665644e-11
17900.0 1.660607e-11
17910.0 1.654986e-11
17920.0 1.648792e-11
17930.0 1.642040e-11
17940.0 1.634747e-11
17950.0 1.626931e-11
17960.0 1.618613e-11
17970.0 1.609817e-11
17980.0 1.600566e-11
17990.0 1.590889e-11
18000.0 1.580812e-11
18010.0 1.570367e-11
18020.0 1.559584e-11
18030.0 1.548497e-11
18040.0 1.537139e-11
18050.0 1.525545e-11
18060.0 1.513749e-11
18070.0 1.501785e-11
18080.0 1.489689e-11
18090.0 1.477494e-11
18100.0 1.465231e-11
18110.0 1.452932e-11
18120.0 1.440626e-11
18130.0 1.428339e-11
18140.0 1.416096e-11
18150.0 1.403919e-11
18160.0 1.391825e-11
18170.0 1.379831e-11
18180.0 1.367950e-11
18190.0 1.356191e-11
18200.0 1.344561e-11
18210.0 1.333063e-11
18220.0 1.321700e-11
18230.0 1.310471e-11
18240.0 1.299373e-11
18250.0 1.288401e-11
18260.0 1.277551e-11
18270.0 1.266817e-11
18280.0 1.256193e-11
18290.0 1.245672e-11
18300.0 1.235250e-11
18310.0 1.224921e-11
18320.0 1.214683e-11
18330.0 1.204531e-11
18340.0 1.194467e-11
18350.0 1.184489e-11
18360.0 1.174601e-11
18370.0 1.164804e-11
18380.0 1.155103e-11
18390.0 1.145503e-11
18400.0 1.136010e-11
18410.0 1.126628e-11
18420.0 1.117362e-11
18430.0 1.108218e-11
18440.0 1.099200e-11
18450.0 1.090309e-11
18460.0 1.081546e-11
18470.0 1.072912e-11
18480.0 1.064404e-11
18490.0 1.056019e-11
18500.0 1.047750e-11
18510.0 1.039591e-11
18520.0 1.031535e-11
18530.0 1.023573e-11
18540.0 1.015696e-11
18550.0 1.007895e-11
18560.0 1.000163e-11
18570.0 9.924919e-12
18580.0 9.848772e-12
18590.0 9.773154e-12
18600.0 9.698058e-12
18610.0 9.623500e-12
18620.0 9.549528e-12
18630.0 9.476218e-12
18640.0 9.403674e-12
18650.0 9.332029e-12
18660.0 9.261439e-12
18670.0 9.192082e-12
18680.0 9.124152e-12
18690.0 9.057853e-12
18700.0 8.993392e-12
18710.0 8.930976e-12
18720.0 8.870800e-12
18730.0 8.813046e-12
18740.0 8.757870e-12
18750.0 8.705402e-12
18760.0 8.655739e-12
18770.0 8.608937e-12
18780.0 8.565013e-12
18790.0 8.523939e-12
18800.0 8.485644e-12
18810.0 8.450011e-12
18820.0 8.416880e-12
18830.0 8.386051e-12
18840.0 8.357285e-12
18850.0 8.330312e-12
18860.0 8.304833e-12
18870.0 8.280529e-12
18880.0 8.257065e-12
18890.0 8.234095e-12
18900.0 8.211274e-12
18910.0 8.188259e-12
18920.0 8.164719e-12
18930.0 8.140341e-12
18940.0 8.114833e-12
18950.0 8.087931e-12
18960.0 8.059406e-12
18970.0 8.029062e-12
18980.0 7.996742e-12
18990.0 7.962333e-12
19000.0 7.925761e-12
19010.0 7.886999e-12
19020.0 7.846061e-12
19030.0 7.803005e-12
19040.0 7.757930e-12
19050.0 7.710974e-12
19060.0 7.662314e-12
19070.0 7.612160e-12
19080.0 7.560754e-12
19090.0 7.508365e-12
19100.0 7.455288e-12
19110.0 7.401836e-12
19120.0 7.348340e-12
19130.0 7.295144e-12
19140.0 7.242598e-12
19150.0 7.191057e-12
19160.0 7.140879e-12
19170.0 7.092414e-12
19180.0 7.046010e-12
19190.0 7.001999e-12
19200.0 6.960703e-12
19210.0 6.922425e-12
19220.0 6.887449e-12
19230.0 6.856034e-12
19240.0 6.828416e-12
19250.0 6.804801e-12
19260.0 6.785367e-12
19270.0 6.770259e-12
19280.0 6.759591e-12
19290.0 6.753441e-12
19300.0 6.751853e-12
19310.0 6.754832e-12
19320.0 6.762350e-12
19330.0 6.774342e-12
19340.0 6.790704e-12
19350.0 6.811300e-12
19360.0 6.835956e-12
19370.0 6.864466e-12
19380.0 6.896592e-12
19390.0 6.932065e-12
19400.0 6.970589e-12
19410.0 7.011843e-12
19420.0 7.055483e-12
19430.0 7.101147e-12
19440.0 7.148458e-12
19450.0 7.197025e-12
19460.0 7.246454e-12
19470.0 7.296344e-12
19480.0 7.346297e-12
19490.0 7.395921e-12
19500.0 7.444832e-12
19510.0 7.492661e-12
19520.0 7.539057e-12
19530.0 7.583691e-12
19540.0 7.626261e-12
19550.0 7.666489e-12
19560.0 7.704134e-12
19570.0 7.738984e-12
19580.0 7.770865e-12
19590.0 7.799637e-12
19600.0 7.825200e-12
19610.0 7.847488e-12
19620.0 7.866473e-12
19630.0 7.882160e-12
19640.0 7.894589e-12
19650.0 7.903831e-12
19660.0 7.909984e-12
19670.0 7.913172e-12
19680.0 7.913539e-12
19690.0 7.911247e-12
19700.0 7.906473e-12
19710.0 7.899401e-12
19720.0 7.890220e-12
19730.0 7.879122e-12
19740.0 7.866294e-12
19750.0 7.851917e-12
19760.0 7.836161e-12
19770.0 7.819179e-12
19780.0 7.801113e-12
19790.0 7.782080e-12
19800.0 7.762179e-12
19810.0 7.741484e-12
19820.0 7.720048e-12
19830.0 7.697895e-12
19840.0 7.675030e-12
19850.0 7.651431e-12
19860.0 7.627054e-12
19870.0 7.601834e-12
19880.0 7.575687e-12
19890.0 7.548511e-12
19900.0 7.520190e-12
19910.0 7.490597e-12
19920.0 7.459595e-12
19930.0 7.427043e-12
19940.0 7.392796e-12
19950.0 7.356711e-12
19960.0 7.318648e-12
19970.0 7.278475e-12
19980.0 7.236070e-12
19990.0 7.191324e-12
20000.0 7.144143e-12
20010.0 7.094450e-12
20020.0 7.042189e-12
20030.0 6.987324e-12
20040.0 6.929842e-12
20050.0 6.869755e-12
20060.0 6.807098e-12
20070.0 6.741930e-12
20080.0 6.674337e-12
20090.0 6.604427e-12
20100.0 6.532334e-12
20110.0 6.458213e-12
20120.0 6.382241e-12
20130.0 6.304616e-12
20140.0 6.225552e-12
20150.0 6.145282e-12
20160.0 6.064052e-12
20170.0 5.982120e-12
20180.0 5.899753e-12
20190.0 5.817227e-12
20200.0 5.734819e-12
20210.0 5.652811e-12
20220.0 5.571483e-12
20230.0 5.491111e-12
20240.0 5.411966e-12
20250.0 5.334311e-12
20260.0 5.258397e-12
20270.0 5.184465e-12
20280.0 5.112739e-12
20290.0 5.043426e-12
20300.0 4.976719e-12
20310.0 4.912789e-12
20320.0 4.851786e-12
20330.0 4.793841e-12
20340.0 4.739064e-12
20350.0 4.687543e-12
20360.0 4.639342e-12
20370.0 4.594507e-12
20380.0 4.553062e-12
20390.0 4.515011e-12
20400.0 4.480339e-12
20410.0 4.449014e-12
20420.0 4.420985e-12
20430.0 4.396189e-12
20440.0 4.374549e-12
20450.0 4.355974e-12
20460.0 4.340366e-12
20470.0 4.327616e-12
20480.0 4.317610e-12
20490.0 4.310227e-12
20500.0 4.305346e-12
20510.0 4.302842e-12
20520.0 4.302589e-12
20530.0 4.304462e-12
20540.0 4.308341e-12
20550.0 4.314106e-12
20560.0 4.321641e-12
20570.0 4.330837e-12
20580.0 4.341589e-12
20590.0 4.353797e-12
20600.0 4.367369e-12
20610.0 4.382218e-12
20620.0 4.398263e-12
20630.0 4.415430e-12
20640.0 4.433651e-12
20650.0 4.452863e-12
20660.0 4.473009e-12
20670.0 4.494039e-12
20680.0 4.515903e-12
20690.0 4.538561e-12
20700.0 4.561972e-12
20710.0 4.586102e-12
20720.0 4.610918e-12
20730.0 4.636390e-12
20740.0 4.662492e-12
20750.0 4.689197e-12
20760.0 4.716483e-12
20770.0 4.744328e-12
20780.0 4.772710e-12
20790.0 4.801611e-12
20800.0 4.831011e-12
20810.0 4.860894e-12
20820.0 4.891242e-12
20830.0 4.922039e-12
20840.0 4.953271e-12
20850.0 4.984922e-12
20860.0 5.016979e-12
20870.0 5.049429e-12
20880.0 5.082258e-12
20890.0 5.115455e-12
20900.0 5.149009e-12
20910.0 5.182907e-12
20920.0 5.217139e-12
20930.0 5.251694e-12
20940.0 5.286560e-12
20950.0 5.321726e-12
20960.0 5.357180e-12
20970.0 5.392908e-12
20980.0 5.428896e-12
20990.0 5.465129e-12
21000.0 5.501587e-12
21010.0 5.538251e-12
21020.0 5.575097e-12
21030.0 5.612099e-12
21040.0 5.649226e-12
21050.0 5.686443e-12
21060.0 5.723712e-12
21070.0 5.760987e-12
21080.0 5.798219e-12
21090.0 5.835352e-12
21100.0 5.872322e-12
21110.0 5.909062e-12
21120.0 5.945495e-12
21130.0 5.981537e-12
21140.0 6.017099e-12
21150.0 6.052082e-12
21160.0 6.086380e-12
21170.0 6.119881e-12
21180.0 6.152466e-12
21190.0 6.184008e-12
21200.0 6.214375e-12
21210.0 6.243427e-12
21220.0 6.271022e-12
21230.0 6.297012e-12
21240.0 6.321244e-12
21250.0 6.343564e-12
21260.0 6.363818e-12
21270.0 6.381847e-12
21280.0 6.397497e-12
21290.0 6.410613e-12
21300.0 6.421046e-12
21310.0 6.428649e-12
21320.0 6.433283e-12
21330.0 6.434816e-12
21340.0 6.433125e-12
21350.0 6.428097e-12
21360.0 6.419634e-12
21370.0 6.407648e-12
21380.0 6.392068e-12
21390.0 6.372841e-12
21400.0 6.349930e-12
21410.0 6.323317e-12
21420.0 6.293007e-12
21430.0 6.259025e-12
21440.0 6.221416e-12
21450.0 6.180254e-12
21460.0 6.135631e-12
21470.0 6.087666e-12
21480.0 6.036502e-12
21490.0 5.982306e-12
21500.0 5.925268e-12
21510.0 5.865603e-12
21520.0 5.803545e-12
21530.0 5.739351e-12
21540.0 5.673299e-12
21550.0 5.605683e-12
21560.0 5.536814e-12
21570.0 5.467016e-12
21580.0 5.396626e-12
21590.0 5.325988e-12
21600.0 5.255454e-12
21610.0 5.185379e-12
21620.0 5.116119e-12
21630.0 5.048026e-12
21640.0 4.981449e-12
21650.0 4.916728e-12
21660.0 4.854191e-12
21670.0 4.794154e-12
21680.0 4.736915e-12
21690.0 4.682757e-12
21700.0 4.631938e-12
21710.0 4.584697e-12
21720.0 4.541247e-12
21730.0 4.501776e-12
21740.0 4.466445e-12
21750.0 4.435390e-12
21760.0 4.408718e-12
21770.0 4.386507e-12
21780.0 4.368810e-12
21790.0 4.355652e-12
21800.0 4.347031e-12
21810.0 4.342920e-12
21820.0 4.343270e-12
21830.0 4.348004e-12
21840.0 4.357030e-12
21850.0 4.370232e-12
21860.0 4.387478e-12
21870.0 4.408620e-12
21880.0 4.433494e-12
21890.0 4.461927e-12
21900.0 4.493734e-12
21910.0 4.528721e-12
21920.0 4.566690e-12
21930.0 4.607436e-12
21940.0 4.650752e-12
21950.0 4.696430e-12
21960.0 4.744263e-12
21970.0 4.794043e-12
21980.0 4.845566e-12
21990.0 4.898633e-12
22000.0 4.953049e-12
22010.0 5.008624e-12
22020.0 5.065176e-12
22030.0 5.122528e-12
22040.0 5.180511e-12
22050.0 5.238965e-12
22060.0 5.297735e-12
22070.0 5.356675e-12
22080.0 5.415648e-12
22090.0 5.474522e-12
22100.0 5.533173e-12
22110.0 5.591487e-12
22120.0 5.649351e-12
22130.0 5.706663e-12
22140.0 5.763325e-12
22150.0 5.819242e-12
22160.0 5.874328e-12
22170.0 5.928497e-12
22180.0 5.981669e-12
22190.0 6.033767e-12
22200.0 6.084715e-12
22210.0 6.134441e-12
22220.0 6.182872e-12
22230.0 6.229938e-12
22240.0 6.275570e-12
22250.0 6.319697e-12
22260.0 6.362249e-12
22270.0 6.403157e-12
22280.0 6.442349e-12
22290.0 6.479752e-12
22300.0 6.515295e-12
22310.0 6.548902e-12
22320.0 6.580499e-12
22330.0 6.610007e-12
22340.0 6.637349e-12
22350.0 6.662446e-12
22360.0 6.685217e-12
22370.0 6.705583e-12
22380.0 6.723462e-12
22390.0 6.738773e-12
22400.0 6.751437e-12
22410.0 6.761373e-12
22420.0 6.768504e-12
22430.0 6.772754e-12
22440.0 6.774051e-12
22450.0 6.772324e-12
22460.0 6.767510e-12
22470.0 6.759545e-12
22480.0 6.748376e-12
22490.0 6.733953e-12
22500.0 6.716234e-12
22510.0 6.695184e-12
22520.0 6.670775e-12
22530.0 6.642990e-12
22540.0 6.611819e-12
22550.0 6.577262e-12
22560.0 6.539331e-12
22570.0 6.498046e-12
22580.0 6.453439e-12
22590.0 6.405553e-12
22600.0 6.354441e-12
22610.0 6.300168e-12
22620.0 6.242809e-12
22630.0 6.182453e-12
22640.0 6.119197e-12
22650.0 6.053149e-12
22660.0 5.984429e-12
22670.0 5.913166e-12
22680.0 5.839498e-12
22690.0 5.763574e-12
22700.0 5.685551e-12
22710.0 5.605593e-12
22720.0 5.523875e-12
22730.0 5.440576e-12
22740.0 5.355883e-12
22750.0 5.269990e-12
22760.0 5.183094e-12
22770.0 5.095399e-12
22780.0 5.007113e-12
22790.0 4.918446e-12
22800.0 4.829612e-12
22810.0 4.740827e-12
22820.0 4.652310e-12
22830.0 4.564279e-12
22840.0 4.476953e-12
22850.0 4.390550e-12
22860.0 4.305289e-12
22870.0 4.221384e-12
22880.0 4.139051e-12
22890.0 4.058498e-12
22900.0 3.979933e-12
22910.0 3.903557e-12
22920.0 3.829568e-12
22930.0 3.758156e-12
22940.0 3.689506e-12
22950.0 3.623793e-12
22960.0 3.561187e-12
22970.0 3.501848e-12
22980.0 3.445925e-12
22990.0 3.393558e-12
23000.0 3.344878e-12
23010.0 3.300000e-12
23020.0 3.259031e-12
23030.0 3.222063e-12
23040.0 3.189176e-12
23050.0 3.160435e-12
23060.0 3.135892e-12
23070.0 3.115585e-12
23080.0 3.099534e-12
23090.0 3.087749e-12
23100.0 3.080220e-12
23110.0 3.076925e-12
23120.0 3.077826e-12
23130.0 3.082869e-12
23140.0 3.091987e-12
23150.0 3.105095e-12
23160.0 3.122097e-12
23170.0 3.142882e-12
23180.0 3.167324e-12
23190.0 3.195287e-12
23200.0 3.226620e-12
23210.0 3.261163e-12
23220.0 3.298744e-12
23230.0 3.339181e-12
23240.0 3.382284e-12
23250.0 3.427854e-12
23260.0 3.475685e-12
23270.0 3.525566e-12
23280.0 3.577279e-12
23290.0 3.630604e-12
23300.0 3.685317e-12
23310.0 3.741193e-12
23320.0 3.798003e-12
23330.0 3.855521e-12
23340.0 3.913520e-12
23350.0 3.971777e-12
23360.0 4.030070e-12
23370.0 4.088179e-12
23380.0 4.145891e-12
23390.0 4.202997e-12
23400.0 4.259293e-12
23410.0 4.314582e-12
23420.0 4.368672e-12
23430.0 4.421382e-12
23440.0 4.472534e-12
23450.0 4.521962e-12
23460.0 4.569506e-12
23470.0 4.615014e-12
23480.0 4.658346e-12
23490.0 4.699369e-12
23500.0 4.737957e-12
23510.0 4.773998e-12
23520.0 4.807386e-12
23530.0 4.838024e-12
23540.0 4.865826e-12
23550.0 4.890716e-12
23560.0 4.912624e-12
23570.0 4.931492e-12
23580.0 4.947272e-12
23590.0 4.959923e-12
23600.0 4.969415e-12
23610.0 4.975728e-12
23620.0 4.978849e-12
23630.0 4.978777e-12
23640.0 4.975520e-12
23650.0 4.969098e-12
23660.0 4.959539e-12
23670.0 4.946882e-12
23680.0 4.931179e-12
23690.0 4.912493e-12
23700.0 4.890898e-12
23710.0 4.866481e-12
23720.0 4.839344e-12
23730.0 4.809601e-12
23740.0 4.777381e-12
23750.0 4.742828e-12
23760.0 4.706099e-12
23770.0 4.667371e-12
23780.0 4.626831e-12
23790.0 4.584685e-12
23800.0 4.541154e-12
23810.0 4.496469e-12
23820.0 4.450878e-12
23830.0 4.404706e-12
23840.0 4.358171e-12
23850.0 4.311531e-12
23860.0 4.265066e-12
23870.0 4.219057e-12
23880.0 4.173786e-12
23890.0 4.129528e-12
23900.0 4.086552e-12
23910.0 4.045115e-12
23920.0 4.005460e-12
23930.0 3.967813e-12
23940.0 3.932379e-12
23950.0 3.899343e-12
23960.0 3.868863e-12
23970.0 3.841075e-12
23980.0 3.816088e-12
23990.0 3.793986e-12
24000.0 3.774829e-12
24010.0 3.758653e-12
24020.0 3.745471e-12
24030.0 3.735278e-12
24040.0 3.728051e-12
24050.0 3.723750e-12
24060.0 3.722324e-12
24070.0 3.723710e-12
24080.0 3.727836e-12
24090.0 3.734624e-12
24100.0 3.743990e-12
24110.0 3.755847e-12
24120.0 3.770103e-12
24130.0 3.786667e-12
24140.0 3.805444e-12
24150.0 3.826335e-12
24160.0 3.849245e-12
24170.0 3.874072e-12
24180.0 3.900716e-12
24190.0 3.929072e-12
24200.0 3.959035e-12
24210.0 3.990499e-12
24220.0 4.023353e-12
24230.0 4.057486e-12
24240.0 4.092787e-12
24250.0 4.129141e-12
24260.0 4.166435e-12
24270.0 4.204554e-12
24280.0 4.243383e-12
24290.0 4.282810e-12
24300.0 4.322723e-12
24310.0 4.363010e-12
24320.0 4.403565e-12
24330.0 4.444280e-12
24340.0 4.485053e-12
24350.0 4.525783e-12
24360.0 4.566371e-12
24370.0 4.606723e-12
24380.0 4.646746e-12
24390.0 4.686349e-12
24400.0 4.725442e-12
24410.0 4.763940e-12
24420.0 4.801756e-12
24430.0 4.838806e-12
24440.0 4.875006e-12
24450.0 4.910272e-12
24460.0 4.944522e-12
24470.0 4.977672e-12
24480.0 5.009640e-12
24490.0 5.040344e-12
24500.0 5.069701e-12
24510.0 5.097631e-12
24520.0 5.124053e-12
24530.0 5.148889e-12
24540.0 5.172062e-12
24550.0 5.193499e-12
24560.0 5.213128e-12
24570.0 5.230885e-12
24580.0 5.246709e-12
24590.0 5.260545e-12
24600.0 5.272347e-12
24610.0 5.282074e-12
24620.0 5.289697e-12
24630.0 5.295196e-12
24640.0 5.298561e-12
24650.0 5.299797e-12
24660.0 5.298916e-12
24670.0 5.295949e-12
24680.0 5.290938e-12
24690.0 5.283938e-12
24700.0 5.275022e-12
24710.0 5.264274e-12
24720.0 5.251796e-12
24730.0 5.237702e-12
24740.0 5.222119e-12
24750.0 5.205192e-12
24760.0 5.187074e-12
24770.0 5.167931e-12
24780.0 5.147941e-12
24790.0 5.127289e-12
24800.0 5.106166e-12
24810.0 5.084770e-12
24820.0 5.063296e-12
24830.0 5.041938e-12
24840.0 5.020884e-12
24850.0 5.000308e-12
24860.0 4.980370e-12
24870.0 4.961210e-12
24880.0 4.942946e-12
24890.0 4.925669e-12
24900.0 4.909444e-12
24910.0 4.894313e-12
24920.0 4.880289e-12
24930.0 4.867367e-12
24940.0 4.855521e-12
24950.0 4.844710e-12
24960.0 4.834882e-12
24970.0 4.825976e-12
24980.0 4.817926e-12
24990.0 4.810665e-12
25000.0 4.804125e-12
