1000.0 1.766602e-12
1010.0 2.148449e-12
1020.0 2.621651e-12
1030.0 3.205334e-12
1040.0 3.923397e-12
1050.0 4.803449e-12
1060.0 5.876717e-12
1070.0 7.177672e-12
1080.0 8.743327e-12
1090.0 1.061219e-11
1100.0 1.282290e-11
1110.0 1.541268e-11
1120.0 1.841563e-11
1130.0 2.186115e-11
1140.0 2.577240e-11
1150.0 3.016516e-11
1160.0 3.504684e-11
1170.0 4.041591e-11
1180.0 4.626150e-11
1190.0 5.256334e-11
1200.0 5.929197e-11
1210.0 6.640909e-11
1220.0 7.386829e-11
1230.0 8.161595e-11
1240.0 8.959242e-11
1250.0 9.773342e-11
1260.0 1.059715e-10
1270.0 1.142380e-10
1280.0 1.224640e-10
1290.0 1.305828e-10
1300.0 1.385309e-10
1310.0 1.462495e-10
1320.0 1.536857e-10
1330.0 1.607935e-10
1340.0 1.675345e-10
1350.0 1.738783e-10
1360.0 1.798028e-10
1370.0 1.852947e-10
1380.0 1.903486e-10
1390.0 1.949675e-10
1400.0 1.991617e-10
1410.0 2.029486e-10
1420.0 2.063514e-10
1430.0 2.093990e-10
1440.0 2.121243e-10
1450.0 2.145633e-10
1460.0 2.167544e-10
1470.0 2.187369e-10
1480.0 2.205499e-10
1490.0 2.222319e-10
1500.0 2.238193e-10
1510.0 2.253462e-10
1520.0 2.268435e-10
1530.0 2.283391e-10
1540.0 2.298571e-10
1550.0 2.314184e-10
1560.0 2.330404e-10
1570.0 2.347375e-10
1580.0 2.365215e-10
1590.0 2.384017e-10
1600.0 2.403853e-10
1610.0 2.424780e-10
1620.0 2.446840e-10
1630.0 2.470067e-10
1640.0 2.494485e-10
1650.0 2.520109e-10
1660.0 2.546954e-10
1670.0 2.575026e-10
1680.0 2.604331e-10
1690.0 2.634871e-10
1700.0 2.666644e-10
1710.0 2.699649e-10
1720.0 2.733880e-10
1730.0 2.769331e-10
1740.0 2.805992e-10
1750.0 2.843853e-10
1760.0 2.882901e-10
1770.0 2.923121e-10
1780.0 2.964497e-10
1790.0 3.007009e-10
1800.0 3.050637e-10
1810.0 3.095357e-10
1820.0 3.141145e-10
1830.0 3.187973e-10
1840.0 3.235812e-10
1850.0 3.284629e-10
1860.0 3.334392e-10
1870.0 3.385062e-10
1880.0 3.436602e-10
1890.0 3.488971e-10
1900.0 3.542126e-10
1910.0 3.596020e-10
1920.0 3.650607e-10
1930.0 3.705837e-10
1940.0 3.761656e-10
1950.0 3.818010e-10
1960.0 3.874840e-10
1970.0 3.932082e-10
1980.0 3.989666e-10
1990.0 4.047509e-10
2000.0 4.105514e-10
2010.0 4.163559e-10
2020.0 4.221485e-10
2030.0 4.279086e-10
2040.0 4.336087e-10
2050.0 4.392134e-10
2060.0 4.446767e-10
2070.0 4.499419e-10
2080.0 4.549403e-10
2090.0 4.595927e-10
2100.0 4.638119e-10
2110.0 4.675073e-10
2120.0 4.705914e-10
2130.0 4.729884e-10
2140.0 4.746427e-10
2150.0 4.755281e-10
2160.0 4.756547e-10
2170.0 4.750731e-10
2180.0 4.738748e-10
2190.0 4.721875e-10
2200.0 4.701668e-10
2210.0 4.679831e-10
2220.0 4.658076e-10
2230.0 4.637974e-10
2240.0 4.620821e-10
2250.0 4.607545e-10
2260.0 4.598647e-10
2270.0 4.594204e-10
2280.0 4.593910e-10
2290.0 4.597150e-10
2300.0 4.603110e-10
2310.0 4.610873e-10
2320.0 4.619524e-10
2330.0 4.628217e-10
2340.0 4.636227e-10
2350.0 4.642955e-10
2360.0 4.647918e-10
2370.0 4.650709e-10
2380.0 4.650950e-10
2390.0 4.648253e-10
2400.0 4.642193e-10
2410.0 4.632314e-10
2420.0 4.618176e-10
2430.0 4.599435e-10
2440.0 4.575964e-10
2450.0 4.547995e-10
2460.0 4.516259e-10
2470.0 4.482100e-10
2480.0 4.447528e-10
2490.0 4.415198e-10
2500.0 4.388274e-10
2510.0 4.370208e-10
2520.0 4.364430e-10
2530.0 4.373995e-10
2540.0 4.401244e-10
2550.0 4.447530e-10
2560.0 4.513061e-10
2570.0 4.596877e-10
2580.0 4.696984e-10
2590.0 4.810584e-10
2600.0 4.934395e-10
2610.0 5.064962e-10
2620.0 5.198951e-10
2630.0 5.333371e-10
2640.0 5.465711e-10
2650.0 5.594839e-10
2660.0 5.762559e-10
2670.0 6.351206e-10
2680.0 7.475451e-10
2690.0 8.216057e-10
2700.0 8.947168e-10
2710.0 9.611733e-10
2720.0 1.017384e-09
2730.0 1.063374e-09
2740.0 1.116494e-09
2750.0 1.172882e-09
2760.0 1.211122e-09
2770.0 1.261884e-09
2780.0 1.375595e-09
2790.0 1.529971e-09
2800.0 1.719041e-09
2810.0 1.960259e-09
2820.0 2.216057e-09
2830.0 2.436859e-09
2840.0 2.586064e-09
2850.0 2.674332e-09
2860.0 2.726546e-09
2870.0 2.741475e-09
2880.0 2.742834e-09
2890.0 2.737140e-09
2900.0 2.767001e-09
2910.0 2.803184e-09
2920.0 2.821085e-09
2930.0 2.844499e-09
2940.0 2.879634e-09
2950.0 2.915275e-09
2960.0 2.969771e-09
2970.0 3.093264e-09
2980.0 3.245630e-09
2990.0 3.361475e-09
3000.0 3.479959e-09
3010.0 3.657718e-09
3020.0 3.895950e-09
3030.0 4.131050e-09
3040.0 4.312701e-09
3050.0 4.422499e-09
3060.0 4.455915e-09
3070.0 4.420811e-09
3080.0 4.296055e-09
3090.0 4.082423e-09
3100.0 3.871024e-09
3110.0 3.689512e-09
3120.0 3.523154e-09
3130.0 3.366470e-09
3140.0 3.147469e-09
3150.0 2.899024e-09
3160.0 2.725709e-09
3170.0 2.575785e-09
3180.0 2.414062e-09
3190.0 2.290303e-09
3200.0 2.188993e-09
3210.0 2.075995e-09
3220.0 1.981027e-09
3230.0 1.913937e-09
3240.0 1.894475e-09
3250.0 1.902284e-09
3260.0 1.921804e-09
3270.0 1.975971e-09
3280.0 2.078129e-09
3290.0 2.221387e-09
3300.0 2.390297e-09
3310.0 2.566850e-09
3320.0 2.731301e-09
3330.0 2.864436e-09
3340.0 2.962909e-09
3350.0 3.014239e-09
3360.0 3.059115e-09
3370.0 3.121748e-09
3380.0 3.223535e-09
3390.0 3.367261e-09
3400.0 3.548679e-09
3410.0 3.767439e-09
3420.0 4.001015e-09
3430.0 4.219796e-09
3440.0 4.424894e-09
3450.0 4.608118e-09
3460.0 4.766879e-09
3470.0 4.905562e-09
3480.0 4.999294e-09
3490.0 5.040921e-09
3500.0 5.054187e-09
3510.0 5.031588e-09
3520.0 4.949307e-09
3530.0 4.820567e-09
3540.0 4.693972e-09
3550.0 4.569294e-09
3560.0 4.416893e-09
3570.0 4.232177e-09
3580.0 4.022574e-09
3590.0 3.776279e-09
3600.0 3.478176e-09
3610.0 3.153601e-09
3620.0 2.852099e-09
3630.0 2.588030e-09
3640.0 2.358368e-09
3650.0 2.168841e-09
3660.0 2.030492e-09
3670.0 1.952918e-09
3680.0 1.935389e-09
3690.0 1.975656e-09
3700.0 2.080210e-09
3710.0 2.249942e-09
3720.0 2.459221e-09
3730.0 2.668208e-09
3740.0 2.852890e-09
3750.0 3.008929e-09
3760.0 3.139244e-09
3770.0 3.247741e-09
3780.0 3.346607e-09
3790.0 3.454503e-09
3800.0 3.584151e-09
3810.0 3.739466e-09
3820.0 3.913130e-09
3830.0 4.089543e-09
3840.0 4.255011e-09
3850.0 4.399531e-09
3860.0 4.519889e-09
3870.0 4.620287e-09
3880.0 4.704741e-09
3890.0 4.773536e-09
3900.0 4.822951e-09
3910.0 4.844244e-09
3920.0 4.825571e-09
3930.0 4.758758e-09
3940.0 4.647350e-09
3950.0 4.507273e-09
3960.0 4.363204e-09
3970.0 4.241000e-09
3980.0 4.158464e-09
3990.0 4.120923e-09
4000.0 4.123182e-09
4010.0 4.158271e-09
4020.0 4.219796e-09
4030.0 4.294158e-09
4040.0 4.362911e-09
4050.0 4.411624e-09
4060.0 4.430532e-09
4070.0 4.411583e-09
4080.0 4.351634e-09
4090.0 4.256590e-09
4100.0 4.139556e-09
4110.0 4.015363e-09
4120.0 3.895709e-09
4130.0 3.784572e-09
4140.0 3.677127e-09
4150.0 3.564350e-09
4160.0 3.440092e-09
4170.0 3.305112e-09
4180.0 3.165594e-09
4190.0 3.029034e-09
4200.0 2.901129e-09
4210.0 2.785038e-09
4220.0 2.682271e-09
4230.0 2.592893e-09
4240.0 2.515799e-09
4250.0 2.450808e-09
4260.0 2.397931e-09
4270.0 2.356451e-09
4280.0 2.327963e-09
4290.0 2.318325e-09
4300.0 2.333593e-09
4310.0 2.373613e-09
4320.0 2.430154e-09
4330.0 2.490645e-09
4340.0 2.542754e-09
4350.0 2.577121e-09
4360.0 2.589506e-09
4370.0 2.582909e-09
4380.0 2.567537e-09
4390.0 2.557316e-09
4400.0 2.563982e-09
4410.0 2.592066e-09
4420.0 2.638567e-09
4430.0 2.695687e-09
4440.0 2.753599e-09
4450.0 2.803280e-09
4460.0 2.839658e-09
4470.0 2.862257e-09
4480.0 2.872409e-09
4490.0 2.870756e-09
4500.0 2.857159e-09
4510.0 2.832230e-09
4520.0 2.799035e-09
4530.0 2.762296e-09
4540.0 2.725968e-09
4550.0 2.692051e-09
4560.0 2.660360e-09
4570.0 2.628726e-09
4580.0 2.593849e-09
4590.0 2.552102e-09
4600.0 2.501028e-09
4610.0 2.441581e-09
4620.0 2.378944e-09
4630.0 2.320538e-09
4640.0 2.272326e-09
4650.0 2.236386e-09
4660.0 2.211080e-09
4670.0 2.192684e-09
4680.0 2.177098e-09
4690.0 2.161335e-09
4700.0 2.144723e-09
4710.0 2.129199e-09
4720.0 2.118277e-09
4730.0 2.114847e-09
4740.0 2.118687e-09
4750.0 2.124993e-09
4760.0 2.125128e-09
4770.0 2.109658e-09
4780.0 2.072523e-09
4790.0 2.013690e-09
4800.0 1.938950e-09
4810.0 1.857510e-09
4820.0 1.779104e-09
4830.0 1.711830e-09
4840.0 1.660772e-09
4850.0 1.627435e-09
4860.0 1.610127e-09
4870.0 1.605272e-09
4880.0 1.608945e-09
4890.0 1.617767e-09
4900.0 1.629036e-09
4910.0 1.640743e-09
4920.0 1.651850e-09
4930.0 1.662580e-09
4940.0 1.674107e-09
4950.0 1.687626e-09
4960.0 1.703533e-09
4970.0 1.721325e-09
4980.0 1.739721e-09
4990.0 1.756682e-09
5000.0 1.771005e-09
5010.0 1.785167e-09
5020.0 1.804458e-09
5030.0 1.831946e-09
5040.0 1.866474e-09
5050.0 1.904513e-09
5060.0 1.941595e-09
5070.0 1.973151e-09
5080.0 1.995885e-09
5090.0 2.008991e-09
5100.0 2.014282e-09
5110.0 2.015263e-09
5120.0 2.015708e-09
5130.0 2.018262e-09
5140.0 2.023373e-09
5150.0 2.028820e-09
5160.0 2.030119e-09
5170.0 2.021888e-09
5180.0 1.999825e-09
5190.0 1.962352e-09
5200.0 1.911404e-09
5210.0 1.852047e-09
5220.0 1.791073e-09
5230.0 1.735069e-09
5240.0 1.688737e-09
5250.0 1.654134e-09
5260.0 1.631009e-09
5270.0 1.617782e-09
5280.0 1.612460e-09
5290.0 1.612995e-09
5300.0 1.617127e-09
5310.0 1.622193e-09
5320.0 1.625334e-09
5330.0 1.624090e-09
5340.0 1.616917e-09
5350.0 1.603257e-09
5360.0 1.583255e-09
5370.0 1.557564e-09
5380.0 1.527477e-09
5390.0 1.495229e-09
5400.0 1.464028e-09
5410.0 1.437659e-09
5420.0 1.419724e-09
5430.0 1.412709e-09
5440.0 1.417201e-09
5450.0 1.431619e-09
5460.0 1.452586e-09
5470.0 1.475800e-09
5480.0 1.497084e-09
5490.0 1.513406e-09
5500.0 1.523632e-09
5510.0 1.528679e-09
5520.0 1.530845e-09
5530.0 1.532581e-09
5540.0 1.535355e-09
5550.0 1.539242e-09
5560.0 1.543330e-09
5570.0 1.546524e-09
5580.0 1.548185e-09
5590.0 1.548315e-09
5600.0 1.547288e-09
5610.0 1.545385e-09
5620.0 1.542460e-09
5630.0 1.537876e-09
5640.0 1.530662e-09
5650.0 1.519838e-09
5660.0 1.504775e-09
5670.0 1.485421e-09
5680.0 1.462369e-09
5690.0 1.436829e-09
5700.0 1.410548e-09
5710.0 1.385632e-09
5720.0 1.364161e-09
5730.0 1.347721e-09
5740.0 1.337061e-09
5750.0 1.332079e-09
5760.0 1.332099e-09
5770.0 1.336230e-09
5780.0 1.343643e-09
5790.0 1.353680e-09
5800.0 1.365784e-09
5810.0 1.379337e-09
5820.0 1.393531e-09
5830.0 1.407320e-09
5840.0 1.419447e-09
5850.0 1.428584e-09
5860.0 1.433587e-09
5870.0 1.433796e-09
5880.0 1.429256e-09
5890.0 1.420632e-09
5900.0 1.408762e-09
5910.0 1.394165e-09
5920.0 1.376858e-09
5930.0 1.356605e-09
5940.0 1.333332e-09
5950.0 1.307328e-09
5960.0 1.279157e-09
5970.0 1.249502e-09
5980.0 1.219114e-09
5990.0 1.188621e-09
6000.0 1.157864e-09
6010.0 1.125464e-09
6020.0 1.089722e-09
6030.0 1.050213e-09
6040.0 1.008262e-09
6050.0 9.660975e-10
6060.0 9.260024e-10
6070.0 8.901577e-10
6080.0 8.606376e-10
6090.0 8.392878e-10
6100.0 8.274673e-10
6110.0 8.258057e-10
6120.0 8.341046e-10
6130.0 8.513990e-10
6140.0 8.761299e-10
6150.0 9.063820e-10
6160.0 9.401634e-10
6170.0 9.756716e-10
6180.0 1.011459e-09
6190.0 1.046437e-09
6200.0 1.079747e-09
6210.0 1.110609e-09
6220.0 1.138242e-09
6230.0 1.161863e-09
6240.0 1.180778e-09
6250.0 1.194563e-09
6260.0 1.203284e-09
6270.0 1.207598e-09
6280.0 1.208552e-09
6290.0 1.207248e-09
6300.0 1.204685e-09
6310.0 1.201821e-09
6320.0 1.199520e-09
6330.0 1.198215e-09
6340.0 1.197642e-09
6350.0 1.196858e-09
6360.0 1.194694e-09
6370.0 1.190374e-09
6380.0 1.183822e-09
6390.0 1.175520e-09
6400.0 1.166176e-09
6410.0 1.156447e-09
6420.0 1.146804e-09
6430.0 1.137520e-09
6440.0 1.128709e-09
6450.0 1.120398e-09
6460.0 1.112598e-09
6470.0 1.105341e-09
6480.0 1.098674e-09
6490.0 1.092625e-09
6500.0 1.087172e-09
6510.0 1.082243e-09
6520.0 1.077719e-09
6530.0 1.073409e-09
6540.0 1.069014e-09
6550.0 1.064127e-09
6560.0 1.058317e-09
6570.0 1.051272e-09
6580.0 1.042938e-09
6590.0 1.033561e-09
6600.0 1.023608e-09
6610.0 1.013629e-09
6620.0 1.004094e-09
6630.0 9.952844e-10
6640.0 9.872559e-10
6650.0 9.798753e-10
6660.0 9.729070e-10
6670.0 9.661108e-10
6680.0 9.593083e-10
6690.0 9.524019e-10
6700.0 9.453584e-10
6710.0 9.381861e-10
6720.0 9.309235e-10
6730.0 9.236415e-10
6740.0 9.164402e-10
6750.0 9.094258e-10
6760.0 9.026710e-10
6770.0 8.961767e-10
6780.0 8.898636e-10
6790.0 8.836050e-10
6800.0 8.772873e-10
6810.0 8.708636e-10
6820.0 8.643741e-10
6830.0 8.579350e-10
6840.0 8.517206e-10
6850.0 8.459485e-10
6860.0 8.408153e-10
6870.0 8.364037e-10
6880.0 8.325872e-10
6890.0 8.290061e-10
6900.0 8.251655e-10
6910.0 8.206258e-10
6920.0 8.151845e-10
6930.0 8.089530e-10
6940.0 8.022977e-10
6950.0 7.956924e-10
6960.0 7.895624e-10
6970.0 7.841813e-10
6980.0 7.796408e-10
6990.0 7.758777e-10
7000.0 7.727326e-10
7010.0 7.700199e-10
7020.0 7.675869e-10
7030.0 7.653447e-10
7040.0 7.632625e-10
7050.0 7.613336e-10
7060.0 7.595339e-10
7070.0 7.577950e-10
7080.0 7.560054e-10
7090.0 7.540414e-10
7100.0 7.518137e-10
7110.0 7.492929e-10
7120.0 7.464578e-10
7130.0 7.431613e-10
7140.0 7.390792e-10
7150.0 7.339262e-10
7160.0 7.279258e-10
7170.0 7.220731e-10
7180.0 7.176896e-10
7190.0 7.154772e-10
7200.0 7.149592e-10
7210.0 7.148764e-10
7220.0 7.141053e-10
7230.0 7.122284e-10
7240.0 7.094351e-10
7250.0 7.061155e-10
7260.0 7.025725e-10
7270.0 6.989503e-10
7280.0 6.952635e-10
7290.0 6.914384e-10
7300.0 6.873568e-10
7310.0 6.829139e-10
7320.0 6.780783e-10
7330.0 6.729198e-10
7340.0 6.675803e-10
7350.0 6.621954e-10
7360.0 6.568086e-10
7370.0 6.513327e-10
7380.0 6.455830e-10
7390.0 6.393664e-10
7400.0 6.325804e-10
7410.0 6.252827e-10
7420.0 6.177059e-10
7430.0 6.102056e-10
7440.0 6.031902e-10
7450.0 5.970404e-10
7460.0 5.920310e-10
7470.0 5.882743e-10
7480.0 5.857042e-10
7490.0 5.841087e-10
7500.0 5.831993e-10
7510.0 5.826942e-10
7520.0 5.823880e-10
7530.0 5.821922e-10
7540.0 5.821380e-10
7550.0 5.823419e-10
7560.0 5.829491e-10
7570.0 5.840724e-10
7580.0 5.857506e-10
7590.0 5.879333e-10
7600.0 5.904912e-10
7610.0 5.932415e-10
7620.0 5.959823e-10
7630.0 5.985256e-10
7640.0 6.007235e-10
7650.0 6.024755e-10
7660.0 6.037191e-10
7670.0 6.044158e-10
7680.0 6.045469e-10
7690.0 6.041264e-10
7700.0 6.032132e-10
7710.0 6.018936e-10
7720.0 6.002114e-10
7730.0 5.981200e-10
7740.0 5.954646e-10
7750.0 5.920016e-10
7760.0 5.874587e-10
7770.0 5.816091e-10
7780.0 5.743341e-10
7790.0 5.656576e-10
7800.0 5.557427e-10
7810.0 5.448523e-10
7820.0 5.332914e-10
7830.0 5.213503e-10
7840.0 5.092713e-10
7850.0 4.972433e-10
7860.0 4.854215e-10
7870.0 4.739573e-10
7880.0 4.630269e-10
7890.0 4.528467e-10
7900.0 4.436653e-10
7910.0 4.357271e-10
7920.0 4.291853e-10
7930.0 4.241413e-10
7940.0 4.205530e-10
7950.0 4.182903e-10
7960.0 4.171999e-10
7970.0 4.171616e-10
7980.0 4.181167e-10
7990.0 4.200651e-10
8000.0 4.230334e-10
8010.0 4.270241e-10
8020.0 4.319589e-10
8030.0 4.376363e-10
8040.0 4.437376e-10
8050.0 4.498377e-10
8060.0 4.554591e-10
8070.0 4.601644e-10
8080.0 4.636444e-10
8090.0 4.657683e-10
8100.0 4.665737e-10
8110.0 4.662118e-10
8120.0 4.648816e-10
8130.0 4.627871e-10
8140.0 4.601257e-10
8150.0 4.570975e-10
8160.0 4.539160e-10
8170.0 4.508045e-10
8180.0 4.479751e-10
8190.0 4.455951e-10
8200.0 4.437562e-10
8210.0 4.424606e-10
8220.0 4.416288e-10
8230.0 4.411239e-10
8240.0 4.407876e-10
8250.0 4.404788e-10
8260.0 4.401125e-10
8270.0 4.396867e-10
8280.0 4.392881e-10
8290.0 4.390702e-10
8300.0 4.392097e-10
8310.0 4.398542e-10
8320.0 4.410813e-10
8330.0 4.428829e-10
8340.0 4.451787e-10
8350.0 4.478526e-10
8360.0 4.507910e-10
8370.0 4.538967e-10
8380.0 4.571026e-10
8390.0 4.603700e-10
8400.0 4.636650e-10
8410.0 4.669392e-10
8420.0 4.701208e-10
8430.0 4.731213e-10
8440.0 4.758529e-10
8450.0 4.782485e-10
8460.0 4.802759e-10
8470.0 4.819414e-10
8480.0 4.832794e-10
8490.0 4.843351e-10
8500.0 4.851481e-10
8510.0 4.857449e-10
8520.0 4.861458e-10
8530.0 4.863811e-10
8540.0 4.865073e-10
8550.0 4.866078e-10
8560.0 4.867738e-10
8570.0 4.861913e-10
8580.0 4.850466e-10
8590.0 4.839398e-10
8600.0 4.828182e-10
8610.0 4.816225e-10
8620.0 4.803000e-10
8630.0 4.788065e-10
8640.0 4.771037e-10
8650.0 4.751592e-10
8660.0 4.729535e-10
8670.0 4.704895e-10
8680.0 4.677989e-10
8690.0 4.649389e-10
8700.0 4.619765e-10
8710.0 4.589671e-10
8720.0 4.559316e-10
8730.0 4.528461e-10
8740.0 4.496466e-10
8750.0 4.462497e-10
8760.0 4.425830e-10
8770.0 4.386121e-10
8780.0 4.343556e-10
8790.0 4.298805e-10
8800.0 4.252821e-10
8810.0 4.206560e-10
8820.0 4.160775e-10
8830.0 4.115950e-10
8840.0 4.072363e-10
8850.0 4.030199e-10
8860.0 3.989577e-10
8870.0 3.950465e-10
8880.0 3.912598e-10
8890.0 3.875593e-10
8900.0 3.839318e-10
8910.0 3.804298e-10
8920.0 3.771758e-10
8930.0 3.743142e-10
8940.0 3.719400e-10
8950.0 3.700554e-10
8960.0 3.685848e-10
8970.0 3.674305e-10
8980.0 3.665289e-10
8990.0 3.658737e-10
9000.0 3.655041e-10
9010.0 3.654731e-10
9020.0 3.658160e-10
9030.0 3.665343e-10
9040.0 3.675984e-10
9050.0 3.689625e-10
9060.0 3.705802e-10
9070.0 3.724086e-10
9080.0 3.743992e-10
9090.0 3.764840e-10
9100.0 3.785689e-10
9110.0 3.805389e-10
9120.0 3.822700e-10
9130.0 3.836394e-10
9140.0 3.845284e-10
9150.0 3.848240e-10
9160.0 3.844234e-10
9170.0 3.832469e-10
9180.0 3.812540e-10
9190.0 3.784584e-10
9200.0 3.749368e-10
9210.0 3.708282e-10
9220.0 3.663253e-10
9230.0 3.616603e-10
9240.0 3.570846e-10
9250.0 3.528433e-10
9260.0 3.491445e-10
9270.0 3.461258e-10
9280.0 3.438293e-10
9290.0 3.421960e-10
9300.0 3.410855e-10
9310.0 3.403175e-10
9320.0 3.397168e-10
9330.0 3.391460e-10
9340.0 3.385164e-10
9350.0 3.377809e-10
9360.0 3.369202e-10
9370.0 3.359288e-10
9380.0 3.348077e-10
9390.0 3.335605e-10
9400.0 3.321934e-10
9410.0 3.307148e-10
9420.0 3.291361e-10
9430.0 3.274711e-10
9440.0 3.257363e-10
9450.0 3.239497e-10
9460.0 3.221306e-10
9470.0 3.202987e-10
9480.0 3.184730e-10
9490.0 3.166715e-10
9500.0 3.149099e-10
9510.0 3.132015e-10
9520.0 3.115566e-10
9530.0 3.099823e-10
9540.0 3.084824e-10
9550.0 3.070577e-10
9560.0 3.057058e-10
9570.0 3.044222e-10
9580.0 3.031998e-10
9590.0 3.020304e-10
9600.0 3.009042e-10
9610.0 2.998110e-10
9620.0 2.987404e-10
9630.0 2.976821e-10
9640.0 2.966264e-10
9650.0 2.955644e-10
9660.0 2.944887e-10
9670.0 2.933926e-10
9680.0 2.922714e-10
9690.0 2.911215e-10
9700.0 2.899408e-10
9710.0 2.887287e-10
9720.0 2.874858e-10
9730.0 2.862136e-10
9740.0 2.849146e-10
9750.0 2.835920e-10
9760.0 2.822491e-10
9770.0 2.808895e-10
9780.0 2.795168e-10
9790.0 2.781342e-10
9800.0 2.767446e-10
9810.0 2.753502e-10
9820.0 2.739527e-10
9830.0 2.725534e-10
9840.0 2.711528e-10
9850.0 2.697510e-10
9860.0 2.683478e-10
9870.0 2.669429e-10
9880.0 2.655357e-10
9890.0 2.641262e-10
9900.0 2.627143e-10
9910.0 2.613006e-10
9920.0 2.598863e-10
9930.0 2.584730e-10
9940.0 2.570634e-10
9950.0 2.556604e-10
9960.0 2.542677e-10
9970.0 2.528894e-10
9980.0 2.515296e-10
9990.0 2.501928e-10
10000.0 2.488831e-10
10010.0 2.476043e-10
10020.0 2.463599e-10
10030.0 2.451524e-10
10040.0 2.439843e-10
10050.0 2.428571e-10
10060.0 2.417720e-10
10070.0 2.407299e-10
10080.0 2.397319e-10
10090.0 2.387788e-10
10100.0 2.378722e-10
10110.0 2.370143e-10
10120.0 2.362081e-10
10130.0 2.354575e-10
10140.0 2.347674e-10
10150.0 2.341435e-10
10160.0 2.335921e-10
10170.0 2.331198e-10
10180.0 2.327329e-10
10190.0 2.324370e-10
10200.0 2.322368e-10
10210.0 2.321349e-10
10220.0 2.321319e-10
10230.0 2.322257e-10
10240.0 2.324115e-10
10250.0 2.326813e-10
10260.0 2.330245e-10
10270.0 2.334278e-10
10280.0 2.338755e-10
10290.0 2.343507e-10
10300.0 2.348355e-10
10310.0 2.353118e-10
10320.0 2.357623e-10
10330.0 2.361713e-10
10340.0 2.365250e-10
10350.0 2.368127e-10
10360.0 2.370264e-10
10370.0 2.371617e-10
10380.0 2.372174e-10
10390.0 2.371954e-10
10400.0 2.371007e-10
10410.0 2.369404e-10
10420.0 2.367236e-10
10430.0 2.364606e-10
10440.0 2.361626e-10
10450.0 2.358405e-10
10460.0 2.355051e-10
10470.0 2.351663e-10
10480.0 2.348325e-10
10490.0 2.345112e-10
10500.0 2.342077e-10
10510.0 2.339261e-10
10520.0 2.336687e-10
10530.0 2.334363e-10
10540.0 2.332280e-10
10550.0 2.330422e-10
10560.0 2.328758e-10
10570.0 2.327252e-10
10580.0 2.325860e-10
10590.0 2.324535e-10
10600.0 2.323228e-10
10610.0 2.321890e-10
10620.0 2.320472e-10
10630.0 2.318930e-10
10640.0 2.317222e-10
10650.0 2.315312e-10
10660.0 2.313168e-10
10670.0 2.310764e-10
10680.0 2.308082e-10
10690.0 2.305106e-10
10700.0 2.301830e-10
10710.0 2.298250e-10
10720.0 2.294370e-10
10730.0 2.290196e-10
10740.0 2.285741e-10
10750.0 2.281018e-10
10760.0 2.276044e-10
10770.0 2.270840e-10
10780.0 2.265425e-10
10790.0 2.259822e-10
10800.0 2.254052e-10
10810.0 2.248135e-10
10820.0 2.242095e-10
10830.0 2.235949e-10
10840.0 2.229717e-10
10850.0 2.223416e-10
10860.0 2.217062e-10
10870.0 2.210669e-10
10880.0 2.204249e-10
10890.0 2.197814e-10
10900.0 2.191375e-10
10910.0 2.184938e-10
10920.0 2.178513e-10
10930.0 2.172106e-10
10940.0 2.165721e-10
10950.0 2.159364e-10
10960.0 2.153038e-10
10970.0 2.146744e-10
10980.0 2.140485e-10
10990.0 2.134259e-10
11000.0 2.128064e-10
11010.0 2.121897e-10
11020.0 2.115754e-10
11030.0 2.109626e-10
11040.0 2.103507e-10
11050.0 2.097385e-10
11060.0 2.091249e-10
11070.0 2.085086e-10
11080.0 2.078883e-10
11090.0 2.072624e-10
11100.0 2.066297e-10
11110.0 2.059887e-10
11120.0 2.053381e-10
11130.0 2.046768e-10
11140.0 2.040039e-10
11150.0 2.033188e-10
11160.0 2.026210e-10
11170.0 2.019107e-10
11180.0 2.011882e-10
11190.0 2.004541e-10
11200.0 1.997096e-10
11210.0 1.989560e-10
11220.0 1.981952e-10
11230.0 1.974290e-10
11240.0 1.966599e-10
11250.0 1.958901e-10
11260.0 1.951222e-10
11270.0 1.943587e-10
11280.0 1.936022e-10
11290.0 1.928550e-10
11300.0 1.921196e-10
11310.0 1.913978e-10
11320.0 1.906916e-10
11330.0 1.900025e-10
11340.0 1.893317e-10
11350.0 1.886800e-10
11360.0 1.880480e-10
11370.0 1.874358e-10
11380.0 1.868434e-10
11390.0 1.862703e-10
11400.0 1.857156e-10
11410.0 1.851784e-10
11420.0 1.846575e-10
11430.0 1.841514e-10
11440.0 1.836585e-10
11450.0 1.831772e-10
11460.0 1.827056e-10
11470.0 1.822421e-10
11480.0 1.817847e-10
11490.0 1.813317e-10
11500.0 1.808814e-10
11510.0 1.804322e-10
11520.0 1.799826e-10
11530.0 1.795312e-10
11540.0 1.790766e-10
11550.0 1.786178e-10
11560.0 1.781538e-10
11570.0 1.776836e-10
11580.0 1.772066e-10
11590.0 1.767222e-10
11600.0 1.762299e-10
11610.0 1.757293e-10
11620.0 1.752203e-10
11630.0 1.747026e-10
11640.0 1.741764e-10
11650.0 1.736415e-10
11660.0 1.730982e-10
11670.0 1.725467e-10
11680.0 1.719873e-10
11690.0 1.714204e-10
11700.0 1.708465e-10
11710.0 1.702661e-10
11720.0 1.696798e-10
11730.0 1.690881e-10
11740.0 1.684919e-10
11750.0 1.678919e-10
11760.0 1.672888e-10
11770.0 1.666835e-10
11780.0 1.660768e-10
11790.0 1.654697e-10
11800.0 1.648629e-10
11810.0 1.642575e-10
11820.0 1.636543e-10
11830.0 1.630543e-10
11840.0 1.624583e-10
11850.0 1.618672e-10
11860.0 1.612819e-10
11870.0 1.607032e-10
11880.0 1.601319e-10
11890.0 1.595688e-10
11900.0 1.590146e-10
11910.0 1.584699e-10
11920.0 1.579353e-10
11930.0 1.574113e-10
11940.0 1.568986e-10
11950.0 1.563975e-10
11960.0 1.559085e-10
11970.0 1.554318e-10
11980.0 1.549677e-10
11990.0 1.545166e-10
12000.0 1.540786e-10
12010.0 1.536538e-10
12020.0 1.532425e-10
12030.0 1.528447e-10
12040.0 1.524605e-10
12050.0 1.520899e-10
12060.0 1.517330e-10
12070.0 1.513895e-10
12080.0 1.510595e-10
12090.0 1.507428e-10
12100.0 1.504392e-10
12110.0 1.501484e-10
12120.0 1.498699e-10
12130.0 1.496033e-10
12140.0 1.493480e-10
12150.0 1.491033e-10
12160.0 1.488683e-10
12170.0 1.486422e-10
12180.0 1.484236e-10
12190.0 1.482115e-10
12200.0 1.480045e-10
12210.0 1.478011e-10
12220.0 1.475998e-10
12230.0 1.473988e-10
12240.0 1.471965e-10
12250.0 1.469910e-10
12260.0 1.467806e-10
12270.0 1.465635e-10
12280.0 1.463380e-10
12290.0 1.461022e-10
12300.0 1.458547e-10
12310.0 1.455938e-10
12320.0 1.453182e-10
12330.0 1.450267e-10
12340.0 1.447182e-10
12350.0 1.443919e-10
12360.0 1.440469e-10
12370.0 1.436829e-10
12380.0 1.432995e-10
12390.0 1.428966e-10
12400.0 1.424742e-10
12410.0 1.420327e-10
12420.0 1.415724e-10
12430.0 1.410938e-10
12440.0 1.405978e-10
12450.0 1.400850e-10
12460.0 1.395564e-10
12470.0 1.390128e-10
12480.0 1.384554e-10
12490.0 1.378851e-10
12500.0 1.373030e-10
12510.0 1.367101e-10
12520.0 1.361076e-10
12530.0 1.354964e-10
12540.0 1.348775e-10
12550.0 1.342521e-10
12560.0 1.336209e-10
12570.0 1.329851e-10
12580.0 1.323455e-10
12590.0 1.317031e-10
12600.0 1.310588e-10
12610.0 1.304136e-10
12620.0 1.297685e-10
12630.0 1.291244e-10
12640.0 1.284823e-10
12650.0 1.278432e-10
12660.0 1.272081e-10
12670.0 1.265781e-10
12680.0 1.259542e-10
12690.0 1.253374e-10
12700.0 1.247287e-10
12710.0 1.241291e-10
12720.0 1.235395e-10
12730.0 1.229609e-10
12740.0 1.223939e-10
12750.0 1.218395e-10
12760.0 1.212983e-10
12770.0 1.207708e-10
12780.0 1.202577e-10
12790.0 1.197593e-10
12800.0 1.192760e-10
12810.0 1.188081e-10
12820.0 1.183558e-10
12830.0 1.179193e-10
12840.0 1.174987e-10
12850.0 1.170941e-10
12860.0 1.167057e-10
12870.0 1.163333e-10
12880.0 1.159772e-10
12890.0 1.156375e-10
12900.0 1.153141e-10
12910.0 1.150072e-10
12920.0 1.147170e-10
12930.0 1.144436e-10
12940.0 1.141872e-10
12950.0 1.139481e-10
12960.0 1.137262e-10
12970.0 1.135219e-10
12980.0 1.133353e-10
12990.0 1.131665e-10
13000.0 1.130155e-10
13010.0 1.128824e-10
13020.0 1.127668e-10
13030.0 1.126687e-10
13040.0 1.125875e-10
13050.0 1.125228e-10
13060.0 1.124737e-10
13070.0 1.124395e-10
13080.0 1.124190e-10
13090.0 1.124109e-10
13100.0 1.124139e-10
13110.0 1.124261e-10
13120.0 1.124459e-10
13130.0 1.124712e-10
13140.0 1.125000e-10
13150.0 1.125301e-10
13160.0 1.125592e-10
13170.0 1.125849e-10
13180.0 1.126050e-10
13190.0 1.126171e-10
13200.0 1.126191e-10
13210.0 1.126089e-10
13220.0 1.125844e-10
13230.0 1.125440e-10
13240.0 1.124860e-10
13250.0 1.124091e-10
13260.0 1.123121e-10
13270.0 1.121943e-10
13280.0 1.120550e-10
13290.0 1.118938e-10
13300.0 1.117107e-10
13310.0 1.115057e-10
13320.0 1.112791e-10
13330.0 1.110314e-10
13340.0 1.107632e-10
13350.0 1.104752e-10
13360.0 1.101681e-10
13370.0 1.098428e-10
13380.0 1.095001e-10
13390.0 1.091409e-10
13400.0 1.087660e-10
13410.0 1.083763e-10
13420.0 1.079725e-10
13430.0 1.075553e-10
13440.0 1.071255e-10
13450.0 1.066837e-10
13460.0 1.062306e-10
13470.0 1.057668e-10
13480.0 1.052930e-10
13490.0 1.048096e-10
13500.0 1.043174e-10
13510.0 1.038169e-10
13520.0 1.033088e-10
13530.0 1.027935e-10
13540.0 1.022718e-10
13550.0 1.017441e-10
13560.0 1.012111e-10
13570.0 1.006731e-10
13580.0 1.001309e-10
13590.0 9.958472e-11
13600.0 9.903513e-11
13610.0 9.848252e-11
13620.0 9.792727e-11
13630.0 9.736977e-11
13640.0 9.681038e-11
13650.0 9.624948e-11
13660.0 9.568746e-11
13670.0 9.512474e-11
13680.0 9.456178e-11
13690.0 9.399909e-11
13700.0 9.343724e-11
13710.0 9.287687e-11
13720.0 9.231865e-11
13730.0 9.176334e-11
13740.0 9.121173e-11
13750.0 9.066465e-11
13760.0 9.012297e-11
13770.0 8.958755e-11
13780.0 8.905922e-11
13790.0 8.853882e-11
13800.0 8.802708e-11
13810.0 8.752469e-11
13820.0 8.703224e-11
13830.0 8.655022e-11
13840.0 8.607899e-11
13850.0 8.561881e-11
13860.0 8.516980e-11
13870.0 8.473197e-11
13880.0 8.430522e-11
13890.0 8.388934e-11
13900.0 8.348405e-11
13910.0 8.308899e-11
13920.0 8.270377e-11
13930.0 8.232794e-11
13940.0 8.196106e-11
13950.0 8.160271e-11
13960.0 8.125246e-11
13970.0 8.090994e-11
13980.0 8.057482e-11
13990.0 8.024684e-11
14000.0 7.992579e-11
14010.0 7.961151e-11
14020.0 7.930393e-11
14030.0 7.900302e-11
14040.0 7.870878e-11
14050.0 7.842129e-11
14060.0 7.814061e-11
14070.0 7.786687e-11
14080.0 7.760015e-11
14090.0 7.734055e-11
14100.0 7.708815e-11
14110.0 7.684300e-11
14120.0 7.660509e-11
14130.0 7.637439e-11
14140.0 7.615081e-11
14150.0 7.593420e-11
14160.0 7.572434e-11
14170.0 7.552100e-11
14180.0 7.532384e-11
14190.0 7.513253e-11
14200.0 7.494666e-11
14210.0 7.476580e-11
14220.0 7.458951e-11
14230.0 7.441731e-11
14240.0 7.424874e-11
14250.0 7.408333e-11
14260.0 7.392064e-11
14270.0 7.376024e-11
14280.0 7.360172e-11
14290.0 7.344474e-11
14300.0 7.328896e-11
14310.0 7.313411e-11
14320.0 7.297997e-11
14330.0 7.282634e-11
14340.0 7.267308e-11
14350.0 7.252010e-11
14360.0 7.236734e-11
14370.0 7.221476e-11
14380.0 7.206236e-11
14390.0 7.191016e-11
14400.0 7.175820e-11
14410.0 7.160651e-11
14420.0 7.145514e-11
14430.0 7.130414e-11
14440.0 7.115353e-11
14450.0 7.100334e-11
14460.0 7.085358e-11
14470.0 7.070424e-11
14480.0 7.055529e-11
14490.0 7.040670e-11
14500.0 7.025840e-11
14510.0 7.011032e-11
14520.0 6.996238e-11
14530.0 6.981447e-11
14540.0 6.966650e-11
14550.0 6.951836e-11
14560.0 6.936994e-11
14570.0 6.922113e-11
14580.0 6.907184e-11
14590.0 6.892197e-11
14600.0 6.877144e-11
14610.0 6.862016e-11
14620.0 6.846808e-11
14630.0 6.831513e-11
14640.0 6.816128e-11
14650.0 6.800648e-11
14660.0 6.785071e-11
14670.0 6.769392e-11
14680.0 6.753611e-11
14690.0 6.737724e-11
14700.0 6.721727e-11
14710.0 6.705619e-11
14720.0 6.689394e-11
14730.0 6.673049e-11
14740.0 6.656577e-11
14750.0 6.639971e-11
14760.0 6.623225e-11
14770.0 6.606331e-11
14780.0 6.589280e-11
14790.0 6.572064e-11
14800.0 6.554674e-11
14810.0 6.537102e-11
14820.0 6.519340e-11
14830.0 6.501383e-11
14840.0 6.483227e-11
14850.0 6.464868e-11
14860.0 6.446307e-11
14870.0 6.427546e-11
14880.0 6.408589e-11
14890.0 6.389445e-11
14900.0 6.370124e-11
14910.0 6.350639e-11
14920.0 6.331006e-11
14930.0 6.311241e-11
14940.0 6.291366e-11
14950.0 6.271399e-11
14960.0 6.251364e-11
14970.0 6.231282e-11
14980.0 6.211175e-11
14990.0 6.191065e-11
15000.0 6.170973e-11
15010.0 6.150915e-11
15020.0 6.130910e-11
15030.0 6.110972e-11
15040.0 6.091114e-11
15050.0 6.071343e-11
15060.0 6.051668e-11
15070.0 6.032092e-11
15080.0 6.012617e-11
15090.0 5.993242e-11
15100.0 5.973963e-11
15110.0 5.954776e-11
15120.0 5.935675e-11
15130.0 5.916651e-11
15140.0 5.897696e-11
15150.0 5.878801e-11
15160.0 5.859958e-11
15170.0 5.841158e-11
15180.0 5.822393e-11
15190.0 5.803657e-11
15200.0 5.784943e-11
15210.0 5.766248e-11
15220.0 5.747570e-11
15230.0 5.728908e-11
15240.0 5.710263e-11
15250.0 5.691639e-11
15260.0 5.673039e-11
15270.0 5.654469e-11
15280.0 5.635938e-11
15290.0 5.617454e-11
15300.0 5.599024e-11
15310.0 5.580660e-11
15320.0 5.562370e-11
15330.0 5.544162e-11
15340.0 5.526046e-11
15350.0 5.508029e-11
15360.0 5.490116e-11
15370.0 5.472313e-11
15380.0 5.454622e-11
15390.0 5.437045e-11
15400.0 5.419580e-11
15410.0 5.402227e-11
15420.0 5.384983e-11
15430.0 5.367841e-11
15440.0 5.350799e-11
15450.0 5.333849e-11
15460.0 5.316985e-11
15470.0 5.300204e-11
15480.0 5.283499e-11
15490.0 5.266866e-11
15500.0 5.250305e-11
15510.0 5.233813e-11
15520.0 5.217392e-11
15530.0 5.201045e-11
15540.0 5.184777e-11
15550.0 5.168594e-11
15560.0 5.152505e-11
15570.0 5.136520e-11
15580.0 5.120649e-11
15590.0 5.104903e-11
15600.0 5.089293e-11
15610.0 5.073831e-11
15620.0 5.058525e-11
15630.0 5.043385e-11
15640.0 5.028415e-11
15650.0 5.013620e-11
15660.0 4.999002e-11
15670.0 4.984559e-11
15680.0 4.970286e-11
15690.0 4.956177e-11
15700.0 4.942222e-11
15710.0 4.928408e-11
15720.0 4.914722e-11
15730.0 4.901148e-11
15740.0 4.887672e-11
15750.0 4.874278e-11
15760.0 4.860951e-11
15770.0 4.847680e-11
15780.0 4.834454e-11
15790.0 4.821267e-11
15800.0 4.808117e-11
15810.0 4.795008e-11
15820.0 4.781947e-11
15830.0 4.768950e-11
15840.0 4.756035e-11
15850.0 4.743230e-11
15860.0 4.730566e-11
15870.0 4.718081e-11
15880.0 4.705818e-11
15890.0 4.693825e-11
15900.0 4.682153e-11
15910.0 4.670855e-11
15920.0 4.659988e-11
15930.0 4.649608e-11
15940.0 4.639772e-11
15950.0 4.630535e-11
15960.0 4.621949e-11
15970.0 4.614065e-11
15980.0 4.606926e-11
15990.0 4.600573e-11
16000.0 4.595041e-11
16010.0 4.590356e-11
16020.0 4.586541e-11
16030.0 4.583608e-11
16040.0 4.581565e-11
16050.0 4.580411e-11
16060.0 4.580140e-11
16070.0 4.580736e-11
16080.0 4.582179e-11
16090.0 4.584443e-11
16100.0 4.587495e-11
16110.0 4.591300e-11
16120.0 4.595815e-11
16130.0 4.600998e-11
16140.0 4.606799e-11
16150.0 4.613170e-11
16160.0 4.620060e-11
16170.0 4.627417e-11
16180.0 4.635188e-11
16190.0 4.643322e-11
16200.0 4.651766e-11
16210.0 4.660471e-11
16220.0 4.669389e-11
16230.0 4.678472e-11
16240.0 4.687676e-11
16250.0 4.696960e-11
16260.0 4.706284e-11
16270.0 4.715613e-11
16280.0 4.724914e-11
16290.0 4.734157e-11
16300.0 4.743315e-11
16310.0 4.752365e-11
16320.0 4.761288e-11
16330.0 4.770066e-11
16340.0 4.778685e-11
16350.0 4.787135e-11
16360.0 4.795407e-11
16370.0 4.803494e-11
16380.0 4.811392e-11
16390.0 4.819100e-11
16400.0 4.826615e-11
16410.0 4.833937e-11
16420.0 4.841066e-11
16430.0 4.848002e-11
16440.0 4.854744e-11
16450.0 4.861289e-11
16460.0 4.867636e-11
16470.0 4.873777e-11
16480.0 4.879705e-11
16490.0 4.885412e-11
16500.0 4.890882e-11
16510.0 4.896100e-11
16520.0 4.901046e-11
16530.0 4.905699e-11
16540.0 4.910033e-11
16550.0 4.914020e-11
16560.0 4.917630e-11
16570.0 4.920830e-11
16580.0 4.923587e-11
16590.0 4.925866e-11
16600.0 4.927634e-11
16610.0 4.928857e-11
16620.0 4.929503e-11
16630.0 4.929543e-11
16640.0 4.928949e-11
16650.0 4.927700e-11
16660.0 4.925777e-11
16670.0 4.923169e-11
16680.0 4.919868e-11
16690.0 4.915874e-11
16700.0 4.911192e-11
16710.0 4.905837e-11
16720.0 4.899827e-11
16730.0 4.893189e-11
16740.0 4.885954e-11
16750.0 4.878161e-11
16760.0 4.869854e-11
16770.0 4.861081e-11
16780.0 4.851895e-11
16790.0 4.842350e-11
16800.0 4.832503e-11
16810.0 4.822412e-11
16820.0 4.812136e-11
16830.0 4.801732e-11
16840.0 4.791255e-11
16850.0 4.780757e-11
16860.0 4.770286e-11
16870.0 4.759885e-11
16880.0 4.749593e-11
16890.0 4.739443e-11
16900.0 4.729460e-11
16910.0 4.719663e-11
16920.0 4.710066e-11
16930.0 4.700673e-11
16940.0 4.691484e-11
16950.0 4.682493e-11
16960.0 4.673686e-11
16970.0 4.665044e-11
16980.0 4.656546e-11
16990.0 4.648163e-11
17000.0 4.639868e-11
17010.0 4.631628e-11
17020.0 4.623411e-11
17030.0 4.615183e-11
17040.0 4.606914e-11
17050.0 4.598573e-11
17060.0 4.590133e-11
17070.0 4.581571e-11
17080.0 4.572866e-11
17090.0 4.564006e-11
17100.0 4.554979e-11
17110.0 4.545784e-11
17120.0 4.536423e-11
17130.0 4.526903e-11
17140.0 4.517239e-11
17150.0 4.507451e-11
17160.0 4.497562e-11
17170.0 4.487603e-11
17180.0 4.477606e-11
17190.0 4.467608e-11
17200.0 4.457647e-11
17210.0 4.447764e-11
17220.0 4.437998e-11
17230.0 4.428392e-11
17240.0 4.418984e-11
17250.0 4.409811e-11
17260.0 4.400910e-11
17270.0 4.392312e-11
17280.0 4.384044e-11
17290.0 4.376131e-11
17300.0 4.368591e-11
17310.0 4.361439e-11
17320.0 4.354686e-11
17330.0 4.348335e-11
17340.0 4.342386e-11
17350.0 4.336837e-11
17360.0 4.331678e-11
17370.0 4.326898e-11
17380.0 4.322481e-11
17390.0 4.318411e-11
17400.0 4.314667e-11
17410.0 4.311228e-11
17420.0 4.308070e-11
17430.0 4.305171e-11
17440.0 4.302507e-11
17450.0 4.300052e-11
17460.0 4.297784e-11
17470.0 4.295680e-11
17480.0 4.293717e-11
17490.0 4.291873e-11
17500.0 4.290127e-11
17510.0 4.288458e-11
17520.0 4.286846e-11
17530.0 4.285272e-11
17540.0 4.283715e-11
17550.0 4.282157e-11
17560.0 4.280578e-11
17570.0 4.278956e-11
17580.0 4.277271e-11
17590.0 4.275502e-11
17600.0 4.273625e-11
17610.0 4.271617e-11
17620.0 4.269453e-11
17630.0 4.267108e-11
17640.0 4.264555e-11
17650.0 4.261768e-11
17660.0 4.258721e-11
17670.0 4.255387e-11
17680.0 4.251741e-11
17690.0 4.247760e-11
17700.0 4.243422e-11
17710.0 4.238708e-11
17720.0 4.233603e-11
17730.0 4.228094e-11
17740.0 4.222177e-11
17750.0 4.215848e-11
17760.0 4.209112e-11
17770.0 4.201980e-11
17780.0 4.194468e-11
17790.0 4.186600e-11
17800.0 4.178407e-11
17810.0 4.169925e-11
17820.0 4.161198e-11
17830.0 4.152276e-11
17840.0 4.143213e-11
17850.0 4.134070e-11
17860.0 4.124909e-11
17870.0 4.115798e-11
17880.0 4.106806e-11
17890.0 4.098000e-11
17900.0 4.089450e-11
17910.0 4.081224e-11
17920.0 4.073384e-11
17930.0 4.065991e-11
17940.0 4.059099e-11
17950.0 4.052756e-11
17960.0 4.047002e-11
17970.0 4.041869e-11
17980.0 4.037380e-11
17990.0 4.033548e-11
18000.0 4.030375e-11
18010.0 4.027855e-11
18020.0 4.025969e-11
18030.0 4.024689e-11
18040.0 4.023978e-11
18050.0 4.023789e-11
18060.0 4.024065e-11
18070.0 4.024743e-11
18080.0 4.025753e-11
18090.0 4.027018e-11
18100.0 4.028457e-11
18110.0 4.029988e-11
18120.0 4.031523e-11
18130.0 4.032977e-11
18140.0 4.034265e-11
18150.0 4.035304e-11
18160.0 4.036015e-11
18170.0 4.036325e-11
18180.0 4.036166e-11
18190.0 4.035478e-11
18200.0 4.034209e-11
18210.0 4.032319e-11
18220.0 4.029774e-11
18230.0 4.026553e-11
18240.0 4.022645e-11
18250.0 4.018050e-11
18260.0 4.012779e-11
18270.0 4.006853e-11
18280.0 4.000303e-11
18290.0 3.993169e-11
18300.0 3.985498e-11
18310.0 3.977345e-11
18320.0 3.968770e-11
18330.0 3.959837e-11
18340.0 3.950613e-11
18350.0 3.941167e-11
18360.0 3.931565e-11
18370.0 3.921873e-11
18380.0 3.912154e-11
18390.0 3.902464e-11
18400.0 3.892854e-11
18410.0 3.883367e-11
18420.0 3.874040e-11
18430.0 3.864897e-11
18440.0 3.855956e-11
18450.0 3.847224e-11
18460.0 3.838696e-11
18470.0 3.830361e-11
18480.0 3.822196e-11
18490.0 3.814170e-11
18500.0 3.806244e-11
18510.0 3.798372e-11
18520.0 3.790503e-11
18530.0 3.782579e-11
18540.0 3.774542e-11
18550.0 3.766330e-11
18560.0 3.757881e-11
18570.0 3.749136e-11
18580.0 3.740036e-11
18590.0 3.730527e-11
18600.0 3.720561e-11
18610.0 3.710093e-11
18620.0 3.699089e-11
18630.0 3.687520e-11
18640.0 3.675367e-11
18650.0 3.662620e-11
18660.0 3.649277e-11
18670.0 3.635345e-11
18680.0 3.620842e-11
18690.0 3.605794e-11
18700.0 3.590232e-11
18710.0 3.574199e-11
18720.0 3.557742e-11
18730.0 3.540914e-11
18740.0 3.523773e-11
18750.0 3.506381e-11
18760.0 3.488802e-11
18770.0 3.471101e-11
18780.0 3.453346e-11
18790.0 3.435600e-11
18800.0 3.417927e-11
18810.0 3.400388e-11
18820.0 3.383039e-11
18830.0 3.365933e-11
18840.0 3.349117e-11
18850.0 3.332634e-11
18860.0 3.316517e-11
18870.0 3.300797e-11
18880.0 3.285496e-11
18890.0 3.270629e-11
18900.0 3.256207e-11
18910.0 3.242233e-11
18920.0 3.228702e-11
18930.0 3.215608e-11
18940.0 3.202935e-11
18950.0 3.190665e-11
18960.0 3.178775e-11
18970.0 3.167240e-11
18980.0 3.156030e-11
18990.0 3.145115e-11
19000.0 3.134462e-11
19010.0 3.124038e-11
19020.0 3.113809e-11
19030.0 3.103744e-11
19040.0 3.093811e-11
19050.0 3.083979e-11
19060.0 3.074223e-11
19070.0 3.064515e-11
19080.0 3.054835e-11
19090.0 3.045164e-11
19100.0 3.035485e-11
19110.0 3.025789e-11
19120.0 3.016065e-11
19130.0 3.006311e-11
19140.0 2.996525e-11
19150.0 2.986710e-11
19160.0 2.976871e-11
19170.0 2.967019e-11
19180.0 2.957165e-11
19190.0 2.947324e-11
19200.0 2.937511e-11
19210.0 2.927747e-11
19220.0 2.918050e-11
19230.0 2.908442e-11
19240.0 2.898945e-11
19250.0 2.889580e-11
19260.0 2.880369e-11
19270.0 2.871335e-11
19280.0 2.862496e-11
19290.0 2.853873e-11
19300.0 2.845484e-11
19310.0 2.837344e-11
19320.0 2.829467e-11
19330.0 2.821865e-11
19340.0 2.814546e-11
19350.0 2.807518e-11
19360.0 2.800783e-11
19370.0 2.794341e-11
19380.0 2.788190e-11
19390.0 2.782324e-11
19400.0 2.776735e-11
19410.0 2.771411e-11
19420.0 2.766337e-11
19430.0 2.761495e-11
19440.0 2.756867e-11
19450.0 2.752430e-11
19460.0 2.748161e-11
19470.0 2.744033e-11
19480.0 2.740020e-11
19490.0 2.736094e-11
19500.0 2.732227e-11
19510.0 2.728391e-11
19520.0 2.724557e-11
19530.0 2.720699e-11
19540.0 2.716789e-11
19550.0 2.712804e-11
19560.0 2.708720e-11
19570.0 2.704517e-11
19580.0 2.700178e-11
19590.0 2.695686e-11
19600.0 2.691031e-11
19610.0 2.686203e-11
19620.0 2.681196e-11
19630.0 2.676009e-11
19640.0 2.670642e-11
19650.0 2.665100e-11
19660.0 2.659392e-11
19670.0 2.653526e-11
19680.0 2.647518e-11
19690.0 2.641384e-11
19700.0 2.635141e-11
19710.0 2.628810e-11
19720.0 2.622415e-11
19730.0 2.615978e-11
19740.0 2.609524e-11
19750.0 2.603077e-11
19760.0 2.596665e-11
19770.0 2.590312e-11
19780.0 2.584042e-11
19790.0 2.577881e-11
19800.0 2.571851e-11
19810.0 2.565974e-11
19820.0 2.560271e-11
19830.0 2.554758e-11
19840.0 2.549454e-11
19850.0 2.544371e-11
19860.0 2.539522e-11
19870.0 2.534914e-11
19880.0 2.530557e-11
19890.0 2.526452e-11
19900.0 2.522603e-11
19910.0 2.519008e-11
19920.0 2.515663e-11
19930.0 2.512564e-11
19940.0 2.509702e-11
19950.0 2.507068e-11
19960.0 2.504650e-11
19970.0 2.502435e-11
19980.0 2.500408e-11
19990.0 2.498554e-11
20000.0 2.496855e-11
20010.0 2.495296e-11
20020.0 2.493857e-11
20030.0 2.492523e-11
20040.0 2.491274e-11
20050.0 2.490093e-11
20060.0 2.488965e-11
20070.0 2.487873e-11
20080.0 2.486801e-11
20090.0 2.485737e-11
20100.0 2.484667e-11
20110.0 2.483579e-11
20120.0 2.482462e-11
20130.0 2.481309e-11
20140.0 2.480112e-11
20150.0 2.478863e-11
20160.0 2.477557e-11
20170.0 2.476190e-11
20180.0 2.474760e-11
20190.0 2.473264e-11
20200.0 2.471700e-11
20210.0 2.470069e-11
20220.0 2.468370e-11
20230.0 2.466604e-11
20240.0 2.464772e-11
20250.0 2.462876e-11
20260.0 2.460916e-11
20270.0 2.458895e-11
20280.0 2.456815e-11
20290.0 2.454676e-11
20300.0 2.452483e-11
20310.0 2.450236e-11
20320.0 2.447938e-11
20330.0 2.445590e-11
20340.0 2.443195e-11
20350.0 2.440755e-11
20360.0 2.438273e-11
20370.0 2.435751e-11
20380.0 2.433192e-11
20390.0 2.430599e-11
20400.0 2.427976e-11
20410.0 2.425325e-11
20420.0 2.422650e-11
20430.0 2.419956e-11
20440.0 2.417247e-11
20450.0 2.414528e-11
20460.0 2.411803e-11
20470.0 2.409077e-11
20480.0 2.406356e-11
20490.0 2.403645e-11
20500.0 2.400948e-11
20510.0 2.398270e-11
20520.0 2.395617e-11
20530.0 2.392993e-11
20540.0 2.390402e-11
20550.0 2.387848e-11
20560.0 2.385333e-11
20570.0 2.382860e-11
20580.0 2.380431e-11
20590.0 2.378046e-11
20600.0 2.375706e-11
20610.0 2.373409e-11
20620.0 2.371154e-11
20630.0 2.368939e-11
20640.0 2.366759e-11
20650.0 2.364609e-11
20660.0 2.362485e-11
20670.0 2.360380e-11
20680.0 2.358287e-11
20690.0 2.356198e-11
20700.0 2.354105e-11
20710.0 2.351998e-11
20720.0 2.349868e-11
20730.0 2.347706e-11
20740.0 2.345502e-11
20750.0 2.343245e-11
20760.0 2.340926e-11
20770.0 2.338536e-11
20780.0 2.336064e-11
20790.0 2.333503e-11
20800.0 2.330845e-11
20810.0 2.328081e-11
20820.0 2.325207e-11
20830.0 2.322215e-11
20840.0 2.319102e-11
20850.0 2.315865e-11
20860.0 2.312501e-11
20870.0 2.309010e-11
20880.0 2.305391e-11
20890.0 2.301648e-11
20900.0 2.297782e-11
20910.0 2.293798e-11
20920.0 2.289700e-11
20930.0 2.285497e-11
20940.0 2.281194e-11
20950.0 2.276801e-11
20960.0 2.272325e-11
20970.0 2.267778e-11
20980.0 2.263169e-11
20990.0 2.258509e-11
21000.0 2.253809e-11
21010.0 2.249079e-11
21020.0 2.244329e-11
21030.0 2.239571e-11
21040.0 2.234814e-11
21050.0 2.230067e-11
21060.0 2.225339e-11
21070.0 2.220637e-11
21080.0 2.215969e-11
21090.0 2.211340e-11
21100.0 2.206754e-11
21110.0 2.202215e-11
21120.0 2.197726e-11
21130.0 2.193288e-11
21140.0 2.188901e-11
21150.0 2.184564e-11
21160.0 2.180276e-11
21170.0 2.176033e-11
21180.0 2.171833e-11
21190.0 2.167672e-11
21200.0 2.163543e-11
21210.0 2.159444e-11
21220.0 2.155367e-11
21230.0 2.151307e-11
21240.0 2.147259e-11
21250.0 2.143216e-11
21260.0 2.139173e-11
21270.0 2.135123e-11
21280.0 2.131061e-11
21290.0 2.126983e-11
21300.0 2.122882e-11
21310.0 2.118755e-11
21320.0 2.114596e-11
21330.0 2.110403e-11
21340.0 2.106171e-11
21350.0 2.101897e-11
21360.0 2.097578e-11
21370.0 2.093212e-11
21380.0 2.088796e-11
21390.0 2.084328e-11
21400.0 2.079807e-11
21410.0 2.075231e-11
21420.0 2.070599e-11
21430.0 2.065911e-11
21440.0 2.061165e-11
21450.0 2.056363e-11
21460.0 2.051504e-11
21470.0 2.046588e-11
21480.0 2.041616e-11
21490.0 2.036591e-11
21500.0 2.031513e-11
21510.0 2.026384e-11
21520.0 2.021207e-11
21530.0 2.015985e-11
21540.0 2.010720e-11
21550.0 2.005417e-11
21560.0 2.000079e-11
21570.0 1.994710e-11
21580.0 1.989315e-11
21590.0 1.983897e-11
21600.0 1.978461e-11
21610.0 1.973013e-11
21620.0 1.967556e-11
21630.0 1.962095e-11
21640.0 1.956634e-11
21650.0 1.951177e-11
21660.0 1.945728e-11
21670.0 1.940290e-11
21680.0 1.934865e-11
21690.0 1.929457e-11
21700.0 1.924068e-11
21710.0 1.918698e-11
21720.0 1.913348e-11
21730.0 1.908019e-11
21740.0 1.902711e-11
21750.0 1.897424e-11
21760.0 1.892156e-11
21770.0 1.886906e-11
21780.0 1.881672e-11
21790.0 1.876453e-11
21800.0 1.871247e-11
21810.0 1.866053e-11
21820.0 1.860867e-11
21830.0 1.855689e-11
21840.0 1.850517e-11
21850.0 1.845349e-11
21860.0 1.840185e-11
21870.0 1.835025e-11
21880.0 1.829869e-11
21890.0 1.824716e-11
21900.0 1.819569e-11
21910.0 1.814428e-11
21920.0 1.809297e-11
21930.0 1.804178e-11
21940.0 1.799075e-11
21950.0 1.793991e-11
21960.0 1.788930e-11
21970.0 1.783899e-11
21980.0 1.778901e-11
21990.0 1.773943e-11
22000.0 1.769030e-11
22010.0 1.764168e-11
22020.0 1.759363e-11
22030.0 1.754621e-11
22040.0 1.749948e-11
22050.0 1.745350e-11
22060.0 1.740831e-11
22070.0 1.736398e-11
22080.0 1.732055e-11
22090.0 1.727805e-11
22100.0 1.723653e-11
22110.0 1.719602e-11
22120.0 1.715654e-11
22130.0 1.711811e-11
22140.0 1.708075e-11
22150.0 1.704445e-11
22160.0 1.700922e-11
22170.0 1.697505e-11
22180.0 1.694191e-11
22190.0 1.690980e-11
22200.0 1.687868e-11
22210.0 1.684852e-11
22220.0 1.681927e-11
22230.0 1.679090e-11
22240.0 1.676335e-11
22250.0 1.673657e-11
22260.0 1.671051e-11
22270.0 1.668510e-11
22280.0 1.666029e-11
22290.0 1.663601e-11
22300.0 1.661220e-11
22310.0 1.658879e-11
22320.0 1.656571e-11
22330.0 1.654292e-11
22340.0 1.652033e-11
22350.0 1.649790e-11
22360.0 1.647556e-11
22370.0 1.645326e-11
22380.0 1.643095e-11
22390.0 1.640857e-11
22400.0 1.638608e-11
22410.0 1.636345e-11
22420.0 1.634063e-11
22430.0 1.631759e-11
22440.0 1.629430e-11
22450.0 1.627074e-11
22460.0 1.624689e-11
22470.0 1.622273e-11
22480.0 1.619827e-11
22490.0 1.617349e-11
22500.0 1.614840e-11
22510.0 1.612300e-11
22520.0 1.609730e-11
22530.0 1.607132e-11
22540.0 1.604508e-11
22550.0 1.601861e-11
22560.0 1.599192e-11
22570.0 1.596506e-11
22580.0 1.593806e-11
22590.0 1.591096e-11
22600.0 1.588380e-11
22610.0 1.585663e-11
22620.0 1.582949e-11
22630.0 1.580243e-11
22640.0 1.577552e-11
22650.0 1.574879e-11
22660.0 1.572229e-11
22670.0 1.569610e-11
22680.0 1.567025e-11
22690.0 1.564481e-11
22700.0 1.561981e-11
22710.0 1.559532e-11
22720.0 1.557138e-11
22730.0 1.554804e-11
22740.0 1.552534e-11
22750.0 1.550332e-11
22760.0 1.548201e-11
22770.0 1.546145e-11
22780.0 1.544166e-11
22790.0 1.542266e-11
22800.0 1.540447e-11
22810.0 1.538711e-11
22820.0 1.537056e-11
22830.0 1.535484e-11
22840.0 1.533993e-11
22850.0 1.532583e-11
22860.0 1.531250e-11
22870.0 1.529993e-11
22880.0 1.528808e-11
22890.0 1.527692e-11
22900.0 1.526641e-11
22910.0 1.525650e-11
22920.0 1.524715e-11
22930.0 1.523831e-11
22940.0 1.522992e-11
22950.0 1.522193e-11
22960.0 1.521430e-11
22970.0 1.520697e-11
22980.0 1.519990e-11
22990.0 1.519303e-11
23000.0 1.518634e-11
23010.0 1.517979e-11
23020.0 1.517334e-11
23030.0 1.516697e-11
23040.0 1.516069e-11
23050.0 1.515446e-11
23060.0 1.514830e-11
23070.0 1.514222e-11
23080.0 1.513624e-11
23090.0 1.513037e-11
23100.0 1.512466e-11
23110.0 1.511914e-11
23120.0 1.511386e-11
23130.0 1.510887e-11
23140.0 1.510423e-11
23150.0 1.509999e-11
23160.0 1.509622e-11
23170.0 1.509297e-11
23180.0 1.509032e-11
23190.0 1.508830e-11
23200.0 1.508698e-11
23210.0 1.508640e-11
23220.0 1.508661e-11
23230.0 1.508763e-11
23240.0 1.508950e-11
23250.0 1.509224e-11
23260.0 1.509584e-11
23270.0 1.510030e-11
23280.0 1.510562e-11
23290.0 1.511176e-11
23300.0 1.511870e-11
23310.0 1.512637e-11
23320.0 1.513474e-11
23330.0 1.514374e-11
23340.0 1.515329e-11
23350.0 1.516332e-11
23360.0 1.517375e-11
23370.0 1.518449e-11
23380.0 1.519544e-11
23390.0 1.520653e-11
23400.0 1.521765e-11
23410.0 1.522873e-11
23420.0 1.523966e-11
23430.0 1.525038e-11
23440.0 1.526081e-11
23450.0 1.527088e-11
23460.0 1.528052e-11
23470.0 1.528968e-11
23480.0 1.529833e-11
23490.0 1.530643e-11
23500.0 1.531395e-11
23510.0 1.532089e-11
23520.0 1.532724e-11
23530.0 1.533301e-11
23540.0 1.533823e-11
23550.0 1.534292e-11
23560.0 1.534711e-11
23570.0 1.535086e-11
23580.0 1.535421e-11
23590.0 1.535722e-11
23600.0 1.535995e-11
23610.0 1.536247e-11
23620.0 1.536485e-11
23630.0 1.536715e-11
23640.0 1.536944e-11
23650.0 1.537179e-11
23660.0 1.537427e-11
23670.0 1.537693e-11
23680.0 1.537984e-11
23690.0 1.538305e-11
23700.0 1.538660e-11
23710.0 1.539056e-11
23720.0 1.539496e-11
23730.0 1.539984e-11
23740.0 1.540525e-11
23750.0 1.541122e-11
23760.0 1.541780e-11
23770.0 1.542503e-11
23780.0 1.543296e-11
23790.0 1.544163e-11
23800.0 1.545110e-11
23810.0 1.546143e-11
23820.0 1.547268e-11
23830.0 1.548510e-11
23840.0 1.549866e-11
23850.0 1.551335e-11
23860.0 1.552926e-11
23870.0 1.554644e-11
23880.0 1.556495e-11
23890.0 1.558483e-11
23900.0 1.560611e-11
23910.0 1.562881e-11
23920.0 1.565290e-11
23930.0 1.567836e-11
23940.0 1.570509e-11
23950.0 1.573302e-11
23960.0 1.576201e-11
23970.0 1.579191e-11
23980.0 1.582254e-11
23990.0 1.585369e-11
24000.0 1.588516e-11
24010.0 1.591670e-11
24020.0 1.594809e-11
24030.0 1.597910e-11
24040.0 1.600949e-11
24050.0 1.603907e-11
24060.0 1.606764e-11
24070.0 1.609505e-11
24080.0 1.612117e-11
24090.0 1.614591e-11
24100.0 1.616921e-11
24110.0 1.619105e-11
24120.0 1.621145e-11
24130.0 1.623047e-11
24140.0 1.624820e-11
24150.0 1.626474e-11
24160.0 1.628024e-11
24170.0 1.629487e-11
24180.0 1.630879e-11
24190.0 1.632221e-11
24200.0 1.633532e-11
24210.0 1.634832e-11
24220.0 1.636141e-11
24230.0 1.637478e-11
24240.0 1.638864e-11
24250.0 1.640317e-11
24260.0 1.641854e-11
24270.0 1.643492e-11
24280.0 1.645247e-11
24290.0 1.647135e-11
24300.0 1.649169e-11
24310.0 1.651363e-11
24320.0 1.653730e-11
24330.0 1.656281e-11
24340.0 1.659029e-11
24350.0 1.661984e-11
24360.0 1.665156e-11
24370.0 1.668555e-11
24380.0 1.672191e-11
24390.0 1.676071e-11
24400.0 1.680204e-11
24410.0 1.684597e-11
24420.0 1.689255e-11
24430.0 1.694182e-11
24440.0 1.699383e-11
24450.0 1.704857e-11
24460.0 1.710605e-11
24470.0 1.716623e-11
24480.0 1.722905e-11
24490.0 1.729442e-11
24500.0 1.736223e-11
24510.0 1.743232e-11
24520.0 1.750449e-11
24530.0 1.757852e-11
24540.0 1.765415e-11
24550.0 1.773109e-11
24560.0 1.780900e-11
24570.0 1.788753e-11
24580.0 1.796631e-11
24590.0 1.804495e-11
24600.0 1.812304e-11
24610.0 1.820021e-11
24620.0 1.827605e-11
24630.0 1.835019e-11
24640.0 1.842229e-11
24650.0 1.849204e-11
24660.0 1.855915e-11
24670.0 1.862340e-11
24680.0 1.868460e-11
24690.0 1.874260e-11
24700.0 1.879732e-11
24710.0 1.884871e-11
24720.0 1.889678e-11
24730.0 1.894157e-11
24740.0 1.898315e-11
24750.0 1.902163e-11
24760.0 1.905715e-11
24770.0 1.908985e-11
24780.0 1.911990e-11
24790.0 1.914746e-11
24800.0 1.917271e-11
24810.0 1.919581e-11
24820.0 1.921691e-11
24830.0 1.923617e-11
24840.0 1.925374e-11
24850.0 1.926974e-11
24860.0 1.928429e-11
24870.0 1.929751e-11
24880.0 1.930950e-11
24890.0 1.932035e-11
24900.0 1.933015e-11
24910.0 1.933900e-11
24920.0 1.934696e-11
24930.0 1.935412e-11
24940.0 1.936055e-11
24950.0 1.936631e-11
24960.0 1.937146e-11
24970.0 1.937608e-11
24980.0 1.938021e-11
24990.0 1.938390e-11
25000.0 1.938720e-11
