1000.0 1.389426e-12
1010.0 1.687786e-12
1020.0 2.057389e-12
1030.0 2.513164e-12
1040.0 3.073794e-12
1050.0 3.760897e-12
1060.0 4.598975e-12
1070.0 5.615156e-12
1080.0 6.838679e-12
1090.0 8.300118e-12
1100.0 1.003038e-11
1110.0 1.205952e-11
1120.0 1.441551e-11
1130.0 1.712297e-11
1140.0 2.020209e-11
1150.0 2.366771e-11
1160.0 2.752855e-11
1170.0 3.178677e-11
1180.0 3.643762e-11
1190.0 4.146933e-11
1200.0 4.686318e-11
1210.0 5.259372e-11
1220.0 5.862918e-11
1230.0 6.493207e-11
1240.0 7.145998e-11
1250.0 7.816647e-11
1260.0 8.500222e-11
1270.0 9.191610e-11
1280.0 9.885643e-11
1290.0 1.057721e-10
1300.0 1.126139e-10
1310.0 1.193352e-10
1320.0 1.258933e-10
1330.0 1.322497e-10
1340.0 1.383714e-10
1350.0 1.442308e-10
1360.0 1.498062e-10
1370.0 1.550820e-10
1380.0 1.600488e-10
1390.0 1.647032e-10
1400.0 1.690472e-10
1410.0 1.730882e-10
1420.0 1.768383e-10
1430.0 1.803131e-10
1440.0 1.835313e-10
1450.0 1.865132e-10
1460.0 1.892796e-10
1470.0 1.918505e-10
1480.0 1.942434e-10
1490.0 1.964724e-10
1500.0 1.985470e-10
1510.0 2.004710e-10
1520.0 2.022429e-10
1530.0 2.038561e-10
1540.0 2.053002e-10
1550.0 2.065630e-10
1560.0 2.076336e-10
1570.0 2.085047e-10
1580.0 2.091765e-10
1590.0 2.096585e-10
1600.0 2.099721e-10
1610.0 2.101505e-10
1620.0 2.102385e-10
1630.0 2.102901e-10
1640.0 2.103657e-10
1650.0 2.105282e-10
1660.0 2.108396e-10
1670.0 2.113575e-10
1680.0 2.121328e-10
1690.0 2.132082e-10
1700.0 2.146178e-10
1710.0 2.163879e-10
1720.0 2.185374e-10
1730.0 2.210795e-10
1740.0 2.240219e-10
1750.0 2.273677e-10
1760.0 2.311143e-10
1770.0 2.352528e-10
1780.0 2.397660e-10
1790.0 2.446265e-10
1800.0 2.497954e-10
1810.0 2.552212e-10
1820.0 2.608399e-10
1830.0 2.665772e-10
1840.0 2.723513e-10
1850.0 2.780781e-10
1860.0 2.836765e-10
1870.0 2.890752e-10
1880.0 2.942181e-10
1890.0 2.990692e-10
1900.0 3.036149e-10
1910.0 3.078641e-10
1920.0 3.118448e-10
1930.0 3.155983e-10
1940.0 3.191718e-10
1950.0 3.226090e-10
1960.0 3.259422e-10
1970.0 3.291850e-10
1980.0 3.323281e-10
1990.0 3.353383e-10
2000.0 3.381611e-10
2010.0 3.407267e-10
2020.0 3.429582e-10
2030.0 3.447812e-10
2040.0 3.461340e-10
2050.0 3.469760e-10
2060.0 3.472949e-10
2070.0 3.471104e-10
2080.0 3.464756e-10
2090.0 3.454749e-10
2100.0 3.442192e-10
2110.0 3.428400e-10
2120.0 3.414809e-10
2130.0 3.402894e-10
2140.0 3.394086e-10
2150.0 3.389701e-10
2160.0 3.390871e-10
2170.0 3.398500e-10
2180.0 3.413229e-10
2190.0 3.435420e-10
2200.0 3.465150e-10
2210.0 3.502219e-10
2220.0 3.546165e-10
2230.0 3.596295e-10
2240.0 3.651714e-10
2250.0 3.711361e-10
2260.0 3.774060e-10
2270.0 3.838558e-10
2280.0 3.903583e-10
2290.0 3.967887e-10
2300.0 4.030301e-10
2310.0 4.089783e-10
2320.0 4.145465e-10
2330.0 4.196710e-10
2340.0 4.243158e-10
2350.0 4.284779e-10
2360.0 4.321926e-10
2370.0 4.355371e-10
2380.0 4.386334e-10
2390.0 4.416468e-10
2400.0 4.447806e-10
2410.0 4.482650e-10
2420.0 4.523399e-10
2430.0 4.572333e-10
2440.0 4.631355e-10
2450.0 4.701739e-10
2460.0 4.783914e-10
2470.0 4.877329e-10
2480.0 4.980422e-10
2490.0 5.090727e-10
2500.0 5.205105e-10
2510.0 5.320076e-10
2520.0 5.432199e-10
2530.0 5.538459e-10
2540.0 5.636573e-10
2550.0 5.725196e-10
2560.0 5.803969e-10
2570.0 5.873438e-10
2580.0 5.934858e-10
2590.0 5.989931e-10
2600.0 6.040531e-10
2610.0 6.088463e-10
2620.0 6.135285e-10
2630.0 6.182202e-10
2640.0 6.230038e-10
2650.0 6.280431e-10
2660.0 6.394851e-10
2670.0 7.133336e-10
2680.0 8.821492e-10
2690.0 1.009932e-09
2700.0 1.102533e-09
2710.0 1.197914e-09
2720.0 1.297655e-09
2730.0 1.404933e-09
2740.0 1.482434e-09
2750.0 1.502719e-09
2760.0 1.503561e-09
2770.0 1.518602e-09
2780.0 1.524571e-09
2790.0 1.499554e-09
2800.0 1.484281e-09
2810.0 1.562183e-09
2820.0 1.718511e-09
2830.0 1.875347e-09
2840.0 1.995534e-09
2850.0 2.098276e-09
2860.0 2.230009e-09
2870.0 2.412388e-09
2880.0 2.645973e-09
2890.0 2.889870e-09
2900.0 3.119400e-09
2910.0 3.326870e-09
2920.0 3.485461e-09
2930.0 3.588852e-09
2940.0 3.636268e-09
2950.0 3.601789e-09
2960.0 3.471317e-09
2970.0 3.272783e-09
2980.0 3.064651e-09
2990.0 2.893548e-09
3000.0 2.786514e-09
3010.0 2.765210e-09
3020.0 2.784852e-09
3030.0 2.802513e-09
3040.0 2.814044e-09
3050.0 2.819160e-09
3060.0 2.814620e-09
3070.0 2.820033e-09
3080.0 2.853545e-09
3090.0 2.858847e-09
3100.0 2.811671e-09
3110.0 2.839332e-09
3120.0 2.987015e-09
3130.0 3.242347e-09
3140.0 3.551615e-09
3150.0 3.843094e-09
3160.0 4.029774e-09
3170.0 4.062727e-09
3180.0 3.989579e-09
3190.0 3.851304e-09
3200.0 3.657604e-09
3210.0 3.451697e-09
3220.0 3.254104e-09
3230.0 3.099242e-09
3240.0 3.022112e-09
3250.0 2.996529e-09
3260.0 2.967151e-09
3270.0 2.922659e-09
3280.0 2.904008e-09
3290.0 2.943869e-09
3300.0 3.024125e-09
3310.0 3.106978e-09
3320.0 3.186369e-09
3330.0 3.277088e-09
3340.0 3.384653e-09
3350.0 3.500614e-09
3360.0 3.605355e-09
3370.0 3.688609e-09
3380.0 3.763351e-09
3390.0 3.847773e-09
3400.0 3.940520e-09
3410.0 4.027313e-09
3420.0 4.098749e-09
3430.0 4.153621e-09
3440.0 4.207414e-09
3450.0 4.293131e-09
3460.0 4.432017e-09
3470.0 4.621294e-09
3480.0 4.860509e-09
3490.0 5.159082e-09
3500.0 5.503784e-09
3510.0 5.857746e-09
3520.0 6.187764e-09
3530.0 6.479331e-09
3540.0 6.730545e-09
3550.0 6.950230e-09
3560.0 7.145862e-09
3570.0 7.296438e-09
3580.0 7.352256e-09
3590.0 7.277035e-09
3600.0 7.122134e-09
3610.0 7.010315e-09
3620.0 6.991112e-09
3630.0 7.021057e-09
3640.0 7.021399e-09
3650.0 6.914747e-09
3660.0 6.658666e-09
3670.0 6.262977e-09
3680.0 5.777051e-09
3690.0 5.251942e-09
3700.0 4.720392e-09
3710.0 4.238751e-09
3720.0 3.879708e-09
3730.0 3.645721e-09
3740.0 3.497952e-09
3750.0 3.414099e-09
3760.0 3.383777e-09
3770.0 3.400660e-09
3780.0 3.458594e-09
3790.0 3.551644e-09
3800.0 3.702860e-09
3810.0 3.963353e-09
3820.0 4.355311e-09
3830.0 4.868845e-09
3840.0 5.484928e-09
3850.0 6.175742e-09
3860.0 6.905434e-09
3870.0 7.630129e-09
3880.0 8.296593e-09
3890.0 8.853980e-09
3900.0 9.270978e-09
3910.0 9.536322e-09
3920.0 9.649972e-09
3930.0 9.621755e-09
3940.0 9.466103e-09
3950.0 9.196376e-09
3960.0 8.836885e-09
3970.0 8.437271e-09
3980.0 8.061834e-09
3990.0 7.769526e-09
4000.0 7.605223e-09
4010.0 7.587963e-09
4020.0 7.700876e-09
4030.0 7.903301e-09
4040.0 8.147635e-09
4050.0 8.387238e-09
4060.0 8.582492e-09
4070.0 8.707749e-09
4080.0 8.753909e-09
4090.0 8.726153e-09
4100.0 8.640671e-09
4110.0 8.519469e-09
4120.0 8.383387e-09
4130.0 8.248231e-09
4140.0 8.124701e-09
4150.0 8.015946e-09
4160.0 7.913507e-09
4170.0 7.800277e-09
4180.0 7.660169e-09
4190.0 7.485035e-09
4200.0 7.275555e-09
4210.0 7.039989e-09
4220.0 6.790943e-09
4230.0 6.537551e-09
4240.0 6.278215e-09
4250.0 6.004556e-09
4260.0 5.714622e-09
4270.0 5.421221e-09
4280.0 5.148077e-09
4290.0 4.921415e-09
4300.0 4.763633e-09
4310.0 4.686363e-09
4320.0 4.683548e-09
4330.0 4.732753e-09
4340.0 4.806811e-09
4350.0 4.886074e-09
4360.0 4.962059e-09
4370.0 5.033549e-09
4380.0 5.101925e-09
4390.0 5.169265e-09
4400.0 5.237840e-09
4410.0 5.310002e-09
4420.0 5.390005e-09
4430.0 5.486262e-09
4440.0 5.609671e-09
4450.0 5.767842e-09
4460.0 5.959679e-09
4470.0 6.173941e-09
4480.0 6.391539e-09
4490.0 6.590331e-09
4500.0 6.751547e-09
4510.0 6.864833e-09
4520.0 6.928532e-09
4530.0 6.946656e-09
4540.0 6.926982e-09
4550.0 6.881286e-09
4560.0 6.824015e-09
4570.0 6.767091e-09
4580.0 6.714113e-09
4590.0 6.658412e-09
4600.0 6.585614e-09
4610.0 6.479224e-09
4620.0 6.327320e-09
4630.0 6.128414e-09
4640.0 5.894313e-09
4650.0 5.647645e-09
4660.0 5.414440e-09
4670.0 5.214609e-09
4680.0 5.054857e-09
4690.0 4.928735e-09
4700.0 4.823204e-09
4710.0 4.725842e-09
4720.0 4.628797e-09
4730.0 4.529869e-09
4740.0 4.431691e-09
4750.0 4.339487e-09
4760.0 4.257971e-09
4770.0 4.188074e-09
4780.0 4.124914e-09
4790.0 4.058804e-09
4800.0 3.979516e-09
4810.0 3.881073e-09
4820.0 3.764297e-09
4830.0 3.637146e-09
4840.0 3.514083e-09
4850.0 3.413893e-09
4860.0 3.354603e-09
4870.0 3.346763e-09
4880.0 3.388433e-09
4890.0 3.463831e-09
4900.0 3.546575e-09
4910.0 3.610183e-09
4920.0 3.642079e-09
4930.0 3.645601e-09
4940.0 3.629090e-09
4950.0 3.600445e-09
4960.0 3.569268e-09
4970.0 3.546282e-09
4980.0 3.539699e-09
4990.0 3.553129e-09
5000.0 3.586332e-09
5010.0 3.637483e-09
5020.0 3.705036e-09
5030.0 3.788044e-09
5040.0 3.885490e-09
5050.0 3.995854e-09
5060.0 4.116983e-09
5070.0 4.245587e-09
5080.0 4.376350e-09
5090.0 4.501585e-09
5100.0 4.612104e-09
5110.0 4.699172e-09
5120.0 4.757021e-09
5130.0 4.785045e-09
5140.0 4.788384e-09
5150.0 4.776013e-09
5160.0 4.757003e-09
5170.0 4.736760e-09
5180.0 4.714737e-09
5190.0 4.683808e-09
5200.0 4.631836e-09
5210.0 4.545772e-09
5220.0 4.417232e-09
5230.0 4.247225e-09
5240.0 4.047756e-09
5250.0 3.839324e-09
5260.0 3.645047e-09
5270.0 3.483879e-09
5280.0 3.366139e-09
5290.0 3.293081e-09
5300.0 3.259560e-09
5310.0 3.257355e-09
5320.0 3.277344e-09
5330.0 3.310314e-09
5340.0 3.347223e-09
5350.0 3.379743e-09
5360.0 3.401084e-09
5370.0 3.406490e-09
5380.0 3.393099e-09
5390.0 3.359465e-09
5400.0 3.305532e-09
5410.0 3.233276e-09
5420.0 3.147765e-09
5430.0 3.057765e-09
5440.0 2.975126e-09
5450.0 2.912917e-09
5460.0 2.882937e-09
5470.0 2.893322e-09
5480.0 2.946747e-09
5490.0 3.039700e-09
5500.0 3.163346e-09
5510.0 3.305945e-09
5520.0 3.455231e-09
5530.0 3.598981e-09
5540.0 3.725001e-09
5550.0 3.823671e-09
5560.0 3.891788e-09
5570.0 3.932867e-09
5580.0 3.953633e-09
5590.0 3.960498e-09
5600.0 3.957799e-09
5610.0 3.947493e-09
5620.0 3.929784e-09
5630.0 3.904272e-09
5640.0 3.870914e-09
5650.0 3.830123e-09
5660.0 3.782274e-09
5670.0 3.727444e-09
5680.0 3.665806e-09
5690.0 3.598296e-09
5700.0 3.526968e-09
5710.0 3.454830e-09
5720.0 3.385452e-09
5730.0 3.322584e-09
5740.0 3.269817e-09
5750.0 3.230280e-09
5760.0 3.206375e-09
5770.0 3.199522e-09
5780.0 3.209703e-09
5790.0 3.234827e-09
5800.0 3.270411e-09
5810.0 3.310216e-09
5820.0 3.347906e-09
5830.0 3.378872e-09
5840.0 3.401091e-09
5850.0 3.414831e-09
5860.0 3.421836e-09
5870.0 3.424536e-09
5880.0 3.425424e-09
5890.0 3.426308e-09
5900.0 3.427556e-09
5910.0 3.427997e-09
5920.0 3.425761e-09
5930.0 3.419426e-09
5940.0 3.408412e-09
5950.0 3.392250e-09
5960.0 3.369379e-09
5970.0 3.336409e-09
5980.0 3.288405e-09
5990.0 3.220067e-09
6000.0 3.127282e-09
6010.0 3.008378e-09
6020.0 2.864592e-09
6030.0 2.699727e-09
6040.0 2.519351e-09
6050.0 2.330065e-09
6060.0 2.139050e-09
6070.0 1.953827e-09
6080.0 1.782072e-09
6090.0 1.631215e-09
6100.0 1.507782e-09
6110.0 1.416637e-09
6120.0 1.360403e-09
6130.0 1.339434e-09
6140.0 1.352484e-09
6150.0 1.397498e-09
6160.0 1.471679e-09
6170.0 1.570931e-09
6180.0 1.689666e-09
6190.0 1.821369e-09
6200.0 1.959450e-09
6210.0 2.097860e-09
6220.0 2.231383e-09
6230.0 2.355697e-09
6240.0 2.467386e-09
6250.0 2.564060e-09
6260.0 2.644581e-09
6270.0 2.709186e-09
6280.0 2.759258e-09
6290.0 2.796783e-09
6300.0 2.823723e-09
6310.0 2.841595e-09
6320.0 2.851355e-09
6330.0 2.853514e-09
6340.0 2.848384e-09
6350.0 2.836349e-09
6360.0 2.818031e-09
6370.0 2.794327e-09
6380.0 2.766304e-09
6390.0 2.735038e-09
6400.0 2.701463e-09
6410.0 2.666322e-09
6420.0 2.630253e-09
6430.0 2.593945e-09
6440.0 2.558206e-09
6450.0 2.523813e-09
6460.0 2.491239e-09
6470.0 2.460473e-09
6480.0 2.431092e-09
6490.0 2.402506e-09
6500.0 2.374197e-09
6510.0 2.345805e-09
6520.0 2.317097e-09
6530.0 2.287916e-09
6540.0 2.258196e-09
6550.0 2.228037e-09
6560.0 2.197802e-09
6570.0 2.168175e-09
6580.0 2.140049e-09
6590.0 2.114169e-09
6600.0 2.090643e-09
6610.0 2.068596e-09
6620.0 2.046279e-09
6630.0 2.021673e-09
6640.0 1.993315e-09
6650.0 1.960899e-09
6660.0 1.925357e-09
6670.0 1.888399e-09
6680.0 1.851796e-09
6690.0 1.816790e-09
6700.0 1.783880e-09
6710.0 1.753003e-09
6720.0 1.723914e-09
6730.0 1.696495e-09
6740.0 1.670818e-09
6750.0 1.647044e-09
6760.0 1.625283e-09
6770.0 1.605510e-09
6780.0 1.587495e-09
6790.0 1.570780e-09
6800.0 1.554733e-09
6810.0 1.538698e-09
6820.0 1.522176e-09
6830.0 1.504969e-09
6840.0 1.487212e-09
6850.0 1.469330e-09
6860.0 1.451919e-09
6870.0 1.435570e-09
6880.0 1.420706e-09
6890.0 1.407486e-09
6900.0 1.395813e-09
6910.0 1.385423e-09
6920.0 1.375988e-09
6930.0 1.367192e-09
6940.0 1.358746e-09
6950.0 1.350393e-09
6960.0 1.341944e-09
6970.0 1.333328e-09
6980.0 1.324619e-09
6990.0 1.315983e-09
7000.0 1.307553e-09
7010.0 1.299331e-09
7020.0 1.291172e-09
7030.0 1.282883e-09
7040.0 1.274350e-09
7050.0 1.265604e-09
7060.0 1.256777e-09
7070.0 1.247972e-09
7080.0 1.239119e-09
7090.0 1.229924e-09
7100.0 1.219947e-09
7110.0 1.208785e-09
7120.0 1.196291e-09
7130.0 1.182742e-09
7140.0 1.168812e-09
7150.0 1.155387e-09
7160.0 1.143226e-09
7170.0 1.132637e-09
7180.0 1.123393e-09
7190.0 1.114896e-09
7200.0 1.106469e-09
7210.0 1.097594e-09
7220.0 1.088039e-09
7230.0 1.077849e-09
7240.0 1.067234e-09
7250.0 1.056394e-09
7260.0 1.045359e-09
7270.0 1.033924e-09
7280.0 1.021706e-09
7290.0 1.008314e-09
7300.0 9.935255e-10
7310.0 9.773990e-10
7320.0 9.602654e-10
7330.0 9.426080e-10
7340.0 9.249068e-10
7350.0 9.075181e-10
7360.0 8.906236e-10
7370.0 8.742406e-10
7380.0 8.582691e-10
7390.0 8.425689e-10
7400.0 8.270648e-10
7410.0 8.118342e-10
7420.0 7.971840e-10
7430.0 7.836123e-10
7440.0 7.716508e-10
7450.0 7.617231e-10
7460.0 7.541120e-10
7470.0 7.489886e-10
7480.0 7.463920e-10
7490.0 7.461471e-10
7500.0 7.478335e-10
7510.0 7.509002e-10
7520.0 7.548772e-10
7530.0 7.595431e-10
7540.0 7.649341e-10
7550.0 7.711987e-10
7560.0 7.784060e-10
7570.0 7.864237e-10
7580.0 7.949058e-10
7590.0 8.033400e-10
7600.0 8.111085e-10
7610.0 8.176048e-10
7620.0 8.224782e-10
7630.0 8.259259e-10
7640.0 8.287456e-10
7650.0 8.319761e-10
7660.0 8.363538e-10
7670.0 8.420345e-10
7680.0 8.487459e-10
7690.0 8.561248e-10
7700.0 8.639138e-10
7710.0 8.719353e-10
7720.0 8.799786e-10
7730.0 8.877782e-10
7740.0 8.950366e-10
7750.0 9.015008e-10
7760.0 9.070290e-10
7770.0 9.115767e-10
7780.0 9.151175e-10
7790.0 9.175587e-10
7800.0 9.187095e-10
7810.0 9.183148e-10
7820.0 9.161266e-10
7830.0 9.119708e-10
7840.0 9.057877e-10
7850.0 8.976448e-10
7860.0 8.877304e-10
7870.0 8.763290e-10
7880.0 8.637803e-10
7890.0 8.504284e-10
7900.0 8.365806e-10
7910.0 8.224885e-10
7920.0 8.083498e-10
7930.0 7.943225e-10
7940.0 7.805460e-10
7950.0 7.671730e-10
7960.0 7.544013e-10
7970.0 7.424713e-10
7980.0 7.316173e-10
7990.0 7.220110e-10
8000.0 7.137348e-10
8010.0 7.067692e-10
8020.0 7.009682e-10
8030.0 6.960654e-10
8040.0 6.918207e-10
8050.0 6.881547e-10
8060.0 6.850645e-10
8070.0 6.823396e-10
8080.0 6.793732e-10
8090.0 6.753257e-10
8100.0 6.695311e-10
8110.0 6.617934e-10
8120.0 6.523676e-10
8130.0 6.417304e-10
8140.0 6.303660e-10
8150.0 6.186844e-10
8160.0 6.070372e-10
8170.0 5.957554e-10
8180.0 5.851638e-10
8190.0 5.755717e-10
8200.0 5.672514e-10
8210.0 5.604214e-10
8220.0 5.552385e-10
8230.0 5.517983e-10
8240.0 5.494297e-10
8250.0 5.484583e-10
8260.0 5.490940e-10
8270.0 5.511949e-10
8280.0 5.546004e-10
8290.0 5.591794e-10
8300.0 5.648746e-10
8310.0 5.717212e-10
8320.0 5.798287e-10
8330.0 5.893368e-10
8340.0 6.003664e-10
8350.0 6.129830e-10
8360.0 6.271795e-10
8370.0 6.428737e-10
8380.0 6.599188e-10
8390.0 6.781113e-10
8400.0 6.971977e-10
8410.0 7.168847e-10
8420.0 7.368518e-10
8430.0 7.567673e-10
8440.0 7.763046e-10
8450.0 7.951555e-10
8460.0 8.130388e-10
8470.0 8.297061e-10
8480.0 8.449505e-10
8490.0 8.586229e-10
8500.0 8.706521e-10
8510.0 8.810618e-10
8520.0 8.899726e-10
8530.0 8.975797e-10
8540.0 9.041084e-10
8550.0 9.097593e-10
8560.0 9.146633e-10
8570.0 9.188615e-10
8580.0 9.223174e-10
8590.0 9.249537e-10
8600.0 9.266958e-10
8610.0 9.275069e-10
8620.0 9.274040e-10
8630.0 9.264547e-10
8640.0 9.247640e-10
8650.0 9.224580e-10
8660.0 9.196679e-10
8670.0 9.165137e-10
8680.0 9.130826e-10
8690.0 9.094035e-10
8700.0 9.054225e-10
8710.0 9.009985e-10
8720.0 8.959235e-10
8730.0 8.899626e-10
8740.0 8.829057e-10
8750.0 8.746143e-10
8760.0 8.650493e-10
8770.0 8.542736e-10
8780.0 8.424328e-10
8790.0 8.297224e-10
8800.0 8.163563e-10
8810.0 8.025449e-10
8820.0 7.884901e-10
8830.0 7.743922e-10
8840.0 7.604632e-10
8850.0 7.469356e-10
8860.0 7.340584e-10
8870.0 7.220815e-10
8880.0 7.112314e-10
8890.0 7.016866e-10
8900.0 6.935585e-10
8910.0 6.868776e-10
8920.0 6.815820e-10
8930.0 6.774994e-10
8940.0 6.743173e-10
8950.0 6.715477e-10
8960.0 6.685203e-10
8970.0 6.644611e-10
8980.0 6.586992e-10
8990.0 6.509589e-10
9000.0 6.415804e-10
9010.0 6.314896e-10
9020.0 6.218708e-10
9030.0 6.137145e-10
9040.0 6.075006e-10
9050.0 6.031692e-10
9060.0 6.003156e-10
9070.0 5.984379e-10
9080.0 5.971036e-10
9090.0 5.960076e-10
9100.0 5.949621e-10
9110.0 5.938686e-10
9120.0 5.926981e-10
9130.0 5.914803e-10
9140.0 5.902963e-10
9150.0 5.892673e-10
9160.0 5.885386e-10
9170.0 5.882579e-10
9180.0 5.885520e-10
9190.0 5.894963e-10
9200.0 5.910801e-10
9210.0 5.931708e-10
9220.0 5.954967e-10
9230.0 5.976629e-10
9240.0 5.992020e-10
9250.0 5.996483e-10
9260.0 5.986225e-10
9270.0 5.959246e-10
9280.0 5.916224e-10
9290.0 5.860905e-10
9300.0 5.799432e-10
9310.0 5.738573e-10
9320.0 5.683588e-10
9330.0 5.636872e-10
9340.0 5.597975e-10
9350.0 5.564681e-10
9360.0 5.534346e-10
9370.0 5.504793e-10
9380.0 5.474618e-10
9390.0 5.443086e-10
9400.0 5.409892e-10
9410.0 5.374970e-10
9420.0 5.338355e-10
9430.0 5.300130e-10
9440.0 5.260415e-10
9450.0 5.219350e-10
9460.0 5.177096e-10
9470.0 5.133828e-10
9480.0 5.089725e-10
9490.0 5.044972e-10
9500.0 4.999750e-10
9510.0 4.954234e-10
9520.0 4.908591e-10
9530.0 4.862972e-10
9540.0 4.817518e-10
9550.0 4.772356e-10
9560.0 4.727597e-10
9570.0 4.683339e-10
9580.0 4.639668e-10
9590.0 4.596660e-10
9600.0 4.554381e-10
9610.0 4.512888e-10
9620.0 4.472232e-10
9630.0 4.432458e-10
9640.0 4.393609e-10
9650.0 4.355721e-10
9660.0 4.317233e-10
9670.0 4.279031e-10
9680.0 4.241739e-10
9690.0 4.205384e-10
9700.0 4.169990e-10
9710.0 4.135575e-10
9720.0 4.102160e-10
9730.0 4.069757e-10
9740.0 4.038379e-10
9750.0 4.008036e-10
9760.0 3.978732e-10
9770.0 3.950470e-10
9780.0 3.923248e-10
9790.0 3.897062e-10
9800.0 3.871902e-10
9810.0 3.847755e-10
9820.0 3.824603e-10
9830.0 3.802424e-10
9840.0 3.781189e-10
9850.0 3.760866e-10
9860.0 3.741416e-10
9870.0 3.722793e-10
9880.0 3.704947e-10
9890.0 3.687821e-10
9900.0 3.671351e-10
9910.0 3.655471e-10
9920.0 3.640105e-10
9930.0 3.625179e-10
9940.0 3.610610e-10
9950.0 3.596317e-10
9960.0 3.582217e-10
9970.0 3.568228e-10
9980.0 3.554270e-10
9990.0 3.540266e-10
10000.0 3.526146e-10
10010.0 3.511844e-10
10020.0 3.497300e-10
10030.0 3.482463e-10
10040.0 3.467291e-10
10050.0 3.451748e-10
10060.0 3.435810e-10
10070.0 3.419459e-10
10080.0 3.402686e-10
10090.0 3.385490e-10
10100.0 3.367876e-10
10110.0 3.349858e-10
10120.0 3.331453e-10
10130.0 3.312683e-10
10140.0 3.293574e-10
10150.0 3.274156e-10
10160.0 3.254457e-10
10170.0 3.234510e-10
10180.0 3.214346e-10
10190.0 3.193996e-10
10200.0 3.173488e-10
10210.0 3.152853e-10
10220.0 3.132116e-10
10230.0 3.111302e-10
10240.0 3.090436e-10
10250.0 3.069539e-10
10260.0 3.048635e-10
10270.0 3.027745e-10
10280.0 3.006892e-10
10290.0 2.986102e-10
10300.0 2.965401e-10
10310.0 2.944820e-10
10320.0 2.924397e-10
10330.0 2.904171e-10
10340.0 2.884190e-10
10350.0 2.864509e-10
10360.0 2.845188e-10
10370.0 2.826295e-10
10380.0 2.807904e-10
10390.0 2.790092e-10
10400.0 2.772942e-10
10410.0 2.756541e-10
10420.0 2.740973e-10
10430.0 2.726325e-10
10440.0 2.712677e-10
10450.0 2.700108e-10
10460.0 2.688686e-10
10470.0 2.678470e-10
10480.0 2.669508e-10
10490.0 2.661834e-10
10500.0 2.655469e-10
10510.0 2.650417e-10
10520.0 2.646667e-10
10530.0 2.644192e-10
10540.0 2.642950e-10
10550.0 2.642883e-10
10560.0 2.643922e-10
10570.0 2.645983e-10
10580.0 2.648976e-10
10590.0 2.652798e-10
10600.0 2.657342e-10
10610.0 2.662496e-10
10620.0 2.668147e-10
10630.0 2.674177e-10
10640.0 2.680474e-10
10650.0 2.686924e-10
10660.0 2.693421e-10
10670.0 2.699860e-10
10680.0 2.706146e-10
10690.0 2.712189e-10
10700.0 2.717907e-10
10710.0 2.723230e-10
10720.0 2.728093e-10
10730.0 2.732444e-10
10740.0 2.736240e-10
10750.0 2.739449e-10
10760.0 2.742050e-10
10770.0 2.744029e-10
10780.0 2.745386e-10
10790.0 2.746125e-10
10800.0 2.746263e-10
10810.0 2.745819e-10
10820.0 2.744821e-10
10830.0 2.743302e-10
10840.0 2.741295e-10
10850.0 2.738838e-10
10860.0 2.735970e-10
10870.0 2.732727e-10
10880.0 2.729146e-10
10890.0 2.725263e-10
10900.0 2.721109e-10
10910.0 2.716715e-10
10920.0 2.712108e-10
10930.0 2.707312e-10
10940.0 2.702348e-10
10950.0 2.697235e-10
10960.0 2.691991e-10
10970.0 2.686629e-10
10980.0 2.681161e-10
10990.0 2.675597e-10
11000.0 2.669946e-10
11010.0 2.664212e-10
11020.0 2.658399e-10
11030.0 2.652509e-10
11040.0 2.646540e-10
11050.0 2.640488e-10
11060.0 2.634348e-10
11070.0 2.628112e-10
11080.0 2.621769e-10
11090.0 2.615310e-10
11100.0 2.608723e-10
11110.0 2.601995e-10
11120.0 2.595115e-10
11130.0 2.588074e-10
11140.0 2.580863e-10
11150.0 2.573477e-10
11160.0 2.565914e-10
11170.0 2.558174e-10
11180.0 2.550265e-10
11190.0 2.542194e-10
11200.0 2.533977e-10
11210.0 2.525630e-10
11220.0 2.517177e-10
11230.0 2.508640e-10
11240.0 2.500047e-10
11250.0 2.491426e-10
11260.0 2.482807e-10
11270.0 2.474219e-10
11280.0 2.465690e-10
11290.0 2.457247e-10
11300.0 2.448914e-10
11310.0 2.440712e-10
11320.0 2.432658e-10
11330.0 2.424767e-10
11340.0 2.417047e-10
11350.0 2.409505e-10
11360.0 2.402143e-10
11370.0 2.394958e-10
11380.0 2.387945e-10
11390.0 2.381097e-10
11400.0 2.374402e-10
11410.0 2.367849e-10
11420.0 2.361421e-10
11430.0 2.355104e-10
11440.0 2.348881e-10
11450.0 2.342735e-10
11460.0 2.336647e-10
11470.0 2.330601e-10
11480.0 2.324578e-10
11490.0 2.318561e-10
11500.0 2.312534e-10
11510.0 2.306480e-10
11520.0 2.300383e-10
11530.0 2.294231e-10
11540.0 2.288010e-10
11550.0 2.281710e-10
11560.0 2.275321e-10
11570.0 2.268837e-10
11580.0 2.262252e-10
11590.0 2.255567e-10
11600.0 2.248779e-10
11610.0 2.241894e-10
11620.0 2.234918e-10
11630.0 2.227857e-10
11640.0 2.220724e-10
11650.0 2.213531e-10
11660.0 2.206291e-10
11670.0 2.199021e-10
11680.0 2.191736e-10
11690.0 2.184452e-10
11700.0 2.177185e-10
11710.0 2.169950e-10
11720.0 2.162761e-10
11730.0 2.155632e-10
11740.0 2.148572e-10
11750.0 2.141591e-10
11760.0 2.134695e-10
11770.0 2.127889e-10
11780.0 2.121177e-10
11790.0 2.114559e-10
11800.0 2.108035e-10
11810.0 2.101602e-10
11820.0 2.095258e-10
11830.0 2.089000e-10
11840.0 2.082823e-10
11850.0 2.076723e-10
11860.0 2.070697e-10
11870.0 2.064742e-10
11880.0 2.058857e-10
11890.0 2.053041e-10
11900.0 2.047296e-10
11910.0 2.041626e-10
11920.0 2.036034e-10
11930.0 2.030530e-10
11940.0 2.025123e-10
11950.0 2.019826e-10
11960.0 2.014652e-10
11970.0 2.009618e-10
11980.0 2.004742e-10
11990.0 2.000045e-10
12000.0 1.995547e-10
12010.0 1.991270e-10
12020.0 1.987236e-10
12030.0 1.983469e-10
12040.0 1.979990e-10
12050.0 1.976820e-10
12060.0 1.973978e-10
12070.0 1.971483e-10
12080.0 1.969349e-10
12090.0 1.967588e-10
12100.0 1.966212e-10
12110.0 1.965225e-10
12120.0 1.964631e-10
12130.0 1.964430e-10
12140.0 1.964619e-10
12150.0 1.965189e-10
12160.0 1.966131e-10
12170.0 1.967433e-10
12180.0 1.969079e-10
12190.0 1.971052e-10
12200.0 1.973331e-10
12210.0 1.975896e-10
12220.0 1.978723e-10
12230.0 1.981789e-10
12240.0 1.985069e-10
12250.0 1.988537e-10
12260.0 1.992169e-10
12270.0 1.995938e-10
12280.0 1.999818e-10
12290.0 2.003784e-10
12300.0 2.007808e-10
12310.0 2.011868e-10
12320.0 2.015935e-10
12330.0 2.019988e-10
12340.0 2.024000e-10
12350.0 2.027949e-10
12360.0 2.031811e-10
12370.0 2.035563e-10
12380.0 2.039184e-10
12390.0 2.042651e-10
12400.0 2.045944e-10
12410.0 2.049040e-10
12420.0 2.051920e-10
12430.0 2.054563e-10
12440.0 2.056948e-10
12450.0 2.059055e-10
12460.0 2.060864e-10
12470.0 2.062355e-10
12480.0 2.063508e-10
12490.0 2.064303e-10
12500.0 2.064722e-10
12510.0 2.064746e-10
12520.0 2.064356e-10
12530.0 2.063538e-10
12540.0 2.062274e-10
12550.0 2.060553e-10
12560.0 2.058361e-10
12570.0 2.055689e-10
12580.0 2.052531e-10
12590.0 2.048882e-10
12600.0 2.044740e-10
12610.0 2.040108e-10
12620.0 2.034988e-10
12630.0 2.029391e-10
12640.0 2.023324e-10
12650.0 2.016804e-10
12660.0 2.009846e-10
12670.0 2.002468e-10
12680.0 1.994693e-10
12690.0 1.986544e-10
12700.0 1.978046e-10
12710.0 1.969225e-10
12720.0 1.960109e-10
12730.0 1.950729e-10
12740.0 1.941112e-10
12750.0 1.931290e-10
12760.0 1.921292e-10
12770.0 1.911149e-10
12780.0 1.900891e-10
12790.0 1.890548e-10
12800.0 1.880149e-10
12810.0 1.869721e-10
12820.0 1.859292e-10
12830.0 1.848888e-10
12840.0 1.838534e-10
12850.0 1.828251e-10
12860.0 1.818060e-10
12870.0 1.807980e-10
12880.0 1.798028e-10
12890.0 1.788217e-10
12900.0 1.778559e-10
12910.0 1.769063e-10
12920.0 1.759735e-10
12930.0 1.750579e-10
12940.0 1.741598e-10
12950.0 1.732790e-10
12960.0 1.724155e-10
12970.0 1.715689e-10
12980.0 1.707386e-10
12990.0 1.699243e-10
13000.0 1.691252e-10
13010.0 1.683410e-10
13020.0 1.675711e-10
13030.0 1.668151e-10
13040.0 1.660726e-10
13050.0 1.653437e-10
13060.0 1.646281e-10
13070.0 1.639262e-10
13080.0 1.632382e-10
13090.0 1.625645e-10
13100.0 1.619059e-10
13110.0 1.612629e-10
13120.0 1.606364e-10
13130.0 1.600272e-10
13140.0 1.594361e-10
13150.0 1.588639e-10
13160.0 1.583112e-10
13170.0 1.577787e-10
13180.0 1.572668e-10
13190.0 1.567757e-10
13200.0 1.563055e-10
13210.0 1.558559e-10
13220.0 1.554266e-10
13230.0 1.550168e-10
13240.0 1.546259e-10
13250.0 1.542526e-10
13260.0 1.538957e-10
13270.0 1.535538e-10
13280.0 1.532253e-10
13290.0 1.529084e-10
13300.0 1.526014e-10
13310.0 1.523025e-10
13320.0 1.520097e-10
13330.0 1.517213e-10
13340.0 1.514353e-10
13350.0 1.511501e-10
13360.0 1.508638e-10
13370.0 1.505748e-10
13380.0 1.502818e-10
13390.0 1.499833e-10
13400.0 1.496781e-10
13410.0 1.493651e-10
13420.0 1.490434e-10
13430.0 1.487122e-10
13440.0 1.483710e-10
13450.0 1.480192e-10
13460.0 1.476567e-10
13470.0 1.472831e-10
13480.0 1.468984e-10
13490.0 1.465029e-10
13500.0 1.460965e-10
13510.0 1.456798e-10
13520.0 1.452529e-10
13530.0 1.448164e-10
13540.0 1.443708e-10
13550.0 1.439166e-10
13560.0 1.434543e-10
13570.0 1.429847e-10
13580.0 1.425081e-10
13590.0 1.420253e-10
13600.0 1.415368e-10
13610.0 1.410432e-10
13620.0 1.405448e-10
13630.0 1.400423e-10
13640.0 1.395361e-10
13650.0 1.390266e-10
13660.0 1.385141e-10
13670.0 1.379989e-10
13680.0 1.374814e-10
13690.0 1.369617e-10
13700.0 1.364401e-10
13710.0 1.359166e-10
13720.0 1.353914e-10
13730.0 1.348645e-10
13740.0 1.343360e-10
13750.0 1.338057e-10
13760.0 1.332736e-10
13770.0 1.327396e-10
13780.0 1.322035e-10
13790.0 1.316651e-10
13800.0 1.311241e-10
13810.0 1.305801e-10
13820.0 1.300330e-10
13830.0 1.294822e-10
13840.0 1.289274e-10
13850.0 1.283682e-10
13860.0 1.278041e-10
13870.0 1.272347e-10
13880.0 1.266596e-10
13890.0 1.260783e-10
13900.0 1.254903e-10
13910.0 1.248955e-10
13920.0 1.242933e-10
13930.0 1.236836e-10
13940.0 1.230663e-10
13950.0 1.224411e-10
13960.0 1.218081e-10
13970.0 1.211674e-10
13980.0 1.205192e-10
13990.0 1.198639e-10
14000.0 1.192019e-10
14010.0 1.185339e-10
14020.0 1.178605e-10
14030.0 1.171827e-10
14040.0 1.165015e-10
14050.0 1.158180e-10
14060.0 1.151334e-10
14070.0 1.144492e-10
14080.0 1.137668e-10
14090.0 1.130877e-10
14100.0 1.124135e-10
14110.0 1.117457e-10
14120.0 1.110860e-10
14130.0 1.104360e-10
14140.0 1.097970e-10
14150.0 1.091706e-10
14160.0 1.085579e-10
14170.0 1.079600e-10
14180.0 1.073779e-10
14190.0 1.068122e-10
14200.0 1.062633e-10
14210.0 1.057315e-10
14220.0 1.052167e-10
14230.0 1.047185e-10
14240.0 1.042363e-10
14250.0 1.037694e-10
14260.0 1.033167e-10
14270.0 1.028770e-10
14280.0 1.024489e-10
14290.0 1.020309e-10
14300.0 1.016215e-10
14310.0 1.012191e-10
14320.0 1.008222e-10
14330.0 1.004294e-10
14340.0 1.000393e-10
14350.0 9.965089e-11
14360.0 9.926311e-11
14370.0 9.887525e-11
14380.0 9.848682e-11
14390.0 9.809756e-11
14400.0 9.770746e-11
14410.0 9.731669e-11
14420.0 9.692567e-11
14430.0 9.653498e-11
14440.0 9.614533e-11
14450.0 9.575753e-11
14460.0 9.537247e-11
14470.0 9.499105e-11
14480.0 9.461416e-11
14490.0 9.424264e-11
14500.0 9.387722e-11
14510.0 9.351857e-11
14520.0 9.316720e-11
14530.0 9.282350e-11
14540.0 9.248771e-11
14550.0 9.215993e-11
14560.0 9.184013e-11
14570.0 9.152816e-11
14580.0 9.122377e-11
14590.0 9.092662e-11
14600.0 9.063634e-11
14610.0 9.035249e-11
14620.0 9.007464e-11
14630.0 8.980237e-11
14640.0 8.953529e-11
14650.0 8.927306e-11
14660.0 8.901540e-11
14670.0 8.876210e-11
14680.0 8.851305e-11
14690.0 8.826819e-11
14700.0 8.802758e-11
14710.0 8.779134e-11
14720.0 8.755967e-11
14730.0 8.733284e-11
14740.0 8.711116e-11
14750.0 8.689502e-11
14760.0 8.668482e-11
14770.0 8.648100e-11
14780.0 8.628402e-11
14790.0 8.609436e-11
14800.0 8.591250e-11
14810.0 8.573891e-11
14820.0 8.557407e-11
14830.0 8.541845e-11
14840.0 8.527253e-11
14850.0 8.513676e-11
14860.0 8.501158e-11
14870.0 8.489744e-11
14880.0 8.479475e-11
14890.0 8.470392e-11
14900.0 8.462534e-11
14910.0 8.455935e-11
14920.0 8.450627e-11
14930.0 8.446635e-11
14940.0 8.443982e-11
14950.0 8.442680e-11
14960.0 8.442734e-11
14970.0 8.444140e-11
14980.0 8.446884e-11
14990.0 8.450939e-11
15000.0 8.456266e-11
15010.0 8.462815e-11
15020.0 8.470521e-11
15030.0 8.479306e-11
15040.0 8.489079e-11
15050.0 8.499737e-11
15060.0 8.511165e-11
15070.0 8.523237e-11
15080.0 8.535818e-11
15090.0 8.548765e-11
15100.0 8.561930e-11
15110.0 8.575159e-11
15120.0 8.588296e-11
15130.0 8.601184e-11
15140.0 8.613665e-11
15150.0 8.625587e-11
15160.0 8.636798e-11
15170.0 8.647154e-11
15180.0 8.656517e-11
15190.0 8.664755e-11
15200.0 8.671745e-11
15210.0 8.677375e-11
15220.0 8.681541e-11
15230.0 8.684149e-11
15240.0 8.685115e-11
15250.0 8.684368e-11
15260.0 8.681847e-11
15270.0 8.677499e-11
15280.0 8.671286e-11
15290.0 8.663178e-11
15300.0 8.653157e-11
15310.0 8.641215e-11
15320.0 8.627355e-11
15330.0 8.611588e-11
15340.0 8.593938e-11
15350.0 8.574435e-11
15360.0 8.553119e-11
15370.0 8.530037e-11
15380.0 8.505245e-11
15390.0 8.478803e-11
15400.0 8.450778e-11
15410.0 8.421242e-11
15420.0 8.390269e-11
15430.0 8.357935e-11
15440.0 8.324320e-11
15450.0 8.289500e-11
15460.0 8.253554e-11
15470.0 8.216558e-11
15480.0 8.178584e-11
15490.0 8.139703e-11
15500.0 8.099981e-11
15510.0 8.059481e-11
15520.0 8.018260e-11
15530.0 7.976372e-11
15540.0 7.933869e-11
15550.0 7.890796e-11
15560.0 7.847197e-11
15570.0 7.803115e-11
15580.0 7.758589e-11
15590.0 7.713658e-11
15600.0 7.668363e-11
15610.0 7.622742e-11
15620.0 7.576837e-11
15630.0 7.530692e-11
15640.0 7.484353e-11
15650.0 7.437868e-11
15660.0 7.391288e-11
15670.0 7.344668e-11
15680.0 7.298064e-11
15690.0 7.251533e-11
15700.0 7.205136e-11
15710.0 7.158933e-11
15720.0 7.112986e-11
15730.0 7.067355e-11
15740.0 7.022100e-11
15750.0 6.977280e-11
15760.0 6.932951e-11
15770.0 6.889168e-11
15780.0 6.845982e-11
15790.0 6.803443e-11
15800.0 6.761600e-11
15810.0 6.720497e-11
15820.0 6.680180e-11
15830.0 6.640692e-11
15840.0 6.602077e-11
15850.0 6.564378e-11
15860.0 6.527643e-11
15870.0 6.491917e-11
15880.0 6.457249e-11
15890.0 6.423692e-11
15900.0 6.391300e-11
15910.0 6.360130e-11
15920.0 6.330242e-11
15930.0 6.301697e-11
15940.0 6.274560e-11
15950.0 6.248894e-11
15960.0 6.224763e-11
15970.0 6.202229e-11
15980.0 6.181355e-11
15990.0 6.162197e-11
16000.0 6.144808e-11
16010.0 6.129237e-11
16020.0 6.115526e-11
16030.0 6.103710e-11
16040.0 6.093818e-11
16050.0 6.085871e-11
16060.0 6.079881e-11
16070.0 6.075854e-11
16080.0 6.073789e-11
16090.0 6.073678e-11
16100.0 6.075506e-11
16110.0 6.079254e-11
16120.0 6.084898e-11
16130.0 6.092409e-11
16140.0 6.101758e-11
16150.0 6.112912e-11
16160.0 6.125836e-11
16170.0 6.140496e-11
16180.0 6.156856e-11
16190.0 6.174881e-11
16200.0 6.194533e-11
16210.0 6.215776e-11
16220.0 6.238572e-11
16230.0 6.262882e-11
16240.0 6.288664e-11
16250.0 6.315873e-11
16260.0 6.344460e-11
16270.0 6.374370e-11
16280.0 6.405545e-11
16290.0 6.437918e-11
16300.0 6.471416e-11
16310.0 6.505958e-11
16320.0 6.541455e-11
16330.0 6.577810e-11
16340.0 6.614919e-11
16350.0 6.652668e-11
16360.0 6.690940e-11
16370.0 6.729610e-11
16380.0 6.768549e-11
16390.0 6.807626e-11
16400.0 6.846705e-11
16410.0 6.885655e-11
16420.0 6.924342e-11
16430.0 6.962638e-11
16440.0 7.000419e-11
16450.0 7.037568e-11
16460.0 7.073977e-11
16470.0 7.109545e-11
16480.0 7.144184e-11
16490.0 7.177816e-11
16500.0 7.210376e-11
16510.0 7.241812e-11
16520.0 7.272083e-11
16530.0 7.301163e-11
16540.0 7.329038e-11
16550.0 7.355706e-11
16560.0 7.381178e-11
16570.0 7.405475e-11
16580.0 7.428630e-11
16590.0 7.450683e-11
16600.0 7.471686e-11
16610.0 7.491695e-11
16620.0 7.510774e-11
16630.0 7.528994e-11
16640.0 7.546428e-11
16650.0 7.563154e-11
16660.0 7.579250e-11
16670.0 7.594799e-11
16680.0 7.609881e-11
16690.0 7.624578e-11
16700.0 7.638967e-11
16710.0 7.653127e-11
16720.0 7.667130e-11
16730.0 7.681046e-11
16740.0 7.694941e-11
16750.0 7.708872e-11
16760.0 7.722893e-11
16770.0 7.737050e-11
16780.0 7.751383e-11
16790.0 7.765921e-11
16800.0 7.780689e-11
16810.0 7.795700e-11
16820.0 7.810962e-11
16830.0 7.826471e-11
16840.0 7.842218e-11
16850.0 7.858183e-11
16860.0 7.874339e-11
16870.0 7.890654e-11
16880.0 7.907087e-11
16890.0 7.923590e-11
16900.0 7.940113e-11
16910.0 7.956600e-11
16920.0 7.972991e-11
16930.0 7.989224e-11
16940.0 8.005236e-11
16950.0 8.020965e-11
16960.0 8.036347e-11
16970.0 8.051322e-11
16980.0 8.065830e-11
16990.0 8.079818e-11
17000.0 8.093233e-11
17010.0 8.106031e-11
17020.0 8.118171e-11
17030.0 8.129618e-11
17040.0 8.140342e-11
17050.0 8.150323e-11
17060.0 8.159544e-11
17070.0 8.167996e-11
17080.0 8.175675e-11
17090.0 8.182585e-11
17100.0 8.188733e-11
17110.0 8.194133e-11
17120.0 8.198805e-11
17130.0 8.202772e-11
17140.0 8.206060e-11
17150.0 8.208702e-11
17160.0 8.210732e-11
17170.0 8.212186e-11
17180.0 8.213104e-11
17190.0 8.213527e-11
17200.0 8.213499e-11
17210.0 8.213064e-11
17220.0 8.212267e-11
17230.0 8.211155e-11
17240.0 8.209773e-11
17250.0 8.208170e-11
17260.0 8.206390e-11
17270.0 8.204480e-11
17280.0 8.202485e-11
17290.0 8.200448e-11
17300.0 8.198412e-11
17310.0 8.196417e-11
17320.0 8.194499e-11
17330.0 8.192693e-11
17340.0 8.191031e-11
17350.0 8.189538e-11
17360.0 8.188237e-11
17370.0 8.187145e-11
17380.0 8.186275e-11
17390.0 8.185635e-11
17400.0 8.185225e-11
17410.0 8.185041e-11
17420.0 8.185074e-11
17430.0 8.185307e-11
17440.0 8.185721e-11
17450.0 8.186289e-11
17460.0 8.186981e-11
17470.0 8.187763e-11
17480.0 8.188597e-11
17490.0 8.189442e-11
17500.0 8.190255e-11
17510.0 8.190993e-11
17520.0 8.191612e-11
17530.0 8.192066e-11
17540.0 8.192314e-11
17550.0 8.192314e-11
17560.0 8.192026e-11
17570.0 8.191416e-11
17580.0 8.190451e-11
17590.0 8.189103e-11
17600.0 8.187348e-11
17610.0 8.185167e-11
17620.0 8.182544e-11
17630.0 8.179470e-11
17640.0 8.175939e-11
17650.0 8.171950e-11
17660.0 8.167505e-11
17670.0 8.162610e-11
17680.0 8.157274e-11
17690.0 8.151510e-11
17700.0 8.145332e-11
17710.0 8.138755e-11
17720.0 8.131796e-11
17730.0 8.124475e-11
17740.0 8.116807e-11
17750.0 8.108814e-11
17760.0 8.100510e-11
17770.0 8.091915e-11
17780.0 8.083045e-11
17790.0 8.073914e-11
17800.0 8.064537e-11
17810.0 8.054927e-11
17820.0 8.045097e-11
17830.0 8.035057e-11
17840.0 8.024818e-11
17850.0 8.014388e-11
17860.0 8.003777e-11
17870.0 7.992992e-11
17880.0 7.982040e-11
17890.0 7.970930e-11
17900.0 7.959666e-11
17910.0 7.948257e-11
17920.0 7.936708e-11
17930.0 7.925025e-11
17940.0 7.913216e-11
17950.0 7.901285e-11
17960.0 7.889240e-11
17970.0 7.877087e-11
17980.0 7.864831e-11
17990.0 7.852478e-11
18000.0 7.840035e-11
18010.0 7.827506e-11
18020.0 7.814897e-11
18030.0 7.802213e-11
18040.0 7.789459e-11
18050.0 7.776638e-11
18060.0 7.763756e-11
18070.0 7.750815e-11
18080.0 7.737818e-11
18090.0 7.724768e-11
18100.0 7.711668e-11
18110.0 7.698518e-11
18120.0 7.685321e-11
18130.0 7.672076e-11
18140.0 7.658785e-11
18150.0 7.645448e-11
18160.0 7.632063e-11
18170.0 7.618631e-11
18180.0 7.605150e-11
18190.0 7.591618e-11
18200.0 7.578036e-11
18210.0 7.564399e-11
18220.0 7.550708e-11
18230.0 7.536960e-11
18240.0 7.523152e-11
18250.0 7.509284e-11
18260.0 7.495352e-11
18270.0 7.481355e-11
18280.0 7.467292e-11
18290.0 7.453160e-11
18300.0 7.438958e-11
18310.0 7.424686e-11
18320.0 7.410341e-11
18330.0 7.395924e-11
18340.0 7.381433e-11
18350.0 7.366870e-11
18360.0 7.352233e-11
18370.0 7.337524e-11
18380.0 7.322744e-11
18390.0 7.307892e-11
18400.0 7.292971e-11
18410.0 7.277983e-11
18420.0 7.262929e-11
18430.0 7.247812e-11
18440.0 7.232633e-11
18450.0 7.217395e-11
18460.0 7.202101e-11
18470.0 7.186753e-11
18480.0 7.171355e-11
18490.0 7.155909e-11
18500.0 7.140417e-11
18510.0 7.124882e-11
18520.0 7.109308e-11
18530.0 7.093696e-11
18540.0 7.078048e-11
18550.0 7.062367e-11
18560.0 7.046655e-11
18570.0 7.030913e-11
18580.0 7.015141e-11
18590.0 6.999342e-11
18600.0 6.983514e-11
18610.0 6.967660e-11
18620.0 6.951777e-11
18630.0 6.935864e-11
18640.0 6.919922e-11
18650.0 6.903947e-11
18660.0 6.887938e-11
18670.0 6.871892e-11
18680.0 6.855806e-11
18690.0 6.839677e-11
18700.0 6.823500e-11
18710.0 6.807273e-11
18720.0 6.790991e-11
18730.0 6.774651e-11
18740.0 6.758249e-11
18750.0 6.741782e-11
18760.0 6.725246e-11
18770.0 6.708640e-11
18780.0 6.691963e-11
18790.0 6.675214e-11
18800.0 6.658394e-11
18810.0 6.641505e-11
18820.0 6.624554e-11
18830.0 6.607544e-11
18840.0 6.590486e-11
18850.0 6.573389e-11
18860.0 6.556267e-11
18870.0 6.539135e-11
18880.0 6.522011e-11
18890.0 6.504915e-11
18900.0 6.487871e-11
18910.0 6.470903e-11
18920.0 6.454039e-11
18930.0 6.437307e-11
18940.0 6.420737e-11
18950.0 6.404362e-11
18960.0 6.388211e-11
18970.0 6.372317e-11
18980.0 6.356711e-11
18990.0 6.341423e-11
19000.0 6.326481e-11
19010.0 6.311911e-11
19020.0 6.297737e-11
19030.0 6.283977e-11
19040.0 6.270649e-11
19050.0 6.257763e-11
19060.0 6.245328e-11
19070.0 6.233347e-11
19080.0 6.221816e-11
19090.0 6.210731e-11
19100.0 6.200077e-11
19110.0 6.189841e-11
19120.0 6.179999e-11
19130.0 6.170526e-11
19140.0 6.161395e-11
19150.0 6.152572e-11
19160.0 6.144020e-11
19170.0 6.135702e-11
19180.0 6.127577e-11
19190.0 6.119603e-11
19200.0 6.111736e-11
19210.0 6.103933e-11
19220.0 6.096148e-11
19230.0 6.088339e-11
19240.0 6.080463e-11
19250.0 6.072477e-11
19260.0 6.064342e-11
19270.0 6.056020e-11
19280.0 6.047475e-11
19290.0 6.038676e-11
19300.0 6.029591e-11
19310.0 6.020197e-11
19320.0 6.010470e-11
19330.0 6.000392e-11
19340.0 5.989951e-11
19350.0 5.979136e-11
19360.0 5.967943e-11
19370.0 5.956371e-11
19380.0 5.944426e-11
19390.0 5.932115e-11
19400.0 5.919454e-11
19410.0 5.906458e-11
19420.0 5.893150e-11
19430.0 5.879556e-11
19440.0 5.865703e-11
19450.0 5.851624e-11
19460.0 5.837350e-11
19470.0 5.822919e-11
19480.0 5.808365e-11
19490.0 5.793725e-11
19500.0 5.779036e-11
19510.0 5.764334e-11
19520.0 5.749652e-11
19530.0 5.735024e-11
19540.0 5.720477e-11
19550.0 5.706041e-11
19560.0 5.691738e-11
19570.0 5.677589e-11
19580.0 5.663610e-11
19590.0 5.649815e-11
19600.0 5.636212e-11
19610.0 5.622808e-11
19620.0 5.609603e-11
19630.0 5.596598e-11
19640.0 5.583787e-11
19650.0 5.571163e-11
19660.0 5.558716e-11
19670.0 5.546436e-11
19680.0 5.534307e-11
19690.0 5.522316e-11
19700.0 5.510445e-11
19710.0 5.498677e-11
19720.0 5.486993e-11
19730.0 5.475374e-11
19740.0 5.463800e-11
19750.0 5.452250e-11
19760.0 5.440701e-11
19770.0 5.429133e-11
19780.0 5.417520e-11
19790.0 5.405838e-11
19800.0 5.394062e-11
19810.0 5.382163e-11
19820.0 5.370114e-11
19830.0 5.357884e-11
19840.0 5.345443e-11
19850.0 5.332758e-11
19860.0 5.319797e-11
19870.0 5.306524e-11
19880.0 5.292907e-11
19890.0 5.278911e-11
19900.0 5.264503e-11
19910.0 5.249651e-11
19920.0 5.234324e-11
19930.0 5.218495e-11
19940.0 5.202137e-11
19950.0 5.185232e-11
19960.0 5.167760e-11
19970.0 5.149711e-11
19980.0 5.131077e-11
19990.0 5.111856e-11
20000.0 5.092054e-11
20010.0 5.071681e-11
20020.0 5.050755e-11
20030.0 5.029298e-11
20040.0 5.007338e-11
20050.0 4.984912e-11
20060.0 4.962059e-11
20070.0 4.938823e-11
20080.0 4.915254e-11
20090.0 4.891405e-11
20100.0 4.867329e-11
20110.0 4.843086e-11
20120.0 4.818734e-11
20130.0 4.794332e-11
20140.0 4.769939e-11
20150.0 4.745615e-11
20160.0 4.721416e-11
20170.0 4.697396e-11
20180.0 4.673608e-11
20190.0 4.650101e-11
20200.0 4.626920e-11
20210.0 4.604107e-11
20220.0 4.581698e-11
20230.0 4.559727e-11
20240.0 4.538223e-11
20250.0 4.517210e-11
20260.0 4.496708e-11
20270.0 4.476733e-11
20280.0 4.457296e-11
20290.0 4.438407e-11
20300.0 4.420069e-11
20310.0 4.402284e-11
20320.0 4.385051e-11
20330.0 4.368365e-11
20340.0 4.352219e-11
20350.0 4.336606e-11
20360.0 4.321516e-11
20370.0 4.306937e-11
20380.0 4.292856e-11
20390.0 4.279261e-11
20400.0 4.266139e-11
20410.0 4.253475e-11
20420.0 4.241256e-11
20430.0 4.229470e-11
20440.0 4.218103e-11
20450.0 4.207143e-11
20460.0 4.196579e-11
20470.0 4.186401e-11
20480.0 4.176598e-11
20490.0 4.167164e-11
20500.0 4.158089e-11
20510.0 4.149368e-11
20520.0 4.140996e-11
20530.0 4.132967e-11
20540.0 4.125277e-11
20550.0 4.117923e-11
20560.0 4.110902e-11
20570.0 4.104212e-11
20580.0 4.097850e-11
20590.0 4.091812e-11
20600.0 4.086095e-11
20610.0 4.080696e-11
20620.0 4.075609e-11
20630.0 4.070828e-11
20640.0 4.066346e-11
20650.0 4.062152e-11
20660.0 4.058237e-11
20670.0 4.054586e-11
20680.0 4.051185e-11
20690.0 4.048015e-11
20700.0 4.045057e-11
20710.0 4.042287e-11
20720.0 4.039681e-11
20730.0 4.037211e-11
20740.0 4.034847e-11
20750.0 4.032556e-11
20760.0 4.030305e-11
20770.0 4.028057e-11
20780.0 4.025774e-11
20790.0 4.023416e-11
20800.0 4.020944e-11
20810.0 4.018315e-11
20820.0 4.015489e-11
20830.0 4.012425e-11
20840.0 4.009081e-11
20850.0 4.005418e-11
20860.0 4.001400e-11
20870.0 3.996989e-11
20880.0 3.992154e-11
20890.0 3.986864e-11
20900.0 3.981094e-11
20910.0 3.974822e-11
20920.0 3.968030e-11
20930.0 3.960705e-11
20940.0 3.952840e-11
20950.0 3.944430e-11
20960.0 3.935479e-11
20970.0 3.925993e-11
20980.0 3.915982e-11
20990.0 3.905463e-11
21000.0 3.894453e-11
21010.0 3.882976e-11
21020.0 3.871055e-11
21030.0 3.858719e-11
21040.0 3.845996e-11
21050.0 3.832915e-11
21060.0 3.819508e-11
21070.0 3.805803e-11
21080.0 3.791833e-11
21090.0 3.777626e-11
21100.0 3.763210e-11
21110.0 3.748615e-11
21120.0 3.733865e-11
21130.0 3.718988e-11
21140.0 3.704006e-11
21150.0 3.688944e-11
21160.0 3.673824e-11
21170.0 3.658666e-11
21180.0 3.643492e-11
21190.0 3.628320e-11
21200.0 3.613170e-11
21210.0 3.598061e-11
21220.0 3.583008e-11
21230.0 3.568029e-11
21240.0 3.553140e-11
21250.0 3.538356e-11
21260.0 3.523691e-11
21270.0 3.509158e-11
21280.0 3.494770e-11
21290.0 3.480536e-11
21300.0 3.466468e-11
21310.0 3.452573e-11
21320.0 3.438859e-11
21330.0 3.425331e-11
21340.0 3.411994e-11
21350.0 3.398851e-11
21360.0 3.385903e-11
21370.0 3.373152e-11
21380.0 3.360595e-11
21390.0 3.348231e-11
21400.0 3.336056e-11
21410.0 3.324068e-11
21420.0 3.312259e-11
21430.0 3.300626e-11
21440.0 3.289160e-11
21450.0 3.277855e-11
21460.0 3.266704e-11
21470.0 3.255699e-11
21480.0 3.244832e-11
21490.0 3.234094e-11
21500.0 3.223478e-11
21510.0 3.212975e-11
21520.0 3.202578e-11
21530.0 3.192278e-11
21540.0 3.182067e-11
21550.0 3.171938e-11
21560.0 3.161884e-11
21570.0 3.151897e-11
21580.0 3.141969e-11
21590.0 3.132095e-11
21600.0 3.122268e-11
21610.0 3.112480e-11
21620.0 3.102725e-11
21630.0 3.092997e-11
21640.0 3.083290e-11
21650.0 3.073596e-11
21660.0 3.063910e-11
21670.0 3.054225e-11
21680.0 3.044536e-11
21690.0 3.034836e-11
21700.0 3.025119e-11
21710.0 3.015380e-11
21720.0 3.005613e-11
21730.0 2.995813e-11
21740.0 2.985974e-11
21750.0 2.976092e-11
21760.0 2.966162e-11
21770.0 2.956181e-11
21780.0 2.946144e-11
21790.0 2.936048e-11
21800.0 2.925890e-11
21810.0 2.915667e-11
21820.0 2.905379e-11
21830.0 2.895022e-11
21840.0 2.884596e-11
21850.0 2.874100e-11
21860.0 2.863532e-11
21870.0 2.852893e-11
21880.0 2.842183e-11
21890.0 2.831402e-11
21900.0 2.820549e-11
21910.0 2.809626e-11
21920.0 2.798633e-11
21930.0 2.787571e-11
21940.0 2.776440e-11
21950.0 2.765241e-11
21960.0 2.753976e-11
21970.0 2.742646e-11
21980.0 2.731253e-11
21990.0 2.719799e-11
22000.0 2.708285e-11
22010.0 2.696714e-11
22020.0 2.685091e-11
22030.0 2.673418e-11
22040.0 2.661700e-11
22050.0 2.649942e-11
22060.0 2.638150e-11
22070.0 2.626331e-11
22080.0 2.614492e-11
22090.0 2.602642e-11
22100.0 2.590789e-11
22110.0 2.578945e-11
22120.0 2.567118e-11
22130.0 2.555321e-11
22140.0 2.543566e-11
22150.0 2.531864e-11
22160.0 2.520228e-11
22170.0 2.508672e-11
22180.0 2.497209e-11
22190.0 2.485850e-11
22200.0 2.474609e-11
22210.0 2.463498e-11
22220.0 2.452530e-11
22230.0 2.441714e-11
22240.0 2.431062e-11
22250.0 2.420583e-11
22260.0 2.410286e-11
22270.0 2.400178e-11
22280.0 2.390266e-11
22290.0 2.380555e-11
22300.0 2.371049e-11
22310.0 2.361752e-11
22320.0 2.352665e-11
22330.0 2.343789e-11
22340.0 2.335124e-11
22350.0 2.326667e-11
22360.0 2.318418e-11
22370.0 2.310372e-11
22380.0 2.302526e-11
22390.0 2.294875e-11
22400.0 2.287413e-11
22410.0 2.280135e-11
22420.0 2.273034e-11
22430.0 2.266104e-11
22440.0 2.259337e-11
22450.0 2.252726e-11
22460.0 2.246265e-11
22470.0 2.239945e-11
22480.0 2.233760e-11
22490.0 2.227702e-11
22500.0 2.221764e-11
22510.0 2.215940e-11
22520.0 2.210224e-11
22530.0 2.204609e-11
22540.0 2.199090e-11
22550.0 2.193661e-11
22560.0 2.188319e-11
22570.0 2.183058e-11
22580.0 2.177876e-11
22590.0 2.172769e-11
22600.0 2.167735e-11
22610.0 2.162772e-11
22620.0 2.157879e-11
22630.0 2.153055e-11
22640.0 2.148300e-11
22650.0 2.143616e-11
22660.0 2.139003e-11
22670.0 2.134462e-11
22680.0 2.129995e-11
22690.0 2.125606e-11
22700.0 2.121297e-11
22710.0 2.117071e-11
22720.0 2.112932e-11
22730.0 2.108883e-11
22740.0 2.104928e-11
22750.0 2.101071e-11
22760.0 2.097315e-11
22770.0 2.093666e-11
22780.0 2.090125e-11
22790.0 2.086698e-11
22800.0 2.083389e-11
22810.0 2.080200e-11
22820.0 2.077136e-11
22830.0 2.074200e-11
22840.0 2.071397e-11
22850.0 2.068730e-11
22860.0 2.066203e-11
22870.0 2.063822e-11
22880.0 2.061590e-11
22890.0 2.059513e-11
22900.0 2.057597e-11
22910.0 2.055847e-11
22920.0 2.054270e-11
22930.0 2.052874e-11
22940.0 2.051666e-11
22950.0 2.050653e-11
22960.0 2.049845e-11
22970.0 2.049249e-11
22980.0 2.048876e-11
22990.0 2.048732e-11
23000.0 2.048829e-11
23010.0 2.049172e-11
23020.0 2.049771e-11
23030.0 2.050633e-11
23040.0 2.051764e-11
23050.0 2.053169e-11
23060.0 2.054853e-11
23070.0 2.056820e-11
23080.0 2.059070e-11
23090.0 2.061606e-11
23100.0 2.064426e-11
23110.0 2.067529e-11
23120.0 2.070912e-11
23130.0 2.074571e-11
23140.0 2.078501e-11
23150.0 2.082694e-11
23160.0 2.087143e-11
23170.0 2.091841e-11
23180.0 2.096777e-11
23190.0 2.101941e-11
23200.0 2.107321e-11
23210.0 2.112905e-11
23220.0 2.118679e-11
23230.0 2.124630e-11
23240.0 2.130742e-11
23250.0 2.137001e-11
23260.0 2.143389e-11
23270.0 2.149890e-11
23280.0 2.156487e-11
23290.0 2.163162e-11
23300.0 2.169899e-11
23310.0 2.176680e-11
23320.0 2.183489e-11
23330.0 2.190310e-11
23340.0 2.197130e-11
23350.0 2.203934e-11
23360.0 2.210710e-11
23370.0 2.217448e-11
23380.0 2.224141e-11
23390.0 2.230780e-11
23400.0 2.237363e-11
23410.0 2.243885e-11
23420.0 2.250346e-11
23430.0 2.256748e-11
23440.0 2.263092e-11
23450.0 2.269383e-11
23460.0 2.275625e-11
23470.0 2.281825e-11
23480.0 2.287987e-11
23490.0 2.294120e-11
23500.0 2.300228e-11
23510.0 2.306318e-11
23520.0 2.312395e-11
23530.0 2.318464e-11
23540.0 2.324526e-11
23550.0 2.330585e-11
23560.0 2.336642e-11
23570.0 2.342697e-11
23580.0 2.348748e-11
23590.0 2.354794e-11
23600.0 2.360833e-11
23610.0 2.366862e-11
23620.0 2.372878e-11
23630.0 2.378878e-11
23640.0 2.384860e-11
23650.0 2.390823e-11
23660.0 2.396766e-11
23670.0 2.402688e-11
23680.0 2.408592e-11
23690.0 2.414479e-11
23700.0 2.420353e-11
23710.0 2.426220e-11
23720.0 2.432086e-11
23730.0 2.437958e-11
23740.0 2.443846e-11
23750.0 2.449759e-11
23760.0 2.455710e-11
23770.0 2.461712e-11
23780.0 2.467780e-11
23790.0 2.473930e-11
23800.0 2.480181e-11
23810.0 2.486552e-11
23820.0 2.493065e-11
23830.0 2.499753e-11
23840.0 2.506637e-11
23850.0 2.513736e-11
23860.0 2.521075e-11
23870.0 2.528681e-11
23880.0 2.536577e-11
23890.0 2.544785e-11
23900.0 2.553325e-11
23910.0 2.562212e-11
23920.0 2.571456e-11
23930.0 2.581060e-11
23940.0 2.591020e-11
23950.0 2.601326e-11
23960.0 2.611957e-11
23970.0 2.622884e-11
23980.0 2.634071e-11
23990.0 2.645473e-11
24000.0 2.657036e-11
24010.0 2.668703e-11
24020.0 2.680409e-11
24030.0 2.692088e-11
24040.0 2.703670e-11
24050.0 2.715088e-11
24060.0 2.726275e-11
24070.0 2.737167e-11
24080.0 2.747707e-11
24090.0 2.757845e-11
24100.0 2.767536e-11
24110.0 2.776745e-11
24120.0 2.785447e-11
24130.0 2.793623e-11
24140.0 2.801266e-11
24150.0 2.808376e-11
24160.0 2.814959e-11
24170.0 2.821032e-11
24180.0 2.826614e-11
24190.0 2.831731e-11
24200.0 2.836412e-11
24210.0 2.840688e-11
24220.0 2.844592e-11
24230.0 2.848160e-11
24240.0 2.851426e-11
24250.0 2.854423e-11
24260.0 2.857184e-11
24270.0 2.859740e-11
24280.0 2.862121e-11
24290.0 2.864355e-11
24300.0 2.866468e-11
24310.0 2.868483e-11
24320.0 2.870424e-11
24330.0 2.872310e-11
24340.0 2.874162e-11
24350.0 2.875996e-11
24360.0 2.877831e-11
24370.0 2.879682e-11
24380.0 2.881563e-11
24390.0 2.883488e-11
24400.0 2.885469e-11
24410.0 2.887519e-11
24420.0 2.889646e-11
24430.0 2.891861e-11
24440.0 2.894170e-11
24450.0 2.896579e-11
24460.0 2.899094e-11
24470.0 2.901715e-11
24480.0 2.904444e-11
24490.0 2.907279e-11
24500.0 2.910215e-11
24510.0 2.913249e-11
24520.0 2.916371e-11
24530.0 2.919573e-11
24540.0 2.922844e-11
24550.0 2.926173e-11
24560.0 2.929547e-11
24570.0 2.932953e-11
24580.0 2.936378e-11
24590.0 2.939810e-11
24600.0 2.943238e-11
24610.0 2.946653e-11
24620.0 2.950047e-11
24630.0 2.953416e-11
24640.0 2.956757e-11
24650.0 2.960072e-11
24660.0 2.963366e-11
24670.0 2.966647e-11
24680.0 2.969926e-11
24690.0 2.973219e-11
24700.0 2.976544e-11
24710.0 2.979921e-11
24720.0 2.983373e-11
24730.0 2.986924e-11
24740.0 2.990598e-11
24750.0 2.994418e-11
24760.0 2.998405e-11
24770.0 3.002578e-11
24780.0 3.006948e-11
24790.0 3.011525e-11
24800.0 3.016309e-11
24810.0 3.021294e-11
24820.0 3.026464e-11
24830.0 3.031798e-11
24840.0 3.037265e-11
24850.0 3.042827e-11
24860.0 3.048444e-11
24870.0 3.054068e-11
24880.0 3.059654e-11
24890.0 3.065156e-11
24900.0 3.070531e-11
24910.0 3.075739e-11
24920.0 3.080749e-11
24930.0 3.085533e-11
24940.0 3.090073e-11
24950.0 3.094355e-11
24960.0 3.098373e-11
24970.0 3.102126e-11
24980.0 3.105617e-11
24990.0 3.108855e-11
25000.0 3.111848e-11
