1000.0 5.346790e-13
1010.0 6.484703e-13
1020.0 7.892515e-13
1030.0 9.626395e-13
1040.0 1.175662e-12
1050.0 1.436445e-12
1060.0 1.754193e-12
1070.0 2.139093e-12
1080.0 2.602130e-12
1090.0 3.154794e-12
1100.0 3.808723e-12
1110.0 4.575272e-12
1120.0 5.465059e-12
1130.0 6.487529e-12
1140.0 7.650553e-12
1150.0 8.960107e-12
1160.0 1.042002e-11
1170.0 1.203178e-11
1180.0 1.379446e-11
1190.0 1.570464e-11
1200.0 1.775644e-11
1210.0 1.994157e-11
1220.0 2.224946e-11
1230.0 2.466747e-11
1240.0 2.718108e-11
1250.0 2.977428e-11
1260.0 3.242985e-11
1270.0 3.512979e-11
1280.0 3.785569e-11
1290.0 4.058915e-11
1300.0 4.331218e-11
1310.0 4.600755e-11
1320.0 4.865915e-11
1330.0 5.125226e-11
1340.0 5.377378e-11
1350.0 5.621247e-11
1360.0 5.855906e-11
1370.0 6.080638e-11
1380.0 6.294938e-11
1390.0 6.498514e-11
1400.0 6.691282e-11
1410.0 6.873352e-11
1420.0 7.045016e-11
1430.0 7.206721e-11
1440.0 7.359044e-11
1450.0 7.502656e-11
1460.0 7.638284e-11
1470.0 7.766664e-11
1480.0 7.888493e-11
1490.0 8.004376e-11
1500.0 8.114770e-11
1510.0 8.219933e-11
1520.0 8.319873e-11
1530.0 8.414306e-11
1540.0 8.502629e-11
1550.0 8.583905e-11
1560.0 8.656882e-11
1570.0 8.720039e-11
1580.0 8.771678e-11
1590.0 8.810061e-11
1600.0 8.833590e-11
1610.0 8.841043e-11
1620.0 8.831821e-11
1630.0 8.806207e-11
1640.0 8.765584e-11
1650.0 8.712570e-11
1660.0 8.651023e-11
1670.0 8.585899e-11
1680.0 8.522918e-11
1690.0 8.468103e-11
1700.0 8.427199e-11
1710.0 8.405098e-11
1720.0 8.405348e-11
1730.0 8.429847e-11
1740.0 8.478813e-11
1750.0 8.551028e-11
1760.0 8.644342e-11
1770.0 8.756326e-11
1780.0 8.884963e-11
1790.0 9.029194e-11
1800.0 9.189239e-11
1810.0 9.366577e-11
1820.0 9.563635e-11
1830.0 9.783224e-11
1840.0 1.002788e-10
1850.0 1.029928e-10
1860.0 1.059781e-10
1870.0 1.092240e-10
1880.0 1.127073e-10
1890.0 1.163946e-10
1900.0 1.202463e-10
1910.0 1.242195e-10
1920.0 1.282695e-10
1930.0 1.323476e-10
1940.0 1.363992e-10
1950.0 1.403597e-10
1960.0 1.441529e-10
1970.0 1.476907e-10
1980.0 1.508770e-10
1990.0 1.536147e-10
2000.0 1.558140e-10
2010.0 1.574021e-10
2020.0 1.583297e-10
2030.0 1.585764e-10
2040.0 1.581502e-10
2050.0 1.570856e-10
2060.0 1.554386e-10
2070.0 1.532816e-10
2080.0 1.507000e-10
2090.0 1.477901e-10
2100.0 1.446594e-10
2110.0 1.414283e-10
2120.0 1.382315e-10
2130.0 1.352173e-10
2140.0 1.325447e-10
2150.0 1.303764e-10
2160.0 1.288699e-10
2170.0 1.281660e-10
2180.0 1.283777e-10
2190.0 1.295807e-10
2200.0 1.318069e-10
2210.0 1.350423e-10
2220.0 1.392289e-10
2230.0 1.442709e-10
2240.0 1.500437e-10
2250.0 1.564031e-10
2260.0 1.631959e-10
2270.0 1.702668e-10
2280.0 1.774642e-10
2290.0 1.846427e-10
2300.0 1.916636e-10
2310.0 1.983945e-10
2320.0 2.047099e-10
2330.0 2.104938e-10
2340.0 2.156444e-10
2350.0 2.200829e-10
2360.0 2.237639e-10
2370.0 2.266857e-10
2380.0 2.288987e-10
2390.0 2.305101e-10
2400.0 2.316802e-10
2410.0 2.326127e-10
2420.0 2.335363e-10
2430.0 2.346810e-10
2440.0 2.362514e-10
2450.0 2.384008e-10
2460.0 2.412108e-10
2470.0 2.446794e-10
2480.0 2.487208e-10
2490.0 2.531760e-10
2500.0 2.578347e-10
2510.0 2.624643e-10
2520.0 2.668416e-10
2530.0 2.707821e-10
2540.0 2.741624e-10
2550.0 2.769329e-10
2560.0 2.791177e-10
2570.0 2.808047e-10
2580.0 2.821273e-10
2590.0 2.832425e-10
2600.0 2.843087e-10
2610.0 2.854675e-10
2620.0 2.868318e-10
2630.0 2.884789e-10
2640.0 2.904512e-10
2650.0 2.928387e-10
2660.0 2.997909e-10
2670.0 3.497095e-10
2680.0 4.674292e-10
2690.0 5.470141e-10
2700.0 5.745198e-10
2710.0 6.150884e-10
2720.0 6.521249e-10
2730.0 6.834756e-10
2740.0 7.394984e-10
2750.0 7.927437e-10
2760.0 8.057418e-10
2770.0 7.948263e-10
2780.0 8.057666e-10
2790.0 8.394775e-10
2800.0 8.680250e-10
2810.0 8.995215e-10
2820.0 9.358409e-10
2830.0 9.579633e-10
2840.0 9.817373e-10
2850.0 1.041359e-09
2860.0 1.114901e-09
2870.0 1.198406e-09
2880.0 1.335370e-09
2890.0 1.482339e-09
2900.0 1.582496e-09
2910.0 1.686415e-09
2920.0 1.806916e-09
2930.0 1.892760e-09
2940.0 1.925405e-09
2950.0 1.927028e-09
2960.0 1.910394e-09
2970.0 1.861225e-09
2980.0 1.789857e-09
2990.0 1.720390e-09
3000.0 1.668490e-09
3010.0 1.618857e-09
3020.0 1.549888e-09
3030.0 1.493813e-09
3040.0 1.435225e-09
3050.0 1.385758e-09
3060.0 1.372530e-09
3070.0 1.389724e-09
3080.0 1.438351e-09
3090.0 1.508042e-09
3100.0 1.559963e-09
3110.0 1.593441e-09
3120.0 1.658733e-09
3130.0 1.793915e-09
3140.0 1.973713e-09
3150.0 2.132039e-09
3160.0 2.230192e-09
3170.0 2.289656e-09
3180.0 2.331919e-09
3190.0 2.321432e-09
3200.0 2.216749e-09
3210.0 2.028142e-09
3220.0 1.810358e-09
3230.0 1.635404e-09
3240.0 1.538962e-09
3250.0 1.490955e-09
3260.0 1.470262e-09
3270.0 1.487406e-09
3280.0 1.536491e-09
3290.0 1.584211e-09
3300.0 1.612347e-09
3310.0 1.642715e-09
3320.0 1.692132e-09
3330.0 1.746309e-09
3340.0 1.787758e-09
3350.0 1.808623e-09
3360.0 1.820816e-09
3370.0 1.851789e-09
3380.0 1.911718e-09
3390.0 1.980294e-09
3400.0 2.044162e-09
3410.0 2.100866e-09
3420.0 2.147664e-09
3430.0 2.186172e-09
3440.0 2.220179e-09
3450.0 2.262341e-09
3460.0 2.335726e-09
3470.0 2.450510e-09
3480.0 2.600986e-09
3490.0 2.787613e-09
3500.0 3.015568e-09
3510.0 3.272154e-09
3520.0 3.527121e-09
3530.0 3.754397e-09
3540.0 3.949539e-09
3550.0 4.123746e-09
3560.0 4.271470e-09
3570.0 4.364176e-09
3580.0 4.389158e-09
3590.0 4.366570e-09
3600.0 4.326352e-09
3610.0 4.316669e-09
3620.0 4.402318e-09
3630.0 4.592171e-09
3640.0 4.824491e-09
3650.0 5.010695e-09
3660.0 5.078775e-09
3670.0 4.999111e-09
3680.0 4.783371e-09
3690.0 4.480120e-09
3700.0 4.155549e-09
3710.0 3.857631e-09
3720.0 3.596158e-09
3730.0 3.357730e-09
3740.0 3.137754e-09
3750.0 2.951657e-09
3760.0 2.819661e-09
3770.0 2.753163e-09
3780.0 2.755064e-09
3790.0 2.825966e-09
3800.0 2.970053e-09
3810.0 3.193523e-09
3820.0 3.497949e-09
3830.0 3.879211e-09
3840.0 4.329305e-09
3850.0 4.831415e-09
3860.0 5.355071e-09
3870.0 5.867804e-09
3880.0 6.342929e-09
3890.0 6.752283e-09
3900.0 7.075295e-09
3910.0 7.302705e-09
3920.0 7.425216e-09
3930.0 7.430302e-09
3940.0 7.308413e-09
3950.0 7.061705e-09
3960.0 6.717935e-09
3970.0 6.333407e-09
3980.0 5.972817e-09
3990.0 5.685888e-09
4000.0 5.499999e-09
4010.0 5.422550e-09
4020.0 5.443070e-09
4030.0 5.534458e-09
4040.0 5.656523e-09
4050.0 5.766447e-09
4060.0 5.834916e-09
4070.0 5.856115e-09
4080.0 5.843625e-09
4090.0 5.816643e-09
4100.0 5.789295e-09
4110.0 5.769266e-09
4120.0 5.761226e-09
4130.0 5.766618e-09
4140.0 5.779695e-09
4150.0 5.788569e-09
4160.0 5.782851e-09
4170.0 5.759434e-09
4180.0 5.720298e-09
4190.0 5.665937e-09
4200.0 5.592605e-09
4210.0 5.495546e-09
4220.0 5.373784e-09
4230.0 5.233129e-09
4240.0 5.084350e-09
4250.0 4.935933e-09
4260.0 4.785869e-09
4270.0 4.623244e-09
4280.0 4.440918e-09
4290.0 4.245326e-09
4300.0 4.052123e-09
4310.0 3.874706e-09
4320.0 3.719464e-09
4330.0 3.588828e-09
4340.0 3.483453e-09
4350.0 3.401278e-09
4360.0 3.339371e-09
4370.0 3.299878e-09
4380.0 3.292295e-09
4390.0 3.326863e-09
4400.0 3.405872e-09
4410.0 3.522412e-09
4420.0 3.665700e-09
4430.0 3.824953e-09
4440.0 3.990252e-09
4450.0 4.155570e-09
4460.0 4.322529e-09
4470.0 4.498249e-09
4480.0 4.687135e-09
4490.0 4.885714e-09
4500.0 5.085804e-09
4510.0 5.280083e-09
4520.0 5.463071e-09
4530.0 5.629299e-09
4540.0 5.773490e-09
4550.0 5.891645e-09
4560.0 5.979060e-09
4570.0 6.027047e-09
4580.0 6.024148e-09
4590.0 5.961871e-09
4600.0 5.840817e-09
4610.0 5.674030e-09
4620.0 5.480355e-09
4630.0 5.273795e-09
4640.0 5.062713e-09
4650.0 4.853589e-09
4660.0 4.649743e-09
4670.0 4.449277e-09
4680.0 4.247467e-09
4690.0 4.042033e-09
4700.0 3.836894e-09
4710.0 3.642197e-09
4720.0 3.471378e-09
4730.0 3.336668e-09
4740.0 3.244199e-09
4750.0 3.190650e-09
4760.0 3.163521e-09
4770.0 3.145457e-09
4780.0 3.120871e-09
4790.0 3.081342e-09
4800.0 3.027864e-09
4810.0 2.969451e-09
4820.0 2.919096e-09
4830.0 2.889281e-09
4840.0 2.888953e-09
4850.0 2.922149e-09
4860.0 2.987350e-09
4870.0 3.076929e-09
4880.0 3.176503e-09
4890.0 3.264026e-09
4900.0 3.311713e-09
4910.0 3.299033e-09
4920.0 3.230972e-09
4930.0 3.133135e-09
4940.0 3.026444e-09
4950.0 2.919730e-09
4960.0 2.820568e-09
4970.0 2.739322e-09
4980.0 2.684766e-09
4990.0 2.660764e-09
5000.0 2.666064e-09
5010.0 2.695924e-09
5020.0 2.744503e-09
5030.0 2.806882e-09
5040.0 2.879616e-09
5050.0 2.960062e-09
5060.0 3.045951e-09
5070.0 3.135865e-09
5080.0 3.229931e-09
5090.0 3.329678e-09
5100.0 3.436764e-09
5110.0 3.551201e-09
5120.0 3.670364e-09
5130.0 3.789512e-09
5140.0 3.903104e-09
5150.0 4.005760e-09
5160.0 4.093191e-09
5170.0 4.163363e-09
5180.0 4.216251e-09
5190.0 4.251704e-09
5200.0 4.267676e-09
5210.0 4.260645e-09
5220.0 4.227041e-09
5230.0 4.164870e-09
5240.0 4.075426e-09
5250.0 3.964424e-09
5260.0 3.841527e-09
5270.0 3.718183e-09
5280.0 3.604925e-09
5290.0 3.509381e-09
5300.0 3.435224e-09
5310.0 3.381906e-09
5320.0 3.345350e-09
5330.0 3.319666e-09
5340.0 3.299273e-09
5350.0 3.280473e-09
5360.0 3.261823e-09
5370.0 3.243246e-09
5380.0 3.224420e-09
5390.0 3.203494e-09
5400.0 3.177359e-09
5410.0 3.142791e-09
5420.0 3.097654e-09
5430.0 3.042108e-09
5440.0 2.980533e-09
5450.0 2.922540e-09
5460.0 2.879588e-09
5470.0 2.858997e-09
5480.0 2.861561e-09
5490.0 2.883775e-09
5500.0 2.921121e-09
5510.0 2.969866e-09
5520.0 3.026265e-09
5530.0 3.084539e-09
5540.0 3.136971e-09
5550.0 3.176643e-09
5560.0 3.200069e-09
5570.0 3.207660e-09
5580.0 3.202287e-09
5590.0 3.187296e-09
5600.0 3.165063e-09
5610.0 3.136691e-09
5620.0 3.102259e-09
5630.0 3.061485e-09
5640.0 3.014324e-09
5650.0 2.961210e-09
5660.0 2.903067e-09
5670.0 2.841329e-09
5680.0 2.778051e-09
5690.0 2.716051e-09
5700.0 2.658900e-09
5710.0 2.610564e-09
5720.0 2.574711e-09
5730.0 2.553944e-09
5740.0 2.549326e-09
5750.0 2.560421e-09
5760.0 2.585724e-09
5770.0 2.623170e-09
5780.0 2.670403e-09
5790.0 2.724812e-09
5800.0 2.783545e-09
5810.0 2.843682e-09
5820.0 2.902527e-09
5830.0 2.957812e-09
5840.0 3.007590e-09
5850.0 3.049904e-09
5860.0 3.082868e-09
5870.0 3.104791e-09
5880.0 3.114546e-09
5890.0 3.112012e-09
5900.0 3.098365e-09
5910.0 3.075977e-09
5920.0 3.047847e-09
5930.0 3.016745e-09
5940.0 2.984450e-09
5950.0 2.951442e-09
5960.0 2.917001e-09
5970.0 2.879379e-09
5980.0 2.835825e-09
5990.0 2.782588e-09
6000.0 2.715176e-09
6010.0 2.629052e-09
6020.0 2.520670e-09
6030.0 2.388566e-09
6040.0 2.234235e-09
6050.0 2.062590e-09
6060.0 1.881717e-09
6070.0 1.701776e-09
6080.0 1.533546e-09
6090.0 1.386791e-09
6100.0 1.268931e-09
6110.0 1.184387e-09
6120.0 1.134655e-09
6130.0 1.118860e-09
6140.0 1.134427e-09
6150.0 1.177671e-09
6160.0 1.244184e-09
6170.0 1.328976e-09
6180.0 1.426507e-09
6190.0 1.530875e-09
6200.0 1.636350e-09
6210.0 1.738131e-09
6220.0 1.832885e-09
6230.0 1.918753e-09
6240.0 1.994840e-09
6250.0 2.060619e-09
6260.0 2.115685e-09
6270.0 2.159911e-09
6280.0 2.193734e-09
6290.0 2.218143e-09
6300.0 2.234272e-09
6310.0 2.242786e-09
6320.0 2.243545e-09
6330.0 2.236105e-09
6340.0 2.221256e-09
6350.0 2.202003e-09
6360.0 2.182415e-09
6370.0 2.165180e-09
6380.0 2.150403e-09
6390.0 2.136533e-09
6400.0 2.122119e-09
6410.0 2.106809e-09
6420.0 2.091148e-09
6430.0 2.075759e-09
6440.0 2.060813e-09
6450.0 2.046076e-09
6460.0 2.031169e-09
6470.0 2.015738e-09
6480.0 1.999496e-09
6490.0 1.982235e-09
6500.0 1.963832e-09
6510.0 1.944268e-09
6520.0 1.923628e-09
6530.0 1.901988e-09
6540.0 1.879234e-09
6550.0 1.854994e-09
6560.0 1.828843e-09
6570.0 1.800688e-09
6580.0 1.770956e-09
6590.0 1.740397e-09
6600.0 1.709651e-09
6610.0 1.678943e-09
6620.0 1.648140e-09
6630.0 1.617088e-09
6640.0 1.585901e-09
6650.0 1.554966e-09
6660.0 1.524694e-09
6670.0 1.495270e-09
6680.0 1.466628e-09
6690.0 1.438663e-09
6700.0 1.411486e-09
6710.0 1.385506e-09
6720.0 1.361218e-09
6730.0 1.338880e-09
6740.0 1.318339e-09
6750.0 1.299191e-09
6760.0 1.281159e-09
6770.0 1.264375e-09
6780.0 1.249294e-09
6790.0 1.236285e-09
6800.0 1.225198e-09
6810.0 1.215237e-09
6820.0 1.205244e-09
6830.0 1.194204e-09
6840.0 1.181695e-09
6850.0 1.168012e-09
6860.0 1.153894e-09
6870.0 1.140054e-09
6880.0 1.126781e-09
6890.0 1.113811e-09
6900.0 1.100542e-09
6910.0 1.086433e-09
6920.0 1.071354e-09
6930.0 1.055709e-09
6940.0 1.040290e-09
6950.0 1.025970e-09
6960.0 1.013432e-09
6970.0 1.003021e-09
6980.0 9.947410e-10
6990.0 9.883281e-10
7000.0 9.833406e-10
7010.0 9.792405e-10
7020.0 9.754503e-10
7030.0 9.713934e-10
7040.0 9.665544e-10
7050.0 9.605960e-10
7060.0 9.535001e-10
7070.0 9.456128e-10
7080.0 9.375057e-10
7090.0 9.297202e-10
7100.0 9.225736e-10
7110.0 9.161462e-10
7120.0 9.104104e-10
7130.0 9.053641e-10
7140.0 9.010962e-10
7150.0 8.977201e-10
7160.0 8.952655e-10
7170.0 8.936220e-10
7180.0 8.925663e-10
7190.0 8.918385e-10
7200.0 8.912053e-10
7210.0 8.904668e-10
7220.0 8.893955e-10
7230.0 8.876236e-10
7240.0 8.845428e-10
7250.0 8.793621e-10
7260.0 8.714561e-10
7270.0 8.608694e-10
7280.0 8.485101e-10
7290.0 8.356966e-10
7300.0 8.233662e-10
7310.0 8.116316e-10
7320.0 7.999661e-10
7330.0 7.876886e-10
7340.0 7.743094e-10
7350.0 7.596131e-10
7360.0 7.435918e-10
7370.0 7.263495e-10
7380.0 7.080358e-10
7390.0 6.888328e-10
7400.0 6.690167e-10
7410.0 6.490464e-10
7420.0 6.295536e-10
7430.0 6.112056e-10
7440.0 5.945062e-10
7450.0 5.796924e-10
7460.0 5.667919e-10
7470.0 5.557626e-10
7480.0 5.465908e-10
7490.0 5.393015e-10
7500.0 5.339059e-10
7510.0 5.303414e-10
7520.0 5.284513e-10
7530.0 5.280126e-10
7540.0 5.287959e-10
7550.0 5.306188e-10
7560.0 5.333636e-10
7570.0 5.369555e-10
7580.0 5.413166e-10
7590.0 5.463207e-10
7600.0 5.517732e-10
7610.0 5.574524e-10
7620.0 5.631179e-10
7630.0 5.685798e-10
7640.0 5.737763e-10
7650.0 5.787474e-10
7660.0 5.835903e-10
7670.0 5.884080e-10
7680.0 5.932816e-10
7690.0 5.982713e-10
7700.0 6.034351e-10
7710.0 6.088438e-10
7720.0 6.145787e-10
7730.0 6.207041e-10
7740.0 6.272310e-10
7750.0 6.340916e-10
7760.0 6.411341e-10
7770.0 6.481467e-10
7780.0 6.548972e-10
7790.0 6.611672e-10
7800.0 6.667634e-10
7810.0 6.715095e-10
7820.0 6.752355e-10
7830.0 6.777801e-10
7840.0 6.790168e-10
7850.0 6.788910e-10
7860.0 6.774462e-10
7870.0 6.748181e-10
7880.0 6.711975e-10
7890.0 6.667824e-10
7900.0 6.617490e-10
7910.0 6.562486e-10
7920.0 6.504102e-10
7930.0 6.443184e-10
7940.0 6.379717e-10
7950.0 6.312676e-10
7960.0 6.240504e-10
7970.0 6.161996e-10
7980.0 6.076944e-10
7990.0 5.986100e-10
8000.0 5.890575e-10
8010.0 5.791120e-10
8020.0 5.687696e-10
8030.0 5.579543e-10
8040.0 5.465647e-10
8050.0 5.345339e-10
8060.0 5.218592e-10
8070.0 5.085792e-10
8080.0 4.947197e-10
8090.0 4.802679e-10
8100.0 4.652094e-10
8110.0 4.496035e-10
8120.0 4.336378e-10
8130.0 4.176298e-10
8140.0 4.019887e-10
8150.0 3.871680e-10
8160.0 3.736231e-10
8170.0 3.617770e-10
8180.0 3.519885e-10
8190.0 3.445245e-10
8200.0 3.395381e-10
8210.0 3.370565e-10
8220.0 3.369797e-10
8230.0 3.390891e-10
8240.0 3.430674e-10
8250.0 3.485330e-10
8260.0 3.550898e-10
8270.0 3.623873e-10
8280.0 3.701806e-10
8290.0 3.783730e-10
8300.0 3.870287e-10
8310.0 3.963494e-10
8320.0 4.066227e-10
8330.0 4.181572e-10
8340.0 4.312211e-10
8350.0 4.459963e-10
8360.0 4.625516e-10
8370.0 4.808349e-10
8380.0 5.006804e-10
8390.0 5.218294e-10
8400.0 5.439581e-10
8410.0 5.667109e-10
8420.0 5.897321e-10
8430.0 6.126926e-10
8440.0 6.353041e-10
8450.0 6.573240e-10
8460.0 6.785502e-10
8470.0 6.988140e-10
8480.0 7.179749e-10
8490.0 7.359194e-10
8500.0 7.525623e-10
8510.0 7.678486e-10
8520.0 7.817519e-10
8530.0 7.942707e-10
8540.0 8.054222e-10
8550.0 8.152369e-10
8560.0 8.237528e-10
8570.0 8.310121e-10
8580.0 8.370585e-10
8590.0 8.419372e-10
8600.0 8.456970e-10
8610.0 8.483933e-10
8620.0 8.500870e-10
8630.0 8.508392e-10
8640.0 8.507026e-10
8650.0 8.497140e-10
8660.0 8.478942e-10
8670.0 8.452556e-10
8680.0 8.418157e-10
8690.0 8.376057e-10
8700.0 8.326713e-10
8710.0 8.270587e-10
8720.0 8.207915e-10
8730.0 8.138512e-10
8740.0 8.061680e-10
8750.0 7.976307e-10
8760.0 7.881120e-10
8770.0 7.775028e-10
8780.0 7.657470e-10
8790.0 7.528643e-10
8800.0 7.389584e-10
8810.0 7.242099e-10
8820.0 7.088575e-10
8830.0 6.931749e-10
8840.0 6.774468e-10
8850.0 6.619457e-10
8860.0 6.469104e-10
8870.0 6.325271e-10
8880.0 6.189189e-10
8890.0 6.061439e-10
8900.0 5.942064e-10
8910.0 5.830758e-10
8920.0 5.727060e-10
8930.0 5.630495e-10
8940.0 5.540600e-10
8950.0 5.456891e-10
8960.0 5.378811e-10
8970.0 5.305748e-10
8980.0 5.237123e-10
8990.0 5.172509e-10
9000.0 5.111731e-10
9010.0 5.054863e-10
9020.0 5.002141e-10
9030.0 4.953803e-10
9040.0 4.909929e-10
9050.0 4.870319e-10
9060.0 4.834471e-10
9070.0 4.801616e-10
9080.0 4.770792e-10
9090.0 4.740954e-10
9100.0 4.711107e-10
9110.0 4.680476e-10
9120.0 4.648691e-10
9130.0 4.615953e-10
9140.0 4.583141e-10
9150.0 4.551778e-10
9160.0 4.523797e-10
9170.0 4.501055e-10
9180.0 4.484716e-10
9190.0 4.474756e-10
9200.0 4.469886e-10
9210.0 4.467948e-10
9220.0 4.466531e-10
9230.0 4.463399e-10
9240.0 4.456539e-10
9250.0 4.444021e-10
9260.0 4.424080e-10
9270.0 4.395683e-10
9280.0 4.356156e-10
9290.0 4.309197e-10
9300.0 4.261007e-10
9310.0 4.216320e-10
9320.0 4.178608e-10
9330.0 4.149112e-10
9340.0 4.126954e-10
9350.0 4.110032e-10
9360.0 4.096043e-10
9370.0 4.083141e-10
9380.0 4.070118e-10
9390.0 4.056295e-10
9400.0 4.041320e-10
9410.0 4.025012e-10
9420.0 4.007267e-10
9430.0 3.988021e-10
9440.0 3.967233e-10
9450.0 3.944889e-10
9460.0 3.921000e-10
9470.0 3.895605e-10
9480.0 3.868772e-10
9490.0 3.840597e-10
9500.0 3.811205e-10
9510.0 3.780740e-10
9520.0 3.749368e-10
9530.0 3.717263e-10
9540.0 3.684606e-10
9550.0 3.651575e-10
9560.0 3.618339e-10
9570.0 3.585054e-10
9580.0 3.551858e-10
9590.0 3.518869e-10
9600.0 3.486181e-10
9610.0 3.453870e-10
9620.0 3.421990e-10
9630.0 3.390580e-10
9640.0 3.359667e-10
9650.0 3.329271e-10
9660.0 3.299405e-10
9670.0 3.270086e-10
9680.0 3.241331e-10
9690.0 3.213164e-10
9700.0 3.185613e-10
9710.0 3.158717e-10
9720.0 3.132518e-10
9730.0 3.107065e-10
9740.0 3.082410e-10
9750.0 3.058606e-10
9760.0 3.035707e-10
9770.0 3.013764e-10
9780.0 2.992822e-10
9790.0 2.972922e-10
9800.0 2.954098e-10
9810.0 2.936375e-10
9820.0 2.919771e-10
9830.0 2.904292e-10
9840.0 2.889938e-10
9850.0 2.876697e-10
9860.0 2.864548e-10
9870.0 2.853460e-10
9880.0 2.843391e-10
9890.0 2.834290e-10
9900.0 2.826095e-10
9910.0 2.818732e-10
9920.0 2.812120e-10
9930.0 2.806166e-10
9940.0 2.800769e-10
9950.0 2.795821e-10
9960.0 2.791206e-10
9970.0 2.786804e-10
9980.0 2.782494e-10
9990.0 2.778152e-10
10000.0 2.773658e-10
10010.0 2.768896e-10
10020.0 2.763755e-10
10030.0 2.758134e-10
10040.0 2.751942e-10
10050.0 2.745099e-10
10060.0 2.737539e-10
10070.0 2.729210e-10
10080.0 2.720072e-10
10090.0 2.710099e-10
10100.0 2.699279e-10
10110.0 2.687611e-10
10120.0 2.675107e-10
10130.0 2.661785e-10
10140.0 2.647674e-10
10150.0 2.632807e-10
10160.0 2.617225e-10
10170.0 2.600972e-10
10180.0 2.584092e-10
10190.0 2.566633e-10
10200.0 2.548645e-10
10210.0 2.530175e-10
10220.0 2.511273e-10
10230.0 2.491988e-10
10240.0 2.472367e-10
10250.0 2.452458e-10
10260.0 2.432309e-10
10270.0 2.411966e-10
10280.0 2.391477e-10
10290.0 2.370887e-10
10300.0 2.350242e-10
10310.0 2.329589e-10
10320.0 2.308972e-10
10330.0 2.288436e-10
10340.0 2.268025e-10
10350.0 2.247780e-10
10360.0 2.227744e-10
10370.0 2.207955e-10
10380.0 2.188451e-10
10390.0 2.169270e-10
10400.0 2.150445e-10
10410.0 2.132011e-10
10420.0 2.113998e-10
10430.0 2.096438e-10
10440.0 2.079357e-10
10450.0 2.062783e-10
10460.0 2.046739e-10
10470.0 2.031249e-10
10480.0 2.016330e-10
10490.0 2.002001e-10
10500.0 1.988272e-10
10510.0 1.975155e-10
10520.0 1.962652e-10
10530.0 1.950765e-10
10540.0 1.939489e-10
10550.0 1.928813e-10
10560.0 1.918724e-10
10570.0 1.909200e-10
10580.0 1.900218e-10
10590.0 1.891750e-10
10600.0 1.883763e-10
10610.0 1.876222e-10
10620.0 1.869091e-10
10630.0 1.862330e-10
10640.0 1.855901e-10
10650.0 1.849765e-10
10660.0 1.843882e-10
10670.0 1.838215e-10
10680.0 1.832728e-10
10690.0 1.827387e-10
10700.0 1.822158e-10
10710.0 1.817012e-10
10720.0 1.811922e-10
10730.0 1.806860e-10
10740.0 1.801805e-10
10750.0 1.796736e-10
10760.0 1.791634e-10
10770.0 1.786485e-10
10780.0 1.781276e-10
10790.0 1.775996e-10
10800.0 1.770639e-10
10810.0 1.765200e-10
10820.0 1.759678e-10
10830.0 1.754072e-10
10840.0 1.748385e-10
10850.0 1.742622e-10
10860.0 1.736788e-10
10870.0 1.730888e-10
10880.0 1.724927e-10
10890.0 1.718912e-10
10900.0 1.712846e-10
10910.0 1.706731e-10
10920.0 1.700569e-10
10930.0 1.694356e-10
10940.0 1.688090e-10
10950.0 1.681765e-10
10960.0 1.675374e-10
10970.0 1.668909e-10
10980.0 1.662362e-10
10990.0 1.655725e-10
11000.0 1.648991e-10
11010.0 1.642155e-10
11020.0 1.635215e-10
11030.0 1.628170e-10
11040.0 1.621024e-10
11050.0 1.613786e-10
11060.0 1.606467e-10
11070.0 1.599082e-10
11080.0 1.591648e-10
11090.0 1.584190e-10
11100.0 1.576729e-10
11110.0 1.569293e-10
11120.0 1.561908e-10
11130.0 1.554603e-10
11140.0 1.547406e-10
11150.0 1.540343e-10
11160.0 1.533440e-10
11170.0 1.526721e-10
11180.0 1.520207e-10
11190.0 1.513916e-10
11200.0 1.507867e-10
11210.0 1.502071e-10
11220.0 1.496538e-10
11230.0 1.491278e-10
11240.0 1.486294e-10
11250.0 1.481588e-10
11260.0 1.477159e-10
11270.0 1.473006e-10
11280.0 1.469121e-10
11290.0 1.465497e-10
11300.0 1.462124e-10
11310.0 1.458990e-10
11320.0 1.456081e-10
11330.0 1.453380e-10
11340.0 1.450868e-10
11350.0 1.448528e-10
11360.0 1.446337e-10
11370.0 1.444274e-10
11380.0 1.442315e-10
11390.0 1.440438e-10
11400.0 1.438617e-10
11410.0 1.436830e-10
11420.0 1.435054e-10
11430.0 1.433265e-10
11440.0 1.431443e-10
11450.0 1.429567e-10
11460.0 1.427619e-10
11470.0 1.425581e-10
11480.0 1.423438e-10
11490.0 1.421176e-10
11500.0 1.418783e-10
11510.0 1.416247e-10
11520.0 1.413559e-10
11530.0 1.410712e-10
11540.0 1.407698e-10
11550.0 1.404510e-10
11560.0 1.401144e-10
11570.0 1.397594e-10
11580.0 1.393857e-10
11590.0 1.389927e-10
11600.0 1.385802e-10
11610.0 1.381476e-10
11620.0 1.376948e-10
11630.0 1.372212e-10
11640.0 1.367266e-10
11650.0 1.362105e-10
11660.0 1.356725e-10
11670.0 1.351122e-10
11680.0 1.345292e-10
11690.0 1.339232e-10
11700.0 1.332937e-10
11710.0 1.326403e-10
11720.0 1.319627e-10
11730.0 1.312606e-10
11740.0 1.305340e-10
11750.0 1.297826e-10
11760.0 1.290065e-10
11770.0 1.282060e-10
11780.0 1.273813e-10
11790.0 1.265331e-10
11800.0 1.256621e-10
11810.0 1.247694e-10
11820.0 1.238561e-10
11830.0 1.229238e-10
11840.0 1.219742e-10
11850.0 1.210091e-10
11860.0 1.200309e-10
11870.0 1.190418e-10
11880.0 1.180444e-10
11890.0 1.170413e-10
11900.0 1.160354e-10
11910.0 1.150296e-10
11920.0 1.140265e-10
11930.0 1.130293e-10
11940.0 1.120405e-10
11950.0 1.110629e-10
11960.0 1.100990e-10
11970.0 1.091510e-10
11980.0 1.082211e-10
11990.0 1.073110e-10
12000.0 1.064222e-10
12010.0 1.055559e-10
12020.0 1.047128e-10
12030.0 1.038936e-10
12040.0 1.030983e-10
12050.0 1.023269e-10
12060.0 1.015792e-10
12070.0 1.008545e-10
12080.0 1.001524e-10
12090.0 9.947217e-11
12100.0 9.881306e-11
12110.0 9.817451e-11
12120.0 9.755608e-11
12130.0 9.695750e-11
12140.0 9.637872e-11
12150.0 9.582001e-11
12160.0 9.528189e-11
12170.0 9.476517e-11
12180.0 9.427094e-11
12190.0 9.380052e-11
12200.0 9.335539e-11
12210.0 9.293719e-11
12220.0 9.254759e-11
12230.0 9.218823e-11
12240.0 9.186066e-11
12250.0 9.156623e-11
12260.0 9.130606e-11
12270.0 9.108095e-11
12280.0 9.089135e-11
12290.0 9.073734e-11
12300.0 9.061856e-11
12310.0 9.053428e-11
12320.0 9.048338e-11
12330.0 9.046438e-11
12340.0 9.047550e-11
12350.0 9.051469e-11
12360.0 9.057969e-11
12370.0 9.066813e-11
12380.0 9.077753e-11
12390.0 9.090541e-11
12400.0 9.104931e-11
12410.0 9.120688e-11
12420.0 9.137586e-11
12430.0 9.155417e-11
12440.0 9.173988e-11
12450.0 9.193125e-11
12460.0 9.212671e-11
12470.0 9.232486e-11
12480.0 9.252446e-11
12490.0 9.272437e-11
12500.0 9.292358e-11
12510.0 9.312115e-11
12520.0 9.331615e-11
12530.0 9.350770e-11
12540.0 9.369487e-11
12550.0 9.387671e-11
12560.0 9.405219e-11
12570.0 9.422020e-11
12580.0 9.437954e-11
12590.0 9.452893e-11
12600.0 9.466696e-11
12610.0 9.479214e-11
12620.0 9.490291e-11
12630.0 9.499766e-11
12640.0 9.507472e-11
12650.0 9.513241e-11
12660.0 9.516910e-11
12670.0 9.518321e-11
12680.0 9.517322e-11
12690.0 9.513779e-11
12700.0 9.507570e-11
12710.0 9.498595e-11
12720.0 9.486778e-11
12730.0 9.472066e-11
12740.0 9.454436e-11
12750.0 9.433895e-11
12760.0 9.410476e-11
12770.0 9.384249e-11
12780.0 9.355311e-11
12790.0 9.323788e-11
12800.0 9.289835e-11
12810.0 9.253632e-11
12820.0 9.215379e-11
12830.0 9.175297e-11
12840.0 9.133620e-11
12850.0 9.090594e-11
12860.0 9.046468e-11
12870.0 9.001495e-11
12880.0 8.955923e-11
12890.0 8.909994e-11
12900.0 8.863938e-11
12910.0 8.817970e-11
12920.0 8.772289e-11
12930.0 8.727070e-11
12940.0 8.682469e-11
12950.0 8.638616e-11
12960.0 8.595618e-11
12970.0 8.553557e-11
12980.0 8.512493e-11
12990.0 8.472461e-11
13000.0 8.433477e-11
13010.0 8.395537e-11
13020.0 8.358622e-11
13030.0 8.322697e-11
13040.0 8.287718e-11
13050.0 8.253632e-11
13060.0 8.220381e-11
13070.0 8.187902e-11
13080.0 8.156134e-11
13090.0 8.125018e-11
13100.0 8.094496e-11
13110.0 8.064520e-11
13120.0 8.035044e-11
13130.0 8.006032e-11
13140.0 7.977454e-11
13150.0 7.949290e-11
13160.0 7.921525e-11
13170.0 7.894152e-11
13180.0 7.867168e-11
13190.0 7.840578e-11
13200.0 7.814385e-11
13210.0 7.788599e-11
13220.0 7.763225e-11
13230.0 7.738272e-11
13240.0 7.713742e-11
13250.0 7.689636e-11
13260.0 7.665949e-11
13270.0 7.642673e-11
13280.0 7.619790e-11
13290.0 7.597281e-11
13300.0 7.575116e-11
13310.0 7.553262e-11
13320.0 7.531680e-11
13330.0 7.510325e-11
13340.0 7.489146e-11
13350.0 7.468090e-11
13360.0 7.447097e-11
13370.0 7.426108e-11
13380.0 7.405057e-11
13390.0 7.383878e-11
13400.0 7.362502e-11
13410.0 7.340862e-11
13420.0 7.318885e-11
13430.0 7.296503e-11
13440.0 7.273645e-11
13450.0 7.250245e-11
13460.0 7.226237e-11
13470.0 7.201560e-11
13480.0 7.176156e-11
13490.0 7.149973e-11
13500.0 7.122970e-11
13510.0 7.095109e-11
13520.0 7.066366e-11
13530.0 7.036724e-11
13540.0 7.006180e-11
13550.0 6.974744e-11
13560.0 6.942435e-11
13570.0 6.909289e-11
13580.0 6.875350e-11
13590.0 6.840675e-11
13600.0 6.805333e-11
13610.0 6.769397e-11
13620.0 6.732951e-11
13630.0 6.696082e-11
13640.0 6.658879e-11
13650.0 6.621432e-11
13660.0 6.583827e-11
13670.0 6.546150e-11
13680.0 6.508476e-11
13690.0 6.470875e-11
13700.0 6.433408e-11
13710.0 6.396125e-11
13720.0 6.359068e-11
13730.0 6.322268e-11
13740.0 6.285747e-11
13750.0 6.249519e-11
13760.0 6.213591e-11
13770.0 6.177966e-11
13780.0 6.142642e-11
13790.0 6.107616e-11
13800.0 6.072885e-11
13810.0 6.038447e-11
13820.0 6.004306e-11
13830.0 5.970466e-11
13840.0 5.936941e-11
13850.0 5.903747e-11
13860.0 5.870906e-11
13870.0 5.838448e-11
13880.0 5.806404e-11
13890.0 5.774812e-11
13900.0 5.743710e-11
13910.0 5.713138e-11
13920.0 5.683136e-11
13930.0 5.653742e-11
13940.0 5.624992e-11
13950.0 5.596916e-11
13960.0 5.569539e-11
13970.0 5.542880e-11
13980.0 5.516953e-11
13990.0 5.491761e-11
14000.0 5.467304e-11
14010.0 5.443572e-11
14020.0 5.420550e-11
14030.0 5.398216e-11
14040.0 5.376545e-11
14050.0 5.355503e-11
14060.0 5.335056e-11
14070.0 5.315168e-11
14080.0 5.295797e-11
14090.0 5.276905e-11
14100.0 5.258451e-11
14110.0 5.240396e-11
14120.0 5.222702e-11
14130.0 5.205335e-11
14140.0 5.188263e-11
14150.0 5.171456e-11
14160.0 5.154889e-11
14170.0 5.138540e-11
14180.0 5.122393e-11
14190.0 5.106433e-11
14200.0 5.090649e-11
14210.0 5.075034e-11
14220.0 5.059582e-11
14230.0 5.044290e-11
14240.0 5.029156e-11
14250.0 5.014176e-11
14260.0 4.999349e-11
14270.0 4.984670e-11
14280.0 4.970134e-11
14290.0 4.955734e-11
14300.0 4.941462e-11
14310.0 4.927307e-11
14320.0 4.913255e-11
14330.0 4.899296e-11
14340.0 4.885415e-11
14350.0 4.871600e-11
14360.0 4.857842e-11
14370.0 4.844134e-11
14380.0 4.830471e-11
14390.0 4.816856e-11
14400.0 4.803295e-11
14410.0 4.789801e-11
14420.0 4.776391e-11
14430.0 4.763087e-11
14440.0 4.749916e-11
14450.0 4.736907e-11
14460.0 4.724090e-11
14470.0 4.711492e-11
14480.0 4.699141e-11
14490.0 4.687056e-11
14500.0 4.675250e-11
14510.0 4.663725e-11
14520.0 4.652473e-11
14530.0 4.641473e-11
14540.0 4.630691e-11
14550.0 4.620080e-11
14560.0 4.609581e-11
14570.0 4.599124e-11
14580.0 4.588630e-11
14590.0 4.578014e-11
14600.0 4.567191e-11
14610.0 4.556075e-11
14620.0 4.544588e-11
14630.0 4.532663e-11
14640.0 4.520246e-11
14650.0 4.507304e-11
14660.0 4.493826e-11
14670.0 4.479828e-11
14680.0 4.465355e-11
14690.0 4.450481e-11
14700.0 4.435312e-11
14710.0 4.419984e-11
14720.0 4.404662e-11
14730.0 4.389541e-11
14740.0 4.374835e-11
14750.0 4.360784e-11
14760.0 4.347639e-11
14770.0 4.335664e-11
14780.0 4.325131e-11
14790.0 4.316309e-11
14800.0 4.309465e-11
14810.0 4.304857e-11
14820.0 4.302731e-11
14830.0 4.303313e-11
14840.0 4.306814e-11
14850.0 4.313417e-11
14860.0 4.323286e-11
14870.0 4.336558e-11
14880.0 4.353346e-11
14890.0 4.373736e-11
14900.0 4.397793e-11
14910.0 4.425556e-11
14920.0 4.457045e-11
14930.0 4.492260e-11
14940.0 4.531182e-11
14950.0 4.573775e-11
14960.0 4.619990e-11
14970.0 4.669764e-11
14980.0 4.723022e-11
14990.0 4.779677e-11
15000.0 4.839634e-11
15010.0 4.902786e-11
15020.0 4.969018e-11
15030.0 5.038204e-11
15040.0 5.110211e-11
15050.0 5.184895e-11
15060.0 5.262103e-11
15070.0 5.341672e-11
15080.0 5.423428e-11
15090.0 5.507186e-11
15100.0 5.592753e-11
15110.0 5.679924e-11
15120.0 5.768482e-11
15130.0 5.858201e-11
15140.0 5.948845e-11
15150.0 6.040167e-11
15160.0 6.131912e-11
15170.0 6.223815e-11
15180.0 6.315607e-11
15190.0 6.407010e-11
15200.0 6.497741e-11
15210.0 6.587515e-11
15220.0 6.676044e-11
15230.0 6.763043e-11
15240.0 6.848226e-11
15250.0 6.931314e-11
15260.0 7.012034e-11
15270.0 7.090123e-11
15280.0 7.165330e-11
15290.0 7.237417e-11
15300.0 7.306163e-11
15310.0 7.371368e-11
15320.0 7.432850e-11
15330.0 7.490451e-11
15340.0 7.544038e-11
15350.0 7.593502e-11
15360.0 7.638761e-11
15370.0 7.679758e-11
15380.0 7.716463e-11
15390.0 7.748871e-11
15400.0 7.777004e-11
15410.0 7.800903e-11
15420.0 7.820633e-11
15430.0 7.836279e-11
15440.0 7.847941e-11
15450.0 7.855735e-11
15460.0 7.859786e-11
15470.0 7.860233e-11
15480.0 7.857217e-11
15490.0 7.850885e-11
15500.0 7.841387e-11
15510.0 7.828871e-11
15520.0 7.813484e-11
15530.0 7.795370e-11
15540.0 7.774667e-11
15550.0 7.751511e-11
15560.0 7.726028e-11
15570.0 7.698343e-11
15580.0 7.668573e-11
15590.0 7.636831e-11
15600.0 7.603226e-11
15610.0 7.567863e-11
15620.0 7.530846e-11
15630.0 7.492275e-11
15640.0 7.452252e-11
15650.0 7.410878e-11
15660.0 7.368255e-11
15670.0 7.324486e-11
15680.0 7.279678e-11
15690.0 7.233937e-11
15700.0 7.187376e-11
15710.0 7.140104e-11
15720.0 7.092238e-11
15730.0 7.043892e-11
15740.0 6.995183e-11
15750.0 6.946226e-11
15760.0 6.897140e-11
15770.0 6.848038e-11
15780.0 6.799033e-11
15790.0 6.750236e-11
15800.0 6.701754e-11
15810.0 6.653690e-11
15820.0 6.606143e-11
15830.0 6.559206e-11
15840.0 6.512970e-11
15850.0 6.467517e-11
15860.0 6.422925e-11
15870.0 6.379267e-11
15880.0 6.336608e-11
15890.0 6.295008e-11
15900.0 6.254523e-11
15910.0 6.215198e-11
15920.0 6.177077e-11
15930.0 6.140194e-11
15940.0 6.104578e-11
15950.0 6.070252e-11
15960.0 6.037231e-11
15970.0 6.005526e-11
15980.0 5.975140e-11
15990.0 5.946070e-11
16000.0 5.918310e-11
16010.0 5.891845e-11
16020.0 5.866658e-11
16030.0 5.842727e-11
16040.0 5.820028e-11
16050.0 5.798535e-11
16060.0 5.778219e-11
16070.0 5.759052e-11
16080.0 5.741009e-11
16090.0 5.724065e-11
16100.0 5.708198e-11
16110.0 5.693393e-11
16120.0 5.679637e-11
16130.0 5.666924e-11
16140.0 5.655255e-11
16150.0 5.644637e-11
16160.0 5.635082e-11
16170.0 5.626609e-11
16180.0 5.619243e-11
16190.0 5.613012e-11
16200.0 5.607948e-11
16210.0 5.604084e-11
16220.0 5.601456e-11
16230.0 5.600095e-11
16240.0 5.600033e-11
16250.0 5.601296e-11
16260.0 5.603902e-11
16270.0 5.607863e-11
16280.0 5.613183e-11
16290.0 5.619854e-11
16300.0 5.627856e-11
16310.0 5.637160e-11
16320.0 5.647724e-11
16330.0 5.659491e-11
16340.0 5.672396e-11
16350.0 5.686362e-11
16360.0 5.701301e-11
16370.0 5.717116e-11
16380.0 5.733703e-11
16390.0 5.750953e-11
16400.0 5.768751e-11
16410.0 5.786981e-11
16420.0 5.805528e-11
16430.0 5.824275e-11
16440.0 5.843111e-11
16450.0 5.861930e-11
16460.0 5.880632e-11
16470.0 5.899124e-11
16480.0 5.917326e-11
16490.0 5.935162e-11
16500.0 5.952572e-11
16510.0 5.969505e-11
16520.0 5.985922e-11
16530.0 6.001793e-11
16540.0 6.017101e-11
16550.0 6.031841e-11
16560.0 6.046014e-11
16570.0 6.059633e-11
16580.0 6.072719e-11
16590.0 6.085299e-11
16600.0 6.097408e-11
16610.0 6.109087e-11
16620.0 6.120381e-11
16630.0 6.131339e-11
16640.0 6.142013e-11
16650.0 6.152460e-11
16660.0 6.162737e-11
16670.0 6.172904e-11
16680.0 6.183022e-11
16690.0 6.193152e-11
16700.0 6.203359e-11
16710.0 6.213706e-11
16720.0 6.224256e-11
16730.0 6.235075e-11
16740.0 6.246227e-11
16750.0 6.257777e-11
16760.0 6.269786e-11
16770.0 6.282319e-11
16780.0 6.295435e-11
16790.0 6.309194e-11
16800.0 6.323652e-11
16810.0 6.338861e-11
16820.0 6.354872e-11
16830.0 6.371727e-11
16840.0 6.389469e-11
16850.0 6.408129e-11
16860.0 6.427737e-11
16870.0 6.448314e-11
16880.0 6.469875e-11
16890.0 6.492428e-11
16900.0 6.515975e-11
16910.0 6.540511e-11
16920.0 6.566023e-11
16930.0 6.592494e-11
16940.0 6.619901e-11
16950.0 6.648214e-11
16960.0 6.677401e-11
16970.0 6.707425e-11
16980.0 6.738246e-11
16990.0 6.769822e-11
17000.0 6.802109e-11
17010.0 6.835062e-11
17020.0 6.868635e-11
17030.0 6.902781e-11
17040.0 6.937454e-11
17050.0 6.972610e-11
17060.0 7.008200e-11
17070.0 7.044181e-11
17080.0 7.080505e-11
17090.0 7.117126e-11
17100.0 7.153997e-11
17110.0 7.191067e-11
17120.0 7.228286e-11
17130.0 7.265598e-11
17140.0 7.302947e-11
17150.0 7.340270e-11
17160.0 7.377500e-11
17170.0 7.414567e-11
17180.0 7.451393e-11
17190.0 7.487897e-11
17200.0 7.523990e-11
17210.0 7.559580e-11
17220.0 7.594570e-11
17230.0 7.628858e-11
17240.0 7.662341e-11
17250.0 7.694912e-11
17260.0 7.726463e-11
17270.0 7.756889e-11
17280.0 7.786085e-11
17290.0 7.813950e-11
17300.0 7.840390e-11
17310.0 7.865315e-11
17320.0 7.888645e-11
17330.0 7.910309e-11
17340.0 7.930248e-11
17350.0 7.948414e-11
17360.0 7.964770e-11
17370.0 7.979294e-11
17380.0 7.991974e-11
17390.0 8.002815e-11
17400.0 8.011830e-11
17410.0 8.019046e-11
17420.0 8.024498e-11
17430.0 8.028233e-11
17440.0 8.030304e-11
17450.0 8.030771e-11
17460.0 8.029696e-11
17470.0 8.027148e-11
17480.0 8.023194e-11
17490.0 8.017904e-11
17500.0 8.011343e-11
17510.0 8.003577e-11
17520.0 7.994666e-11
17530.0 7.984667e-11
17540.0 7.973632e-11
17550.0 7.961610e-11
17560.0 7.948642e-11
17570.0 7.934767e-11
17580.0 7.920021e-11
17590.0 7.904434e-11
17600.0 7.888035e-11
17610.0 7.870851e-11
17620.0 7.852908e-11
17630.0 7.834232e-11
17640.0 7.814849e-11
17650.0 7.794787e-11
17660.0 7.774074e-11
17670.0 7.752742e-11
17680.0 7.730823e-11
17690.0 7.708354e-11
17700.0 7.685373e-11
17710.0 7.661917e-11
17720.0 7.638030e-11
17730.0 7.613752e-11
17740.0 7.589124e-11
17750.0 7.564190e-11
17760.0 7.538990e-11
17770.0 7.513563e-11
17780.0 7.487945e-11
17790.0 7.462172e-11
17800.0 7.436272e-11
17810.0 7.410275e-11
17820.0 7.384203e-11
17830.0 7.358075e-11
17840.0 7.331908e-11
17850.0 7.305712e-11
17860.0 7.279496e-11
17870.0 7.253265e-11
17880.0 7.227020e-11
17890.0 7.200760e-11
17900.0 7.174483e-11
17910.0 7.148184e-11
17920.0 7.121857e-11
17930.0 7.095495e-11
17940.0 7.069090e-11
17950.0 7.042634e-11
17960.0 7.016119e-11
17970.0 6.989536e-11
17980.0 6.962878e-11
17990.0 6.936136e-11
18000.0 6.909302e-11
18010.0 6.882369e-11
18020.0 6.855329e-11
18030.0 6.828175e-11
18040.0 6.800901e-11
18050.0 6.773499e-11
18060.0 6.745963e-11
18070.0 6.718289e-11
18080.0 6.690471e-11
18090.0 6.662505e-11
18100.0 6.634388e-11
18110.0 6.606120e-11
18120.0 6.577701e-11
18130.0 6.549133e-11
18140.0 6.520422e-11
18150.0 6.491576e-11
18160.0 6.462602e-11
18170.0 6.433516e-11
18180.0 6.404331e-11
18190.0 6.375067e-11
18200.0 6.345744e-11
18210.0 6.316385e-11
18220.0 6.287015e-11
18230.0 6.257661e-11
18240.0 6.228351e-11
18250.0 6.199112e-11
18260.0 6.169972e-11
18270.0 6.140959e-11
18280.0 6.112098e-11
18290.0 6.083413e-11
18300.0 6.054925e-11
18310.0 6.026652e-11
18320.0 5.998608e-11
18330.0 5.970802e-11
18340.0 5.943240e-11
18350.0 5.915924e-11
18360.0 5.888847e-11
18370.0 5.862003e-11
18380.0 5.835378e-11
18390.0 5.808954e-11
18400.0 5.782710e-11
18410.0 5.756621e-11
18420.0 5.730660e-11
18430.0 5.704798e-11
18440.0 5.679003e-11
18450.0 5.653246e-11
18460.0 5.627494e-11
18470.0 5.601718e-11
18480.0 5.575891e-11
18490.0 5.549986e-11
18500.0 5.523982e-11
18510.0 5.497860e-11
18520.0 5.471606e-11
18530.0 5.445209e-11
18540.0 5.418666e-11
18550.0 5.391975e-11
18560.0 5.365142e-11
18570.0 5.338177e-11
18580.0 5.311093e-11
18590.0 5.283909e-11
18600.0 5.256646e-11
18610.0 5.229331e-11
18620.0 5.201990e-11
18630.0 5.174655e-11
18640.0 5.147358e-11
18650.0 5.120131e-11
18660.0 5.093007e-11
18670.0 5.066022e-11
18680.0 5.039208e-11
18690.0 5.012598e-11
18700.0 4.986223e-11
18710.0 4.960114e-11
18720.0 4.934301e-11
18730.0 4.908812e-11
18740.0 4.883672e-11
18750.0 4.858906e-11
18760.0 4.834539e-11
18770.0 4.810593e-11
18780.0 4.787089e-11
18790.0 4.764049e-11
18800.0 4.741491e-11
18810.0 4.719435e-11
18820.0 4.697899e-11
18830.0 4.676901e-11
18840.0 4.656459e-11
18850.0 4.636590e-11
18860.0 4.617310e-11
18870.0 4.598634e-11
18880.0 4.580578e-11
18890.0 4.563155e-11
18900.0 4.546378e-11
18910.0 4.530260e-11
18920.0 4.514809e-11
18930.0 4.500035e-11
18940.0 4.485944e-11
18950.0 4.472541e-11
18960.0 4.459829e-11
18970.0 4.447807e-11
18980.0 4.436475e-11
18990.0 4.425829e-11
19000.0 4.415862e-11
19010.0 4.406566e-11
19020.0 4.397930e-11
19030.0 4.389943e-11
19040.0 4.382590e-11
19050.0 4.375856e-11
19060.0 4.369723e-11
19070.0 4.364174e-11
19080.0 4.359188e-11
19090.0 4.354745e-11
19100.0 4.350825e-11
19110.0 4.347405e-11
19120.0 4.344465e-11
19130.0 4.341983e-11
19140.0 4.339937e-11
19150.0 4.338306e-11
19160.0 4.337069e-11
19170.0 4.336206e-11
19180.0 4.335696e-11
19190.0 4.335520e-11
19200.0 4.335661e-11
19210.0 4.336101e-11
19220.0 4.336824e-11
19230.0 4.337814e-11
19240.0 4.339058e-11
19250.0 4.340542e-11
19260.0 4.342255e-11
19270.0 4.344186e-11
19280.0 4.346326e-11
19290.0 4.348666e-11
19300.0 4.351201e-11
19310.0 4.353923e-11
19320.0 4.356830e-11
19330.0 4.359918e-11
19340.0 4.363183e-11
19350.0 4.366625e-11
19360.0 4.370242e-11
19370.0 4.374035e-11
19380.0 4.378003e-11
19390.0 4.382146e-11
19400.0 4.386466e-11
19410.0 4.390961e-11
19420.0 4.395634e-11
19430.0 4.400481e-11
19440.0 4.405502e-11
19450.0 4.410696e-11
19460.0 4.416057e-11
19470.0 4.421580e-11
19480.0 4.427260e-11
19490.0 4.433088e-11
19500.0 4.439052e-11
19510.0 4.445141e-11
19520.0 4.451340e-11
19530.0 4.457630e-11
19540.0 4.463992e-11
19550.0 4.470403e-11
19560.0 4.476837e-11
19570.0 4.483265e-11
19580.0 4.489656e-11
19590.0 4.495974e-11
19600.0 4.502183e-11
19610.0 4.508241e-11
19620.0 4.514106e-11
19630.0 4.519731e-11
19640.0 4.525068e-11
19650.0 4.530066e-11
19660.0 4.534674e-11
19670.0 4.538838e-11
19680.0 4.542503e-11
19690.0 4.545614e-11
19700.0 4.548117e-11
19710.0 4.549956e-11
19720.0 4.551080e-11
19730.0 4.551436e-11
19740.0 4.550975e-11
19750.0 4.549653e-11
19760.0 4.547426e-11
19770.0 4.544256e-11
19780.0 4.540110e-11
19790.0 4.534959e-11
19800.0 4.528780e-11
19810.0 4.521554e-11
19820.0 4.513271e-11
19830.0 4.503923e-11
19840.0 4.493511e-11
19850.0 4.482040e-11
19860.0 4.469521e-11
19870.0 4.455970e-11
19880.0 4.441409e-11
19890.0 4.425863e-11
19900.0 4.409362e-11
19910.0 4.391940e-11
19920.0 4.373633e-11
19930.0 4.354481e-11
19940.0 4.334524e-11
19950.0 4.313806e-11
19960.0 4.292369e-11
19970.0 4.270260e-11
19980.0 4.247523e-11
19990.0 4.224202e-11
20000.0 4.200342e-11
20010.0 4.175987e-11
20020.0 4.151180e-11
20030.0 4.125965e-11
20040.0 4.100382e-11
20050.0 4.074472e-11
20060.0 4.048275e-11
20070.0 4.021831e-11
20080.0 3.995177e-11
20090.0 3.968351e-11
20100.0 3.941391e-11
20110.0 3.914331e-11
20120.0 3.887210e-11
20130.0 3.860061e-11
20140.0 3.832921e-11
20150.0 3.805825e-11
20160.0 3.778807e-11
20170.0 3.751902e-11
20180.0 3.725146e-11
20190.0 3.698572e-11
20200.0 3.672213e-11
20210.0 3.646105e-11
20220.0 3.620279e-11
20230.0 3.594770e-11
20240.0 3.569609e-11
20250.0 3.544828e-11
20260.0 3.520458e-11
20270.0 3.496530e-11
20280.0 3.473071e-11
20290.0 3.450112e-11
20300.0 3.427679e-11
20310.0 3.405799e-11
20320.0 3.384496e-11
20330.0 3.363794e-11
20340.0 3.343714e-11
20350.0 3.324279e-11
20360.0 3.305506e-11
20370.0 3.287413e-11
20380.0 3.270015e-11
20390.0 3.253327e-11
20400.0 3.237359e-11
20410.0 3.222122e-11
20420.0 3.207623e-11
20430.0 3.193867e-11
20440.0 3.180858e-11
20450.0 3.168597e-11
20460.0 3.157082e-11
20470.0 3.146310e-11
20480.0 3.136276e-11
20490.0 3.126970e-11
20500.0 3.118383e-11
20510.0 3.110503e-11
20520.0 3.103315e-11
20530.0 3.096802e-11
20540.0 3.090946e-11
20550.0 3.085727e-11
20560.0 3.081122e-11
20570.0 3.077107e-11
20580.0 3.073658e-11
20590.0 3.070747e-11
20600.0 3.068348e-11
20610.0 3.066429e-11
20620.0 3.064962e-11
20630.0 3.063915e-11
20640.0 3.063256e-11
20650.0 3.062953e-11
20660.0 3.062971e-11
20670.0 3.063278e-11
20680.0 3.063839e-11
20690.0 3.064619e-11
20700.0 3.065584e-11
20710.0 3.066698e-11
20720.0 3.067927e-11
20730.0 3.069235e-11
20740.0 3.070587e-11
20750.0 3.071949e-11
20760.0 3.073286e-11
20770.0 3.074566e-11
20780.0 3.075753e-11
20790.0 3.076817e-11
20800.0 3.077724e-11
20810.0 3.078445e-11
20820.0 3.078950e-11
20830.0 3.079210e-11
20840.0 3.079200e-11
20850.0 3.078893e-11
20860.0 3.078265e-11
20870.0 3.077296e-11
20880.0 3.075965e-11
20890.0 3.074253e-11
20900.0 3.072147e-11
20910.0 3.069631e-11
20920.0 3.066695e-11
20930.0 3.063330e-11
20940.0 3.059528e-11
20950.0 3.055287e-11
20960.0 3.050603e-11
20970.0 3.045477e-11
20980.0 3.039912e-11
20990.0 3.033912e-11
21000.0 3.027485e-11
21010.0 3.020638e-11
21020.0 3.013383e-11
21030.0 3.005731e-11
21040.0 2.997698e-11
21050.0 2.989299e-11
21060.0 2.980549e-11
21070.0 2.971468e-11
21080.0 2.962075e-11
21090.0 2.952388e-11
21100.0 2.942430e-11
21110.0 2.932220e-11
21120.0 2.921780e-11
21130.0 2.911132e-11
21140.0 2.900298e-11
21150.0 2.889299e-11
21160.0 2.878156e-11
21170.0 2.866891e-11
21180.0 2.855525e-11
21190.0 2.844077e-11
21200.0 2.832568e-11
21210.0 2.821016e-11
21220.0 2.809440e-11
21230.0 2.797858e-11
21240.0 2.786285e-11
21250.0 2.774740e-11
21260.0 2.763236e-11
21270.0 2.751789e-11
21280.0 2.740412e-11
21290.0 2.729119e-11
21300.0 2.717923e-11
21310.0 2.706835e-11
21320.0 2.695866e-11
21330.0 2.685028e-11
21340.0 2.674331e-11
21350.0 2.663784e-11
21360.0 2.653397e-11
21370.0 2.643178e-11
21380.0 2.633136e-11
21390.0 2.623278e-11
21400.0 2.613611e-11
21410.0 2.604144e-11
21420.0 2.594881e-11
21430.0 2.585829e-11
21440.0 2.576993e-11
21450.0 2.568377e-11
21460.0 2.559986e-11
21470.0 2.551823e-11
21480.0 2.543891e-11
21490.0 2.536193e-11
21500.0 2.528729e-11
21510.0 2.521500e-11
21520.0 2.514507e-11
21530.0 2.507748e-11
21540.0 2.501223e-11
21550.0 2.494928e-11
21560.0 2.488861e-11
21570.0 2.483018e-11
21580.0 2.477396e-11
21590.0 2.471988e-11
21600.0 2.466789e-11
21610.0 2.461793e-11
21620.0 2.456992e-11
21630.0 2.452379e-11
21640.0 2.447947e-11
21650.0 2.443685e-11
21660.0 2.439586e-11
21670.0 2.435640e-11
21680.0 2.431837e-11
21690.0 2.428167e-11
21700.0 2.424620e-11
21710.0 2.421186e-11
21720.0 2.417854e-11
21730.0 2.414613e-11
21740.0 2.411453e-11
21750.0 2.408363e-11
21760.0 2.405334e-11
21770.0 2.402354e-11
21780.0 2.399414e-11
21790.0 2.396504e-11
21800.0 2.393615e-11
21810.0 2.390737e-11
21820.0 2.387862e-11
21830.0 2.384981e-11
21840.0 2.382086e-11
21850.0 2.379170e-11
21860.0 2.376225e-11
21870.0 2.373244e-11
21880.0 2.370221e-11
21890.0 2.367149e-11
21900.0 2.364023e-11
21910.0 2.360838e-11
21920.0 2.357588e-11
21930.0 2.354268e-11
21940.0 2.350874e-11
21950.0 2.347401e-11
21960.0 2.343846e-11
21970.0 2.340203e-11
21980.0 2.336470e-11
21990.0 2.332643e-11
22000.0 2.328718e-11
22010.0 2.324692e-11
22020.0 2.320562e-11
22030.0 2.316323e-11
22040.0 2.311974e-11
22050.0 2.307511e-11
22060.0 2.302931e-11
22070.0 2.298231e-11
22080.0 2.293409e-11
22090.0 2.288461e-11
22100.0 2.283384e-11
22110.0 2.278177e-11
22120.0 2.272837e-11
22130.0 2.267361e-11
22140.0 2.261748e-11
22150.0 2.255994e-11
22160.0 2.250100e-11
22170.0 2.244062e-11
22180.0 2.237880e-11
22190.0 2.231552e-11
22200.0 2.225079e-11
22210.0 2.218458e-11
22220.0 2.211692e-11
22230.0 2.204779e-11
22240.0 2.197720e-11
22250.0 2.190517e-11
22260.0 2.183171e-11
22270.0 2.175683e-11
22280.0 2.168055e-11
22290.0 2.160289e-11
22300.0 2.152389e-11
22310.0 2.144358e-11
22320.0 2.136197e-11
22330.0 2.127912e-11
22340.0 2.119504e-11
22350.0 2.110978e-11
22360.0 2.102338e-11
22370.0 2.093588e-11
22380.0 2.084731e-11
22390.0 2.075772e-11
22400.0 2.066715e-11
22410.0 2.057565e-11
22420.0 2.048325e-11
22430.0 2.039001e-11
22440.0 2.029596e-11
22450.0 2.020117e-11
22460.0 2.010568e-11
22470.0 2.000955e-11
22480.0 1.991283e-11
22490.0 1.981559e-11
22500.0 1.971790e-11
22510.0 1.961981e-11
22520.0 1.952142e-11
22530.0 1.942280e-11
22540.0 1.932405e-11
22550.0 1.922525e-11
22560.0 1.912650e-11
22570.0 1.902791e-11
22580.0 1.892958e-11
22590.0 1.883164e-11
22600.0 1.873420e-11
22610.0 1.863739e-11
22620.0 1.854133e-11
22630.0 1.844614e-11
22640.0 1.835196e-11
22650.0 1.825891e-11
22660.0 1.816712e-11
22670.0 1.807671e-11
22680.0 1.798779e-11
22690.0 1.790049e-11
22700.0 1.781491e-11
22710.0 1.773115e-11
22720.0 1.764929e-11
22730.0 1.756944e-11
22740.0 1.749166e-11
22750.0 1.741601e-11
22760.0 1.734256e-11
22770.0 1.727134e-11
22780.0 1.720241e-11
22790.0 1.713578e-11
22800.0 1.707148e-11
22810.0 1.700951e-11
22820.0 1.694990e-11
22830.0 1.689262e-11
22840.0 1.683769e-11
22850.0 1.678509e-11
22860.0 1.673482e-11
22870.0 1.668685e-11
22880.0 1.664117e-11
22890.0 1.659778e-11
22900.0 1.655665e-11
22910.0 1.651776e-11
22920.0 1.648110e-11
22930.0 1.644666e-11
22940.0 1.641442e-11
22950.0 1.638436e-11
22960.0 1.635646e-11
22970.0 1.633068e-11
22980.0 1.630701e-11
22990.0 1.628540e-11
23000.0 1.626581e-11
23010.0 1.624818e-11
23020.0 1.623244e-11
23030.0 1.621851e-11
23040.0 1.620632e-11
23050.0 1.619574e-11
23060.0 1.618667e-11
23070.0 1.617899e-11
23080.0 1.617255e-11
23090.0 1.616722e-11
23100.0 1.616283e-11
23110.0 1.615924e-11
23120.0 1.615629e-11
23130.0 1.615379e-11
23140.0 1.615160e-11
23150.0 1.614953e-11
23160.0 1.614743e-11
23170.0 1.614513e-11
23180.0 1.614245e-11
23190.0 1.613923e-11
23200.0 1.613531e-11
23210.0 1.613052e-11
23220.0 1.612468e-11
23230.0 1.611763e-11
23240.0 1.610918e-11
23250.0 1.609915e-11
23260.0 1.608737e-11
23270.0 1.607365e-11
23280.0 1.605780e-11
23290.0 1.603965e-11
23300.0 1.601902e-11
23310.0 1.599574e-11
23320.0 1.596966e-11
23330.0 1.594063e-11
23340.0 1.590854e-11
23350.0 1.587330e-11
23360.0 1.583483e-11
23370.0 1.579310e-11
23380.0 1.574811e-11
23390.0 1.569989e-11
23400.0 1.564851e-11
23410.0 1.559409e-11
23420.0 1.553675e-11
23430.0 1.547670e-11
23440.0 1.541414e-11
23450.0 1.534932e-11
23460.0 1.528252e-11
23470.0 1.521405e-11
23480.0 1.514422e-11
23490.0 1.507338e-11
23500.0 1.500188e-11
23510.0 1.493009e-11
23520.0 1.485837e-11
23530.0 1.478710e-11
23540.0 1.471665e-11
23550.0 1.464739e-11
23560.0 1.457968e-11
23570.0 1.451389e-11
23580.0 1.445036e-11
23590.0 1.438946e-11
23600.0 1.433152e-11
23610.0 1.427690e-11
23620.0 1.422593e-11
23630.0 1.417897e-11
23640.0 1.413635e-11
23650.0 1.409842e-11
23660.0 1.406553e-11
23670.0 1.403802e-11
23680.0 1.401623e-11
23690.0 1.400050e-11
23700.0 1.399115e-11
23710.0 1.398848e-11
23720.0 1.399278e-11
23730.0 1.400430e-11
23740.0 1.402326e-11
23750.0 1.404985e-11
23760.0 1.408418e-11
23770.0 1.412635e-11
23780.0 1.417639e-11
23790.0 1.423427e-11
23800.0 1.429993e-11
23810.0 1.437323e-11
23820.0 1.445402e-11
23830.0 1.454227e-11
23840.0 1.463765e-11
23850.0 1.473980e-11
23860.0 1.484842e-11
23870.0 1.496319e-11
23880.0 1.508379e-11
23890.0 1.520985e-11
23900.0 1.534103e-11
23910.0 1.547696e-11
23920.0 1.561723e-11
23930.0 1.576144e-11
23940.0 1.590915e-11
23950.0 1.605990e-11
23960.0 1.621318e-11
23970.0 1.636847e-11
23980.0 1.652521e-11
23990.0 1.668278e-11
24000.0 1.684058e-11
24010.0 1.699793e-11
24020.0 1.715419e-11
24030.0 1.730868e-11
24040.0 1.746074e-11
24050.0 1.760974e-11
24060.0 1.775508e-11
24070.0 1.789620e-11
24080.0 1.803261e-11
24090.0 1.816390e-11
24100.0 1.828971e-11
24110.0 1.840979e-11
24120.0 1.852398e-11
24130.0 1.863219e-11
24140.0 1.873443e-11
24150.0 1.883076e-11
24160.0 1.892137e-11
24170.0 1.900645e-11
24180.0 1.908629e-11
24190.0 1.916122e-11
24200.0 1.923157e-11
24210.0 1.929773e-11
24220.0 1.936010e-11
24230.0 1.941906e-11
24240.0 1.947502e-11
24250.0 1.952836e-11
24260.0 1.957947e-11
24270.0 1.962870e-11
24280.0 1.967639e-11
24290.0 1.972287e-11
24300.0 1.976845e-11
24310.0 1.981342e-11
24320.0 1.985804e-11
24330.0 1.990257e-11
24340.0 1.994724e-11
24350.0 1.999226e-11
24360.0 2.003784e-11
24370.0 2.008415e-11
24380.0 2.013135e-11
24390.0 2.017959e-11
24400.0 2.022898e-11
24410.0 2.027962e-11
24420.0 2.033157e-11
24430.0 2.038488e-11
24440.0 2.043954e-11
24450.0 2.049554e-11
24460.0 2.055283e-11
24470.0 2.061131e-11
24480.0 2.067088e-11
24490.0 2.073139e-11
24500.0 2.079268e-11
24510.0 2.085457e-11
24520.0 2.091687e-11
24530.0 2.097936e-11
24540.0 2.104184e-11
24550.0 2.110413e-11
24560.0 2.116603e-11
24570.0 2.122739e-11
24580.0 2.128808e-11
24590.0 2.134800e-11
24600.0 2.140710e-11
24610.0 2.146536e-11
24620.0 2.152283e-11
24630.0 2.157961e-11
24640.0 2.163585e-11
24650.0 2.169173e-11
24660.0 2.174752e-11
24670.0 2.180351e-11
24680.0 2.186005e-11
24690.0 2.191752e-11
24700.0 2.197631e-11
24710.0 2.203685e-11
24720.0 2.209955e-11
24730.0 2.216482e-11
24740.0 2.223305e-11
24750.0 2.230456e-11
24760.0 2.237962e-11
24770.0 2.245844e-11
24780.0 2.254110e-11
24790.0 2.262758e-11
24800.0 2.271775e-11
24810.0 2.281132e-11
24820.0 2.290790e-11
24830.0 2.300693e-11
24840.0 2.310777e-11
24850.0 2.320967e-11
24860.0 2.331184e-11
24870.0 2.341342e-11
24880.0 2.351360e-11
24890.0 2.361157e-11
24900.0 2.370663e-11
24910.0 2.379814e-11
24920.0 2.388559e-11
24930.0 2.396860e-11
24940.0 2.404691e-11
24950.0 2.412036e-11
24960.0 2.418891e-11
24970.0 2.425262e-11
24980.0 2.431161e-11
24990.0 2.436605e-11
25000.0 2.441618e-11
