1000.0 7.775131e-14
1010.0 9.420231e-14
1020.0 1.145017e-13
1030.0 1.394259e-13
1040.0 1.699388e-13
1050.0 2.071401e-13
1060.0 2.522558e-13
1070.0 3.066150e-13
1080.0 3.716132e-13
1090.0 4.486608e-13
1100.0 5.391199e-13
1110.0 6.442329e-13
1120.0 7.650497e-13
1130.0 9.023586e-13
1140.0 1.056627e-12
1150.0 1.227959e-12
1160.0 1.416059e-12
1170.0 1.620224e-12
1180.0 1.839343e-12
1190.0 2.071906e-12
1200.0 2.316038e-12
1210.0 2.569533e-12
1220.0 2.829905e-12
1230.0 3.094457e-12
1240.0 3.360341e-12
1250.0 3.624644e-12
1260.0 3.884465e-12
1270.0 4.136997e-12
1280.0 4.379601e-12
1290.0 4.609882e-12
1300.0 4.825738e-12
1310.0 5.025419e-12
1320.0 5.207554e-12
1330.0 5.371175e-12
1340.0 5.515730e-12
1350.0 5.641082e-12
1360.0 5.747503e-12
1370.0 5.835667e-12
1380.0 5.906638e-12
1390.0 5.961871e-12
1400.0 6.003212e-12
1410.0 6.032919e-12
1420.0 6.053691e-12
1430.0 6.068707e-12
1440.0 6.081663e-12
1450.0 6.096792e-12
1460.0 6.118849e-12
1470.0 6.153027e-12
1480.0 6.204768e-12
1490.0 6.279475e-12
1500.0 6.382088e-12
1510.0 6.516564e-12
1520.0 6.685301e-12
1530.0 6.888586e-12
1540.0 7.124168e-12
1550.0 7.387051e-12
1560.0 7.669603e-12
1570.0 7.962022e-12
1580.0 8.253134e-12
1590.0 8.531467e-12
1600.0 8.786450e-12
1610.0 9.009572e-12
1620.0 9.195340e-12
1630.0 9.341888e-12
1640.0 9.451166e-12
1650.0 9.528704e-12
1660.0 9.583012e-12
1670.0 9.624728e-12
1680.0 9.665648e-12
1690.0 9.717763e-12
1700.0 9.792399e-12
1710.0 9.899512e-12
1720.0 1.004715e-11
1730.0 1.024106e-11
1740.0 1.048445e-11
1750.0 1.077782e-11
1760.0 1.111890e-11
1770.0 1.150276e-11
1780.0 1.192196e-11
1790.0 1.236693e-11
1800.0 1.282650e-11
1810.0 1.328857e-11
1820.0 1.374091e-11
1830.0 1.417201e-11
1840.0 1.457183e-11
1850.0 1.493251e-11
1860.0 1.524878e-11
1870.0 1.551820e-11
1880.0 1.574107e-11
1890.0 1.592019e-11
1900.0 1.606032e-11
1910.0 1.616764e-11
1920.0 1.624910e-11
1930.0 1.631179e-11
1940.0 1.636239e-11
1950.0 1.640680e-11
1960.0 1.644980e-11
1970.0 1.649487e-11
1980.0 1.654423e-11
1990.0 1.659885e-11
2000.0 1.665867e-11
2010.0 1.672279e-11
2020.0 1.678976e-11
2030.0 1.685784e-11
2040.0 1.692521e-11
2050.0 1.699020e-11
2060.0 1.705142e-11
2070.0 1.710783e-11
2080.0 1.715879e-11
2090.0 1.720404e-11
2100.0 1.724364e-11
2110.0 1.727797e-11
2120.0 1.730759e-11
2130.0 1.733319e-11
2140.0 1.735556e-11
2150.0 1.737545e-11
2160.0 1.739360e-11
2170.0 1.741060e-11
2180.0 1.742696e-11
2190.0 1.744304e-11
2200.0 1.745912e-11
2210.0 1.747544e-11
2220.0 1.749228e-11
2230.0 1.751005e-11
2240.0 1.752939e-11
2250.0 1.755116e-11
2260.0 1.757646e-11
2270.0 1.760654e-11
2280.0 1.764267e-11
2290.0 1.768595e-11
2300.0 1.773710e-11
2310.0 1.779629e-11
2320.0 1.786299e-11
2330.0 1.793603e-11
2340.0 1.801366e-11
2350.0 1.809384e-11
2360.0 1.817462e-11
2370.0 1.825461e-11
2380.0 1.833342e-11
2390.0 1.841218e-11
2400.0 1.849373e-11
2410.0 1.858275e-11
2420.0 1.868553e-11
2430.0 1.880951e-11
2440.0 1.896242e-11
2450.0 1.915137e-11
2460.0 1.938171e-11
2470.0 1.965603e-11
2480.0 1.997339e-11
2490.0 2.032903e-11
2500.0 2.071457e-11
2510.0 2.111878e-11
2520.0 2.152896e-11
2530.0 2.193247e-11
2540.0 2.231846e-11
2550.0 2.267925e-11
2560.0 2.301127e-11
2570.0 2.331529e-11
2580.0 2.359599e-11
2590.0 2.386102e-11
2600.0 2.411970e-11
2610.0 2.438165e-11
2620.0 2.465566e-11
2630.0 2.494880e-11
2640.0 2.526604e-11
2650.0 2.562267e-11
2660.0 2.667873e-11
2670.0 3.448655e-11
2680.0 5.279823e-11
2690.0 6.629864e-11
2700.0 7.270808e-11
2710.0 7.606091e-11
2720.0 7.858021e-11
2730.0 8.036711e-11
2740.0 8.136139e-11
2750.0 8.319548e-11
2760.0 8.610272e-11
2770.0 8.741605e-11
2780.0 8.683507e-11
2790.0 8.556744e-11
2800.0 8.382489e-11
2810.0 8.304366e-11
2820.0 8.456077e-11
2830.0 8.622875e-11
2840.0 8.778374e-11
2850.0 9.141484e-11
2860.0 9.748745e-11
2870.0 1.065992e-10
2880.0 1.158106e-10
2890.0 1.228205e-10
2900.0 1.271850e-10
2910.0 1.258399e-10
2920.0 1.180711e-10
2930.0 1.133136e-10
2940.0 1.119230e-10
2950.0 1.095523e-10
2960.0 1.062960e-10
2970.0 1.036787e-10
2980.0 1.012826e-10
2990.0 9.903916e-11
3000.0 9.700479e-11
3010.0 9.462543e-11
3020.0 9.281058e-11
3030.0 9.319479e-11
3040.0 9.346605e-11
3050.0 9.239453e-11
3060.0 9.362453e-11
3070.0 9.734767e-11
3080.0 9.992020e-11
3090.0 1.005393e-10
3100.0 1.007770e-10
3110.0 1.020625e-10
3120.0 1.044934e-10
3130.0 1.057230e-10
3140.0 1.055593e-10
3150.0 1.072167e-10
3160.0 1.103987e-10
3170.0 1.133787e-10
3180.0 1.163596e-10
3190.0 1.195278e-10
3200.0 1.208343e-10
3210.0 1.182996e-10
3220.0 1.129716e-10
3230.0 1.068579e-10
3240.0 1.009204e-10
3250.0 9.659078e-11
3260.0 9.484579e-11
3270.0 9.503078e-11
3280.0 9.562345e-11
3290.0 9.505247e-11
3300.0 9.498447e-11
3310.0 9.683432e-11
3320.0 9.901483e-11
3330.0 1.004173e-10
3340.0 1.007312e-10
3350.0 1.011330e-10
3360.0 1.036938e-10
3370.0 1.075822e-10
3380.0 1.120025e-10
3390.0 1.172326e-10
3400.0 1.228545e-10
3410.0 1.281387e-10
3420.0 1.323044e-10
3430.0 1.351851e-10
3440.0 1.374717e-10
3450.0 1.399605e-10
3460.0 1.427092e-10
3470.0 1.456445e-10
3480.0 1.495951e-10
3490.0 1.557589e-10
3500.0 1.639739e-10
3510.0 1.729559e-10
3520.0 1.817153e-10
3530.0 1.890691e-10
3540.0 1.944958e-10
3550.0 1.991125e-10
3560.0 2.039330e-10
3570.0 2.092376e-10
3580.0 2.143153e-10
3590.0 2.177213e-10
3600.0 2.172990e-10
3610.0 2.116325e-10
3620.0 2.049346e-10
3630.0 2.040760e-10
3640.0 2.115909e-10
3650.0 2.258967e-10
3660.0 2.438896e-10
3670.0 2.621314e-10
3680.0 2.772279e-10
3690.0 2.864273e-10
3700.0 2.883942e-10
3710.0 2.833609e-10
3720.0 2.728668e-10
3730.0 2.590012e-10
3740.0 2.431039e-10
3750.0 2.253803e-10
3760.0 2.064687e-10
3770.0 1.883833e-10
3780.0 1.734016e-10
3790.0 1.632595e-10
3800.0 1.593078e-10
3810.0 1.629079e-10
3820.0 1.761246e-10
3830.0 2.013428e-10
3840.0 2.386283e-10
3850.0 2.842511e-10
3860.0 3.328111e-10
3870.0 3.803748e-10
3880.0 4.253114e-10
3890.0 4.669021e-10
3900.0 5.041348e-10
3910.0 5.361375e-10
3920.0 5.631324e-10
3930.0 5.860529e-10
3940.0 6.051607e-10
3950.0 6.193023e-10
3960.0 6.262674e-10
3970.0 6.238825e-10
3980.0 6.110833e-10
3990.0 5.883828e-10
4000.0 5.580216e-10
4010.0 5.236941e-10
4020.0 4.897164e-10
4030.0 4.598706e-10
4040.0 4.362314e-10
4050.0 4.186159e-10
4060.0 4.051419e-10
4070.0 3.934231e-10
4080.0 3.818629e-10
4090.0 3.705194e-10
4100.0 3.607046e-10
4110.0 3.536228e-10
4120.0 3.494417e-10
4130.0 3.477686e-10
4140.0 3.485087e-10
4150.0 3.518086e-10
4160.0 3.575162e-10
4170.0 3.649420e-10
4180.0 3.728807e-10
4190.0 3.799412e-10
4200.0 3.852144e-10
4210.0 3.886620e-10
4220.0 3.907963e-10
4230.0 3.921438e-10
4240.0 3.931336e-10
4250.0 3.943087e-10
4260.0 3.961506e-10
4270.0 3.989086e-10
4280.0 4.027010e-10
4290.0 4.074003e-10
4300.0 4.120075e-10
4310.0 4.142563e-10
4320.0 4.112452e-10
4330.0 4.008695e-10
4340.0 3.830801e-10
4350.0 3.600373e-10
4360.0 3.349656e-10
4370.0 3.106109e-10
4380.0 2.885323e-10
4390.0 2.694548e-10
4400.0 2.539007e-10
4410.0 2.424343e-10
4420.0 2.356467e-10
4430.0 2.339379e-10
4440.0 2.372460e-10
4450.0 2.450772e-10
4460.0 2.568460e-10
4470.0 2.721837e-10
4480.0 2.910397e-10
4490.0 3.136951e-10
4500.0 3.407213e-10
4510.0 3.727990e-10
4520.0 4.104458e-10
4530.0 4.537508e-10
4540.0 5.020423e-10
4550.0 5.535199e-10
4560.0 6.052673e-10
4570.0 6.538965e-10
4580.0 6.963678e-10
4590.0 7.304511e-10
4600.0 7.548345e-10
4610.0 7.690217e-10
4620.0 7.725073e-10
4630.0 7.641590e-10
4640.0 7.425675e-10
4650.0 7.073169e-10
4660.0 6.601749e-10
4670.0 6.051591e-10
4680.0 5.474370e-10
4690.0 4.919044e-10
4700.0 4.421944e-10
4710.0 4.002890e-10
4720.0 3.666400e-10
4730.0 3.407535e-10
4740.0 3.220124e-10
4750.0 3.102204e-10
4760.0 3.055368e-10
4770.0 3.079900e-10
4780.0 3.169175e-10
4790.0 3.306491e-10
4800.0 3.465674e-10
4810.0 3.615823e-10
4820.0 3.730810e-10
4830.0 3.800131e-10
4840.0 3.834580e-10
4850.0 3.862196e-10
4860.0 3.916993e-10
4870.0 4.027605e-10
4880.0 4.210682e-10
4890.0 4.468687e-10
4900.0 4.789388e-10
4910.0 5.145542e-10
4920.0 5.495939e-10
4930.0 5.790110e-10
4940.0 5.977738e-10
4950.0 6.021189e-10
4960.0 5.907248e-10
4970.0 5.653254e-10
4980.0 5.303166e-10
4990.0 4.913300e-10
5000.0 4.535625e-10
5010.0 4.205837e-10
5020.0 3.939832e-10
5030.0 3.737166e-10
5040.0 3.587771e-10
5050.0 3.478568e-10
5060.0 3.397870e-10
5070.0 3.337006e-10
5080.0 3.290141e-10
5090.0 3.253760e-10
5100.0 3.226530e-10
5110.0 3.209265e-10
5120.0 3.204502e-10
5130.0 3.215696e-10
5140.0 3.246504e-10
5150.0 3.300506e-10
5160.0 3.381061e-10
5170.0 3.490790e-10
5180.0 3.630548e-10
5190.0 3.798423e-10
5200.0 3.989764e-10
5210.0 4.198322e-10
5220.0 4.417655e-10
5230.0 4.642167e-10
5240.0 4.867460e-10
5250.0 5.090098e-10
5260.0 5.306990e-10
5270.0 5.514544e-10
5280.0 5.707923e-10
5290.0 5.881019e-10
5300.0 6.027739e-10
5310.0 6.144357e-10
5320.0 6.231775e-10
5330.0 6.296359e-10
5340.0 6.348683e-10
5350.0 6.400801e-10
5360.0 6.463496e-10
5370.0 6.544837e-10
5380.0 6.650391e-10
5390.0 6.784526e-10
5400.0 6.951749e-10
5410.0 7.157105e-10
5420.0 7.405146e-10
5430.0 7.697636e-10
5440.0 8.030959e-10
5450.0 8.394768e-10
5460.0 8.772961e-10
5470.0 9.146581e-10
5480.0 9.497054e-10
5490.0 9.808561e-10
5500.0 1.006937e-09
5510.0 1.027182e-09
5520.0 1.041057e-09
5530.0 1.048049e-09
5540.0 1.047768e-09
5550.0 1.040225e-09
5560.0 1.025863e-09
5570.0 1.005291e-09
5580.0 9.791068e-10
5590.0 9.479178e-10
5600.0 9.124368e-10
5610.0 8.734837e-10
5620.0 8.319659e-10
5630.0 7.889259e-10
5640.0 7.456443e-10
5650.0 7.036852e-10
5660.0 6.647950e-10
5670.0 6.306922e-10
5680.0 6.028491e-10
5690.0 5.823522e-10
5700.0 5.698636e-10
5710.0 5.656545e-10
5720.0 5.696441e-10
5730.0 5.813860e-10
5740.0 6.000003e-10
5750.0 6.241186e-10
5760.0 6.519263e-10
5770.0 6.813264e-10
5780.0 7.101709e-10
5790.0 7.364784e-10
5800.0 7.585948e-10
5810.0 7.752945e-10
5820.0 7.858233e-10
5830.0 7.898788e-10
5840.0 7.875484e-10
5850.0 7.792595e-10
5860.0 7.657672e-10
5870.0 7.481177e-10
5880.0 7.275244e-10
5890.0 7.051370e-10
5900.0 6.817826e-10
5910.0 6.578197e-10
5920.0 6.332115e-10
5930.0 6.077902e-10
5940.0 5.815582e-10
5950.0 5.548710e-10
5960.0 5.284422e-10
5970.0 5.032049e-10
5980.0 4.801004e-10
5990.0 4.598729e-10
6000.0 4.429370e-10
6010.0 4.293543e-10
6020.0 4.189011e-10
6030.0 4.111695e-10
6040.0 4.056629e-10
6050.0 4.018731e-10
6060.0 3.993377e-10
6070.0 3.976725e-10
6080.0 3.965663e-10
6090.0 3.957630e-10
6100.0 3.950758e-10
6110.0 3.944334e-10
6120.0 3.939317e-10
6130.0 3.938467e-10
6140.0 3.945739e-10
6150.0 3.964900e-10
6160.0 3.997700e-10
6170.0 4.042285e-10
6180.0 4.092653e-10
6190.0 4.139739e-10
6200.0 4.174156e-10
6210.0 4.189442e-10
6220.0 4.183451e-10
6230.0 4.156514e-10
6240.0 4.109121e-10
6250.0 4.043327e-10
6260.0 3.966467e-10
6270.0 3.891573e-10
6280.0 3.833337e-10
6290.0 3.803877e-10
6300.0 3.811116e-10
6310.0 3.858830e-10
6320.0 3.946755e-10
6330.0 4.070882e-10
6340.0 4.225293e-10
6350.0 4.404816e-10
6360.0 4.606009e-10
6370.0 4.826076e-10
6380.0 5.061272e-10
6390.0 5.306542e-10
6400.0 5.556658e-10
6410.0 5.807440e-10
6420.0 6.055436e-10
6430.0 6.296516e-10
6440.0 6.525397e-10
6450.0 6.736680e-10
6460.0 6.925965e-10
6470.0 7.089879e-10
6480.0 7.225390e-10
6490.0 7.329384e-10
6500.0 7.398956e-10
6510.0 7.432152e-10
6520.0 7.428564e-10
6530.0 7.389383e-10
6540.0 7.316880e-10
6550.0 7.213557e-10
6560.0 7.081432e-10
6570.0 6.922106e-10
6580.0 6.736767e-10
6590.0 6.526748e-10
6600.0 6.294292e-10
6610.0 6.042912e-10
6620.0 5.777244e-10
6630.0 5.502624e-10
6640.0 5.224627e-10
6650.0 4.948704e-10
6660.0 4.679932e-10
6670.0 4.422849e-10
6680.0 4.181386e-10
6690.0 3.958829e-10
6700.0 3.757762e-10
6710.0 3.579929e-10
6720.0 3.426075e-10
6730.0 3.295860e-10
6740.0 3.187925e-10
6750.0 3.100100e-10
6760.0 3.029685e-10
6770.0 2.973739e-10
6780.0 2.929341e-10
6790.0 2.893817e-10
6800.0 2.864936e-10
6810.0 2.841034e-10
6820.0 2.821053e-10
6830.0 2.804419e-10
6840.0 2.790785e-10
6850.0 2.779707e-10
6860.0 2.770571e-10
6870.0 2.762637e-10
6880.0 2.755196e-10
6890.0 2.747742e-10
6900.0 2.740052e-10
6910.0 2.732138e-10
6920.0 2.724077e-10
6930.0 2.715796e-10
6940.0 2.706901e-10
6950.0 2.696666e-10
6960.0 2.684214e-10
6970.0 2.668831e-10
6980.0 2.650318e-10
6990.0 2.629191e-10
7000.0 2.606689e-10
7010.0 2.584573e-10
7020.0 2.564831e-10
7030.0 2.549389e-10
7040.0 2.539904e-10
7050.0 2.537646e-10
7060.0 2.543475e-10
7070.0 2.557859e-10
7080.0 2.580940e-10
7090.0 2.612596e-10
7100.0 2.652498e-10
7110.0 2.700125e-10
7120.0 2.754747e-10
7130.0 2.815397e-10
7140.0 2.880857e-10
7150.0 2.949605e-10
7160.0 3.019787e-10
7170.0 3.089238e-10
7180.0 3.155592e-10
7190.0 3.216501e-10
7200.0 3.269971e-10
7210.0 3.314703e-10
7220.0 3.350313e-10
7230.0 3.377299e-10
7240.0 3.396788e-10
7250.0 3.410186e-10
7260.0 3.418977e-10
7270.0 3.424751e-10
7280.0 3.429371e-10
7290.0 3.435047e-10
7300.0 3.444155e-10
7310.0 3.458886e-10
7320.0 3.480939e-10
7330.0 3.511336e-10
7340.0 3.550311e-10
7350.0 3.597206e-10
7360.0 3.650434e-10
7370.0 3.707543e-10
7380.0 3.765371e-10
7390.0 3.820251e-10
7400.0 3.868250e-10
7410.0 3.905479e-10
7420.0 3.928510e-10
7430.0 3.934872e-10
7440.0 3.923496e-10
7450.0 3.894914e-10
7460.0 3.851215e-10
7470.0 3.795821e-10
7480.0 3.733190e-10
7490.0 3.668325e-10
7500.0 3.606047e-10
7510.0 3.550190e-10
7520.0 3.503281e-10
7530.0 3.467023e-10
7540.0 3.443232e-10
7550.0 3.434352e-10
7560.0 3.442972e-10
7570.0 3.470714e-10
7580.0 3.517373e-10
7590.0 3.580957e-10
7600.0 3.658430e-10
7610.0 3.746553e-10
7620.0 3.842335e-10
7630.0 3.943091e-10
7640.0 4.046287e-10
7650.0 4.149373e-10
7660.0 4.249684e-10
7670.0 4.344412e-10
7680.0 4.430682e-10
7690.0 4.505721e-10
7700.0 4.567096e-10
7710.0 4.612970e-10
7720.0 4.642294e-10
7730.0 4.654867e-10
7740.0 4.651303e-10
7750.0 4.632845e-10
7760.0 4.601050e-10
7770.0 4.557438e-10
7780.0 4.503235e-10
7790.0 4.439262e-10
7800.0 4.366006e-10
7810.0 4.283814e-10
7820.0 4.193115e-10
7830.0 4.094578e-10
7840.0 3.989179e-10
7850.0 3.878165e-10
7860.0 3.762975e-10
7870.0 3.645158e-10
7880.0 3.526325e-10
7890.0 3.408112e-10
7900.0 3.292151e-10
7910.0 3.180015e-10
7920.0 3.073185e-10
7930.0 2.972929e-10
7940.0 2.880302e-10
7950.0 2.796077e-10
7960.0 2.720665e-10
7970.0 2.654029e-10
7980.0 2.595632e-10
7990.0 2.544437e-10
8000.0 2.499012e-10
8010.0 2.457714e-10
8020.0 2.418862e-10
8030.0 2.380800e-10
8040.0 2.341943e-10
8050.0 2.300740e-10
8060.0 2.255588e-10
8070.0 2.204773e-10
8080.0 2.146503e-10
8090.0 2.079056e-10
8100.0 2.000992e-10
8110.0 1.911405e-10
8120.0 1.810199e-10
8130.0 1.698355e-10
8140.0 1.578106e-10
8150.0 1.452924e-10
8160.0 1.327248e-10
8170.0 1.206008e-10
8180.0 1.094022e-10
8190.0 9.954306e-11
8200.0 9.132806e-11
8210.0 8.493258e-11
8220.0 8.040374e-11
8230.0 7.767678e-11
8240.0 7.659944e-11
8250.0 7.695915e-11
8260.0 7.851146e-11
8270.0 8.100893e-11
8280.0 8.422957e-11
8290.0 8.800107e-11
8300.0 9.221698e-11
8310.0 9.684175e-11
8320.0 1.019049e-10
8330.0 1.074871e-10
8340.0 1.137034e-10
8350.0 1.206859e-10
8360.0 1.285666e-10
8370.0 1.374604e-10
8380.0 1.474463e-10
8390.0 1.585511e-10
8400.0 1.707376e-10
8410.0 1.838980e-10
8420.0 1.978662e-10
8430.0 2.124388e-10
8440.0 2.273938e-10
8450.0 2.425049e-10
8460.0 2.575452e-10
8470.0 2.722844e-10
8480.0 2.864842e-10
8490.0 2.999005e-10
8500.0 3.122989e-10
8510.0 3.234828e-10
8520.0 3.333284e-10
8530.0 3.418157e-10
8540.0 3.490421e-10
8550.0 3.552125e-10
8560.0 3.606040e-10
8570.0 3.655135e-10
8580.0 3.702051e-10
8590.0 3.748697e-10
8600.0 3.796112e-10
8610.0 3.844550e-10
8620.0 3.893731e-10
8630.0 3.943100e-10
8640.0 3.991997e-10
8650.0 4.039723e-10
8660.0 4.085525e-10
8670.0 4.128600e-10
8680.0 4.168144e-10
8690.0 4.203443e-10
8700.0 4.233972e-10
8710.0 4.259504e-10
8720.0 4.279983e-10
8730.0 4.295359e-10
8740.0 4.305468e-10
8750.0 4.309989e-10
8760.0 4.308478e-10
8770.0 4.300461e-10
8780.0 4.285526e-10
8790.0 4.263381e-10
8800.0 4.233849e-10
8810.0 4.196855e-10
8820.0 4.152428e-10
8830.0 4.100731e-10
8840.0 4.042105e-10
8850.0 3.977084e-10
8860.0 3.906373e-10
8870.0 3.830788e-10
8880.0 3.751198e-10
8890.0 3.668487e-10
8900.0 3.583559e-10
8910.0 3.497360e-10
8920.0 3.414227e-10
8930.0 3.332782e-10
8940.0 3.253186e-10
8950.0 3.176533e-10
8960.0 3.103861e-10
8970.0 3.036094e-10
8980.0 2.973964e-10
8990.0 2.917922e-10
9000.0 2.868079e-10
9010.0 2.824221e-10
9020.0 2.785913e-10
9030.0 2.752646e-10
9040.0 2.723949e-10
9050.0 2.699440e-10
9060.0 2.678785e-10
9070.0 2.661646e-10
9080.0 2.647629e-10
9090.0 2.636274e-10
9100.0 2.627078e-10
9110.0 2.619549e-10
9120.0 2.613256e-10
9130.0 2.607854e-10
9140.0 2.603052e-10
9150.0 2.598550e-10
9160.0 2.593953e-10
9170.0 2.588748e-10
9180.0 2.582346e-10
9190.0 2.574217e-10
9200.0 2.564058e-10
9210.0 2.551955e-10
9220.0 2.538491e-10
9230.0 2.524770e-10
9240.0 2.512343e-10
9250.0 2.502981e-10
9260.0 2.498283e-10
9270.0 2.499186e-10
9280.0 2.505557e-10
9290.0 2.516152e-10
9300.0 2.529016e-10
9310.0 2.542164e-10
9320.0 2.554194e-10
9330.0 2.564540e-10
9340.0 2.573323e-10
9350.0 2.581014e-10
9360.0 2.588107e-10
9370.0 2.594951e-10
9380.0 2.601713e-10
9390.0 2.608416e-10
9400.0 2.614989e-10
9410.0 2.621304e-10
9420.0 2.627200e-10
9430.0 2.632496e-10
9440.0 2.636998e-10
9450.0 2.640507e-10
9460.0 2.642829e-10
9470.0 2.643782e-10
9480.0 2.643209e-10
9490.0 2.640984e-10
9500.0 2.637024e-10
9510.0 2.631298e-10
9520.0 2.623829e-10
9530.0 2.614704e-10
9540.0 2.604078e-10
9550.0 2.592169e-10
9560.0 2.579263e-10
9570.0 2.565706e-10
9580.0 2.551900e-10
9590.0 2.538296e-10
9600.0 2.525384e-10
9610.0 2.513681e-10
9620.0 2.503720e-10
9630.0 2.496037e-10
9640.0 2.491157e-10
9650.0 2.489581e-10
9660.0 2.491772e-10
9670.0 2.498144e-10
9680.0 2.509050e-10
9690.0 2.524769e-10
9700.0 2.545504e-10
9710.0 2.571369e-10
9720.0 2.602391e-10
9730.0 2.638503e-10
9740.0 2.679547e-10
9750.0 2.725277e-10
9760.0 2.775362e-10
9770.0 2.829392e-10
9780.0 2.886886e-10
9790.0 2.947302e-10
9800.0 3.010045e-10
9810.0 3.074478e-10
9820.0 3.139930e-10
9830.0 3.205712e-10
9840.0 3.271118e-10
9850.0 3.335444e-10
9860.0 3.397990e-10
9870.0 3.458073e-10
9880.0 3.515034e-10
9890.0 3.568243e-10
9900.0 3.617112e-10
9910.0 3.661096e-10
9920.0 3.699707e-10
9930.0 3.732511e-10
9940.0 3.759143e-10
9950.0 3.779307e-10
9960.0 3.792783e-10
9970.0 3.799428e-10
9980.0 3.799184e-10
9990.0 3.792075e-10
10000.0 3.778208e-10
10010.0 3.757773e-10
10020.0 3.731043e-10
10030.0 3.698366e-10
10040.0 3.660162e-10
10050.0 3.616920e-10
10060.0 3.569187e-10
10070.0 3.517566e-10
10080.0 3.462702e-10
10090.0 3.405284e-10
10100.0 3.346028e-10
10110.0 3.285672e-10
10120.0 3.224972e-10
10130.0 3.164687e-10
10140.0 3.105573e-10
10150.0 3.048372e-10
10160.0 2.993804e-10
10170.0 2.942548e-10
10180.0 2.895239e-10
10190.0 2.852445e-10
10200.0 2.814661e-10
10210.0 2.782291e-10
10220.0 2.755638e-10
10230.0 2.734891e-10
10240.0 2.720118e-10
10250.0 2.711260e-10
10260.0 2.708129e-10
10270.0 2.710409e-10
10280.0 2.717662e-10
10290.0 2.729342e-10
10300.0 2.744805e-10
10310.0 2.763330e-10
10320.0 2.784137e-10
10330.0 2.806415e-10
10340.0 2.829337e-10
10350.0 2.852095e-10
10360.0 2.873910e-10
10370.0 2.894064e-10
10380.0 2.911907e-10
10390.0 2.926878e-10
10400.0 2.938510e-10
10410.0 2.946442e-10
10420.0 2.950414e-10
10430.0 2.950273e-10
10440.0 2.945960e-10
10450.0 2.937514e-10
10460.0 2.925053e-10
10470.0 2.908772e-10
10480.0 2.888925e-10
10490.0 2.865823e-10
10500.0 2.839813e-10
10510.0 2.811277e-10
10520.0 2.780614e-10
10530.0 2.748238e-10
10540.0 2.714565e-10
10550.0 2.680007e-10
10560.0 2.644963e-10
10570.0 2.609815e-10
10580.0 2.574923e-10
10590.0 2.540612e-10
10600.0 2.507179e-10
10610.0 2.474878e-10
10620.0 2.443926e-10
10630.0 2.414492e-10
10640.0 2.386704e-10
10650.0 2.360643e-10
10660.0 2.336343e-10
10670.0 2.313800e-10
10680.0 2.292964e-10
10690.0 2.273752e-10
10700.0 2.256045e-10
10710.0 2.239697e-10
10720.0 2.224541e-10
10730.0 2.210390e-10
10740.0 2.197047e-10
10750.0 2.184311e-10
10760.0 2.171980e-10
10770.0 2.159856e-10
10780.0 2.147752e-10
10790.0 2.135496e-10
10800.0 2.122932e-10
10810.0 2.109923e-10
10820.0 2.096354e-10
10830.0 2.082133e-10
10840.0 2.067188e-10
10850.0 2.051468e-10
10860.0 2.034944e-10
10870.0 2.017603e-10
10880.0 1.999447e-10
10890.0 1.980491e-10
10900.0 1.960760e-10
10910.0 1.940284e-10
10920.0 1.919099e-10
10930.0 1.897241e-10
10940.0 1.874745e-10
10950.0 1.851644e-10
10960.0 1.827966e-10
10970.0 1.803736e-10
10980.0 1.778974e-10
10990.0 1.753692e-10
11000.0 1.727903e-10
11010.0 1.701615e-10
11020.0 1.674835e-10
11030.0 1.647571e-10
11040.0 1.619833e-10
11050.0 1.591638e-10
11060.0 1.563008e-10
11070.0 1.533972e-10
11080.0 1.504572e-10
11090.0 1.474858e-10
11100.0 1.444894e-10
11110.0 1.414754e-10
11120.0 1.384526e-10
11130.0 1.354306e-10
11140.0 1.324204e-10
11150.0 1.294335e-10
11160.0 1.264821e-10
11170.0 1.235791e-10
11180.0 1.207372e-10
11190.0 1.179694e-10
11200.0 1.152879e-10
11210.0 1.127047e-10
11220.0 1.102305e-10
11230.0 1.078751e-10
11240.0 1.056468e-10
11250.0 1.035526e-10
11260.0 1.015972e-10
11270.0 9.978411e-11
11280.0 9.811439e-11
11290.0 9.658738e-11
11300.0 9.520040e-11
11310.0 9.394882e-11
11320.0 9.282622e-11
11330.0 9.182445e-11
11340.0 9.093381e-11
11350.0 9.014327e-11
11360.0 8.944061e-11
11370.0 8.881275e-11
11380.0 8.824593e-11
11390.0 8.772601e-11
11400.0 8.723868e-11
11410.0 8.676983e-11
11420.0 8.630567e-11
11430.0 8.583309e-11
11440.0 8.533982e-11
11450.0 8.481468e-11
11460.0 8.424772e-11
11470.0 8.363040e-11
11480.0 8.295571e-11
11490.0 8.221823e-11
11500.0 8.141420e-11
11510.0 8.054154e-11
11520.0 7.959981e-11
11530.0 7.859018e-11
11540.0 7.751529e-11
11550.0 7.637922e-11
11560.0 7.518724e-11
11570.0 7.394578e-11
11580.0 7.266212e-11
11590.0 7.134431e-11
11600.0 7.000091e-11
11610.0 6.864082e-11
11620.0 6.727309e-11
11630.0 6.590675e-11
11640.0 6.455060e-11
11650.0 6.321309e-11
11660.0 6.190217e-11
11670.0 6.062516e-11
11680.0 5.938868e-11
11690.0 5.819852e-11
11700.0 5.705963e-11
11710.0 5.597606e-11
11720.0 5.495093e-11
11730.0 5.398644e-11
11740.0 5.308386e-11
11750.0 5.224361e-11
11760.0 5.146522e-11
11770.0 5.074742e-11
11780.0 5.008822e-11
11790.0 4.948488e-11
11800.0 4.893409e-11
11810.0 4.843195e-11
11820.0 4.797410e-11
11830.0 4.755576e-11
11840.0 4.717185e-11
11850.0 4.681701e-11
11860.0 4.648575e-11
11870.0 4.617250e-11
11880.0 4.587168e-11
11890.0 4.557781e-11
11900.0 4.528561e-11
11910.0 4.499003e-11
11920.0 4.468638e-11
11930.0 4.437036e-11
11940.0 4.403820e-11
11950.0 4.368665e-11
11960.0 4.331307e-11
11970.0 4.291547e-11
11980.0 4.249256e-11
11990.0 4.204374e-11
12000.0 4.156912e-11
12010.0 4.106955e-11
12020.0 4.054652e-11
12030.0 4.000223e-11
12040.0 3.943947e-11
12050.0 3.886158e-11
12060.0 3.827241e-11
12070.0 3.767626e-11
12080.0 3.707772e-11
12090.0 3.648172e-11
12100.0 3.589333e-11
12110.0 3.531775e-11
12120.0 3.476021e-11
12130.0 3.422592e-11
12140.0 3.371996e-11
12150.0 3.324726e-11
12160.0 3.281251e-11
12170.0 3.242015e-11
12180.0 3.207430e-11
12190.0 3.177871e-11
12200.0 3.153676e-11
12210.0 3.135139e-11
12220.0 3.122513e-11
12230.0 3.116001e-11
12240.0 3.115759e-11
12250.0 3.121890e-11
12260.0 3.134447e-11
12270.0 3.153427e-11
12280.0 3.178773e-11
12290.0 3.210373e-11
12300.0 3.248057e-11
12310.0 3.291602e-11
12320.0 3.340732e-11
12330.0 3.395115e-11
12340.0 3.454376e-11
12350.0 3.518089e-11
12360.0 3.585791e-11
12370.0 3.656981e-11
12380.0 3.731130e-11
12390.0 3.807685e-11
12400.0 3.886077e-11
12410.0 3.965727e-11
12420.0 4.046054e-11
12430.0 4.126483e-11
12440.0 4.206446e-11
12450.0 4.285395e-11
12460.0 4.362803e-11
12470.0 4.438170e-11
12480.0 4.511026e-11
12490.0 4.580934e-11
12500.0 4.647492e-11
12510.0 4.710338e-11
12520.0 4.769144e-11
12530.0 4.823622e-11
12540.0 4.873525e-11
12550.0 4.918640e-11
12560.0 4.958796e-11
12570.0 4.993856e-11
12580.0 5.023723e-11
12590.0 5.048336e-11
12600.0 5.067671e-11
12610.0 5.081739e-11
12620.0 5.090588e-11
12630.0 5.094302e-11
12640.0 5.092999e-11
12650.0 5.086830e-11
12660.0 5.075979e-11
12670.0 5.060659e-11
12680.0 5.041112e-11
12690.0 5.017604e-11
12700.0 4.990419e-11
12710.0 4.959861e-11
12720.0 4.926244e-11
12730.0 4.889888e-11
12740.0 4.851116e-11
12750.0 4.810244e-11
12760.0 4.767582e-11
12770.0 4.723422e-11
12780.0 4.678038e-11
12790.0 4.631680e-11
12800.0 4.584572e-11
12810.0 4.536905e-11
12820.0 4.488839e-11
12830.0 4.440501e-11
12840.0 4.391983e-11
12850.0 4.343347e-11
12860.0 4.294620e-11
12870.0 4.245801e-11
12880.0 4.196865e-11
12890.0 4.147764e-11
12900.0 4.098431e-11
12910.0 4.048788e-11
12920.0 3.998749e-11
12930.0 3.948225e-11
12940.0 3.897130e-11
12950.0 3.845386e-11
12960.0 3.792927e-11
12970.0 3.739706e-11
12980.0 3.685694e-11
12990.0 3.630890e-11
13000.0 3.575318e-11
13010.0 3.519030e-11
13020.0 3.462111e-11
13030.0 3.404673e-11
13040.0 3.346861e-11
13050.0 3.288846e-11
13060.0 3.230827e-11
13070.0 3.173026e-11
13080.0 3.115687e-11
13090.0 3.059069e-11
13100.0 3.003445e-11
13110.0 2.949096e-11
13120.0 2.896307e-11
13130.0 2.845362e-11
13140.0 2.796541e-11
13150.0 2.750116e-11
13160.0 2.706343e-11
13170.0 2.665467e-11
13180.0 2.627711e-11
13190.0 2.593278e-11
13200.0 2.562347e-11
13210.0 2.535074e-11
13220.0 2.511588e-11
13230.0 2.491993e-11
13240.0 2.476365e-11
13250.0 2.464754e-11
13260.0 2.457183e-11
13270.0 2.453648e-11
13280.0 2.454118e-11
13290.0 2.458537e-11
13300.0 2.466822e-11
13310.0 2.478864e-11
13320.0 2.494533e-11
13330.0 2.513670e-11
13340.0 2.536096e-11
13350.0 2.561608e-11
13360.0 2.589983e-11
13370.0 2.620981e-11
13380.0 2.654342e-11
13390.0 2.689794e-11
13400.0 2.727054e-11
13410.0 2.765828e-11
13420.0 2.805820e-11
13430.0 2.846730e-11
13440.0 2.888264e-11
13450.0 2.930129e-11
13460.0 2.972046e-11
13470.0 3.013747e-11
13480.0 3.054978e-11
13490.0 3.095505e-11
13500.0 3.135114e-11
13510.0 3.173613e-11
13520.0 3.210832e-11
13530.0 3.246627e-11
13540.0 3.280874e-11
13550.0 3.313475e-11
13560.0 3.344353e-11
13570.0 3.373452e-11
13580.0 3.400736e-11
13590.0 3.426189e-11
13600.0 3.449808e-11
13610.0 3.471607e-11
13620.0 3.491611e-11
13630.0 3.509857e-11
13640.0 3.526390e-11
13650.0 3.541262e-11
13660.0 3.554531e-11
13670.0 3.566259e-11
13680.0 3.576510e-11
13690.0 3.585347e-11
13700.0 3.592836e-11
13710.0 3.599038e-11
13720.0 3.604012e-11
13730.0 3.607812e-11
13740.0 3.610489e-11
13750.0 3.612085e-11
13760.0 3.612636e-11
13770.0 3.612172e-11
13780.0 3.610714e-11
13790.0 3.608277e-11
13800.0 3.604865e-11
13810.0 3.600480e-11
13820.0 3.595113e-11
13830.0 3.588753e-11
13840.0 3.581384e-11
13850.0 3.572989e-11
13860.0 3.563548e-11
13870.0 3.553045e-11
13880.0 3.541467e-11
13890.0 3.528806e-11
13900.0 3.515061e-11
13910.0 3.500241e-11
13920.0 3.484367e-11
13930.0 3.467469e-11
13940.0 3.449593e-11
13950.0 3.430799e-11
13960.0 3.411158e-11
13970.0 3.390758e-11
13980.0 3.369697e-11
13990.0 3.348085e-11
14000.0 3.326045e-11
14010.0 3.303703e-11
14020.0 3.281196e-11
14030.0 3.258662e-11
14040.0 3.236241e-11
14050.0 3.214072e-11
14060.0 3.192291e-11
14070.0 3.171031e-11
14080.0 3.150417e-11
14090.0 3.130566e-11
14100.0 3.111588e-11
14110.0 3.093582e-11
14120.0 3.076639e-11
14130.0 3.060841e-11
14140.0 3.046262e-11
14150.0 3.032966e-11
14160.0 3.021012e-11
14170.0 3.010453e-11
14180.0 3.001336e-11
14190.0 2.993703e-11
14200.0 2.987592e-11
14210.0 2.983039e-11
14220.0 2.980075e-11
14230.0 2.978728e-11
14240.0 2.979018e-11
14250.0 2.980965e-11
14260.0 2.984578e-11
14270.0 2.989858e-11
14280.0 2.996799e-11
14290.0 3.005382e-11
14300.0 3.015575e-11
14310.0 3.027333e-11
14320.0 3.040596e-11
14330.0 3.055288e-11
14340.0 3.071318e-11
14350.0 3.088578e-11
14360.0 3.106949e-11
14370.0 3.126297e-11
14380.0 3.146477e-11
14390.0 3.167337e-11
14400.0 3.188722e-11
14410.0 3.210473e-11
14420.0 3.232437e-11
14430.0 3.254465e-11
14440.0 3.276424e-11
14450.0 3.298193e-11
14460.0 3.319673e-11
14470.0 3.340788e-11
14480.0 3.361491e-11
14490.0 3.381762e-11
14500.0 3.401614e-11
14510.0 3.421095e-11
14520.0 3.440283e-11
14530.0 3.459292e-11
14540.0 3.478267e-11
14550.0 3.497381e-11
14560.0 3.516836e-11
14570.0 3.536855e-11
14580.0 3.557680e-11
14590.0 3.579564e-11
14600.0 3.602771e-11
14610.0 3.627562e-11
14620.0 3.654198e-11
14630.0 3.682926e-11
14640.0 3.713976e-11
14650.0 3.747557e-11
14660.0 3.783848e-11
14670.0 3.822997e-11
14680.0 3.865113e-11
14690.0 3.910264e-11
14700.0 3.958474e-11
14710.0 4.009720e-11
14720.0 4.063936e-11
14730.0 4.121004e-11
14740.0 4.180762e-11
14750.0 4.243003e-11
14760.0 4.307476e-11
14770.0 4.373892e-11
14780.0 4.441924e-11
14790.0 4.511216e-11
14800.0 4.581382e-11
14810.0 4.652018e-11
14820.0 4.722700e-11
14830.0 4.792996e-11
14840.0 4.862467e-11
14850.0 4.930678e-11
14860.0 4.997197e-11
14870.0 5.061605e-11
14880.0 5.123501e-11
14890.0 5.182504e-11
14900.0 5.238260e-11
14910.0 5.290447e-11
14920.0 5.338775e-11
14930.0 5.382990e-11
14940.0 5.422878e-11
14950.0 5.458265e-11
14960.0 5.489020e-11
14970.0 5.515053e-11
14980.0 5.536316e-11
14990.0 5.552802e-11
15000.0 5.564543e-11
15010.0 5.571610e-11
15020.0 5.574107e-11
15030.0 5.572171e-11
15040.0 5.565970e-11
15050.0 5.555693e-11
15060.0 5.541554e-11
15070.0 5.523784e-11
15080.0 5.502628e-11
15090.0 5.478340e-11
15100.0 5.451183e-11
15110.0 5.421423e-11
15120.0 5.389326e-11
15130.0 5.355159e-11
15140.0 5.319183e-11
15150.0 5.281653e-11
15160.0 5.242818e-11
15170.0 5.202922e-11
15180.0 5.162196e-11
15190.0 5.120865e-11
15200.0 5.079147e-11
15210.0 5.037250e-11
15220.0 4.995375e-11
15230.0 4.953715e-11
15240.0 4.912458e-11
15250.0 4.871784e-11
15260.0 4.831868e-11
15270.0 4.792881e-11
15280.0 4.754986e-11
15290.0 4.718342e-11
15300.0 4.683102e-11
15310.0 4.649411e-11
15320.0 4.617409e-11
15330.0 4.587225e-11
15340.0 4.558980e-11
15350.0 4.532784e-11
15360.0 4.508734e-11
15370.0 4.486913e-11
15380.0 4.467391e-11
15390.0 4.450220e-11
15400.0 4.435434e-11
15410.0 4.423049e-11
15420.0 4.413062e-11
15430.0 4.405451e-11
15440.0 4.400174e-11
15450.0 4.397167e-11
15460.0 4.396351e-11
15470.0 4.397627e-11
15480.0 4.400880e-11
15490.0 4.405979e-11
15500.0 4.412783e-11
15510.0 4.421137e-11
15520.0 4.430879e-11
15530.0 4.441842e-11
15540.0 4.453853e-11
15550.0 4.466740e-11
15560.0 4.480335e-11
15570.0 4.494469e-11
15580.0 4.508983e-11
15590.0 4.523726e-11
15600.0 4.538555e-11
15610.0 4.553340e-11
15620.0 4.567962e-11
15630.0 4.582316e-11
15640.0 4.596309e-11
15650.0 4.609861e-11
15660.0 4.622904e-11
15670.0 4.635385e-11
15680.0 4.647257e-11
15690.0 4.658488e-11
15700.0 4.669050e-11
15710.0 4.678926e-11
15720.0 4.688104e-11
15730.0 4.696575e-11
15740.0 4.704336e-11
15750.0 4.711387e-11
15760.0 4.717727e-11
15770.0 4.723358e-11
15780.0 4.728285e-11
15790.0 4.732511e-11
15800.0 4.736041e-11
15810.0 4.738882e-11
15820.0 4.741043e-11
15830.0 4.742533e-11
15840.0 4.743368e-11
15850.0 4.743567e-11
15860.0 4.743154e-11
15870.0 4.742158e-11
15880.0 4.740615e-11
15890.0 4.738569e-11
15900.0 4.736071e-11
15910.0 4.733178e-11
15920.0 4.729955e-11
15930.0 4.726474e-11
15940.0 4.722810e-11
15950.0 4.719045e-11
15960.0 4.715261e-11
15970.0 4.711542e-11
15980.0 4.707973e-11
15990.0 4.704632e-11
16000.0 4.701595e-11
16010.0 4.698926e-11
16020.0 4.696685e-11
16030.0 4.694916e-11
16040.0 4.693651e-11
16050.0 4.692908e-11
16060.0 4.692689e-11
16070.0 4.692978e-11
16080.0 4.693745e-11
16090.0 4.694943e-11
16100.0 4.696509e-11
16110.0 4.698367e-11
16120.0 4.700430e-11
16130.0 4.702600e-11
16140.0 4.704772e-11
16150.0 4.706837e-11
16160.0 4.708686e-11
16170.0 4.710209e-11
16180.0 4.711303e-11
16190.0 4.711873e-11
16200.0 4.711831e-11
16210.0 4.711107e-11
16220.0 4.709642e-11
16230.0 4.707393e-11
16240.0 4.704336e-11
16250.0 4.700463e-11
16260.0 4.695784e-11
16270.0 4.690325e-11
16280.0 4.684129e-11
16290.0 4.677251e-11
16300.0 4.669758e-11
16310.0 4.661725e-11
16320.0 4.653237e-11
16330.0 4.644380e-11
16340.0 4.635239e-11
16350.0 4.625901e-11
16360.0 4.616445e-11
16370.0 4.606942e-11
16380.0 4.597454e-11
16390.0 4.588029e-11
16400.0 4.578702e-11
16410.0 4.569491e-11
16420.0 4.560399e-11
16430.0 4.551410e-11
16440.0 4.542492e-11
16450.0 4.533593e-11
16460.0 4.524648e-11
16470.0 4.515575e-11
16480.0 4.506278e-11
16490.0 4.496649e-11
16500.0 4.486570e-11
16510.0 4.475916e-11
16520.0 4.464555e-11
16530.0 4.452354e-11
16540.0 4.439179e-11
16550.0 4.424900e-11
16560.0 4.409392e-11
16570.0 4.392539e-11
16580.0 4.374235e-11
16590.0 4.354389e-11
16600.0 4.332924e-11
16610.0 4.309783e-11
16620.0 4.284925e-11
16630.0 4.258335e-11
16640.0 4.230014e-11
16650.0 4.199991e-11
16660.0 4.168315e-11
16670.0 4.135058e-11
16680.0 4.100315e-11
16690.0 4.064202e-11
16700.0 4.026855e-11
16710.0 3.988429e-11
16720.0 3.949094e-11
16730.0 3.909035e-11
16740.0 3.868448e-11
16750.0 3.827536e-11
16760.0 3.786509e-11
16770.0 3.745580e-11
16780.0 3.704960e-11
16790.0 3.664854e-11
16800.0 3.625464e-11
16810.0 3.586980e-11
16820.0 3.549578e-11
16830.0 3.513421e-11
16840.0 3.478653e-11
16850.0 3.445401e-11
16860.0 3.413768e-11
16870.0 3.383840e-11
16880.0 3.355676e-11
16890.0 3.329316e-11
16900.0 3.304776e-11
16910.0 3.282051e-11
16920.0 3.261116e-11
16930.0 3.241925e-11
16940.0 3.224418e-11
16950.0 3.208515e-11
16960.0 3.194127e-11
16970.0 3.181150e-11
16980.0 3.169475e-11
16990.0 3.158984e-11
17000.0 3.149559e-11
17010.0 3.141078e-11
17020.0 3.133422e-11
17030.0 3.126477e-11
17040.0 3.120132e-11
17050.0 3.114287e-11
17060.0 3.108849e-11
17070.0 3.103738e-11
17080.0 3.098886e-11
17090.0 3.094236e-11
17100.0 3.089747e-11
17110.0 3.085390e-11
17120.0 3.081151e-11
17130.0 3.077030e-11
17140.0 3.073038e-11
17150.0 3.069200e-11
17160.0 3.065553e-11
17170.0 3.062144e-11
17180.0 3.059026e-11
17190.0 3.056265e-11
17200.0 3.053928e-11
17210.0 3.052091e-11
17220.0 3.050831e-11
17230.0 3.050225e-11
17240.0 3.050352e-11
17250.0 3.051288e-11
17260.0 3.053108e-11
17270.0 3.055880e-11
17280.0 3.059666e-11
17290.0 3.064523e-11
17300.0 3.070497e-11
17310.0 3.077627e-11
17320.0 3.085942e-11
17330.0 3.095460e-11
17340.0 3.106187e-11
17350.0 3.118120e-11
17360.0 3.131244e-11
17370.0 3.145530e-11
17380.0 3.160943e-11
17390.0 3.177433e-11
17400.0 3.194943e-11
17410.0 3.213404e-11
17420.0 3.232739e-11
17430.0 3.252863e-11
17440.0 3.273686e-11
17450.0 3.295109e-11
17460.0 3.317030e-11
17470.0 3.339342e-11
17480.0 3.361935e-11
17490.0 3.384699e-11
17500.0 3.407522e-11
17510.0 3.430292e-11
17520.0 3.452899e-11
17530.0 3.475235e-11
17540.0 3.497197e-11
17550.0 3.518682e-11
17560.0 3.539594e-11
17570.0 3.559843e-11
17580.0 3.579343e-11
17590.0 3.598014e-11
17600.0 3.615783e-11
17610.0 3.632583e-11
17620.0 3.648353e-11
17630.0 3.663040e-11
17640.0 3.676594e-11
17650.0 3.688975e-11
17660.0 3.700147e-11
17670.0 3.710078e-11
17680.0 3.718744e-11
17690.0 3.726124e-11
17700.0 3.732202e-11
17710.0 3.736966e-11
17720.0 3.740407e-11
17730.0 3.742521e-11
17740.0 3.743305e-11
17750.0 3.742761e-11
17760.0 3.740893e-11
17770.0 3.737708e-11
17780.0 3.733216e-11
17790.0 3.727431e-11
17800.0 3.720367e-11
17810.0 3.712046e-11
17820.0 3.702490e-11
17830.0 3.691727e-11
17840.0 3.679788e-11
17850.0 3.666710e-11
17860.0 3.652533e-11
17870.0 3.637302e-11
17880.0 3.621067e-11
17890.0 3.603883e-11
17900.0 3.585807e-11
17910.0 3.566902e-11
17920.0 3.547234e-11
17930.0 3.526871e-11
17940.0 3.505882e-11
17950.0 3.484340e-11
17960.0 3.462316e-11
17970.0 3.439881e-11
17980.0 3.417104e-11
17990.0 3.394052e-11
18000.0 3.370788e-11
18010.0 3.347372e-11
18020.0 3.323858e-11
18030.0 3.300295e-11
18040.0 3.276727e-11
18050.0 3.253190e-11
18060.0 3.229716e-11
18070.0 3.206329e-11
18080.0 3.183047e-11
18090.0 3.159884e-11
18100.0 3.136847e-11
18110.0 3.113939e-11
18120.0 3.091157e-11
18130.0 3.068498e-11
18140.0 3.045953e-11
18150.0 3.023513e-11
18160.0 3.001166e-11
18170.0 2.978900e-11
18180.0 2.956705e-11
18190.0 2.934568e-11
18200.0 2.912481e-11
18210.0 2.890435e-11
18220.0 2.868424e-11
18230.0 2.846444e-11
18240.0 2.824496e-11
18250.0 2.802579e-11
18260.0 2.780698e-11
18270.0 2.758861e-11
18280.0 2.737076e-11
18290.0 2.715355e-11
18300.0 2.693712e-11
18310.0 2.672162e-11
18320.0 2.650721e-11
18330.0 2.629408e-11
18340.0 2.608240e-11
18350.0 2.587235e-11
18360.0 2.566414e-11
18370.0 2.545793e-11
18380.0 2.525391e-11
18390.0 2.505224e-11
18400.0 2.485308e-11
18410.0 2.465657e-11
18420.0 2.446285e-11
18430.0 2.427203e-11
18440.0 2.408422e-11
18450.0 2.389951e-11
18460.0 2.371799e-11
18470.0 2.353972e-11
18480.0 2.336475e-11
18490.0 2.319315e-11
18500.0 2.302495e-11
18510.0 2.286020e-11
18520.0 2.269893e-11
18530.0 2.254116e-11
18540.0 2.238692e-11
18550.0 2.223625e-11
18560.0 2.208915e-11
18570.0 2.194564e-11
18580.0 2.180575e-11
18590.0 2.166946e-11
18600.0 2.153678e-11
18610.0 2.140768e-11
18620.0 2.128215e-11
18630.0 2.116015e-11
18640.0 2.104161e-11
18650.0 2.092645e-11
18660.0 2.081458e-11
18670.0 2.070589e-11
18680.0 2.060024e-11
18690.0 2.049746e-11
18700.0 2.039739e-11
18710.0 2.029983e-11
18720.0 2.020458e-11
18730.0 2.011141e-11
18740.0 2.002010e-11
18750.0 1.993043e-11
18760.0 1.984217e-11
18770.0 1.975511e-11
18780.0 1.966904e-11
18790.0 1.958377e-11
18800.0 1.949916e-11
18810.0 1.941505e-11
18820.0 1.933136e-11
18830.0 1.924801e-11
18840.0 1.916498e-11
18850.0 1.908226e-11
18860.0 1.899990e-11
18870.0 1.891799e-11
18880.0 1.883663e-11
18890.0 1.875598e-11
18900.0 1.867620e-11
18910.0 1.859749e-11
18920.0 1.852006e-11
18930.0 1.844415e-11
18940.0 1.836998e-11
18950.0 1.829778e-11
18960.0 1.822778e-11
18970.0 1.816019e-11
18980.0 1.809519e-11
18990.0 1.803297e-11
19000.0 1.797366e-11
19010.0 1.791738e-11
19020.0 1.786421e-11
19030.0 1.781420e-11
19040.0 1.776737e-11
19050.0 1.772368e-11
19060.0 1.768308e-11
19070.0 1.764549e-11
19080.0 1.761079e-11
19090.0 1.757882e-11
19100.0 1.754942e-11
19110.0 1.752240e-11
19120.0 1.749753e-11
19130.0 1.747460e-11
19140.0 1.745337e-11
19150.0 1.743360e-11
19160.0 1.741504e-11
19170.0 1.739746e-11
19180.0 1.738061e-11
19190.0 1.736426e-11
19200.0 1.734820e-11
19210.0 1.733222e-11
19220.0 1.731613e-11
19230.0 1.729976e-11
19240.0 1.728298e-11
19250.0 1.726565e-11
19260.0 1.724769e-11
19270.0 1.722903e-11
19280.0 1.720964e-11
19290.0 1.718952e-11
19300.0 1.716870e-11
19310.0 1.714725e-11
19320.0 1.712527e-11
19330.0 1.710290e-11
19340.0 1.708030e-11
19350.0 1.705769e-11
19360.0 1.703529e-11
19370.0 1.701336e-11
19380.0 1.699220e-11
19390.0 1.697211e-11
19400.0 1.695342e-11
19410.0 1.693646e-11
19420.0 1.692158e-11
19430.0 1.690910e-11
19440.0 1.689938e-11
19450.0 1.689272e-11
19460.0 1.688942e-11
19470.0 1.688975e-11
19480.0 1.689393e-11
19490.0 1.690214e-11
19500.0 1.691453e-11
19510.0 1.693117e-11
19520.0 1.695208e-11
19530.0 1.697720e-11
19540.0 1.700642e-11
19550.0 1.703955e-11
19560.0 1.707633e-11
19570.0 1.711641e-11
19580.0 1.715940e-11
19590.0 1.720483e-11
19600.0 1.725215e-11
19610.0 1.730077e-11
19620.0 1.735005e-11
19630.0 1.739928e-11
19640.0 1.744775e-11
19650.0 1.749469e-11
19660.0 1.753932e-11
19670.0 1.758086e-11
19680.0 1.761852e-11
19690.0 1.765152e-11
19700.0 1.767911e-11
19710.0 1.770056e-11
19720.0 1.771517e-11
19730.0 1.772231e-11
19740.0 1.772140e-11
19750.0 1.771189e-11
19760.0 1.769334e-11
19770.0 1.766535e-11
19780.0 1.762762e-11
19790.0 1.757992e-11
19800.0 1.752209e-11
19810.0 1.745406e-11
19820.0 1.737585e-11
19830.0 1.728755e-11
19840.0 1.718931e-11
19850.0 1.708140e-11
19860.0 1.696410e-11
19870.0 1.683781e-11
19880.0 1.670296e-11
19890.0 1.656003e-11
19900.0 1.640955e-11
19910.0 1.625211e-11
19920.0 1.608830e-11
19930.0 1.591876e-11
19940.0 1.574414e-11
19950.0 1.556510e-11
19960.0 1.538232e-11
19970.0 1.519645e-11
19980.0 1.500816e-11
19990.0 1.481809e-11
20000.0 1.462689e-11
20010.0 1.443517e-11
20020.0 1.424351e-11
20030.0 1.405248e-11
20040.0 1.386262e-11
20050.0 1.367444e-11
20060.0 1.348840e-11
20070.0 1.330497e-11
20080.0 1.312455e-11
20090.0 1.294753e-11
20100.0 1.277427e-11
20110.0 1.260509e-11
20120.0 1.244030e-11
20130.0 1.228016e-11
20140.0 1.212493e-11
20150.0 1.197483e-11
20160.0 1.183008e-11
20170.0 1.169084e-11
20180.0 1.155728e-11
20190.0 1.142954e-11
20200.0 1.130775e-11
20210.0 1.119201e-11
20220.0 1.108241e-11
20230.0 1.097902e-11
20240.0 1.088190e-11
20250.0 1.079107e-11
20260.0 1.070658e-11
20270.0 1.062841e-11
20280.0 1.055658e-11
20290.0 1.049106e-11
20300.0 1.043182e-11
20310.0 1.037883e-11
20320.0 1.033203e-11
20330.0 1.029136e-11
20340.0 1.025677e-11
20350.0 1.022817e-11
20360.0 1.020551e-11
20370.0 1.018869e-11
20380.0 1.017764e-11
20390.0 1.017228e-11
20400.0 1.017252e-11
20410.0 1.017829e-11
20420.0 1.018949e-11
20430.0 1.020606e-11
20440.0 1.022789e-11
20450.0 1.025491e-11
20460.0 1.028702e-11
20470.0 1.032413e-11
20480.0 1.036614e-11
20490.0 1.041292e-11
20500.0 1.046437e-11
20510.0 1.052034e-11
20520.0 1.058069e-11
20530.0 1.064525e-11
20540.0 1.071385e-11
20550.0 1.078627e-11
20560.0 1.086231e-11
20570.0 1.094171e-11
20580.0 1.102423e-11
20590.0 1.110959e-11
20600.0 1.119748e-11
20610.0 1.128762e-11
20620.0 1.137966e-11
20630.0 1.147328e-11
20640.0 1.156814e-11
20650.0 1.166391e-11
20660.0 1.176024e-11
20670.0 1.185680e-11
20680.0 1.195328e-11
20690.0 1.204937e-11
20700.0 1.214479e-11
20710.0 1.223929e-11
20720.0 1.233264e-11
20730.0 1.242467e-11
20740.0 1.251521e-11
20750.0 1.260418e-11
20760.0 1.269150e-11
20770.0 1.277718e-11
20780.0 1.286125e-11
20790.0 1.294380e-11
20800.0 1.302496e-11
20810.0 1.310491e-11
20820.0 1.318389e-11
20830.0 1.326214e-11
20840.0 1.333996e-11
20850.0 1.341766e-11
20860.0 1.349558e-11
20870.0 1.357405e-11
20880.0 1.365340e-11
20890.0 1.373395e-11
20900.0 1.381600e-11
20910.0 1.389979e-11
20920.0 1.398555e-11
20930.0 1.407343e-11
20940.0 1.416353e-11
20950.0 1.425588e-11
20960.0 1.435045e-11
20970.0 1.444712e-11
20980.0 1.454572e-11
20990.0 1.464598e-11
21000.0 1.474761e-11
21010.0 1.485021e-11
21020.0 1.495338e-11
21030.0 1.505665e-11
21040.0 1.515952e-11
21050.0 1.526148e-11
21060.0 1.536201e-11
21070.0 1.546059e-11
21080.0 1.555670e-11
21090.0 1.564983e-11
21100.0 1.573952e-11
21110.0 1.582532e-11
21120.0 1.590681e-11
21130.0 1.598362e-11
21140.0 1.605540e-11
21150.0 1.612185e-11
21160.0 1.618270e-11
21170.0 1.623771e-11
21180.0 1.628669e-11
21190.0 1.632947e-11
21200.0 1.636591e-11
21210.0 1.639590e-11
21220.0 1.641934e-11
21230.0 1.643619e-11
21240.0 1.644640e-11
21250.0 1.644994e-11
21260.0 1.644682e-11
21270.0 1.643704e-11
21280.0 1.642064e-11
21290.0 1.639767e-11
21300.0 1.636818e-11
21310.0 1.633227e-11
21320.0 1.629003e-11
21330.0 1.624157e-11
21340.0 1.618703e-11
21350.0 1.612655e-11
21360.0 1.606029e-11
21370.0 1.598845e-11
21380.0 1.591123e-11
21390.0 1.582884e-11
21400.0 1.574152e-11
21410.0 1.564955e-11
21420.0 1.555320e-11
21430.0 1.545278e-11
21440.0 1.534860e-11
21450.0 1.524101e-11
21460.0 1.513037e-11
21470.0 1.501707e-11
21480.0 1.490151e-11
21490.0 1.478409e-11
21500.0 1.466526e-11
21510.0 1.454547e-11
21520.0 1.442517e-11
21530.0 1.430483e-11
21540.0 1.418494e-11
21550.0 1.406597e-11
21560.0 1.394840e-11
21570.0 1.383274e-11
21580.0 1.371944e-11
21590.0 1.360900e-11
21600.0 1.350187e-11
21610.0 1.339851e-11
21620.0 1.329935e-11
21630.0 1.320481e-11
21640.0 1.311528e-11
21650.0 1.303114e-11
21660.0 1.295274e-11
21670.0 1.288038e-11
21680.0 1.281437e-11
21690.0 1.275496e-11
21700.0 1.270236e-11
21710.0 1.265678e-11
21720.0 1.261836e-11
21730.0 1.258724e-11
21740.0 1.256351e-11
21750.0 1.254722e-11
21760.0 1.253840e-11
21770.0 1.253705e-11
21780.0 1.254313e-11
21790.0 1.255658e-11
21800.0 1.257733e-11
21810.0 1.260525e-11
21820.0 1.264021e-11
21830.0 1.268207e-11
21840.0 1.273064e-11
21850.0 1.278575e-11
21860.0 1.284719e-11
21870.0 1.291475e-11
21880.0 1.298820e-11
21890.0 1.306730e-11
21900.0 1.315182e-11
21910.0 1.324150e-11
21920.0 1.333609e-11
21930.0 1.343532e-11
21940.0 1.353894e-11
21950.0 1.364667e-11
21960.0 1.375824e-11
21970.0 1.387337e-11
21980.0 1.399178e-11
21990.0 1.411319e-11
22000.0 1.423732e-11
22010.0 1.436385e-11
22020.0 1.449251e-11
22030.0 1.462299e-11
22040.0 1.475497e-11
22050.0 1.488816e-11
22060.0 1.502221e-11
22070.0 1.515682e-11
22080.0 1.529165e-11
22090.0 1.542636e-11
22100.0 1.556059e-11
22110.0 1.569401e-11
22120.0 1.582624e-11
22130.0 1.595693e-11
22140.0 1.608570e-11
22150.0 1.621217e-11
22160.0 1.633596e-11
22170.0 1.645670e-11
22180.0 1.657399e-11
22190.0 1.668744e-11
22200.0 1.679666e-11
22210.0 1.690128e-11
22220.0 1.700090e-11
22230.0 1.709515e-11
22240.0 1.718366e-11
22250.0 1.726606e-11
22260.0 1.734199e-11
22270.0 1.741112e-11
22280.0 1.747312e-11
22290.0 1.752766e-11
22300.0 1.757447e-11
22310.0 1.761325e-11
22320.0 1.764376e-11
22330.0 1.766577e-11
22340.0 1.767907e-11
22350.0 1.768347e-11
22360.0 1.767883e-11
22370.0 1.766502e-11
22380.0 1.764196e-11
22390.0 1.760956e-11
22400.0 1.756782e-11
22410.0 1.751671e-11
22420.0 1.745630e-11
22430.0 1.738662e-11
22440.0 1.730779e-11
22450.0 1.721994e-11
22460.0 1.712322e-11
22470.0 1.701783e-11
22480.0 1.690399e-11
22490.0 1.678194e-11
22500.0 1.665197e-11
22510.0 1.651437e-11
22520.0 1.636946e-11
22530.0 1.621760e-11
22540.0 1.605914e-11
22550.0 1.589446e-11
22560.0 1.572397e-11
22570.0 1.554808e-11
22580.0 1.536720e-11
22590.0 1.518176e-11
22600.0 1.499222e-11
22610.0 1.479900e-11
22620.0 1.460256e-11
22630.0 1.440335e-11
22640.0 1.420183e-11
22650.0 1.399843e-11
22660.0 1.379362e-11
22670.0 1.358783e-11
22680.0 1.338150e-11
22690.0 1.317508e-11
22700.0 1.296899e-11
22710.0 1.276365e-11
22720.0 1.255948e-11
22730.0 1.235688e-11
22740.0 1.215626e-11
22750.0 1.195800e-11
22760.0 1.176250e-11
22770.0 1.157012e-11
22780.0 1.138124e-11
22790.0 1.119621e-11
22800.0 1.101539e-11
22810.0 1.083912e-11
22820.0 1.066774e-11
22830.0 1.050158e-11
22840.0 1.034097e-11
22850.0 1.018622e-11
22860.0 1.003764e-11
22870.0 9.895546e-12
22880.0 9.760225e-12
22890.0 9.631970e-12
22900.0 9.511063e-12
22910.0 9.397777e-12
22920.0 9.292376e-12
22930.0 9.195113e-12
22940.0 9.106228e-12
22950.0 9.025949e-12
22960.0 8.954490e-12
22970.0 8.892044e-12
22980.0 8.838788e-12
22990.0 8.794878e-12
23000.0 8.760445e-12
23010.0 8.735595e-12
23020.0 8.720407e-12
23030.0 8.714929e-12
23040.0 8.719175e-12
23050.0 8.733127e-12
23060.0 8.756729e-12
23070.0 8.789885e-12
23080.0 8.832461e-12
23090.0 8.884281e-12
23100.0 8.945125e-12
23110.0 9.014730e-12
23120.0 9.092792e-12
23130.0 9.178960e-12
23140.0 9.272842e-12
23150.0 9.374005e-12
23160.0 9.481973e-12
23170.0 9.596232e-12
23180.0 9.716235e-12
23190.0 9.841396e-12
23200.0 9.971103e-12
23210.0 1.010472e-11
23220.0 1.024157e-11
23230.0 1.038098e-11
23240.0 1.052226e-11
23250.0 1.066469e-11
23260.0 1.080756e-11
23270.0 1.095016e-11
23280.0 1.109179e-11
23290.0 1.123175e-11
23300.0 1.136934e-11
23310.0 1.150392e-11
23320.0 1.163482e-11
23330.0 1.176144e-11
23340.0 1.188319e-11
23350.0 1.199953e-11
23360.0 1.210993e-11
23370.0 1.221392e-11
23380.0 1.231106e-11
23390.0 1.240098e-11
23400.0 1.248331e-11
23410.0 1.255776e-11
23420.0 1.262407e-11
23430.0 1.268204e-11
23440.0 1.273148e-11
23450.0 1.277229e-11
23460.0 1.280436e-11
23470.0 1.282768e-11
23480.0 1.284222e-11
23490.0 1.284801e-11
23500.0 1.284514e-11
23510.0 1.283369e-11
23520.0 1.281379e-11
23530.0 1.278560e-11
23540.0 1.274929e-11
23550.0 1.270507e-11
23560.0 1.265317e-11
23570.0 1.259382e-11
23580.0 1.252729e-11
23590.0 1.245385e-11
23600.0 1.237380e-11
23610.0 1.228744e-11
23620.0 1.219511e-11
23630.0 1.209712e-11
23640.0 1.199385e-11
23650.0 1.188564e-11
23660.0 1.177289e-11
23670.0 1.165598e-11
23680.0 1.153534e-11
23690.0 1.141140e-11
23700.0 1.128462e-11
23710.0 1.115546e-11
23720.0 1.102442e-11
23730.0 1.089204e-11
23740.0 1.075885e-11
23750.0 1.062544e-11
23760.0 1.049240e-11
23770.0 1.036037e-11
23780.0 1.023000e-11
23790.0 1.010197e-11
23800.0 9.976971e-12
23810.0 9.855730e-12
23820.0 9.738970e-12
23830.0 9.627583e-12
23840.0 9.522177e-12
23850.0 9.423425e-12
23860.0 9.332017e-12
23870.0 9.248609e-12
23880.0 9.173809e-12
23890.0 9.108169e-12
23900.0 9.052170e-12
23910.0 9.006212e-12
23920.0 8.970605e-12
23930.0 8.945561e-12
23940.0 8.931190e-12
23950.0 8.927494e-12
23960.0 8.934371e-12
23970.0 8.951612e-12
23980.0 8.978912e-12
23990.0 9.015875e-12
24000.0 9.062025e-12
24010.0 9.116819e-12
24020.0 9.179663e-12
24030.0 9.249925e-12
24040.0 9.326951e-12
24050.0 9.410082e-12
24060.0 9.498665e-12
24070.0 9.592070e-12
24080.0 9.689698e-12
24090.0 9.790994e-12
24100.0 9.895449e-12
24110.0 1.000261e-11
24120.0 1.011206e-11
24130.0 1.022348e-11
24140.0 1.033654e-11
24150.0 1.045101e-11
24160.0 1.056666e-11
24170.0 1.068334e-11
24180.0 1.080088e-11
24190.0 1.091917e-11
24200.0 1.103807e-11
24210.0 1.115748e-11
24220.0 1.127729e-11
24230.0 1.139737e-11
24240.0 1.151760e-11
24250.0 1.163784e-11
24260.0 1.175792e-11
24270.0 1.187767e-11
24280.0 1.199688e-11
24290.0 1.211533e-11
24300.0 1.223278e-11
24310.0 1.234897e-11
24320.0 1.246362e-11
24330.0 1.257644e-11
24340.0 1.268712e-11
24350.0 1.279533e-11
24360.0 1.290073e-11
24370.0 1.300298e-11
24380.0 1.310174e-11
24390.0 1.319662e-11
24400.0 1.328728e-11
24410.0 1.337337e-11
24420.0 1.345452e-11
24430.0 1.353039e-11
24440.0 1.360067e-11
24450.0 1.366504e-11
24460.0 1.372324e-11
24470.0 1.377503e-11
24480.0 1.382020e-11
24490.0 1.385861e-11
24500.0 1.389018e-11
24510.0 1.391488e-11
24520.0 1.393275e-11
24530.0 1.394391e-11
24540.0 1.394856e-11
24550.0 1.394697e-11
24560.0 1.393949e-11
24570.0 1.392655e-11
24580.0 1.390864e-11
24590.0 1.388632e-11
24600.0 1.386022e-11
24610.0 1.383099e-11
24620.0 1.379933e-11
24630.0 1.376594e-11
24640.0 1.373155e-11
24650.0 1.369685e-11
24660.0 1.366255e-11
24670.0 1.362927e-11
24680.0 1.359763e-11
24690.0 1.356815e-11
24700.0 1.354130e-11
24710.0 1.351747e-11
24720.0 1.349696e-11
24730.0 1.347998e-11
24740.0 1.346665e-11
24750.0 1.345703e-11
24760.0 1.345105e-11
24770.0 1.344860e-11
24780.0 1.344948e-11
24790.0 1.345343e-11
24800.0 1.346014e-11
24810.0 1.346926e-11
24820.0 1.348041e-11
24830.0 1.349319e-11
24840.0 1.350721e-11
24850.0 1.352208e-11
24860.0 1.353743e-11
24870.0 1.355294e-11
24880.0 1.356831e-11
24890.0 1.358330e-11
24900.0 1.359769e-11
24910.0 1.361135e-11
24920.0 1.362416e-11
24930.0 1.363607e-11
24940.0 1.364703e-11
24950.0 1.365705e-11
24960.0 1.366615e-11
24970.0 1.367438e-11
24980.0 1.368177e-11
24990.0 1.368840e-11
25000.0 1.369433e-11
