1000.0 6.589416e-13
1010.0 7.991621e-13
1020.0 9.726325e-13
1030.0 1.186268e-12
1040.0 1.448721e-12
1050.0 1.769991e-12
1060.0 2.161405e-12
1070.0 2.635492e-12
1080.0 3.205756e-12
1090.0 3.886316e-12
1100.0 4.691460e-12
1110.0 5.635115e-12
1120.0 6.730287e-12
1130.0 7.988516e-12
1140.0 9.419395e-12
1150.0 1.103016e-11
1160.0 1.282538e-11
1170.0 1.480675e-11
1180.0 1.697295e-11
1190.0 1.931960e-11
1200.0 2.183927e-11
1210.0 2.452156e-11
1220.0 2.735327e-11
1230.0 3.031865e-11
1240.0 3.339969e-11
1250.0 3.657650e-11
1260.0 3.982776e-11
1270.0 4.313120e-11
1280.0 4.646411e-11
1290.0 4.980379e-11
1300.0 5.312810e-11
1310.0 5.641588e-11
1320.0 5.964736e-11
1330.0 6.280452e-11
1340.0 6.587138e-11
1350.0 6.883425e-11
1360.0 7.168192e-11
1370.0 7.440572e-11
1380.0 7.699963e-11
1390.0 7.946022e-11
1400.0 8.178654e-11
1410.0 8.398000e-11
1420.0 8.604408e-11
1430.0 8.798401e-11
1440.0 8.980627e-11
1450.0 9.151813e-11
1460.0 9.312695e-11
1470.0 9.463947e-11
1480.0 9.606107e-11
1490.0 9.739492e-11
1500.0 9.864130e-11
1510.0 9.979702e-11
1520.0 1.008550e-10
1530.0 1.018044e-10
1540.0 1.026308e-10
1550.0 1.033172e-10
1560.0 1.038452e-10
1570.0 1.041969e-10
1580.0 1.043566e-10
1590.0 1.043132e-10
1600.0 1.040624e-10
1610.0 1.036087e-10
1620.0 1.029666e-10
1630.0 1.021622e-10
1640.0 1.012330e-10
1650.0 1.002275e-10
1660.0 9.920375e-11
1670.0 9.822624e-11
1680.0 9.736293e-11
1690.0 9.668076e-11
1700.0 9.624124e-11
1710.0 9.609626e-11
1720.0 9.628474e-11
1730.0 9.683074e-11
1740.0 9.774330e-11
1750.0 9.901817e-11
1760.0 1.006410e-10
1770.0 1.025912e-10
1780.0 1.048465e-10
1790.0 1.073853e-10
1800.0 1.101884e-10
1810.0 1.132388e-10
1820.0 1.165191e-10
1830.0 1.200090e-10
1840.0 1.236820e-10
1850.0 1.275041e-10
1860.0 1.314339e-10
1870.0 1.354251e-10
1880.0 1.394307e-10
1890.0 1.434080e-10
1900.0 1.473227e-10
1910.0 1.511508e-10
1920.0 1.548782e-10
1930.0 1.584963e-10
1940.0 1.619962e-10
1950.0 1.653615e-10
1960.0 1.685626e-10
1970.0 1.715533e-10
1980.0 1.742717e-10
1990.0 1.766443e-10
2000.0 1.785943e-10
2010.0 1.800506e-10
2020.0 1.809565e-10
2030.0 1.812773e-10
2040.0 1.810040e-10
2050.0 1.801542e-10
2060.0 1.787704e-10
2070.0 1.769168e-10
2080.0 1.746763e-10
2090.0 1.721476e-10
2100.0 1.694438e-10
2110.0 1.666912e-10
2120.0 1.640288e-10
2130.0 1.616061e-10
2140.0 1.595791e-10
2150.0 1.581042e-10
2160.0 1.573298e-10
2170.0 1.573863e-10
2180.0 1.583756e-10
2190.0 1.603621e-10
2200.0 1.633657e-10
2210.0 1.673589e-10
2220.0 1.722674e-10
2230.0 1.779762e-10
2240.0 1.843385e-10
2250.0 1.911875e-10
2260.0 1.983483e-10
2270.0 2.056494e-10
2280.0 2.129312e-10
2290.0 2.200508e-10
2300.0 2.268832e-10
2310.0 2.333203e-10
2320.0 2.392675e-10
2330.0 2.446428e-10
2340.0 2.493765e-10
2350.0 2.534156e-10
2360.0 2.567320e-10
2370.0 2.593315e-10
2380.0 2.612646e-10
2390.0 2.626334e-10
2400.0 2.635928e-10
2410.0 2.643445e-10
2420.0 2.651209e-10
2430.0 2.661627e-10
2440.0 2.676907e-10
2450.0 2.698765e-10
2460.0 2.728177e-10
2470.0 2.765213e-10
2480.0 2.808996e-10
2490.0 2.857789e-10
2500.0 2.909225e-10
2510.0 2.960619e-10
2520.0 3.009339e-10
2530.0 3.053158e-10
2540.0 3.090537e-10
2550.0 3.120792e-10
2560.0 3.144120e-10
2570.0 3.161500e-10
2580.0 3.174481e-10
2590.0 3.184926e-10
2600.0 3.194745e-10
2610.0 3.205672e-10
2620.0 3.219104e-10
2630.0 3.236019e-10
2640.0 3.256970e-10
2650.0 3.283033e-10
2660.0 3.361778e-10
2670.0 3.929462e-10
2680.0 5.230418e-10
2690.0 6.038058e-10
2700.0 6.303355e-10
2710.0 6.725501e-10
2720.0 7.075555e-10
2730.0 7.382038e-10
2740.0 7.980055e-10
2750.0 8.512889e-10
2760.0 8.607898e-10
2770.0 8.529738e-10
2780.0 8.750955e-10
2790.0 9.192791e-10
2800.0 9.483662e-10
2810.0 9.812494e-10
2820.0 1.033270e-09
2830.0 1.072870e-09
2840.0 1.103657e-09
2850.0 1.162705e-09
2860.0 1.232245e-09
2870.0 1.315677e-09
2880.0 1.465674e-09
2890.0 1.637231e-09
2900.0 1.762958e-09
2910.0 1.886018e-09
2920.0 2.021829e-09
2930.0 2.118326e-09
2940.0 2.151237e-09
2950.0 2.145009e-09
2960.0 2.110556e-09
2970.0 2.029779e-09
2980.0 1.923017e-09
2990.0 1.830511e-09
3000.0 1.773228e-09
3010.0 1.736773e-09
3020.0 1.692882e-09
3030.0 1.657125e-09
3040.0 1.607243e-09
3050.0 1.552449e-09
3060.0 1.525577e-09
3070.0 1.531307e-09
3080.0 1.571508e-09
3090.0 1.635143e-09
3100.0 1.689977e-09
3110.0 1.737634e-09
3120.0 1.820261e-09
3130.0 1.976171e-09
3140.0 2.185350e-09
3150.0 2.376010e-09
3160.0 2.493515e-09
3170.0 2.551206e-09
3180.0 2.577709e-09
3190.0 2.549055e-09
3200.0 2.432216e-09
3210.0 2.239574e-09
3220.0 2.026155e-09
3230.0 1.862856e-09
3240.0 1.777874e-09
3250.0 1.738752e-09
3260.0 1.727687e-09
3270.0 1.754367e-09
3280.0 1.802597e-09
3290.0 1.834104e-09
3300.0 1.846296e-09
3310.0 1.874717e-09
3320.0 1.930963e-09
3330.0 1.994685e-09
3340.0 2.047863e-09
3350.0 2.077885e-09
3360.0 2.093611e-09
3370.0 2.124911e-09
3380.0 2.183636e-09
3390.0 2.254744e-09
3400.0 2.326835e-09
3410.0 2.395567e-09
3420.0 2.456484e-09
3430.0 2.508329e-09
3440.0 2.553300e-09
3450.0 2.605892e-09
3460.0 2.690210e-09
3470.0 2.814592e-09
3480.0 2.976098e-09
3490.0 3.184038e-09
3500.0 3.446087e-09
3510.0 3.740105e-09
3520.0 4.023989e-09
3530.0 4.269577e-09
3540.0 4.477520e-09
3550.0 4.662976e-09
3560.0 4.821428e-09
3570.0 4.922420e-09
3580.0 4.947924e-09
3590.0 4.914269e-09
3600.0 4.858440e-09
3610.0 4.840534e-09
3620.0 4.926116e-09
3630.0 5.116535e-09
3640.0 5.341321e-09
3650.0 5.503761e-09
3660.0 5.526668e-09
3670.0 5.382486e-09
3680.0 5.097085e-09
3690.0 4.734986e-09
3700.0 4.369266e-09
3710.0 4.046355e-09
3720.0 3.769656e-09
3730.0 3.518907e-09
3740.0 3.287978e-09
3750.0 3.094940e-09
3760.0 2.961431e-09
3770.0 2.897811e-09
3780.0 2.904889e-09
3790.0 2.981451e-09
3800.0 3.132839e-09
3810.0 3.369532e-09
3820.0 3.695627e-09
3830.0 4.105901e-09
3840.0 4.589567e-09
3850.0 5.129720e-09
3860.0 5.700255e-09
3870.0 6.267231e-09
3880.0 6.793338e-09
3890.0 7.244355e-09
3900.0 7.598332e-09
3910.0 7.843349e-09
3920.0 7.968388e-09
3930.0 7.962346e-09
3940.0 7.819521e-09
3950.0 7.546887e-09
3960.0 7.176961e-09
3970.0 6.769559e-09
3980.0 6.391739e-09
3990.0 6.096728e-09
4000.0 5.916836e-09
4010.0 5.861794e-09
4020.0 5.917835e-09
4030.0 6.051491e-09
4040.0 6.217096e-09
4050.0 6.367154e-09
4060.0 6.467258e-09
4070.0 6.507886e-09
4080.0 6.502075e-09
4090.0 6.470372e-09
4100.0 6.428847e-09
4110.0 6.387730e-09
4120.0 6.354017e-09
4130.0 6.330849e-09
4140.0 6.314589e-09
4150.0 6.296015e-09
4160.0 6.266491e-09
4170.0 6.222624e-09
4180.0 6.164343e-09
4190.0 6.089709e-09
4200.0 5.993926e-09
4210.0 5.873240e-09
4220.0 5.728362e-09
4230.0 5.565323e-09
4240.0 5.392967e-09
4250.0 5.217775e-09
4260.0 5.037871e-09
4270.0 4.845328e-09
4280.0 4.637861e-09
4290.0 4.426779e-09
4300.0 4.231047e-09
4310.0 4.064904e-09
4320.0 3.932912e-09
4330.0 3.833640e-09
4340.0 3.763220e-09
4350.0 3.715744e-09
4360.0 3.685826e-09
4370.0 3.674792e-09
4380.0 3.692703e-09
4390.0 3.750708e-09
4400.0 3.851124e-09
4410.0 3.985824e-09
4420.0 4.142392e-09
4430.0 4.309253e-09
4440.0 4.477091e-09
4450.0 4.641476e-09
4460.0 4.805319e-09
4470.0 4.975964e-09
4480.0 5.157216e-09
4490.0 5.344466e-09
4500.0 5.527937e-09
4510.0 5.698731e-09
4520.0 5.850609e-09
4530.0 5.978597e-09
4540.0 6.079223e-09
4550.0 6.151688e-09
4560.0 6.195802e-09
4570.0 6.207817e-09
4580.0 6.179841e-09
4590.0 6.103755e-09
4600.0 5.977627e-09
4610.0 5.811584e-09
4620.0 5.621763e-09
4630.0 5.418483e-09
4640.0 5.207008e-09
4650.0 4.994685e-09
4660.0 4.790014e-09
4670.0 4.596789e-09
4680.0 4.412030e-09
4690.0 4.230388e-09
4700.0 4.050731e-09
4710.0 3.879008e-09
4720.0 3.726006e-09
4730.0 3.602519e-09
4740.0 3.514422e-09
4750.0 3.459335e-09
4760.0 3.426569e-09
4770.0 3.400892e-09
4780.0 3.368529e-09
4790.0 3.321666e-09
4800.0 3.260348e-09
4810.0 3.191757e-09
4820.0 3.127442e-09
4830.0 3.079839e-09
4840.0 3.059463e-09
4850.0 3.073067e-09
4860.0 3.122152e-09
4870.0 3.201521e-09
4880.0 3.297773e-09
4890.0 3.387207e-09
4900.0 3.437028e-09
4910.0 3.421691e-09
4920.0 3.347613e-09
4930.0 3.247088e-09
4940.0 3.144173e-09
4950.0 3.045327e-09
4960.0 2.955475e-09
4970.0 2.884544e-09
4980.0 2.841720e-09
4990.0 2.830614e-09
5000.0 2.848886e-09
5010.0 2.890670e-09
5020.0 2.949781e-09
5030.0 3.021802e-09
5040.0 3.104068e-09
5050.0 3.194475e-09
5060.0 3.290928e-09
5070.0 3.391873e-09
5080.0 3.496873e-09
5090.0 3.606337e-09
5100.0 3.720367e-09
5110.0 3.837362e-09
5120.0 3.953448e-09
5130.0 4.063338e-09
5140.0 4.161934e-09
5150.0 4.245442e-09
5160.0 4.311820e-09
5170.0 4.360857e-09
5180.0 4.393246e-09
5190.0 4.408527e-09
5200.0 4.403578e-09
5210.0 4.373420e-09
5220.0 4.313451e-09
5230.0 4.222043e-09
5240.0 4.102670e-09
5250.0 3.964510e-09
5260.0 3.820664e-09
5270.0 3.684588e-09
5280.0 3.566748e-09
5290.0 3.473058e-09
5300.0 3.404867e-09
5310.0 3.359637e-09
5320.0 3.332035e-09
5330.0 3.315520e-09
5340.0 3.304110e-09
5350.0 3.293681e-09
5360.0 3.282259e-09
5370.0 3.269179e-09
5380.0 3.253567e-09
5390.0 3.233123e-09
5400.0 3.204573e-09
5410.0 3.165118e-09
5420.0 3.113907e-09
5430.0 3.053169e-09
5440.0 2.989369e-09
5450.0 2.933234e-09
5460.0 2.896255e-09
5470.0 2.885498e-09
5480.0 2.901692e-09
5490.0 2.941185e-09
5500.0 2.998707e-09
5510.0 3.069063e-09
5520.0 3.146922e-09
5530.0 3.225437e-09
5540.0 3.296253e-09
5550.0 3.351963e-09
5560.0 3.388859e-09
5570.0 3.407471e-09
5580.0 3.410940e-09
5590.0 3.402911e-09
5600.0 3.386089e-09
5610.0 3.361894e-09
5620.0 3.330620e-09
5630.0 3.292025e-09
5640.0 3.245986e-09
5650.0 3.192761e-09
5660.0 3.132980e-09
5670.0 3.067696e-09
5680.0 2.998669e-09
5690.0 2.928742e-09
5700.0 2.861946e-09
5710.0 2.803014e-09
5720.0 2.756390e-09
5730.0 2.725225e-09
5740.0 2.710875e-09
5750.0 2.713058e-09
5760.0 2.730399e-09
5770.0 2.760936e-09
5780.0 2.802333e-09
5790.0 2.851882e-09
5800.0 2.906561e-09
5810.0 2.963292e-09
5820.0 3.019323e-09
5830.0 3.072454e-09
5840.0 3.120857e-09
5850.0 3.162683e-09
5860.0 3.196149e-09
5870.0 3.219677e-09
5880.0 3.232221e-09
5890.0 3.233650e-09
5900.0 3.224978e-09
5910.0 3.208276e-09
5920.0 3.186196e-09
5930.0 3.161186e-09
5940.0 3.134756e-09
5950.0 3.107079e-09
5960.0 3.076976e-09
5970.0 3.041998e-09
5980.0 2.998460e-09
5990.0 2.941575e-09
6000.0 2.866021e-09
6010.0 2.767002e-09
6020.0 2.641588e-09
6030.0 2.489876e-09
6040.0 2.315594e-09
6050.0 2.126044e-09
6060.0 1.931220e-09
6070.0 1.742259e-09
6080.0 1.569915e-09
6090.0 1.423211e-09
6100.0 1.308568e-09
6110.0 1.229548e-09
6120.0 1.187102e-09
6130.0 1.180046e-09
6140.0 1.205535e-09
6150.0 1.259470e-09
6160.0 1.336867e-09
6170.0 1.432116e-09
6180.0 1.539194e-09
6190.0 1.651955e-09
6200.0 1.764634e-09
6210.0 1.872456e-09
6220.0 1.972062e-09
6230.0 2.061490e-09
6240.0 2.139757e-09
6250.0 2.206369e-09
6260.0 2.261091e-09
6270.0 2.304051e-09
6280.0 2.335919e-09
6290.0 2.357876e-09
6300.0 2.371261e-09
6310.0 2.377077e-09
6320.0 2.375726e-09
6330.0 2.367302e-09
6340.0 2.352672e-09
6350.0 2.334174e-09
6360.0 2.314835e-09
6370.0 2.296701e-09
6380.0 2.279942e-09
6390.0 2.263459e-09
6400.0 2.246172e-09
6410.0 2.227858e-09
6420.0 2.209067e-09
6430.0 2.190467e-09
6440.0 2.172366e-09
6450.0 2.154686e-09
6460.0 2.137143e-09
6470.0 2.119380e-09
6480.0 2.101061e-09
6490.0 2.081946e-09
6500.0 2.061935e-09
6510.0 2.041078e-09
6520.0 2.019510e-09
6530.0 1.997289e-09
6540.0 1.974204e-09
6550.0 1.949747e-09
6560.0 1.923387e-09
6570.0 1.895004e-09
6580.0 1.865105e-09
6590.0 1.834590e-09
6600.0 1.804244e-09
6610.0 1.774350e-09
6620.0 1.744696e-09
6630.0 1.714932e-09
6640.0 1.684944e-09
6650.0 1.654947e-09
6660.0 1.625311e-09
6670.0 1.596302e-09
6680.0 1.567995e-09
6690.0 1.540385e-09
6700.0 1.513586e-09
6710.0 1.487901e-09
6720.0 1.463680e-09
6730.0 1.441078e-09
6740.0 1.419942e-09
6750.0 1.399967e-09
6760.0 1.381017e-09
6770.0 1.363316e-09
6780.0 1.347312e-09
6790.0 1.333271e-09
6800.0 1.320924e-09
6810.0 1.309444e-09
6820.0 1.297781e-09
6830.0 1.285133e-09
6840.0 1.271281e-09
6850.0 1.256587e-09
6860.0 1.241690e-09
6870.0 1.227099e-09
6880.0 1.212910e-09
6890.0 1.198771e-09
6900.0 1.184119e-09
6910.0 1.168536e-09
6920.0 1.152023e-09
6930.0 1.135057e-09
6940.0 1.118430e-09
6950.0 1.102958e-09
6960.0 1.089244e-09
6970.0 1.077561e-09
6980.0 1.067865e-09
6990.0 1.059875e-09
7000.0 1.053160e-09
7010.0 1.047229e-09
7020.0 1.041575e-09
7030.0 1.035712e-09
7040.0 1.029207e-09
7050.0 1.021780e-09
7060.0 1.013435e-09
7070.0 1.004513e-09
7080.0 9.955623e-10
7090.0 9.870940e-10
7100.0 9.793918e-10
7110.0 9.725062e-10
7120.0 9.663902e-10
7130.0 9.610384e-10
7140.0 9.565572e-10
7150.0 9.530908e-10
7160.0 9.506947e-10
7170.0 9.492611e-10
7180.0 9.485373e-10
7190.0 9.482073e-10
7200.0 9.479709e-10
7210.0 9.475685e-10
7220.0 9.467352e-10
7230.0 9.450983e-10
7240.0 9.420842e-10
7250.0 9.369658e-10
7260.0 9.291670e-10
7270.0 9.187049e-10
7280.0 9.063569e-10
7290.0 8.932620e-10
7300.0 8.802291e-10
7310.0 8.673508e-10
7320.0 8.541691e-10
7330.0 8.400992e-10
7340.0 8.247282e-10
7350.0 8.078844e-10
7360.0 7.895766e-10
7370.0 7.699195e-10
7380.0 7.490884e-10
7390.0 7.273253e-10
7400.0 7.050083e-10
7410.0 6.827335e-10
7420.0 6.612808e-10
7430.0 6.414475e-10
7440.0 6.238201e-10
7450.0 6.086491e-10
7460.0 5.959001e-10
7470.0 5.854064e-10
7480.0 5.769982e-10
7490.0 5.705453e-10
7500.0 5.659306e-10
7510.0 5.630063e-10
7520.0 5.615791e-10
7530.0 5.614381e-10
7540.0 5.624067e-10
7550.0 5.643794e-10
7560.0 5.673176e-10
7570.0 5.712040e-10
7580.0 5.759782e-10
7590.0 5.814835e-10
7600.0 5.874524e-10
7610.0 5.935460e-10
7620.0 5.994449e-10
7630.0 6.049493e-10
7640.0 6.100278e-10
7650.0 6.147816e-10
7660.0 6.193569e-10
7670.0 6.238740e-10
7680.0 6.284124e-10
7690.0 6.330372e-10
7700.0 6.378267e-10
7710.0 6.428780e-10
7720.0 6.482909e-10
7730.0 6.541351e-10
7740.0 6.604234e-10
7750.0 6.670978e-10
7760.0 6.740232e-10
7770.0 6.809975e-10
7780.0 6.877791e-10
7790.0 6.941184e-10
7800.0 6.997810e-10
7810.0 7.045537e-10
7820.0 7.082409e-10
7830.0 7.106671e-10
7840.0 7.116975e-10
7850.0 7.112728e-10
7860.0 7.094386e-10
7870.0 7.063481e-10
7880.0 7.022313e-10
7890.0 6.973478e-10
7900.0 6.919505e-10
7910.0 6.862683e-10
7920.0 6.803577e-10
7930.0 6.743870e-10
7940.0 6.683337e-10
7950.0 6.619594e-10
7960.0 6.549515e-10
7970.0 6.470828e-10
7980.0 6.383339e-10
7990.0 6.289003e-10
8000.0 6.190877e-10
8010.0 6.091579e-10
8020.0 5.992046e-10
8030.0 5.891272e-10
8040.0 5.787123e-10
8050.0 5.677703e-10
8060.0 5.562328e-10
8070.0 5.441480e-10
8080.0 5.315936e-10
8090.0 5.185971e-10
8100.0 5.051384e-10
8110.0 4.912234e-10
8120.0 4.769601e-10
8130.0 4.625848e-10
8140.0 4.484400e-10
8150.0 4.349315e-10
8160.0 4.224846e-10
8170.0 4.115066e-10
8180.0 4.023510e-10
8190.0 3.952888e-10
8200.0 3.904859e-10
8210.0 3.879917e-10
8220.0 3.877370e-10
8230.0 3.895392e-10
8240.0 3.931176e-10
8250.0 3.981213e-10
8260.0 4.041747e-10
8270.0 4.109379e-10
8280.0 4.181696e-10
8290.0 4.257760e-10
8300.0 4.338275e-10
8310.0 4.425365e-10
8320.0 4.522036e-10
8330.0 4.631473e-10
8340.0 4.756370e-10
8350.0 4.898417e-10
8360.0 5.058014e-10
8370.0 5.234202e-10
8380.0 5.424805e-10
8390.0 5.626743e-10
8400.0 5.836442e-10
8410.0 6.050271e-10
8420.0 6.264909e-10
8430.0 6.477559e-10
8440.0 6.686001e-10
8450.0 6.888493e-10
8460.0 7.083610e-10
8470.0 7.270091e-10
8480.0 7.446771e-10
8490.0 7.612585e-10
8500.0 7.766644e-10
8510.0 7.908308e-10
8520.0 8.037223e-10
8530.0 8.153298e-10
8540.0 8.256636e-10
8550.0 8.347441e-10
8560.0 8.425942e-10
8570.0 8.492348e-10
8580.0 8.546850e-10
8590.0 8.589668e-10
8600.0 8.621107e-10
8610.0 8.641615e-10
8620.0 8.651773e-10
8630.0 8.652245e-10
8640.0 8.643677e-10
8650.0 8.626627e-10
8660.0 8.601535e-10
8670.0 8.568777e-10
8680.0 8.528744e-10
8690.0 8.481900e-10
8700.0 8.428751e-10
8710.0 8.369708e-10
8720.0 8.304859e-10
8730.0 8.233786e-10
8740.0 8.155511e-10
8750.0 8.068634e-10
8760.0 7.971661e-10
8770.0 7.863426e-10
8780.0 7.743478e-10
8790.0 7.612303e-10
8800.0 7.471342e-10
8810.0 7.322809e-10
8820.0 7.169405e-10
8830.0 7.014038e-10
8840.0 6.859578e-10
8850.0 6.708679e-10
8860.0 6.563623e-10
8870.0 6.426172e-10
8880.0 6.297457e-10
8890.0 6.177934e-10
8900.0 6.067444e-10
8910.0 5.965381e-10
8920.0 5.870899e-10
8930.0 5.783081e-10
8940.0 5.701016e-10
8950.0 5.623786e-10
8960.0 5.550450e-10
8970.0 5.480094e-10
8980.0 5.412012e-10
8990.0 5.345960e-10
9000.0 5.282351e-10
9010.0 5.222233e-10
9020.0 5.167003e-10
9030.0 5.117942e-10
9040.0 5.075779e-10
9050.0 5.040395e-10
9060.0 5.010797e-10
9070.0 4.985290e-10
9080.0 4.961763e-10
9090.0 4.938052e-10
9100.0 4.912305e-10
9110.0 4.883310e-10
9120.0 4.850728e-10
9130.0 4.815204e-10
9140.0 4.778333e-10
9150.0 4.742471e-10
9160.0 4.710370e-10
9170.0 4.684638e-10
9180.0 4.667115e-10
9190.0 4.658371e-10
9200.0 4.657536e-10
9210.0 4.662537e-10
9220.0 4.670566e-10
9230.0 4.678509e-10
9240.0 4.683176e-10
9250.0 4.681434e-10
9260.0 4.670530e-10
9270.0 4.648783e-10
9280.0 4.613645e-10
9290.0 4.568781e-10
9300.0 4.520561e-10
9310.0 4.474290e-10
9320.0 4.434027e-10
9330.0 4.401475e-10
9340.0 4.376031e-10
9350.0 4.355703e-10
9360.0 4.338196e-10
9370.0 4.321639e-10
9380.0 4.304806e-10
9390.0 4.287017e-10
9400.0 4.267939e-10
9410.0 4.247421e-10
9420.0 4.225395e-10
9430.0 4.201839e-10
9440.0 4.176755e-10
9450.0 4.150172e-10
9460.0 4.122139e-10
9470.0 4.092732e-10
9480.0 4.062048e-10
9490.0 4.030208e-10
9500.0 3.997349e-10
9510.0 3.963627e-10
9520.0 3.929204e-10
9530.0 3.894248e-10
9540.0 3.858927e-10
9550.0 3.823398e-10
9560.0 3.787809e-10
9570.0 3.752290e-10
9580.0 3.716952e-10
9590.0 3.681885e-10
9600.0 3.647157e-10
9610.0 3.612821e-10
9620.0 3.578907e-10
9630.0 3.545437e-10
9640.0 3.512421e-10
9650.0 3.479866e-10
9660.0 3.447778e-10
9670.0 3.416166e-10
9680.0 3.385046e-10
9690.0 3.354442e-10
9700.0 3.324385e-10
9710.0 3.294918e-10
9720.0 3.266091e-10
9730.0 3.237963e-10
9740.0 3.210595e-10
9750.0 3.184054e-10
9760.0 3.158406e-10
9770.0 3.133716e-10
9780.0 3.110042e-10
9790.0 3.087441e-10
9800.0 3.065959e-10
9810.0 3.045632e-10
9820.0 3.026490e-10
9830.0 3.008547e-10
9840.0 2.991809e-10
9850.0 2.976269e-10
9860.0 2.961905e-10
9870.0 2.948686e-10
9880.0 2.936566e-10
9890.0 2.925489e-10
9900.0 2.915384e-10
9910.0 2.906170e-10
9920.0 2.897757e-10
9930.0 2.890044e-10
9940.0 2.882922e-10
9950.0 2.876276e-10
9960.0 2.869986e-10
9970.0 2.863932e-10
9980.0 2.857991e-10
9990.0 2.852042e-10
10000.0 2.845970e-10
10010.0 2.839666e-10
10020.0 2.833028e-10
10030.0 2.825964e-10
10040.0 2.818395e-10
10050.0 2.810251e-10
10060.0 2.801478e-10
10070.0 2.792034e-10
10080.0 2.781888e-10
10090.0 2.771023e-10
10100.0 2.759434e-10
10110.0 2.747124e-10
10120.0 2.734108e-10
10130.0 2.720405e-10
10140.0 2.706044e-10
10150.0 2.691056e-10
10160.0 2.675476e-10
10170.0 2.659343e-10
10180.0 2.642694e-10
10190.0 2.625570e-10
10200.0 2.608010e-10
10210.0 2.590053e-10
10220.0 2.571738e-10
10230.0 2.553102e-10
10240.0 2.534184e-10
10250.0 2.515021e-10
10260.0 2.495649e-10
10270.0 2.476107e-10
10280.0 2.456432e-10
10290.0 2.436661e-10
10300.0 2.416835e-10
10310.0 2.396991e-10
10320.0 2.377171e-10
10330.0 2.357415e-10
10340.0 2.337764e-10
10350.0 2.318259e-10
10360.0 2.298942e-10
10370.0 2.279855e-10
10380.0 2.261038e-10
10390.0 2.242534e-10
10400.0 2.224383e-10
10410.0 2.206626e-10
10420.0 2.189303e-10
10430.0 2.172454e-10
10440.0 2.156117e-10
10450.0 2.140330e-10
10460.0 2.125128e-10
10470.0 2.110546e-10
10480.0 2.096613e-10
10490.0 2.083358e-10
10500.0 2.070804e-10
10510.0 2.058970e-10
10520.0 2.047867e-10
10530.0 2.037505e-10
10540.0 2.027883e-10
10550.0 2.018994e-10
10560.0 2.010826e-10
10570.0 2.003359e-10
10580.0 1.996566e-10
10590.0 1.990414e-10
10600.0 1.984865e-10
10610.0 1.979876e-10
10620.0 1.975400e-10
10630.0 1.971387e-10
10640.0 1.967787e-10
10650.0 1.964546e-10
10660.0 1.961613e-10
10670.0 1.958937e-10
10680.0 1.956466e-10
10690.0 1.954155e-10
10700.0 1.951959e-10
10710.0 1.949836e-10
10720.0 1.947749e-10
10730.0 1.945664e-10
10740.0 1.943551e-10
10750.0 1.941383e-10
10760.0 1.939140e-10
10770.0 1.936802e-10
10780.0 1.934356e-10
10790.0 1.931790e-10
10800.0 1.929097e-10
10810.0 1.926271e-10
10820.0 1.923312e-10
10830.0 1.920217e-10
10840.0 1.916989e-10
10850.0 1.913629e-10
10860.0 1.910140e-10
10870.0 1.906523e-10
10880.0 1.902780e-10
10890.0 1.898909e-10
10900.0 1.894908e-10
10910.0 1.890774e-10
10920.0 1.886499e-10
10930.0 1.882075e-10
10940.0 1.877492e-10
10950.0 1.872737e-10
10960.0 1.867799e-10
10970.0 1.862665e-10
10980.0 1.857323e-10
10990.0 1.851763e-10
11000.0 1.845976e-10
11010.0 1.839957e-10
11020.0 1.833703e-10
11030.0 1.827219e-10
11040.0 1.820508e-10
11050.0 1.813583e-10
11060.0 1.806459e-10
11070.0 1.799154e-10
11080.0 1.791693e-10
11090.0 1.784100e-10
11100.0 1.776406e-10
11110.0 1.768641e-10
11120.0 1.760838e-10
11130.0 1.753028e-10
11140.0 1.745245e-10
11150.0 1.737520e-10
11160.0 1.729882e-10
11170.0 1.722361e-10
11180.0 1.714982e-10
11190.0 1.707768e-10
11200.0 1.700740e-10
11210.0 1.693915e-10
11220.0 1.687309e-10
11230.0 1.680932e-10
11240.0 1.674795e-10
11250.0 1.668903e-10
11260.0 1.663260e-10
11270.0 1.657868e-10
11280.0 1.652725e-10
11290.0 1.647829e-10
11300.0 1.643173e-10
11310.0 1.638750e-10
11320.0 1.634550e-10
11330.0 1.630560e-10
11340.0 1.626767e-10
11350.0 1.623154e-10
11360.0 1.619704e-10
11370.0 1.616397e-10
11380.0 1.613214e-10
11390.0 1.610133e-10
11400.0 1.607131e-10
11410.0 1.604186e-10
11420.0 1.601275e-10
11430.0 1.598376e-10
11440.0 1.595468e-10
11450.0 1.592528e-10
11460.0 1.589539e-10
11470.0 1.586479e-10
11480.0 1.583333e-10
11490.0 1.580083e-10
11500.0 1.576715e-10
11510.0 1.573215e-10
11520.0 1.569570e-10
11530.0 1.565771e-10
11540.0 1.561806e-10
11550.0 1.557667e-10
11560.0 1.553345e-10
11570.0 1.548835e-10
11580.0 1.544131e-10
11590.0 1.539226e-10
11600.0 1.534118e-10
11610.0 1.528802e-10
11620.0 1.523277e-10
11630.0 1.517543e-10
11640.0 1.511597e-10
11650.0 1.505441e-10
11660.0 1.499077e-10
11670.0 1.492507e-10
11680.0 1.485734e-10
11690.0 1.478762e-10
11700.0 1.471595e-10
11710.0 1.464240e-10
11720.0 1.456703e-10
11730.0 1.448989e-10
11740.0 1.441106e-10
11750.0 1.433061e-10
11760.0 1.424864e-10
11770.0 1.416523e-10
11780.0 1.408048e-10
11790.0 1.399448e-10
11800.0 1.390735e-10
11810.0 1.381920e-10
11820.0 1.373015e-10
11830.0 1.364034e-10
11840.0 1.354991e-10
11850.0 1.345900e-10
11860.0 1.336777e-10
11870.0 1.327638e-10
11880.0 1.318500e-10
11890.0 1.309380e-10
11900.0 1.300296e-10
11910.0 1.291266e-10
11920.0 1.282309e-10
11930.0 1.273442e-10
11940.0 1.264683e-10
11950.0 1.256048e-10
11960.0 1.247554e-10
11970.0 1.239214e-10
11980.0 1.231043e-10
11990.0 1.223050e-10
12000.0 1.215247e-10
12010.0 1.207639e-10
12020.0 1.200233e-10
12030.0 1.193031e-10
12040.0 1.186035e-10
12050.0 1.179244e-10
12060.0 1.172656e-10
12070.0 1.166268e-10
12080.0 1.160075e-10
12090.0 1.154074e-10
12100.0 1.148262e-10
12110.0 1.142634e-10
12120.0 1.137189e-10
12130.0 1.131927e-10
12140.0 1.126851e-10
12150.0 1.121965e-10
12160.0 1.117274e-10
12170.0 1.112789e-10
12180.0 1.108519e-10
12190.0 1.104479e-10
12200.0 1.100683e-10
12210.0 1.097144e-10
12220.0 1.093879e-10
12230.0 1.090902e-10
12240.0 1.088228e-10
12250.0 1.085867e-10
12260.0 1.083830e-10
12270.0 1.082123e-10
12280.0 1.080749e-10
12290.0 1.079708e-10
12300.0 1.078998e-10
12310.0 1.078610e-10
12320.0 1.078533e-10
12330.0 1.078755e-10
12340.0 1.079257e-10
12350.0 1.080021e-10
12360.0 1.081025e-10
12370.0 1.082247e-10
12380.0 1.083664e-10
12390.0 1.085251e-10
12400.0 1.086984e-10
12410.0 1.088840e-10
12420.0 1.090795e-10
12430.0 1.092828e-10
12440.0 1.094917e-10
12450.0 1.097043e-10
12460.0 1.099186e-10
12470.0 1.101329e-10
12480.0 1.103454e-10
12490.0 1.105546e-10
12500.0 1.107588e-10
12510.0 1.109565e-10
12520.0 1.111462e-10
12530.0 1.113265e-10
12540.0 1.114958e-10
12550.0 1.116527e-10
12560.0 1.117956e-10
12570.0 1.119230e-10
12580.0 1.120336e-10
12590.0 1.121257e-10
12600.0 1.121978e-10
12610.0 1.122487e-10
12620.0 1.122768e-10
12630.0 1.122810e-10
12640.0 1.122599e-10
12650.0 1.122127e-10
12660.0 1.121382e-10
12670.0 1.120358e-10
12680.0 1.119049e-10
12690.0 1.117451e-10
12700.0 1.115563e-10
12710.0 1.113384e-10
12720.0 1.110918e-10
12730.0 1.108169e-10
12740.0 1.105145e-10
12750.0 1.101855e-10
12760.0 1.098311e-10
12770.0 1.094527e-10
12780.0 1.090518e-10
12790.0 1.086302e-10
12800.0 1.081897e-10
12810.0 1.077322e-10
12820.0 1.072598e-10
12830.0 1.067747e-10
12840.0 1.062789e-10
12850.0 1.057746e-10
12860.0 1.052639e-10
12870.0 1.047488e-10
12880.0 1.042312e-10
12890.0 1.037128e-10
12900.0 1.031954e-10
12910.0 1.026804e-10
12920.0 1.021692e-10
12930.0 1.016627e-10
12940.0 1.011621e-10
12950.0 1.006679e-10
12960.0 1.001808e-10
12970.0 9.970106e-11
12980.0 9.922897e-11
12990.0 9.876457e-11
13000.0 9.830780e-11
13010.0 9.785850e-11
13020.0 9.741644e-11
13030.0 9.698132e-11
13040.0 9.655283e-11
13050.0 9.613064e-11
13060.0 9.571446e-11
13070.0 9.530401e-11
13080.0 9.489906e-11
13090.0 9.449946e-11
13100.0 9.410512e-11
13110.0 9.371601e-11
13120.0 9.333220e-11
13130.0 9.295380e-11
13140.0 9.258101e-11
13150.0 9.221405e-11
13160.0 9.185320e-11
13170.0 9.149875e-11
13180.0 9.115101e-11
13190.0 9.081026e-11
13200.0 9.047676e-11
13210.0 9.015073e-11
13220.0 8.983231e-11
13230.0 8.952161e-11
13240.0 8.921862e-11
13250.0 8.892326e-11
13260.0 8.863537e-11
13270.0 8.835468e-11
13280.0 8.808085e-11
13290.0 8.781344e-11
13300.0 8.755195e-11
13310.0 8.729579e-11
13320.0 8.704432e-11
13330.0 8.679687e-11
13340.0 8.655271e-11
13350.0 8.631109e-11
13360.0 8.607125e-11
13370.0 8.583242e-11
13380.0 8.559382e-11
13390.0 8.535469e-11
13400.0 8.511429e-11
13410.0 8.487190e-11
13420.0 8.462680e-11
13430.0 8.437834e-11
13440.0 8.412589e-11
13450.0 8.386885e-11
13460.0 8.360668e-11
13470.0 8.333890e-11
13480.0 8.306505e-11
13490.0 8.278478e-11
13500.0 8.249777e-11
13510.0 8.220382e-11
13520.0 8.190277e-11
13530.0 8.159458e-11
13540.0 8.127929e-11
13550.0 8.095702e-11
13560.0 8.062801e-11
13570.0 8.029258e-11
13580.0 7.995114e-11
13590.0 7.960418e-11
13600.0 7.925226e-11
13610.0 7.889600e-11
13620.0 7.853607e-11
13630.0 7.817316e-11
13640.0 7.780796e-11
13650.0 7.744116e-11
13660.0 7.707343e-11
13670.0 7.670539e-11
13680.0 7.633760e-11
13690.0 7.597056e-11
13700.0 7.560468e-11
13710.0 7.524029e-11
13720.0 7.487765e-11
13730.0 7.451690e-11
13740.0 7.415814e-11
13750.0 7.380138e-11
13760.0 7.344656e-11
13770.0 7.309362e-11
13780.0 7.274243e-11
13790.0 7.239285e-11
13800.0 7.204476e-11
13810.0 7.169804e-11
13820.0 7.135260e-11
13830.0 7.100839e-11
13840.0 7.066540e-11
13850.0 7.032366e-11
13860.0 6.998327e-11
13870.0 6.964435e-11
13880.0 6.930706e-11
13890.0 6.897160e-11
13900.0 6.863819e-11
13910.0 6.830705e-11
13920.0 6.797842e-11
13930.0 6.765249e-11
13940.0 6.732945e-11
13950.0 6.700947e-11
13960.0 6.669264e-11
13970.0 6.637905e-11
13980.0 6.606871e-11
13990.0 6.576161e-11
14000.0 6.545767e-11
14010.0 6.515680e-11
14020.0 6.485885e-11
14030.0 6.456367e-11
14040.0 6.427109e-11
14050.0 6.398093e-11
14060.0 6.369302e-11
14070.0 6.340720e-11
14080.0 6.312334e-11
14090.0 6.284134e-11
14100.0 6.256114e-11
14110.0 6.228272e-11
14120.0 6.200609e-11
14130.0 6.173132e-11
14140.0 6.145854e-11
14150.0 6.118790e-11
14160.0 6.091961e-11
14170.0 6.065390e-11
14180.0 6.039104e-11
14190.0 6.013132e-11
14200.0 5.987505e-11
14210.0 5.962255e-11
14220.0 5.937411e-11
14230.0 5.913005e-11
14240.0 5.889062e-11
14250.0 5.865608e-11
14260.0 5.842661e-11
14270.0 5.820238e-11
14280.0 5.798349e-11
14290.0 5.776998e-11
14300.0 5.756182e-11
14310.0 5.735897e-11
14320.0 5.716128e-11
14330.0 5.696860e-11
14340.0 5.678071e-11
14350.0 5.659739e-11
14360.0 5.641837e-11
14370.0 5.624341e-11
14380.0 5.607224e-11
14390.0 5.590464e-11
14400.0 5.574038e-11
14410.0 5.557931e-11
14420.0 5.542126e-11
14430.0 5.526615e-11
14440.0 5.511391e-11
14450.0 5.496450e-11
14460.0 5.481792e-11
14470.0 5.467416e-11
14480.0 5.453322e-11
14490.0 5.439509e-11
14500.0 5.425972e-11
14510.0 5.412702e-11
14520.0 5.399683e-11
14530.0 5.386894e-11
14540.0 5.374305e-11
14550.0 5.361881e-11
14560.0 5.349577e-11
14570.0 5.337343e-11
14580.0 5.325125e-11
14590.0 5.312866e-11
14600.0 5.300506e-11
14610.0 5.287989e-11
14620.0 5.275265e-11
14630.0 5.262290e-11
14640.0 5.249033e-11
14650.0 5.235476e-11
14660.0 5.221618e-11
14670.0 5.207479e-11
14680.0 5.193098e-11
14690.0 5.178538e-11
14700.0 5.163883e-11
14710.0 5.149240e-11
14720.0 5.134739e-11
14730.0 5.120529e-11
14740.0 5.106777e-11
14750.0 5.093668e-11
14760.0 5.081394e-11
14770.0 5.070161e-11
14780.0 5.060178e-11
14790.0 5.051655e-11
14800.0 5.044802e-11
14810.0 5.039822e-11
14820.0 5.036910e-11
14830.0 5.036252e-11
14840.0 5.038019e-11
14850.0 5.042366e-11
14860.0 5.049436e-11
14870.0 5.059350e-11
14880.0 5.072215e-11
14890.0 5.088120e-11
14900.0 5.107136e-11
14910.0 5.129318e-11
14920.0 5.154705e-11
14930.0 5.183321e-11
14940.0 5.215176e-11
14950.0 5.250266e-11
14960.0 5.288572e-11
14970.0 5.330066e-11
14980.0 5.374705e-11
14990.0 5.422435e-11
15000.0 5.473190e-11
15010.0 5.526890e-11
15020.0 5.583446e-11
15030.0 5.642755e-11
15040.0 5.704699e-11
15050.0 5.769149e-11
15060.0 5.835964e-11
15070.0 5.904986e-11
15080.0 5.976048e-11
15090.0 6.048964e-11
15100.0 6.123541e-11
15110.0 6.199571e-11
15120.0 6.276831e-11
15130.0 6.355093e-11
15140.0 6.434114e-11
15150.0 6.513643e-11
15160.0 6.593422e-11
15170.0 6.673186e-11
15180.0 6.752664e-11
15190.0 6.831582e-11
15200.0 6.909665e-11
15210.0 6.986635e-11
15220.0 7.062218e-11
15230.0 7.136144e-11
15240.0 7.208147e-11
15250.0 7.277969e-11
15260.0 7.345362e-11
15270.0 7.410089e-11
15280.0 7.471926e-11
15290.0 7.530667e-11
15300.0 7.586121e-11
15310.0 7.638117e-11
15320.0 7.686503e-11
15330.0 7.731150e-11
15340.0 7.771950e-11
15350.0 7.808821e-11
15360.0 7.841702e-11
15370.0 7.870555e-11
15380.0 7.895367e-11
15390.0 7.916145e-11
15400.0 7.932920e-11
15410.0 7.945740e-11
15420.0 7.954672e-11
15430.0 7.959801e-11
15440.0 7.961225e-11
15450.0 7.959053e-11
15460.0 7.953405e-11
15470.0 7.944410e-11
15480.0 7.932202e-11
15490.0 7.916917e-11
15500.0 7.898695e-11
15510.0 7.877677e-11
15520.0 7.854001e-11
15530.0 7.827806e-11
15540.0 7.799225e-11
15550.0 7.768392e-11
15560.0 7.735434e-11
15570.0 7.700479e-11
15580.0 7.663649e-11
15590.0 7.625064e-11
15600.0 7.584844e-11
15610.0 7.543107e-11
15620.0 7.499968e-11
15630.0 7.455546e-11
15640.0 7.409958e-11
15650.0 7.363320e-11
15660.0 7.315753e-11
15670.0 7.267376e-11
15680.0 7.218311e-11
15690.0 7.168678e-11
15700.0 7.118599e-11
15710.0 7.068197e-11
15720.0 7.017590e-11
15730.0 6.966899e-11
15740.0 6.916238e-11
15750.0 6.865722e-11
15760.0 6.815457e-11
15770.0 6.765549e-11
15780.0 6.716096e-11
15790.0 6.667190e-11
15800.0 6.618918e-11
15810.0 6.571361e-11
15820.0 6.524590e-11
15830.0 6.478675e-11
15840.0 6.433674e-11
15850.0 6.389644e-11
15860.0 6.346633e-11
15870.0 6.304685e-11
15880.0 6.263839e-11
15890.0 6.224130e-11
15900.0 6.185587e-11
15910.0 6.148236e-11
15920.0 6.112102e-11
15930.0 6.077204e-11
15940.0 6.043557e-11
15950.0 6.011175e-11
15960.0 5.980069e-11
15970.0 5.950246e-11
15980.0 5.921710e-11
15990.0 5.894462e-11
16000.0 5.868502e-11
16010.0 5.843824e-11
16020.0 5.820422e-11
16030.0 5.798288e-11
16040.0 5.777410e-11
16050.0 5.757776e-11
16060.0 5.739374e-11
16070.0 5.722189e-11
16080.0 5.706210e-11
16090.0 5.691425e-11
16100.0 5.677822e-11
16110.0 5.665396e-11
16120.0 5.654142e-11
16130.0 5.644057e-11
16140.0 5.635144e-11
16150.0 5.627409e-11
16160.0 5.620861e-11
16170.0 5.615512e-11
16180.0 5.611378e-11
16190.0 5.608475e-11
16200.0 5.606822e-11
16210.0 5.606437e-11
16220.0 5.607337e-11
16230.0 5.609536e-11
16240.0 5.613045e-11
16250.0 5.617870e-11
16260.0 5.624010e-11
16270.0 5.631457e-11
16280.0 5.640194e-11
16290.0 5.650197e-11
16300.0 5.661428e-11
16310.0 5.673843e-11
16320.0 5.687384e-11
16330.0 5.701987e-11
16340.0 5.717575e-11
16350.0 5.734065e-11
16360.0 5.751363e-11
16370.0 5.769372e-11
16380.0 5.787987e-11
16390.0 5.807102e-11
16400.0 5.826607e-11
16410.0 5.846392e-11
16420.0 5.866351e-11
16430.0 5.886378e-11
16440.0 5.906374e-11
16450.0 5.926244e-11
16460.0 5.945903e-11
16470.0 5.965274e-11
16480.0 5.984288e-11
16490.0 6.002889e-11
16500.0 6.021028e-11
16510.0 6.038669e-11
16520.0 6.055786e-11
16530.0 6.072365e-11
16540.0 6.088399e-11
16550.0 6.103894e-11
16560.0 6.118861e-11
16570.0 6.133321e-11
16580.0 6.147302e-11
16590.0 6.160838e-11
16600.0 6.173969e-11
16610.0 6.186737e-11
16620.0 6.199191e-11
16630.0 6.211382e-11
16640.0 6.223362e-11
16650.0 6.235186e-11
16660.0 6.246911e-11
16670.0 6.258594e-11
16680.0 6.270294e-11
16690.0 6.282071e-11
16700.0 6.293984e-11
16710.0 6.306092e-11
16720.0 6.318457e-11
16730.0 6.331137e-11
16740.0 6.344192e-11
16750.0 6.357682e-11
16760.0 6.371663e-11
16770.0 6.386193e-11
16780.0 6.401325e-11
16790.0 6.417112e-11
16800.0 6.433603e-11
16810.0 6.450843e-11
16820.0 6.468873e-11
16830.0 6.487729e-11
16840.0 6.507441e-11
16850.0 6.528036e-11
16860.0 6.549531e-11
16870.0 6.571939e-11
16880.0 6.595264e-11
16890.0 6.619505e-11
16900.0 6.644652e-11
16910.0 6.670692e-11
16920.0 6.697603e-11
16930.0 6.725356e-11
16940.0 6.753921e-11
16950.0 6.783260e-11
16960.0 6.813331e-11
16970.0 6.844092e-11
16980.0 6.875497e-11
16990.0 6.907496e-11
17000.0 6.940043e-11
17010.0 6.973088e-11
17020.0 7.006583e-11
17030.0 7.040482e-11
17040.0 7.074737e-11
17050.0 7.109306e-11
17060.0 7.144143e-11
17070.0 7.179207e-11
17080.0 7.214457e-11
17090.0 7.249852e-11
17100.0 7.285351e-11
17110.0 7.320914e-11
17120.0 7.356497e-11
17130.0 7.392055e-11
17140.0 7.427541e-11
17150.0 7.462904e-11
17160.0 7.498087e-11
17170.0 7.533031e-11
17180.0 7.567669e-11
17190.0 7.601932e-11
17200.0 7.635742e-11
17210.0 7.669016e-11
17220.0 7.701670e-11
17230.0 7.733610e-11
17240.0 7.764742e-11
17250.0 7.794969e-11
17260.0 7.824192e-11
17270.0 7.852311e-11
17280.0 7.879229e-11
17290.0 7.904854e-11
17300.0 7.929094e-11
17310.0 7.951868e-11
17320.0 7.973099e-11
17330.0 7.992722e-11
17340.0 8.010682e-11
17350.0 8.026935e-11
17360.0 8.041450e-11
17370.0 8.054207e-11
17380.0 8.065201e-11
17390.0 8.074440e-11
17400.0 8.081943e-11
17410.0 8.087742e-11
17420.0 8.091879e-11
17430.0 8.094406e-11
17440.0 8.095382e-11
17450.0 8.094876e-11
17460.0 8.092959e-11
17470.0 8.089706e-11
17480.0 8.085194e-11
17490.0 8.079500e-11
17500.0 8.072700e-11
17510.0 8.064868e-11
17520.0 8.056073e-11
17530.0 8.046380e-11
17540.0 8.035851e-11
17550.0 8.024538e-11
17560.0 8.012492e-11
17570.0 7.999756e-11
17580.0 7.986369e-11
17590.0 7.972363e-11
17600.0 7.957767e-11
17610.0 7.942609e-11
17620.0 7.926909e-11
17630.0 7.910688e-11
17640.0 7.893966e-11
17650.0 7.876760e-11
17660.0 7.859089e-11
17670.0 7.840970e-11
17680.0 7.822421e-11
17690.0 7.803463e-11
17700.0 7.784116e-11
17710.0 7.764399e-11
17720.0 7.744336e-11
17730.0 7.723948e-11
17740.0 7.703258e-11
17750.0 7.682289e-11
17760.0 7.661061e-11
17770.0 7.639595e-11
17780.0 7.617913e-11
17790.0 7.596031e-11
17800.0 7.573967e-11
17810.0 7.551735e-11
17820.0 7.529347e-11
17830.0 7.506814e-11
17840.0 7.484144e-11
17850.0 7.461344e-11
17860.0 7.438418e-11
17870.0 7.415368e-11
17880.0 7.392198e-11
17890.0 7.368907e-11
17900.0 7.345495e-11
17910.0 7.321962e-11
17920.0 7.298306e-11
17930.0 7.274528e-11
17940.0 7.250625e-11
17950.0 7.226599e-11
17960.0 7.202448e-11
17970.0 7.178174e-11
17980.0 7.153777e-11
17990.0 7.129258e-11
18000.0 7.104620e-11
18010.0 7.079864e-11
18020.0 7.054993e-11
18030.0 7.030010e-11
18040.0 7.004916e-11
18050.0 6.979715e-11
18060.0 6.954409e-11
18070.0 6.929002e-11
18080.0 6.903496e-11
18090.0 6.877894e-11
18100.0 6.852200e-11
18110.0 6.826418e-11
18120.0 6.800553e-11
18130.0 6.774611e-11
18140.0 6.748598e-11
18150.0 6.722522e-11
18160.0 6.696392e-11
18170.0 6.670219e-11
18180.0 6.644014e-11
18190.0 6.617790e-11
18200.0 6.591563e-11
18210.0 6.565347e-11
18220.0 6.539161e-11
18230.0 6.513021e-11
18240.0 6.486945e-11
18250.0 6.460953e-11
18260.0 6.435062e-11
18270.0 6.409290e-11
18280.0 6.383654e-11
18290.0 6.358168e-11
18300.0 6.332846e-11
18310.0 6.307698e-11
18320.0 6.282734e-11
18330.0 6.257957e-11
18340.0 6.233372e-11
18350.0 6.208977e-11
18360.0 6.184766e-11
18370.0 6.160732e-11
18380.0 6.136865e-11
18390.0 6.113148e-11
18400.0 6.089565e-11
18410.0 6.066096e-11
18420.0 6.042719e-11
18430.0 6.019409e-11
18440.0 5.996142e-11
18450.0 5.972892e-11
18460.0 5.949634e-11
18470.0 5.926342e-11
18480.0 5.902994e-11
18490.0 5.879568e-11
18500.0 5.856044e-11
18510.0 5.832405e-11
18520.0 5.808641e-11
18530.0 5.784739e-11
18540.0 5.760696e-11
18550.0 5.736510e-11
18560.0 5.712183e-11
18570.0 5.687722e-11
18580.0 5.663137e-11
18590.0 5.638443e-11
18600.0 5.613657e-11
18610.0 5.588800e-11
18620.0 5.563893e-11
18630.0 5.538962e-11
18640.0 5.514033e-11
18650.0 5.489134e-11
18660.0 5.464293e-11
18670.0 5.439537e-11
18680.0 5.414895e-11
18690.0 5.390394e-11
18700.0 5.366062e-11
18710.0 5.341922e-11
18720.0 5.318001e-11
18730.0 5.294321e-11
18740.0 5.270904e-11
18750.0 5.247771e-11
18760.0 5.224941e-11
18770.0 5.202434e-11
18780.0 5.180265e-11
18790.0 5.158452e-11
18800.0 5.137011e-11
18810.0 5.115957e-11
18820.0 5.095305e-11
18830.0 5.075069e-11
18840.0 5.055263e-11
18850.0 5.035899e-11
18860.0 5.016992e-11
18870.0 4.998553e-11
18880.0 4.980593e-11
18890.0 4.963124e-11
18900.0 4.946154e-11
18910.0 4.929693e-11
18920.0 4.913748e-11
18930.0 4.898325e-11
18940.0 4.883427e-11
18950.0 4.869059e-11
18960.0 4.855221e-11
18970.0 4.841912e-11
18980.0 4.829130e-11
18990.0 4.816872e-11
19000.0 4.805131e-11
19010.0 4.793901e-11
19020.0 4.783173e-11
19030.0 4.772938e-11
19040.0 4.763186e-11
19050.0 4.753904e-11
19060.0 4.745082e-11
19070.0 4.736708e-11
19080.0 4.728768e-11
19090.0 4.721251e-11
19100.0 4.714145e-11
19110.0 4.707436e-11
19120.0 4.701114e-11
19130.0 4.695168e-11
19140.0 4.689585e-11
19150.0 4.684356e-11
19160.0 4.679470e-11
19170.0 4.674918e-11
19180.0 4.670690e-11
19190.0 4.666776e-11
19200.0 4.663167e-11
19210.0 4.659855e-11
19220.0 4.656830e-11
19230.0 4.654083e-11
19240.0 4.651605e-11
19250.0 4.649387e-11
19260.0 4.647421e-11
19270.0 4.645696e-11
19280.0 4.644206e-11
19290.0 4.642939e-11
19300.0 4.641889e-11
19310.0 4.641046e-11
19320.0 4.640404e-11
19330.0 4.639955e-11
19340.0 4.639691e-11
19350.0 4.639608e-11
19360.0 4.639700e-11
19370.0 4.639963e-11
19380.0 4.640392e-11
19390.0 4.640985e-11
19400.0 4.641741e-11
19410.0 4.642658e-11
19420.0 4.643735e-11
19430.0 4.644972e-11
19440.0 4.646371e-11
19450.0 4.647930e-11
19460.0 4.649652e-11
19470.0 4.651536e-11
19480.0 4.653582e-11
19490.0 4.655789e-11
19500.0 4.658155e-11
19510.0 4.660677e-11
19520.0 4.663348e-11
19530.0 4.666161e-11
19540.0 4.669107e-11
19550.0 4.672172e-11
19560.0 4.675342e-11
19570.0 4.678597e-11
19580.0 4.681916e-11
19590.0 4.685272e-11
19600.0 4.688637e-11
19610.0 4.691976e-11
19620.0 4.695254e-11
19630.0 4.698430e-11
19640.0 4.701461e-11
19650.0 4.704300e-11
19660.0 4.706897e-11
19670.0 4.709200e-11
19680.0 4.711156e-11
19690.0 4.712709e-11
19700.0 4.713803e-11
19710.0 4.714383e-11
19720.0 4.714390e-11
19730.0 4.713772e-11
19740.0 4.712475e-11
19750.0 4.710447e-11
19760.0 4.707641e-11
19770.0 4.704013e-11
19780.0 4.699522e-11
19790.0 4.694133e-11
19800.0 4.687813e-11
19810.0 4.680539e-11
19820.0 4.672288e-11
19830.0 4.663047e-11
19840.0 4.652806e-11
19850.0 4.641561e-11
19860.0 4.629314e-11
19870.0 4.616071e-11
19880.0 4.601844e-11
19890.0 4.586649e-11
19900.0 4.570507e-11
19910.0 4.553441e-11
19920.0 4.535478e-11
19930.0 4.516650e-11
19940.0 4.496989e-11
19950.0 4.476531e-11
19960.0 4.455310e-11
19970.0 4.433367e-11
19980.0 4.410740e-11
19990.0 4.387469e-11
20000.0 4.363595e-11
20010.0 4.339159e-11
20020.0 4.314202e-11
20030.0 4.288766e-11
20040.0 4.262892e-11
20050.0 4.236624e-11
20060.0 4.210002e-11
20070.0 4.183068e-11
20080.0 4.155865e-11
20090.0 4.128435e-11
20100.0 4.100821e-11
20110.0 4.073064e-11
20120.0 4.045207e-11
20130.0 4.017292e-11
20140.0 3.989363e-11
20150.0 3.961461e-11
20160.0 3.933628e-11
20170.0 3.905908e-11
20180.0 3.878340e-11
20190.0 3.850966e-11
20200.0 3.823827e-11
20210.0 3.796962e-11
20220.0 3.770410e-11
20230.0 3.744209e-11
20240.0 3.718394e-11
20250.0 3.693002e-11
20260.0 3.668066e-11
20270.0 3.643619e-11
20280.0 3.619689e-11
20290.0 3.596308e-11
20300.0 3.573502e-11
20310.0 3.551296e-11
20320.0 3.529713e-11
20330.0 3.508775e-11
20340.0 3.488501e-11
20350.0 3.468908e-11
20360.0 3.450012e-11
20370.0 3.431827e-11
20380.0 3.414362e-11
20390.0 3.397627e-11
20400.0 3.381629e-11
20410.0 3.366373e-11
20420.0 3.351862e-11
20430.0 3.338096e-11
20440.0 3.325073e-11
20450.0 3.312791e-11
20460.0 3.301244e-11
20470.0 3.290425e-11
20480.0 3.280323e-11
20490.0 3.270930e-11
20500.0 3.262230e-11
20510.0 3.254210e-11
20520.0 3.246854e-11
20530.0 3.240144e-11
20540.0 3.234060e-11
20550.0 3.228582e-11
20560.0 3.223688e-11
20570.0 3.219355e-11
20580.0 3.215558e-11
20590.0 3.212272e-11
20600.0 3.209470e-11
20610.0 3.207125e-11
20620.0 3.205210e-11
20630.0 3.203694e-11
20640.0 3.202548e-11
20650.0 3.201742e-11
20660.0 3.201245e-11
20670.0 3.201025e-11
20680.0 3.201049e-11
20690.0 3.201286e-11
20700.0 3.201702e-11
20710.0 3.202263e-11
20720.0 3.202936e-11
20730.0 3.203686e-11
20740.0 3.204480e-11
20750.0 3.205284e-11
20760.0 3.206063e-11
20770.0 3.206783e-11
20780.0 3.207411e-11
20790.0 3.207914e-11
20800.0 3.208259e-11
20810.0 3.208415e-11
20820.0 3.208351e-11
20830.0 3.208037e-11
20840.0 3.207446e-11
20850.0 3.206551e-11
20860.0 3.205327e-11
20870.0 3.203750e-11
20880.0 3.201801e-11
20890.0 3.199458e-11
20900.0 3.196707e-11
20910.0 3.193532e-11
20920.0 3.189921e-11
20930.0 3.185866e-11
20940.0 3.181359e-11
20950.0 3.176395e-11
20960.0 3.170973e-11
20970.0 3.165093e-11
20980.0 3.158759e-11
20990.0 3.151975e-11
21000.0 3.144749e-11
21010.0 3.137091e-11
21020.0 3.129012e-11
21030.0 3.120526e-11
21040.0 3.111648e-11
21050.0 3.102394e-11
21060.0 3.092783e-11
21070.0 3.082835e-11
21080.0 3.072568e-11
21090.0 3.062005e-11
21100.0 3.051168e-11
21110.0 3.040079e-11
21120.0 3.028761e-11
21130.0 3.017238e-11
21140.0 3.005533e-11
21150.0 2.993671e-11
21160.0 2.981674e-11
21170.0 2.969566e-11
21180.0 2.957370e-11
21190.0 2.945109e-11
21200.0 2.932806e-11
21210.0 2.920481e-11
21220.0 2.908157e-11
21230.0 2.895854e-11
21240.0 2.883591e-11
21250.0 2.871387e-11
21260.0 2.859260e-11
21270.0 2.847227e-11
21280.0 2.835303e-11
21290.0 2.823503e-11
21300.0 2.811840e-11
21310.0 2.800328e-11
21320.0 2.788977e-11
21330.0 2.777798e-11
21340.0 2.766800e-11
21350.0 2.755990e-11
21360.0 2.745375e-11
21370.0 2.734961e-11
21380.0 2.724752e-11
21390.0 2.714752e-11
21400.0 2.704963e-11
21410.0 2.695387e-11
21420.0 2.686024e-11
21430.0 2.676874e-11
21440.0 2.667935e-11
21450.0 2.659206e-11
21460.0 2.650684e-11
21470.0 2.642366e-11
21480.0 2.634247e-11
21490.0 2.626325e-11
21500.0 2.618594e-11
21510.0 2.611050e-11
21520.0 2.603686e-11
21530.0 2.596498e-11
21540.0 2.589481e-11
21550.0 2.582628e-11
21560.0 2.575934e-11
21570.0 2.569394e-11
21580.0 2.563000e-11
21590.0 2.556749e-11
21600.0 2.550634e-11
21610.0 2.544649e-11
21620.0 2.538789e-11
21630.0 2.533049e-11
21640.0 2.527422e-11
21650.0 2.521904e-11
21660.0 2.516489e-11
21670.0 2.511171e-11
21680.0 2.505945e-11
21690.0 2.500804e-11
21700.0 2.495743e-11
21710.0 2.490756e-11
21720.0 2.485837e-11
21730.0 2.480979e-11
21740.0 2.476177e-11
21750.0 2.471422e-11
21760.0 2.466709e-11
21770.0 2.462031e-11
21780.0 2.457381e-11
21790.0 2.452751e-11
21800.0 2.448135e-11
21810.0 2.443524e-11
21820.0 2.438912e-11
21830.0 2.434292e-11
21840.0 2.429656e-11
21850.0 2.424997e-11
21860.0 2.420308e-11
21870.0 2.415583e-11
21880.0 2.410815e-11
21890.0 2.405997e-11
21900.0 2.401124e-11
21910.0 2.396189e-11
21920.0 2.391189e-11
21930.0 2.386117e-11
21940.0 2.380970e-11
21950.0 2.375743e-11
21960.0 2.370433e-11
21970.0 2.365038e-11
21980.0 2.359554e-11
21990.0 2.353980e-11
22000.0 2.348315e-11
22010.0 2.342557e-11
22020.0 2.336707e-11
22030.0 2.330764e-11
22040.0 2.324729e-11
22050.0 2.318603e-11
22060.0 2.312388e-11
22070.0 2.306085e-11
22080.0 2.299696e-11
22090.0 2.293225e-11
22100.0 2.286673e-11
22110.0 2.280043e-11
22120.0 2.273338e-11
22130.0 2.266562e-11
22140.0 2.259717e-11
22150.0 2.252807e-11
22160.0 2.245835e-11
22170.0 2.238804e-11
22180.0 2.231717e-11
22190.0 2.224577e-11
22200.0 2.217387e-11
22210.0 2.210149e-11
22220.0 2.202867e-11
22230.0 2.195541e-11
22240.0 2.188175e-11
22250.0 2.180770e-11
22260.0 2.173328e-11
22270.0 2.165851e-11
22280.0 2.158339e-11
22290.0 2.150795e-11
22300.0 2.143217e-11
22310.0 2.135607e-11
22320.0 2.127966e-11
22330.0 2.120293e-11
22340.0 2.112588e-11
22350.0 2.104850e-11
22360.0 2.097079e-11
22370.0 2.089275e-11
22380.0 2.081435e-11
22390.0 2.073558e-11
22400.0 2.065643e-11
22410.0 2.057689e-11
22420.0 2.049694e-11
22430.0 2.041656e-11
22440.0 2.033575e-11
22450.0 2.025447e-11
22460.0 2.017273e-11
22470.0 2.009052e-11
22480.0 2.000783e-11
22490.0 1.992465e-11
22500.0 1.984101e-11
22510.0 1.975689e-11
22520.0 1.967233e-11
22530.0 1.958734e-11
22540.0 1.950196e-11
22550.0 1.941623e-11
22560.0 1.933019e-11
22570.0 1.924390e-11
22580.0 1.915742e-11
22590.0 1.907083e-11
22600.0 1.898420e-11
22610.0 1.889762e-11
22620.0 1.881119e-11
22630.0 1.872501e-11
22640.0 1.863917e-11
22650.0 1.855379e-11
22660.0 1.846897e-11
22670.0 1.838482e-11
22680.0 1.830147e-11
22690.0 1.821902e-11
22700.0 1.813758e-11
22710.0 1.805726e-11
22720.0 1.797816e-11
22730.0 1.790038e-11
22740.0 1.782402e-11
22750.0 1.774916e-11
22760.0 1.767590e-11
22770.0 1.760430e-11
22780.0 1.753444e-11
22790.0 1.746639e-11
22800.0 1.740022e-11
22810.0 1.733598e-11
22820.0 1.727373e-11
22830.0 1.721354e-11
22840.0 1.715545e-11
22850.0 1.709952e-11
22860.0 1.704583e-11
22870.0 1.699442e-11
22880.0 1.694538e-11
22890.0 1.689876e-11
22900.0 1.685466e-11
22910.0 1.681316e-11
22920.0 1.677433e-11
22930.0 1.673827e-11
22940.0 1.670506e-11
22950.0 1.667479e-11
22960.0 1.664754e-11
22970.0 1.662337e-11
22980.0 1.660235e-11
22990.0 1.658450e-11
23000.0 1.656986e-11
23010.0 1.655840e-11
23020.0 1.655010e-11
23030.0 1.654488e-11
23040.0 1.654266e-11
23050.0 1.654331e-11
23060.0 1.654666e-11
23070.0 1.655252e-11
23080.0 1.656068e-11
23090.0 1.657089e-11
23100.0 1.658289e-11
23110.0 1.659640e-11
23120.0 1.661114e-11
23130.0 1.662682e-11
23140.0 1.664314e-11
23150.0 1.665982e-11
23160.0 1.667658e-11
23170.0 1.669316e-11
23180.0 1.670931e-11
23190.0 1.672480e-11
23200.0 1.673940e-11
23210.0 1.675291e-11
23220.0 1.676516e-11
23230.0 1.677596e-11
23240.0 1.678515e-11
23250.0 1.679259e-11
23260.0 1.679814e-11
23270.0 1.680165e-11
23280.0 1.680302e-11
23290.0 1.680211e-11
23300.0 1.679881e-11
23310.0 1.679303e-11
23320.0 1.678467e-11
23330.0 1.677365e-11
23340.0 1.675991e-11
23350.0 1.674340e-11
23360.0 1.672410e-11
23370.0 1.670200e-11
23380.0 1.667712e-11
23390.0 1.664951e-11
23400.0 1.661925e-11
23410.0 1.658643e-11
23420.0 1.655119e-11
23430.0 1.651366e-11
23440.0 1.647405e-11
23450.0 1.643252e-11
23460.0 1.638931e-11
23470.0 1.634464e-11
23480.0 1.629875e-11
23490.0 1.625189e-11
23500.0 1.620430e-11
23510.0 1.615624e-11
23520.0 1.610797e-11
23530.0 1.605972e-11
23540.0 1.601175e-11
23550.0 1.596431e-11
23560.0 1.591765e-11
23570.0 1.587201e-11
23580.0 1.582765e-11
23590.0 1.578485e-11
23600.0 1.574390e-11
23610.0 1.570510e-11
23620.0 1.566880e-11
23630.0 1.563536e-11
23640.0 1.560519e-11
23650.0 1.557873e-11
23660.0 1.555644e-11
23670.0 1.553883e-11
23680.0 1.552644e-11
23690.0 1.551979e-11
23700.0 1.551943e-11
23710.0 1.552592e-11
23720.0 1.553976e-11
23730.0 1.556145e-11
23740.0 1.559140e-11
23750.0 1.562998e-11
23760.0 1.567749e-11
23770.0 1.573410e-11
23780.0 1.579992e-11
23790.0 1.587495e-11
23800.0 1.595908e-11
23810.0 1.605211e-11
23820.0 1.615375e-11
23830.0 1.626394e-11
23840.0 1.638210e-11
23850.0 1.650759e-11
23860.0 1.663990e-11
23870.0 1.677848e-11
23880.0 1.692275e-11
23890.0 1.707218e-11
23900.0 1.722620e-11
23910.0 1.738428e-11
23920.0 1.754589e-11
23930.0 1.771051e-11
23940.0 1.787763e-11
23950.0 1.804675e-11
23960.0 1.821736e-11
23970.0 1.838893e-11
23980.0 1.856092e-11
23990.0 1.873277e-11
24000.0 1.890391e-11
24010.0 1.907372e-11
24020.0 1.924158e-11
24030.0 1.940687e-11
24040.0 1.956895e-11
24050.0 1.972721e-11
24060.0 1.988106e-11
24070.0 2.002993e-11
24080.0 2.017334e-11
24090.0 2.031084e-11
24100.0 2.044209e-11
24110.0 2.056679e-11
24120.0 2.068476e-11
24130.0 2.079592e-11
24140.0 2.090025e-11
24150.0 2.099783e-11
24160.0 2.108884e-11
24170.0 2.117351e-11
24180.0 2.125213e-11
24190.0 2.132507e-11
24200.0 2.139271e-11
24210.0 2.145547e-11
24220.0 2.151379e-11
24230.0 2.156813e-11
24240.0 2.161891e-11
24250.0 2.166659e-11
24260.0 2.171158e-11
24270.0 2.175428e-11
24280.0 2.179507e-11
24290.0 2.183431e-11
24300.0 2.187231e-11
24310.0 2.190939e-11
24320.0 2.194580e-11
24330.0 2.198181e-11
24340.0 2.201763e-11
24350.0 2.205346e-11
24360.0 2.208948e-11
24370.0 2.212585e-11
24380.0 2.216270e-11
24390.0 2.220015e-11
24400.0 2.223830e-11
24410.0 2.227721e-11
24420.0 2.231695e-11
24430.0 2.235755e-11
24440.0 2.239901e-11
24450.0 2.244134e-11
24460.0 2.248450e-11
24470.0 2.252845e-11
24480.0 2.257312e-11
24490.0 2.261841e-11
24500.0 2.266425e-11
24510.0 2.271050e-11
24520.0 2.275707e-11
24530.0 2.280381e-11
24540.0 2.285061e-11
24550.0 2.289735e-11
24560.0 2.294391e-11
24570.0 2.299021e-11
24580.0 2.303616e-11
24590.0 2.308171e-11
24600.0 2.312684e-11
24610.0 2.317156e-11
24620.0 2.321591e-11
24630.0 2.325997e-11
24640.0 2.330385e-11
24650.0 2.334772e-11
24660.0 2.339177e-11
24670.0 2.343623e-11
24680.0 2.348136e-11
24690.0 2.352745e-11
24700.0 2.357481e-11
24710.0 2.362376e-11
24720.0 2.367462e-11
24730.0 2.372770e-11
24740.0 2.378330e-11
24750.0 2.384166e-11
24760.0 2.390300e-11
24770.0 2.396746e-11
24780.0 2.403509e-11
24790.0 2.410587e-11
24800.0 2.417968e-11
24810.0 2.425628e-11
24820.0 2.433533e-11
24830.0 2.441639e-11
24840.0 2.449892e-11
24850.0 2.458232e-11
24860.0 2.466591e-11
24870.0 2.474902e-11
24880.0 2.483097e-11
24890.0 2.491111e-11
24900.0 2.498885e-11
24910.0 2.506368e-11
24920.0 2.513519e-11
24930.0 2.520307e-11
24940.0 2.526709e-11
24950.0 2.532714e-11
24960.0 2.538319e-11
24970.0 2.543527e-11
24980.0 2.548349e-11
24990.0 2.552799e-11
25000.0 2.556896e-11
