1000.0 1.592755e-13
1010.0 1.929832e-13
1020.0 2.345835e-13
1030.0 2.856727e-13
1040.0 3.482336e-13
1050.0 4.245314e-13
1060.0 5.170946e-13
1070.0 6.286698e-13
1080.0 7.621476e-13
1090.0 9.204595e-13
1100.0 1.106450e-12
1110.0 1.322732e-12
1120.0 1.571538e-12
1130.0 1.854582e-12
1140.0 2.172937e-12
1150.0 2.526942e-12
1160.0 2.916138e-12
1170.0 3.339239e-12
1180.0 3.794126e-12
1190.0 4.277872e-12
1200.0 4.786793e-12
1210.0 5.316520e-12
1220.0 5.862095e-12
1230.0 6.418094e-12
1240.0 6.978764e-12
1250.0 7.538173e-12
1260.0 8.090370e-12
1270.0 8.629551e-12
1280.0 9.150207e-12
1290.0 9.647269e-12
1300.0 1.011623e-11
1310.0 1.055325e-11
1320.0 1.095521e-11
1330.0 1.131980e-11
1340.0 1.164550e-11
1350.0 1.193160e-11
1360.0 1.217819e-11
1370.0 1.238609e-11
1380.0 1.255682e-11
1390.0 1.269252e-11
1400.0 1.279587e-11
1410.0 1.287000e-11
1420.0 1.291841e-11
1430.0 1.294486e-11
1440.0 1.295330e-11
1450.0 1.294773e-11
1460.0 1.293215e-11
1470.0 1.291046e-11
1480.0 1.288636e-11
1490.0 1.286335e-11
1500.0 1.284460e-11
1510.0 1.283298e-11
1520.0 1.283099e-11
1530.0 1.284079e-11
1540.0 1.286419e-11
1550.0 1.290268e-11
1560.0 1.295743e-11
1570.0 1.302937e-11
1580.0 1.311920e-11
1590.0 1.322743e-11
1600.0 1.335441e-11
1610.0 1.350039e-11
1620.0 1.366552e-11
1630.0 1.384988e-11
1640.0 1.405349e-11
1650.0 1.427634e-11
1660.0 1.451832e-11
1670.0 1.477928e-11
1680.0 1.505894e-11
1690.0 1.535686e-11
1700.0 1.567235e-11
1710.0 1.600435e-11
1720.0 1.635129e-11
1730.0 1.671091e-11
1740.0 1.708008e-11
1750.0 1.745458e-11
1760.0 1.782903e-11
1770.0 1.819677e-11
1780.0 1.855003e-11
1790.0 1.888025e-11
1800.0 1.917864e-11
1810.0 1.943704e-11
1820.0 1.964892e-11
1830.0 1.981055e-11
1840.0 1.992208e-11
1850.0 1.998835e-11
1860.0 2.001934e-11
1870.0 2.002996e-11
1880.0 2.003921e-11
1890.0 2.006878e-11
1900.0 2.014110e-11
1910.0 2.027733e-11
1920.0 2.049536e-11
1930.0 2.080826e-11
1940.0 2.122331e-11
1950.0 2.174184e-11
1960.0 2.235966e-11
1970.0 2.306805e-11
1980.0 2.385504e-11
1990.0 2.470671e-11
2000.0 2.560823e-11
2010.0 2.654460e-11
2020.0 2.750089e-11
2030.0 2.846220e-11
2040.0 2.941323e-11
2050.0 3.033796e-11
2060.0 3.121923e-11
2070.0 3.203865e-11
2080.0 3.277683e-11
2090.0 3.341399e-11
2100.0 3.393094e-11
2110.0 3.431039e-11
2120.0 3.453846e-11
2130.0 3.460635e-11
2140.0 3.451180e-11
2150.0 3.426035e-11
2160.0 3.386604e-11
2170.0 3.335142e-11
2180.0 3.274679e-11
2190.0 3.208853e-11
2200.0 3.141676e-11
2210.0 3.077247e-11
2220.0 3.019441e-11
2230.0 2.971627e-11
2240.0 2.936421e-11
2250.0 2.915527e-11
2260.0 2.909665e-11
2270.0 2.918590e-11
2280.0 2.941185e-11
2290.0 2.975619e-11
2300.0 3.019535e-11
2310.0 3.070246e-11
2320.0 3.124931e-11
2330.0 3.180809e-11
2340.0 3.235294e-11
2350.0 3.286140e-11
2360.0 3.331556e-11
2370.0 3.370321e-11
2380.0 3.401877e-11
2390.0 3.426389e-11
2400.0 3.444763e-11
2410.0 3.458603e-11
2420.0 3.470073e-11
2430.0 3.481687e-11
2440.0 3.495995e-11
2450.0 3.515237e-11
2460.0 3.540965e-11
2470.0 3.573732e-11
2480.0 3.612881e-11
2490.0 3.656498e-11
2500.0 3.701563e-11
2510.0 3.744280e-11
2520.0 3.780563e-11
2530.0 3.806591e-11
2540.0 3.819339e-11
2550.0 3.817005e-11
2560.0 3.799237e-11
2570.0 3.767145e-11
2580.0 3.723101e-11
2590.0 3.670375e-11
2600.0 3.612700e-11
2610.0 3.553829e-11
2620.0 3.497171e-11
2630.0 3.445533e-11
2640.0 3.400986e-11
2650.0 3.365501e-11
2660.0 3.374149e-11
2670.0 3.755550e-11
2680.0 4.837919e-11
2690.0 5.884755e-11
2700.0 6.327677e-11
2710.0 6.418789e-11
2720.0 6.795679e-11
2730.0 7.344385e-11
2740.0 7.910774e-11
2750.0 8.410267e-11
2760.0 8.594336e-11
2770.0 8.671524e-11
2780.0 8.752020e-11
2790.0 8.684389e-11
2800.0 8.836138e-11
2810.0 9.279249e-11
2820.0 9.478832e-11
2830.0 9.287509e-11
2840.0 9.120044e-11
2850.0 9.682971e-11
2860.0 1.144627e-10
2870.0 1.380609e-10
2880.0 1.554534e-10
2890.0 1.619258e-10
2900.0 1.678920e-10
2910.0 1.800848e-10
2920.0 1.909898e-10
2930.0 1.926810e-10
2940.0 1.861385e-10
2950.0 1.774705e-10
2960.0 1.722882e-10
2970.0 1.712718e-10
2980.0 1.724065e-10
2990.0 1.694984e-10
3000.0 1.556652e-10
3010.0 1.384219e-10
3020.0 1.274711e-10
3030.0 1.215239e-10
3040.0 1.193687e-10
3050.0 1.262704e-10
3060.0 1.411603e-10
3070.0 1.502580e-10
3080.0 1.507296e-10
3090.0 1.516621e-10
3100.0 1.558170e-10
3110.0 1.618401e-10
3120.0 1.695349e-10
3130.0 1.795843e-10
3140.0 1.895417e-10
3150.0 1.941284e-10
3160.0 1.916532e-10
3170.0 1.834402e-10
3180.0 1.729003e-10
3190.0 1.699427e-10
3200.0 1.829559e-10
3210.0 2.039774e-10
3220.0 2.129856e-10
3230.0 2.021282e-10
3240.0 1.844843e-10
3250.0 1.741633e-10
3260.0 1.744062e-10
3270.0 1.798634e-10
3280.0 1.817863e-10
3290.0 1.767611e-10
3300.0 1.727283e-10
3310.0 1.781478e-10
3320.0 1.867945e-10
3330.0 1.930481e-10
3340.0 1.983057e-10
3350.0 2.038188e-10
3360.0 2.090930e-10
3370.0 2.156069e-10
3380.0 2.259570e-10
3390.0 2.380880e-10
3400.0 2.484144e-10
3410.0 2.562199e-10
3420.0 2.618286e-10
3430.0 2.643917e-10
3440.0 2.646927e-10
3450.0 2.669030e-10
3460.0 2.747210e-10
3470.0 2.882059e-10
3480.0 3.059948e-10
3490.0 3.278040e-10
3500.0 3.514544e-10
3510.0 3.759175e-10
3520.0 4.019993e-10
3530.0 4.264800e-10
3540.0 4.450364e-10
3550.0 4.578488e-10
3560.0 4.670278e-10
3570.0 4.736996e-10
3580.0 4.787743e-10
3590.0 4.836054e-10
3600.0 4.888227e-10
3610.0 4.943512e-10
3620.0 5.028418e-10
3630.0 5.186733e-10
3640.0 5.423337e-10
3650.0 5.704099e-10
3660.0 5.974899e-10
3670.0 6.165480e-10
3680.0 6.208518e-10
3690.0 6.076485e-10
3700.0 5.800623e-10
3710.0 5.450449e-10
3720.0 5.094133e-10
3730.0 4.764477e-10
3740.0 4.453665e-10
3750.0 4.148127e-10
3760.0 3.862748e-10
3770.0 3.635935e-10
3780.0 3.509093e-10
3790.0 3.520699e-10
3800.0 3.703128e-10
3810.0 4.073067e-10
3820.0 4.624879e-10
3830.0 5.330194e-10
3840.0 6.144985e-10
3850.0 7.022406e-10
3860.0 7.917691e-10
3870.0 8.783924e-10
3880.0 9.578416e-10
3890.0 1.027906e-09
3900.0 1.088729e-09
3910.0 1.141634e-09
3920.0 1.188345e-09
3930.0 1.230327e-09
3940.0 1.265868e-09
3950.0 1.288068e-09
3960.0 1.288723e-09
3970.0 1.264748e-09
3980.0 1.219874e-09
3990.0 1.161917e-09
4000.0 1.100132e-09
4010.0 1.043404e-09
4020.0 9.979761e-10
4030.0 9.653640e-10
4040.0 9.424675e-10
4050.0 9.242309e-10
4060.0 9.066381e-10
4070.0 8.880397e-10
4080.0 8.689168e-10
4090.0 8.508784e-10
4100.0 8.354931e-10
4110.0 8.238082e-10
4120.0 8.166205e-10
4130.0 8.147391e-10
4140.0 8.187676e-10
4150.0 8.286126e-10
4160.0 8.430219e-10
4170.0 8.593728e-10
4180.0 8.743045e-10
4190.0 8.852809e-10
4200.0 8.915632e-10
4210.0 8.936855e-10
4220.0 8.928279e-10
4230.0 8.909931e-10
4240.0 8.909091e-10
4250.0 8.949357e-10
4260.0 9.039116e-10
4270.0 9.168694e-10
4280.0 9.313373e-10
4290.0 9.436566e-10
4300.0 9.494676e-10
4310.0 9.446369e-10
4320.0 9.264520e-10
4330.0 8.946722e-10
4340.0 8.517920e-10
4350.0 8.021568e-10
4360.0 7.506159e-10
4370.0 7.015934e-10
4380.0 6.585831e-10
4390.0 6.238207e-10
4400.0 5.983339e-10
4410.0 5.824487e-10
4420.0 5.762662e-10
4430.0 5.796451e-10
4440.0 5.919333e-10
4450.0 6.121504e-10
4460.0 6.397814e-10
4470.0 6.754304e-10
4480.0 7.207691e-10
4490.0 7.780241e-10
4500.0 8.493217e-10
4510.0 9.358245e-10
4520.0 1.036739e-09
4530.0 1.148726e-09
4540.0 1.266117e-09
4550.0 1.381885e-09
4560.0 1.489285e-09
4570.0 1.583752e-09
4580.0 1.663655e-09
4590.0 1.728615e-09
4600.0 1.776425e-09
4610.0 1.801420e-09
4620.0 1.795964e-09
4630.0 1.753707e-09
4640.0 1.672580e-09
4650.0 1.557468e-09
4660.0 1.421829e-09
4670.0 1.283425e-09
4680.0 1.155912e-09
4690.0 1.045794e-09
4700.0 9.551533e-10
4710.0 8.843878e-10
4720.0 8.334017e-10
4730.0 8.018284e-10
4740.0 7.887858e-10
4750.0 7.926154e-10
4760.0 8.106243e-10
4770.0 8.387990e-10
4780.0 8.719210e-10
4790.0 9.044845e-10
4800.0 9.321310e-10
4810.0 9.529145e-10
4820.0 9.678834e-10
4830.0 9.808618e-10
4840.0 9.974098e-10
4850.0 1.023072e-09
4860.0 1.061552e-09
4870.0 1.113573e-09
4880.0 1.176593e-09
4890.0 1.245062e-09
4900.0 1.310940e-09
4910.0 1.364739e-09
4920.0 1.397570e-09
4930.0 1.403722e-09
4940.0 1.382329e-09
4950.0 1.337208e-09
4960.0 1.275310e-09
4970.0 1.204779e-09
4980.0 1.133178e-09
4990.0 1.066162e-09
5000.0 1.006905e-09
5010.0 9.564566e-10
5020.0 9.145814e-10
5030.0 8.804248e-10
5040.0 8.527862e-10
5050.0 8.302958e-10
5060.0 8.117043e-10
5070.0 7.962071e-10
5080.0 7.836813e-10
5090.0 7.747281e-10
5100.0 7.704307e-10
5110.0 7.719136e-10
5120.0 7.799961e-10
5130.0 7.951584e-10
5140.0 8.177521e-10
5150.0 8.481970e-10
5160.0 8.869822e-10
5170.0 9.344422e-10
5180.0 9.903669e-10
5190.0 1.053593e-09
5200.0 1.121855e-09
5210.0 1.192156e-09
5220.0 1.261670e-09
5230.0 1.328556e-09
5240.0 1.391921e-09
5250.0 1.450928e-09
5260.0 1.503843e-09
5270.0 1.547935e-09
5280.0 1.580336e-09
5290.0 1.599335e-09
5300.0 1.605349e-09
5310.0 1.601200e-09
5320.0 1.591675e-09
5330.0 1.582594e-09
5340.0 1.579658e-09
5350.0 1.587293e-09
5360.0 1.607711e-09
5370.0 1.640444e-09
5380.0 1.682660e-09
5390.0 1.730185e-09
5400.0 1.778795e-09
5410.0 1.825210e-09
5420.0 1.867254e-09
5430.0 1.903528e-09
5440.0 1.933093e-09
5450.0 1.955437e-09
5460.0 1.970557e-09
5470.0 1.979009e-09
5480.0 1.981861e-09
5490.0 1.980392e-09
5500.0 1.975205e-09
5510.0 1.965448e-09
5520.0 1.949612e-09
5530.0 1.927175e-09
5540.0 1.898615e-09
5550.0 1.864064e-09
5560.0 1.823094e-09
5570.0 1.775781e-09
5580.0 1.723171e-09
5590.0 1.666683e-09
5600.0 1.607542e-09
5610.0 1.546642e-09
5620.0 1.484799e-09
5630.0 1.423002e-09
5640.0 1.362472e-09
5650.0 1.304581e-09
5660.0 1.250811e-09
5670.0 1.202818e-09
5680.0 1.162530e-09
5690.0 1.132081e-09
5700.0 1.113479e-09
5710.0 1.108085e-09
5720.0 1.116140e-09
5730.0 1.136601e-09
5740.0 1.167457e-09
5750.0 1.206385e-09
5760.0 1.251409e-09
5770.0 1.301146e-09
5780.0 1.354540e-09
5790.0 1.410280e-09
5800.0 1.466339e-09
5810.0 1.519941e-09
5820.0 1.567972e-09
5830.0 1.607531e-09
5840.0 1.636300e-09
5850.0 1.652660e-09
5860.0 1.655773e-09
5870.0 1.645714e-09
5880.0 1.623453e-09
5890.0 1.590461e-09
5900.0 1.548133e-09
5910.0 1.497636e-09
5920.0 1.440437e-09
5930.0 1.379046e-09
5940.0 1.317180e-09
5950.0 1.258973e-09
5960.0 1.207696e-09
5970.0 1.164771e-09
5980.0 1.129622e-09
5990.0 1.100349e-09
6000.0 1.074840e-09
6010.0 1.051761e-09
6020.0 1.030996e-09
6030.0 1.013323e-09
6040.0 9.995213e-10
6050.0 9.894059e-10
6060.0 9.813530e-10
6070.0 9.725893e-10
6080.0 9.601422e-10
6090.0 9.419699e-10
6100.0 9.177756e-10
6110.0 8.892130e-10
6120.0 8.594842e-10
6130.0 8.325210e-10
6140.0 8.119997e-10
6150.0 8.004307e-10
6160.0 7.985568e-10
6170.0 8.052523e-10
6180.0 8.179752e-10
6190.0 8.336132e-10
6200.0 8.494176e-10
6210.0 8.637188e-10
6220.0 8.762316e-10
6230.0 8.879096e-10
6240.0 9.004528e-10
6250.0 9.156774e-10
6260.0 9.349983e-10
6270.0 9.591960e-10
6280.0 9.884537e-10
6290.0 1.022478e-09
6300.0 1.060531e-09
6310.0 1.101436e-09
6320.0 1.143753e-09
6330.0 1.186113e-09
6340.0 1.227470e-09
6350.0 1.267149e-09
6360.0 1.304750e-09
6370.0 1.340040e-09
6380.0 1.372844e-09
6390.0 1.402990e-09
6400.0 1.430305e-09
6410.0 1.454662e-09
6420.0 1.476014e-09
6430.0 1.494390e-09
6440.0 1.509862e-09
6450.0 1.522518e-09
6460.0 1.532447e-09
6470.0 1.539716e-09
6480.0 1.544301e-09
6490.0 1.546001e-09
6500.0 1.544397e-09
6510.0 1.538931e-09
6520.0 1.529065e-09
6530.0 1.514444e-09
6540.0 1.494972e-09
6550.0 1.470798e-09
6560.0 1.442237e-09
6570.0 1.409684e-09
6580.0 1.373590e-09
6590.0 1.334458e-09
6600.0 1.292842e-09
6610.0 1.249354e-09
6620.0 1.204646e-09
6630.0 1.159397e-09
6640.0 1.114284e-09
6650.0 1.069949e-09
6660.0 1.026972e-09
6670.0 9.858439e-10
6680.0 9.469656e-10
6690.0 9.106564e-10
6700.0 8.771595e-10
6710.0 8.466235e-10
6720.0 8.190613e-10
6730.0 7.943265e-10
6740.0 7.721460e-10
6750.0 7.522143e-10
6760.0 7.343111e-10
6770.0 7.183794e-10
6780.0 7.045233e-10
6790.0 6.929206e-10
6800.0 6.836900e-10
6810.0 6.767765e-10
6820.0 6.719101e-10
6830.0 6.686516e-10
6840.0 6.664882e-10
6850.0 6.649275e-10
6860.0 6.635486e-10
6870.0 6.620242e-10
6880.0 6.601215e-10
6890.0 6.576913e-10
6900.0 6.546536e-10
6910.0 6.509800e-10
6920.0 6.466749e-10
6930.0 6.417638e-10
6940.0 6.362974e-10
6950.0 6.303697e-10
6960.0 6.241356e-10
6970.0 6.178036e-10
6980.0 6.115960e-10
6990.0 6.056923e-10
7000.0 6.001932e-10
7010.0 5.951321e-10
7020.0 5.905301e-10
7030.0 5.864666e-10
7040.0 5.831280e-10
7050.0 5.808097e-10
7060.0 5.798651e-10
7070.0 5.806110e-10
7080.0 5.832190e-10
7090.0 5.876287e-10
7100.0 5.935212e-10
7110.0 6.003708e-10
7120.0 6.075620e-10
7130.0 6.145278e-10
7140.0 6.208593e-10
7150.0 6.263540e-10
7160.0 6.310034e-10
7170.0 6.349504e-10
7180.0 6.384333e-10
7190.0 6.417170e-10
7200.0 6.450158e-10
7210.0 6.484496e-10
7220.0 6.520683e-10
7230.0 6.559134e-10
7240.0 6.600463e-10
7250.0 6.645217e-10
7260.0 6.693499e-10
7270.0 6.744912e-10
7280.0 6.798812e-10
7290.0 6.854566e-10
7300.0 6.911603e-10
7310.0 6.969262e-10
7320.0 7.026564e-10
7330.0 7.082072e-10
7340.0 7.133907e-10
7350.0 7.179862e-10
7360.0 7.217523e-10
7370.0 7.244338e-10
7380.0 7.257657e-10
7390.0 7.254855e-10
7400.0 7.233604e-10
7410.0 7.192295e-10
7420.0 7.130491e-10
7430.0 7.049310e-10
7440.0 6.951620e-10
7450.0 6.841919e-10
7460.0 6.725976e-10
7470.0 6.610351e-10
7480.0 6.501901e-10
7490.0 6.407257e-10
7500.0 6.332166e-10
7510.0 6.280686e-10
7520.0 6.254526e-10
7530.0 6.253031e-10
7540.0 6.274042e-10
7550.0 6.315147e-10
7560.0 6.374320e-10
7570.0 6.449407e-10
7580.0 6.537065e-10
7590.0 6.632312e-10
7600.0 6.729154e-10
7610.0 6.821752e-10
7620.0 6.905341e-10
7630.0 6.976561e-10
7640.0 7.033391e-10
7650.0 7.074962e-10
7660.0 7.101399e-10
7670.0 7.113696e-10
7680.0 7.113557e-10
7690.0 7.103166e-10
7700.0 7.084884e-10
7710.0 7.060930e-10
7720.0 7.033052e-10
7730.0 7.002436e-10
7740.0 6.969829e-10
7750.0 6.935698e-10
7760.0 6.900426e-10
7770.0 6.864456e-10
7780.0 6.828304e-10
7790.0 6.792395e-10
7800.0 6.756787e-10
7810.0 6.720904e-10
7820.0 6.683440e-10
7830.0 6.642503e-10
7840.0 6.595943e-10
7850.0 6.541694e-10
7860.0 6.478009e-10
7870.0 6.403571e-10
7880.0 6.317538e-10
7890.0 6.219609e-10
7900.0 6.110134e-10
7910.0 5.990191e-10
7920.0 5.861529e-10
7930.0 5.726278e-10
7940.0 5.586479e-10
7950.0 5.443649e-10
7960.0 5.298691e-10
7970.0 5.152271e-10
7980.0 5.005365e-10
7990.0 4.859444e-10
8000.0 4.716082e-10
8010.0 4.576431e-10
8020.0 4.440744e-10
8030.0 4.308329e-10
8040.0 4.177823e-10
8050.0 4.047401e-10
8060.0 3.914883e-10
8070.0 3.777912e-10
8080.0 3.634303e-10
8090.0 3.482509e-10
8100.0 3.322041e-10
8110.0 3.153694e-10
8120.0 2.979506e-10
8130.0 2.802535e-10
8140.0 2.626552e-10
8150.0 2.455756e-10
8160.0 2.294546e-10
8170.0 2.147309e-10
8180.0 2.018186e-10
8190.0 1.910767e-10
8200.0 1.827732e-10
8210.0 1.770516e-10
8220.0 1.739080e-10
8230.0 1.731921e-10
8240.0 1.746345e-10
8250.0 1.778958e-10
8260.0 1.826231e-10
8270.0 1.884992e-10
8280.0 1.952728e-10
8290.0 2.027729e-10
8300.0 2.109116e-10
8310.0 2.196847e-10
8320.0 2.291719e-10
8330.0 2.395358e-10
8340.0 2.510138e-10
8350.0 2.639022e-10
8360.0 2.785264e-10
8370.0 2.951975e-10
8380.0 3.141578e-10
8390.0 3.355218e-10
8400.0 3.592247e-10
8410.0 3.849921e-10
8420.0 4.123801e-10
8430.0 4.408531e-10
8440.0 4.698806e-10
8450.0 4.990251e-10
8460.0 5.279877e-10
8470.0 5.565977e-10
8480.0 5.847588e-10
8490.0 6.123827e-10
8500.0 6.393464e-10
8510.0 6.654912e-10
8520.0 6.906552e-10
8530.0 7.147158e-10
8540.0 7.376156e-10
8550.0 7.593611e-10
8560.0 7.800005e-10
8570.0 7.995994e-10
8580.0 8.182303e-10
8590.0 8.359796e-10
8600.0 8.529599e-10
8610.0 8.693079e-10
8620.0 8.851574e-10
8630.0 9.005987e-10
8640.0 9.156460e-10
8650.0 9.302290e-10
8660.0 9.442073e-10
8670.0 9.573947e-10
8680.0 9.695806e-10
8690.0 9.805452e-10
8700.0 9.900721e-10
8710.0 9.979863e-10
8720.0 1.004155e-09
8730.0 1.008470e-09
8740.0 1.010862e-09
8750.0 1.011298e-09
8760.0 1.009793e-09
8770.0 1.006397e-09
8780.0 1.001190e-09
8790.0 9.942655e-10
8800.0 9.857153e-10
8810.0 9.756308e-10
8820.0 9.641086e-10
8830.0 9.512657e-10
8840.0 9.372535e-10
8850.0 9.222614e-10
8860.0 9.065088e-10
8870.0 8.902255e-10
8880.0 8.736298e-10
8890.0 8.569097e-10
8900.0 8.402125e-10
8910.0 8.236447e-10
8920.0 8.074637e-10
8930.0 7.915915e-10
8940.0 7.760020e-10
8950.0 7.607371e-10
8960.0 7.458532e-10
8970.0 7.314271e-10
8980.0 7.175543e-10
8990.0 7.043406e-10
9000.0 6.918860e-10
9010.0 6.802672e-10
9020.0 6.695217e-10
9030.0 6.596396e-10
9040.0 6.505611e-10
9050.0 6.421808e-10
9060.0 6.343599e-10
9070.0 6.269336e-10
9080.0 6.197163e-10
9090.0 6.125096e-10
9100.0 6.051146e-10
9110.0 5.973515e-10
9120.0 5.890843e-10
9130.0 5.802481e-10
9140.0 5.708741e-10
9150.0 5.611058e-10
9160.0 5.511963e-10
9170.0 5.414796e-10
9180.0 5.323137e-10
9190.0 5.240030e-10
9200.0 5.167210e-10
9210.0 5.104587e-10
9220.0 5.050183e-10
9230.0 5.000559e-10
9240.0 4.951606e-10
9250.0 4.899445e-10
9260.0 4.841261e-10
9270.0 4.776018e-10
9280.0 4.704949e-10
9290.0 4.631579e-10
9300.0 4.560923e-10
9310.0 4.497945e-10
9320.0 4.445905e-10
9330.0 4.405484e-10
9340.0 4.375061e-10
9350.0 4.351802e-10
9360.0 4.332827e-10
9370.0 4.315925e-10
9380.0 4.299717e-10
9390.0 4.283488e-10
9400.0 4.266931e-10
9410.0 4.249946e-10
9420.0 4.232522e-10
9430.0 4.214683e-10
9440.0 4.196472e-10
9450.0 4.177941e-10
9460.0 4.159157e-10
9470.0 4.140192e-10
9480.0 4.121131e-10
9490.0 4.102070e-10
9500.0 4.083113e-10
9510.0 4.064377e-10
9520.0 4.045986e-10
9530.0 4.028076e-10
9540.0 4.010789e-10
9550.0 3.994274e-10
9560.0 3.978681e-10
9570.0 3.964165e-10
9580.0 3.950872e-10
9590.0 3.938947e-10
9600.0 3.928518e-10
9610.0 3.919700e-10
9620.0 3.912591e-10
9630.0 3.907262e-10
9640.0 3.903762e-10
9650.0 3.902113e-10
9660.0 3.898764e-10
9670.0 3.895002e-10
9680.0 3.892411e-10
9690.0 3.890878e-10
9700.0 3.890268e-10
9710.0 3.890425e-10
9720.0 3.891180e-10
9730.0 3.892353e-10
9740.0 3.893757e-10
9750.0 3.895205e-10
9760.0 3.896516e-10
9770.0 3.897516e-10
9780.0 3.898044e-10
9790.0 3.897961e-10
9800.0 3.897144e-10
9810.0 3.895499e-10
9820.0 3.892956e-10
9830.0 3.889471e-10
9840.0 3.885027e-10
9850.0 3.879628e-10
9860.0 3.873300e-10
9870.0 3.866082e-10
9880.0 3.858023e-10
9890.0 3.849172e-10
9900.0 3.839576e-10
9910.0 3.829268e-10
9920.0 3.818266e-10
9930.0 3.806566e-10
9940.0 3.794142e-10
9950.0 3.780945e-10
9960.0 3.766903e-10
9970.0 3.751927e-10
9980.0 3.735917e-10
9990.0 3.718770e-10
10000.0 3.700384e-10
10010.0 3.680672e-10
10020.0 3.659567e-10
10030.0 3.637030e-10
10040.0 3.613054e-10
10050.0 3.587670e-10
10060.0 3.560947e-10
10070.0 3.532996e-10
10080.0 3.503968e-10
10090.0 3.474048e-10
10100.0 3.443457e-10
10110.0 3.412447e-10
10120.0 3.381295e-10
10130.0 3.350299e-10
10140.0 3.319775e-10
10150.0 3.290048e-10
10160.0 3.261452e-10
10170.0 3.234317e-10
10180.0 3.208968e-10
10190.0 3.185712e-10
10200.0 3.164835e-10
10210.0 3.146591e-10
10220.0 3.131194e-10
10230.0 3.118810e-10
10240.0 3.109553e-10
10250.0 3.103472e-10
10260.0 3.100557e-10
10270.0 3.100727e-10
10280.0 3.103836e-10
10290.0 3.109671e-10
10300.0 3.117960e-10
10310.0 3.128371e-10
10320.0 3.140525e-10
10330.0 3.154001e-10
10340.0 3.168346e-10
10350.0 3.183084e-10
10360.0 3.197727e-10
10370.0 3.211787e-10
10380.0 3.224788e-10
10390.0 3.236272e-10
10400.0 3.245818e-10
10410.0 3.253048e-10
10420.0 3.257636e-10
10430.0 3.259321e-10
10440.0 3.257909e-10
10450.0 3.253278e-10
10460.0 3.245383e-10
10470.0 3.234250e-10
10480.0 3.219975e-10
10490.0 3.202717e-10
10500.0 3.182687e-10
10510.0 3.160136e-10
10520.0 3.135348e-10
10530.0 3.108620e-10
10540.0 3.080256e-10
10550.0 3.050552e-10
10560.0 3.019789e-10
10570.0 2.988226e-10
10580.0 2.956093e-10
10590.0 2.923592e-10
10600.0 2.890895e-10
10610.0 2.858146e-10
10620.0 2.825465e-10
10630.0 2.792953e-10
10640.0 2.760694e-10
10650.0 2.728761e-10
10660.0 2.697218e-10
10670.0 2.666128e-10
10680.0 2.635549e-10
10690.0 2.605536e-10
10700.0 2.576146e-10
10710.0 2.547432e-10
10720.0 2.519444e-10
10730.0 2.492227e-10
10740.0 2.465821e-10
10750.0 2.440253e-10
10760.0 2.415544e-10
10770.0 2.391702e-10
10780.0 2.368719e-10
10790.0 2.346578e-10
10800.0 2.325246e-10
10810.0 2.304679e-10
10820.0 2.284818e-10
10830.0 2.265597e-10
10840.0 2.246936e-10
10850.0 2.228752e-10
10860.0 2.210955e-10
10870.0 2.193450e-10
10880.0 2.176143e-10
10890.0 2.158943e-10
10900.0 2.141758e-10
10910.0 2.124508e-10
10920.0 2.107118e-10
10930.0 2.089523e-10
10940.0 2.071673e-10
10950.0 2.053529e-10
10960.0 2.035068e-10
10970.0 2.016283e-10
10980.0 1.997180e-10
10990.0 1.977781e-10
11000.0 1.958119e-10
11010.0 1.938241e-10
11020.0 1.918197e-10
11030.0 1.898048e-10
11040.0 1.877855e-10
11050.0 1.857677e-10
11060.0 1.837570e-10
11070.0 1.817585e-10
11080.0 1.797764e-10
11090.0 1.778138e-10
11100.0 1.758729e-10
11110.0 1.739549e-10
11120.0 1.720599e-10
11130.0 1.701874e-10
11140.0 1.683361e-10
11150.0 1.665044e-10
11160.0 1.646907e-10
11170.0 1.628931e-10
11180.0 1.611103e-10
11190.0 1.593413e-10
11200.0 1.575856e-10
11210.0 1.558434e-10
11220.0 1.541158e-10
11230.0 1.524042e-10
11240.0 1.507107e-10
11250.0 1.490382e-10
11260.0 1.473897e-10
11270.0 1.457684e-10
11280.0 1.441778e-10
11290.0 1.426214e-10
11300.0 1.411022e-10
11310.0 1.396231e-10
11320.0 1.381866e-10
11330.0 1.367946e-10
11340.0 1.354482e-10
11350.0 1.341480e-10
11360.0 1.328940e-10
11370.0 1.316853e-10
11380.0 1.305203e-10
11390.0 1.293969e-10
11400.0 1.283122e-10
11410.0 1.272629e-10
11420.0 1.262449e-10
11430.0 1.252542e-10
11440.0 1.242860e-10
11450.0 1.233354e-10
11460.0 1.223974e-10
11470.0 1.214669e-10
11480.0 1.205388e-10
11490.0 1.196080e-10
11500.0 1.186696e-10
11510.0 1.177191e-10
11520.0 1.167519e-10
11530.0 1.157641e-10
11540.0 1.147520e-10
11550.0 1.137124e-10
11560.0 1.126425e-10
11570.0 1.115402e-10
11580.0 1.104036e-10
11590.0 1.092317e-10
11600.0 1.080241e-10
11610.0 1.067807e-10
11620.0 1.055023e-10
11630.0 1.041901e-10
11640.0 1.028461e-10
11650.0 1.014727e-10
11660.0 1.000729e-10
11670.0 9.865029e-11
11680.0 9.720872e-11
11690.0 9.575257e-11
11700.0 9.428647e-11
11710.0 9.281533e-11
11720.0 9.134416e-11
11730.0 8.987808e-11
11740.0 8.842213e-11
11750.0 8.698126e-11
11760.0 8.556021e-11
11770.0 8.416340e-11
11780.0 8.279492e-11
11790.0 8.145840e-11
11800.0 8.015698e-11
11810.0 7.889328e-11
11820.0 7.766935e-11
11830.0 7.648669e-11
11840.0 7.534621e-11
11850.0 7.424828e-11
11860.0 7.319274e-11
11870.0 7.217895e-11
11880.0 7.120582e-11
11890.0 7.027190e-11
11900.0 6.937543e-11
11910.0 6.851437e-11
11920.0 6.768654e-11
11930.0 6.688962e-11
11940.0 6.612124e-11
11950.0 6.537903e-11
11960.0 6.466071e-11
11970.0 6.396406e-11
11980.0 6.328703e-11
11990.0 6.262773e-11
12000.0 6.198444e-11
12010.0 6.135566e-11
12020.0 6.074011e-11
12030.0 6.013668e-11
12040.0 5.954450e-11
12050.0 5.896287e-11
12060.0 5.839128e-11
12070.0 5.782941e-11
12080.0 5.727706e-11
12090.0 5.673423e-11
12100.0 5.620104e-11
12110.0 5.567773e-11
12120.0 5.516471e-11
12130.0 5.466251e-11
12140.0 5.417180e-11
12150.0 5.369341e-11
12160.0 5.322832e-11
12170.0 5.277765e-11
12180.0 5.234272e-11
12190.0 5.192501e-11
12200.0 5.152616e-11
12210.0 5.114799e-11
12220.0 5.079247e-11
12230.0 5.046170e-11
12240.0 5.015788e-11
12250.0 4.988329e-11
12260.0 4.964023e-11
12270.0 4.943099e-11
12280.0 4.925777e-11
12290.0 4.912264e-11
12300.0 4.902749e-11
12310.0 4.897395e-11
12320.0 4.896335e-11
12330.0 4.899666e-11
12340.0 4.907446e-11
12350.0 4.919690e-11
12360.0 4.936368e-11
12370.0 4.957404e-11
12380.0 4.982676e-11
12390.0 5.012018e-11
12400.0 5.045221e-11
12410.0 5.082041e-11
12420.0 5.122197e-11
12430.0 5.165377e-11
12440.0 5.211250e-11
12450.0 5.259461e-11
12460.0 5.309643e-11
12470.0 5.361422e-11
12480.0 5.414419e-11
12490.0 5.468255e-11
12500.0 5.522561e-11
12510.0 5.576971e-11
12520.0 5.631137e-11
12530.0 5.684722e-11
12540.0 5.737408e-11
12550.0 5.788897e-11
12560.0 5.838910e-11
12570.0 5.887190e-11
12580.0 5.933506e-11
12590.0 5.977648e-11
12600.0 6.019429e-11
12610.0 6.058689e-11
12620.0 6.095289e-11
12630.0 6.129115e-11
12640.0 6.160075e-11
12650.0 6.188098e-11
12660.0 6.213136e-11
12670.0 6.235156e-11
12680.0 6.254148e-11
12690.0 6.270113e-11
12700.0 6.283071e-11
12710.0 6.293053e-11
12720.0 6.300102e-11
12730.0 6.304273e-11
12740.0 6.305630e-11
12750.0 6.304244e-11
12760.0 6.300197e-11
12770.0 6.293577e-11
12780.0 6.284479e-11
12790.0 6.273006e-11
12800.0 6.259266e-11
12810.0 6.243374e-11
12820.0 6.225451e-11
12830.0 6.205624e-11
12840.0 6.184023e-11
12850.0 6.160782e-11
12860.0 6.136037e-11
12870.0 6.109925e-11
12880.0 6.082582e-11
12890.0 6.054138e-11
12900.0 6.024722e-11
12910.0 5.994452e-11
12920.0 5.963437e-11
12930.0 5.931776e-11
12940.0 5.899554e-11
12950.0 5.866840e-11
12960.0 5.833690e-11
12970.0 5.800141e-11
12980.0 5.766216e-11
12990.0 5.731923e-11
13000.0 5.697254e-11
13010.0 5.662190e-11
13020.0 5.626703e-11
13030.0 5.590754e-11
13040.0 5.554305e-11
13050.0 5.517311e-11
13060.0 5.479736e-11
13070.0 5.441547e-11
13080.0 5.402720e-11
13090.0 5.363246e-11
13100.0 5.323132e-11
13110.0 5.282403e-11
13120.0 5.241104e-11
13130.0 5.199305e-11
13140.0 5.157096e-11
13150.0 5.114592e-11
13160.0 5.071929e-11
13170.0 5.029267e-11
13180.0 4.986786e-11
13190.0 4.944681e-11
13200.0 4.903164e-11
13210.0 4.862461e-11
13220.0 4.822803e-11
13230.0 4.784428e-11
13240.0 4.747572e-11
13250.0 4.712471e-11
13260.0 4.679349e-11
13270.0 4.648421e-11
13280.0 4.619881e-11
13290.0 4.593905e-11
13300.0 4.570639e-11
13310.0 4.550201e-11
13320.0 4.532673e-11
13330.0 4.518097e-11
13340.0 4.506475e-11
13350.0 4.497765e-11
13360.0 4.491876e-11
13370.0 4.488672e-11
13380.0 4.487967e-11
13390.0 4.489532e-11
13400.0 4.493093e-11
13410.0 4.498335e-11
13420.0 4.504910e-11
13430.0 4.512441e-11
13440.0 4.520530e-11
13450.0 4.528764e-11
13460.0 4.536728e-11
13470.0 4.544009e-11
13480.0 4.550209e-11
13490.0 4.554954e-11
13500.0 4.557898e-11
13510.0 4.558734e-11
13520.0 4.557201e-11
13530.0 4.553086e-11
13540.0 4.546227e-11
13550.0 4.536521e-11
13560.0 4.523917e-11
13570.0 4.508419e-11
13580.0 4.490083e-11
13590.0 4.469012e-11
13600.0 4.445353e-11
13610.0 4.419291e-11
13620.0 4.391042e-11
13630.0 4.360847e-11
13640.0 4.328967e-11
13650.0 4.295675e-11
13660.0 4.261250e-11
13670.0 4.225972e-11
13680.0 4.190116e-11
13690.0 4.153947e-11
13700.0 4.117719e-11
13710.0 4.081667e-11
13720.0 4.046006e-11
13730.0 4.010932e-11
13740.0 3.976615e-11
13750.0 3.943201e-11
13760.0 3.910812e-11
13770.0 3.879543e-11
13780.0 3.849467e-11
13790.0 3.820631e-11
13800.0 3.793060e-11
13810.0 3.766758e-11
13820.0 3.741710e-11
13830.0 3.717883e-11
13840.0 3.695231e-11
13850.0 3.673694e-11
13860.0 3.653204e-11
13870.0 3.633686e-11
13880.0 3.615059e-11
13890.0 3.597244e-11
13900.0 3.580160e-11
13910.0 3.563730e-11
13920.0 3.547882e-11
13930.0 3.532550e-11
13940.0 3.517678e-11
13950.0 3.503216e-11
13960.0 3.489126e-11
13970.0 3.475378e-11
13980.0 3.461951e-11
13990.0 3.448836e-11
14000.0 3.436028e-11
14010.0 3.423531e-11
14020.0 3.411356e-11
14030.0 3.399516e-11
14040.0 3.388029e-11
14050.0 3.376914e-11
14060.0 3.366191e-11
14070.0 3.355879e-11
14080.0 3.345993e-11
14090.0 3.336549e-11
14100.0 3.327557e-11
14110.0 3.319026e-11
14120.0 3.310960e-11
14130.0 3.303358e-11
14140.0 3.296220e-11
14150.0 3.289541e-11
14160.0 3.283316e-11
14170.0 3.277540e-11
14180.0 3.272208e-11
14190.0 3.267318e-11
14200.0 3.262869e-11
14210.0 3.258863e-11
14220.0 3.255309e-11
14230.0 3.252216e-11
14240.0 3.249601e-11
14250.0 3.247483e-11
14260.0 3.245886e-11
14270.0 3.244834e-11
14280.0 3.244356e-11
14290.0 3.244479e-11
14300.0 3.245230e-11
14310.0 3.246634e-11
14320.0 3.248709e-11
14330.0 3.251470e-11
14340.0 3.254924e-11
14350.0 3.259070e-11
14360.0 3.263895e-11
14370.0 3.269378e-11
14380.0 3.275487e-11
14390.0 3.282179e-11
14400.0 3.289399e-11
14410.0 3.297084e-11
14420.0 3.305162e-11
14430.0 3.313553e-11
14440.0 3.322174e-11
14450.0 3.330935e-11
14460.0 3.339748e-11
14470.0 3.348527e-11
14480.0 3.357187e-11
14490.0 3.365652e-11
14500.0 3.373854e-11
14510.0 3.381737e-11
14520.0 3.389257e-11
14530.0 3.396384e-11
14540.0 3.403105e-11
14550.0 3.409424e-11
14560.0 3.415361e-11
14570.0 3.420952e-11
14580.0 3.426251e-11
14590.0 3.431326e-11
14600.0 3.436258e-11
14610.0 3.441141e-11
14620.0 3.446078e-11
14630.0 3.451180e-11
14640.0 3.456563e-11
14650.0 3.462346e-11
14660.0 3.468648e-11
14670.0 3.475588e-11
14680.0 3.483280e-11
14690.0 3.491832e-11
14700.0 3.501347e-11
14710.0 3.511918e-11
14720.0 3.523632e-11
14730.0 3.536564e-11
14740.0 3.550781e-11
14750.0 3.566340e-11
14760.0 3.583291e-11
14770.0 3.601672e-11
14780.0 3.621518e-11
14790.0 3.642854e-11
14800.0 3.665699e-11
14810.0 3.690069e-11
14820.0 3.715975e-11
14830.0 3.743425e-11
14840.0 3.772423e-11
14850.0 3.802973e-11
14860.0 3.835076e-11
14870.0 3.868731e-11
14880.0 3.903938e-11
14890.0 3.940692e-11
14900.0 3.978990e-11
14910.0 4.018826e-11
14920.0 4.060190e-11
14930.0 4.103073e-11
14940.0 4.147459e-11
14950.0 4.193331e-11
14960.0 4.240668e-11
14970.0 4.289443e-11
14980.0 4.339627e-11
14990.0 4.391183e-11
15000.0 4.444071e-11
15010.0 4.498244e-11
15020.0 4.553652e-11
15030.0 4.610236e-11
15040.0 4.667936e-11
15050.0 4.726682e-11
15060.0 4.786404e-11
15070.0 4.847024e-11
15080.0 4.908462e-11
15090.0 4.970633e-11
15100.0 5.033448e-11
15110.0 5.096816e-11
15120.0 5.160645e-11
15130.0 5.224840e-11
15140.0 5.289304e-11
15150.0 5.353940e-11
15160.0 5.418651e-11
15170.0 5.483341e-11
15180.0 5.547916e-11
15190.0 5.612281e-11
15200.0 5.676346e-11
15210.0 5.740022e-11
15220.0 5.803222e-11
15230.0 5.865865e-11
15240.0 5.927872e-11
15250.0 5.989168e-11
15260.0 6.049680e-11
15270.0 6.109339e-11
15280.0 6.168082e-11
15290.0 6.225845e-11
15300.0 6.282569e-11
15310.0 6.338196e-11
15320.0 6.392671e-11
15330.0 6.445940e-11
15340.0 6.497950e-11
15350.0 6.548649e-11
15360.0 6.597988e-11
15370.0 6.645914e-11
15380.0 6.692381e-11
15390.0 6.737341e-11
15400.0 6.780747e-11
15410.0 6.822557e-11
15420.0 6.862731e-11
15430.0 6.901234e-11
15440.0 6.938033e-11
15450.0 6.973104e-11
15460.0 7.006426e-11
15470.0 7.037989e-11
15480.0 7.067788e-11
15490.0 7.095826e-11
15500.0 7.122117e-11
15510.0 7.146681e-11
15520.0 7.169548e-11
15530.0 7.190753e-11
15540.0 7.210342e-11
15550.0 7.228365e-11
15560.0 7.244877e-11
15570.0 7.259938e-11
15580.0 7.273611e-11
15590.0 7.285959e-11
15600.0 7.297048e-11
15610.0 7.306942e-11
15620.0 7.315703e-11
15630.0 7.323391e-11
15640.0 7.330063e-11
15650.0 7.335771e-11
15660.0 7.340567e-11
15670.0 7.344495e-11
15680.0 7.347598e-11
15690.0 7.349916e-11
15700.0 7.351486e-11
15710.0 7.352342e-11
15720.0 7.352520e-11
15730.0 7.352053e-11
15740.0 7.350975e-11
15750.0 7.349320e-11
15760.0 7.347124e-11
15770.0 7.344425e-11
15780.0 7.341261e-11
15790.0 7.337672e-11
15800.0 7.333700e-11
15810.0 7.329388e-11
15820.0 7.324780e-11
15830.0 7.319916e-11
15840.0 7.314841e-11
15850.0 7.309593e-11
15860.0 7.304212e-11
15870.0 7.298732e-11
15880.0 7.293184e-11
15890.0 7.287596e-11
15900.0 7.281988e-11
15910.0 7.276377e-11
15920.0 7.270774e-11
15930.0 7.265184e-11
15940.0 7.259604e-11
15950.0 7.254027e-11
15960.0 7.248441e-11
15970.0 7.242825e-11
15980.0 7.237153e-11
15990.0 7.231397e-11
16000.0 7.225520e-11
16010.0 7.219483e-11
16020.0 7.213241e-11
16030.0 7.206746e-11
16040.0 7.199948e-11
16050.0 7.192791e-11
16060.0 7.185221e-11
16070.0 7.177180e-11
16080.0 7.168608e-11
16090.0 7.159448e-11
16100.0 7.149639e-11
16110.0 7.139124e-11
16120.0 7.127846e-11
16130.0 7.115753e-11
16140.0 7.102793e-11
16150.0 7.088918e-11
16160.0 7.074086e-11
16170.0 7.058258e-11
16180.0 7.041404e-11
16190.0 7.023496e-11
16200.0 7.004515e-11
16210.0 6.984449e-11
16220.0 6.963291e-11
16230.0 6.941044e-11
16240.0 6.917716e-11
16250.0 6.893323e-11
16260.0 6.867887e-11
16270.0 6.841436e-11
16280.0 6.814005e-11
16290.0 6.785630e-11
16300.0 6.756356e-11
16310.0 6.726226e-11
16320.0 6.695289e-11
16330.0 6.663592e-11
16340.0 6.631184e-11
16350.0 6.598114e-11
16360.0 6.564430e-11
16370.0 6.530177e-11
16380.0 6.495400e-11
16390.0 6.460142e-11
16400.0 6.424445e-11
16410.0 6.388348e-11
16420.0 6.351891e-11
16430.0 6.315115e-11
16440.0 6.278060e-11
16450.0 6.240768e-11
16460.0 6.203288e-11
16470.0 6.165667e-11
16480.0 6.127962e-11
16490.0 6.090233e-11
16500.0 6.052550e-11
16510.0 6.014986e-11
16520.0 5.977624e-11
16530.0 5.940555e-11
16540.0 5.903876e-11
16550.0 5.867691e-11
16560.0 5.832111e-11
16570.0 5.797251e-11
16580.0 5.763231e-11
16590.0 5.730173e-11
16600.0 5.698200e-11
16610.0 5.667433e-11
16620.0 5.637992e-11
16630.0 5.609992e-11
16640.0 5.583543e-11
16650.0 5.558745e-11
16660.0 5.535691e-11
16670.0 5.514464e-11
16680.0 5.495135e-11
16690.0 5.477762e-11
16700.0 5.462393e-11
16710.0 5.449062e-11
16720.0 5.437790e-11
16730.0 5.428586e-11
16740.0 5.421449e-11
16750.0 5.416364e-11
16760.0 5.413310e-11
16770.0 5.412255e-11
16780.0 5.413161e-11
16790.0 5.415983e-11
16800.0 5.420675e-11
16810.0 5.427183e-11
16820.0 5.435457e-11
16830.0 5.445444e-11
16840.0 5.457092e-11
16850.0 5.470353e-11
16860.0 5.485179e-11
16870.0 5.501530e-11
16880.0 5.519367e-11
16890.0 5.538657e-11
16900.0 5.559371e-11
16910.0 5.581486e-11
16920.0 5.604982e-11
16930.0 5.629846e-11
16940.0 5.656066e-11
16950.0 5.683633e-11
16960.0 5.712544e-11
16970.0 5.742794e-11
16980.0 5.774383e-11
16990.0 5.807309e-11
17000.0 5.841572e-11
17010.0 5.877171e-11
17020.0 5.914103e-11
17030.0 5.952368e-11
17040.0 5.991961e-11
17050.0 6.032876e-11
17060.0 6.075107e-11
17070.0 6.118645e-11
17080.0 6.163482e-11
17090.0 6.209604e-11
17100.0 6.257001e-11
17110.0 6.305659e-11
17120.0 6.355563e-11
17130.0 6.406699e-11
17140.0 6.459051e-11
17150.0 6.512602e-11
17160.0 6.567336e-11
17170.0 6.623234e-11
17180.0 6.680279e-11
17190.0 6.738450e-11
17200.0 6.797726e-11
17210.0 6.858085e-11
17220.0 6.919500e-11
17230.0 6.981943e-11
17240.0 7.045383e-11
17250.0 7.109786e-11
17260.0 7.175110e-11
17270.0 7.241314e-11
17280.0 7.308347e-11
17290.0 7.376154e-11
17300.0 7.444676e-11
17310.0 7.513844e-11
17320.0 7.583587e-11
17330.0 7.653825e-11
17340.0 7.724471e-11
17350.0 7.795434e-11
17360.0 7.866614e-11
17370.0 7.937907e-11
17380.0 8.009202e-11
17390.0 8.080383e-11
17400.0 8.151327e-11
17410.0 8.221907e-11
17420.0 8.291991e-11
17430.0 8.361442e-11
17440.0 8.430119e-11
17450.0 8.497877e-11
17460.0 8.564567e-11
17470.0 8.630038e-11
17480.0 8.694133e-11
17490.0 8.756697e-11
17500.0 8.817570e-11
17510.0 8.876591e-11
17520.0 8.933600e-11
17530.0 8.988435e-11
17540.0 9.040935e-11
17550.0 9.090943e-11
17560.0 9.138301e-11
17570.0 9.182857e-11
17580.0 9.224462e-11
17590.0 9.262974e-11
17600.0 9.298258e-11
17610.0 9.330184e-11
17620.0 9.358636e-11
17630.0 9.383503e-11
17640.0 9.404689e-11
17650.0 9.422108e-11
17660.0 9.435687e-11
17670.0 9.445369e-11
17680.0 9.451109e-11
17690.0 9.452876e-11
17700.0 9.450657e-11
17710.0 9.444452e-11
17720.0 9.434277e-11
17730.0 9.420162e-11
17740.0 9.402152e-11
17750.0 9.380306e-11
17760.0 9.354698e-11
17770.0 9.325412e-11
17780.0 9.292544e-11
17790.0 9.256204e-11
17800.0 9.216509e-11
17810.0 9.173585e-11
17820.0 9.127566e-11
17830.0 9.078594e-11
17840.0 9.026813e-11
17850.0 8.972374e-11
17860.0 8.915433e-11
17870.0 8.856143e-11
17880.0 8.794662e-11
17890.0 8.731147e-11
17900.0 8.665755e-11
17910.0 8.598641e-11
17920.0 8.529956e-11
17930.0 8.459851e-11
17940.0 8.388469e-11
17950.0 8.315952e-11
17960.0 8.242434e-11
17970.0 8.168044e-11
17980.0 8.092906e-11
17990.0 8.017137e-11
18000.0 7.940844e-11
18010.0 7.864132e-11
18020.0 7.787096e-11
18030.0 7.709825e-11
18040.0 7.632399e-11
18050.0 7.554895e-11
18060.0 7.477382e-11
18070.0 7.399925e-11
18080.0 7.322582e-11
18090.0 7.245409e-11
18100.0 7.168458e-11
18110.0 7.091778e-11
18120.0 7.015419e-11
18130.0 6.939427e-11
18140.0 6.863850e-11
18150.0 6.788738e-11
18160.0 6.714139e-11
18170.0 6.640106e-11
18180.0 6.566693e-11
18190.0 6.493958e-11
18200.0 6.421958e-11
18210.0 6.350754e-11
18220.0 6.280409e-11
18230.0 6.210985e-11
18240.0 6.142545e-11
18250.0 6.075153e-11
18260.0 6.008865e-11
18270.0 5.943740e-11
18280.0 5.879828e-11
18290.0 5.817175e-11
18300.0 5.755820e-11
18310.0 5.695795e-11
18320.0 5.637120e-11
18330.0 5.579810e-11
18340.0 5.523866e-11
18350.0 5.469281e-11
18360.0 5.416039e-11
18370.0 5.364113e-11
18380.0 5.313465e-11
18390.0 5.264052e-11
18400.0 5.215822e-11
18410.0 5.168716e-11
18420.0 5.122671e-11
18430.0 5.077620e-11
18440.0 5.033493e-11
18450.0 4.990220e-11
18460.0 4.947732e-11
18470.0 4.905962e-11
18480.0 4.864846e-11
18490.0 4.824323e-11
18500.0 4.784341e-11
18510.0 4.744851e-11
18520.0 4.705814e-11
18530.0 4.667196e-11
18540.0 4.628974e-11
18550.0 4.591130e-11
18560.0 4.553656e-11
18570.0 4.516553e-11
18580.0 4.479827e-11
18590.0 4.443494e-11
18600.0 4.407574e-11
18610.0 4.372095e-11
18620.0 4.337090e-11
18630.0 4.302593e-11
18640.0 4.268645e-11
18650.0 4.235286e-11
18660.0 4.202558e-11
18670.0 4.170504e-11
18680.0 4.139164e-11
18690.0 4.108577e-11
18700.0 4.078777e-11
18710.0 4.049795e-11
18720.0 4.021658e-11
18730.0 3.994385e-11
18740.0 3.967992e-11
18750.0 3.942485e-11
18760.0 3.917865e-11
18770.0 3.894126e-11
18780.0 3.871255e-11
18790.0 3.849233e-11
18800.0 3.828032e-11
18810.0 3.807622e-11
18820.0 3.787964e-11
18830.0 3.769018e-11
18840.0 3.750738e-11
18850.0 3.733076e-11
18860.0 3.715983e-11
18870.0 3.699407e-11
18880.0 3.683299e-11
18890.0 3.667608e-11
18900.0 3.652289e-11
18910.0 3.637296e-11
18920.0 3.622590e-11
18930.0 3.608135e-11
18940.0 3.593900e-11
18950.0 3.579859e-11
18960.0 3.565996e-11
18970.0 3.552295e-11
18980.0 3.538752e-11
18990.0 3.525367e-11
19000.0 3.512146e-11
19010.0 3.499103e-11
19020.0 3.486255e-11
19030.0 3.473628e-11
19040.0 3.461249e-11
19050.0 3.449151e-11
19060.0 3.437370e-11
19070.0 3.425946e-11
19080.0 3.414920e-11
19090.0 3.404333e-11
19100.0 3.394228e-11
19110.0 3.384647e-11
19120.0 3.375630e-11
19130.0 3.367216e-11
19140.0 3.359441e-11
19150.0 3.352337e-11
19160.0 3.345932e-11
19170.0 3.340250e-11
19180.0 3.335308e-11
19190.0 3.331120e-11
19200.0 3.327693e-11
19210.0 3.325027e-11
19220.0 3.323118e-11
19230.0 3.321952e-11
19240.0 3.321514e-11
19250.0 3.321780e-11
19260.0 3.322720e-11
19270.0 3.324301e-11
19280.0 3.326485e-11
19290.0 3.329227e-11
19300.0 3.332484e-11
19310.0 3.336205e-11
19320.0 3.340341e-11
19330.0 3.344840e-11
19340.0 3.349650e-11
19350.0 3.354719e-11
19360.0 3.359997e-11
19370.0 3.365435e-11
19380.0 3.370988e-11
19390.0 3.376613e-11
19400.0 3.382270e-11
19410.0 3.387923e-11
19420.0 3.393540e-11
19430.0 3.399094e-11
19440.0 3.404560e-11
19450.0 3.409920e-11
19460.0 3.415157e-11
19470.0 3.420259e-11
19480.0 3.425215e-11
19490.0 3.430019e-11
19500.0 3.434666e-11
19510.0 3.439151e-11
19520.0 3.443472e-11
19530.0 3.447627e-11
19540.0 3.451613e-11
19550.0 3.455428e-11
19560.0 3.459067e-11
19570.0 3.462526e-11
19580.0 3.465797e-11
19590.0 3.468873e-11
19600.0 3.471743e-11
19610.0 3.474395e-11
19620.0 3.476815e-11
19630.0 3.478987e-11
19640.0 3.480893e-11
19650.0 3.482515e-11
19660.0 3.483832e-11
19670.0 3.484823e-11
19680.0 3.485466e-11
19690.0 3.485737e-11
19700.0 3.485613e-11
19710.0 3.485070e-11
19720.0 3.484085e-11
19730.0 3.482635e-11
19740.0 3.480695e-11
19750.0 3.478242e-11
19760.0 3.475255e-11
19770.0 3.471710e-11
19780.0 3.467587e-11
19790.0 3.462863e-11
19800.0 3.457517e-11
19810.0 3.451532e-11
19820.0 3.444886e-11
19830.0 3.437561e-11
19840.0 3.429539e-11
19850.0 3.420804e-11
19860.0 3.411339e-11
19870.0 3.401129e-11
19880.0 3.390162e-11
19890.0 3.378425e-11
19900.0 3.365908e-11
19910.0 3.352602e-11
19920.0 3.338500e-11
19930.0 3.323599e-11
19940.0 3.307897e-11
19950.0 3.291395e-11
19960.0 3.274097e-11
19970.0 3.256009e-11
19980.0 3.237143e-11
19990.0 3.217510e-11
20000.0 3.197130e-11
20010.0 3.176021e-11
20020.0 3.154208e-11
20030.0 3.131719e-11
20040.0 3.108584e-11
20050.0 3.084839e-11
20060.0 3.060520e-11
20070.0 3.035669e-11
20080.0 3.010330e-11
20090.0 2.984550e-11
20100.0 2.958377e-11
20110.0 2.931865e-11
20120.0 2.905066e-11
20130.0 2.878037e-11
20140.0 2.850835e-11
20150.0 2.823517e-11
20160.0 2.796144e-11
20170.0 2.768775e-11
20180.0 2.741470e-11
20190.0 2.714290e-11
20200.0 2.687294e-11
20210.0 2.660541e-11
20220.0 2.634090e-11
20230.0 2.607998e-11
20240.0 2.582320e-11
20250.0 2.557111e-11
20260.0 2.532423e-11
20270.0 2.508306e-11
20280.0 2.484809e-11
20290.0 2.461977e-11
20300.0 2.439854e-11
20310.0 2.418481e-11
20320.0 2.397895e-11
20330.0 2.378132e-11
20340.0 2.359225e-11
20350.0 2.341203e-11
20360.0 2.324094e-11
20370.0 2.307921e-11
20380.0 2.292706e-11
20390.0 2.278467e-11
20400.0 2.265217e-11
20410.0 2.252971e-11
20420.0 2.241735e-11
20430.0 2.231517e-11
20440.0 2.222320e-11
20450.0 2.214141e-11
20460.0 2.206980e-11
20470.0 2.200828e-11
20480.0 2.195676e-11
20490.0 2.191512e-11
20500.0 2.188319e-11
20510.0 2.186079e-11
20520.0 2.184770e-11
20530.0 2.184366e-11
20540.0 2.184841e-11
20550.0 2.186162e-11
20560.0 2.188297e-11
20570.0 2.191209e-11
20580.0 2.194860e-11
20590.0 2.199209e-11
20600.0 2.204213e-11
20610.0 2.209825e-11
20620.0 2.216000e-11
20630.0 2.222688e-11
20640.0 2.229839e-11
20650.0 2.237402e-11
20660.0 2.245324e-11
20670.0 2.253552e-11
20680.0 2.262031e-11
20690.0 2.270708e-11
20700.0 2.279529e-11
20710.0 2.288440e-11
20720.0 2.297386e-11
20730.0 2.306316e-11
20740.0 2.315176e-11
20750.0 2.323915e-11
20760.0 2.332485e-11
20770.0 2.340836e-11
20780.0 2.348923e-11
20790.0 2.356702e-11
20800.0 2.364129e-11
20810.0 2.371165e-11
20820.0 2.377773e-11
20830.0 2.383919e-11
20840.0 2.389571e-11
20850.0 2.394701e-11
20860.0 2.399283e-11
20870.0 2.403295e-11
20880.0 2.406719e-11
20890.0 2.409539e-11
20900.0 2.411744e-11
20910.0 2.413326e-11
20920.0 2.414280e-11
20930.0 2.414604e-11
20940.0 2.414301e-11
20950.0 2.413375e-11
20960.0 2.411835e-11
20970.0 2.409692e-11
20980.0 2.406961e-11
20990.0 2.403656e-11
21000.0 2.399799e-11
21010.0 2.395408e-11
21020.0 2.390508e-11
21030.0 2.385122e-11
21040.0 2.379278e-11
21050.0 2.373001e-11
21060.0 2.366321e-11
21070.0 2.359266e-11
21080.0 2.351865e-11
21090.0 2.344150e-11
21100.0 2.336151e-11
21110.0 2.327898e-11
21120.0 2.319423e-11
21130.0 2.310756e-11
21140.0 2.301927e-11
21150.0 2.292969e-11
21160.0 2.283911e-11
21170.0 2.274784e-11
21180.0 2.265619e-11
21190.0 2.256445e-11
21200.0 2.247293e-11
21210.0 2.238193e-11
21220.0 2.229174e-11
21230.0 2.220266e-11
21240.0 2.211498e-11
21250.0 2.202899e-11
21260.0 2.194497e-11
21270.0 2.186320e-11
21280.0 2.178395e-11
21290.0 2.170749e-11
21300.0 2.163407e-11
21310.0 2.156394e-11
21320.0 2.149733e-11
21330.0 2.143447e-11
21340.0 2.137555e-11
21350.0 2.132078e-11
21360.0 2.127033e-11
21370.0 2.122435e-11
21380.0 2.118299e-11
21390.0 2.114637e-11
21400.0 2.111458e-11
21410.0 2.108771e-11
21420.0 2.106581e-11
21430.0 2.104894e-11
21440.0 2.103710e-11
21450.0 2.103031e-11
21460.0 2.102855e-11
21470.0 2.103178e-11
21480.0 2.103996e-11
21490.0 2.105302e-11
21500.0 2.107089e-11
21510.0 2.109348e-11
21520.0 2.112069e-11
21530.0 2.115241e-11
21540.0 2.118852e-11
21550.0 2.122889e-11
21560.0 2.127340e-11
21570.0 2.132191e-11
21580.0 2.137428e-11
21590.0 2.143037e-11
21600.0 2.149002e-11
21610.0 2.155311e-11
21620.0 2.161947e-11
21630.0 2.168897e-11
21640.0 2.176145e-11
21650.0 2.183678e-11
21660.0 2.191481e-11
21670.0 2.199539e-11
21680.0 2.207838e-11
21690.0 2.216365e-11
21700.0 2.225104e-11
21710.0 2.234043e-11
21720.0 2.243166e-11
21730.0 2.252461e-11
21740.0 2.261914e-11
21750.0 2.271511e-11
21760.0 2.281238e-11
21770.0 2.291082e-11
21780.0 2.301028e-11
21790.0 2.311063e-11
21800.0 2.321173e-11
21810.0 2.331343e-11
21820.0 2.341561e-11
21830.0 2.351811e-11
21840.0 2.362079e-11
21850.0 2.372351e-11
21860.0 2.382612e-11
21870.0 2.392848e-11
21880.0 2.403044e-11
21890.0 2.413185e-11
21900.0 2.423256e-11
21910.0 2.433243e-11
21920.0 2.443130e-11
21930.0 2.452901e-11
21940.0 2.462542e-11
21950.0 2.472037e-11
21960.0 2.481370e-11
21970.0 2.490525e-11
21980.0 2.499487e-11
21990.0 2.508237e-11
22000.0 2.516761e-11
22010.0 2.525040e-11
22020.0 2.533058e-11
22030.0 2.540797e-11
22040.0 2.548239e-11
22050.0 2.555365e-11
22060.0 2.562157e-11
22070.0 2.568596e-11
22080.0 2.574663e-11
22090.0 2.580338e-11
22100.0 2.585602e-11
22110.0 2.590436e-11
22120.0 2.594819e-11
22130.0 2.598734e-11
22140.0 2.602160e-11
22150.0 2.605080e-11
22160.0 2.607475e-11
22170.0 2.609328e-11
22180.0 2.610623e-11
22190.0 2.611344e-11
22200.0 2.611476e-11
22210.0 2.611006e-11
22220.0 2.609924e-11
22230.0 2.608217e-11
22240.0 2.605876e-11
22250.0 2.602896e-11
22260.0 2.599270e-11
22270.0 2.594993e-11
22280.0 2.590065e-11
22290.0 2.584484e-11
22300.0 2.578251e-11
22310.0 2.571371e-11
22320.0 2.563847e-11
22330.0 2.555687e-11
22340.0 2.546899e-11
22350.0 2.537494e-11
22360.0 2.527482e-11
22370.0 2.516879e-11
22380.0 2.505699e-11
22390.0 2.493959e-11
22400.0 2.481677e-11
22410.0 2.468874e-11
22420.0 2.455571e-11
22430.0 2.441791e-11
22440.0 2.427559e-11
22450.0 2.412901e-11
22460.0 2.397844e-11
22470.0 2.382416e-11
22480.0 2.366648e-11
22490.0 2.350570e-11
22500.0 2.334216e-11
22510.0 2.317618e-11
22520.0 2.300811e-11
22530.0 2.283829e-11
22540.0 2.266709e-11
22550.0 2.249488e-11
22560.0 2.232202e-11
22570.0 2.214887e-11
22580.0 2.197581e-11
22590.0 2.180322e-11
22600.0 2.163144e-11
22610.0 2.146085e-11
22620.0 2.129178e-11
22630.0 2.112458e-11
22640.0 2.095957e-11
22650.0 2.079706e-11
22660.0 2.063734e-11
22670.0 2.048068e-11
22680.0 2.032733e-11
22690.0 2.017753e-11
22700.0 2.003146e-11
22710.0 1.988930e-11
22720.0 1.975121e-11
22730.0 1.961730e-11
22740.0 1.948768e-11
22750.0 1.936240e-11
22760.0 1.924150e-11
22770.0 1.912501e-11
22780.0 1.901290e-11
22790.0 1.890514e-11
22800.0 1.880168e-11
22810.0 1.870244e-11
22820.0 1.860732e-11
22830.0 1.851621e-11
22840.0 1.842899e-11
22850.0 1.834552e-11
22860.0 1.826565e-11
22870.0 1.818925e-11
22880.0 1.811614e-11
22890.0 1.804618e-11
22900.0 1.797922e-11
22910.0 1.791510e-11
22920.0 1.785368e-11
22930.0 1.779480e-11
22940.0 1.773835e-11
22950.0 1.768420e-11
22960.0 1.763221e-11
22970.0 1.758228e-11
22980.0 1.753431e-11
22990.0 1.748819e-11
23000.0 1.744383e-11
23010.0 1.740115e-11
23020.0 1.736006e-11
23030.0 1.732048e-11
23040.0 1.728233e-11
23050.0 1.724553e-11
23060.0 1.720999e-11
23070.0 1.717563e-11
23080.0 1.714237e-11
23090.0 1.711011e-11
23100.0 1.707877e-11
23110.0 1.704824e-11
23120.0 1.701842e-11
23130.0 1.698924e-11
23140.0 1.696058e-11
23150.0 1.693235e-11
23160.0 1.690449e-11
23170.0 1.687691e-11
23180.0 1.684955e-11
23190.0 1.682238e-11
23200.0 1.679536e-11
23210.0 1.676850e-11
23220.0 1.674181e-11
23230.0 1.671533e-11
23240.0 1.668912e-11
23250.0 1.666329e-11
23260.0 1.663792e-11
23270.0 1.661316e-11
23280.0 1.658913e-11
23290.0 1.656599e-11
23300.0 1.654391e-11
23310.0 1.652303e-11
23320.0 1.650351e-11
23330.0 1.648550e-11
23340.0 1.646911e-11
23350.0 1.645447e-11
23360.0 1.644166e-11
23370.0 1.643073e-11
23380.0 1.642173e-11
23390.0 1.641464e-11
23400.0 1.640945e-11
23410.0 1.640611e-11
23420.0 1.640452e-11
23430.0 1.640459e-11
23440.0 1.640618e-11
23450.0 1.640915e-11
23460.0 1.641335e-11
23470.0 1.641860e-11
23480.0 1.642472e-11
23490.0 1.643154e-11
23500.0 1.643889e-11
23510.0 1.644658e-11
23520.0 1.645445e-11
23530.0 1.646235e-11
23540.0 1.647013e-11
23550.0 1.647767e-11
23560.0 1.648485e-11
23570.0 1.649157e-11
23580.0 1.649776e-11
23590.0 1.650336e-11
23600.0 1.650835e-11
23610.0 1.651270e-11
23620.0 1.651642e-11
23630.0 1.651955e-11
23640.0 1.652215e-11
23650.0 1.652430e-11
23660.0 1.652611e-11
23670.0 1.652770e-11
23680.0 1.652926e-11
23690.0 1.653096e-11
23700.0 1.653302e-11
23710.0 1.653568e-11
23720.0 1.653922e-11
23730.0 1.654394e-11
23740.0 1.655014e-11
23750.0 1.655819e-11
23760.0 1.656845e-11
23770.0 1.658129e-11
23780.0 1.659713e-11
23790.0 1.661638e-11
23800.0 1.663945e-11
23810.0 1.666676e-11
23820.0 1.669871e-11
23830.0 1.673613e-11
23840.0 1.677915e-11
23850.0 1.682796e-11
23860.0 1.688286e-11
23870.0 1.694410e-11
23880.0 1.701188e-11
23890.0 1.708634e-11
23900.0 1.716754e-11
23910.0 1.725546e-11
23920.0 1.735002e-11
23930.0 1.745103e-11
23940.0 1.755823e-11
23950.0 1.767126e-11
23960.0 1.778972e-11
23970.0 1.791309e-11
23980.0 1.804081e-11
23990.0 1.817227e-11
24000.0 1.830681e-11
24010.0 1.844375e-11
24020.0 1.858237e-11
24030.0 1.872197e-11
24040.0 1.886186e-11
24050.0 1.900135e-11
24060.0 1.913982e-11
24070.0 1.927664e-11
24080.0 1.941129e-11
24090.0 1.954327e-11
24100.0 1.967214e-11
24110.0 1.979752e-11
24120.0 1.991910e-11
24130.0 2.003662e-11
24140.0 2.014988e-11
24150.0 2.025872e-11
24160.0 2.036303e-11
24170.0 2.046273e-11
24180.0 2.055780e-11
24190.0 2.064822e-11
24200.0 2.073401e-11
24210.0 2.081519e-11
24220.0 2.089183e-11
24230.0 2.096400e-11
24240.0 2.103176e-11
24250.0 2.109521e-11
24260.0 2.115447e-11
24270.0 2.120963e-11
24280.0 2.126084e-11
24290.0 2.130825e-11
24300.0 2.135201e-11
24310.0 2.139230e-11
24320.0 2.142933e-11
24330.0 2.146333e-11
24340.0 2.149454e-11
24350.0 2.152324e-11
24360.0 2.154973e-11
24370.0 2.157435e-11
24380.0 2.159744e-11
24390.0 2.161939e-11
24400.0 2.164059e-11
24410.0 2.166146e-11
24420.0 2.168244e-11
24430.0 2.170396e-11
24440.0 2.172645e-11
24450.0 2.175034e-11
24460.0 2.177603e-11
24470.0 2.180389e-11
24480.0 2.183423e-11
24490.0 2.186734e-11
24500.0 2.190342e-11
24510.0 2.194259e-11
24520.0 2.198489e-11
24530.0 2.203029e-11
24540.0 2.207865e-11
24550.0 2.212972e-11
24560.0 2.218319e-11
24570.0 2.223864e-11
24580.0 2.229560e-11
24590.0 2.235351e-11
24600.0 2.241179e-11
24610.0 2.246982e-11
24620.0 2.252695e-11
24630.0 2.258259e-11
24640.0 2.263612e-11
24650.0 2.268701e-11
24660.0 2.273479e-11
24670.0 2.277904e-11
24680.0 2.281945e-11
24690.0 2.285580e-11
24700.0 2.288796e-11
24710.0 2.291590e-11
24720.0 2.293969e-11
24730.0 2.295946e-11
24740.0 2.297543e-11
24750.0 2.298788e-11
24760.0 2.299714e-11
24770.0 2.300354e-11
24780.0 2.300748e-11
24790.0 2.300933e-11
24800.0 2.300945e-11
24810.0 2.300822e-11
24820.0 2.300596e-11
24830.0 2.300296e-11
24840.0 2.299948e-11
24850.0 2.299576e-11
24860.0 2.299196e-11
24870.0 2.298822e-11
24880.0 2.298467e-11
24890.0 2.298136e-11
24900.0 2.297834e-11
24910.0 2.297564e-11
24920.0 2.297326e-11
24930.0 2.297118e-11
24940.0 2.296940e-11
24950.0 2.296788e-11
24960.0 2.296660e-11
24970.0 2.296553e-11
24980.0 2.296464e-11
24990.0 2.296391e-11
25000.0 2.296332e-11
