1000.0 9.458625e-14
1010.0 1.146004e-13
1020.0 1.392981e-13
1030.0 1.696252e-13
1040.0 2.067560e-13
1050.0 2.520315e-13
1060.0 3.069469e-13
1070.0 3.731248e-13
1080.0 4.522704e-13
1090.0 5.461096e-13
1100.0 6.563123e-13
1110.0 7.844064e-13
1120.0 9.316892e-13
1130.0 1.099143e-12
1140.0 1.287366e-12
1150.0 1.496515e-12
1160.0 1.726265e-12
1170.0 1.975802e-12
1180.0 2.243810e-12
1190.0 2.528494e-12
1200.0 2.827611e-12
1210.0 3.138513e-12
1220.0 3.458210e-12
1230.0 3.783442e-12
1240.0 4.110765e-12
1250.0 4.436639e-12
1260.0 4.757531e-12
1270.0 5.070008e-12
1280.0 5.370831e-12
1290.0 5.657036e-12
1300.0 5.926014e-12
1310.0 6.175561e-12
1320.0 6.403926e-12
1330.0 6.609834e-12
1340.0 6.792501e-12
1350.0 6.951630e-12
1360.0 7.087395e-12
1370.0 7.200415e-12
1380.0 7.291721e-12
1390.0 7.362712e-12
1400.0 7.415112e-12
1410.0 7.450916e-12
1420.0 7.472343e-12
1430.0 7.481780e-12
1440.0 7.481732e-12
1450.0 7.474767e-12
1460.0 7.463465e-12
1470.0 7.450366e-12
1480.0 7.437915e-12
1490.0 7.428411e-12
1500.0 7.423954e-12
1510.0 7.426394e-12
1520.0 7.437283e-12
1530.0 7.457846e-12
1540.0 7.488956e-12
1550.0 7.531134e-12
1560.0 7.584573e-12
1570.0 7.649190e-12
1580.0 7.724688e-12
1590.0 7.810650e-12
1600.0 7.906627e-12
1610.0 8.012228e-12
1620.0 8.127192e-12
1630.0 8.251438e-12
1640.0 8.385087e-12
1650.0 8.528453e-12
1660.0 8.682012e-12
1670.0 8.846352e-12
1680.0 9.022117e-12
1690.0 9.209944e-12
1700.0 9.410410e-12
1710.0 9.623983e-12
1720.0 9.850985e-12
1730.0 1.009156e-11
1740.0 1.034565e-11
1750.0 1.061299e-11
1760.0 1.089306e-11
1770.0 1.118514e-11
1780.0 1.148827e-11
1790.0 1.180129e-11
1800.0 1.212290e-11
1810.0 1.245170e-11
1820.0 1.278623e-11
1830.0 1.312509e-11
1840.0 1.346699e-11
1850.0 1.381080e-11
1860.0 1.415559e-11
1870.0 1.450064e-11
1880.0 1.484547e-11
1890.0 1.518975e-11
1900.0 1.553329e-11
1910.0 1.587597e-11
1920.0 1.621771e-11
1930.0 1.655841e-11
1940.0 1.689796e-11
1950.0 1.723622e-11
1960.0 1.757303e-11
1970.0 1.790824e-11
1980.0 1.824168e-11
1990.0 1.857318e-11
2000.0 1.890254e-11
2010.0 1.922944e-11
2020.0 1.955345e-11
2030.0 1.987391e-11
2040.0 2.018992e-11
2050.0 2.050026e-11
2060.0 2.080342e-11
2070.0 2.109755e-11
2080.0 2.138053e-11
2090.0 2.164996e-11
2100.0 2.190326e-11
2110.0 2.213772e-11
2120.0 2.235069e-11
2130.0 2.253967e-11
2140.0 2.270261e-11
2150.0 2.283807e-11
2160.0 2.294548e-11
2170.0 2.302529e-11
2180.0 2.307908e-11
2190.0 2.310949e-11
2200.0 2.312012e-11
2210.0 2.311522e-11
2220.0 2.309939e-11
2230.0 2.307722e-11
2240.0 2.305301e-11
2250.0 2.303049e-11
2260.0 2.301279e-11
2270.0 2.300235e-11
2280.0 2.300110e-11
2290.0 2.301055e-11
2300.0 2.303198e-11
2310.0 2.306659e-11
2320.0 2.311557e-11
2330.0 2.318011e-11
2340.0 2.326140e-11
2350.0 2.336056e-11
2360.0 2.347858e-11
2370.0 2.361629e-11
2380.0 2.377436e-11
2390.0 2.395330e-11
2400.0 2.415352e-11
2410.0 2.437521e-11
2420.0 2.461829e-11
2430.0 2.488212e-11
2440.0 2.516508e-11
2450.0 2.546418e-11
2460.0 2.577453e-11
2470.0 2.608910e-11
2480.0 2.639862e-11
2490.0 2.669197e-11
2500.0 2.695700e-11
2510.0 2.718172e-11
2520.0 2.735583e-11
2530.0 2.747219e-11
2540.0 2.752815e-11
2550.0 2.752626e-11
2560.0 2.747427e-11
2570.0 2.738450e-11
2580.0 2.727239e-11
2590.0 2.715486e-11
2600.0 2.704846e-11
2610.0 2.696788e-11
2620.0 2.692474e-11
2630.0 2.692708e-11
2640.0 2.697923e-11
2650.0 2.709155e-11
2660.0 2.775199e-11
2670.0 3.347231e-11
2680.0 4.744181e-11
2690.0 6.060183e-11
2700.0 7.291708e-11
2710.0 8.125981e-11
2720.0 8.453935e-11
2730.0 8.951945e-11
2740.0 9.528526e-11
2750.0 9.868108e-11
2760.0 1.003382e-10
2770.0 1.001413e-10
2780.0 9.893537e-11
2790.0 9.875532e-11
2800.0 9.964979e-11
2810.0 1.008541e-10
2820.0 1.034775e-10
2830.0 1.047298e-10
2840.0 1.002448e-10
2850.0 9.771295e-11
2860.0 1.067396e-10
2870.0 1.238753e-10
2880.0 1.339731e-10
2890.0 1.323816e-10
2900.0 1.357915e-10
2910.0 1.421761e-10
2920.0 1.442949e-10
2930.0 1.446668e-10
2940.0 1.453549e-10
2950.0 1.441588e-10
2960.0 1.398130e-10
2970.0 1.344254e-10
2980.0 1.309844e-10
2990.0 1.273533e-10
3000.0 1.199413e-10
3010.0 1.131699e-10
3020.0 1.123223e-10
3030.0 1.144108e-10
3040.0 1.101621e-10
3050.0 1.009397e-10
3060.0 1.039313e-10
3070.0 1.213510e-10
3080.0 1.349393e-10
3090.0 1.353629e-10
3100.0 1.266755e-10
3110.0 1.180034e-10
3120.0 1.158032e-10
3130.0 1.213789e-10
3140.0 1.316062e-10
3150.0 1.418748e-10
3160.0 1.497190e-10
3170.0 1.556784e-10
3180.0 1.634216e-10
3190.0 1.758913e-10
3200.0 1.850213e-10
3210.0 1.806445e-10
3220.0 1.651809e-10
3230.0 1.474635e-10
3240.0 1.368060e-10
3250.0 1.359134e-10
3260.0 1.391694e-10
3270.0 1.464011e-10
3280.0 1.542254e-10
3290.0 1.537936e-10
3300.0 1.520004e-10
3310.0 1.543264e-10
3320.0 1.559478e-10
3330.0 1.549140e-10
3340.0 1.504753e-10
3350.0 1.435380e-10
3360.0 1.406085e-10
3370.0 1.433037e-10
3380.0 1.501099e-10
3390.0 1.582738e-10
3400.0 1.652814e-10
3410.0 1.709962e-10
3420.0 1.751214e-10
3430.0 1.770407e-10
3440.0 1.771208e-10
3450.0 1.763645e-10
3460.0 1.763991e-10
3470.0 1.792761e-10
3480.0 1.857141e-10
3490.0 1.948203e-10
3500.0 2.055154e-10
3510.0 2.166330e-10
3520.0 2.264464e-10
3530.0 2.329702e-10
3540.0 2.370433e-10
3550.0 2.421694e-10
3560.0 2.486372e-10
3570.0 2.547428e-10
3580.0 2.596355e-10
3590.0 2.624944e-10
3600.0 2.619962e-10
3610.0 2.579960e-10
3620.0 2.554281e-10
3630.0 2.608889e-10
3640.0 2.743612e-10
3650.0 2.918108e-10
3660.0 3.100741e-10
3670.0 3.271447e-10
3680.0 3.409570e-10
3690.0 3.489993e-10
3700.0 3.492261e-10
3710.0 3.410944e-10
3720.0 3.262238e-10
3730.0 3.073228e-10
3740.0 2.862079e-10
3750.0 2.636240e-10
3760.0 2.409954e-10
3770.0 2.211777e-10
3780.0 2.069088e-10
3790.0 1.993996e-10
3800.0 1.988266e-10
3810.0 2.067564e-10
3820.0 2.262079e-10
3830.0 2.578428e-10
3840.0 2.992870e-10
3850.0 3.467428e-10
3860.0 3.960127e-10
3870.0 4.437412e-10
3880.0 4.882278e-10
3890.0 5.289789e-10
3900.0 5.657617e-10
3910.0 5.983640e-10
3920.0 6.269086e-10
3930.0 6.517188e-10
3940.0 6.725665e-10
3950.0 6.880609e-10
3960.0 6.958239e-10
3970.0 6.935814e-10
3980.0 6.805871e-10
3990.0 6.583442e-10
4000.0 6.302306e-10
4010.0 6.003783e-10
4020.0 5.724899e-10
4030.0 5.490665e-10
4040.0 5.310020e-10
4050.0 5.175658e-10
4060.0 5.069630e-10
4070.0 4.972860e-10
4080.0 4.874715e-10
4090.0 4.778150e-10
4100.0 4.694896e-10
4110.0 4.635495e-10
4120.0 4.603054e-10
4130.0 4.596489e-10
4140.0 4.617455e-10
4150.0 4.669168e-10
4160.0 4.748711e-10
4170.0 4.844667e-10
4180.0 4.942182e-10
4190.0 5.028881e-10
4200.0 5.098095e-10
4210.0 5.149091e-10
4220.0 5.185668e-10
4230.0 5.215494e-10
4240.0 5.249010e-10
4250.0 5.295910e-10
4260.0 5.359019e-10
4270.0 5.433127e-10
4280.0 5.509847e-10
4290.0 5.580368e-10
4300.0 5.630100e-10
4310.0 5.633696e-10
4320.0 5.562659e-10
4330.0 5.402190e-10
4340.0 5.162016e-10
4350.0 4.871978e-10
4360.0 4.567236e-10
4370.0 4.275188e-10
4380.0 4.012448e-10
4390.0 3.790023e-10
4400.0 3.618010e-10
4410.0 3.504715e-10
4420.0 3.454231e-10
4430.0 3.466648e-10
4440.0 3.539342e-10
4450.0 3.668831e-10
4460.0 3.852423e-10
4470.0 4.089066e-10
4480.0 4.380045e-10
4490.0 4.730353e-10
4500.0 5.149241e-10
4510.0 5.647178e-10
4520.0 6.229755e-10
4530.0 6.892482e-10
4540.0 7.617952e-10
4550.0 8.373967e-10
4560.0 9.114948e-10
4570.0 9.789956e-10
4580.0 1.035353e-09
4590.0 1.077232e-09
4600.0 1.102712e-09
4610.0 1.111240e-09
4620.0 1.102963e-09
4630.0 1.078126e-09
4640.0 1.037099e-09
4650.0 9.813203e-10
4660.0 9.142362e-10
4670.0 8.409538e-10
4680.0 7.668918e-10
4690.0 6.967343e-10
4700.0 6.340406e-10
4710.0 5.811259e-10
4720.0 5.391250e-10
4730.0 5.083457e-10
4740.0 4.887891e-10
4750.0 4.803948e-10
4760.0 4.827155e-10
4770.0 4.943466e-10
4780.0 5.126576e-10
4790.0 5.340983e-10
4800.0 5.550053e-10
4810.0 5.725442e-10
4820.0 5.856735e-10
4830.0 5.957238e-10
4840.0 6.057526e-10
4850.0 6.188424e-10
4860.0 6.374221e-10
4870.0 6.638915e-10
4880.0 7.001638e-10
4890.0 7.460579e-10
4900.0 7.983672e-10
4910.0 8.510763e-10
4920.0 8.963935e-10
4930.0 9.264279e-10
4940.0 9.352212e-10
4950.0 9.204879e-10
4960.0 8.843586e-10
4970.0 8.329336e-10
4980.0 7.749185e-10
4990.0 7.195069e-10
5000.0 6.731861e-10
5010.0 6.367763e-10
5020.0 6.070653e-10
5030.0 5.816394e-10
5040.0 5.601352e-10
5050.0 5.422496e-10
5060.0 5.270144e-10
5070.0 5.135245e-10
5080.0 5.014567e-10
5090.0 4.910453e-10
5100.0 4.828480e-10
5110.0 4.775123e-10
5120.0 4.755788e-10
5130.0 4.773447e-10
5140.0 4.828791e-10
5150.0 4.921987e-10
5160.0 5.054148e-10
5170.0 5.226612e-10
5180.0 5.438763e-10
5190.0 5.686469e-10
5200.0 5.963064e-10
5210.0 6.261040e-10
5220.0 6.572377e-10
5230.0 6.888565e-10
5240.0 7.201593e-10
5250.0 7.505306e-10
5260.0 7.795311e-10
5270.0 8.067036e-10
5280.0 8.313715e-10
5290.0 8.526434e-10
5300.0 8.696770e-10
5310.0 8.820950e-10
5320.0 8.903467e-10
5330.0 8.957911e-10
5340.0 9.004113e-10
5350.0 9.063245e-10
5360.0 9.153912e-10
5370.0 9.290978e-10
5380.0 9.486198e-10
5390.0 9.748570e-10
5400.0 1.008382e-09
5410.0 1.049190e-09
5420.0 1.096486e-09
5430.0 1.148653e-09
5440.0 1.203357e-09
5450.0 1.257772e-09
5460.0 1.309000e-09
5470.0 1.354580e-09
5480.0 1.392864e-09
5490.0 1.423035e-09
5500.0 1.444812e-09
5510.0 1.458106e-09
5520.0 1.462854e-09
5530.0 1.459100e-09
5540.0 1.447161e-09
5550.0 1.427713e-09
5560.0 1.401685e-09
5570.0 1.369998e-09
5580.0 1.333348e-09
5590.0 1.292180e-09
5600.0 1.246825e-09
5610.0 1.197802e-09
5620.0 1.146006e-09
5630.0 1.092711e-09
5640.0 1.039482e-09
5650.0 9.880696e-10
5660.0 9.403016e-10
5670.0 8.979609e-10
5680.0 8.626401e-10
5690.0 8.356198e-10
5700.0 8.178045e-10
5710.0 8.097003e-10
5720.0 8.113689e-10
5730.0 8.223270e-10
5740.0 8.414445e-10
5750.0 8.669348e-10
5760.0 8.965016e-10
5770.0 9.276190e-10
5780.0 9.578423e-10
5790.0 9.850360e-10
5800.0 1.007486e-09
5810.0 1.023964e-09
5820.0 1.033806e-09
5830.0 1.036962e-09
5840.0 1.033937e-09
5850.0 1.025540e-09
5860.0 1.012554e-09
5870.0 9.955788e-10
5880.0 9.750784e-10
5890.0 9.514713e-10
5900.0 9.251282e-10
5910.0 8.963062e-10
5920.0 8.651792e-10
5930.0 8.320311e-10
5940.0 7.974880e-10
5950.0 7.626028e-10
5960.0 7.287260e-10
5970.0 6.972487e-10
5980.0 6.693439e-10
5990.0 6.457838e-10
6000.0 6.268540e-10
6010.0 6.123682e-10
6020.0 6.017698e-10
6030.0 5.942847e-10
6040.0 5.890692e-10
6050.0 5.853197e-10
6060.0 5.823471e-10
6070.0 5.796293e-10
6080.0 5.768637e-10
6090.0 5.739960e-10
6100.0 5.711836e-10
6110.0 5.687278e-10
6120.0 5.670160e-10
6130.0 5.664801e-10
6140.0 5.675380e-10
6150.0 5.704852e-10
6160.0 5.753545e-10
6170.0 5.818057e-10
6180.0 5.891165e-10
6190.0 5.963118e-10
6200.0 6.024226e-10
6210.0 6.067812e-10
6220.0 6.091684e-10
6230.0 6.097025e-10
6240.0 6.086629e-10
6250.0 6.065557e-10
6260.0 6.043414e-10
6270.0 6.034295e-10
6280.0 6.053343e-10
6290.0 6.112768e-10
6300.0 6.219685e-10
6310.0 6.375955e-10
6320.0 6.579336e-10
6330.0 6.825346e-10
6340.0 7.109209e-10
6350.0 7.426993e-10
6360.0 7.775530e-10
6370.0 8.151316e-10
6380.0 8.549199e-10
6390.0 8.961643e-10
6400.0 9.378925e-10
6410.0 9.790076e-10
6420.0 1.018406e-09
6430.0 1.055088e-09
6440.0 1.088244e-09
6450.0 1.117315e-09
6460.0 1.141998e-09
6470.0 1.162200e-09
6480.0 1.177941e-09
6490.0 1.189259e-09
6500.0 1.196163e-09
6510.0 1.198641e-09
6520.0 1.196705e-09
6530.0 1.190441e-09
6540.0 1.180001e-09
6550.0 1.165561e-09
6560.0 1.147251e-09
6570.0 1.125115e-09
6580.0 1.099138e-09
6590.0 1.069310e-09
6600.0 1.035742e-09
6610.0 9.987569e-10
6620.0 9.589414e-10
6630.0 9.171393e-10
6640.0 8.743964e-10
6650.0 8.318677e-10
6660.0 7.907042e-10
6670.0 7.519401e-10
6680.0 7.164013e-10
6690.0 6.846499e-10
6700.0 6.569716e-10
6710.0 6.333961e-10
6720.0 6.137333e-10
6730.0 5.976120e-10
6740.0 5.845168e-10
6750.0 5.738358e-10
6760.0 5.649336e-10
6770.0 5.572464e-10
6780.0 5.503707e-10
6790.0 5.441004e-10
6800.0 5.383912e-10
6810.0 5.332812e-10
6820.0 5.288213e-10
6830.0 5.250305e-10
6840.0 5.218596e-10
6850.0 5.191701e-10
6860.0 5.167626e-10
6870.0 5.144382e-10
6880.0 5.120544e-10
6890.0 5.095449e-10
6900.0 5.069023e-10
6910.0 5.041440e-10
6920.0 5.012754e-10
6930.0 4.982623e-10
6940.0 4.950180e-10
6950.0 4.914126e-10
6960.0 4.873051e-10
6970.0 4.825879e-10
6980.0 4.772284e-10
6990.0 4.712947e-10
7000.0 4.649586e-10
7010.0 4.584776e-10
7020.0 4.521619e-10
7030.0 4.463321e-10
7040.0 4.412804e-10
7050.0 4.372444e-10
7060.0 4.344020e-10
7070.0 4.328815e-10
7080.0 4.327818e-10
7090.0 4.341924e-10
7100.0 4.372023e-10
7110.0 4.418854e-10
7120.0 4.482563e-10
7130.0 4.562123e-10
7140.0 4.654912e-10
7150.0 4.756745e-10
7160.0 4.862415e-10
7170.0 4.966492e-10
7180.0 5.064036e-10
7190.0 5.151022e-10
7200.0 5.224531e-10
7210.0 5.282883e-10
7220.0 5.325815e-10
7230.0 5.354595e-10
7240.0 5.371936e-10
7250.0 5.381668e-10
7260.0 5.388302e-10
7270.0 5.396660e-10
7280.0 5.411566e-10
7290.0 5.437452e-10
7300.0 5.477776e-10
7310.0 5.534477e-10
7320.0 5.607785e-10
7330.0 5.696461e-10
7340.0 5.798211e-10
7350.0 5.909953e-10
7360.0 6.027851e-10
7370.0 6.147191e-10
7380.0 6.262267e-10
7390.0 6.366405e-10
7400.0 6.452274e-10
7410.0 6.512579e-10
7420.0 6.541097e-10
7430.0 6.533918e-10
7440.0 6.490477e-10
7450.0 6.413930e-10
7460.0 6.310783e-10
7470.0 6.189981e-10
7480.0 6.061777e-10
7490.0 5.936497e-10
7500.0 5.823220e-10
7510.0 5.728687e-10
7520.0 5.657154e-10
7530.0 5.611518e-10
7540.0 5.594835e-10
7550.0 5.610741e-10
7560.0 5.662185e-10
7570.0 5.749484e-10
7580.0 5.869261e-10
7590.0 6.014919e-10
7600.0 6.178171e-10
7610.0 6.350679e-10
7620.0 6.525153e-10
7630.0 6.695787e-10
7640.0 6.858194e-10
7650.0 7.009082e-10
7660.0 7.145860e-10
7670.0 7.266248e-10
7680.0 7.368030e-10
7690.0 7.449015e-10
7700.0 7.507270e-10
7710.0 7.541503e-10
7720.0 7.551395e-10
7730.0 7.537664e-10
7740.0 7.501792e-10
7750.0 7.445566e-10
7760.0 7.370668e-10
7770.0 7.278472e-10
7780.0 7.170078e-10
7790.0 7.046503e-10
7800.0 6.908906e-10
7810.0 6.758751e-10
7820.0 6.597850e-10
7830.0 6.428298e-10
7840.0 6.252320e-10
7850.0 6.072095e-10
7860.0 5.889640e-10
7870.0 5.706762e-10
7880.0 5.525111e-10
7890.0 5.346244e-10
7900.0 5.171705e-10
7910.0 5.003063e-10
7920.0 4.842038e-10
7930.0 4.690194e-10
7940.0 4.549076e-10
7950.0 4.419950e-10
7960.0 4.303571e-10
7970.0 4.200015e-10
7980.0 4.108649e-10
7990.0 4.028196e-10
8000.0 3.956815e-10
8010.0 3.892236e-10
8020.0 3.831855e-10
8030.0 3.772808e-10
8040.0 3.712072e-10
8050.0 3.646507e-10
8060.0 3.572820e-10
8070.0 3.487538e-10
8080.0 3.387133e-10
8090.0 3.268414e-10
8100.0 3.129159e-10
8110.0 2.968851e-10
8120.0 2.789240e-10
8130.0 2.594527e-10
8140.0 2.391050e-10
8150.0 2.186549e-10
8160.0 1.989207e-10
8170.0 1.806663e-10
8180.0 1.645206e-10
8190.0 1.509207e-10
8200.0 1.400859e-10
8210.0 1.320226e-10
8220.0 1.265573e-10
8230.0 1.233901e-10
8240.0 1.221592e-10
8250.0 1.225013e-10
8260.0 1.241009e-10
8270.0 1.267207e-10
8280.0 1.302114e-10
8290.0 1.345032e-10
8300.0 1.395837e-10
8310.0 1.454722e-10
8320.0 1.522023e-10
8330.0 1.598222e-10
8340.0 1.684143e-10
8350.0 1.781224e-10
8360.0 1.891677e-10
8370.0 2.018331e-10
8380.0 2.164102e-10
8390.0 2.331216e-10
8400.0 2.520481e-10
8410.0 2.730826e-10
8420.0 2.959503e-10
8430.0 3.202740e-10
8440.0 3.456518e-10
8450.0 3.717128e-10
8460.0 3.981256e-10
8470.0 4.245625e-10
8480.0 4.506463e-10
8490.0 4.759199e-10
8500.0 4.998660e-10
8510.0 5.219799e-10
8520.0 5.418683e-10
8530.0 5.593366e-10
8540.0 5.744309e-10
8550.0 5.874235e-10
8560.0 5.987486e-10
8570.0 6.089114e-10
8580.0 6.184001e-10
8590.0 6.276225e-10
8600.0 6.368749e-10
8610.0 6.463391e-10
8620.0 6.560916e-10
8630.0 6.661137e-10
8640.0 6.763007e-10
8650.0 6.864755e-10
8660.0 6.964115e-10
8670.0 7.058678e-10
8680.0 7.146298e-10
8690.0 7.225409e-10
8700.0 7.295139e-10
8710.0 7.355321e-10
8720.0 7.406052e-10
8730.0 7.447191e-10
8740.0 7.478160e-10
8750.0 7.498022e-10
8760.0 7.505740e-10
8770.0 7.500448e-10
8780.0 7.481561e-10
8790.0 7.448712e-10
8800.0 7.401616e-10
8810.0 7.340008e-10
8820.0 7.263715e-10
8830.0 7.172818e-10
8840.0 7.067795e-10
8850.0 6.949565e-10
8860.0 6.819439e-10
8870.0 6.679051e-10
8880.0 6.530314e-10
8890.0 6.375398e-10
8900.0 6.216691e-10
8910.0 6.056694e-10
8920.0 5.909081e-10
8930.0 5.768054e-10
8940.0 5.632050e-10
8950.0 5.501944e-10
8960.0 5.377899e-10
8970.0 5.259557e-10
8980.0 5.146495e-10
8990.0 5.038795e-10
9000.0 4.937430e-10
9010.0 4.844117e-10
9020.0 4.760651e-10
9030.0 4.688071e-10
9040.0 4.626212e-10
9050.0 4.573867e-10
9060.0 4.529368e-10
9070.0 4.491168e-10
9080.0 4.458120e-10
9090.0 4.429420e-10
9100.0 4.404339e-10
9110.0 4.381952e-10
9120.0 4.360998e-10
9130.0 4.339912e-10
9140.0 4.317008e-10
9150.0 4.290714e-10
9160.0 4.259745e-10
9170.0 4.223158e-10
9180.0 4.180333e-10
9190.0 4.131001e-10
9200.0 4.075474e-10
9210.0 4.015063e-10
9220.0 3.952530e-10
9230.0 3.892328e-10
9240.0 3.840406e-10
9250.0 3.803399e-10
9260.0 3.787111e-10
9270.0 3.794585e-10
9280.0 3.824535e-10
9290.0 3.871176e-10
9300.0 3.925919e-10
9310.0 3.980238e-10
9320.0 4.028231e-10
9330.0 4.067655e-10
9340.0 4.099269e-10
9350.0 4.125325e-10
9360.0 4.148176e-10
9370.0 4.169535e-10
9380.0 4.190331e-10
9390.0 4.210889e-10
9400.0 4.231163e-10
9410.0 4.250908e-10
9420.0 4.269780e-10
9430.0 4.287380e-10
9440.0 4.303287e-10
9450.0 4.317074e-10
9460.0 4.328326e-10
9470.0 4.336658e-10
9480.0 4.341735e-10
9490.0 4.343288e-10
9500.0 4.341130e-10
9510.0 4.335169e-10
9520.0 4.325420e-10
9530.0 4.312004e-10
9540.0 4.295158e-10
9550.0 4.275228e-10
9560.0 4.252665e-10
9570.0 4.228015e-10
9580.0 4.201908e-10
9590.0 4.175042e-10
9600.0 4.148168e-10
9610.0 4.122071e-10
9620.0 4.097555e-10
9630.0 4.075419e-10
9640.0 4.056442e-10
9650.0 4.041365e-10
9660.0 4.030872e-10
9670.0 4.025574e-10
9680.0 4.025996e-10
9690.0 4.032564e-10
9700.0 4.045591e-10
9710.0 4.065276e-10
9720.0 4.091689e-10
9730.0 4.124776e-10
9740.0 4.164354e-10
9750.0 4.210116e-10
9760.0 4.261635e-10
9770.0 4.318369e-10
9780.0 4.379678e-10
9790.0 4.444826e-10
9800.0 4.513003e-10
9810.0 4.583333e-10
9820.0 4.654895e-10
9830.0 4.726732e-10
9840.0 4.797874e-10
9850.0 4.867347e-10
9860.0 4.934192e-10
9870.0 4.997480e-10
9880.0 5.056323e-10
9890.0 5.109889e-10
9900.0 5.157409e-10
9910.0 5.198195e-10
9920.0 5.231641e-10
9930.0 5.257237e-10
9940.0 5.274569e-10
9950.0 5.283330e-10
9960.0 5.283317e-10
9970.0 5.274437e-10
9980.0 5.256704e-10
9990.0 5.230240e-10
10000.0 5.195273e-10
10010.0 5.152128e-10
10020.0 5.101226e-10
10030.0 5.043079e-10
10040.0 4.978279e-10
10050.0 4.907495e-10
10060.0 4.831457e-10
10070.0 4.750953e-10
10080.0 4.666818e-10
10090.0 4.579917e-10
10100.0 4.491139e-10
10110.0 4.401380e-10
10120.0 4.311532e-10
10130.0 4.222466e-10
10140.0 4.135020e-10
10150.0 4.049985e-10
10160.0 3.968089e-10
10170.0 3.889988e-10
10180.0 3.816255e-10
10190.0 3.747367e-10
10200.0 3.683708e-10
10210.0 3.625555e-10
10220.0 3.573091e-10
10230.0 3.526399e-10
10240.0 3.485473e-10
10250.0 3.450227e-10
10260.0 3.420506e-10
10270.0 3.396102e-10
10280.0 3.376763e-10
10290.0 3.362212e-10
10300.0 3.352156e-10
10310.0 3.346299e-10
10320.0 3.344351e-10
10330.0 3.346032e-10
10340.0 3.351074e-10
10350.0 3.359218e-10
10360.0 3.370215e-10
10370.0 3.383812e-10
10380.0 3.399749e-10
10390.0 3.417744e-10
10400.0 3.437484e-10
10410.0 3.458618e-10
10420.0 3.480747e-10
10430.0 3.503425e-10
10440.0 3.526153e-10
10450.0 3.548391e-10
10460.0 3.569563e-10
10470.0 3.589075e-10
10480.0 3.606329e-10
10490.0 3.620747e-10
10500.0 3.631793e-10
10510.0 3.638994e-10
10520.0 3.641959e-10
10530.0 3.640396e-10
10540.0 3.634130e-10
10550.0 3.623100e-10
10560.0 3.607369e-10
10570.0 3.587116e-10
10580.0 3.562625e-10
10590.0 3.534272e-10
10600.0 3.502509e-10
10610.0 3.467837e-10
10620.0 3.430795e-10
10630.0 3.391928e-10
10640.0 3.351778e-10
10650.0 3.310857e-10
10660.0 3.269640e-10
10670.0 3.228551e-10
10680.0 3.187953e-10
10690.0 3.148146e-10
10700.0 3.109365e-10
10710.0 3.071777e-10
10720.0 3.035491e-10
10730.0 3.000555e-10
10740.0 2.966965e-10
10750.0 2.934675e-10
10760.0 2.903597e-10
10770.0 2.873614e-10
10780.0 2.844588e-10
10790.0 2.816359e-10
10800.0 2.788764e-10
10810.0 2.761631e-10
10820.0 2.734792e-10
10830.0 2.708088e-10
10840.0 2.681366e-10
10850.0 2.654492e-10
10860.0 2.627344e-10
10870.0 2.599822e-10
10880.0 2.571845e-10
10890.0 2.543350e-10
10900.0 2.514296e-10
10910.0 2.484661e-10
10920.0 2.454438e-10
10930.0 2.423640e-10
10940.0 2.392292e-10
10950.0 2.360433e-10
10960.0 2.328110e-10
10970.0 2.295380e-10
10980.0 2.262304e-10
10990.0 2.228947e-10
11000.0 2.195378e-10
11010.0 2.161663e-10
11020.0 2.127871e-10
11030.0 2.094066e-10
11040.0 2.060313e-10
11050.0 2.026672e-10
11060.0 1.993201e-10
11070.0 1.959959e-10
11080.0 1.927000e-10
11090.0 1.894378e-10
11100.0 1.862147e-10
11110.0 1.830362e-10
11120.0 1.799078e-10
11130.0 1.768353e-10
11140.0 1.738244e-10
11150.0 1.708812e-10
11160.0 1.680120e-10
11170.0 1.652231e-10
11180.0 1.625209e-10
11190.0 1.599118e-10
11200.0 1.574019e-10
11210.0 1.549972e-10
11220.0 1.527032e-10
11230.0 1.505248e-10
11240.0 1.484660e-10
11250.0 1.465300e-10
11260.0 1.447192e-10
11270.0 1.430344e-10
11280.0 1.414753e-10
11290.0 1.400403e-10
11300.0 1.387263e-10
11310.0 1.375289e-10
11320.0 1.364421e-10
11330.0 1.354586e-10
11340.0 1.345699e-10
11350.0 1.337662e-10
11360.0 1.330368e-10
11370.0 1.323702e-10
11380.0 1.317540e-10
11390.0 1.311756e-10
11400.0 1.306219e-10
11410.0 1.300801e-10
11420.0 1.295373e-10
11430.0 1.289811e-10
11440.0 1.283997e-10
11450.0 1.277822e-10
11460.0 1.271184e-10
11470.0 1.263994e-10
11480.0 1.256172e-10
11490.0 1.247654e-10
11500.0 1.238387e-10
11510.0 1.228333e-10
11520.0 1.217466e-10
11530.0 1.205777e-10
11540.0 1.193268e-10
11550.0 1.179954e-10
11560.0 1.165864e-10
11570.0 1.151036e-10
11580.0 1.135523e-10
11590.0 1.119385e-10
11600.0 1.102690e-10
11610.0 1.085515e-10
11620.0 1.067943e-10
11630.0 1.050063e-10
11640.0 1.031965e-10
11650.0 1.013745e-10
11660.0 9.954970e-11
11670.0 9.773156e-11
11680.0 9.592934e-11
11690.0 9.415199e-11
11700.0 9.240800e-11
11710.0 9.070527e-11
11720.0 8.905104e-11
11730.0 8.745171e-11
11740.0 8.591286e-11
11750.0 8.443907e-11
11760.0 8.303397e-11
11770.0 8.170010e-11
11780.0 8.043900e-11
11790.0 7.925115e-11
11800.0 7.813600e-11
11810.0 7.709203e-11
11820.0 7.611681e-11
11830.0 7.520704e-11
11840.0 7.435867e-11
11850.0 7.356699e-11
11860.0 7.282672e-11
11870.0 7.213212e-11
11880.0 7.147714e-11
11890.0 7.085548e-11
11900.0 7.026074e-11
11910.0 6.968653e-11
11920.0 6.912656e-11
11930.0 6.857479e-11
11940.0 6.802546e-11
11950.0 6.747321e-11
11960.0 6.691319e-11
11970.0 6.634107e-11
11980.0 6.575316e-11
11990.0 6.514641e-11
12000.0 6.451848e-11
12010.0 6.386773e-11
12020.0 6.319328e-11
12030.0 6.249500e-11
12040.0 6.177345e-11
12050.0 6.102993e-11
12060.0 6.026642e-11
12070.0 5.948554e-11
12080.0 5.869049e-11
12090.0 5.788503e-11
12100.0 5.707339e-11
12110.0 5.626020e-11
12120.0 5.545047e-11
12130.0 5.464946e-11
12140.0 5.386264e-11
12150.0 5.309561e-11
12160.0 5.235406e-11
12170.0 5.164361e-11
12180.0 5.096984e-11
12190.0 5.033817e-11
12200.0 4.975377e-11
12210.0 4.922153e-11
12220.0 4.874599e-11
12230.0 4.833124e-11
12240.0 4.798089e-11
12250.0 4.769798e-11
12260.0 4.748497e-11
12270.0 4.734365e-11
12280.0 4.727509e-11
12290.0 4.727967e-11
12300.0 4.735698e-11
12310.0 4.750588e-11
12320.0 4.772445e-11
12330.0 4.801005e-11
12340.0 4.835935e-11
12350.0 4.876834e-11
12360.0 4.923244e-11
12370.0 4.974656e-11
12380.0 5.030517e-11
12390.0 5.090245e-11
12400.0 5.153232e-11
12410.0 5.218860e-11
12420.0 5.286509e-11
12430.0 5.355567e-11
12440.0 5.425438e-11
12450.0 5.495554e-11
12460.0 5.565375e-11
12470.0 5.634403e-11
12480.0 5.702178e-11
12490.0 5.768287e-11
12500.0 5.832362e-11
12510.0 5.894084e-11
12520.0 5.953174e-11
12530.0 6.009402e-11
12540.0 6.062576e-11
12550.0 6.112542e-11
12560.0 6.159183e-11
12570.0 6.202411e-11
12580.0 6.242168e-11
12590.0 6.278421e-11
12600.0 6.311159e-11
12610.0 6.340392e-11
12620.0 6.366149e-11
12630.0 6.388475e-11
12640.0 6.407430e-11
12650.0 6.423088e-11
12660.0 6.435539e-11
12670.0 6.444881e-11
12680.0 6.451227e-11
12690.0 6.454698e-11
12700.0 6.455423e-11
12710.0 6.453542e-11
12720.0 6.449196e-11
12730.0 6.442531e-11
12740.0 6.433694e-11
12750.0 6.422829e-11
12760.0 6.410078e-11
12770.0 6.395572e-11
12780.0 6.379435e-11
12790.0 6.361777e-11
12800.0 6.342693e-11
12810.0 6.322259e-11
12820.0 6.300534e-11
12830.0 6.277556e-11
12840.0 6.253342e-11
12850.0 6.227889e-11
12860.0 6.201174e-11
12870.0 6.173156e-11
12880.0 6.143778e-11
12890.0 6.112970e-11
12900.0 6.080654e-11
12910.0 6.046745e-11
12920.0 6.011161e-11
12930.0 5.973822e-11
12940.0 5.934656e-11
12950.0 5.893606e-11
12960.0 5.850636e-11
12970.0 5.805728e-11
12980.0 5.758893e-11
12990.0 5.710170e-11
13000.0 5.659629e-11
13010.0 5.607370e-11
13020.0 5.553527e-11
13030.0 5.498266e-11
13040.0 5.441780e-11
13050.0 5.384293e-11
13060.0 5.326048e-11
13070.0 5.267312e-11
13080.0 5.208366e-11
13090.0 5.149501e-11
13100.0 5.091013e-11
13110.0 5.033201e-11
13120.0 4.976355e-11
13130.0 4.920760e-11
13140.0 4.866682e-11
13150.0 4.814373e-11
13160.0 4.764061e-11
13170.0 4.715950e-11
13180.0 4.670218e-11
13190.0 4.627014e-11
13200.0 4.586459e-11
13210.0 4.548641e-11
13220.0 4.513623e-11
13230.0 4.481436e-11
13240.0 4.452084e-11
13250.0 4.425544e-11
13260.0 4.401768e-11
13270.0 4.380685e-11
13280.0 4.362199e-11
13290.0 4.346198e-11
13300.0 4.332550e-11
13310.0 4.321104e-11
13320.0 4.311698e-11
13330.0 4.304156e-11
13340.0 4.298290e-11
13350.0 4.293908e-11
13360.0 4.290806e-11
13370.0 4.288782e-11
13380.0 4.287631e-11
13390.0 4.287149e-11
13400.0 4.287140e-11
13410.0 4.287411e-11
13420.0 4.287785e-11
13430.0 4.288095e-11
13440.0 4.288191e-11
13450.0 4.287943e-11
13460.0 4.287237e-11
13470.0 4.285986e-11
13480.0 4.284121e-11
13490.0 4.281598e-11
13500.0 4.278393e-11
13510.0 4.274507e-11
13520.0 4.269958e-11
13530.0 4.264783e-11
13540.0 4.259033e-11
13550.0 4.252775e-11
13560.0 4.246083e-11
13570.0 4.239039e-11
13580.0 4.231730e-11
13590.0 4.224243e-11
13600.0 4.216663e-11
13610.0 4.209072e-11
13620.0 4.201549e-11
13630.0 4.194161e-11
13640.0 4.186970e-11
13650.0 4.180028e-11
13660.0 4.173378e-11
13670.0 4.167051e-11
13680.0 4.161070e-11
13690.0 4.155447e-11
13700.0 4.150187e-11
13710.0 4.145282e-11
13720.0 4.140719e-11
13730.0 4.136474e-11
13740.0 4.132515e-11
13750.0 4.128802e-11
13760.0 4.125287e-11
13770.0 4.121916e-11
13780.0 4.118625e-11
13790.0 4.115344e-11
13800.0 4.111998e-11
13810.0 4.108503e-11
13820.0 4.104772e-11
13830.0 4.100717e-11
13840.0 4.096243e-11
13850.0 4.091261e-11
13860.0 4.085678e-11
13870.0 4.079411e-11
13880.0 4.072379e-11
13890.0 4.064515e-11
13900.0 4.055758e-11
13910.0 4.046066e-11
13920.0 4.035409e-11
13930.0 4.023776e-11
13940.0 4.011172e-11
13950.0 3.997621e-11
13960.0 3.983166e-11
13970.0 3.967867e-11
13980.0 3.951798e-11
13990.0 3.935047e-11
14000.0 3.917716e-11
14010.0 3.899912e-11
14020.0 3.881747e-11
14030.0 3.863339e-11
14040.0 3.844800e-11
14050.0 3.826240e-11
14060.0 3.807762e-11
14070.0 3.789460e-11
14080.0 3.771417e-11
14090.0 3.753705e-11
14100.0 3.736385e-11
14110.0 3.719506e-11
14120.0 3.703106e-11
14130.0 3.687218e-11
14140.0 3.671867e-11
14150.0 3.657074e-11
14160.0 3.642861e-11
14170.0 3.629251e-11
14180.0 3.616274e-11
14190.0 3.603965e-11
14200.0 3.592371e-11
14210.0 3.581548e-11
14220.0 3.571565e-11
14230.0 3.562501e-11
14240.0 3.554449e-11
14250.0 3.547508e-11
14260.0 3.541789e-11
14270.0 3.537405e-11
14280.0 3.534471e-11
14290.0 3.533101e-11
14300.0 3.533403e-11
14310.0 3.535478e-11
14320.0 3.539410e-11
14330.0 3.545271e-11
14340.0 3.553112e-11
14350.0 3.562963e-11
14360.0 3.574829e-11
14370.0 3.588696e-11
14380.0 3.604519e-11
14390.0 3.622235e-11
14400.0 3.641756e-11
14410.0 3.662974e-11
14420.0 3.685764e-11
14430.0 3.709988e-11
14440.0 3.735495e-11
14450.0 3.762131e-11
14460.0 3.789738e-11
14470.0 3.818161e-11
14480.0 3.847252e-11
14490.0 3.876873e-11
14500.0 3.906902e-11
14510.0 3.937232e-11
14520.0 3.967777e-11
14530.0 3.998474e-11
14540.0 4.029283e-11
14550.0 4.060188e-11
14560.0 4.091196e-11
14570.0 4.122338e-11
14580.0 4.153667e-11
14590.0 4.185255e-11
14600.0 4.217190e-11
14610.0 4.249575e-11
14620.0 4.282524e-11
14630.0 4.316154e-11
14640.0 4.350588e-11
14650.0 4.385946e-11
14660.0 4.422342e-11
14670.0 4.459880e-11
14680.0 4.498653e-11
14690.0 4.538736e-11
14700.0 4.580186e-11
14710.0 4.623037e-11
14720.0 4.667298e-11
14730.0 4.712956e-11
14740.0 4.759969e-11
14750.0 4.808269e-11
14760.0 4.857760e-11
14770.0 4.908320e-11
14780.0 4.959802e-11
14790.0 5.012035e-11
14800.0 5.064824e-11
14810.0 5.117954e-11
14820.0 5.171194e-11
14830.0 5.224296e-11
14840.0 5.277001e-11
14850.0 5.329044e-11
14860.0 5.380151e-11
14870.0 5.430050e-11
14880.0 5.478472e-11
14890.0 5.525157e-11
14900.0 5.569853e-11
14910.0 5.612327e-11
14920.0 5.652364e-11
14930.0 5.689773e-11
14940.0 5.724390e-11
14950.0 5.756081e-11
14960.0 5.784746e-11
14970.0 5.810317e-11
14980.0 5.832765e-11
14990.0 5.852097e-11
15000.0 5.868356e-11
15010.0 5.881622e-11
15020.0 5.892008e-11
15030.0 5.899659e-11
15040.0 5.904750e-11
15050.0 5.907480e-11
15060.0 5.908068e-11
15070.0 5.906750e-11
15080.0 5.903773e-11
15090.0 5.899389e-11
15100.0 5.893852e-11
15110.0 5.887411e-11
15120.0 5.880307e-11
15130.0 5.872769e-11
15140.0 5.865008e-11
15150.0 5.857221e-11
15160.0 5.849579e-11
15170.0 5.842235e-11
15180.0 5.835318e-11
15190.0 5.828935e-11
15200.0 5.823176e-11
15210.0 5.818106e-11
15220.0 5.813780e-11
15230.0 5.810234e-11
15240.0 5.807497e-11
15250.0 5.805588e-11
15260.0 5.804522e-11
15270.0 5.804315e-11
15280.0 5.804981e-11
15290.0 5.806539e-11
15300.0 5.809015e-11
15310.0 5.812439e-11
15320.0 5.816849e-11
15330.0 5.822291e-11
15340.0 5.828818e-11
15350.0 5.836488e-11
15360.0 5.845362e-11
15370.0 5.855504e-11
15380.0 5.866975e-11
15390.0 5.879835e-11
15400.0 5.894137e-11
15410.0 5.909923e-11
15420.0 5.927228e-11
15430.0 5.946068e-11
15440.0 5.966447e-11
15450.0 5.988352e-11
15460.0 6.011749e-11
15470.0 6.036590e-11
15480.0 6.062805e-11
15490.0 6.090310e-11
15500.0 6.119003e-11
15510.0 6.148769e-11
15520.0 6.179479e-11
15530.0 6.210997e-11
15540.0 6.243178e-11
15550.0 6.275873e-11
15560.0 6.308932e-11
15570.0 6.342206e-11
15580.0 6.375549e-11
15590.0 6.408821e-11
15600.0 6.441889e-11
15610.0 6.474632e-11
15620.0 6.506936e-11
15630.0 6.538701e-11
15640.0 6.569836e-11
15650.0 6.600265e-11
15660.0 6.629919e-11
15670.0 6.658743e-11
15680.0 6.686690e-11
15690.0 6.713723e-11
15700.0 6.739811e-11
15710.0 6.764931e-11
15720.0 6.789065e-11
15730.0 6.812198e-11
15740.0 6.834320e-11
15750.0 6.855422e-11
15760.0 6.875500e-11
15770.0 6.894549e-11
15780.0 6.912567e-11
15790.0 6.929555e-11
15800.0 6.945517e-11
15810.0 6.960459e-11
15820.0 6.974391e-11
15830.0 6.987329e-11
15840.0 6.999296e-11
15850.0 7.010319e-11
15860.0 7.020434e-11
15870.0 7.029685e-11
15880.0 7.038125e-11
15890.0 7.045814e-11
15900.0 7.052822e-11
15910.0 7.059226e-11
15920.0 7.065111e-11
15930.0 7.070566e-11
15940.0 7.075686e-11
15950.0 7.080566e-11
15960.0 7.085302e-11
15970.0 7.089988e-11
15980.0 7.094711e-11
15990.0 7.099553e-11
16000.0 7.104582e-11
16010.0 7.109853e-11
16020.0 7.115407e-11
16030.0 7.121264e-11
16040.0 7.127426e-11
16050.0 7.133872e-11
16060.0 7.140559e-11
16070.0 7.147420e-11
16080.0 7.154366e-11
16090.0 7.161284e-11
16100.0 7.168042e-11
16110.0 7.174486e-11
16120.0 7.180450e-11
16130.0 7.185748e-11
16140.0 7.190189e-11
16150.0 7.193572e-11
16160.0 7.195693e-11
16170.0 7.196350e-11
16180.0 7.195344e-11
16190.0 7.192486e-11
16200.0 7.187597e-11
16210.0 7.180514e-11
16220.0 7.171092e-11
16230.0 7.159204e-11
16240.0 7.144748e-11
16250.0 7.127643e-11
16260.0 7.107833e-11
16270.0 7.085285e-11
16280.0 7.059991e-11
16290.0 7.031966e-11
16300.0 7.001245e-11
16310.0 6.967888e-11
16320.0 6.931968e-11
16330.0 6.893580e-11
16340.0 6.852830e-11
16350.0 6.809839e-11
16360.0 6.764735e-11
16370.0 6.717658e-11
16380.0 6.668751e-11
16390.0 6.618163e-11
16400.0 6.566045e-11
16410.0 6.512548e-11
16420.0 6.457824e-11
16430.0 6.402022e-11
16440.0 6.345289e-11
16450.0 6.287770e-11
16460.0 6.229602e-11
16470.0 6.170922e-11
16480.0 6.111860e-11
16490.0 6.052542e-11
16500.0 5.993087e-11
16510.0 5.933612e-11
16520.0 5.874229e-11
16530.0 5.815044e-11
16540.0 5.756161e-11
16550.0 5.697680e-11
16560.0 5.639699e-11
16570.0 5.582313e-11
16580.0 5.525616e-11
16590.0 5.469700e-11
16600.0 5.414657e-11
16610.0 5.360580e-11
16620.0 5.307563e-11
16630.0 5.255697e-11
16640.0 5.205078e-11
16650.0 5.155801e-11
16660.0 5.107963e-11
16670.0 5.061659e-11
16680.0 5.016986e-11
16690.0 4.974040e-11
16700.0 4.932914e-11
16710.0 4.893699e-11
16720.0 4.856481e-11
16730.0 4.821342e-11
16740.0 4.788356e-11
16750.0 4.757589e-11
16760.0 4.729099e-11
16770.0 4.702930e-11
16780.0 4.679118e-11
16790.0 4.657682e-11
16800.0 4.638631e-11
16810.0 4.621958e-11
16820.0 4.607642e-11
16830.0 4.595645e-11
16840.0 4.585920e-11
16850.0 4.578402e-11
16860.0 4.573016e-11
16870.0 4.569674e-11
16880.0 4.568279e-11
16890.0 4.568726e-11
16900.0 4.570904e-11
16910.0 4.574697e-11
16920.0 4.579986e-11
16930.0 4.586656e-11
16940.0 4.594589e-11
16950.0 4.603673e-11
16960.0 4.613805e-11
16970.0 4.624886e-11
16980.0 4.636828e-11
16990.0 4.649555e-11
17000.0 4.663002e-11
17010.0 4.677117e-11
17020.0 4.691863e-11
17030.0 4.707214e-11
17040.0 4.723161e-11
17050.0 4.739708e-11
17060.0 4.756870e-11
17070.0 4.774679e-11
17080.0 4.793173e-11
17090.0 4.812406e-11
17100.0 4.832437e-11
17110.0 4.853335e-11
17120.0 4.875176e-11
17130.0 4.898038e-11
17140.0 4.922005e-11
17150.0 4.947162e-11
17160.0 4.973593e-11
17170.0 5.001383e-11
17180.0 5.030611e-11
17190.0 5.061355e-11
17200.0 5.093687e-11
17210.0 5.127671e-11
17220.0 5.163364e-11
17230.0 5.200816e-11
17240.0 5.240066e-11
17250.0 5.281144e-11
17260.0 5.324068e-11
17270.0 5.368847e-11
17280.0 5.415476e-11
17290.0 5.463940e-11
17300.0 5.514213e-11
17310.0 5.566252e-11
17320.0 5.620008e-11
17330.0 5.675415e-11
17340.0 5.732399e-11
17350.0 5.790870e-11
17360.0 5.850732e-11
17370.0 5.911873e-11
17380.0 5.974174e-11
17390.0 6.037505e-11
17400.0 6.101725e-11
17410.0 6.166687e-11
17420.0 6.232235e-11
17430.0 6.298206e-11
17440.0 6.364429e-11
17450.0 6.430732e-11
17460.0 6.496932e-11
17470.0 6.562847e-11
17480.0 6.628290e-11
17490.0 6.693072e-11
17500.0 6.757002e-11
17510.0 6.819888e-11
17520.0 6.881540e-11
17530.0 6.941765e-11
17540.0 7.000372e-11
17550.0 7.057172e-11
17560.0 7.111976e-11
17570.0 7.164596e-11
17580.0 7.214845e-11
17590.0 7.262539e-11
17600.0 7.307490e-11
17610.0 7.349515e-11
17620.0 7.388427e-11
17630.0 7.424039e-11
17640.0 7.456161e-11
17650.0 7.484600e-11
17660.0 7.509163e-11
17670.0 7.529650e-11
17680.0 7.545859e-11
17690.0 7.557584e-11
17700.0 7.564618e-11
17710.0 7.566751e-11
17720.0 7.563774e-11
17730.0 7.555481e-11
17740.0 7.541672e-11
17750.0 7.522158e-11
17760.0 7.496762e-11
17770.0 7.465329e-11
17780.0 7.427727e-11
17790.0 7.383854e-11
17800.0 7.333648e-11
17810.0 7.277086e-11
17820.0 7.214196e-11
17830.0 7.145057e-11
17840.0 7.069807e-11
17850.0 6.988642e-11
17860.0 6.901822e-11
17870.0 6.809668e-11
17880.0 6.712564e-11
17890.0 6.610949e-11
17900.0 6.505315e-11
17910.0 6.396202e-11
17920.0 6.284185e-11
17930.0 6.169871e-11
17940.0 6.053883e-11
17950.0 5.936852e-11
17960.0 5.819407e-11
17970.0 5.702159e-11
17980.0 5.585695e-11
17990.0 5.470567e-11
18000.0 5.357282e-11
18010.0 5.246296e-11
18020.0 5.138007e-11
18030.0 5.032753e-11
18040.0 4.930810e-11
18050.0 4.832388e-11
18060.0 4.737637e-11
18070.0 4.646647e-11
18080.0 4.559453e-11
18090.0 4.476042e-11
18100.0 4.396355e-11
18110.0 4.320298e-11
18120.0 4.247747e-11
18130.0 4.178553e-11
18140.0 4.112553e-11
18150.0 4.049574e-11
18160.0 3.989439e-11
18170.0 3.931970e-11
18180.0 3.876997e-11
18190.0 3.824359e-11
18200.0 3.773905e-11
18210.0 3.725500e-11
18220.0 3.679023e-11
18230.0 3.634366e-11
18240.0 3.591441e-11
18250.0 3.550169e-11
18260.0 3.510489e-11
18270.0 3.472347e-11
18280.0 3.435703e-11
18290.0 3.400522e-11
18300.0 3.366778e-11
18310.0 3.334447e-11
18320.0 3.303508e-11
18330.0 3.273940e-11
18340.0 3.245722e-11
18350.0 3.218831e-11
18360.0 3.193241e-11
18370.0 3.168923e-11
18380.0 3.145841e-11
18390.0 3.123958e-11
18400.0 3.103231e-11
18410.0 3.083614e-11
18420.0 3.065057e-11
18430.0 3.047508e-11
18440.0 3.030912e-11
18450.0 3.015213e-11
18460.0 3.000354e-11
18470.0 2.986281e-11
18480.0 2.972938e-11
18490.0 2.960274e-11
18500.0 2.948239e-11
18510.0 2.936785e-11
18520.0 2.925872e-11
18530.0 2.915460e-11
18540.0 2.905516e-11
18550.0 2.896008e-11
18560.0 2.886912e-11
18570.0 2.878206e-11
18580.0 2.869871e-11
18590.0 2.861892e-11
18600.0 2.854256e-11
18610.0 2.846953e-11
18620.0 2.839973e-11
18630.0 2.833307e-11
18640.0 2.826947e-11
18650.0 2.820882e-11
18660.0 2.815101e-11
18670.0 2.809592e-11
18680.0 2.804339e-11
18690.0 2.799323e-11
18700.0 2.794524e-11
18710.0 2.789917e-11
18720.0 2.785473e-11
18730.0 2.781163e-11
18740.0 2.776952e-11
18750.0 2.772803e-11
18760.0 2.768679e-11
18770.0 2.764540e-11
18780.0 2.760343e-11
18790.0 2.756050e-11
18800.0 2.751618e-11
18810.0 2.747010e-11
18820.0 2.742188e-11
18830.0 2.737118e-11
18840.0 2.731771e-11
18850.0 2.726119e-11
18860.0 2.720142e-11
18870.0 2.713823e-11
18880.0 2.707152e-11
18890.0 2.700123e-11
18900.0 2.692739e-11
18910.0 2.685006e-11
18920.0 2.676936e-11
18930.0 2.668547e-11
18940.0 2.659863e-11
18950.0 2.650910e-11
18960.0 2.641721e-11
18970.0 2.632331e-11
18980.0 2.622778e-11
18990.0 2.613102e-11
19000.0 2.603346e-11
19010.0 2.593551e-11
19020.0 2.583761e-11
19030.0 2.574019e-11
19040.0 2.564367e-11
19050.0 2.554845e-11
19060.0 2.545492e-11
19070.0 2.536343e-11
19080.0 2.527432e-11
19090.0 2.518791e-11
19100.0 2.510445e-11
19110.0 2.502419e-11
19120.0 2.494734e-11
19130.0 2.487405e-11
19140.0 2.480446e-11
19150.0 2.473865e-11
19160.0 2.467669e-11
19170.0 2.461860e-11
19180.0 2.456436e-11
19190.0 2.451392e-11
19200.0 2.446720e-11
19210.0 2.442409e-11
19220.0 2.438447e-11
19230.0 2.434816e-11
19240.0 2.431499e-11
19250.0 2.428476e-11
19260.0 2.425726e-11
19270.0 2.423227e-11
19280.0 2.420956e-11
19290.0 2.418890e-11
19300.0 2.417008e-11
19310.0 2.415288e-11
19320.0 2.413709e-11
19330.0 2.412254e-11
19340.0 2.410906e-11
19350.0 2.409653e-11
19360.0 2.408482e-11
19370.0 2.407389e-11
19380.0 2.406367e-11
19390.0 2.405417e-11
19400.0 2.404542e-11
19410.0 2.403748e-11
19420.0 2.403043e-11
19430.0 2.402441e-11
19440.0 2.401954e-11
19450.0 2.401601e-11
19460.0 2.401398e-11
19470.0 2.401362e-11
19480.0 2.401512e-11
19490.0 2.401865e-11
19500.0 2.402435e-11
19510.0 2.403235e-11
19520.0 2.404275e-11
19530.0 2.405558e-11
19540.0 2.407087e-11
19550.0 2.408855e-11
19560.0 2.410853e-11
19570.0 2.413064e-11
19580.0 2.415465e-11
19590.0 2.418027e-11
19600.0 2.420715e-11
19610.0 2.423486e-11
19620.0 2.426293e-11
19630.0 2.429082e-11
19640.0 2.431795e-11
19650.0 2.434371e-11
19660.0 2.436742e-11
19670.0 2.438839e-11
19680.0 2.440592e-11
19690.0 2.441928e-11
19700.0 2.442775e-11
19710.0 2.443062e-11
19720.0 2.442719e-11
19730.0 2.441679e-11
19740.0 2.439877e-11
19750.0 2.437256e-11
19760.0 2.433760e-11
19770.0 2.429341e-11
19780.0 2.423956e-11
19790.0 2.417569e-11
19800.0 2.410153e-11
19810.0 2.401686e-11
19820.0 2.392155e-11
19830.0 2.381555e-11
19840.0 2.369887e-11
19850.0 2.357163e-11
19860.0 2.343399e-11
19870.0 2.328622e-11
19880.0 2.312862e-11
19890.0 2.296160e-11
19900.0 2.278559e-11
19910.0 2.260110e-11
19920.0 2.240869e-11
19930.0 2.220896e-11
19940.0 2.200253e-11
19950.0 2.179009e-11
19960.0 2.157231e-11
19970.0 2.134993e-11
19980.0 2.112364e-11
19990.0 2.089420e-11
20000.0 2.066233e-11
20010.0 2.042875e-11
20020.0 2.019418e-11
20030.0 1.995933e-11
20040.0 1.972487e-11
20050.0 1.949147e-11
20060.0 1.925977e-11
20070.0 1.903038e-11
20080.0 1.880387e-11
20090.0 1.858081e-11
20100.0 1.836171e-11
20110.0 1.814705e-11
20120.0 1.793729e-11
20130.0 1.773285e-11
20140.0 1.753411e-11
20150.0 1.734143e-11
20160.0 1.715511e-11
20170.0 1.697545e-11
20180.0 1.680270e-11
20190.0 1.663707e-11
20200.0 1.647877e-11
20210.0 1.632795e-11
20220.0 1.618474e-11
20230.0 1.604926e-11
20240.0 1.592158e-11
20250.0 1.580178e-11
20260.0 1.568989e-11
20270.0 1.558594e-11
20280.0 1.548994e-11
20290.0 1.540188e-11
20300.0 1.532176e-11
20310.0 1.524956e-11
20320.0 1.518526e-11
20330.0 1.512884e-11
20340.0 1.508028e-11
20350.0 1.503956e-11
20360.0 1.500669e-11
20370.0 1.498167e-11
20380.0 1.496449e-11
20390.0 1.495520e-11
20400.0 1.495382e-11
20410.0 1.496041e-11
20420.0 1.497500e-11
20430.0 1.499767e-11
20440.0 1.502848e-11
20450.0 1.506750e-11
20460.0 1.511481e-11
20470.0 1.517046e-11
20480.0 1.523452e-11
20490.0 1.530704e-11
20500.0 1.538804e-11
20510.0 1.547752e-11
20520.0 1.557548e-11
20530.0 1.568185e-11
20540.0 1.579655e-11
20550.0 1.591946e-11
20560.0 1.605043e-11
20570.0 1.618923e-11
20580.0 1.633563e-11
20590.0 1.648932e-11
20600.0 1.664997e-11
20610.0 1.681720e-11
20620.0 1.699057e-11
20630.0 1.716961e-11
20640.0 1.735384e-11
20650.0 1.754270e-11
20660.0 1.773565e-11
20670.0 1.793208e-11
20680.0 1.813141e-11
20690.0 1.833301e-11
20700.0 1.853627e-11
20710.0 1.874058e-11
20720.0 1.894532e-11
20730.0 1.914992e-11
20740.0 1.935378e-11
20750.0 1.955638e-11
20760.0 1.975720e-11
20770.0 1.995575e-11
20780.0 2.015162e-11
20790.0 2.034439e-11
20800.0 2.053373e-11
20810.0 2.071932e-11
20820.0 2.090091e-11
20830.0 2.107827e-11
20840.0 2.125121e-11
20850.0 2.141958e-11
20860.0 2.158325e-11
20870.0 2.174211e-11
20880.0 2.189605e-11
20890.0 2.204497e-11
20900.0 2.218876e-11
20910.0 2.232727e-11
20920.0 2.246036e-11
20930.0 2.258782e-11
20940.0 2.270943e-11
20950.0 2.282491e-11
20960.0 2.293395e-11
20970.0 2.303617e-11
20980.0 2.313119e-11
20990.0 2.321856e-11
21000.0 2.329782e-11
21010.0 2.336850e-11
21020.0 2.343012e-11
21030.0 2.348220e-11
21040.0 2.352430e-11
21050.0 2.355599e-11
21060.0 2.357690e-11
21070.0 2.358672e-11
21080.0 2.358521e-11
21090.0 2.357218e-11
21100.0 2.354754e-11
21110.0 2.351129e-11
21120.0 2.346350e-11
21130.0 2.340434e-11
21140.0 2.333405e-11
21150.0 2.325298e-11
21160.0 2.316152e-11
21170.0 2.306015e-11
21180.0 2.294943e-11
21190.0 2.282995e-11
21200.0 2.270237e-11
21210.0 2.256739e-11
21220.0 2.242575e-11
21230.0 2.227821e-11
21240.0 2.212559e-11
21250.0 2.196867e-11
21260.0 2.180830e-11
21270.0 2.164529e-11
21280.0 2.148049e-11
21290.0 2.131471e-11
21300.0 2.114877e-11
21310.0 2.098346e-11
21320.0 2.081958e-11
21330.0 2.065787e-11
21340.0 2.049906e-11
21350.0 2.034385e-11
21360.0 2.019291e-11
21370.0 2.004684e-11
21380.0 1.990625e-11
21390.0 1.977166e-11
21400.0 1.964359e-11
21410.0 1.952248e-11
21420.0 1.940874e-11
21430.0 1.930274e-11
21440.0 1.920480e-11
21450.0 1.911520e-11
21460.0 1.903416e-11
21470.0 1.896188e-11
21480.0 1.889851e-11
21490.0 1.884416e-11
21500.0 1.879890e-11
21510.0 1.876278e-11
21520.0 1.873580e-11
21530.0 1.871795e-11
21540.0 1.870916e-11
21550.0 1.870936e-11
21560.0 1.871845e-11
21570.0 1.873631e-11
21580.0 1.876279e-11
21590.0 1.879773e-11
21600.0 1.884094e-11
21610.0 1.889224e-11
21620.0 1.895142e-11
21630.0 1.901825e-11
21640.0 1.909251e-11
21650.0 1.917396e-11
21660.0 1.926235e-11
21670.0 1.935743e-11
21680.0 1.945894e-11
21690.0 1.956662e-11
21700.0 1.968020e-11
21710.0 1.979942e-11
21720.0 1.992399e-11
21730.0 2.005366e-11
21740.0 2.018814e-11
21750.0 2.032717e-11
21760.0 2.047048e-11
21770.0 2.061778e-11
21780.0 2.076882e-11
21790.0 2.092333e-11
21800.0 2.108103e-11
21810.0 2.124166e-11
21820.0 2.140496e-11
21830.0 2.157067e-11
21840.0 2.173852e-11
21850.0 2.190826e-11
21860.0 2.207962e-11
21870.0 2.225235e-11
21880.0 2.242618e-11
21890.0 2.260087e-11
21900.0 2.277614e-11
21910.0 2.295173e-11
21920.0 2.312738e-11
21930.0 2.330282e-11
21940.0 2.347778e-11
21950.0 2.365198e-11
21960.0 2.382513e-11
21970.0 2.399696e-11
21980.0 2.416716e-11
21990.0 2.433543e-11
22000.0 2.450146e-11
22010.0 2.466493e-11
22020.0 2.482551e-11
22030.0 2.498285e-11
22040.0 2.513662e-11
22050.0 2.528644e-11
22060.0 2.543195e-11
22070.0 2.557276e-11
22080.0 2.570848e-11
22090.0 2.583870e-11
22100.0 2.596303e-11
22110.0 2.608102e-11
22120.0 2.619226e-11
22130.0 2.629631e-11
22140.0 2.639274e-11
22150.0 2.648110e-11
22160.0 2.656096e-11
22170.0 2.663188e-11
22180.0 2.669342e-11
22190.0 2.674516e-11
22200.0 2.678669e-11
22210.0 2.681761e-11
22220.0 2.683753e-11
22230.0 2.684608e-11
22240.0 2.684294e-11
22250.0 2.682779e-11
22260.0 2.680035e-11
22270.0 2.676038e-11
22280.0 2.670766e-11
22290.0 2.664202e-11
22300.0 2.656336e-11
22310.0 2.647158e-11
22320.0 2.636665e-11
22330.0 2.624861e-11
22340.0 2.611753e-11
22350.0 2.597353e-11
22360.0 2.581681e-11
22370.0 2.564760e-11
22380.0 2.546621e-11
22390.0 2.527298e-11
22400.0 2.506832e-11
22410.0 2.485270e-11
22420.0 2.462663e-11
22430.0 2.439068e-11
22440.0 2.414544e-11
22450.0 2.389157e-11
22460.0 2.362978e-11
22470.0 2.336078e-11
22480.0 2.308533e-11
22490.0 2.280422e-11
22500.0 2.251826e-11
22510.0 2.222827e-11
22520.0 2.193510e-11
22530.0 2.163958e-11
22540.0 2.134257e-11
22550.0 2.104490e-11
22560.0 2.074741e-11
22570.0 2.045093e-11
22580.0 2.015624e-11
22590.0 1.986415e-11
22600.0 1.957540e-11
22610.0 1.929073e-11
22620.0 1.901081e-11
22630.0 1.873633e-11
22640.0 1.846789e-11
22650.0 1.820607e-11
22660.0 1.795142e-11
22670.0 1.770444e-11
22680.0 1.746557e-11
22690.0 1.723523e-11
22700.0 1.701377e-11
22710.0 1.680153e-11
22720.0 1.659878e-11
22730.0 1.640576e-11
22740.0 1.622267e-11
22750.0 1.604966e-11
22760.0 1.588686e-11
22770.0 1.573435e-11
22780.0 1.559218e-11
22790.0 1.546038e-11
22800.0 1.533894e-11
22810.0 1.522783e-11
22820.0 1.512699e-11
22830.0 1.503634e-11
22840.0 1.495579e-11
22850.0 1.488522e-11
22860.0 1.482450e-11
22870.0 1.477348e-11
22880.0 1.473200e-11
22890.0 1.469990e-11
22900.0 1.467701e-11
22910.0 1.466313e-11
22920.0 1.465807e-11
22930.0 1.466163e-11
22940.0 1.467360e-11
22950.0 1.469378e-11
22960.0 1.472192e-11
22970.0 1.475782e-11
22980.0 1.480122e-11
22990.0 1.485189e-11
23000.0 1.490957e-11
23010.0 1.497399e-11
23020.0 1.504487e-11
23030.0 1.512192e-11
23040.0 1.520484e-11
23050.0 1.529330e-11
23060.0 1.538698e-11
23070.0 1.548551e-11
23080.0 1.558852e-11
23090.0 1.569563e-11
23100.0 1.580643e-11
23110.0 1.592047e-11
23120.0 1.603733e-11
23130.0 1.615651e-11
23140.0 1.627753e-11
23150.0 1.639990e-11
23160.0 1.652306e-11
23170.0 1.664649e-11
23180.0 1.676962e-11
23190.0 1.689187e-11
23200.0 1.701266e-11
23210.0 1.713139e-11
23220.0 1.724746e-11
23230.0 1.736026e-11
23240.0 1.746919e-11
23250.0 1.757365e-11
23260.0 1.767305e-11
23270.0 1.776681e-11
23280.0 1.785438e-11
23290.0 1.793522e-11
23300.0 1.800883e-11
23310.0 1.807475e-11
23320.0 1.813254e-11
23330.0 1.818183e-11
23340.0 1.822228e-11
23350.0 1.825361e-11
23360.0 1.827561e-11
23370.0 1.828812e-11
23380.0 1.829104e-11
23390.0 1.828433e-11
23400.0 1.826805e-11
23410.0 1.824227e-11
23420.0 1.820718e-11
23430.0 1.816299e-11
23440.0 1.811001e-11
23450.0 1.804857e-11
23460.0 1.797908e-11
23470.0 1.790199e-11
23480.0 1.781781e-11
23490.0 1.772706e-11
23500.0 1.763034e-11
23510.0 1.752824e-11
23520.0 1.742140e-11
23530.0 1.731047e-11
23540.0 1.719612e-11
23550.0 1.707903e-11
23560.0 1.695987e-11
23570.0 1.683933e-11
23580.0 1.671808e-11
23590.0 1.659679e-11
23600.0 1.647612e-11
23610.0 1.635670e-11
23620.0 1.623915e-11
23630.0 1.612408e-11
23640.0 1.601207e-11
23650.0 1.590365e-11
23660.0 1.579937e-11
23670.0 1.569972e-11
23680.0 1.560519e-11
23690.0 1.551623e-11
23700.0 1.543326e-11
23710.0 1.535670e-11
23720.0 1.528694e-11
23730.0 1.522434e-11
23740.0 1.516927e-11
23750.0 1.512207e-11
23760.0 1.508305e-11
23770.0 1.505254e-11
23780.0 1.503084e-11
23790.0 1.501824e-11
23800.0 1.501502e-11
23810.0 1.502145e-11
23820.0 1.503776e-11
23830.0 1.506448e-11
23840.0 1.510164e-11
23850.0 1.514926e-11
23860.0 1.520746e-11
23870.0 1.527631e-11
23880.0 1.535580e-11
23890.0 1.544586e-11
23900.0 1.554634e-11
23910.0 1.565701e-11
23920.0 1.577755e-11
23930.0 1.590754e-11
23940.0 1.604647e-11
23950.0 1.619374e-11
23960.0 1.634866e-11
23970.0 1.651045e-11
23980.0 1.667826e-11
23990.0 1.685119e-11
24000.0 1.702829e-11
24010.0 1.720859e-11
24020.0 1.739108e-11
24030.0 1.757479e-11
24040.0 1.775877e-11
24050.0 1.794208e-11
24060.0 1.812386e-11
24070.0 1.830332e-11
24080.0 1.847974e-11
24090.0 1.865247e-11
24100.0 1.882098e-11
24110.0 1.898480e-11
24120.0 1.914357e-11
24130.0 1.929701e-11
24140.0 1.944491e-11
24150.0 1.958716e-11
24160.0 1.972368e-11
24170.0 1.985448e-11
24180.0 1.997959e-11
24190.0 2.009909e-11
24200.0 2.021309e-11
24210.0 2.032170e-11
24220.0 2.042508e-11
24230.0 2.052336e-11
24240.0 2.061669e-11
24250.0 2.070520e-11
24260.0 2.078904e-11
24270.0 2.086830e-11
24280.0 2.094311e-11
24290.0 2.101356e-11
24300.0 2.107970e-11
24310.0 2.114161e-11
24320.0 2.119930e-11
24330.0 2.125281e-11
24340.0 2.130213e-11
24350.0 2.134723e-11
24360.0 2.138809e-11
24370.0 2.142466e-11
24380.0 2.145685e-11
24390.0 2.148462e-11
24400.0 2.150787e-11
24410.0 2.152654e-11
24420.0 2.154054e-11
24430.0 2.154981e-11
24440.0 2.155432e-11
24450.0 2.155403e-11
24460.0 2.154896e-11
24470.0 2.153915e-11
24480.0 2.152469e-11
24490.0 2.150572e-11
24500.0 2.148242e-11
24510.0 2.145503e-11
24520.0 2.142385e-11
24530.0 2.138921e-11
24540.0 2.135151e-11
24550.0 2.131117e-11
24560.0 2.126867e-11
24570.0 2.122448e-11
24580.0 2.117913e-11
24590.0 2.113312e-11
24600.0 2.108696e-11
24610.0 2.104114e-11
24620.0 2.099613e-11
24630.0 2.095234e-11
24640.0 2.091018e-11
24650.0 2.086997e-11
24660.0 2.083200e-11
24670.0 2.079648e-11
24680.0 2.076358e-11
24690.0 2.073341e-11
24700.0 2.070601e-11
24710.0 2.068140e-11
24720.0 2.065951e-11
24730.0 2.064027e-11
24740.0 2.062355e-11
24750.0 2.060922e-11
24760.0 2.059709e-11
24770.0 2.058698e-11
24780.0 2.057871e-11
24790.0 2.057208e-11
24800.0 2.056690e-11
24810.0 2.056296e-11
24820.0 2.056011e-11
24830.0 2.055815e-11
24840.0 2.055695e-11
24850.0 2.055635e-11
24860.0 2.055623e-11
24870.0 2.055648e-11
24880.0 2.055700e-11
24890.0 2.055771e-11
24900.0 2.055855e-11
24910.0 2.055946e-11
24920.0 2.056039e-11
24930.0 2.056133e-11
24940.0 2.056224e-11
24950.0 2.056311e-11
24960.0 2.056392e-11
24970.0 2.056469e-11
24980.0 2.056539e-11
24990.0 2.056603e-11
25000.0 2.056661e-11
