1000.00 1.474858e-16
1010.00 2.342881e-16
1020.00 2.765366e-16
1030.00 3.603717e-16
1040.00 4.739691e-16
1050.00 6.105915e-16
1060.00 5.659130e-16
1070.00 4.685467e-16
1080.00 6.077876e-16
1090.00 5.102131e-16
1100.00 4.052781e-16
1110.00 4.352626e-16
1120.00 5.711516e-16
1130.00 7.975388e-16
1140.00 1.108545e-15
1150.00 1.187824e-15
1160.00 1.651010e-15
1170.00 2.527851e-15
1180.00 4.557763e-15
1190.00 5.555847e-15
1200.00 6.423179e-15
1210.00 1.598638e-14
1220.00 1.693369e-14
1230.00 2.035886e-14
1240.00 2.097732e-14
1250.00 1.966755e-14
1260.00 1.852477e-14
1270.00 2.671488e-14
1280.00 5.257170e-14
1290.00 6.467734e-14
1300.00 7.290383e-14
1310.00 9.010590e-14
1320.00 9.654994e-14
1330.00 9.370258e-14
1340.00 1.029798e-13
1350.00 1.111099e-13
1360.00 1.027430e-13
1370.00 1.015667e-13
1380.00 1.147500e-13
1390.00 1.357535e-13
1400.00 1.712981e-13
1410.00 2.131818e-13
1420.00 2.539511e-13
1430.00 2.963135e-13
1440.00 3.189723e-13
1450.00 3.256506e-13
1460.00 3.256506e-13
1470.00 3.004360e-13
1480.00 2.527851e-13
1490.00 1.913167e-13
1500.00 1.357535e-13
1510.00 6.467734e-14
1520.00 4.547287e-14
1530.00 4.917595e-14
1540.00 4.951664e-14
1550.00 4.474582e-14
1560.00 4.433541e-14
1570.00 4.233994e-14
1580.00 4.214552e-14
1590.00 3.960509e-14
1600.00 3.145955e-14
1610.00 3.409984e-14
1620.00 3.481378e-14
1630.00 8.886949e-14
1640.00 7.206976e-14
1650.00 4.631820e-14
1660.00 3.182363e-14
1670.00 2.136748e-14
1680.00 1.351300e-14
1690.00 7.091746e-15
1700.00 7.775892e-15
1710.00 1.852477e-14
1720.00 2.049989e-14
1730.00 2.117149e-14
1740.00 2.097732e-14
1750.00 1.886916e-14
1760.00 1.697270e-14
1770.00 2.481716e-14
1780.00 5.354902e-14
1790.00 5.090403e-14
1800.00 4.940281e-14
1810.00 5.032120e-14
1820.00 5.711516e-14
1830.00 5.912222e-14
1840.00 6.305953e-14
1850.00 6.320480e-14
1860.00 5.817693e-14
1870.00 5.196980e-14
1880.00 4.071477e-14
1890.00 3.340054e-14
1900.00 3.628714e-14
1910.00 4.547287e-14
1920.00 6.036059e-14
1930.00 6.788160e-14
1940.00 5.594388e-14
1950.00 2.414076e-14
1960.00 1.620879e-14
1970.00 1.712982e-14
1980.00 1.624613e-14
1990.00 1.620879e-14
2000.00 1.730102e-14
2010.00 2.568693e-14
2020.00 4.936911e-14
2030.00 7.938482e-14
2040.00 1.041196e-13
2050.00 1.260767e-13
2060.00 1.377969e-13
2070.00 1.232963e-13
2080.00 9.428949e-14
2090.00 7.118296e-14
2100.00 5.580750e-14
2110.00 4.919329e-14
2120.00 5.575668e-14
2130.00 7.045004e-14
2140.00 7.449138e-14
2150.00 6.645390e-14
2160.00 6.188933e-14
2170.00 5.959473e-14
2180.00 5.229189e-14
2190.00 4.605188e-14
2200.00 4.575564e-14
2210.00 5.370086e-14
2220.00 6.813209e-14
2230.00 7.216359e-14
2240.00 5.642035e-14
2250.00 3.908957e-14
2260.00 2.932742e-14
2270.00 2.532110e-14
2280.00 2.348255e-14
2290.00 2.360743e-14
2300.00 2.467585e-14
2310.00 2.731155e-14
2320.00 3.444235e-14
2330.00 5.267020e-14
2340.00 9.558409e-14
2350.00 1.817210e-13
2360.00 3.046350e-13
2370.00 4.105004e-13
2380.00 4.676466e-13
2390.00 5.042105e-13
2400.00 5.181262e-13
2410.00 4.970014e-13
2420.00 4.745889e-13
2430.00 4.712958e-13
2440.00 4.734821e-13
2450.00 4.746198e-13
2460.00 4.672299e-13
2470.00 4.098467e-13
2480.00 2.860571e-13
2490.00 1.735310e-13
2500.00 1.126326e-13
2510.00 9.470946e-14
2520.00 9.897276e-14
2530.00 1.207677e-13
2540.00 1.773382e-13
2550.00 3.048330e-13
2560.00 5.775492e-13
2570.00 1.079989e-12
2580.00 1.698097e-12
2590.00 2.100115e-12
2600.00 2.147892e-12
2610.00 2.001993e-12
2620.00 1.781577e-12
2630.00 1.469290e-12
2640.00 1.103086e-12
2650.00 7.915943e-13
2660.00 6.097817e-13
2670.00 4.323589e-13
2680.00 3.402764e-13
2690.00 3.239215e-13
2700.00 3.751154e-13
2710.00 5.241335e-13
2720.00 8.417993e-13
2730.00 1.445344e-12
2740.00 2.386017e-12
2750.00 3.349457e-12
2760.00 3.874068e-12
2770.00 3.918000e-12
2780.00 3.738116e-12
2790.00 3.570732e-12
2800.00 3.533553e-12
2810.00 3.677632e-12
2820.00 3.973264e-12
2830.00 4.231592e-12
2840.00 4.223270e-12
2850.00 3.928165e-12
2860.00 3.521329e-12
2870.00 3.202574e-12
2880.00 3.071716e-12
2890.00 3.105312e-12
2900.00 3.293884e-12
2910.00 3.693955e-12
2920.00 4.402559e-12
2930.00 5.472213e-12
2940.00 6.930892e-12
2950.00 8.604871e-12
2960.00 9.871098e-12
2970.00 9.913153e-12
2980.00 8.631393e-12
2990.00 6.874014e-12
3000.00 5.617185e-12
3010.00 5.242479e-12
3020.00 5.638933e-12
3030.00 6.417533e-12
3040.00 7.207694e-12
3050.00 7.787753e-12
3060.00 8.031085e-12
3070.00 7.965519e-12
3080.00 7.824015e-12
3090.00 7.938688e-12
3100.00 8.309330e-12
3110.00 8.583900e-12
3120.00 8.347481e-12
3130.00 7.531097e-12
3140.00 6.577671e-12
3150.00 5.977593e-12
3160.00 6.117356e-12
3170.00 7.127900e-12
3180.00 8.879178e-12
3190.00 1.097487e-11
3200.00 1.296870e-11
3210.00 1.438899e-11
3220.00 1.469176e-11
3230.00 1.363695e-11
3240.00 1.171060e-11
3250.00 9.637139e-12
3260.00 7.977973e-12
3270.00 6.985194e-12
3280.00 6.675941e-12
3290.00 7.082823e-12
3300.00 8.339160e-12
3310.00 1.051781e-11
3320.00 1.353565e-11
3330.00 1.695819e-11
3340.00 2.003424e-11
3350.00 2.214237e-11
3360.00 2.315403e-11
3370.00 2.328417e-11
3380.00 2.308443e-11
3390.00 2.289739e-11
3400.00 2.295154e-11
3410.00 2.364772e-11
3420.00 2.556217e-11
3430.00 2.924730e-11
3440.00 3.440446e-11
3450.00 3.955430e-11
3460.00 4.296117e-11
3470.00 4.336042e-11
3480.00 4.093340e-11
3490.00 3.680528e-11
3500.00 3.281841e-11
3510.00 3.005920e-11
3520.00 2.862803e-11
3530.00 2.799480e-11
3540.00 2.786455e-11
3550.00 2.822431e-11
3560.00 2.952431e-11
3570.00 3.172034e-11
3580.00 3.431461e-11
3590.00 3.672127e-11
3600.00 3.899022e-11
3610.00 4.155644e-11
3620.00 4.449571e-11
3630.00 4.729727e-11
3640.00 4.906154e-11
3650.00 4.964806e-11
3660.00 4.949010e-11
3670.00 4.990596e-11
3680.00 5.198032e-11
3690.00 5.607913e-11
3700.00 6.178825e-11
3710.00 6.833000e-11
3720.00 7.438367e-11
3730.00 7.939810e-11
3740.00 8.170082e-11
3750.00 7.595083e-11
3760.00 5.968218e-11
3770.00 4.511862e-11
3780.00 3.214925e-11
3790.00 2.325945e-11
3800.00 2.107062e-11
3810.00 1.976639e-11
3820.00 2.216813e-11
3830.00 2.458371e-11
3840.00 2.996752e-11
3850.00 2.951904e-11
3860.00 3.811627e-11
3870.00 4.524889e-11
3880.00 5.942600e-11
3890.00 7.765844e-11
3900.00 9.908883e-11
3910.00 1.260641e-10
3920.00 1.478665e-10
3930.00 1.673773e-10
3940.00 1.782596e-10
3950.00 1.853359e-10
3960.00 1.900965e-10
3970.00 1.842520e-10
3980.00 1.772969e-10
3990.00 1.653272e-10
4000.00 1.573695e-10
4010.00 1.611480e-10
4020.00 1.775029e-10
4030.00 2.090842e-10
4040.00 2.474476e-10
4050.00 2.788709e-10
4060.00 2.923723e-10
4070.00 2.926870e-10
4080.00 2.870232e-10
4090.00 2.677150e-10
4100.00 2.394613e-10
4110.00 2.142054e-10
4120.00 1.887081e-10
4130.00 1.594951e-10
4140.00 1.375760e-10
4150.00 1.238172e-10
4160.00 1.218711e-10
4170.00 1.323517e-10
4180.00 1.492446e-10
4190.00 1.618818e-10
4200.00 1.673567e-10
4210.00 1.651486e-10
4220.00 1.597813e-10
4230.00 1.505049e-10
4240.00 1.425072e-10
4250.00 1.408005e-10
4260.00 1.471774e-10
4270.00 1.610290e-10
4280.00 1.696872e-10
4290.00 1.684315e-10
4300.00 1.610804e-10
4310.00 1.565946e-10
4320.00 1.552255e-10
4330.00 1.691240e-10
4340.00 1.823082e-10
4350.00 1.771550e-10
4360.00 1.870827e-10
4370.00 1.869968e-10
4380.00 1.900851e-10
4390.00 1.959023e-10
4400.00 2.046189e-10
4410.00 2.083242e-10
4420.00 2.087946e-10
4430.00 2.060120e-10
4440.00 2.002463e-10
4450.00 1.918902e-10
4460.00 1.844831e-10
4470.00 1.785069e-10
4480.00 1.779997e-10
4490.00 1.850612e-10
4500.00 2.031126e-10
4510.00 2.295360e-10
4520.00 2.656650e-10
4530.00 3.042871e-10
4540.00 3.387849e-10
4550.00 3.538716e-10
4560.00 3.599520e-10
4570.00 3.713563e-10
4580.00 3.825202e-10
4590.00 3.931896e-10
4600.00 4.014415e-10
4610.00 4.111917e-10
4620.00 4.255813e-10
4630.00 4.309795e-10
4640.00 4.295350e-10
4650.00 4.268909e-10
4660.00 4.134433e-10
4670.00 3.984528e-10
4680.00 3.986760e-10
4690.00 3.796540e-10
4700.00 3.497245e-10
4710.00 3.184408e-10
4720.00 2.941144e-10
4730.00 2.759887e-10
4740.00 2.641963e-10
4750.00 2.596497e-10
4760.00 2.630345e-10
4770.00 2.829997e-10
4780.00 3.156993e-10
4790.00 3.536232e-10
4800.00 3.847134e-10
4810.00 4.031688e-10
4820.00 3.959495e-10
4830.00 3.832872e-10
4840.00 3.774322e-10
4850.00 3.878990e-10
4860.00 4.180368e-10
4870.00 4.583977e-10
4880.00 4.861890e-10
4890.00 4.971949e-10
4900.00 4.868345e-10
4910.00 4.579193e-10
4920.00 4.213712e-10
4930.00 3.932766e-10
4940.00 3.898506e-10
4950.00 4.077967e-10
4960.00 4.470494e-10
4970.00 4.885882e-10
4980.00 5.227839e-10
4990.00 5.404907e-10
5000.00 5.448782e-10
5010.00 5.354003e-10
5020.00 5.177164e-10
5030.00 4.922648e-10
5040.00 4.436635e-10
5050.00 3.959700e-10
5060.00 3.492082e-10
5070.00 3.106960e-10
5080.00 2.918457e-10
5090.00 2.866925e-10
5100.00 2.952030e-10
5110.00 3.150515e-10
5120.00 3.378429e-10
5130.00 3.549510e-10
5140.00 3.698191e-10
5150.00 3.727139e-10
5160.00 3.777424e-10
5170.00 3.846653e-10
5180.00 3.902352e-10
5190.00 3.996295e-10
5200.00 4.022955e-10
5210.00 4.066966e-10
5220.00 4.005979e-10
5230.00 3.995551e-10
5240.00 4.009859e-10
5250.00 4.115832e-10
5260.00 4.343964e-10
5270.00 4.451780e-10
5280.00 4.615603e-10
5290.00 4.704933e-10
5300.00 4.696314e-10
5310.00 4.749404e-10
5320.00 4.803752e-10
5330.00 4.701808e-10
5340.00 4.684352e-10
5350.00 4.682086e-10
5360.00 4.758928e-10
5370.00 4.874264e-10
5380.00 4.876919e-10
5390.00 4.897214e-10
5400.00 4.781271e-10
5410.00 4.617309e-10
5420.00 4.522829e-10
5430.00 4.376896e-10
5440.00 4.304656e-10
5450.00 4.275845e-10
5460.00 4.380833e-10
5470.00 4.501916e-10
5480.00 4.713976e-10
5490.00 4.818060e-10
5500.00 4.833433e-10
5510.00 4.831636e-10
5520.00 4.788940e-10
5530.00 4.711263e-10
5540.00 4.586232e-10
5550.00 4.382115e-10
5560.00 4.248521e-10
5570.00 4.102428e-10
5580.00 4.090444e-10
5590.00 4.125607e-10
5600.00 4.287497e-10
5610.00 4.422785e-10
5620.00 4.496513e-10
5630.00 4.590147e-10
5640.00 4.560591e-10
5650.00 4.512928e-10
5660.00 4.487997e-10
5670.00 4.515263e-10
5680.00 4.469121e-10
5690.00 4.284887e-10
5700.00 4.106091e-10
5710.00 3.833260e-10
5720.00 3.567962e-10
5730.00 3.298657e-10
5740.00 3.158058e-10
5750.00 3.061677e-10
5760.00 3.024292e-10
5770.00 3.074807e-10
5780.00 3.152014e-10
5790.00 3.353315e-10
5800.00 3.645032e-10
5810.00 3.994692e-10
5820.00 4.358730e-10
5830.00 4.719826e-10
5840.00 5.018273e-10
5850.00 5.179969e-10
5860.00 5.163452e-10
5870.00 5.335449e-10
5880.00 5.288975e-10
5890.00 5.155794e-10
5900.00 5.150036e-10
5910.00 5.007525e-10
5920.00 4.968057e-10
5930.00 4.890380e-10
5940.00 4.818003e-10
5950.00 4.747950e-10
5960.00 4.669895e-10
5970.00 4.576044e-10
5980.00 4.454149e-10
5990.00 4.385721e-10
6000.00 4.358958e-10
6010.00 4.273166e-10
6020.00 4.266721e-10
6030.00 4.196028e-10
6040.00 4.149599e-10
6050.00 4.093614e-10
6060.00 4.141496e-10
6070.00 4.220008e-10
6080.00 4.311650e-10
6090.00 4.407034e-10
6100.00 4.488203e-10
6110.00 4.474433e-10
6120.00 4.381749e-10
6130.00 4.316778e-10
6140.00 4.220489e-10
6150.00 4.214984e-10
6160.00 4.240772e-10
6170.00 4.314591e-10
6180.00 4.457446e-10
6190.00 4.658814e-10
6200.00 4.546397e-10
6210.00 4.593661e-10
6220.00 4.584709e-10
6230.00 4.560751e-10
6240.00 4.533097e-10
6250.00 4.460856e-10
6260.00 4.396343e-10
6270.00 4.271976e-10
6280.00 4.052727e-10
6290.00 3.842704e-10
6300.00 3.618739e-10
6310.00 3.380283e-10
6320.00 3.231397e-10
6330.00 3.035933e-10
6340.00 2.785790e-10
6350.00 2.648282e-10
6360.00 2.583333e-10
6370.00 2.538406e-10
6380.00 2.596017e-10
6390.00 2.747421e-10
6400.00 2.939724e-10
6410.00 3.307299e-10
6420.00 3.759212e-10
6430.00 4.392200e-10
6440.00 5.290349e-10
6450.00 6.351520e-10
6460.00 7.402459e-10
6470.00 8.519410e-10
6480.00 9.557116e-10
6490.00 1.035134e-09
6500.00 1.088052e-09
6510.00 1.104847e-09
6520.00 1.109471e-09
6530.00 1.087803e-09
6540.00 1.060863e-09
6550.00 1.018124e-09
6560.00 9.819187e-10
6570.00 9.205384e-10
6580.00 8.696443e-10
6590.00 8.148608e-10
6600.00 7.708393e-10
6610.00 7.323798e-10
6620.00 6.911296e-10
6630.00 6.554069e-10
6640.00 6.260795e-10
6650.00 5.967348e-10
6660.00 5.722917e-10
6670.00 5.501917e-10
6680.00 5.304119e-10
6690.00 5.119026e-10
6700.00 4.990138e-10
6710.00 4.863137e-10
6720.00 4.776486e-10
6730.00 4.708104e-10
6740.00 4.599269e-10
6750.00 4.534299e-10
6760.00 4.526549e-10
6770.00 4.469213e-10
6780.00 4.396744e-10
6790.00 4.371745e-10
6800.00 4.305216e-10
6810.00 4.349882e-10
6820.00 4.230779e-10
6830.00 4.258275e-10
6840.00 4.204796e-10
6850.00 4.216688e-10
6860.00 4.178239e-10
6870.00 4.160269e-10
6880.00 4.144140e-10
6890.00 4.156583e-10
6900.00 4.124944e-10
6910.00 4.151534e-10
6920.00 4.187408e-10
6930.00 4.197321e-10
6940.00 4.214777e-10
6950.00 4.255023e-10
6960.00 4.273040e-10
6970.00 4.294411e-10
6980.00 4.322547e-10
6990.00 4.328866e-10
7000.00 4.345727e-10
7010.00 4.343105e-10
7020.00 4.350466e-10
7030.00 4.340713e-10
7040.00 4.295075e-10
7050.00 4.234144e-10
7060.00 4.238129e-10
7070.00 4.221484e-10
7080.00 4.187157e-10
7090.00 4.180906e-10
7100.00 4.132442e-10
7110.00 4.122838e-10
7120.00 4.104924e-10
7130.00 4.175092e-10
7140.00 4.234626e-10
7150.00 4.295510e-10
7160.00 4.255893e-10
7170.00 4.316549e-10
7180.00 4.316732e-10
7190.00 4.333364e-10
7200.00 4.423736e-10
7210.00 4.464085e-10
7220.00 4.568478e-10
7230.00 4.632969e-10
7240.00 4.646922e-10
7250.00 4.666461e-10
7260.00 4.693235e-10
7270.00 4.641473e-10
7280.00 4.549511e-10
7290.00 4.459460e-10
7300.00 4.460216e-10
7310.00 4.372534e-10
7320.00 4.322341e-10
7330.00 4.221484e-10
7340.00 4.230252e-10
7350.00 4.221004e-10
7360.00 4.242226e-10
7370.00 4.290737e-10
7380.00 4.270729e-10
7390.00 4.313963e-10
7400.00 4.334943e-10
7410.00 4.302802e-10
7420.00 4.322628e-10
7430.00 4.274448e-10
7440.00 4.245271e-10
7450.00 4.234648e-10
7460.00 4.215441e-10
7470.00 4.192513e-10
7480.00 4.163519e-10
7490.00 4.110395e-10
7500.00 4.091554e-10
7510.00 4.018604e-10
7520.00 3.993342e-10
7530.00 3.988923e-10
7540.00 3.960032e-10
7550.00 4.024958e-10
7560.00 4.028872e-10
7570.00 4.023538e-10
7580.00 4.006002e-10
7590.00 4.032100e-10
7600.00 4.040685e-10
7610.00 3.879379e-10
7620.00 3.697538e-10
7630.00 3.557568e-10
7640.00 3.546030e-10
7650.00 3.626511e-10
7660.00 3.762967e-10
7670.00 3.936658e-10
7680.00 4.082133e-10
7690.00 4.302882e-10
7700.00 4.418298e-10
7710.00 4.496765e-10
7720.00 4.491556e-10
7730.00 4.496307e-10
7740.00 4.409118e-10
7750.00 4.332792e-10
7760.00 4.296551e-10
7770.00 4.189183e-10
7780.00 4.179281e-10
7790.00 4.072988e-10
7800.00 4.106801e-10
7810.00 4.049304e-10
7820.00 4.014918e-10
7830.00 4.059618e-10
7840.00 3.990800e-10
7850.00 4.018913e-10
7860.00 3.990949e-10
7870.00 3.967724e-10
7880.00 3.980659e-10
7890.00 3.943286e-10
7900.00 4.020001e-10
7910.00 3.984356e-10
7920.00 3.941557e-10
7930.00 3.930042e-10
7940.00 3.952637e-10
7950.00 4.003610e-10
7960.00 3.911727e-10
7970.00 3.928393e-10
7980.00 3.965618e-10
7990.00 3.954320e-10
8000.00 3.966362e-10
8010.00 3.889624e-10
8020.00 3.851220e-10
8030.00 3.842097e-10
8040.00 3.852239e-10
8050.00 3.830136e-10
8060.00 3.819055e-10
8070.00 3.823142e-10
8080.00 3.870989e-10
8090.00 3.782884e-10
8100.00 3.812851e-10
8110.00 3.883901e-10
8120.00 3.855925e-10
8130.00 3.922441e-10
8140.00 3.909999e-10
8150.00 3.873232e-10
8160.00 3.819285e-10
8170.00 3.877731e-10
8180.00 3.805502e-10
8190.00 3.763344e-10
8200.00 3.677942e-10
8210.00 3.550323e-10
8220.00 3.452397e-10
8230.00 3.240978e-10
8240.00 3.037616e-10
8250.00 2.602679e-10
8260.00 2.278304e-10
8270.00 1.900679e-10
8280.00 1.630756e-10
8290.00 1.380522e-10
8300.00 1.184211e-10
8310.00 1.054395e-10
8320.00 9.520933e-11
8330.00 1.014638e-10
8340.00 1.131185e-10
8350.00 1.245600e-10
8360.00 1.477738e-10
8370.00 1.807675e-10
8380.00 2.092422e-10
8390.00 2.593178e-10
8400.00 3.140396e-10
8410.00 3.587662e-10
8420.00 3.840071e-10
8430.00 3.970014e-10
8440.00 3.779084e-10
8450.00 3.567607e-10
8460.00 3.337152e-10
8470.00 3.168910e-10
8480.00 3.166391e-10
8490.00 3.328396e-10
8500.00 3.670147e-10
8510.00 4.096190e-10
8520.00 4.695891e-10
8530.00 5.264124e-10
8540.00 6.009175e-10
8550.00 6.702588e-10
8560.00 7.348110e-10
8570.00 7.678197e-10
8580.00 8.086682e-10
8590.00 8.235338e-10
8600.00 8.460529e-10
8610.00 8.477206e-10
8620.00 8.351522e-10
8630.00 8.275288e-10
8640.00 7.995555e-10
8650.00 7.737513e-10
8660.00 7.583957e-10
8670.00 7.187057e-10
8680.00 7.037872e-10
8690.00 6.861101e-10
8700.00 6.626491e-10
8710.00 6.383743e-10
8720.00 6.092471e-10
8730.00 5.891320e-10
8740.00 5.977238e-10
8750.00 5.826314e-10
8760.00 5.610854e-10
8770.00 5.243440e-10
8780.00 5.064495e-10
8790.00 4.864946e-10
8800.00 4.680861e-10
8810.00 4.490836e-10
8820.00 4.339946e-10
8830.00 4.369638e-10
8840.00 4.423678e-10
8850.00 4.340942e-10
8860.00 4.207783e-10
8870.00 4.124257e-10
8880.00 4.173203e-10
8890.00 4.248167e-10
8900.00 4.267786e-10
8910.00 4.163393e-10
8920.00 3.967095e-10
8930.00 3.916912e-10
8940.00 3.858535e-10
8950.00 3.818059e-10
8960.00 3.754427e-10
8970.00 3.723076e-10
8980.00 3.729371e-10
8990.00 3.711949e-10
9000.00 3.948013e-10
9010.00 3.904435e-10
9020.00 3.953863e-10
9030.00 3.817579e-10
9040.00 3.942164e-10
9050.00 3.726075e-10
9060.00 3.689891e-10
9070.00 3.553253e-10
9080.00 3.586128e-10
9090.00 3.524442e-10
9100.00 3.625997e-10
9110.00 3.521329e-10
9120.00 3.838595e-10
9130.00 3.718348e-10
9140.00 3.803442e-10
9150.00 4.287200e-10
9160.00 3.973093e-10
9170.00 4.147105e-10
9180.00 4.255035e-10
9190.00 4.167972e-10
9200.00 4.501687e-10
9210.00 4.207760e-10
9220.00 4.058301e-10
9230.00 4.054708e-10
9240.00 3.840850e-10
9250.00 3.837553e-10
9260.00 3.477431e-10
9270.00 3.748361e-10
9280.00 3.821814e-10
9290.00 3.730035e-10
9300.00 3.755927e-10
9310.00 3.642262e-10
9320.00 3.765531e-10
9330.00 3.852972e-10
9340.00 3.777733e-10
9350.00 3.603035e-10
9360.00 3.569061e-10
9370.00 3.640030e-10
9380.00 3.655781e-10
9390.00 3.476961e-10
9400.00 3.677862e-10
9410.00 3.756316e-10
9420.00 3.778878e-10
9430.00 4.123684e-10
9440.00 4.034561e-10
9450.00 3.887231e-10
9460.00 3.890780e-10
9470.00 3.921663e-10
9480.00 3.861327e-10
9490.00 3.861304e-10
9500.00 3.665968e-10
9510.00 3.774883e-10
9520.00 3.670878e-10
9530.00 3.744068e-10
9540.00 3.700868e-10
9550.00 3.685897e-10
9560.00 3.626363e-10
9570.00 3.496054e-10
9580.00 3.653171e-10
9590.00 3.554925e-10
9600.00 3.717226e-10
9610.00 3.546156e-10
9620.00 3.821471e-10
9630.00 3.628343e-10
9640.00 3.592458e-10
9650.00 3.653297e-10
9660.00 3.662316e-10
9670.00 3.682898e-10
9680.00 3.404550e-10
9690.00 3.449352e-10
9700.00 3.568706e-10
9710.00 3.469040e-10
9720.00 3.623455e-10
9730.00 3.445506e-10
9740.00 3.377582e-10
9750.00 3.400509e-10
9760.00 3.233503e-10
9770.00 3.457708e-10
9780.00 3.288767e-10
9790.00 3.468101e-10
9800.00 3.259521e-10
9810.00 3.292510e-10
9820.00 3.250993e-10
9830.00 3.387907e-10
9840.00 2.958840e-10
9850.00 2.905098e-10
9860.00 3.163953e-10
9870.00 3.121544e-10
9880.00 3.368126e-10
9890.00 3.547941e-10
9900.00 3.737704e-10
9910.00 3.792007e-10
9920.00 4.218360e-10
9930.00 4.067997e-10
9940.00 3.976275e-10
9950.00 4.026605e-10
9960.00 4.045367e-10
9970.00 3.890150e-10
9980.00 3.692330e-10
9990.00 3.804793e-10
10000.00 3.724491e-10
10010.00 3.750293e-10
10020.00 3.750293e-10
10030.00 3.724491e-10
10040.00 3.690331e-10
10050.00 3.639693e-10
10060.00 3.581498e-10
10070.00 3.532385e-10
10080.00 3.475906e-10
10090.00 3.420331e-10
10100.00 3.357878e-10
10110.00 3.304189e-10
10120.00 3.258878e-10
10130.00 3.214162e-10
10140.00 3.170058e-10
10150.00 3.112202e-10
10160.00 3.041344e-10
10170.00 2.958453e-10
10180.00 2.877844e-10
10190.00 2.825322e-10
10200.00 2.805858e-10
10210.00 2.825322e-10
10220.00 2.864604e-10
10230.00 2.924606e-10
10240.00 2.985837e-10
10250.00 3.041344e-10
10260.00 3.090763e-10
10270.00 3.133762e-10
10280.00 3.155500e-10
10290.00 3.170058e-10
10300.00 3.162770e-10
10310.00 3.148219e-10
10320.00 3.133762e-10
10330.00 3.112202e-10
10340.00 3.097883e-10
10350.00 3.076569e-10
10360.00 3.062441e-10
10370.00 3.055375e-10
10380.00 3.048351e-10
10390.00 3.048351e-10
10400.00 3.041344e-10
10410.00 3.034353e-10
10420.00 3.013476e-10
10430.00 2.985837e-10
10440.00 2.951652e-10
10450.00 2.917883e-10
10460.00 2.884475e-10
10470.00 2.851449e-10
10480.00 2.838356e-10
10490.00 2.825322e-10
10500.00 2.805858e-10
10510.00 2.767357e-10
10520.00 2.685745e-10
10530.00 2.564886e-10
10540.00 2.432571e-10
10550.00 2.323085e-10
10560.00 2.259789e-10
10570.00 2.249391e-10
10580.00 2.280686e-10
10590.00 2.339199e-10
10600.00 2.421400e-10
10610.00 2.512265e-10
10620.00 2.606562e-10
10630.00 2.691957e-10
10640.00 2.760996e-10
10650.00 2.812323e-10
10660.00 2.851449e-10
10670.00 2.864604e-10
10680.00 2.864604e-10
10690.00 2.858019e-10
10700.00 2.838356e-10
10710.00 2.812323e-10
10720.00 2.780148e-10
10730.00 2.742001e-10
10740.00 2.704375e-10
10750.00 2.661134e-10
10760.00 2.600547e-10
10770.00 2.529692e-10
10780.00 2.460745e-10
10790.00 2.432571e-10
10800.00 2.455088e-10
10810.00 2.535520e-10
10820.00 2.655018e-10
10830.00 2.786553e-10
10840.00 2.924606e-10
10850.00 3.048351e-10
10860.00 3.155500e-10
10870.00 3.236428e-10
10880.00 3.289016e-10
10890.00 3.319462e-10
10900.00 3.327110e-10
10910.00 3.311831e-10
10920.00 3.273912e-10
10930.00 3.228988e-10
10940.00 3.177362e-10
10950.00 3.119372e-10
10960.00 3.055375e-10
10970.00 2.992717e-10
10980.00 2.931344e-10
10990.00 2.884475e-10
11000.00 2.838356e-10
11010.00 2.799408e-10
11020.00 2.760996e-10
11030.00 2.723111e-10
11040.00 2.691957e-10
11050.00 2.661134e-10
11060.00 2.636728e-10
11070.00 2.612568e-10
11080.00 2.588606e-10
11090.00 2.564886e-10
11100.00 2.547217e-10
11110.00 2.523877e-10
11120.00 2.506489e-10
11130.00 2.489245e-10
11140.00 2.477792e-10
11150.00 2.472097e-10
11160.00 2.472097e-10
11170.00 2.472097e-10
11180.00 2.472097e-10
11190.00 2.472097e-10
11200.00 2.472097e-10
11210.00 2.472097e-10
11220.00 2.466414e-10
11230.00 2.460745e-10
11240.00 2.455088e-10
11250.00 2.443814e-10
11260.00 2.432571e-10
11270.00 2.421400e-10
11280.00 2.410280e-10
11290.00 2.399192e-10
11300.00 2.393677e-10
11310.00 2.382685e-10
11320.00 2.371743e-10
11330.00 2.360831e-10
11340.00 2.349991e-10
11350.00 2.344589e-10
11360.00 2.333822e-10
11370.00 2.323085e-10
11380.00 2.312417e-10
11390.00 2.307101e-10
11400.00 2.296507e-10
11410.00 2.285941e-10
11420.00 2.275444e-10
11430.00 2.264995e-10
11440.00 2.254574e-10
11450.00 2.249391e-10
11460.00 2.244221e-10
11470.00 2.244221e-10
11480.00 2.244221e-10
11490.00 2.249391e-10
11500.00 2.254574e-10
11510.00 2.259789e-10
11520.00 2.270214e-10
11530.00 2.285941e-10
11540.00 2.296507e-10
11550.00 2.307101e-10
11560.00 2.317745e-10
11570.00 2.317745e-10
11580.00 2.312417e-10
11590.00 2.296507e-10
11600.00 2.275444e-10
11610.00 2.259789e-10
11620.00 2.249391e-10
11630.00 2.244221e-10
11640.00 2.233916e-10
11650.00 2.213427e-10
11660.00 2.188104e-10
11670.00 2.158079e-10
11680.00 2.153118e-10
11690.00 2.168034e-10
11700.00 2.213427e-10
11710.00 2.275444e-10
11720.00 2.344589e-10
11730.00 2.410280e-10
11740.00 2.466414e-10
11750.00 2.512265e-10
11760.00 2.535520e-10
11770.00 2.535520e-10
11780.00 2.518053e-10
11790.00 2.494981e-10
11800.00 2.466414e-10
11810.00 2.449445e-10
11820.00 2.438175e-10
11830.00 2.426979e-10
11840.00 2.421400e-10
11850.00 2.415834e-10
11860.00 2.404741e-10
11870.00 2.393677e-10
11880.00 2.382685e-10
11890.00 2.366292e-10
11900.00 2.355405e-10
11910.00 2.339199e-10
11920.00 2.323085e-10
11930.00 2.307101e-10
11940.00 2.285941e-10
11950.00 2.264995e-10
11960.00 2.244221e-10
11970.00 2.223657e-10
11980.00 2.203263e-10
11990.00 2.188104e-10
12000.00 2.168034e-10
12010.00 2.148151e-10
12020.00 2.133370e-10
12030.00 2.113804e-10
12040.00 2.099261e-10
12050.00 2.084817e-10
12060.00 2.070455e-10
12070.00 2.060947e-10
12080.00 2.046749e-10
12090.00 2.032667e-10
12100.00 2.023334e-10
12110.00 2.014024e-10
12120.00 2.004776e-10
12130.00 1.995570e-10
12140.00 1.986406e-10
12150.00 1.981822e-10
12160.00 1.972722e-10
12170.00 1.968187e-10
12180.00 1.963663e-10
12190.00 1.954646e-10
12200.00 1.950135e-10
12210.00 1.945653e-10
12220.00 1.941181e-10
12230.00 1.932267e-10
12240.00 1.927825e-10
12250.00 1.923394e-10
12260.00 1.918955e-10
12270.00 1.914544e-10
12280.00 1.905752e-10
12290.00 1.901372e-10
12300.00 1.897001e-10
12310.00 1.892641e-10
12320.00 1.888273e-10
12330.00 1.883933e-10
12340.00 1.879602e-10
12350.00 1.875282e-10
12360.00 1.870971e-10
12370.00 1.866671e-10
12380.00 1.866671e-10
12390.00 1.862380e-10
12400.00 1.862380e-10
12410.00 1.862380e-10
12420.00 1.858082e-10
12430.00 1.858082e-10
12440.00 1.862380e-10
12450.00 1.862380e-10
12460.00 1.862380e-10
12470.00 1.866671e-10
12480.00 1.866671e-10
12490.00 1.866671e-10
12500.00 1.862380e-10
12510.00 1.858082e-10
12520.00 1.858082e-10
12530.00 1.853810e-10
12540.00 1.845298e-10
12550.00 1.841057e-10
12560.00 1.832602e-10
12570.00 1.824170e-10
12580.00 1.815794e-10
12590.00 1.795004e-10
12600.00 1.762244e-10
12610.00 1.714214e-10
12620.00 1.663659e-10
12630.00 1.625797e-10
12640.00 1.614610e-10
12650.00 1.640846e-10
12660.00 1.710273e-10
12670.00 1.807456e-10
12680.00 1.927825e-10
12690.00 2.056210e-10
12700.00 2.178037e-10
12710.00 2.296507e-10
12720.00 2.399192e-10
12730.00 2.483523e-10
12740.00 2.547217e-10
12750.00 2.594570e-10
12760.00 2.618586e-10
12770.00 2.630667e-10
12780.00 2.624619e-10
12790.00 2.606562e-10
12800.00 2.576719e-10
12810.00 2.535520e-10
12820.00 2.489245e-10
12830.00 2.432571e-10
12840.00 2.377208e-10
12850.00 2.323085e-10
12860.00 2.264995e-10
12870.00 2.208338e-10
12880.00 2.158079e-10
12890.00 2.104097e-10
12900.00 2.056210e-10
12910.00 2.014024e-10
12920.00 1.972722e-10
12930.00 1.932267e-10
12940.00 1.897001e-10
12950.00 1.866671e-10
12960.00 1.841057e-10
12970.00 1.815794e-10
12980.00 1.790878e-10
12990.00 1.770373e-10
13000.00 1.750119e-10
13010.00 1.734068e-10
13020.00 1.718164e-10
13030.00 1.706342e-10
13040.00 1.694603e-10
13050.00 1.682928e-10
13060.00 1.675200e-10
13070.00 1.667507e-10
13080.00 1.659836e-10
13090.00 1.652213e-10
13100.00 1.644627e-10
13110.00 1.637060e-10
13120.00 1.633297e-10
13130.00 1.625797e-10
13140.00 1.622059e-10
13150.00 1.614610e-10
13160.00 1.610885e-10
13170.00 1.607183e-10
13180.00 1.603488e-10
13190.00 1.596125e-10
13200.00 1.592456e-10
13210.00 1.588795e-10
13220.00 1.585130e-10
13230.00 1.581486e-10
13240.00 1.577850e-10
13250.00 1.574223e-10
13260.00 1.570605e-10
13270.00 1.566995e-10
13280.00 1.563392e-10
13290.00 1.556200e-10
13300.00 1.549053e-10
13310.00 1.545492e-10
13320.00 1.538396e-10
13330.00 1.534845e-10
13340.00 1.527797e-10
13350.00 1.524285e-10
13360.00 1.520782e-10
13370.00 1.513798e-10
13380.00 1.506833e-10
13390.00 1.503371e-10
13400.00 1.496466e-10
13410.00 1.493027e-10
13420.00 1.489594e-10
13430.00 1.489594e-10
13440.00 1.486157e-10
13450.00 1.486157e-10
13460.00 1.482741e-10
13470.00 1.475932e-10
13480.00 1.472539e-10
13490.00 1.465777e-10
13500.00 1.459034e-10
13510.00 1.452333e-10
13520.00 1.445664e-10
13530.00 1.439014e-10
13540.00 1.435705e-10
13550.00 1.432406e-10
13560.00 1.429113e-10
13570.00 1.429113e-10
13580.00 1.429113e-10
13590.00 1.432406e-10
13600.00 1.432406e-10
13610.00 1.435705e-10
13620.00 1.435705e-10
13630.00 1.439014e-10
13640.00 1.439014e-10
13650.00 1.439014e-10
13660.00 1.439014e-10
13670.00 1.439014e-10
13680.00 1.439014e-10
13690.00 1.439014e-10
13700.00 1.435705e-10
13710.00 1.435705e-10
13720.00 1.432406e-10
13730.00 1.429113e-10
13740.00 1.429113e-10
13750.00 1.425828e-10
13760.00 1.422550e-10
13770.00 1.419280e-10
13780.00 1.416006e-10
13790.00 1.412750e-10
13800.00 1.412750e-10
13810.00 1.409503e-10
13820.00 1.406262e-10
13830.00 1.403030e-10
13840.00 1.399805e-10
13850.00 1.396587e-10
13860.00 1.393365e-10
13870.00 1.390162e-10
13880.00 1.386966e-10
13890.00 1.386966e-10
13900.00 1.383778e-10
13910.00 1.380598e-10
13920.00 1.377424e-10
13930.00 1.374258e-10
13940.00 1.371087e-10
13950.00 1.367936e-10
13960.00 1.364790e-10
13970.00 1.361653e-10
13980.00 1.358524e-10
13990.00 1.358524e-10
14000.00 1.355401e-10
14010.00 1.355401e-10
14020.00 1.352284e-10
14030.00 1.349165e-10
14040.00 1.349165e-10
14050.00 1.346063e-10
14060.00 1.346063e-10
14070.00 1.342970e-10
14080.00 1.339882e-10
14090.00 1.339882e-10
14100.00 1.336802e-10
14110.00 1.333729e-10
14120.00 1.330664e-10
14130.00 1.327594e-10
14140.00 1.324541e-10
14150.00 1.321496e-10
14160.00 1.321496e-10
14170.00 1.318459e-10
14180.00 1.315429e-10
14190.00 1.312405e-10
14200.00 1.309376e-10
14210.00 1.306367e-10
14220.00 1.303363e-10
14230.00 1.303363e-10
14240.00 1.303363e-10
14250.00 1.306367e-10
14260.00 1.306367e-10
14270.00 1.309376e-10
14280.00 1.309376e-10
14290.00 1.312405e-10
14300.00 1.309376e-10
14310.00 1.306367e-10
14320.00 1.297378e-10
14330.00 1.288441e-10
14340.00 1.276635e-10
14350.00 1.267840e-10
14360.00 1.264926e-10
14370.00 1.262018e-10
14380.00 1.264926e-10
14390.00 1.270772e-10
14400.00 1.273701e-10
14410.00 1.276635e-10
14420.00 1.279576e-10
14430.00 1.282525e-10
14440.00 1.285480e-10
14450.00 1.285480e-10
14460.00 1.285480e-10
14470.00 1.285480e-10
14480.00 1.285480e-10
14490.00 1.285480e-10
14500.00 1.282525e-10
14510.00 1.282525e-10
14520.00 1.279576e-10
14530.00 1.276635e-10
14540.00 1.273701e-10
14550.00 1.273701e-10
14560.00 1.270772e-10
14570.00 1.267840e-10
14580.00 1.264926e-10
14590.00 1.264926e-10
14600.00 1.262018e-10
14610.00 1.259117e-10
14620.00 1.256223e-10
14630.00 1.253335e-10
14640.00 1.250454e-10
14650.00 1.244701e-10
14660.00 1.238985e-10
14670.00 1.233295e-10
14680.00 1.227623e-10
14690.00 1.219175e-10
14700.00 1.213577e-10
14710.00 1.207993e-10
14720.00 1.202446e-10
14730.00 1.196925e-10
14740.00 1.191428e-10
14750.00 1.185947e-10
14760.00 1.180501e-10
14770.00 1.175080e-10
14780.00 1.166984e-10
14790.00 1.161626e-10
14800.00 1.156291e-10
14810.00 1.150972e-10
14820.00 1.143053e-10
14830.00 1.137804e-10
14840.00 1.132570e-10
14850.00 1.127368e-10
14860.00 1.124777e-10
14870.00 1.119611e-10
14880.00 1.117037e-10
14890.00 1.114461e-10
14900.00 1.111899e-10
14910.00 1.109343e-10
14920.00 1.106793e-10
14930.00 1.104249e-10
14940.00 1.104249e-10
14950.00 1.101711e-10
14960.00 1.101711e-10
14970.00 1.099178e-10
14980.00 1.099178e-10
14990.00 1.096641e-10
15000.00 1.094122e-10
15010.00 1.094122e-10
15020.00 1.091606e-10
15030.00 1.091606e-10
15040.00 1.089096e-10
15050.00 1.086593e-10
15060.00 1.084096e-10
15070.00 1.079108e-10
15080.00 1.076627e-10
15090.00 1.076627e-10
15100.00 1.076627e-10
15110.00 1.074153e-10
15120.00 1.071683e-10
15130.00 1.066762e-10
15140.00 1.064311e-10
15150.00 1.061854e-10
15160.00 1.056978e-10
15170.00 1.056978e-10
15180.00 1.054548e-10
15190.00 1.054548e-10
15200.00 1.054548e-10
15210.00 1.052124e-10
15220.00 1.047293e-10
15230.00 1.044876e-10
15240.00 1.040078e-10
15250.00 1.037687e-10
15260.00 1.035301e-10
15270.00 1.032922e-10
15280.00 1.032922e-10
15290.00 1.032922e-10
15300.00 1.035301e-10
15310.00 1.035301e-10
15320.00 1.032922e-10
15330.00 1.030547e-10
15340.00 1.028170e-10
15350.00 1.023449e-10
15360.00 1.018749e-10
15370.00 1.016407e-10
15380.00 1.014070e-10
15390.00 1.014070e-10
15400.00 1.014070e-10
15410.00 1.011731e-10
15420.00 1.011731e-10
15430.00 1.011731e-10
15440.00 1.009405e-10
15450.00 1.009405e-10
15460.00 1.009405e-10
15470.00 1.004771e-10
15480.00 1.000156e-10
15490.00 9.955546e-11
15500.00 9.909824e-11
15510.00 9.864322e-11
15520.00 9.841644e-11
15530.00 9.818935e-11
15540.00 9.818935e-11
15550.00 9.796366e-11
15560.00 9.796366e-11
15570.00 9.796366e-11
15580.00 9.796366e-11
15590.00 9.773850e-11
15600.00 9.773850e-11
15610.00 9.751377e-11
15620.00 9.728964e-11
15630.00 9.728964e-11
15640.00 9.684290e-11
15650.00 9.639732e-11
15660.00 9.573409e-11
15670.00 9.529449e-11
15680.00 9.485605e-11
15690.00 9.463802e-11
15700.00 9.463802e-11
15710.00 9.485605e-11
15720.00 9.507459e-11
15730.00 9.551407e-11
15740.00 9.573409e-11
15750.00 9.617575e-11
15760.00 9.639732e-11
15770.00 9.661947e-11
15780.00 9.661947e-11
15790.00 9.684290e-11
15800.00 9.684290e-11
15810.00 9.684290e-11
15820.00 9.684290e-11
15830.00 9.661947e-11
15840.00 9.661947e-11
15850.00 9.661947e-11
15860.00 9.661947e-11
15870.00 9.617575e-11
15880.00 9.573409e-11
15890.00 9.507459e-11
15900.00 9.442049e-11
15910.00 9.398687e-11
15920.00 9.355447e-11
15930.00 9.333940e-11
15940.00 9.312489e-11
15950.00 9.312489e-11
15960.00 9.312489e-11
15970.00 9.312489e-11
15980.00 9.312489e-11
15990.00 9.312489e-11
16000.00 9.312489e-11
16010.00 9.291078e-11
16020.00 9.269725e-11
16030.00 9.269725e-11
16040.00 9.248417e-11
16050.00 9.205864e-11
16060.00 9.184703e-11
16070.00 9.142525e-11
16080.00 9.121512e-11
16090.00 9.100544e-11
16100.00 9.058673e-11
16110.00 9.017078e-11
16120.00 8.975670e-11
16130.00 8.955036e-11
16140.00 8.934454e-11
16150.00 8.913834e-11
16160.00 8.872901e-11
16170.00 8.832162e-11
16180.00 8.751151e-11
16190.00 8.690942e-11
16200.00 8.651031e-11
16210.00 8.611230e-11
16220.00 8.591438e-11
16230.00 8.591438e-11
16240.00 8.611230e-11
16250.00 8.631072e-11
16260.00 8.651031e-11
16270.00 8.670964e-11
16280.00 8.690942e-11
16290.00 8.710964e-11
16300.00 8.731038e-11
16310.00 8.731038e-11
16320.00 8.731038e-11
16330.00 8.731038e-11
16340.00 8.731038e-11
16350.00 8.710964e-11
16360.00 8.690942e-11
16370.00 8.670964e-11
16380.00 8.651031e-11
16390.00 8.611230e-11
16400.00 8.591438e-11
16410.00 8.551984e-11
16420.00 8.532328e-11
16430.00 8.493073e-11
16440.00 8.473551e-11
16450.00 8.454068e-11
16460.00 8.415251e-11
16470.00 8.415251e-11
16480.00 8.395903e-11
16490.00 8.376606e-11
16500.00 8.338064e-11
16510.00 8.318897e-11
16520.00 8.318897e-11
16530.00 8.318897e-11
16540.00 8.299775e-11
16550.00 8.280697e-11
16560.00 8.242675e-11
16570.00 8.185892e-11
16580.00 8.110885e-11
16590.00 8.055008e-11
16600.00 8.018015e-11
16610.00 7.999586e-11
16620.00 7.999586e-11
16630.00 7.999586e-11
16640.00 8.018015e-11
16650.00 8.036489e-11
16660.00 8.073565e-11
16670.00 8.092167e-11
16680.00 8.110885e-11
16690.00 8.148302e-11
16700.00 8.167070e-11
16710.00 8.185892e-11
16720.00 8.185892e-11
16730.00 8.204751e-11
16740.00 8.204751e-11
16750.00 8.204751e-11
16760.00 8.204751e-11
16770.00 8.185892e-11
16780.00 8.167070e-11
16790.00 8.148302e-11
16800.00 8.129570e-11
16810.00 8.110885e-11
16820.00 8.073565e-11
16830.00 8.055008e-11
16840.00 8.018015e-11
16850.00 7.999586e-11
16860.00 7.962781e-11
16870.00 7.926219e-11
16880.00 7.907996e-11
16890.00 7.871685e-11
16900.00 7.853590e-11
16910.00 7.817454e-11
16920.00 7.799488e-11
16930.00 7.781560e-11
16940.00 7.763672e-11
16950.00 7.745821e-11
16960.00 7.728017e-11
16970.00 7.710185e-11
16980.00 7.692464e-11
16990.00 7.674780e-11
17000.00 7.657143e-11
17010.00 7.657143e-11
17020.00 7.639536e-11
17030.00 7.621975e-11
17040.00 7.604460e-11
17050.00 7.586912e-11
17060.00 7.569473e-11
17070.00 7.569473e-11
17080.00 7.569473e-11
17090.00 7.569473e-11
17100.00 7.534711e-11
17110.00 7.482870e-11
17120.00 7.414240e-11
17130.00 7.363164e-11
17140.00 7.295698e-11
17150.00 7.262196e-11
17160.00 7.245438e-11
17170.00 7.245438e-11
17180.00 7.262196e-11
17190.00 7.295698e-11
17200.00 7.346239e-11
17210.00 7.380192e-11
17220.00 7.431326e-11
17230.00 7.482870e-11
17240.00 7.534711e-11
17250.00 7.569473e-11
17260.00 7.604460e-11
17270.00 7.639536e-11
17280.00 7.657143e-11
17290.00 7.674780e-11
17300.00 7.674780e-11
17310.00 7.692464e-11
17320.00 7.674780e-11
17330.00 7.674780e-11
17340.00 7.657143e-11
17350.00 7.621975e-11
17360.00 7.604460e-11
17370.00 7.569473e-11
17380.00 7.552072e-11
17390.00 7.517387e-11
17400.00 7.482870e-11
17410.00 7.448443e-11
17420.00 7.397199e-11
17430.00 7.363164e-11
17440.00 7.329354e-11
17450.00 7.295698e-11
17460.00 7.262196e-11
17470.00 7.245438e-11
17480.00 7.212168e-11
17490.00 7.179044e-11
17500.00 7.162544e-11
17510.00 7.146076e-11
17520.00 7.113204e-11
17530.00 7.096852e-11
17540.00 7.080538e-11
17550.00 7.064263e-11
17560.00 7.031821e-11
17570.00 7.015597e-11
17580.00 6.999469e-11
17590.00 6.983381e-11
17600.00 6.967330e-11
17610.00 6.951312e-11
17620.00 6.951312e-11
17630.00 6.935333e-11
17640.00 6.919391e-11
17650.00 6.903424e-11
17660.00 6.887554e-11
17670.00 6.887554e-11
17680.00 6.871722e-11
17690.00 6.855929e-11
17700.00 6.855929e-11
17710.00 6.840168e-11
17720.00 6.824445e-11
17730.00 6.824445e-11
17740.00 6.808755e-11
17750.00 6.793045e-11
17760.00 6.793045e-11
17770.00 6.777432e-11
17780.00 6.761851e-11
17790.00 6.746308e-11
17800.00 6.746308e-11
17810.00 6.730804e-11
17820.00 6.730804e-11
17830.00 6.715333e-11
17840.00 6.699893e-11
17850.00 6.684433e-11
17860.00 6.684433e-11
17870.00 6.684433e-11
17880.00 6.684433e-11
17890.00 6.684433e-11
17900.00 6.653741e-11
17910.00 6.592772e-11
17920.00 6.532306e-11
17930.00 6.472392e-11
17940.00 6.413083e-11
17950.00 6.383634e-11
17960.00 6.354264e-11
17970.00 6.354264e-11
17980.00 6.368905e-11
17990.00 6.398343e-11
18000.00 6.442669e-11
18010.00 6.487362e-11
18020.00 6.532306e-11
18030.00 6.577557e-11
18040.00 6.607962e-11
18050.00 6.653741e-11
18060.00 6.684433e-11
18070.00 6.715333e-11
18080.00 6.730804e-11
18090.00 6.746308e-11
18100.00 6.761851e-11
18110.00 6.761851e-11
18120.00 6.761851e-11
18130.00 6.746308e-11
18140.00 6.730804e-11
18150.00 6.715333e-11
18160.00 6.699893e-11
18170.00 6.669071e-11
18180.00 6.653741e-11
18190.00 6.623183e-11
18200.00 6.592772e-11
18210.00 6.577557e-11
18220.00 6.547353e-11
18230.00 6.517291e-11
18240.00 6.487362e-11
18250.00 6.472392e-11
18260.00 6.442669e-11
18270.00 6.427859e-11
18280.00 6.398343e-11
18290.00 6.383634e-11
18300.00 6.354264e-11
18310.00 6.339658e-11
18320.00 6.310545e-11
18330.00 6.296040e-11
18340.00 6.267073e-11
18350.00 6.238295e-11
18360.00 6.209647e-11
18370.00 6.166870e-11
18380.00 6.096317e-11
18390.00 5.998844e-11
18400.00 5.889361e-11
18410.00 5.768534e-11
18420.00 5.650236e-11
18430.00 5.534365e-11
18440.00 5.471000e-11
18450.00 5.471000e-11
18460.00 5.547115e-11
18470.00 5.728846e-11
18480.00 6.026519e-11
18490.00 6.427859e-11
18500.00 6.935333e-11
18510.00 7.517387e-11
18520.00 8.148302e-11
18530.00 8.832162e-11
18540.00 9.507459e-11
18550.00 1.018749e-10
18560.00 1.086593e-10
18570.00 1.148326e-10
18580.00 1.207993e-10
18590.00 1.262018e-10
18600.00 1.312405e-10
18610.00 1.355401e-10
18620.00 1.393365e-10
18630.00 1.425828e-10
18640.00 1.452333e-10
18650.00 1.472539e-10
18660.00 1.486157e-10
18670.00 1.496466e-10
18680.00 1.499914e-10
18690.00 1.499914e-10
18700.00 1.496466e-10
18710.00 1.486157e-10
18720.00 1.475932e-10
18730.00 1.459034e-10
18740.00 1.439014e-10
18750.00 1.419280e-10
18760.00 1.393365e-10
18770.00 1.367936e-10
18780.00 1.336802e-10
18790.00 1.309376e-10
18800.00 1.276635e-10
18810.00 1.244701e-10
18820.00 1.213577e-10
18830.00 1.180501e-10
18840.00 1.145687e-10
18850.00 1.114461e-10
18860.00 1.081604e-10
18870.00 1.049706e-10
18880.00 1.018749e-10
18890.00 9.887050e-11
18900.00 9.617575e-11
18910.00 9.333940e-11
18920.00 9.058673e-11
18930.00 8.811855e-11
18940.00 8.571686e-11
18950.00 8.338064e-11
18960.00 8.129570e-11
18970.00 7.926219e-11
18980.00 7.728017e-11
18990.00 7.552072e-11
19000.00 7.380192e-11
19010.00 7.228783e-11
19020.00 7.096852e-11
19030.00 6.951312e-11
19040.00 6.840168e-11
19050.00 6.730804e-11
19060.00 6.623183e-11
19070.00 6.532306e-11
19080.00 6.427859e-11
19090.00 6.354264e-11
19100.00 6.281568e-11
19110.00 6.223954e-11
19120.00 6.166870e-11
19130.00 6.124441e-11
19140.00 6.068269e-11
19150.00 5.985055e-11
19160.00 5.902930e-11
19170.00 5.821931e-11
19180.00 5.728846e-11
19190.00 5.650236e-11
19200.00 5.585545e-11
19210.00 5.534365e-11
19220.00 5.496238e-11
19230.00 5.483604e-11
19240.00 5.496238e-11
19250.00 5.508902e-11
19260.00 5.534365e-11
19270.00 5.559895e-11
19280.00 5.598413e-11
19290.00 5.637249e-11
19300.00 5.663254e-11
19310.00 5.702539e-11
19320.00 5.728846e-11
19330.00 5.755274e-11
19340.00 5.768534e-11
19350.00 5.795197e-11
19360.00 5.795197e-11
19370.00 5.808549e-11
19380.00 5.808549e-11
19390.00 5.795197e-11
19400.00 5.795197e-11
19410.00 5.781825e-11
19420.00 5.755274e-11
19430.00 5.742045e-11
19440.00 5.715677e-11
19450.00 5.689380e-11
19460.00 5.663254e-11
19470.00 5.637249e-11
19480.00 5.611362e-11
19490.00 5.585545e-11
19500.00 5.559895e-11
19510.00 5.534365e-11
19520.00 5.508902e-11
19530.00 5.483604e-11
19540.00 5.458424e-11
19550.00 5.433310e-11
19560.00 5.408360e-11
19570.00 5.395929e-11
19580.00 5.371150e-11
19590.00 5.346438e-11
19600.00 5.334149e-11
19610.00 5.309654e-11
19620.00 5.285271e-11
19630.00 5.273122e-11
19640.00 5.260954e-11
19650.00 5.236796e-11
19660.00 5.224758e-11
19670.00 5.212749e-11
19680.00 5.200765e-11
19690.00 5.176839e-11
19700.00 5.164938e-11
19710.00 5.153066e-11
19720.00 5.141220e-11
19730.00 5.129403e-11
19740.00 5.117612e-11
19750.00 5.105848e-11
19760.00 5.094067e-11
19770.00 5.082357e-11
19780.00 5.070675e-11
19790.00 5.059018e-11
19800.00 5.047389e-11
19810.00 5.047389e-11
19820.00 5.035788e-11
19830.00 5.024212e-11
19840.00 5.012619e-11
19850.00 5.001097e-11
19860.00 4.989600e-11
19870.00 4.989600e-11
19880.00 4.978131e-11
19890.00 4.966688e-11
19900.00 4.955271e-11
19910.00 4.943881e-11
19920.00 4.943881e-11
19930.00 4.932472e-11
19940.00 4.921134e-11
19950.00 4.909823e-11
19960.00 4.909823e-11
19970.00 4.898536e-11
19980.00 4.887276e-11
19990.00 4.887276e-11
20000.00 4.876041e-11
20010.00 4.864834e-11
20020.00 4.864834e-11
20030.00 4.853608e-11
20040.00 4.842452e-11
20050.00 4.842452e-11
20060.00 4.831320e-11
20070.00 4.820214e-11
20080.00 4.820214e-11
20090.00 4.809134e-11
20100.00 4.798080e-11
20110.00 4.798080e-11
20120.00 4.787051e-11
20130.00 4.776005e-11
20140.00 4.776005e-11
20150.00 4.765026e-11
20160.00 4.765026e-11
20170.00 4.754074e-11
20180.00 4.743145e-11
20190.00 4.743145e-11
20200.00 4.732242e-11
20210.00 4.721364e-11
20220.00 4.721364e-11
20230.00 4.710511e-11
20240.00 4.710511e-11
20250.00 4.699642e-11
20260.00 4.688840e-11
20270.00 4.688840e-11
20280.00 4.678061e-11
20290.00 4.667307e-11
20300.00 4.667307e-11
20310.00 4.656579e-11
20320.00 4.656579e-11
20330.00 4.645875e-11
20340.00 4.635196e-11
20350.00 4.635196e-11
20360.00 4.624501e-11
20370.00 4.613870e-11
20380.00 4.613870e-11
20390.00 4.603265e-11
20400.00 4.603265e-11
20410.00 4.592683e-11
20420.00 4.582126e-11
20430.00 4.582126e-11
20440.00 4.571593e-11
20450.00 4.571593e-11
20460.00 4.561085e-11
20470.00 4.561085e-11
20480.00 4.550560e-11
20490.00 4.540100e-11
20500.00 4.540100e-11
20510.00 4.529664e-11
20520.00 4.529664e-11
20530.00 4.519251e-11
20540.00 4.508863e-11
20550.00 4.508863e-11
20560.00 4.498499e-11
20570.00 4.498499e-11
20580.00 4.488159e-11
20590.00 4.477802e-11
20600.00 4.477802e-11
20610.00 4.467509e-11
20620.00 4.467509e-11
20630.00 4.457239e-11
20640.00 4.446994e-11
20650.00 4.446994e-11
20660.00 4.436771e-11
20670.00 4.436771e-11
20680.00 4.426573e-11
20690.00 4.416398e-11
20700.00 4.416398e-11
20710.00 4.406207e-11
20720.00 4.396079e-11
20730.00 4.396079e-11
20740.00 4.385973e-11
20750.00 4.375891e-11
20760.00 4.375891e-11
20770.00 4.365832e-11
20780.00 4.355797e-11
20790.00 4.355797e-11
20800.00 4.345785e-11
20810.00 4.345785e-11
20820.00 4.335757e-11
20830.00 4.325791e-11
20840.00 4.325791e-11
20850.00 4.315847e-11
20860.00 4.315847e-11
20870.00 4.305926e-11
20880.00 4.296028e-11
20890.00 4.296028e-11
20900.00 4.286153e-11
20910.00 4.276300e-11
20920.00 4.276300e-11
20930.00 4.266433e-11
20940.00 4.256626e-11
20950.00 4.246842e-11
20960.00 4.246842e-11
20970.00 4.237080e-11
20980.00 4.227339e-11
20990.00 4.217622e-11
21000.00 4.217622e-11
21010.00 4.207927e-11
21020.00 4.207927e-11
21030.00 4.198218e-11
21040.00 4.198218e-11
21050.00 4.188568e-11
21060.00 4.188568e-11
21070.00 4.178940e-11
21080.00 4.178940e-11
21090.00 4.169333e-11
21100.00 4.169333e-11
21110.00 4.159749e-11
21120.00 4.159749e-11
21130.00 4.159749e-11
21140.00 4.150188e-11
21150.00 4.150188e-11
21160.00 4.140612e-11
21170.00 4.140612e-11
21180.00 4.140612e-11
21190.00 4.131093e-11
21200.00 4.131093e-11
21210.00 4.131093e-11
21220.00 4.131093e-11
21230.00 4.121597e-11
21240.00 4.121597e-11
21250.00 4.121597e-11
21260.00 4.121597e-11
21270.00 4.131093e-11
21280.00 4.121597e-11
21290.00 4.121597e-11
21300.00 4.112123e-11
21310.00 4.102671e-11
21320.00 4.083831e-11
21330.00 4.065041e-11
21340.00 4.037073e-11
21350.00 4.009262e-11
21360.00 3.972525e-11
21370.00 3.954283e-11
21380.00 3.936090e-11
21390.00 3.918016e-11
21400.00 3.918016e-11
21410.00 3.927044e-11
21420.00 3.936090e-11
21430.00 3.963395e-11
21440.00 3.990852e-11
21450.00 4.027794e-11
21460.00 4.065041e-11
21470.00 4.102671e-11
21480.00 4.140612e-11
21490.00 4.188568e-11
21500.00 4.227339e-11
21510.00 4.266433e-11
21520.00 4.296028e-11
21530.00 4.325791e-11
21540.00 4.355797e-11
21550.00 4.385973e-11
21560.00 4.396079e-11
21570.00 4.416398e-11
21580.00 4.426573e-11
21590.00 4.436771e-11
21600.00 4.436771e-11
21610.00 4.426573e-11
21620.00 4.426573e-11
21630.00 4.416398e-11
21640.00 4.406207e-11
21650.00 4.385973e-11
21660.00 4.375891e-11
21670.00 4.355797e-11
21680.00 4.325791e-11
21690.00 4.305926e-11
21700.00 4.286153e-11
21710.00 4.256626e-11
21720.00 4.237080e-11
21730.00 4.207927e-11
21740.00 4.188568e-11
21750.00 4.159749e-11
21760.00 4.140612e-11
21770.00 4.112123e-11
21780.00 4.093240e-11
21790.00 4.074408e-11
21800.00 4.046375e-11
21810.00 4.027794e-11
21820.00 4.009262e-11
21830.00 3.981679e-11
21840.00 3.963395e-11
21850.00 3.945160e-11
21860.00 3.927044e-11
21870.00 3.909010e-11
21880.00 3.891059e-11
21890.00 3.873158e-11
21900.00 3.864255e-11
21910.00 3.846509e-11
21920.00 3.837667e-11
21930.00 3.820011e-11
21940.00 3.811230e-11
21950.00 3.802469e-11
21960.00 3.793729e-11
21970.00 3.785008e-11
21980.00 3.776308e-11
21990.00 3.767628e-11
22000.00 3.758934e-11
22010.00 3.750293e-11
22020.00 3.741672e-11
22030.00 3.741672e-11
22040.00 3.733071e-11
22050.00 3.724490e-11
22060.00 3.715929e-11
22070.00 3.715929e-11
22080.00 3.707387e-11
22090.00 3.698832e-11
22100.00 3.690331e-11
22110.00 3.690331e-11
22120.00 3.681847e-11
22130.00 3.673384e-11
22140.00 3.664940e-11
22150.00 3.664940e-11
22160.00 3.656515e-11
22170.00 3.648111e-11
22180.00 3.648111e-11
22190.00 3.639693e-11
22200.00 3.631326e-11
22210.00 3.631326e-11
22220.00 3.622979e-11
22230.00 3.614651e-11
22240.00 3.614651e-11
22250.00 3.606342e-11
22260.00 3.598052e-11
22270.00 3.598052e-11
22280.00 3.589781e-11
22290.00 3.581498e-11
22300.00 3.581498e-11
22310.00 3.573266e-11
22320.00 3.565051e-11
22330.00 3.565051e-11
22340.00 3.556858e-11
22350.00 3.548681e-11
22360.00 3.548681e-11
22370.00 3.540524e-11
22380.00 3.540524e-11
22390.00 3.532385e-11
22400.00 3.524234e-11
22410.00 3.524234e-11
22420.00 3.516133e-11
22430.00 3.516133e-11
22440.00 3.508051e-11
22450.00 3.499987e-11
22460.00 3.499987e-11
22470.00 3.491942e-11
22480.00 3.491942e-11
22490.00 3.483915e-11
22500.00 3.483915e-11
22510.00 3.475906e-11
22520.00 3.467886e-11
22530.00 3.467886e-11
22540.00 3.459914e-11
22550.00 3.459914e-11
22560.00 3.451961e-11
22570.00 3.444026e-11
22580.00 3.444026e-11
22590.00 3.436109e-11
22600.00 3.436109e-11
22610.00 3.428211e-11
22620.00 3.420331e-11
22630.00 3.420331e-11
22640.00 3.412438e-11
22650.00 3.412438e-11
22660.00 3.404595e-11
22670.00 3.404595e-11
22680.00 3.396768e-11
22690.00 3.388960e-11
22700.00 3.388960e-11
22710.00 3.381171e-11
22720.00 3.381171e-11
22730.00 3.373398e-11
22740.00 3.373398e-11
22750.00 3.365644e-11
22760.00 3.365644e-11
22770.00 3.357878e-11
22780.00 3.357878e-11
22790.00 3.350159e-11
22800.00 3.342457e-11
22810.00 3.342457e-11
22820.00 3.334774e-11
22830.00 3.334774e-11
22840.00 3.327110e-11
22850.00 3.327110e-11
22860.00 3.319462e-11
22870.00 3.311831e-11
22880.00 3.311831e-11
22890.00 3.304189e-11
22900.00 3.304189e-11
22910.00 3.296594e-11
22920.00 3.296594e-11
22930.00 3.289016e-11
22940.00 3.281456e-11
22950.00 3.281456e-11
22960.00 3.273912e-11
22970.00 3.273912e-11
22980.00 3.266386e-11
22990.00 3.266386e-11
23000.00 3.258878e-11
23010.00 3.251359e-11
23020.00 3.251359e-11
23030.00 3.243886e-11
23040.00 3.243886e-11
23050.00 3.236428e-11
23060.00 3.236428e-11
23070.00 3.228988e-11
23080.00 3.221567e-11
23090.00 3.221567e-11
23100.00 3.214161e-11
23110.00 3.214161e-11
23120.00 3.206773e-11
23130.00 3.199374e-11
23140.00 3.199374e-11
23150.00 3.192019e-11
23160.00 3.184682e-11
23170.00 3.184682e-11
23180.00 3.177362e-11
23190.00 3.170058e-11
23200.00 3.162770e-11
23210.00 3.155500e-11
23220.00 3.148219e-11
23230.00 3.148219e-11
23240.00 3.140983e-11
23250.00 3.133762e-11
23260.00 3.126559e-11
23270.00 3.119372e-11
23280.00 3.112202e-11
23290.00 3.105020e-11
23300.00 3.097883e-11
23310.00 3.090763e-11
23320.00 3.083657e-11
23330.00 3.083657e-11
23340.00 3.076569e-11
23350.00 3.069497e-11
23360.00 3.062441e-11
23370.00 3.055375e-11
23380.00 3.048351e-11
23390.00 3.041345e-11
23400.00 3.041345e-11
23410.00 3.034353e-11
23420.00 3.027379e-11
23430.00 3.020419e-11
23440.00 3.020419e-11
23450.00 3.013477e-11
23460.00 3.006523e-11
23470.00 2.999612e-11
23480.00 2.999612e-11
23490.00 2.992717e-11
23500.00 2.985837e-11
23510.00 2.985837e-11
23520.00 2.978974e-11
23530.00 2.972126e-11
23540.00 2.972126e-11
23550.00 2.965294e-11
23560.00 2.965294e-11
23570.00 2.958452e-11
23580.00 2.951652e-11
23590.00 2.951652e-11
23600.00 2.944868e-11
23610.00 2.938098e-11
23620.00 2.938098e-11
23630.00 2.931344e-11
23640.00 2.931344e-11
23650.00 2.924606e-11
23660.00 2.924606e-11
23670.00 2.917883e-11
23680.00 2.911150e-11
23690.00 2.911150e-11
23700.00 2.904459e-11
23710.00 2.904459e-11
23720.00 2.897782e-11
23730.00 2.891121e-11
23740.00 2.891121e-11
23750.00 2.884475e-11
23760.00 2.884475e-11
23770.00 2.877844e-11
23780.00 2.877844e-11
23790.00 2.871230e-11
23800.00 2.871230e-11
23810.00 2.864604e-11
23820.00 2.858019e-11
23830.00 2.858019e-11
23840.00 2.851449e-11
23850.00 2.851449e-11
23860.00 2.844896e-11
23870.00 2.838356e-11
23880.00 2.838356e-11
23890.00 2.831831e-11
23900.00 2.831831e-11
23910.00 2.825322e-11
23920.00 2.825322e-11
23930.00 2.818803e-11
23940.00 2.818803e-11
23950.00 2.812323e-11
23960.00 2.812323e-11
23970.00 2.805858e-11
23980.00 2.805858e-11
23990.00 2.799408e-11
24000.00 2.799408e-11
24010.00 2.792974e-11
24020.00 2.792974e-11
24030.00 2.786553e-11
24040.00 2.786553e-11
24050.00 2.780148e-11
24060.00 2.780148e-11
24070.00 2.773733e-11
24080.00 2.773733e-11
24090.00 2.767357e-11
24100.00 2.767357e-11
24110.00 2.760995e-11
24120.00 2.754650e-11
24130.00 2.754650e-11
24140.00 2.748317e-11
24150.00 2.748317e-11
24160.00 2.742000e-11
24170.00 2.742000e-11
24180.00 2.735697e-11
24190.00 2.735697e-11
24200.00 2.729384e-11
24210.00 2.729384e-11
24220.00 2.723111e-11
24230.00 2.723111e-11
24240.00 2.716851e-11
24250.00 2.716851e-11
24260.00 2.716851e-11
24270.00 2.710606e-11
24280.00 2.710606e-11
24290.00 2.704375e-11
24300.00 2.704375e-11
24310.00 2.698158e-11
24320.00 2.698158e-11
24330.00 2.691957e-11
24340.00 2.691957e-11
24350.00 2.685745e-11
24360.00 2.685745e-11
24370.00 2.685745e-11
24380.00 2.679572e-11
24390.00 2.679572e-11
24400.00 2.673411e-11
24410.00 2.673411e-11
24420.00 2.667267e-11
24430.00 2.667267e-11
24440.00 2.661134e-11
24450.00 2.661134e-11
24460.00 2.661134e-11
24470.00 2.655018e-11
24480.00 2.655018e-11
24490.00 2.648915e-11
24500.00 2.648915e-11
24510.00 2.642802e-11
24520.00 2.642802e-11
24530.00 2.636728e-11
24540.00 2.636728e-11
24550.00 2.636728e-11
24560.00 2.630667e-11
24570.00 2.630667e-11
24580.00 2.624619e-11
24590.00 2.624619e-11
24600.00 2.618587e-11
24610.00 2.618587e-11
24620.00 2.618587e-11
24630.00 2.612568e-11
24640.00 2.612568e-11
24650.00 2.606562e-11
24660.00 2.606562e-11
24670.00 2.600547e-11
24680.00 2.600547e-11
24690.00 2.600547e-11
24700.00 2.594569e-11
24710.00 2.594569e-11
24720.00 2.588606e-11
24730.00 2.588606e-11
24740.00 2.588606e-11
24750.00 2.582656e-11
24760.00 2.582656e-11
24770.00 2.576719e-11
24780.00 2.576719e-11
24790.00 2.576719e-11
24800.00 2.570795e-11
24810.00 2.570795e-11
24820.00 2.564886e-11
24830.00 2.564886e-11
24840.00 2.558968e-11
24850.00 2.558968e-11
24860.00 2.558968e-11
24870.00 2.553086e-11
24880.00 2.553086e-11
24890.00 2.547217e-11
24900.00 2.547217e-11
24910.00 2.547217e-11
24920.00 2.541362e-11
24930.00 2.541362e-11
24940.00 2.535520e-11
24950.00 2.535520e-11
24960.00 2.529692e-11
24970.00 2.529692e-11
24980.00 2.529692e-11
24990.00 2.523877e-11
25000.00 2.523877e-11
