1000.00 7.882406e-14
1010.00 1.184843e-13
1020.00 1.414687e-13
1030.00 1.155205e-13
1040.00 2.040144e-13
1050.00 1.952809e-13
1060.00 1.768726e-13
1070.00 1.501971e-13
1080.00 1.565522e-13
1090.00 1.447634e-13
1100.00 1.206870e-13
1110.00 1.912762e-13
1120.00 4.882684e-13
1130.00 9.050243e-13
1140.00 1.141989e-12
1150.00 7.918839e-13
1160.00 1.580013e-12
1170.00 1.740446e-12
1180.00 3.167078e-12
1190.00 6.076589e-12
1200.00 5.415774e-12
1210.00 4.203974e-12
1220.00 3.285955e-12
1230.00 4.535873e-12
1240.00 1.139354e-11
1250.00 8.311156e-12
1260.00 7.155814e-12
1270.00 8.563709e-12
1280.00 9.630762e-12
1290.00 1.284283e-11
1300.00 2.131384e-11
1310.00 1.768726e-11
1320.00 1.395276e-11
1330.00 1.421213e-11
1340.00 1.772802e-11
1350.00 1.764660e-11
1360.00 1.512376e-11
1370.00 1.665942e-11
1380.00 1.903978e-11
1390.00 2.283813e-11
1400.00 2.622177e-11
1410.00 2.855360e-11
1420.00 3.385806e-11
1430.00 4.620196e-11
1440.00 3.851783e-11
1450.00 4.033280e-11
1460.00 6.020908e-11
1470.00 5.019491e-11
1480.00 5.644928e-11
1490.00 5.965686e-11
1500.00 4.331721e-11
1510.00 2.908441e-11
1520.00 2.562477e-11
1530.00 5.897383e-11
1540.00 7.272085e-11
1550.00 5.554672e-11
1560.00 3.703904e-11
1570.00 2.364068e-11
1580.00 1.756541e-11
1590.00 1.565521e-11
1600.00 2.689427e-11
1610.00 2.604113e-11
1620.00 2.809706e-11
1630.00 2.868532e-11
1640.00 2.695624e-11
1650.00 3.010645e-11
1660.00 4.598980e-11
1670.00 6.290125e-11
1680.00 5.671019e-11
1690.00 6.261240e-11
1700.00 7.792226e-11
1710.00 1.108310e-10
1720.00 1.041504e-10
1730.00 1.329413e-10
1740.00 1.278385e-10
1750.00 1.369811e-10
1760.00 1.561923e-10
1770.00 1.728456e-10
1780.00 1.826672e-10
1790.00 1.716564e-10
1800.00 1.926013e-10
1810.00 2.054278e-10
1820.00 2.131384e-10
1830.00 2.652523e-10
1840.00 2.948905e-10
1850.00 3.059564e-10
1860.00 3.116441e-10
1870.00 3.729597e-10
1880.00 4.905253e-10
1890.00 6.511164e-10
1900.00 7.441511e-10
1910.00 8.388016e-10
1920.00 7.614817e-10
1930.00 5.580346e-10
1940.00 4.005531e-10
1950.00 3.130845e-10
1960.00 2.758427e-10
1970.00 2.574298e-10
1980.00 2.171007e-10
1990.00 2.562477e-10
2000.00 3.248333e-10
2010.00 3.781451e-10
2020.00 4.641509e-10
2030.00 5.280305e-10
2040.00 5.710307e-10
2050.00 5.195878e-10
2060.00 4.962021e-10
2070.00 4.882684e-10
2080.00 3.968793e-10
2090.00 3.553546e-10
2100.00 3.362481e-10
2110.00 4.014759e-10
2120.00 3.636305e-10
2130.00 3.045513e-10
2140.00 2.983058e-10
2150.00 3.586409e-10
2160.00 3.225954e-10
2170.00 2.701834e-10
2180.00 2.592155e-10
2190.00 2.538996e-10
2200.00 2.955699e-10
2210.00 2.726844e-10
2220.00 2.670924e-10
2230.00 2.908441e-10
2240.00 2.435906e-10
2250.00 2.102138e-10
2260.00 1.877853e-10
2270.00 1.481361e-10
2280.00 1.382490e-10
2290.00 1.260843e-10
2300.00 1.209650e-10
2310.00 1.110864e-10
2320.00 1.594626e-10
2330.00 1.801606e-10
2340.00 2.176009e-10
2350.00 2.337002e-10
2360.00 2.447144e-10
2370.00 2.475486e-10
2380.00 2.430307e-10
2390.00 2.464118e-10
2400.00 2.550710e-10
2410.00 2.829170e-10
2420.00 2.861937e-10
2430.00 2.658635e-10
2440.00 2.413565e-10
2450.00 2.689427e-10
2460.00 2.598127e-10
2470.00 2.658635e-10
2480.00 2.646426e-10
2490.00 2.441518e-10
2500.00 2.475486e-10
2510.00 2.289075e-10
2520.00 2.136295e-10
2530.00 3.308719e-10
2540.00 5.723462e-10
2550.00 7.955370e-10
2560.00 7.685303e-10
2570.00 7.597312e-10
2580.00 7.792226e-10
2590.00 8.140644e-10
2600.00 7.973700e-10
2610.00 7.373259e-10
2620.00 6.496197e-10
2630.00 5.440759e-10
2640.00 4.598979e-10
2650.00 4.442855e-10
2660.00 4.412249e-10
2670.00 5.042648e-10
2680.00 4.793572e-10
2690.00 4.996442e-10
2700.00 7.305697e-10
2710.00 1.046309e-09
2720.00 1.055994e-09
2730.00 1.006147e-09
2740.00 9.564417e-10
2750.00 8.803577e-10
2760.00 8.543950e-10
2770.00 8.885068e-10
2780.00 1.022496e-09
2790.00 1.243543e-09
2800.00 1.540491e-09
2810.00 1.431071e-09
2820.00 1.278385e-09
2830.00 1.113424e-09
2840.00 1.080588e-09
2850.00 1.034329e-09
2860.00 1.003826e-09
2870.00 9.923414e-10
2880.00 1.017791e-09
2890.00 1.105763e-09
2900.00 1.357247e-09
2910.00 1.776885e-09
2920.00 2.310265e-09
2930.00 2.783935e-09
2940.00 3.102130e-09
2950.00 3.233416e-09
2960.00 3.316342e-09
2970.00 3.354751e-09
2980.00 3.362481e-09
2990.00 3.248334e-09
3000.00 2.948905e-09
3010.00 2.658635e-09
3020.00 2.430307e-09
3030.00 2.273327e-09
3040.00 2.196132e-09
3050.00 2.166016e-09
3060.00 1.998306e-09
3070.00 1.843581e-09
3080.00 1.720520e-09
3090.00 1.624283e-09
3100.00 1.471156e-09
3110.00 1.477956e-09
3120.00 1.616811e-09
3130.00 1.809918e-09
3140.00 2.073293e-09
3150.00 2.252475e-09
3160.00 2.492636e-09
3170.00 2.739424e-09
3180.00 3.017582e-09
3190.00 3.255816e-09
3200.00 3.417117e-09
3210.00 3.370228e-09
3220.00 3.263318e-09
3230.00 3.038513e-09
3240.00 2.822667e-09
3250.00 2.646426e-09
3260.00 2.556587e-09
3270.00 2.492636e-09
3280.00 2.424719e-09
3290.00 2.364068e-09
3300.00 2.299635e-09
3310.00 2.320922e-09
3320.00 2.364068e-09
3330.00 2.452782e-09
3340.00 2.521505e-09
3350.00 2.550710e-09
3360.00 2.592155e-09
3370.00 2.670924e-09
3380.00 2.783935e-09
3390.00 2.908441e-09
3400.00 3.031529e-09
3410.00 3.145289e-09
3420.00 3.248334e-09
3430.00 3.316342e-09
3440.00 3.339346e-09
3450.00 3.316342e-09
3460.00 3.270837e-09
3470.00 3.211142e-09
3480.00 3.138059e-09
3490.00 3.066613e-09
3500.00 2.996820e-09
3510.00 2.942126e-09
3520.00 2.895085e-09
3530.00 2.842248e-09
3540.00 2.803246e-09
3550.00 2.771151e-09
3560.00 2.745734e-09
3570.00 2.714322e-09
3580.00 2.701834e-09
3590.00 2.689427e-09
3600.00 2.670924e-09
3610.00 2.622177e-09
3620.00 2.598127e-09
3630.00 2.574298e-09
3640.00 2.550710e-09
3650.00 2.533138e-09
3660.00 2.538996e-09
3670.00 2.562477e-09
3680.00 2.580251e-09
3690.00 2.586196e-09
3700.00 2.604113e-09
3710.00 2.598127e-09
3720.00 2.574298e-09
3730.00 2.544846e-09
3740.00 2.515709e-09
3750.00 2.504156e-09
3760.00 2.486905e-09
3770.00 2.231817e-09
3780.00 1.957309e-09
3790.00 1.793333e-09
3800.00 1.646867e-09
3810.00 1.461033e-09
3820.00 1.417947e-09
3830.00 1.450982e-09
3840.00 1.519353e-09
3850.00 1.635536e-09
3860.00 1.847828e-09
3870.00 2.131384e-09
3880.00 2.408016e-09
3890.00 2.640343e-09
3900.00 2.809706e-09
3910.00 2.921858e-09
3920.00 3.003724e-09
3930.00 3.038513e-09
3940.00 2.962508e-09
3950.00 2.861937e-09
3960.00 2.708082e-09
3970.00 2.538996e-09
3980.00 2.424719e-09
3990.00 2.424719e-09
4000.00 2.492636e-09
4010.00 2.562477e-09
4020.00 2.628218e-09
4030.00 2.683244e-09
4040.00 2.720576e-09
4050.00 2.745734e-09
4060.00 2.739424e-09
4070.00 2.708082e-09
4080.00 2.677078e-09
4090.00 2.646426e-09
4100.00 2.616127e-09
4110.00 2.604113e-09
4120.00 2.592155e-09
4130.00 2.580251e-09
4140.00 2.568380e-09
4150.00 2.550710e-09
4160.00 2.509927e-09
4170.00 2.402481e-09
4180.00 2.247298e-09
4190.00 2.078071e-09
4200.00 1.943842e-09
4210.00 1.908365e-09
4220.00 1.993695e-09
4230.00 2.156052e-09
4240.00 2.320922e-09
4250.00 2.464118e-09
4260.00 2.580251e-09
4270.00 2.670924e-09
4280.00 2.733126e-09
4290.00 2.771151e-09
4300.00 2.790349e-09
4310.00 2.783935e-09
4320.00 2.758427e-09
4330.00 2.708082e-09
4340.00 2.634273e-09
4350.00 2.556587e-09
4360.00 2.481190e-09
4370.00 2.413565e-09
4380.00 2.364068e-09
4390.00 2.326270e-09
4400.00 2.289075e-09
4410.00 2.268079e-09
4420.00 2.262866e-09
4430.00 2.273327e-09
4440.00 2.283813e-09
4450.00 2.304934e-09
4460.00 2.331630e-09
4470.00 2.353212e-09
4480.00 2.369515e-09
4490.00 2.380445e-09
4500.00 2.385951e-09
4510.00 2.385951e-09
4520.00 2.374975e-09
4530.00 2.358635e-09
4540.00 2.337002e-09
4550.00 2.304934e-09
4560.00 2.268079e-09
4570.00 2.226686e-09
4580.00 2.181023e-09
4590.00 2.136295e-09
4600.00 2.092467e-09
4610.00 2.044845e-09
4620.00 2.007524e-09
4630.00 1.975427e-09
4640.00 1.943842e-09
4650.00 1.917169e-09
4660.00 1.843581e-09
4670.00 1.685236e-09
4680.00 1.515861e-09
4690.00 1.379300e-09
4700.00 1.329413e-09
4710.00 1.388868e-09
4720.00 1.522867e-09
4730.00 1.681362e-09
4740.00 1.847828e-09
4750.00 1.998306e-09
4760.00 2.126467e-09
4770.00 2.231817e-09
4780.00 2.337002e-09
4790.00 2.430307e-09
4800.00 2.509927e-09
4810.00 2.538996e-09
4820.00 2.509927e-09
4830.00 2.458454e-09
4840.00 2.391449e-09
4850.00 2.320922e-09
4860.00 2.262866e-09
4870.00 2.216461e-09
4880.00 2.196132e-09
4890.00 2.181023e-09
4900.00 2.166016e-09
4910.00 2.156052e-09
4920.00 2.146150e-09
4930.00 2.136295e-09
4940.00 2.121579e-09
4950.00 2.102138e-09
4960.00 2.030775e-09
4970.00 1.952809e-09
4980.00 1.877853e-09
4990.00 1.809918e-09
5000.00 1.756541e-09
5010.00 1.724483e-09
5020.00 1.720520e-09
5030.00 1.732454e-09
5040.00 1.752504e-09
5050.00 1.776885e-09
5060.00 1.793333e-09
5070.00 1.805758e-09
5080.00 1.818283e-09
5090.00 1.830879e-09
5100.00 1.830879e-09
5110.00 1.830879e-09
5120.00 1.826672e-09
5130.00 1.826672e-09
5140.00 1.822473e-09
5150.00 1.818283e-09
5160.00 1.814088e-09
5170.00 1.805758e-09
5180.00 1.797465e-09
5190.00 1.785084e-09
5200.00 1.768726e-09
5210.00 1.752504e-09
5220.00 1.732454e-09
5230.00 1.708682e-09
5240.00 1.685236e-09
5250.00 1.662112e-09
5260.00 1.635536e-09
5270.00 1.613095e-09
5280.00 1.587303e-09
5290.00 1.561923e-09
5300.00 1.536949e-09
5310.00 1.515861e-09
5320.00 1.491623e-09
5330.00 1.471156e-09
5340.00 1.447634e-09
5350.00 1.427782e-09
5360.00 1.408190e-09
5370.00 1.392068e-09
5380.00 1.372967e-09
5390.00 1.357247e-09
5400.00 1.344811e-09
5410.00 1.329413e-09
5420.00 1.317220e-09
5430.00 1.302150e-09
5440.00 1.293180e-09
5450.00 1.281330e-09
5460.00 1.269578e-09
5470.00 1.260843e-09
5480.00 1.249279e-09
5490.00 1.240684e-09
5500.00 1.232137e-09
5510.00 1.223659e-09
5520.00 1.215230e-09
5530.00 1.206870e-09
5540.00 1.198566e-09
5550.00 1.193051e-09
5560.00 1.184843e-09
5570.00 1.179402e-09
5580.00 1.171277e-09
5590.00 1.165898e-09
5600.00 1.160545e-09
5610.00 1.152549e-09
5620.00 1.147257e-09
5630.00 1.141988e-09
5640.00 1.136735e-09
5650.00 1.131515e-09
5660.00 1.126319e-09
5670.00 1.121137e-09
5680.00 1.115988e-09
5690.00 1.110864e-09
5700.00 1.105763e-09
5710.00 1.100675e-09
5720.00 1.093103e-09
5730.00 1.088083e-09
5740.00 1.085573e-09
5750.00 1.085573e-09
5760.00 1.083077e-09
5770.00 1.083077e-09
5780.00 1.080588e-09
5790.00 1.078103e-09
5800.00 1.078103e-09
5810.00 1.075625e-09
5820.00 1.073153e-09
5830.00 1.070686e-09
5840.00 1.070686e-09
5850.00 1.068216e-09
5860.00 1.065760e-09
5870.00 1.063310e-09
5880.00 1.058428e-09
5890.00 1.055994e-09
5900.00 1.051136e-09
5910.00 1.048719e-09
5920.00 1.043903e-09
5930.00 1.039110e-09
5940.00 1.036722e-09
5950.00 1.031952e-09
5960.00 1.029579e-09
5970.00 1.027213e-09
5980.00 1.022496e-09
5990.00 1.020137e-09
6000.00 1.015452e-09
6010.00 1.013118e-09
6020.00 1.008466e-09
6030.00 1.006147e-09
6040.00 1.003826e-09
6050.00 1.001518e-09
6060.00 9.992161e-10
6070.00 9.969194e-10
6080.00 9.946278e-10
6090.00 9.923414e-10
6100.00 9.877758e-10
6110.00 9.809798e-10
6120.00 9.719824e-10
6130.00 9.586536e-10
6140.00 9.389859e-10
6150.00 9.176155e-10
6160.00 8.967235e-10
6170.00 8.803577e-10
6180.00 8.722910e-10
6190.00 8.702858e-10
6200.00 8.763151e-10
6210.00 8.844268e-10
6220.00 8.946624e-10
6230.00 9.050243e-10
6240.00 9.155061e-10
6250.00 9.239726e-10
6260.00 9.303817e-10
6270.00 9.368275e-10
6280.00 9.433258e-10
6290.00 8.967235e-10
6300.00 8.197113e-10
6310.00 7.632360e-10
6320.00 7.356311e-10
6330.00 7.424406e-10
6340.00 7.882406e-10
6350.00 8.682777e-10
6360.00 9.809798e-10
6370.00 1.121137e-09
6380.00 1.278385e-09
6390.00 1.440987e-09
6400.00 1.594626e-09
6410.00 1.732454e-09
6420.00 1.852085e-09
6430.00 1.952809e-09
6440.00 2.030775e-09
6450.00 2.097306e-09
6460.00 2.141217e-09
6470.00 2.176010e-09
6480.00 2.191085e-09
6490.00 2.196132e-09
6500.00 2.186047e-09
6510.00 2.166016e-09
6520.00 2.141217e-09
6530.00 2.106982e-09
6540.00 2.068528e-09
6550.00 2.021433e-09
6560.00 1.966355e-09
6570.00 1.912762e-09
6580.00 1.852085e-09
6590.00 1.789211e-09
6600.00 1.728456e-09
6610.00 1.665942e-09
6620.00 1.605686e-09
6630.00 1.547612e-09
6640.00 1.488195e-09
6650.00 1.434370e-09
6660.00 1.382490e-09
6670.00 1.332476e-09
6680.00 1.287243e-09
6690.00 1.243543e-09
6700.00 1.204095e-09
6710.00 1.168585e-09
6720.00 1.136735e-09
6730.00 1.105763e-09
6740.00 1.080588e-09
6750.00 1.055994e-09
6760.00 1.031952e-09
6770.00 1.010789e-09
6780.00 9.900603e-10
6790.00 9.719824e-10
6800.00 9.542431e-10
6810.00 9.389859e-10
6820.00 9.218486e-10
6830.00 9.071094e-10
6840.00 8.946624e-10
6850.00 8.803577e-10
6860.00 8.682777e-10
6870.00 8.563709e-10
6880.00 8.465661e-10
6890.00 8.368733e-10
6900.00 8.272919e-10
6910.00 8.197113e-10
6920.00 8.121930e-10
6930.00 8.047509e-10
6940.00 7.973700e-10
6950.00 7.918839e-10
6960.00 7.846210e-10
6970.00 7.792226e-10
6980.00 7.738547e-10
6990.00 7.667638e-10
7000.00 7.614817e-10
7010.00 7.562425e-10
7020.00 7.510328e-10
7030.00 7.475840e-10
7040.00 7.424406e-10
7050.00 7.373259e-10
7060.00 7.339400e-10
7070.00 7.305697e-10
7080.00 7.272085e-10
7090.00 7.238691e-10
7100.00 7.205452e-10
7110.00 7.172300e-10
7120.00 7.139364e-10
7130.00 7.106581e-10
7140.00 7.073947e-10
7150.00 7.041400e-10
7160.00 7.009066e-10
7170.00 6.976879e-10
7180.00 6.960842e-10
7190.00 6.928816e-10
7200.00 6.896999e-10
7210.00 6.865328e-10
7220.00 6.833741e-10
7230.00 6.818033e-10
7240.00 6.786724e-10
7250.00 6.771125e-10
7260.00 6.740030e-10
7270.00 6.724477e-10
7280.00 6.693598e-10
7290.00 6.678212e-10
7300.00 6.662861e-10
7310.00 6.632265e-10
7320.00 6.616961e-10
7330.00 6.601751e-10
7340.00 6.571435e-10
7350.00 6.556330e-10
7360.00 6.526223e-10
7370.00 6.511164e-10
7380.00 6.481264e-10
7390.00 6.466366e-10
7400.00 6.436672e-10
7410.00 6.421876e-10
7420.00 6.392329e-10
7430.00 6.362977e-10
7440.00 6.348350e-10
7450.00 6.319198e-10
7460.00 6.290124e-10
7470.00 6.261240e-10
7480.00 6.232487e-10
7490.00 6.189553e-10
7500.00 6.146968e-10
7510.00 6.104621e-10
7520.00 6.048684e-10
7530.00 5.993208e-10
7540.00 5.951973e-10
7550.00 5.910971e-10
7560.00 5.897383e-10
7570.00 5.883827e-10
7580.00 5.883827e-10
7590.00 5.897383e-10
7600.00 5.897383e-10
7610.00 5.910971e-10
7620.00 5.910971e-10
7630.00 5.924642e-10
7640.00 5.938293e-10
7650.00 5.951973e-10
7660.00 5.965686e-10
7670.00 5.979432e-10
7680.00 5.993208e-10
7690.00 6.007016e-10
7700.00 6.007016e-10
7710.00 6.007016e-10
7720.00 6.007016e-10
7730.00 6.007016e-10
7740.00 5.993208e-10
7750.00 5.979432e-10
7760.00 5.965686e-10
7770.00 5.951973e-10
7780.00 5.924642e-10
7790.00 5.910971e-10
7800.00 5.883827e-10
7810.00 5.856808e-10
7820.00 5.829913e-10
7830.00 5.803091e-10
7840.00 5.776443e-10
7850.00 5.749917e-10
7860.00 5.723462e-10
7870.00 5.697181e-10
7880.00 5.671019e-10
7890.00 5.644928e-10
7900.00 5.619006e-10
7910.00 5.580346e-10
7920.00 5.554672e-10
7930.00 5.529164e-10
7940.00 5.503774e-10
7950.00 5.491123e-10
7960.00 5.465859e-10
7970.00 5.440759e-10
7980.00 5.415774e-10
7990.00 5.403325e-10
8000.00 5.390906e-10
8010.00 5.366103e-10
8020.00 5.353769e-10
8030.00 5.341461e-10
8040.00 5.329183e-10
8050.00 5.304712e-10
8060.00 5.292472e-10
8070.00 5.280305e-10
8080.00 5.256058e-10
8090.00 5.243975e-10
8100.00 5.231922e-10
8110.00 5.207851e-10
8120.00 5.195878e-10
8130.00 5.172019e-10
8140.00 5.148269e-10
8150.00 5.124583e-10
8160.00 5.101052e-10
8170.00 5.077626e-10
8180.00 5.019491e-10
8190.00 4.950614e-10
8200.00 4.905253e-10
8210.00 4.871461e-10
8220.00 4.837944e-10
8230.00 4.815728e-10
8240.00 4.782552e-10
8250.00 4.749649e-10
8260.00 4.727796e-10
8270.00 4.706085e-10
8280.00 4.695267e-10
8290.00 4.673707e-10
8300.00 4.652204e-10
8310.00 4.641509e-10
8320.00 4.641509e-10
8330.00 4.641509e-10
8340.00 4.641509e-10
8350.00 4.641509e-10
8360.00 4.641509e-10
8370.00 4.641509e-10
8380.00 4.630840e-10
8390.00 4.620196e-10
8400.00 4.620196e-10
8410.00 4.620196e-10
8420.00 4.620196e-10
8430.00 4.630840e-10
8440.00 4.630840e-10
8450.00 4.641509e-10
8460.00 4.652204e-10
8470.00 4.652204e-10
8480.00 4.652204e-10
8490.00 4.652204e-10
8500.00 4.652204e-10
8510.00 4.652204e-10
8520.00 4.641509e-10
8530.00 4.641509e-10
8540.00 4.630840e-10
8550.00 4.620196e-10
8560.00 4.609575e-10
8570.00 4.598979e-10
8580.00 4.577820e-10
8590.00 4.556798e-10
8600.00 4.535873e-10
8610.00 4.515045e-10
8620.00 4.504626e-10
8630.00 4.494272e-10
8640.00 4.473634e-10
8650.00 4.463351e-10
8660.00 4.453090e-10
8670.00 4.442855e-10
8680.00 4.432602e-10
8690.00 4.422414e-10
8700.00 4.402105e-10
8710.00 4.381890e-10
8720.00 4.361730e-10
8730.00 4.331721e-10
8740.00 4.311829e-10
8750.00 4.282126e-10
8760.00 4.262462e-10
8770.00 4.252664e-10
8780.00 4.242889e-10
8790.00 4.233098e-10
8800.00 4.233098e-10
8810.00 4.223367e-10
8820.00 4.223367e-10
8830.00 4.213660e-10
8840.00 4.203974e-10
8850.00 4.194310e-10
8860.00 4.184669e-10
8870.00 4.175050e-10
8880.00 4.165416e-10
8890.00 4.146288e-10
8900.00 4.127249e-10
8910.00 4.108295e-10
8920.00 4.089394e-10
8930.00 4.070616e-10
8940.00 4.042609e-10
8950.00 4.024010e-10
8960.00 4.014759e-10
8970.00 4.005531e-10
8980.00 4.005531e-10
8990.00 4.014759e-10
9000.00 4.024010e-10
9010.00 4.033280e-10
9020.00 4.051922e-10
9030.00 4.061258e-10
9040.00 4.070616e-10
9050.00 4.070616e-10
9060.00 4.079994e-10
9070.00 4.079994e-10
9080.00 4.079994e-10
9090.00 4.079994e-10
9100.00 4.070616e-10
9110.00 4.061258e-10
9120.00 4.051922e-10
9130.00 4.042609e-10
9140.00 4.024010e-10
9150.00 4.014759e-10
9160.00 3.996324e-10
9170.00 3.977972e-10
9180.00 3.959671e-10
9190.00 3.941488e-10
9200.00 3.923388e-10
9210.00 3.896360e-10
9220.00 3.869553e-10
9230.00 3.834062e-10
9240.00 3.807683e-10
9250.00 3.772759e-10
9260.00 3.746802e-10
9270.00 3.720990e-10
9280.00 3.703904e-10
9290.00 3.703904e-10
9300.00 3.703904e-10
9310.00 3.703904e-10
9320.00 3.712438e-10
9330.00 3.712438e-10
9340.00 3.720990e-10
9350.00 3.720990e-10
9360.00 3.720990e-10
9370.00 3.720990e-10
9380.00 3.720990e-10
9390.00 3.712438e-10
9400.00 3.712438e-10
9410.00 3.703904e-10
9420.00 3.695391e-10
9430.00 3.686896e-10
9440.00 3.678420e-10
9450.00 3.661497e-10
9460.00 3.644683e-10
9470.00 3.636305e-10
9480.00 3.619607e-10
9490.00 3.602954e-10
9500.00 3.586409e-10
9510.00 3.561734e-10
9520.00 3.545347e-10
9530.00 3.529066e-10
9540.00 3.504786e-10
9550.00 3.488660e-10
9560.00 3.464658e-10
9570.00 3.448748e-10
9580.00 3.424989e-10
9590.00 3.409262e-10
9600.00 3.385806e-10
9610.00 3.370228e-10
9620.00 3.347041e-10
9630.00 3.331671e-10
9640.00 3.316342e-10
9650.00 3.301113e-10
9660.00 3.285955e-10
9670.00 3.263318e-10
9680.00 3.248333e-10
9690.00 3.233416e-10
9700.00 3.211142e-10
9710.00 3.189049e-10
9720.00 3.167080e-10
9730.00 3.145289e-10
9740.00 3.123622e-10
9750.00 3.109278e-10
9760.00 3.102130e-10
9770.00 3.102130e-10
9780.00 3.116441e-10
9790.00 3.138059e-10
9800.00 3.152536e-10
9810.00 3.174376e-10
9820.00 3.196395e-10
9830.00 3.218540e-10
9840.00 3.233416e-10
9850.00 3.248333e-10
9860.00 3.255816e-10
9870.00 3.270837e-10
9880.00 3.278402e-10
9890.00 3.278402e-10
9900.00 3.285955e-10
9910.00 3.285955e-10
9920.00 3.278402e-10
9930.00 3.278402e-10
9940.00 3.270837e-10
9950.00 3.263318e-10
9960.00 3.255816e-10
9970.00 3.248333e-10
9980.00 3.233416e-10
9990.00 3.218540e-10
10000.00 3.203760e-10
10010.00 3.189049e-10
10020.00 3.174376e-10
10030.00 3.159798e-10
10040.00 3.138059e-10
10050.00 3.123622e-10
10060.00 3.102130e-10
10070.00 3.087886e-10
10080.00 3.066613e-10
10090.00 3.052531e-10
10100.00 3.031529e-10
10110.00 3.010645e-10
10120.00 2.996820e-10
10130.00 2.976175e-10
10140.00 2.962508e-10
10150.00 2.948905e-10
10160.00 2.928590e-10
10170.00 2.915142e-10
10180.00 2.901755e-10
10190.00 2.888430e-10
10200.00 2.875141e-10
10210.00 2.861937e-10
10220.00 2.848796e-10
10230.00 2.835688e-10
10240.00 2.822667e-10
10250.00 2.809706e-10
10260.00 2.803246e-10
10270.00 2.790349e-10
10280.00 2.777537e-10
10290.00 2.764781e-10
10300.00 2.758427e-10
10310.00 2.745734e-10
10320.00 2.733126e-10
10330.00 2.726844e-10
10340.00 2.714322e-10
10350.00 2.701834e-10
10360.00 2.695624e-10
10370.00 2.683244e-10
10380.00 2.677078e-10
10390.00 2.664784e-10
10400.00 2.658635e-10
10410.00 2.646426e-10
10420.00 2.640344e-10
10430.00 2.628218e-10
10440.00 2.622177e-10
10450.00 2.610112e-10
10460.00 2.604113e-10
10470.00 2.592155e-10
10480.00 2.586196e-10
10490.00 2.574298e-10
10500.00 2.568380e-10
10510.00 2.556587e-10
10520.00 2.544846e-10
10530.00 2.527315e-10
10540.00 2.515709e-10
10550.00 2.498400e-10
10560.00 2.481190e-10
10570.00 2.464118e-10
10580.00 2.441518e-10
10590.00 2.430307e-10
10600.00 2.419125e-10
10610.00 2.413565e-10
10620.00 2.419125e-10
10630.00 2.430307e-10
10640.00 2.452782e-10
10650.00 2.475486e-10
10660.00 2.504157e-10
10670.00 2.538996e-10
10680.00 2.568380e-10
10690.00 2.592155e-10
10700.00 2.622177e-10
10710.00 2.646426e-10
10720.00 2.664784e-10
10730.00 2.683244e-10
10740.00 2.701834e-10
10750.00 2.714322e-10
10760.00 2.726844e-10
10770.00 2.739424e-10
10780.00 2.745734e-10
10790.00 2.752086e-10
10800.00 2.752086e-10
10810.00 2.752086e-10
10820.00 2.752086e-10
10830.00 2.752086e-10
10840.00 2.745734e-10
10850.00 2.739424e-10
10860.00 2.733126e-10
10870.00 2.720576e-10
10880.00 2.708082e-10
10890.00 2.695624e-10
10900.00 2.683244e-10
10910.00 2.670924e-10
10920.00 2.652523e-10
10930.00 2.640344e-10
10940.00 2.622177e-10
10950.00 2.604113e-10
10960.00 2.586196e-10
10970.00 2.574298e-10
10980.00 2.556587e-10
10990.00 2.538996e-10
11000.00 2.521505e-10
11010.00 2.509927e-10
11020.00 2.492636e-10
11030.00 2.475486e-10
11040.00 2.464118e-10
11050.00 2.447144e-10
11060.00 2.435906e-10
11070.00 2.419125e-10
11080.00 2.408016e-10
11090.00 2.391449e-10
11100.00 2.380445e-10
11110.00 2.364068e-10
11120.00 2.353212e-10
11130.00 2.342387e-10
11140.00 2.331630e-10
11150.00 2.315588e-10
11160.00 2.304934e-10
11170.00 2.294349e-10
11180.00 2.283813e-10
11190.00 2.273326e-10
11200.00 2.262866e-10
11210.00 2.252475e-10
11220.00 2.242132e-10
11230.00 2.231817e-10
11240.00 2.221567e-10
11250.00 2.211366e-10
11260.00 2.201211e-10
11270.00 2.191085e-10
11280.00 2.186047e-10
11290.00 2.176009e-10
11300.00 2.166016e-10
11310.00 2.156052e-10
11320.00 2.151096e-10
11330.00 2.141217e-10
11340.00 2.131384e-10
11350.00 2.126467e-10
11360.00 2.116703e-10
11370.00 2.106982e-10
11380.00 2.102138e-10
11390.00 2.092468e-10
11400.00 2.087657e-10
11410.00 2.078071e-10
11420.00 2.073293e-10
11430.00 2.068528e-10
11440.00 2.059011e-10
11450.00 2.054278e-10
11460.00 2.049556e-10
11470.00 2.040144e-10
11480.00 2.035454e-10
11490.00 2.030775e-10
11500.00 2.026090e-10
11510.00 2.016786e-10
11520.00 2.012150e-10
11530.00 2.007524e-10
11540.00 2.002910e-10
11550.00 1.993695e-10
11560.00 1.989112e-10
11570.00 1.984539e-10
11580.00 1.979979e-10
11590.00 1.975427e-10
11600.00 1.966355e-10
11610.00 1.961818e-10
11620.00 1.957309e-10
11630.00 1.952809e-10
11640.00 1.948320e-10
11650.00 1.943842e-10
11660.00 1.934916e-10
11670.00 1.930451e-10
11680.00 1.926013e-10
11690.00 1.921587e-10
11700.00 1.917169e-10
11710.00 1.908365e-10
11720.00 1.903978e-10
11730.00 1.899586e-10
11740.00 1.895218e-10
11750.00 1.890863e-10
11760.00 1.886515e-10
11770.00 1.877853e-10
11780.00 1.873536e-10
11790.00 1.869213e-10
11800.00 1.864917e-10
11810.00 1.860629e-10
11820.00 1.856353e-10
11830.00 1.852085e-10
11840.00 1.847828e-10
11850.00 1.839327e-10
11860.00 1.835098e-10
11870.00 1.830879e-10
11880.00 1.826672e-10
11890.00 1.822473e-10
11900.00 1.818283e-10
11910.00 1.814088e-10
11920.00 1.809918e-10
11930.00 1.805758e-10
11940.00 1.801606e-10
11950.00 1.797465e-10
11960.00 1.789211e-10
11970.00 1.785084e-10
11980.00 1.780979e-10
11990.00 1.776885e-10
12000.00 1.772802e-10
12010.00 1.768726e-10
12020.00 1.764660e-10
12030.00 1.760604e-10
12040.00 1.756541e-10
12050.00 1.752504e-10
12060.00 1.748476e-10
12070.00 1.744456e-10
12080.00 1.740446e-10
12090.00 1.736445e-10
12100.00 1.732454e-10
12110.00 1.728456e-10
12120.00 1.724483e-10
12130.00 1.720520e-10
12140.00 1.716564e-10
12150.00 1.712619e-10
12160.00 1.708682e-10
12170.00 1.704753e-10
12180.00 1.700820e-10
12190.00 1.696911e-10
12200.00 1.693010e-10
12210.00 1.689118e-10
12220.00 1.685236e-10
12230.00 1.681362e-10
12240.00 1.677497e-10
12250.00 1.673626e-10
12260.00 1.669780e-10
12270.00 1.669780e-10
12280.00 1.665942e-10
12290.00 1.662112e-10
12300.00 1.658291e-10
12310.00 1.654479e-10
12320.00 1.646867e-10
12330.00 1.643082e-10
12340.00 1.635536e-10
12350.00 1.624283e-10
12360.00 1.613095e-10
12370.00 1.598312e-10
12380.00 1.583653e-10
12390.00 1.569129e-10
12400.00 1.558333e-10
12410.00 1.551176e-10
12420.00 1.551176e-10
12430.00 1.558333e-10
12440.00 1.569129e-10
12450.00 1.583653e-10
12460.00 1.601995e-10
12470.00 1.624283e-10
12480.00 1.646867e-10
12490.00 1.669780e-10
12500.00 1.696911e-10
12510.00 1.720520e-10
12520.00 1.744456e-10
12530.00 1.768726e-10
12540.00 1.789211e-10
12550.00 1.809918e-10
12560.00 1.826672e-10
12570.00 1.843581e-10
12580.00 1.860629e-10
12590.00 1.877853e-10
12600.00 1.890863e-10
12610.00 1.899586e-10
12620.00 1.912762e-10
12630.00 1.917169e-10
12640.00 1.926013e-10
12650.00 1.930451e-10
12660.00 1.934916e-10
12670.00 1.939374e-10
12680.00 1.939374e-10
12690.00 1.939374e-10
12700.00 1.939374e-10
12710.00 1.934916e-10
12720.00 1.930451e-10
12730.00 1.926013e-10
12740.00 1.921587e-10
12750.00 1.912762e-10
12760.00 1.903978e-10
12770.00 1.895218e-10
12780.00 1.886515e-10
12790.00 1.873536e-10
12800.00 1.864917e-10
12810.00 1.852085e-10
12820.00 1.839327e-10
12830.00 1.822473e-10
12840.00 1.809918e-10
12850.00 1.797465e-10
12860.00 1.780979e-10
12870.00 1.764660e-10
12880.00 1.752504e-10
12890.00 1.736445e-10
12900.00 1.720520e-10
12910.00 1.708682e-10
12920.00 1.693010e-10
12930.00 1.677497e-10
12940.00 1.665942e-10
12950.00 1.650676e-10
12960.00 1.639304e-10
12970.00 1.624283e-10
12980.00 1.613095e-10
12990.00 1.598312e-10
13000.00 1.587303e-10
13010.00 1.576382e-10
13020.00 1.565522e-10
13030.00 1.554751e-10
13040.00 1.547612e-10
13050.00 1.536949e-10
13060.00 1.526375e-10
13070.00 1.519353e-10
13080.00 1.508899e-10
13090.00 1.501971e-10
13100.00 1.495060e-10
13110.00 1.484773e-10
13120.00 1.477956e-10
13130.00 1.471156e-10
13140.00 1.464401e-10
13150.00 1.457675e-10
13160.00 1.450982e-10
13170.00 1.444306e-10
13180.00 1.440987e-10
13190.00 1.434370e-10
13200.00 1.427782e-10
13210.00 1.421213e-10
13220.00 1.417947e-10
13230.00 1.411435e-10
13240.00 1.404954e-10
13250.00 1.401713e-10
13260.00 1.395276e-10
13270.00 1.392068e-10
13280.00 1.385675e-10
13290.00 1.382490e-10
13300.00 1.376129e-10
13310.00 1.372967e-10
13320.00 1.369811e-10
13330.00 1.363520e-10
13340.00 1.360374e-10
13350.00 1.357247e-10
13360.00 1.351015e-10
13370.00 1.347910e-10
13380.00 1.344811e-10
13390.00 1.338624e-10
13400.00 1.335547e-10
13410.00 1.332477e-10
13420.00 1.326357e-10
13430.00 1.323309e-10
13440.00 1.320266e-10
13450.00 1.317220e-10
13460.00 1.311172e-10
13470.00 1.308157e-10
13480.00 1.305151e-10
13490.00 1.302151e-10
13500.00 1.296160e-10
13510.00 1.293180e-10
13520.00 1.290208e-10
13530.00 1.287243e-10
13540.00 1.284283e-10
13550.00 1.281330e-10
13560.00 1.275435e-10
13570.00 1.272503e-10
13580.00 1.269578e-10
13590.00 1.266660e-10
13600.00 1.263748e-10
13610.00 1.260843e-10
13620.00 1.257945e-10
13630.00 1.255042e-10
13640.00 1.252158e-10
13650.00 1.246407e-10
13660.00 1.243543e-10
13670.00 1.240684e-10
13680.00 1.237832e-10
13690.00 1.234976e-10
13700.00 1.232137e-10
13710.00 1.229305e-10
13720.00 1.226478e-10
13730.00 1.223659e-10
13740.00 1.220848e-10
13750.00 1.218042e-10
13760.00 1.215230e-10
13770.00 1.212437e-10
13780.00 1.209650e-10
13790.00 1.206870e-10
13800.00 1.204095e-10
13810.00 1.201327e-10
13820.00 1.198566e-10
13830.00 1.195800e-10
13840.00 1.193051e-10
13850.00 1.190309e-10
13860.00 1.187573e-10
13870.00 1.184843e-10
13880.00 1.182119e-10
13890.00 1.179402e-10
13900.00 1.176681e-10
13910.00 1.173976e-10
13920.00 1.171277e-10
13930.00 1.168585e-10
13940.00 1.165898e-10
13950.00 1.163219e-10
13960.00 1.160545e-10
13970.00 1.160545e-10
13980.00 1.157867e-10
13990.00 1.155205e-10
14000.00 1.152549e-10
14010.00 1.149901e-10
14020.00 1.147257e-10
14030.00 1.144620e-10
14040.00 1.141989e-10
14050.00 1.139354e-10
14060.00 1.139354e-10
14070.00 1.136735e-10
14080.00 1.134122e-10
14090.00 1.131515e-10
14100.00 1.128914e-10
14110.00 1.126319e-10
14120.00 1.126319e-10
14130.00 1.123729e-10
14140.00 1.121137e-10
14150.00 1.118560e-10
14160.00 1.115988e-10
14170.00 1.113424e-10
14180.00 1.110864e-10
14190.00 1.110864e-10
14200.00 1.108310e-10
14210.00 1.105763e-10
14220.00 1.103211e-10
14230.00 1.100675e-10
14240.00 1.098145e-10
14250.00 1.095621e-10
14260.00 1.093103e-10
14270.00 1.090590e-10
14280.00 1.090590e-10
14290.00 1.088083e-10
14300.00 1.085573e-10
14310.00 1.083077e-10
14320.00 1.080588e-10
14330.00 1.078103e-10
14340.00 1.075625e-10
14350.00 1.073153e-10
14360.00 1.070686e-10
14370.00 1.068216e-10
14380.00 1.065760e-10
14390.00 1.065760e-10
14400.00 1.063310e-10
14410.00 1.060866e-10
14420.00 1.058428e-10
14430.00 1.055994e-10
14440.00 1.053566e-10
14450.00 1.051136e-10
14460.00 1.048719e-10
14470.00 1.046309e-10
14480.00 1.043903e-10
14490.00 1.043903e-10
14500.00 1.041504e-10
14510.00 1.039110e-10
14520.00 1.036722e-10
14530.00 1.034329e-10
14540.00 1.031952e-10
14550.00 1.029579e-10
14560.00 1.027213e-10
14570.00 1.027213e-10
14580.00 1.024852e-10
14590.00 1.022496e-10
14600.00 1.020137e-10
14610.00 1.017791e-10
14620.00 1.015452e-10
14630.00 1.013118e-10
14640.00 1.010789e-10
14650.00 1.010789e-10
14660.00 1.008466e-10
14670.00 1.006147e-10
14680.00 1.003826e-10
14690.00 1.001518e-10
14700.00 9.992162e-11
14710.00 9.969194e-11
14720.00 9.969194e-11
14730.00 9.946278e-11
14740.00 9.923414e-11
14750.00 9.900603e-11
14760.00 9.877759e-11
14770.00 9.855053e-11
14780.00 9.855053e-11
14790.00 9.832400e-11
14800.00 9.809798e-11
14810.00 9.787249e-11
14820.00 9.764750e-11
14830.00 9.742304e-11
14840.00 9.719823e-11
14850.00 9.719823e-11
14860.00 9.697483e-11
14870.00 9.675190e-11
14880.00 9.652951e-11
14890.00 9.630762e-11
14900.00 9.608623e-11
14910.00 9.586536e-11
14920.00 9.564417e-11
14930.00 9.564417e-11
14940.00 9.542431e-11
14950.00 9.520495e-11
14960.00 9.498611e-11
14970.00 9.476777e-11
14980.00 9.454994e-11
14990.00 9.433258e-11
15000.00 9.411492e-11
15010.00 9.411492e-11
15020.00 9.389859e-11
15030.00 9.368275e-11
15040.00 9.346739e-11
15050.00 9.325254e-11
15060.00 9.303818e-11
15070.00 9.282432e-11
15080.00 9.282432e-11
15090.00 9.261013e-11
15100.00 9.239726e-11
15110.00 9.218486e-11
15120.00 9.197297e-11
15130.00 9.176155e-11
15140.00 9.155061e-11
15150.00 9.155061e-11
15160.00 9.134018e-11
15170.00 9.112941e-11
15180.00 9.091993e-11
15190.00 9.071094e-11
15200.00 9.050242e-11
15210.00 9.050242e-11
15220.00 9.029439e-11
15230.00 9.008682e-11
15240.00 8.987975e-11
15250.00 8.967236e-11
15260.00 8.946624e-11
15270.00 8.926057e-11
15280.00 8.905539e-11
15290.00 8.885068e-11
15300.00 8.885068e-11
15310.00 8.864645e-11
15320.00 8.844268e-11
15330.00 8.844268e-11
15340.00 8.823860e-11
15350.00 8.803577e-11
15360.00 8.783340e-11
15370.00 8.763151e-11
15380.00 8.743007e-11
15390.00 8.722910e-11
15400.00 8.702858e-11
15410.00 8.682777e-11
15420.00 8.662818e-11
15430.00 8.642905e-11
15440.00 8.623037e-11
15450.00 8.623037e-11
15460.00 8.603216e-11
15470.00 8.583440e-11
15480.00 8.563709e-11
15490.00 8.563709e-11
15500.00 8.543950e-11
15510.00 8.524309e-11
15520.00 8.524309e-11
15530.00 8.504716e-11
15540.00 8.485165e-11
15550.00 8.485165e-11
15560.00 8.465661e-11
15570.00 8.446201e-11
15580.00 8.426786e-11
15590.00 8.407341e-11
15600.00 8.388016e-11
15610.00 8.368735e-11
15620.00 8.349497e-11
15630.00 8.330305e-11
15640.00 8.311156e-11
15650.00 8.292052e-11
15660.00 8.272919e-11
15670.00 8.253902e-11
15680.00 8.234928e-11
15690.00 8.215998e-11
15700.00 8.215998e-11
15710.00 8.197113e-11
15720.00 8.197113e-11
15730.00 8.178271e-11
15740.00 8.159472e-11
15750.00 8.159472e-11
15760.00 8.140644e-11
15770.00 8.140644e-11
15780.00 8.121930e-11
15790.00 8.103261e-11
15800.00 8.084635e-11
15810.00 8.084635e-11
15820.00 8.066051e-11
15830.00 8.047509e-11
15840.00 8.029011e-11
15850.00 8.010484e-11
15860.00 7.992071e-11
15870.00 7.973700e-11
15880.00 7.955370e-11
15890.00 7.937084e-11
15900.00 7.918839e-11
15910.00 7.882406e-11
15920.00 7.864287e-11
15930.00 7.846210e-11
15940.00 7.828175e-11
15950.00 7.810179e-11
15960.00 7.792226e-11
15970.00 7.792226e-11
15980.00 7.774315e-11
15990.00 7.774315e-11
16000.00 7.756376e-11
16010.00 7.756376e-11
16020.00 7.738547e-11
16030.00 7.738547e-11
16040.00 7.720758e-11
16050.00 7.720758e-11
16060.00 7.703009e-11
16070.00 7.703009e-11
16080.00 7.685303e-11
16090.00 7.667638e-11
16100.00 7.667638e-11
16110.00 7.649945e-11
16120.00 7.632360e-11
16130.00 7.614817e-11
16140.00 7.597312e-11
16150.00 7.597312e-11
16160.00 7.579848e-11
16170.00 7.562425e-11
16180.00 7.545042e-11
16190.00 7.527632e-11
16200.00 7.510328e-11
16210.00 7.493064e-11
16220.00 7.475840e-11
16230.00 7.458655e-11
16240.00 7.441510e-11
16250.00 7.424406e-11
16260.00 7.407274e-11
16270.00 7.373259e-11
16280.00 7.356311e-11
16290.00 7.339400e-11
16300.00 7.305697e-11
16310.00 7.288840e-11
16320.00 7.272085e-11
16330.00 7.255370e-11
16340.00 7.238691e-11
16350.00 7.222052e-11
16360.00 7.222052e-11
16370.00 7.205452e-11
16380.00 7.205452e-11
16390.00 7.205452e-11
16400.00 7.205452e-11
16410.00 7.188888e-11
16420.00 7.188888e-11
16430.00 7.188888e-11
16440.00 7.188888e-11
16450.00 7.188888e-11
16460.00 7.172300e-11
16470.00 7.172300e-11
16480.00 7.172300e-11
16490.00 7.155814e-11
16500.00 7.155814e-11
16510.00 7.139364e-11
16520.00 7.139364e-11
16530.00 7.122953e-11
16540.00 7.106581e-11
16550.00 7.106581e-11
16560.00 7.090244e-11
16570.00 7.073947e-11
16580.00 7.057624e-11
16590.00 7.041400e-11
16600.00 7.025215e-11
16610.00 7.009066e-11
16620.00 6.992955e-11
16630.00 6.976879e-11
16640.00 6.960842e-11
16650.00 6.944780e-11
16660.00 6.928817e-11
16670.00 6.912889e-11
16680.00 6.896999e-11
16690.00 6.881144e-11
16700.00 6.865328e-11
16710.00 6.849545e-11
16720.00 6.833741e-11
16730.00 6.818033e-11
16740.00 6.802360e-11
16750.00 6.771125e-11
16760.00 6.755558e-11
16770.00 6.740030e-11
16780.00 6.724478e-11
16790.00 6.693600e-11
16800.00 6.678212e-11
16810.00 6.662861e-11
16820.00 6.632265e-11
16830.00 6.616961e-11
16840.00 6.586576e-11
16850.00 6.571436e-11
16860.00 6.556330e-11
16870.00 6.541258e-11
16880.00 6.526223e-11
16890.00 6.526223e-11
16900.00 6.511163e-11
16910.00 6.511163e-11
16920.00 6.511163e-11
16930.00 6.511163e-11
16940.00 6.511163e-11
16950.00 6.511163e-11
16960.00 6.511163e-11
16970.00 6.511163e-11
16980.00 6.511163e-11
16990.00 6.511163e-11
17000.00 6.511163e-11
17010.00 6.511163e-11
17020.00 6.496198e-11
17030.00 6.496198e-11
17040.00 6.496198e-11
17050.00 6.481264e-11
17060.00 6.481264e-11
17070.00 6.481264e-11
17080.00 6.466368e-11
17090.00 6.466368e-11
17100.00 6.451502e-11
17110.00 6.436673e-11
17120.00 6.436673e-11
17130.00 6.421875e-11
17140.00 6.407058e-11
17150.00 6.407058e-11
17160.00 6.392329e-11
17170.00 6.377637e-11
17180.00 6.362977e-11
17190.00 6.362977e-11
17200.00 6.348350e-11
17210.00 6.333757e-11
17220.00 6.319198e-11
17230.00 6.304617e-11
17240.00 6.290125e-11
17250.00 6.275665e-11
17260.00 6.261240e-11
17270.00 6.246848e-11
17280.00 6.232487e-11
17290.00 6.218162e-11
17300.00 6.203813e-11
17310.00 6.189553e-11
17320.00 6.175325e-11
17330.00 6.161130e-11
17340.00 6.146968e-11
17350.00 6.132838e-11
17360.00 6.104621e-11
17370.00 6.090589e-11
17380.00 6.076589e-11
17390.00 6.062620e-11
17400.00 6.048684e-11
17410.00 6.034780e-11
17420.00 6.020908e-11
17430.00 6.007016e-11
17440.00 5.993208e-11
17450.00 5.979432e-11
17460.00 5.951973e-11
17470.00 5.938291e-11
17480.00 5.924642e-11
17490.00 5.910971e-11
17500.00 5.897383e-11
17510.00 5.883828e-11
17520.00 5.870303e-11
17530.00 5.856808e-11
17540.00 5.843346e-11
17550.00 5.829913e-11
17560.00 5.816461e-11
17570.00 5.803091e-11
17580.00 5.776443e-11
17590.00 5.763165e-11
17600.00 5.736650e-11
17610.00 5.723462e-11
17620.00 5.710307e-11
17630.00 5.684084e-11
17640.00 5.671019e-11
17650.00 5.657982e-11
17660.00 5.644928e-11
17670.00 5.644928e-11
17680.00 5.631952e-11
17690.00 5.631952e-11
17700.00 5.644928e-11
17710.00 5.644928e-11
17720.00 5.644928e-11
17730.00 5.657982e-11
17740.00 5.657982e-11
17750.00 5.671019e-11
17760.00 5.671019e-11
17770.00 5.671019e-11
17780.00 5.684084e-11
17790.00 5.684084e-11
17800.00 5.684084e-11
17810.00 5.684084e-11
17820.00 5.684084e-11
17830.00 5.684084e-11
17840.00 5.684084e-11
17850.00 5.684084e-11
17860.00 5.684084e-11
17870.00 5.684084e-11
17880.00 5.684084e-11
17890.00 5.671019e-11
17900.00 5.671019e-11
17910.00 5.671019e-11
17920.00 5.657982e-11
17930.00 5.657982e-11
17940.00 5.644928e-11
17950.00 5.644928e-11
17960.00 5.631952e-11
17970.00 5.619007e-11
17980.00 5.606089e-11
17990.00 5.593203e-11
18000.00 5.580346e-11
18010.00 5.554672e-11
18020.00 5.516455e-11
18030.00 5.491123e-11
18040.00 5.453294e-11
18050.00 5.415774e-11
18060.00 5.378466e-11
18070.00 5.341461e-11
18080.00 5.316933e-11
18090.00 5.304712e-11
18100.00 5.304712e-11
18110.00 5.304712e-11
18120.00 5.316933e-11
18130.00 5.353769e-11
18140.00 5.390906e-11
18150.00 5.428252e-11
18160.00 5.491123e-11
18170.00 5.554672e-11
18180.00 5.619007e-11
18190.00 5.684084e-11
18200.00 5.763165e-11
18210.00 5.843346e-11
18220.00 5.924642e-11
18230.00 6.007016e-11
18240.00 6.090589e-11
18250.00 6.175325e-11
18260.00 6.261240e-11
18270.00 6.348350e-11
18280.00 6.436673e-11
18290.00 6.526223e-11
18300.00 6.601751e-11
18310.00 6.693600e-11
18320.00 6.771125e-11
18330.00 6.849545e-11
18340.00 6.928817e-11
18350.00 7.009066e-11
18360.00 7.090244e-11
18370.00 7.155814e-11
18380.00 7.238691e-11
18390.00 7.305697e-11
18400.00 7.356311e-11
18410.00 7.424406e-11
18420.00 7.475840e-11
18430.00 7.545042e-11
18440.00 7.597312e-11
18450.00 7.632360e-11
18460.00 7.685303e-11
18470.00 7.720758e-11
18480.00 7.756376e-11
18490.00 7.792226e-11
18500.00 7.810179e-11
18510.00 7.846210e-11
18520.00 7.864287e-11
18530.00 7.882406e-11
18540.00 7.900636e-11
18550.00 7.900636e-11
18560.00 7.900636e-11
18570.00 7.900636e-11
18580.00 7.900636e-11
18590.00 7.900636e-11
18600.00 7.900636e-11
18610.00 7.882406e-11
18620.00 7.864287e-11
18630.00 7.846210e-11
18640.00 7.828175e-11
18650.00 7.792226e-11
18660.00 7.774315e-11
18670.00 7.738547e-11
18680.00 7.720758e-11
18690.00 7.685303e-11
18700.00 7.649945e-11
18710.00 7.614817e-11
18720.00 7.562425e-11
18730.00 7.527632e-11
18740.00 7.475840e-11
18750.00 7.424406e-11
18760.00 7.373259e-11
18770.00 7.305697e-11
18780.00 7.255370e-11
18790.00 7.188888e-11
18800.00 7.122953e-11
18810.00 7.057624e-11
18820.00 6.992955e-11
18830.00 6.912889e-11
18840.00 6.833741e-11
18850.00 6.755558e-11
18860.00 6.678212e-11
18870.00 6.616961e-11
18880.00 6.541258e-11
18890.00 6.466368e-11
18900.00 6.407058e-11
18910.00 6.348350e-11
18920.00 6.275665e-11
18930.00 6.232487e-11
18940.00 6.175325e-11
18950.00 6.118741e-11
18960.00 6.076589e-11
18970.00 6.020908e-11
18980.00 5.979432e-11
18990.00 5.924642e-11
19000.00 5.883828e-11
19010.00 5.843346e-11
19020.00 5.803091e-11
19030.00 5.749917e-11
19040.00 5.710307e-11
19050.00 5.671019e-11
19060.00 5.631952e-11
19070.00 5.593203e-11
19080.00 5.554672e-11
19090.00 5.516455e-11
19100.00 5.478499e-11
19110.00 5.453294e-11
19120.00 5.415774e-11
19130.00 5.378466e-11
19140.00 5.353769e-11
19150.00 5.316933e-11
19160.00 5.292470e-11
19170.00 5.256058e-11
19180.00 5.231922e-11
19190.00 5.207851e-11
19200.00 5.183936e-11
19210.00 5.160131e-11
19220.00 5.136435e-11
19230.00 5.112804e-11
19240.00 5.089325e-11
19250.00 5.065953e-11
19260.00 5.042647e-11
19270.00 5.019491e-11
19280.00 4.996442e-11
19290.00 4.973498e-11
19300.00 4.950615e-11
19310.00 4.939235e-11
19320.00 4.916554e-11
19330.00 4.893976e-11
19340.00 4.871461e-11
19350.00 4.849089e-11
19360.00 4.837945e-11
19370.00 4.815728e-11
19380.00 4.793571e-11
19390.00 4.771559e-11
19400.00 4.760590e-11
19410.00 4.738730e-11
19420.00 4.716929e-11
19430.00 4.695267e-11
19440.00 4.673707e-11
19450.00 4.662963e-11
19460.00 4.641509e-11
19470.00 4.620196e-11
19480.00 4.598980e-11
19490.00 4.588408e-11
19500.00 4.567298e-11
19510.00 4.546324e-11
19520.00 4.525448e-11
19530.00 4.515045e-11
19540.00 4.494272e-11
19550.00 4.473634e-11
19560.00 4.463351e-11
19570.00 4.442855e-11
19580.00 4.422414e-11
19590.00 4.412249e-11
19600.00 4.391987e-11
19610.00 4.381890e-11
19620.00 4.361730e-11
19630.00 4.341701e-11
19640.00 4.331721e-11
19650.00 4.321764e-11
19660.00 4.301880e-11
19670.00 4.291992e-11
19680.00 4.272282e-11
19690.00 4.262462e-11
19700.00 4.242889e-11
19710.00 4.233098e-11
19720.00 4.223367e-11
19730.00 4.203974e-11
19740.00 4.194310e-11
19750.00 4.184669e-11
19760.00 4.175050e-11
19770.00 4.155841e-11
19780.00 4.146288e-11
19790.00 4.136758e-11
19800.00 4.127249e-11
19810.00 4.117761e-11
19820.00 4.108296e-11
19830.00 4.089394e-11
19840.00 4.079994e-11
19850.00 4.070616e-11
19860.00 4.061259e-11
19870.00 4.051924e-11
19880.00 4.042609e-11
19890.00 4.033280e-11
19900.00 4.024010e-11
19910.00 4.014759e-11
19920.00 4.005531e-11
19930.00 3.996324e-11
19940.00 3.987137e-11
19950.00 3.977972e-11
19960.00 3.968793e-11
19970.00 3.959671e-11
19980.00 3.950568e-11
19990.00 3.941488e-11
20000.00 3.932427e-11
20010.00 3.923388e-11
20020.00 3.914370e-11
20030.00 3.905336e-11
20040.00 3.896360e-11
20050.00 3.887403e-11
20060.00 3.878467e-11
20070.00 3.869553e-11
20080.00 3.869553e-11
20090.00 3.860658e-11
20100.00 3.851783e-11
20110.00 3.842895e-11
20120.00 3.834062e-11
20130.00 3.825248e-11
20140.00 3.825248e-11
20150.00 3.816455e-11
20160.00 3.807683e-11
20170.00 3.798930e-11
20180.00 3.790197e-11
20190.00 3.781451e-11
20200.00 3.781451e-11
20210.00 3.772759e-11
20220.00 3.764086e-11
20230.00 3.755435e-11
20240.00 3.755435e-11
20250.00 3.746802e-11
20260.00 3.738189e-11
20270.00 3.729597e-11
20280.00 3.720990e-11
20290.00 3.720990e-11
20300.00 3.712438e-11
20310.00 3.703904e-11
20320.00 3.695391e-11
20330.00 3.695391e-11
20340.00 3.686896e-11
20350.00 3.678420e-11
20360.00 3.669964e-11
20370.00 3.669964e-11
20380.00 3.661497e-11
20390.00 3.653081e-11
20400.00 3.644682e-11
20410.00 3.644682e-11
20420.00 3.636305e-11
20430.00 3.627946e-11
20440.00 3.627946e-11
20450.00 3.619607e-11
20460.00 3.611286e-11
20470.00 3.602954e-11
20480.00 3.602954e-11
20490.00 3.594671e-11
20500.00 3.586408e-11
20510.00 3.586408e-11
20520.00 3.578165e-11
20530.00 3.569940e-11
20540.00 3.561734e-11
20550.00 3.561734e-11
20560.00 3.553546e-11
20570.00 3.545347e-11
20580.00 3.537197e-11
20590.00 3.537197e-11
20600.00 3.529066e-11
20610.00 3.520953e-11
20620.00 3.512861e-11
20630.00 3.512861e-11
20640.00 3.504786e-11
20650.00 3.496730e-11
20660.00 3.488660e-11
20670.00 3.488660e-11
20680.00 3.480641e-11
20690.00 3.472641e-11
20700.00 3.472641e-11
20710.00 3.464658e-11
20720.00 3.456694e-11
20730.00 3.456694e-11
20740.00 3.448748e-11
20750.00 3.440821e-11
20760.00 3.440821e-11
20770.00 3.432881e-11
20780.00 3.424990e-11
20790.00 3.424990e-11
20800.00 3.417117e-11
20810.00 3.417117e-11
20820.00 3.409262e-11
20830.00 3.409262e-11
20840.00 3.401426e-11
20850.00 3.401426e-11
20860.00 3.393607e-11
20870.00 3.385806e-11
20880.00 3.385806e-11
20890.00 3.377993e-11
20900.00 3.370228e-11
20910.00 3.362481e-11
20920.00 3.354751e-11
20930.00 3.339346e-11
20940.00 3.331671e-11
20950.00 3.316342e-11
20960.00 3.308719e-11
20970.00 3.293526e-11
20980.00 3.278402e-11
20990.00 3.270837e-11
21000.00 3.263318e-11
21010.00 3.255816e-11
21020.00 3.248333e-11
21030.00 3.240866e-11
21040.00 3.240866e-11
21050.00 3.248333e-11
21060.00 3.248333e-11
21070.00 3.255816e-11
21080.00 3.263318e-11
21090.00 3.270837e-11
21100.00 3.278402e-11
21110.00 3.285955e-11
21120.00 3.301113e-11
21130.00 3.308719e-11
21140.00 3.316342e-11
21150.00 3.331671e-11
21160.00 3.339346e-11
21170.00 3.347041e-11
21180.00 3.354751e-11
21190.00 3.362481e-11
21200.00 3.370228e-11
21210.00 3.377993e-11
21220.00 3.385806e-11
21230.00 3.393607e-11
21240.00 3.401426e-11
21250.00 3.409262e-11
21260.00 3.409262e-11
21270.00 3.417117e-11
21280.00 3.424990e-11
21290.00 3.424990e-11
21300.00 3.432881e-11
21310.00 3.432881e-11
21320.00 3.432881e-11
21330.00 3.432881e-11
21340.00 3.440821e-11
21350.00 3.440821e-11
21360.00 3.440821e-11
21370.00 3.440821e-11
21380.00 3.440821e-11
21390.00 3.440821e-11
21400.00 3.440821e-11
21410.00 3.432881e-11
21420.00 3.432881e-11
21430.00 3.432881e-11
21440.00 3.424990e-11
21450.00 3.424990e-11
21460.00 3.424990e-11
21470.00 3.417117e-11
21480.00 3.417117e-11
21490.00 3.409262e-11
21500.00 3.401426e-11
21510.00 3.401426e-11
21520.00 3.393607e-11
21530.00 3.385806e-11
21540.00 3.377993e-11
21550.00 3.377993e-11
21560.00 3.370228e-11
21570.00 3.362481e-11
21580.00 3.354751e-11
21590.00 3.347041e-11
21600.00 3.339346e-11
21610.00 3.331671e-11
21620.00 3.323983e-11
21630.00 3.308719e-11
21640.00 3.301113e-11
21650.00 3.293526e-11
21660.00 3.285955e-11
21670.00 3.278402e-11
21680.00 3.263318e-11
21690.00 3.255816e-11
21700.00 3.248333e-11
21710.00 3.240866e-11
21720.00 3.225956e-11
21730.00 3.218540e-11
21740.00 3.211141e-11
21750.00 3.196395e-11
21760.00 3.189049e-11
21770.00 3.181717e-11
21780.00 3.167080e-11
21790.00 3.159798e-11
21800.00 3.152536e-11
21810.00 3.138059e-11
21820.00 3.130845e-11
21830.00 3.123622e-11
21840.00 3.116441e-11
21850.00 3.102130e-11
21860.00 3.095000e-11
21870.00 3.087886e-11
21880.00 3.080787e-11
21890.00 3.066613e-11
21900.00 3.059564e-11
21910.00 3.052531e-11
21920.00 3.045513e-11
21930.00 3.038513e-11
21940.00 3.024534e-11
21950.00 3.017582e-11
21960.00 3.010645e-11
21970.00 3.003724e-11
21980.00 2.996820e-11
21990.00 2.989932e-11
22000.00 2.983058e-11
22010.00 2.976175e-11
22020.00 2.969334e-11
22030.00 2.962508e-11
22040.00 2.955699e-11
22050.00 2.948905e-11
22060.00 2.942126e-11
22070.00 2.935363e-11
22080.00 2.928590e-11
22090.00 2.921858e-11
22100.00 2.915142e-11
22110.00 2.908441e-11
22120.00 2.901755e-11
22130.00 2.895085e-11
22140.00 2.888430e-11
22150.00 2.888430e-11
22160.00 2.881765e-11
22170.00 2.875141e-11
22180.00 2.868532e-11
22190.00 2.861937e-11
22200.00 2.855360e-11
22210.00 2.848796e-11
22220.00 2.848796e-11
22230.00 2.842248e-11
22240.00 2.835688e-11
22250.00 2.829170e-11
22260.00 2.822667e-11
22270.00 2.822667e-11
22280.00 2.816179e-11
22290.00 2.809706e-11
22300.00 2.803246e-11
22310.00 2.796803e-11
22320.00 2.796803e-11
22330.00 2.790349e-11
22340.00 2.783935e-11
22350.00 2.777537e-11
22360.00 2.777537e-11
22370.00 2.771151e-11
22380.00 2.764781e-11
22390.00 2.758427e-11
22400.00 2.758427e-11
22410.00 2.752086e-11
22420.00 2.745734e-11
22430.00 2.739424e-11
22440.00 2.739424e-11
22450.00 2.733126e-11
22460.00 2.726844e-11
22470.00 2.726844e-11
22480.00 2.720576e-11
22490.00 2.714322e-11
22500.00 2.708082e-11
22510.00 2.708082e-11
22520.00 2.701834e-11
22530.00 2.695624e-11
22540.00 2.695624e-11
22550.00 2.689427e-11
22560.00 2.683244e-11
22570.00 2.677078e-11
22580.00 2.677078e-11
22590.00 2.670924e-11
22600.00 2.664784e-11
22610.00 2.664784e-11
22620.00 2.658635e-11
22630.00 2.652523e-11
22640.00 2.652523e-11
22650.00 2.646426e-11
22660.00 2.640344e-11
22670.00 2.640344e-11
22680.00 2.634273e-11
22690.00 2.628218e-11
22700.00 2.628218e-11
22710.00 2.622177e-11
22720.00 2.616127e-11
22730.00 2.616127e-11
22740.00 2.610112e-11
22750.00 2.604113e-11
22760.00 2.604113e-11
22770.00 2.598127e-11
22780.00 2.592155e-11
22790.00 2.592155e-11
22800.00 2.586196e-11
22810.00 2.580251e-11
22820.00 2.580251e-11
22830.00 2.574298e-11
22840.00 2.574298e-11
22850.00 2.568380e-11
22860.00 2.562477e-11
22870.00 2.562477e-11
22880.00 2.556587e-11
22890.00 2.550710e-11
22900.00 2.550710e-11
22910.00 2.544846e-11
22920.00 2.544846e-11
22930.00 2.538996e-11
22940.00 2.533138e-11
22950.00 2.533138e-11
22960.00 2.527315e-11
22970.00 2.527315e-11
22980.00 2.521505e-11
22990.00 2.515709e-11
23000.00 2.515709e-11
23010.00 2.509927e-11
23020.00 2.504157e-11
23030.00 2.504157e-11
23040.00 2.498400e-11
23050.00 2.498400e-11
23060.00 2.492636e-11
23070.00 2.486905e-11
23080.00 2.486905e-11
23090.00 2.481190e-11
23100.00 2.481190e-11
23110.00 2.475486e-11
23120.00 2.469796e-11
23130.00 2.469796e-11
23140.00 2.464118e-11
23150.00 2.464118e-11
23160.00 2.458454e-11
23170.00 2.452782e-11
23180.00 2.452782e-11
23190.00 2.447144e-11
23200.00 2.447144e-11
23210.00 2.441518e-11
23220.00 2.435905e-11
23230.00 2.435905e-11
23240.00 2.430307e-11
23250.00 2.430307e-11
23260.00 2.424719e-11
23270.00 2.419125e-11
23280.00 2.419125e-11
23290.00 2.413565e-11
23300.00 2.413565e-11
23310.00 2.408016e-11
23320.00 2.408016e-11
23330.00 2.402481e-11
23340.00 2.396959e-11
23350.00 2.396959e-11
23360.00 2.391449e-11
23370.00 2.391449e-11
23380.00 2.385951e-11
23390.00 2.380445e-11
23400.00 2.380445e-11
23410.00 2.374975e-11
23420.00 2.374975e-11
23430.00 2.369515e-11
23440.00 2.364068e-11
23450.00 2.364068e-11
23460.00 2.358634e-11
23470.00 2.358634e-11
23480.00 2.353212e-11
23490.00 2.353212e-11
23500.00 2.347802e-11
23510.00 2.342385e-11
23520.00 2.342385e-11
23530.00 2.337002e-11
23540.00 2.337002e-11
23550.00 2.331630e-11
23560.00 2.326270e-11
23570.00 2.326270e-11
23580.00 2.320922e-11
23590.00 2.320922e-11
23600.00 2.315588e-11
23610.00 2.315588e-11
23620.00 2.310265e-11
23630.00 2.304934e-11
23640.00 2.304934e-11
23650.00 2.299635e-11
23660.00 2.299635e-11
23670.00 2.294349e-11
23680.00 2.294349e-11
23690.00 2.289075e-11
23700.00 2.283813e-11
23710.00 2.283813e-11
23720.00 2.278563e-11
23730.00 2.278563e-11
23740.00 2.273326e-11
23750.00 2.268079e-11
23760.00 2.268079e-11
23770.00 2.262866e-11
23780.00 2.262866e-11
23790.00 2.257665e-11
23800.00 2.257665e-11
23810.00 2.252475e-11
23820.00 2.247298e-11
23830.00 2.247298e-11
23840.00 2.242132e-11
23850.00 2.242132e-11
23860.00 2.236978e-11
23870.00 2.236978e-11
23880.00 2.231817e-11
23890.00 2.226686e-11
23900.00 2.226686e-11
23910.00 2.221567e-11
23920.00 2.221567e-11
23930.00 2.216461e-11
23940.00 2.216461e-11
23950.00 2.211366e-11
23960.00 2.211366e-11
23970.00 2.206283e-11
23980.00 2.206283e-11
23990.00 2.201211e-11
24000.00 2.196132e-11
24010.00 2.196132e-11
24020.00 2.191083e-11
24030.00 2.191083e-11
24040.00 2.191083e-11
24050.00 2.186047e-11
24060.00 2.186047e-11
24070.00 2.181023e-11
24080.00 2.181023e-11
24090.00 2.176010e-11
24100.00 2.176010e-11
24110.00 2.176010e-11
24120.00 2.171007e-11
24130.00 2.171007e-11
24140.00 2.166016e-11
24150.00 2.166016e-11
24160.00 2.166016e-11
24170.00 2.166016e-11
24180.00 2.161019e-11
24190.00 2.161019e-11
24200.00 2.161019e-11
24210.00 2.156052e-11
24220.00 2.156052e-11
24230.00 2.156052e-11
24240.00 2.151096e-11
24250.00 2.151096e-11
24260.00 2.151096e-11
24270.00 2.151096e-11
24280.00 2.146150e-11
24290.00 2.146150e-11
24300.00 2.146150e-11
24310.00 2.146150e-11
24320.00 2.146150e-11
24330.00 2.141217e-11
24340.00 2.141217e-11
24350.00 2.141217e-11
24360.00 2.141217e-11
24370.00 2.136295e-11
24380.00 2.136295e-11
24390.00 2.136295e-11
24400.00 2.136295e-11
24410.00 2.136295e-11
24420.00 2.131384e-11
24430.00 2.131384e-11
24440.00 2.131384e-11
24450.00 2.131384e-11
24460.00 2.126467e-11
24470.00 2.126467e-11
24480.00 2.126467e-11
24490.00 2.126467e-11
24500.00 2.126467e-11
24510.00 2.121579e-11
24520.00 2.121579e-11
24530.00 2.121579e-11
24540.00 2.121579e-11
24550.00 2.116703e-11
24560.00 2.116703e-11
24570.00 2.116703e-11
24580.00 2.116703e-11
24590.00 2.111836e-11
24600.00 2.111836e-11
24610.00 2.111836e-11
24620.00 2.111836e-11
24630.00 2.106982e-11
24640.00 2.106982e-11
24650.00 2.106982e-11
24660.00 2.102138e-11
24670.00 2.102138e-11
24680.00 2.102138e-11
24690.00 2.097307e-11
24700.00 2.097307e-11
24710.00 2.097307e-11
24720.00 2.092467e-11
24730.00 2.092467e-11
24740.00 2.092467e-11
24750.00 2.087657e-11
24760.00 2.087657e-11
24770.00 2.082858e-11
24780.00 2.082858e-11
24790.00 2.078071e-11
24800.00 2.078071e-11
24810.00 2.078071e-11
24820.00 2.073295e-11
24830.00 2.073295e-11
24840.00 2.068528e-11
24850.00 2.068528e-11
24860.00 2.063774e-11
24870.00 2.063774e-11
24880.00 2.059011e-11
24890.00 2.059011e-11
24900.00 2.054278e-11
24910.00 2.049556e-11
24920.00 2.049556e-11
24930.00 2.044845e-11
24940.00 2.044845e-11
24950.00 2.040144e-11
24960.00 2.040144e-11
24970.00 2.035454e-11
24980.00 2.030775e-11
24990.00 2.030775e-11
25000.00 2.026090e-11
