1000.00 3.769659e-08
1010.00 3.821547e-08
1020.00 3.871259e-08
1030.00 3.918796e-08
1040.00 3.964164e-08
1050.00 4.007373e-08
1060.00 4.048435e-08
1070.00 4.087369e-08
1080.00 4.124193e-08
1090.00 4.158930e-08
1100.00 4.191607e-08
1110.00 4.222251e-08
1120.00 4.250891e-08
1130.00 4.277560e-08
1140.00 4.302292e-08
1150.00 4.325121e-08
1160.00 4.346083e-08
1170.00 4.365219e-08
1180.00 4.382565e-08
1190.00 4.398161e-08
1200.00 4.412048e-08
1210.00 4.424267e-08
1220.00 4.434859e-08
1230.00 4.443867e-08
1240.00 4.451331e-08
1250.00 4.457295e-08
1260.00 4.461801e-08
1270.00 4.464889e-08
1280.00 4.466603e-08
1290.00 4.466986e-08
1300.00 4.466077e-08
1310.00 4.463919e-08
1320.00 4.460552e-08
1330.00 4.456015e-08
1340.00 4.450351e-08
1350.00 4.443596e-08
1360.00 4.435793e-08
1370.00 4.426976e-08
1380.00 4.417185e-08
1390.00 4.406456e-08
1400.00 4.394825e-08
1410.00 4.382329e-08
1420.00 4.369001e-08
1430.00 4.354876e-08
1440.00 4.339988e-08
1450.00 4.324368e-08
1460.00 4.308049e-08
1470.00 4.291062e-08
1480.00 4.273436e-08
1490.00 4.255203e-08
1500.00 4.236391e-08
1510.00 4.217027e-08
1520.00 4.197138e-08
1530.00 4.176754e-08
1540.00 4.155896e-08
1550.00 4.134593e-08
1560.00 4.112869e-08
1570.00 4.090744e-08
1580.00 4.068245e-08
1590.00 4.045394e-08
1600.00 4.022210e-08
1610.00 3.998717e-08
1620.00 3.974932e-08
1630.00 3.950877e-08
1640.00 3.926570e-08
1650.00 3.902031e-08
1660.00 3.877276e-08
1670.00 3.852321e-08
1680.00 3.827186e-08
1690.00 3.801884e-08
1700.00 3.776432e-08
1710.00 3.750843e-08
1720.00 3.725134e-08
1730.00 3.699318e-08
1740.00 3.673407e-08
1750.00 3.647416e-08
1760.00 3.621355e-08
1770.00 3.595237e-08
1780.00 3.569073e-08
1790.00 3.542875e-08
1800.00 3.516652e-08
1810.00 3.490417e-08
1820.00 3.464176e-08
1830.00 3.437940e-08
1840.00 3.411718e-08
1850.00 3.385519e-08
1860.00 3.359350e-08
1870.00 3.333221e-08
1880.00 3.307137e-08
1890.00 3.281106e-08
1900.00 3.255136e-08
1910.00 3.229232e-08
1920.00 3.203401e-08
1930.00 3.177649e-08
1940.00 3.151982e-08
1950.00 3.126405e-08
1960.00 3.100923e-08
1970.00 3.075541e-08
1980.00 3.050264e-08
1990.00 3.025096e-08
2000.00 3.000041e-08
2010.00 2.975103e-08
2020.00 2.950287e-08
2030.00 2.925595e-08
2040.00 2.901031e-08
2050.00 2.876598e-08
2060.00 2.852299e-08
2070.00 2.828137e-08
2080.00 2.804115e-08
2090.00 2.780234e-08
2100.00 2.756498e-08
2110.00 2.732908e-08
2120.00 2.709466e-08
2130.00 2.686175e-08
2140.00 2.663035e-08
2150.00 2.640050e-08
2160.00 2.617219e-08
2170.00 2.594544e-08
2180.00 2.572028e-08
2190.00 2.549669e-08
2200.00 2.527470e-08
2210.00 2.505432e-08
2220.00 2.483555e-08
2230.00 2.461840e-08
2240.00 2.440288e-08
2250.00 2.418898e-08
2260.00 2.397672e-08
2270.00 2.376611e-08
2280.00 2.355713e-08
2290.00 2.334980e-08
2300.00 2.314411e-08
2310.00 2.294008e-08
2320.00 2.273767e-08
2330.00 2.253693e-08
2340.00 2.233781e-08
2350.00 2.214036e-08
2360.00 2.194452e-08
2370.00 2.175033e-08
2380.00 2.155778e-08
2390.00 2.136686e-08
2400.00 2.117755e-08
2410.00 2.098987e-08
2420.00 2.080381e-08
2430.00 2.061934e-08
2440.00 2.043648e-08
2450.00 2.025523e-08
2460.00 2.007556e-08
2470.00 1.989748e-08
2480.00 1.972097e-08
2490.00 1.954604e-08
2500.00 1.937266e-08
2510.00 1.920084e-08
2520.00 1.903056e-08
2530.00 1.886182e-08
2540.00 1.869460e-08
2550.00 1.852891e-08
2560.00 1.836473e-08
2570.00 1.820204e-08
2580.00 1.804085e-08
2590.00 1.788114e-08
2600.00 1.772290e-08
2610.00 1.756612e-08
2620.00 1.741080e-08
2630.00 1.725693e-08
2640.00 1.710448e-08
2650.00 1.695345e-08
2660.00 1.680384e-08
2670.00 1.665563e-08
2680.00 1.650881e-08
2690.00 1.636337e-08
2700.00 1.621930e-08
2710.00 1.607659e-08
2720.00 1.593523e-08
2730.00 1.579521e-08
2740.00 1.565651e-08
2750.00 1.551913e-08
2760.00 1.538306e-08
2770.00 1.524829e-08
2780.00 1.511479e-08
2790.00 1.498257e-08
2800.00 1.485161e-08
2810.00 1.472192e-08
2820.00 1.459345e-08
2830.00 1.446622e-08
2840.00 1.434021e-08
2850.00 1.421541e-08
2860.00 1.409180e-08
2870.00 1.396939e-08
2880.00 1.384815e-08
2890.00 1.372808e-08
2900.00 1.360917e-08
2910.00 1.349139e-08
2920.00 1.337476e-08
2930.00 1.325925e-08
2940.00 1.314486e-08
2950.00 1.303157e-08
2960.00 1.291937e-08
2970.00 1.280825e-08
2980.00 1.269821e-08
2990.00 1.258924e-08
3000.00 1.248131e-08
3010.00 1.237443e-08
3020.00 1.226858e-08
3030.00 1.216376e-08
3040.00 1.205994e-08
3050.00 1.195714e-08
3060.00 1.185533e-08
3070.00 1.175449e-08
3080.00 1.165464e-08
3090.00 1.155575e-08
3100.00 1.145782e-08
3110.00 1.136083e-08
3120.00 1.126477e-08
3130.00 1.116965e-08
3140.00 1.107545e-08
3150.00 1.098215e-08
3160.00 1.088975e-08
3170.00 1.079824e-08
3180.00 1.070762e-08
3190.00 1.061788e-08
3200.00 1.052900e-08
3210.00 1.044097e-08
3220.00 1.035379e-08
3230.00 1.026745e-08
3240.00 1.018194e-08
3250.00 1.009726e-08
3260.00 1.001338e-08
3270.00 9.930316e-09
3280.00 9.848047e-09
3290.00 9.766567e-09
3300.00 9.685868e-09
3310.00 9.605944e-09
3320.00 9.526785e-09
3330.00 9.448384e-09
3340.00 9.370733e-09
3350.00 9.293825e-09
3360.00 9.217651e-09
3370.00 9.142205e-09
3380.00 9.067479e-09
3390.00 8.993465e-09
3400.00 8.920157e-09
3410.00 8.847546e-09
3420.00 8.775627e-09
3430.00 8.704391e-09
3440.00 8.633832e-09
3450.00 8.563943e-09
3460.00 8.494716e-09
3470.00 8.426146e-09
3480.00 8.358224e-09
3490.00 8.290946e-09
3500.00 8.224304e-09
3510.00 8.158291e-09
3520.00 8.092901e-09
3530.00 8.028128e-09
3540.00 7.963965e-09
3550.00 7.900405e-09
3560.00 7.837443e-09
3570.00 7.775072e-09
3580.00 7.713288e-09
3590.00 7.652082e-09
3600.00 7.591450e-09
3610.00 7.531385e-09
3620.00 7.471882e-09
3630.00 7.412935e-09
3640.00 7.354537e-09
3650.00 7.296684e-09
3660.00 7.239370e-09
3670.00 7.182589e-09
3680.00 7.126336e-09
3690.00 7.070605e-09
3700.00 7.015391e-09
3710.00 6.960689e-09
3720.00 6.906492e-09
3730.00 6.852797e-09
3740.00 6.799598e-09
3750.00 6.746890e-09
3760.00 6.694667e-09
3770.00 6.642925e-09
3780.00 6.591659e-09
3790.00 6.540863e-09
3800.00 6.490535e-09
3810.00 6.440667e-09
3820.00 6.391256e-09
3830.00 6.342297e-09
3840.00 6.293784e-09
3850.00 6.245716e-09
3860.00 6.198084e-09
3870.00 6.150887e-09
3880.00 6.104118e-09
3890.00 6.057775e-09
3900.00 6.011851e-09
3910.00 5.966345e-09
3920.00 5.921249e-09
3930.00 5.876562e-09
3940.00 5.832278e-09
3950.00 5.788394e-09
3960.00 5.744905e-09
3970.00 5.701807e-09
3980.00 5.659097e-09
3990.00 5.616770e-09
4000.00 5.574822e-09
4010.00 5.533251e-09
4020.00 5.492051e-09
4030.00 5.451219e-09
4040.00 5.410752e-09
4050.00 5.370646e-09
4060.00 5.330896e-09
4070.00 5.291499e-09
4080.00 5.252453e-09
4090.00 5.213753e-09
4100.00 5.175396e-09
4110.00 5.137378e-09
4120.00 5.099695e-09
4130.00 5.062346e-09
4140.00 5.025326e-09
4150.00 4.988631e-09
4160.00 4.952259e-09
4170.00 4.916206e-09
4180.00 4.880470e-09
4190.00 4.845048e-09
4200.00 4.809934e-09
4210.00 4.775128e-09
4220.00 4.740624e-09
4230.00 4.706422e-09
4240.00 4.672518e-09
4250.00 4.638908e-09
4260.00 4.605591e-09
4270.00 4.572561e-09
4280.00 4.539819e-09
4290.00 4.507358e-09
4300.00 4.475179e-09
4310.00 4.443278e-09
4320.00 4.411650e-09
4330.00 4.380295e-09
4340.00 4.349210e-09
4350.00 4.318391e-09
4360.00 4.287837e-09
4370.00 4.257544e-09
4380.00 4.227511e-09
4390.00 4.197733e-09
4400.00 4.168209e-09
4410.00 4.138937e-09
4420.00 4.109914e-09
4430.00 4.081137e-09
4440.00 4.052605e-09
4450.00 4.024313e-09
4460.00 3.996262e-09
4470.00 3.968448e-09
4480.00 3.940868e-09
4490.00 3.913521e-09
4500.00 3.886403e-09
4510.00 3.859514e-09
4520.00 3.832850e-09
4530.00 3.806410e-09
4540.00 3.780192e-09
4550.00 3.754193e-09
4560.00 3.728410e-09
4570.00 3.702843e-09
4580.00 3.677489e-09
4590.00 3.652345e-09
4600.00 3.627411e-09
4610.00 3.602683e-09
4620.00 3.578160e-09
4630.00 3.553840e-09
4640.00 3.529722e-09
4650.00 3.505801e-09
4660.00 3.482079e-09
4670.00 3.458551e-09
4680.00 3.435217e-09
4690.00 3.412075e-09
4700.00 3.389121e-09
4710.00 3.366356e-09
4720.00 3.343777e-09
4730.00 3.321382e-09
4740.00 3.299171e-09
4750.00 3.277140e-09
4760.00 3.255288e-09
4770.00 3.233614e-09
4780.00 3.212116e-09
4790.00 3.190791e-09
4800.00 3.169639e-09
4810.00 3.148658e-09
4820.00 3.127847e-09
4830.00 3.107203e-09
4840.00 3.086724e-09
4850.00 3.066411e-09
4860.00 3.046261e-09
4870.00 3.026272e-09
4880.00 3.006443e-09
4890.00 2.986773e-09
4900.00 2.967261e-09
4910.00 2.947902e-09
4920.00 2.928699e-09
4930.00 2.909648e-09
4940.00 2.890749e-09
4950.00 2.871999e-09
4960.00 2.853398e-09
4970.00 2.834944e-09
4980.00 2.816636e-09
4990.00 2.798472e-09
5000.00 2.780451e-09
5010.00 2.762573e-09
5020.00 2.744835e-09
5030.00 2.727235e-09
5040.00 2.709774e-09
5050.00 2.692450e-09
5060.00 2.675260e-09
5070.00 2.658205e-09
5080.00 2.641284e-09
5090.00 2.624493e-09
5100.00 2.607833e-09
5110.00 2.591303e-09
5120.00 2.574900e-09
5130.00 2.558625e-09
5140.00 2.542476e-09
5150.00 2.526451e-09
5160.00 2.510550e-09
5170.00 2.494772e-09
5180.00 2.479115e-09
5190.00 2.463578e-09
5200.00 2.448160e-09
5210.00 2.432861e-09
5220.00 2.417678e-09
5230.00 2.402613e-09
5240.00 2.387661e-09
5250.00 2.372824e-09
5260.00 2.358100e-09
5270.00 2.343487e-09
5280.00 2.328986e-09
5290.00 2.314593e-09
5300.00 2.300311e-09
5310.00 2.286136e-09
5320.00 2.272070e-09
5330.00 2.258108e-09
5340.00 2.244252e-09
5350.00 2.230500e-09
5360.00 2.216851e-09
5370.00 2.203305e-09
5380.00 2.189861e-09
5390.00 2.176517e-09
5400.00 2.163272e-09
5410.00 2.150127e-09
5420.00 2.137079e-09
5430.00 2.124129e-09
5440.00 2.111275e-09
5450.00 2.098517e-09
5460.00 2.085853e-09
5470.00 2.073283e-09
5480.00 2.060806e-09
5490.00 2.048421e-09
5500.00 2.036127e-09
5510.00 2.023924e-09
5520.00 2.011811e-09
5530.00 1.999786e-09
5540.00 1.987850e-09
5550.00 1.976003e-09
5560.00 1.964241e-09
5570.00 1.952565e-09
5580.00 1.940975e-09
5590.00 1.929469e-09
5600.00 1.918047e-09
5610.00 1.906707e-09
5620.00 1.895451e-09
5630.00 1.884276e-09
5640.00 1.873182e-09
5650.00 1.862168e-09
5660.00 1.851234e-09
5670.00 1.840378e-09
5680.00 1.829602e-09
5690.00 1.818903e-09
5700.00 1.808280e-09
5710.00 1.797734e-09
5720.00 1.787264e-09
5730.00 1.776867e-09
5740.00 1.766547e-09
5750.00 1.756299e-09
5760.00 1.746124e-09
5770.00 1.736022e-09
5780.00 1.725992e-09
5790.00 1.716034e-09
5800.00 1.706147e-09
5810.00 1.696328e-09
5820.00 1.686580e-09
5830.00 1.676901e-09
5840.00 1.667290e-09
5850.00 1.657746e-09
5860.00 1.648271e-09
5870.00 1.638861e-09
5880.00 1.629518e-09
5890.00 1.620241e-09
5900.00 1.611028e-09
5910.00 1.601879e-09
5920.00 1.592795e-09
5930.00 1.583775e-09
5940.00 1.574817e-09
5950.00 1.565921e-09
5960.00 1.557087e-09
5970.00 1.548316e-09
5980.00 1.539604e-09
5990.00 1.530954e-09
6000.00 1.522362e-09
6010.00 1.513831e-09
6020.00 1.505358e-09
6030.00 1.496943e-09
6040.00 1.488587e-09
6050.00 1.480288e-09
6060.00 1.472046e-09
6070.00 1.463862e-09
6080.00 1.455732e-09
6090.00 1.447658e-09
6100.00 1.439640e-09
6110.00 1.431676e-09
6120.00 1.423767e-09
6130.00 1.415912e-09
6140.00 1.408109e-09
6150.00 1.400361e-09
6160.00 1.392663e-09
6170.00 1.385019e-09
6180.00 1.377427e-09
6190.00 1.369885e-09
6200.00 1.362395e-09
6210.00 1.354956e-09
6220.00 1.347566e-09
6230.00 1.340226e-09
6240.00 1.332935e-09
6250.00 1.325693e-09
6260.00 1.318500e-09
6270.00 1.311355e-09
6280.00 1.304257e-09
6290.00 1.297208e-09
6300.00 1.290205e-09
6310.00 1.283249e-09
6320.00 1.276338e-09
6330.00 1.269475e-09
6340.00 1.262656e-09
6350.00 1.255882e-09
6360.00 1.249154e-09
6370.00 1.242470e-09
6380.00 1.235830e-09
6390.00 1.229235e-09
6400.00 1.222681e-09
6410.00 1.216172e-09
6420.00 1.209705e-09
6430.00 1.203281e-09
6440.00 1.196899e-09
6450.00 1.190559e-09
6460.00 1.184260e-09
6470.00 1.178002e-09
6480.00 1.171785e-09
6490.00 1.165609e-09
6500.00 1.159473e-09
6510.00 1.153376e-09
6520.00 1.147319e-09
6530.00 1.141302e-09
6540.00 1.135324e-09
6550.00 1.129384e-09
6560.00 1.123483e-09
6570.00 1.117619e-09
6580.00 1.111793e-09
6590.00 1.106006e-09
6600.00 1.100255e-09
6610.00 1.094542e-09
6620.00 1.088865e-09
6630.00 1.083224e-09
6640.00 1.077619e-09
6650.00 1.072050e-09
6660.00 1.066517e-09
6670.00 1.061019e-09
6680.00 1.055556e-09
6690.00 1.050128e-09
6700.00 1.044734e-09
6710.00 1.039375e-09
6720.00 1.034049e-09
6730.00 1.028758e-09
6740.00 1.023499e-09
6750.00 1.018274e-09
6760.00 1.013082e-09
6770.00 1.007923e-09
6780.00 1.002796e-09
6790.00 9.977017e-10
6800.00 9.926391e-10
6810.00 9.876084e-10
6820.00 9.826090e-10
6830.00 9.776411e-10
6840.00 9.727041e-10
6850.00 9.677979e-10
6860.00 9.629225e-10
6870.00 9.580773e-10
6880.00 9.532624e-10
6890.00 9.484773e-10
6900.00 9.437219e-10
6910.00 9.389961e-10
6920.00 9.342995e-10
6930.00 9.296320e-10
6940.00 9.249933e-10
6950.00 9.203833e-10
6960.00 9.158017e-10
6970.00 9.112482e-10
6980.00 9.067228e-10
6990.00 9.022252e-10
7000.00 8.977553e-10
7010.00 8.933126e-10
7020.00 8.888973e-10
7030.00 8.845089e-10
7040.00 8.801473e-10
7050.00 8.758124e-10
7060.00 8.715038e-10
7070.00 8.672215e-10
7080.00 8.629652e-10
7090.00 8.587348e-10
7100.00 8.545300e-10
7110.00 8.503508e-10
7120.00 8.461968e-10
7130.00 8.420680e-10
7140.00 8.379641e-10
7150.00 8.338849e-10
7160.00 8.298303e-10
7170.00 8.258002e-10
7180.00 8.217942e-10
7190.00 8.178124e-10
7200.00 8.138544e-10
7210.00 8.099201e-10
7220.00 8.060093e-10
7230.00 8.021219e-10
7240.00 7.982578e-10
7250.00 7.944167e-10
7260.00 7.905985e-10
7270.00 7.868031e-10
7280.00 7.830301e-10
7290.00 7.792796e-10
7300.00 7.755513e-10
7310.00 7.718452e-10
7320.00 7.681609e-10
7330.00 7.644985e-10
7340.00 7.608576e-10
7350.00 7.572383e-10
7360.00 7.536403e-10
7370.00 7.500634e-10
7380.00 7.465075e-10
7390.00 7.429726e-10
7400.00 7.394584e-10
7410.00 7.359647e-10
7420.00 7.324916e-10
7430.00 7.290387e-10
7440.00 7.256060e-10
7450.00 7.221934e-10
7460.00 7.188006e-10
7470.00 7.154274e-10
7480.00 7.120740e-10
7490.00 7.087401e-10
7500.00 7.054255e-10
7510.00 7.021300e-10
7520.00 6.988537e-10
7530.00 6.955963e-10
7540.00 6.923578e-10
7550.00 6.891379e-10
7560.00 6.859365e-10
7570.00 6.827535e-10
7580.00 6.795890e-10
7590.00 6.764426e-10
7600.00 6.733142e-10
7610.00 6.702038e-10
7620.00 6.671111e-10
7630.00 6.640362e-10
7640.00 6.609788e-10
7650.00 6.579389e-10
7660.00 6.549163e-10
7670.00 6.519109e-10
7680.00 6.489226e-10
7690.00 6.459513e-10
7700.00 6.429969e-10
7710.00 6.400591e-10
7720.00 6.371382e-10
7730.00 6.342336e-10
7740.00 6.313455e-10
7750.00 6.284737e-10
7760.00 6.256181e-10
7770.00 6.227786e-10
7780.00 6.199551e-10
7790.00 6.171474e-10
7800.00 6.143555e-10
7810.00 6.115792e-10
7820.00 6.088186e-10
7830.00 6.060733e-10
7840.00 6.033434e-10
7850.00 6.006288e-10
7860.00 5.979293e-10
7870.00 5.952449e-10
7880.00 5.925754e-10
7890.00 5.899208e-10
7900.00 5.872809e-10
7910.00 5.846556e-10
7920.00 5.820450e-10
7930.00 5.794488e-10
7940.00 5.768668e-10
7950.00 5.742992e-10
7960.00 5.717458e-10
7970.00 5.692065e-10
7980.00 5.666811e-10
7990.00 5.641697e-10
8000.00 5.616720e-10
8010.00 5.591882e-10
8020.00 5.567178e-10
8030.00 5.542611e-10
8040.00 5.518178e-10
8050.00 5.493878e-10
8060.00 5.469712e-10
8070.00 5.445676e-10
8080.00 5.421772e-10
8090.00 5.397999e-10
8100.00 5.374355e-10
8110.00 5.350839e-10
8120.00 5.327451e-10
8130.00 5.304190e-10
8140.00 5.281055e-10
8150.00 5.258045e-10
8160.00 5.235159e-10
8170.00 5.212396e-10
8180.00 5.189758e-10
8190.00 5.167240e-10
8200.00 5.144844e-10
8210.00 5.122569e-10
8220.00 5.100413e-10
8230.00 5.078376e-10
8240.00 5.056458e-10
8250.00 5.034656e-10
8260.00 5.012971e-10
8270.00 4.991403e-10
8280.00 4.969949e-10
8290.00 4.948611e-10
8300.00 4.927385e-10
8310.00 4.906272e-10
8320.00 4.885272e-10
8330.00 4.864383e-10
8340.00 4.843606e-10
8350.00 4.822939e-10
8360.00 4.802380e-10
8370.00 4.781931e-10
8380.00 4.761590e-10
8390.00 4.741357e-10
8400.00 4.721229e-10
8410.00 4.701209e-10
8420.00 4.681293e-10
8430.00 4.661483e-10
8440.00 4.641776e-10
8450.00 4.622172e-10
8460.00 4.602672e-10
8470.00 4.583274e-10
8480.00 4.563977e-10
8490.00 4.544781e-10
8500.00 4.525686e-10
8510.00 4.506689e-10
8520.00 4.487792e-10
8530.00 4.468993e-10
8540.00 4.450292e-10
8550.00 4.431689e-10
8560.00 4.413181e-10
8570.00 4.394770e-10
8580.00 4.376454e-10
8590.00 4.358234e-10
8600.00 4.340106e-10
8610.00 4.322074e-10
8620.00 4.304133e-10
8630.00 4.286286e-10
8640.00 4.268530e-10
8650.00 4.250865e-10
8660.00 4.233292e-10
8670.00 4.215809e-10
8680.00 4.198415e-10
8690.00 4.181111e-10
8700.00 4.163894e-10
8710.00 4.146766e-10
8720.00 4.129726e-10
8730.00 4.112773e-10
8740.00 4.095905e-10
8750.00 4.079125e-10
8760.00 4.062429e-10
8770.00 4.045818e-10
8780.00 4.029292e-10
8790.00 4.012849e-10
8800.00 3.996490e-10
8810.00 3.980214e-10
8820.00 3.964020e-10
8830.00 3.947908e-10
8840.00 3.931877e-10
8850.00 3.915926e-10
8860.00 3.900057e-10
8870.00 3.884267e-10
8880.00 3.868557e-10
8890.00 3.852926e-10
8900.00 3.837373e-10
8910.00 3.821898e-10
8920.00 3.806501e-10
8930.00 3.791181e-10
8940.00 3.775937e-10
8950.00 3.760769e-10
8960.00 3.745678e-10
8970.00 3.730661e-10
8980.00 3.715719e-10
8990.00 3.700852e-10
9000.00 3.686059e-10
9010.00 3.671339e-10
9020.00 3.656692e-10
9030.00 3.642118e-10
9040.00 3.627616e-10
9050.00 3.613185e-10
9060.00 3.598826e-10
9070.00 3.584538e-10
9080.00 3.570321e-10
9090.00 3.556173e-10
9100.00 3.542095e-10
9110.00 3.528087e-10
9120.00 3.514147e-10
9130.00 3.500276e-10
9140.00 3.486473e-10
9150.00 3.472737e-10
9160.00 3.459068e-10
9170.00 3.445467e-10
9180.00 3.431932e-10
9190.00 3.418463e-10
9200.00 3.405060e-10
9210.00 3.391722e-10
9220.00 3.378449e-10
9230.00 3.365241e-10
9240.00 3.352096e-10
9250.00 3.339015e-10
9260.00 3.325999e-10
9270.00 3.313045e-10
9280.00 3.300153e-10
9290.00 3.287324e-10
9300.00 3.274558e-10
9310.00 3.261853e-10
9320.00 3.249209e-10
9330.00 3.236626e-10
9340.00 3.224104e-10
9350.00 3.211641e-10
9360.00 3.199239e-10
9370.00 3.186896e-10
9380.00 3.174613e-10
9390.00 3.162388e-10
9400.00 3.150222e-10
9410.00 3.138114e-10
9420.00 3.126064e-10
9430.00 3.114071e-10
9440.00 3.102136e-10
9450.00 3.090257e-10
9460.00 3.078436e-10
9470.00 3.066669e-10
9480.00 3.054959e-10
9490.00 3.043305e-10
9500.00 3.031707e-10
9510.00 3.020162e-10
9520.00 3.008673e-10
9530.00 2.997238e-10
9540.00 2.985857e-10
9550.00 2.974530e-10
9560.00 2.963256e-10
9570.00 2.952035e-10
9580.00 2.940868e-10
9590.00 2.929752e-10
9600.00 2.918689e-10
9610.00 2.907678e-10
9620.00 2.896718e-10
9630.00 2.885811e-10
9640.00 2.874954e-10
9650.00 2.864148e-10
9660.00 2.853392e-10
9670.00 2.842686e-10
9680.00 2.832031e-10
9690.00 2.821425e-10
9700.00 2.810868e-10
9710.00 2.800361e-10
9720.00 2.789903e-10
9730.00 2.779493e-10
9740.00 2.769131e-10
9750.00 2.758817e-10
9760.00 2.748552e-10
9770.00 2.738333e-10
9780.00 2.728163e-10
9790.00 2.718038e-10
9800.00 2.707961e-10
9810.00 2.697930e-10
9820.00 2.687946e-10
9830.00 2.678007e-10
9840.00 2.668114e-10
9850.00 2.658267e-10
9860.00 2.648465e-10
9870.00 2.638707e-10
9880.00 2.628995e-10
9890.00 2.619326e-10
9900.00 2.609703e-10
9910.00 2.600122e-10
9920.00 2.590586e-10
9930.00 2.581094e-10
9940.00 2.571645e-10
9950.00 2.562238e-10
9960.00 2.552874e-10
9970.00 2.543553e-10
9980.00 2.534274e-10
9990.00 2.525037e-10
10000.00 2.515843e-10
10010.00 2.506691e-10
10020.00 2.497579e-10
10030.00 2.488508e-10
10040.00 2.479479e-10
10050.00 2.470490e-10
10060.00 2.461542e-10
10070.00 2.452634e-10
10080.00 2.443766e-10
10090.00 2.434939e-10
10100.00 2.426150e-10
10110.00 2.417402e-10
10120.00 2.408692e-10
10130.00 2.400022e-10
10140.00 2.391391e-10
10150.00 2.382797e-10
10160.00 2.374243e-10
10170.00 2.365726e-10
10180.00 2.357248e-10
10190.00 2.348808e-10
10200.00 2.340405e-10
10210.00 2.332040e-10
10220.00 2.323712e-10
10230.00 2.315420e-10
10240.00 2.307166e-10
10250.00 2.298948e-10
10260.00 2.290766e-10
10270.00 2.282621e-10
10280.00 2.274512e-10
10290.00 2.266439e-10
10300.00 2.258401e-10
10310.00 2.250398e-10
10320.00 2.242432e-10
10330.00 2.234500e-10
10340.00 2.226603e-10
10350.00 2.218742e-10
10360.00 2.210913e-10
10370.00 2.203120e-10
10380.00 2.195361e-10
10390.00 2.187637e-10
10400.00 2.179945e-10
10410.00 2.172288e-10
10420.00 2.164663e-10
10430.00 2.157073e-10
10440.00 2.149515e-10
10450.00 2.141990e-10
10460.00 2.134498e-10
10470.00 2.127039e-10
10480.00 2.119612e-10
10490.00 2.112217e-10
10500.00 2.104855e-10
10510.00 2.097524e-10
10520.00 2.090225e-10
10530.00 2.082958e-10
10540.00 2.075723e-10
10550.00 2.068519e-10
10560.00 2.061345e-10
10570.00 2.054202e-10
10580.00 2.047091e-10
10590.00 2.040011e-10
10600.00 2.032960e-10
10610.00 2.025940e-10
10620.00 2.018950e-10
10630.00 2.011990e-10
10640.00 2.005059e-10
10650.00 1.998159e-10
10660.00 1.991288e-10
10670.00 1.984448e-10
10680.00 1.977635e-10
10690.00 1.970852e-10
10700.00 1.964098e-10
10710.00 1.957373e-10
10720.00 1.950677e-10
10730.00 1.944009e-10
10740.00 1.937369e-10
10750.00 1.930757e-10
10760.00 1.924174e-10
10770.00 1.917618e-10
10780.00 1.911091e-10
10790.00 1.904591e-10
10800.00 1.898119e-10
10810.00 1.891674e-10
10820.00 1.885255e-10
10830.00 1.878865e-10
10840.00 1.872501e-10
10850.00 1.866164e-10
10860.00 1.859855e-10
10870.00 1.853571e-10
10880.00 1.847313e-10
10890.00 1.841082e-10
10900.00 1.834877e-10
10910.00 1.828698e-10
10920.00 1.822546e-10
10930.00 1.816419e-10
10940.00 1.810317e-10
10950.00 1.804242e-10
10960.00 1.798191e-10
10970.00 1.792166e-10
10980.00 1.786166e-10
10990.00 1.780191e-10
11000.00 1.774241e-10
11010.00 1.768315e-10
11020.00 1.762414e-10
11030.00 1.756538e-10
11040.00 1.750687e-10
11050.00 1.744859e-10
11060.00 1.739056e-10
11070.00 1.733275e-10
11080.00 1.727520e-10
11090.00 1.721789e-10
11100.00 1.716081e-10
11110.00 1.710397e-10
11120.00 1.704735e-10
11130.00 1.699098e-10
11140.00 1.693483e-10
11150.00 1.687891e-10
11160.00 1.682324e-10
11170.00 1.676778e-10
11180.00 1.671255e-10
11190.00 1.665755e-10
11200.00 1.660277e-10
11210.00 1.654822e-10
11220.00 1.649390e-10
11230.00 1.643979e-10
11240.00 1.638590e-10
11250.00 1.633224e-10
11260.00 1.627880e-10
11270.00 1.622556e-10
11280.00 1.617255e-10
11290.00 1.611976e-10
11300.00 1.606717e-10
11310.00 1.601480e-10
11320.00 1.596266e-10
11330.00 1.591070e-10
11340.00 1.585897e-10
11350.00 1.580745e-10
11360.00 1.575614e-10
11370.00 1.570503e-10
11380.00 1.565412e-10
11390.00 1.560343e-10
11400.00 1.555294e-10
11410.00 1.550265e-10
11420.00 1.545257e-10
11430.00 1.540269e-10
11440.00 1.535300e-10
11450.00 1.530352e-10
11460.00 1.525423e-10
11470.00 1.520514e-10
11480.00 1.515625e-10
11490.00 1.510756e-10
11500.00 1.505905e-10
11510.00 1.501076e-10
11520.00 1.496264e-10
11530.00 1.491471e-10
11540.00 1.486699e-10
11550.00 1.481945e-10
11560.00 1.477210e-10
11570.00 1.472494e-10
11580.00 1.467796e-10
11590.00 1.463117e-10
11600.00 1.458457e-10
11610.00 1.453816e-10
11620.00 1.449192e-10
11630.00 1.444587e-10
11640.00 1.440000e-10
11650.00 1.435432e-10
11660.00 1.430881e-10
11670.00 1.426349e-10
11680.00 1.421833e-10
11690.00 1.417337e-10
11700.00 1.412858e-10
11710.00 1.408397e-10
11720.00 1.403952e-10
11730.00 1.399526e-10
11740.00 1.395117e-10
11750.00 1.390724e-10
11760.00 1.386350e-10
11770.00 1.381992e-10
11780.00 1.377652e-10
11790.00 1.373329e-10
11800.00 1.369022e-10
11810.00 1.364732e-10
11820.00 1.360459e-10
11830.00 1.356203e-10
11840.00 1.351963e-10
11850.00 1.347740e-10
11860.00 1.343533e-10
11870.00 1.339343e-10
11880.00 1.335169e-10
11890.00 1.331011e-10
11900.00 1.326868e-10
11910.00 1.322743e-10
11920.00 1.318633e-10
11930.00 1.314539e-10
11940.00 1.310462e-10
11950.00 1.306399e-10
11960.00 1.302352e-10
11970.00 1.298322e-10
11980.00 1.294306e-10
11990.00 1.290306e-10
12000.00 1.286321e-10
12010.00 1.282352e-10
12020.00 1.278398e-10
12030.00 1.274459e-10
12040.00 1.270536e-10
12050.00 1.266628e-10
12060.00 1.262734e-10
12070.00 1.258855e-10
12080.00 1.254991e-10
12090.00 1.251142e-10
12100.00 1.247308e-10
12110.00 1.243488e-10
12120.00 1.239683e-10
12130.00 1.235892e-10
12140.00 1.232116e-10
12150.00 1.228354e-10
12160.00 1.224607e-10
12170.00 1.220873e-10
12180.00 1.217154e-10
12190.00 1.213449e-10
12200.00 1.209758e-10
12210.00 1.206081e-10
12220.00 1.202418e-10
12230.00 1.198769e-10
12240.00 1.195134e-10
12250.00 1.191511e-10
12260.00 1.187904e-10
12270.00 1.184310e-10
12280.00 1.180729e-10
12290.00 1.177162e-10
12300.00 1.173608e-10
12310.00 1.170067e-10
12320.00 1.166539e-10
12330.00 1.163026e-10
12340.00 1.159525e-10
12350.00 1.156038e-10
12360.00 1.152563e-10
12370.00 1.149101e-10
12380.00 1.145653e-10
12390.00 1.142217e-10
12400.00 1.138794e-10
12410.00 1.135384e-10
12420.00 1.131987e-10
12430.00 1.128602e-10
12440.00 1.125230e-10
12450.00 1.121870e-10
12460.00 1.118524e-10
12470.00 1.115189e-10
12480.00 1.111866e-10
12490.00 1.108556e-10
12500.00 1.105259e-10
12510.00 1.101974e-10
12520.00 1.098701e-10
12530.00 1.095440e-10
12540.00 1.092190e-10
12550.00 1.088953e-10
12560.00 1.085728e-10
12570.00 1.082515e-10
12580.00 1.079314e-10
12590.00 1.076124e-10
12600.00 1.072947e-10
12610.00 1.069781e-10
12620.00 1.066626e-10
12630.00 1.063483e-10
12640.00 1.060352e-10
12650.00 1.057233e-10
12660.00 1.054124e-10
12670.00 1.051027e-10
12680.00 1.047942e-10
12690.00 1.044867e-10
12700.00 1.041804e-10
12710.00 1.038752e-10
12720.00 1.035711e-10
12730.00 1.032682e-10
12740.00 1.029663e-10
12750.00 1.026655e-10
12760.00 1.023659e-10
12770.00 1.020673e-10
12780.00 1.017698e-10
12790.00 1.014734e-10
12800.00 1.011781e-10
12810.00 1.008838e-10
12820.00 1.005906e-10
12830.00 1.002985e-10
12840.00 1.000074e-10
12850.00 9.971736e-11
12860.00 9.942838e-11
12870.00 9.914045e-11
12880.00 9.885356e-11
12890.00 9.856770e-11
12900.00 9.828287e-11
12910.00 9.799907e-11
12920.00 9.771628e-11
12930.00 9.743452e-11
12940.00 9.715377e-11
12950.00 9.687402e-11
12960.00 9.659527e-11
12970.00 9.631753e-11
12980.00 9.604079e-11
12990.00 9.576504e-11
13000.00 9.549027e-11
13010.00 9.521648e-11
13020.00 9.494368e-11
13030.00 9.467185e-11
13040.00 9.440098e-11
13050.00 9.413109e-11
13060.00 9.386216e-11
13070.00 9.359418e-11
13080.00 9.332716e-11
13090.00 9.306108e-11
13100.00 9.279596e-11
13110.00 9.253177e-11
13120.00 9.226852e-11
13130.00 9.200621e-11
13140.00 9.174482e-11
13150.00 9.148437e-11
13160.00 9.122482e-11
13170.00 9.096620e-11
13180.00 9.070849e-11
13190.00 9.045169e-11
13200.00 9.019581e-11
13210.00 8.994082e-11
13220.00 8.968673e-11
13230.00 8.943353e-11
13240.00 8.918123e-11
13250.00 8.892981e-11
13260.00 8.867929e-11
13270.00 8.842963e-11
13280.00 8.818086e-11
13290.00 8.793295e-11
13300.00 8.768591e-11
13310.00 8.743974e-11
13320.00 8.719443e-11
13330.00 8.694999e-11
13340.00 8.670639e-11
13350.00 8.646364e-11
13360.00 8.622175e-11
13370.00 8.598069e-11
13380.00 8.574047e-11
13390.00 8.550109e-11
13400.00 8.526255e-11
13410.00 8.502483e-11
13420.00 8.478794e-11
13430.00 8.455188e-11
13440.00 8.431663e-11
13450.00 8.408220e-11
13460.00 8.384858e-11
13470.00 8.361577e-11
13480.00 8.338377e-11
13490.00 8.315256e-11
13500.00 8.292216e-11
13510.00 8.269256e-11
13520.00 8.246374e-11
13530.00 8.223572e-11
13540.00 8.200848e-11
13550.00 8.178203e-11
13560.00 8.155635e-11
13570.00 8.133144e-11
13580.00 8.110732e-11
13590.00 8.088396e-11
13600.00 8.066138e-11
13610.00 8.043955e-11
13620.00 8.021849e-11
13630.00 7.999818e-11
13640.00 7.977863e-11
13650.00 7.955982e-11
13660.00 7.934176e-11
13670.00 7.912446e-11
13680.00 7.890789e-11
13690.00 7.869207e-11
13700.00 7.847698e-11
13710.00 7.826262e-11
13720.00 7.804898e-11
13730.00 7.783608e-11
13740.00 7.762390e-11
13750.00 7.741244e-11
13760.00 7.720170e-11
13770.00 7.699168e-11
13780.00 7.678238e-11
13790.00 7.657377e-11
13800.00 7.636588e-11
13810.00 7.615869e-11
13820.00 7.595219e-11
13830.00 7.574641e-11
13840.00 7.554131e-11
13850.00 7.533690e-11
13860.00 7.513319e-11
13870.00 7.493016e-11
13880.00 7.472782e-11
13890.00 7.452616e-11
13900.00 7.432517e-11
13910.00 7.412486e-11
13920.00 7.392523e-11
13930.00 7.372626e-11
13940.00 7.352796e-11
13950.00 7.333033e-11
13960.00 7.313336e-11
13970.00 7.293705e-11
13980.00 7.274140e-11
13990.00 7.254640e-11
14000.00 7.235205e-11
14010.00 7.215835e-11
14020.00 7.196531e-11
14030.00 7.177290e-11
14040.00 7.158113e-11
14050.00 7.139000e-11
14060.00 7.119951e-11
14070.00 7.100965e-11
14080.00 7.082042e-11
14090.00 7.063184e-11
14100.00 7.044386e-11
14110.00 7.025651e-11
14120.00 7.006978e-11
14130.00 6.988368e-11
14140.00 6.969819e-11
14150.00 6.951331e-11
14160.00 6.932905e-11
14170.00 6.914540e-11
14180.00 6.896234e-11
14190.00 6.877990e-11
14200.00 6.859805e-11
14210.00 6.841681e-11
14220.00 6.823616e-11
14230.00 6.805611e-11
14240.00 6.787666e-11
14250.00 6.769778e-11
14260.00 6.751951e-11
14270.00 6.734181e-11
14280.00 6.716470e-11
14290.00 6.698816e-11
14300.00 6.681221e-11
14310.00 6.663683e-11
14320.00 6.646203e-11
14330.00 6.628780e-11
14340.00 6.611413e-11
14350.00 6.594104e-11
14360.00 6.576851e-11
14370.00 6.559655e-11
14380.00 6.542514e-11
14390.00 6.525429e-11
14400.00 6.508400e-11
14410.00 6.491427e-11
14420.00 6.474508e-11
14430.00 6.457645e-11
14440.00 6.440837e-11
14450.00 6.424082e-11
14460.00 6.407382e-11
14470.00 6.390736e-11
14480.00 6.374145e-11
14490.00 6.357607e-11
14500.00 6.341122e-11
14510.00 6.324691e-11
14520.00 6.308313e-11
14530.00 6.291988e-11
14540.00 6.275715e-11
14550.00 6.259495e-11
14560.00 6.243328e-11
14570.00 6.227212e-11
14580.00 6.211149e-11
14590.00 6.195136e-11
14600.00 6.179175e-11
14610.00 6.163266e-11
14620.00 6.147408e-11
14630.00 6.131600e-11
14640.00 6.115844e-11
14650.00 6.100138e-11
14660.00 6.084482e-11
14670.00 6.068876e-11
14680.00 6.053320e-11
14690.00 6.037815e-11
14700.00 6.022357e-11
14710.00 6.006950e-11
14720.00 5.991593e-11
14730.00 5.976283e-11
14740.00 5.961022e-11
14750.00 5.945811e-11
14760.00 5.930648e-11
14770.00 5.915532e-11
14780.00 5.900465e-11
14790.00 5.885446e-11
14800.00 5.870475e-11
14810.00 5.855551e-11
14820.00 5.840674e-11
14830.00 5.825845e-11
14840.00 5.811062e-11
14850.00 5.796326e-11
14860.00 5.781637e-11
14870.00 5.766994e-11
14880.00 5.752398e-11
14890.00 5.737847e-11
14900.00 5.723342e-11
14910.00 5.708884e-11
14920.00 5.694471e-11
14930.00 5.680103e-11
14940.00 5.665780e-11
14950.00 5.651503e-11
14960.00 5.637270e-11
14970.00 5.623081e-11
14980.00 5.608939e-11
14990.00 5.594839e-11
15000.00 5.580785e-11
15010.00 5.566773e-11
15020.00 5.552806e-11
15030.00 5.538883e-11
15040.00 5.525003e-11
15050.00 5.511167e-11
15060.00 5.497374e-11
15070.00 5.483623e-11
15080.00 5.469917e-11
15090.00 5.456252e-11
15100.00 5.442631e-11
15110.00 5.429051e-11
15120.00 5.415513e-11
15130.00 5.402018e-11
15140.00 5.388566e-11
15150.00 5.375154e-11
15160.00 5.361784e-11
15170.00 5.348456e-11
15180.00 5.335169e-11
15190.00 5.321923e-11
15200.00 5.308719e-11
15210.00 5.295554e-11
15220.00 5.282432e-11
15230.00 5.269349e-11
15240.00 5.256306e-11
15250.00 5.243305e-11
15260.00 5.230343e-11
15270.00 5.217421e-11
15280.00 5.204540e-11
15290.00 5.191697e-11
15300.00 5.178894e-11
15310.00 5.166131e-11
15320.00 5.153407e-11
15330.00 5.140721e-11
15340.00 5.128075e-11
15350.00 5.115468e-11
15360.00 5.102899e-11
15370.00 5.090369e-11
15380.00 5.077877e-11
15390.00 5.065424e-11
15400.00 5.053008e-11
15410.00 5.040631e-11
15420.00 5.028291e-11
15430.00 5.015989e-11
15440.00 5.003724e-11
15450.00 4.991497e-11
15460.00 4.979308e-11
15470.00 4.967155e-11
15480.00 4.955039e-11
15490.00 4.942961e-11
15500.00 4.930918e-11
15510.00 4.918913e-11
15520.00 4.906944e-11
15530.00 4.895012e-11
15540.00 4.883114e-11
15550.00 4.871254e-11
15560.00 4.859430e-11
15570.00 4.847642e-11
15580.00 4.835888e-11
15590.00 4.824170e-11
15600.00 4.812489e-11
15610.00 4.800842e-11
15620.00 4.789231e-11
15630.00 4.777654e-11
15640.00 4.766112e-11
15650.00 4.754605e-11
15660.00 4.743134e-11
15670.00 4.731695e-11
15680.00 4.720292e-11
15690.00 4.708924e-11
15700.00 4.697588e-11
15710.00 4.686287e-11
15720.00 4.675021e-11
15730.00 4.663787e-11
15740.00 4.652588e-11
15750.00 4.641423e-11
15760.00 4.630290e-11
15770.00 4.619191e-11
15780.00 4.608125e-11
15790.00 4.597092e-11
15800.00 4.586092e-11
15810.00 4.575125e-11
15820.00 4.564190e-11
15830.00 4.553289e-11
15840.00 4.542420e-11
15850.00 4.531583e-11
15860.00 4.520778e-11
15870.00 4.510005e-11
15880.00 4.499266e-11
15890.00 4.488557e-11
15900.00 4.477879e-11
15910.00 4.467235e-11
15920.00 4.456621e-11
15930.00 4.446039e-11
15940.00 4.435489e-11
15950.00 4.424969e-11
15960.00 4.414480e-11
15970.00 4.404024e-11
15980.00 4.393597e-11
15990.00 4.383201e-11
16000.00 4.372836e-11
16010.00 4.362501e-11
16020.00 4.352197e-11
16030.00 4.341924e-11
16040.00 4.331680e-11
16050.00 4.321468e-11
16060.00 4.311285e-11
16070.00 4.301131e-11
16080.00 4.291008e-11
16090.00 4.280915e-11
16100.00 4.270850e-11
16110.00 4.260816e-11
16120.00 4.250811e-11
16130.00 4.240835e-11
16140.00 4.230888e-11
16150.00 4.220971e-11
16160.00 4.211082e-11
16170.00 4.201223e-11
16180.00 4.191393e-11
16190.00 4.181591e-11
16200.00 4.171817e-11
16210.00 4.162072e-11
16220.00 4.152355e-11
16230.00 4.142667e-11
16240.00 4.133007e-11
16250.00 4.123375e-11
16260.00 4.113771e-11
16270.00 4.104195e-11
16280.00 4.094647e-11
16290.00 4.085127e-11
16300.00 4.075634e-11
16310.00 4.066168e-11
16320.00 4.056730e-11
16330.00 4.047319e-11
16340.00 4.037937e-11
16350.00 4.028580e-11
16360.00 4.019251e-11
16370.00 4.009949e-11
16380.00 4.000674e-11
16390.00 3.991425e-11
16400.00 3.982203e-11
16410.00 3.973008e-11
16420.00 3.963839e-11
16430.00 3.954696e-11
16440.00 3.945580e-11
16450.00 3.936490e-11
16460.00 3.927427e-11
16470.00 3.918389e-11
16480.00 3.909377e-11
16490.00 3.900391e-11
16500.00 3.891431e-11
16510.00 3.882497e-11
16520.00 3.873588e-11
16530.00 3.864704e-11
16540.00 3.855846e-11
16550.00 3.847014e-11
16560.00 3.838206e-11
16570.00 3.829424e-11
16580.00 3.820667e-11
16590.00 3.811934e-11
16600.00 3.803227e-11
16610.00 3.794545e-11
16620.00 3.785887e-11
16630.00 3.777254e-11
16640.00 3.768646e-11
16650.00 3.760061e-11
16660.00 3.751502e-11
16670.00 3.742967e-11
16680.00 3.734455e-11
16690.00 3.725968e-11
16700.00 3.717506e-11
16710.00 3.709067e-11
16720.00 3.700651e-11
16730.00 3.692261e-11
16740.00 3.683893e-11
16750.00 3.675549e-11
16760.00 3.667229e-11
16770.00 3.658932e-11
16780.00 3.650659e-11
16790.00 3.642409e-11
16800.00 3.634183e-11
16810.00 3.625979e-11
16820.00 3.617798e-11
16830.00 3.609641e-11
16840.00 3.601507e-11
16850.00 3.593395e-11
16860.00 3.585307e-11
16870.00 3.577241e-11
16880.00 3.569197e-11
16890.00 3.561177e-11
16900.00 3.553178e-11
16910.00 3.545202e-11
16920.00 3.537249e-11
16930.00 3.529317e-11
16940.00 3.521408e-11
16950.00 3.513521e-11
16960.00 3.505656e-11
16970.00 3.497813e-11
16980.00 3.489992e-11
16990.00 3.482192e-11
17000.00 3.474415e-11
17010.00 3.466659e-11
17020.00 3.458925e-11
17030.00 3.451212e-11
17040.00 3.443521e-11
17050.00 3.435852e-11
17060.00 3.428203e-11
17070.00 3.420576e-11
17080.00 3.412970e-11
17090.00 3.405385e-11
17100.00 3.397821e-11
17110.00 3.390277e-11
17120.00 3.382756e-11
17130.00 3.375254e-11
17140.00 3.367773e-11
17150.00 3.360314e-11
17160.00 3.352875e-11
17170.00 3.345455e-11
17180.00 3.338058e-11
17190.00 3.330680e-11
17200.00 3.323323e-11
17210.00 3.315985e-11
17220.00 3.308668e-11
17230.00 3.301371e-11
17240.00 3.294094e-11
17250.00 3.286838e-11
17260.00 3.279601e-11
17270.00 3.272384e-11
17280.00 3.265188e-11
17290.00 3.258010e-11
17300.00 3.250852e-11
17310.00 3.243714e-11
17320.00 3.236596e-11
17330.00 3.229497e-11
17340.00 3.222417e-11
17350.00 3.215358e-11
17360.00 3.208316e-11
17370.00 3.201295e-11
17380.00 3.194292e-11
17390.00 3.187309e-11
17400.00 3.180345e-11
17410.00 3.173399e-11
17420.00 3.166473e-11
17430.00 3.159566e-11
17440.00 3.152677e-11
17450.00 3.145807e-11
17460.00 3.138956e-11
17470.00 3.132124e-11
17480.00 3.125309e-11
17490.00 3.118514e-11
17500.00 3.111737e-11
17510.00 3.104978e-11
17520.00 3.098238e-11
17530.00 3.091515e-11
17540.00 3.084811e-11
17550.00 3.078125e-11
17560.00 3.071458e-11
17570.00 3.064808e-11
17580.00 3.058177e-11
17590.00 3.051563e-11
17600.00 3.044967e-11
17610.00 3.038388e-11
17620.00 3.031828e-11
17630.00 3.025285e-11
17640.00 3.018760e-11
17650.00 3.012252e-11
17660.00 3.005762e-11
17670.00 2.999290e-11
17680.00 2.992834e-11
17690.00 2.986396e-11
17700.00 2.979976e-11
17710.00 2.973573e-11
17720.00 2.967186e-11
17730.00 2.960818e-11
17740.00 2.954465e-11
17750.00 2.948130e-11
17760.00 2.941812e-11
17770.00 2.935510e-11
17780.00 2.929226e-11
17790.00 2.922959e-11
17800.00 2.916708e-11
17810.00 2.910474e-11
17820.00 2.904256e-11
17830.00 2.898056e-11
17840.00 2.891871e-11
17850.00 2.885703e-11
17860.00 2.879552e-11
17870.00 2.873417e-11
17880.00 2.867297e-11
17890.00 2.861194e-11
17900.00 2.855108e-11
17910.00 2.849038e-11
17920.00 2.842984e-11
17930.00 2.836946e-11
17940.00 2.830924e-11
17950.00 2.824918e-11
17960.00 2.818928e-11
17970.00 2.812953e-11
17980.00 2.806995e-11
17990.00 2.801052e-11
18000.00 2.795125e-11
18010.00 2.789213e-11
18020.00 2.783318e-11
18030.00 2.777437e-11
18040.00 2.771572e-11
18050.00 2.765724e-11
18060.00 2.759889e-11
18070.00 2.754071e-11
18080.00 2.748268e-11
18090.00 2.742479e-11
18100.00 2.736707e-11
18110.00 2.730949e-11
18120.00 2.725207e-11
18130.00 2.719479e-11
18140.00 2.713766e-11
18150.00 2.708069e-11
18160.00 2.702387e-11
18170.00 2.696720e-11
18180.00 2.691066e-11
18190.00 2.685428e-11
18200.00 2.679805e-11
18210.00 2.674197e-11
18220.00 2.668603e-11
18230.00 2.663024e-11
18240.00 2.657459e-11
18250.00 2.651908e-11
18260.00 2.646372e-11
18270.00 2.640852e-11
18280.00 2.635344e-11
18290.00 2.629851e-11
18300.00 2.624373e-11
18310.00 2.618910e-11
18320.00 2.613459e-11
18330.00 2.608024e-11
18340.00 2.602602e-11
18350.00 2.597194e-11
18360.00 2.591800e-11
18370.00 2.586421e-11
18380.00 2.581055e-11
18390.00 2.575704e-11
18400.00 2.570366e-11
18410.00 2.565042e-11
18420.00 2.559732e-11
18430.00 2.554435e-11
18440.00 2.549152e-11
18450.00 2.543883e-11
18460.00 2.538627e-11
18470.00 2.533385e-11
18480.00 2.528156e-11
18490.00 2.522941e-11
18500.00 2.517740e-11
18510.00 2.512551e-11
18520.00 2.507377e-11
18530.00 2.502215e-11
18540.00 2.497067e-11
18550.00 2.491931e-11
18560.00 2.486808e-11
18570.00 2.481700e-11
18580.00 2.476605e-11
18590.00 2.471522e-11
18600.00 2.466452e-11
18610.00 2.461395e-11
18620.00 2.456351e-11
18630.00 2.451320e-11
18640.00 2.446302e-11
18650.00 2.441297e-11
18660.00 2.436304e-11
18670.00 2.431325e-11
18680.00 2.426357e-11
18690.00 2.421404e-11
18700.00 2.416462e-11
18710.00 2.411533e-11
18720.00 2.406616e-11
18730.00 2.401712e-11
18740.00 2.396821e-11
18750.00 2.391941e-11
18760.00 2.387075e-11
18770.00 2.382220e-11
18780.00 2.377378e-11
18790.00 2.372548e-11
18800.00 2.367731e-11
18810.00 2.362925e-11
18820.00 2.358133e-11
18830.00 2.353351e-11
18840.00 2.348583e-11
18850.00 2.343826e-11
18860.00 2.339081e-11
18870.00 2.334349e-11
18880.00 2.329627e-11
18890.00 2.324918e-11
18900.00 2.320222e-11
18910.00 2.315537e-11
18920.00 2.310863e-11
18930.00 2.306201e-11
18940.00 2.301551e-11
18950.00 2.296913e-11
18960.00 2.292286e-11
18970.00 2.287672e-11
18980.00 2.283068e-11
18990.00 2.278476e-11
19000.00 2.273896e-11
19010.00 2.269327e-11
19020.00 2.264770e-11
19030.00 2.260224e-11
19040.00 2.255689e-11
19050.00 2.251167e-11
19060.00 2.246655e-11
19070.00 2.242154e-11
19080.00 2.237665e-11
19090.00 2.233187e-11
19100.00 2.228720e-11
19110.00 2.224265e-11
19120.00 2.219820e-11
19130.00 2.215387e-11
19140.00 2.210964e-11
19150.00 2.206553e-11
19160.00 2.202152e-11
19170.00 2.197762e-11
19180.00 2.193384e-11
19190.00 2.189017e-11
19200.00 2.184660e-11
19210.00 2.180314e-11
19220.00 2.175979e-11
19230.00 2.171654e-11
19240.00 2.167340e-11
19250.00 2.163037e-11
19260.00 2.158744e-11
19270.00 2.154463e-11
19280.00 2.150192e-11
19290.00 2.145931e-11
19300.00 2.141681e-11
19310.00 2.137442e-11
19320.00 2.133213e-11
19330.00 2.128995e-11
19340.00 2.124786e-11
19350.00 2.120588e-11
19360.00 2.116401e-11
19370.00 2.112224e-11
19380.00 2.108057e-11
19390.00 2.103901e-11
19400.00 2.099754e-11
19410.00 2.095618e-11
19420.00 2.091492e-11
19430.00 2.087376e-11
19440.00 2.083270e-11
19450.00 2.079175e-11
19460.00 2.075090e-11
19470.00 2.071014e-11
19480.00 2.066948e-11
19490.00 2.062893e-11
19500.00 2.058847e-11
19510.00 2.054811e-11
19520.00 2.050785e-11
19530.00 2.046769e-11
19540.00 2.042763e-11
19550.00 2.038767e-11
19560.00 2.034780e-11
19570.00 2.030803e-11
19580.00 2.026836e-11
19590.00 2.022878e-11
19600.00 2.018930e-11
19610.00 2.014992e-11
19620.00 2.011063e-11
19630.00 2.007144e-11
19640.00 2.003235e-11
19650.00 1.999334e-11
19660.00 1.995444e-11
19670.00 1.991562e-11
19680.00 1.987691e-11
19690.00 1.983828e-11
19700.00 1.979975e-11
19710.00 1.976132e-11
19720.00 1.972297e-11
19730.00 1.968472e-11
19740.00 1.964656e-11
19750.00 1.960849e-11
19760.00 1.957052e-11
19770.00 1.953264e-11
19780.00 1.949485e-11
19790.00 1.945716e-11
19800.00 1.941955e-11
19810.00 1.938203e-11
19820.00 1.934461e-11
19830.00 1.930727e-11
19840.00 1.927002e-11
19850.00 1.923287e-11
19860.00 1.919580e-11
19870.00 1.915882e-11
19880.00 1.912193e-11
19890.00 1.908513e-11
19900.00 1.904842e-11
19910.00 1.901179e-11
19920.00 1.897526e-11
19930.00 1.893880e-11
19940.00 1.890245e-11
19950.00 1.886617e-11
19960.00 1.882999e-11
19970.00 1.879388e-11
19980.00 1.875786e-11
19990.00 1.872194e-11
20000.00 1.868610e-11
20010.00 1.865034e-11
20020.00 1.861467e-11
20030.00 1.857909e-11
20040.00 1.854359e-11
20050.00 1.850817e-11
20060.00 1.847284e-11
20070.00 1.843759e-11
20080.00 1.840243e-11
20090.00 1.836735e-11
20100.00 1.833235e-11
20110.00 1.829744e-11
20120.00 1.826261e-11
20130.00 1.822786e-11
20140.00 1.819320e-11
20150.00 1.815861e-11
20160.00 1.812412e-11
20170.00 1.808969e-11
20180.00 1.805535e-11
20190.00 1.802110e-11
20200.00 1.798693e-11
20210.00 1.795284e-11
20220.00 1.791882e-11
20230.00 1.788489e-11
20240.00 1.785104e-11
20250.00 1.781726e-11
20260.00 1.778357e-11
20270.00 1.774996e-11
20280.00 1.771643e-11
20290.00 1.768297e-11
20300.00 1.764959e-11
20310.00 1.761629e-11
20320.00 1.758308e-11
20330.00 1.754994e-11
20340.00 1.751688e-11
20350.00 1.748389e-11
20360.00 1.745098e-11
20370.00 1.741815e-11
20380.00 1.738540e-11
20390.00 1.735273e-11
20400.00 1.732013e-11
20410.00 1.728760e-11
20420.00 1.725516e-11
20430.00 1.722278e-11
20440.00 1.719050e-11
20450.00 1.715827e-11
20460.00 1.712613e-11
20470.00 1.709406e-11
20480.00 1.706207e-11
20490.00 1.703015e-11
20500.00 1.699830e-11
20510.00 1.696654e-11
20520.00 1.693484e-11
20530.00 1.690322e-11
20540.00 1.687167e-11
20550.00 1.684019e-11
20560.00 1.680879e-11
20570.00 1.677747e-11
20580.00 1.674621e-11
20590.00 1.671503e-11
20600.00 1.668391e-11
20610.00 1.665287e-11
20620.00 1.662192e-11
20630.00 1.659102e-11
20640.00 1.656019e-11
20650.00 1.652944e-11
20660.00 1.649877e-11
20670.00 1.646816e-11
20680.00 1.643762e-11
20690.00 1.640715e-11
20700.00 1.637675e-11
20710.00 1.634643e-11
20720.00 1.631617e-11
20730.00 1.628599e-11
20740.00 1.625588e-11
20750.00 1.622583e-11
20760.00 1.619585e-11
20770.00 1.616594e-11
20780.00 1.613610e-11
20790.00 1.610633e-11
20800.00 1.607663e-11
20810.00 1.604700e-11
20820.00 1.601743e-11
20830.00 1.598793e-11
20840.00 1.595850e-11
20850.00 1.592914e-11
20860.00 1.589985e-11
20870.00 1.587062e-11
20880.00 1.584146e-11
20890.00 1.581237e-11
20900.00 1.578334e-11
20910.00 1.575438e-11
20920.00 1.572549e-11
20930.00 1.569666e-11
20940.00 1.566790e-11
20950.00 1.563920e-11
20960.00 1.561057e-11
20970.00 1.558201e-11
20980.00 1.555351e-11
20990.00 1.552507e-11
21000.00 1.549670e-11
21010.00 1.546840e-11
21020.00 1.544016e-11
21030.00 1.541198e-11
21040.00 1.538387e-11
21050.00 1.535582e-11
21060.00 1.532783e-11
21070.00 1.529992e-11
21080.00 1.527206e-11
21090.00 1.524427e-11
21100.00 1.521654e-11
21110.00 1.518888e-11
21120.00 1.516127e-11
21130.00 1.513373e-11
21140.00 1.510625e-11
21150.00 1.507883e-11
21160.00 1.505148e-11
21170.00 1.502418e-11
21180.00 1.499695e-11
21190.00 1.496978e-11
21200.00 1.494267e-11
21210.00 1.491563e-11
21220.00 1.488864e-11
21230.00 1.486171e-11
21240.00 1.483486e-11
21250.00 1.480805e-11
21260.00 1.478130e-11
21270.00 1.475462e-11
21280.00 1.472800e-11
21290.00 1.470143e-11
21300.00 1.467493e-11
21310.00 1.464849e-11
21320.00 1.462211e-11
21330.00 1.459578e-11
21340.00 1.456952e-11
21350.00 1.454331e-11
21360.00 1.451716e-11
21370.00 1.449108e-11
21380.00 1.446505e-11
21390.00 1.443908e-11
21400.00 1.441317e-11
21410.00 1.438731e-11
21420.00 1.436151e-11
21430.00 1.433578e-11
21440.00 1.431009e-11
21450.00 1.428446e-11
21460.00 1.425890e-11
21470.00 1.423339e-11
21480.00 1.420794e-11
21490.00 1.418254e-11
21500.00 1.415720e-11
21510.00 1.413192e-11
21520.00 1.410669e-11
21530.00 1.408152e-11
21540.00 1.405640e-11
21550.00 1.403135e-11
21560.00 1.400635e-11
21570.00 1.398140e-11
21580.00 1.395651e-11
21590.00 1.393167e-11
21600.00 1.390689e-11
21610.00 1.388217e-11
21620.00 1.385750e-11
21630.00 1.383288e-11
21640.00 1.380832e-11
21650.00 1.378380e-11
21660.00 1.375935e-11
21670.00 1.373495e-11
21680.00 1.371061e-11
21690.00 1.368632e-11
21700.00 1.366208e-11
21710.00 1.363790e-11
21720.00 1.361377e-11
21730.00 1.358970e-11
21740.00 1.356567e-11
21750.00 1.354170e-11
21760.00 1.351778e-11
21770.00 1.349391e-11
21780.00 1.347010e-11
21790.00 1.344634e-11
21800.00 1.342263e-11
21810.00 1.339898e-11
21820.00 1.337538e-11
21830.00 1.335182e-11
21840.00 1.332833e-11
21850.00 1.330488e-11
21860.00 1.328148e-11
21870.00 1.325813e-11
21880.00 1.323484e-11
21890.00 1.321160e-11
21900.00 1.318841e-11
21910.00 1.316526e-11
21920.00 1.314217e-11
21930.00 1.311914e-11
21940.00 1.309615e-11
21950.00 1.307320e-11
21960.00 1.305031e-11
21970.00 1.302748e-11
21980.00 1.300469e-11
21990.00 1.298195e-11
22000.00 1.295926e-11
22010.00 1.293662e-11
22020.00 1.291403e-11
22030.00 1.289148e-11
22040.00 1.286899e-11
22050.00 1.284655e-11
22060.00 1.282416e-11
22070.00 1.280181e-11
22080.00 1.277952e-11
22090.00 1.275727e-11
22100.00 1.273507e-11
22110.00 1.271292e-11
22120.00 1.269081e-11
22130.00 1.266875e-11
22140.00 1.264675e-11
22150.00 1.262479e-11
22160.00 1.260288e-11
22170.00 1.258101e-11
22180.00 1.255919e-11
22190.00 1.253742e-11
22200.00 1.251570e-11
22210.00 1.249402e-11
22220.00 1.247239e-11
22230.00 1.245081e-11
22240.00 1.242928e-11
22250.00 1.240778e-11
22260.00 1.238634e-11
22270.00 1.236494e-11
22280.00 1.234359e-11
22290.00 1.232228e-11
22300.00 1.230103e-11
22310.00 1.227981e-11
22320.00 1.225865e-11
22330.00 1.223752e-11
22340.00 1.221644e-11
22350.00 1.219542e-11
22360.00 1.217443e-11
22370.00 1.215349e-11
22380.00 1.213260e-11
22390.00 1.211174e-11
22400.00 1.209094e-11
22410.00 1.207018e-11
22420.00 1.204946e-11
22430.00 1.202879e-11
22440.00 1.200816e-11
22450.00 1.198757e-11
22460.00 1.196703e-11
22470.00 1.194654e-11
22480.00 1.192609e-11
22490.00 1.190567e-11
22500.00 1.188531e-11
22510.00 1.186499e-11
22520.00 1.184471e-11
22530.00 1.182447e-11
22540.00 1.180428e-11
22550.00 1.178414e-11
22560.00 1.176403e-11
22570.00 1.174397e-11
22580.00 1.172394e-11
22590.00 1.170397e-11
22600.00 1.168404e-11
22610.00 1.166414e-11
22620.00 1.164429e-11
22630.00 1.162449e-11
22640.00 1.160472e-11
22650.00 1.158499e-11
22660.00 1.156531e-11
22670.00 1.154567e-11
22680.00 1.152607e-11
22690.00 1.150651e-11
22700.00 1.148699e-11
22710.00 1.146752e-11
22720.00 1.144809e-11
22730.00 1.142869e-11
22740.00 1.140934e-11
22750.00 1.139004e-11
22760.00 1.137077e-11
22770.00 1.135154e-11
22780.00 1.133235e-11
22790.00 1.131321e-11
22800.00 1.129410e-11
22810.00 1.127503e-11
22820.00 1.125600e-11
22830.00 1.123701e-11
22840.00 1.121807e-11
22850.00 1.119916e-11
22860.00 1.118029e-11
22870.00 1.116147e-11
22880.00 1.114268e-11
22890.00 1.112393e-11
22900.00 1.110523e-11
22910.00 1.108655e-11
22920.00 1.106792e-11
22930.00 1.104933e-11
22940.00 1.103078e-11
22950.00 1.101226e-11
22960.00 1.099379e-11
22970.00 1.097535e-11
22980.00 1.095696e-11
22990.00 1.093860e-11
23000.00 1.092028e-11
23010.00 1.090199e-11
23020.00 1.088375e-11
23030.00 1.086555e-11
23040.00 1.084738e-11
23050.00 1.082925e-11
23060.00 1.081115e-11
23070.00 1.079310e-11
23080.00 1.077508e-11
23090.00 1.075711e-11
23100.00 1.073916e-11
23110.00 1.072126e-11
23120.00 1.070340e-11
23130.00 1.068557e-11
23140.00 1.066777e-11
23150.00 1.065002e-11
23160.00 1.063229e-11
23170.00 1.061462e-11
23180.00 1.059697e-11
23190.00 1.057937e-11
23200.00 1.056180e-11
23210.00 1.054426e-11
23220.00 1.052676e-11
23230.00 1.050929e-11
23240.00 1.049187e-11
23250.00 1.047447e-11
23260.00 1.045712e-11
23270.00 1.043980e-11
23280.00 1.042252e-11
23290.00 1.040527e-11
23300.00 1.038806e-11
23310.00 1.037088e-11
23320.00 1.035374e-11
23330.00 1.033664e-11
23340.00 1.031957e-11
23350.00 1.030253e-11
23360.00 1.028553e-11
23370.00 1.026857e-11
23380.00 1.025164e-11
23390.00 1.023474e-11
23400.00 1.021788e-11
23410.00 1.020106e-11
23420.00 1.018427e-11
23430.00 1.016751e-11
23440.00 1.015079e-11
23450.00 1.013410e-11
23460.00 1.011745e-11
23470.00 1.010083e-11
23480.00 1.008424e-11
23490.00 1.006769e-11
23500.00 1.005118e-11
23510.00 1.003469e-11
23520.00 1.001824e-11
23530.00 1.000183e-11
23540.00 9.985446e-12
23550.00 9.969098e-12
23560.00 9.952783e-12
23570.00 9.936500e-12
23580.00 9.920252e-12
23590.00 9.904037e-12
23600.00 9.887854e-12
23610.00 9.871705e-12
23620.00 9.855588e-12
23630.00 9.839504e-12
23640.00 9.823454e-12
23650.00 9.807436e-12
23660.00 9.791451e-12
23670.00 9.775498e-12
23680.00 9.759577e-12
23690.00 9.743689e-12
23700.00 9.727833e-12
23710.00 9.712009e-12
23720.00 9.696218e-12
23730.00 9.680459e-12
23740.00 9.664732e-12
23750.00 9.649036e-12
23760.00 9.633372e-12
23770.00 9.617741e-12
23780.00 9.602140e-12
23790.00 9.586571e-12
23800.00 9.571035e-12
23810.00 9.555529e-12
23820.00 9.540055e-12
23830.00 9.524612e-12
23840.00 9.509199e-12
23850.00 9.493819e-12
23860.00 9.478470e-12
23870.00 9.463151e-12
23880.00 9.447864e-12
23890.00 9.432606e-12
23900.00 9.417381e-12
23910.00 9.402185e-12
23920.00 9.387020e-12
23930.00 9.371887e-12
23940.00 9.356782e-12
23950.00 9.341709e-12
23960.00 9.326666e-12
23970.00 9.311653e-12
23980.00 9.296670e-12
23990.00 9.281718e-12
24000.00 9.266796e-12
24010.00 9.251904e-12
24020.00 9.237041e-12
24030.00 9.222208e-12
24040.00 9.207405e-12
24050.00 9.192632e-12
24060.00 9.177888e-12
24070.00 9.163174e-12
24080.00 9.148489e-12
24090.00 9.133834e-12
24100.00 9.119207e-12
24110.00 9.104611e-12
24120.00 9.090042e-12
24130.00 9.075504e-12
24140.00 9.060995e-12
24150.00 9.046514e-12
24160.00 9.032062e-12
24170.00 9.017640e-12
24180.00 9.003246e-12
24190.00 8.988881e-12
24200.00 8.974544e-12
24210.00 8.960235e-12
24220.00 8.945955e-12
24230.00 8.931705e-12
24240.00 8.917482e-12
24250.00 8.903287e-12
24260.00 8.889121e-12
24270.00 8.874982e-12
24280.00 8.860873e-12
24290.00 8.846790e-12
24300.00 8.832736e-12
24310.00 8.818709e-12
24320.00 8.804711e-12
24330.00 8.790740e-12
24340.00 8.776798e-12
24350.00 8.762882e-12
24360.00 8.748994e-12
24370.00 8.735134e-12
24380.00 8.721300e-12
24390.00 8.707495e-12
24400.00 8.693716e-12
24410.00 8.679965e-12
24420.00 8.666241e-12
24430.00 8.652544e-12
24440.00 8.638875e-12
24450.00 8.625232e-12
24460.00 8.611616e-12
24470.00 8.598027e-12
24480.00 8.584464e-12
24490.00 8.570928e-12
24500.00 8.557420e-12
24510.00 8.543937e-12
24520.00 8.530481e-12
24530.00 8.517052e-12
24540.00 8.503649e-12
24550.00 8.490272e-12
24560.00 8.476922e-12
24570.00 8.463597e-12
24580.00 8.450300e-12
24590.00 8.437028e-12
24600.00 8.423782e-12
24610.00 8.410562e-12
24620.00 8.397368e-12
24630.00 8.384200e-12
24640.00 8.371058e-12
24650.00 8.357941e-12
24660.00 8.344850e-12
24670.00 8.331785e-12
24680.00 8.318744e-12
24690.00 8.305730e-12
24700.00 8.292742e-12
24710.00 8.279778e-12
24720.00 8.266840e-12
24730.00 8.253927e-12
24740.00 8.241039e-12
24750.00 8.228176e-12
24760.00 8.215339e-12
24770.00 8.202526e-12
24780.00 8.189739e-12
24790.00 8.176976e-12
24800.00 8.164238e-12
24810.00 8.151525e-12
24820.00 8.138836e-12
24830.00 8.126173e-12
24840.00 8.113534e-12
24850.00 8.100919e-12
24860.00 8.088329e-12
24870.00 8.075763e-12
24880.00 8.063222e-12
24890.00 8.050706e-12
24900.00 8.038213e-12
24910.00 8.025744e-12
24920.00 8.013300e-12
24930.00 8.000880e-12
24940.00 7.988483e-12
24950.00 7.976111e-12
24960.00 7.963763e-12
24970.00 7.951439e-12
24980.00 7.939138e-12
24990.00 7.926861e-12
25000.00 7.914609e-12
