1000.00 1.281841e-15
1010.00 1.518475e-15
1020.00 1.791959e-15
1030.00 2.106906e-15
1040.00 2.468352e-15
1050.00 2.881779e-15
1060.00 3.353128e-15
1070.00 3.888824e-15
1080.00 4.495797e-15
1090.00 5.181492e-15
1100.00 5.953892e-15
1110.00 6.821532e-15
1120.00 7.793513e-15
1130.00 8.879511e-15
1140.00 1.008979e-14
1150.00 1.143523e-14
1160.00 1.292728e-14
1170.00 1.457805e-14
1180.00 1.640021e-14
1190.00 1.840709e-14
1200.00 2.061263e-14
1210.00 2.303135e-14
1220.00 2.567844e-14
1230.00 2.856964e-14
1240.00 3.172133e-14
1250.00 3.515042e-14
1260.00 3.887445e-14
1270.00 4.291149e-14
1280.00 4.728016e-14
1290.00 5.199959e-14
1300.00 5.708942e-14
1310.00 6.256979e-14
1320.00 6.846129e-14
1330.00 7.478492e-14
1340.00 8.156213e-14
1350.00 8.881469e-14
1360.00 9.656479e-14
1370.00 1.048349e-13
1380.00 1.136477e-13
1390.00 1.230263e-13
1400.00 1.329939e-13
1410.00 1.435740e-13
1420.00 1.547900e-13
1430.00 1.666657e-13
1440.00 1.792248e-13
1450.00 1.924914e-13
1460.00 2.064888e-13
1470.00 2.212412e-13
1480.00 2.367722e-13
1490.00 2.531055e-13
1500.00 2.702643e-13
1510.00 2.882722e-13
1520.00 3.071523e-13
1530.00 3.269272e-13
1540.00 3.476197e-13
1550.00 3.692520e-13
1560.00 3.918460e-13
1570.00 4.154231e-13
1580.00 4.400044e-13
1590.00 4.656109e-13
1600.00 4.922625e-13
1610.00 5.199789e-13
1620.00 5.487794e-13
1630.00 5.786826e-13
1640.00 6.097064e-13
1650.00 6.418683e-13
1660.00 6.751852e-13
1670.00 7.096729e-13
1680.00 7.453474e-13
1690.00 7.822231e-13
1700.00 8.203142e-13
1710.00 8.596341e-13
1720.00 9.001952e-13
1730.00 9.420098e-13
1740.00 9.850887e-13
1750.00 1.029442e-12
1760.00 1.075080e-12
1770.00 1.122011e-12
1780.00 1.170242e-12
1790.00 1.219782e-12
1800.00 1.270636e-12
1810.00 1.322810e-12
1820.00 1.376309e-12
1830.00 1.431136e-12
1840.00 1.487295e-12
1850.00 1.544787e-12
1860.00 1.603615e-12
1870.00 1.663779e-12
1880.00 1.725278e-12
1890.00 1.788112e-12
1900.00 1.852278e-12
1910.00 1.917775e-12
1920.00 1.984599e-12
1930.00 2.052745e-12
1940.00 2.122209e-12
1950.00 2.192986e-12
1960.00 2.265067e-12
1970.00 2.338448e-12
1980.00 2.413118e-12
1990.00 2.489071e-12
2000.00 2.566297e-12
2010.00 2.644786e-12
2020.00 2.724527e-12
2030.00 2.805510e-12
2040.00 2.887721e-12
2050.00 2.971148e-12
2060.00 3.055779e-12
2070.00 3.141600e-12
2080.00 3.228596e-12
2090.00 3.316754e-12
2100.00 3.406055e-12
2110.00 3.496487e-12
2120.00 3.588032e-12
2130.00 3.680671e-12
2140.00 3.774390e-12
2150.00 3.869171e-12
2160.00 3.964994e-12
2170.00 4.061841e-12
2180.00 4.159692e-12
2190.00 4.258530e-12
2200.00 4.358334e-12
2210.00 4.459083e-12
2220.00 4.560757e-12
2230.00 4.663337e-12
2240.00 4.766799e-12
2250.00 4.871125e-12
2260.00 4.976291e-12
2270.00 5.082276e-12
2280.00 5.189058e-12
2290.00 5.296616e-12
2300.00 5.404925e-12
2310.00 5.513964e-12
2320.00 5.623711e-12
2330.00 5.734143e-12
2340.00 5.845235e-12
2350.00 5.956966e-12
2360.00 6.069313e-12
2370.00 6.182251e-12
2380.00 6.295758e-12
2390.00 6.409811e-12
2400.00 6.524385e-12
2410.00 6.639458e-12
2420.00 6.755007e-12
2430.00 6.871006e-12
2440.00 6.987436e-12
2450.00 7.104270e-12
2460.00 7.221485e-12
2470.00 7.339059e-12
2480.00 7.456970e-12
2490.00 7.575191e-12
2500.00 7.693703e-12
2510.00 7.812481e-12
2520.00 7.931502e-12
2530.00 8.050745e-12
2540.00 8.170186e-12
2550.00 8.289803e-12
2560.00 8.409574e-12
2570.00 8.529476e-12
2580.00 8.649488e-12
2590.00 8.769588e-12
2600.00 8.889754e-12
2610.00 9.009965e-12
2620.00 9.130200e-12
2630.00 9.250438e-12
2640.00 9.370657e-12
2650.00 9.490837e-12
2660.00 9.610958e-12
2670.00 9.731001e-12
2680.00 9.850943e-12
2690.00 9.970767e-12
2700.00 1.009045e-11
2710.00 1.020998e-11
2720.00 1.032933e-11
2730.00 1.044848e-11
2740.00 1.056743e-11
2750.00 1.068614e-11
2760.00 1.080459e-11
2770.00 1.092279e-11
2780.00 1.104070e-11
2790.00 1.115830e-11
2800.00 1.127559e-11
2810.00 1.139253e-11
2820.00 1.150913e-11
2830.00 1.162536e-11
2840.00 1.174120e-11
2850.00 1.185665e-11
2860.00 1.197169e-11
2870.00 1.208628e-11
2880.00 1.220044e-11
2890.00 1.231414e-11
2900.00 1.242736e-11
2910.00 1.254010e-11
2920.00 1.265234e-11
2930.00 1.276407e-11
2940.00 1.287527e-11
2950.00 1.298593e-11
2960.00 1.309603e-11
2970.00 1.320557e-11
2980.00 1.331455e-11
2990.00 1.342292e-11
3000.00 1.353071e-11
3010.00 1.363789e-11
3020.00 1.374444e-11
3030.00 1.385037e-11
3040.00 1.395564e-11
3050.00 1.406027e-11
3060.00 1.416425e-11
3070.00 1.426756e-11
3080.00 1.437018e-11
3090.00 1.447211e-11
3100.00 1.457335e-11
3110.00 1.467389e-11
3120.00 1.477371e-11
3130.00 1.487281e-11
3140.00 1.497118e-11
3150.00 1.506883e-11
3160.00 1.516573e-11
3170.00 1.526187e-11
3180.00 1.535726e-11
3190.00 1.545189e-11
3200.00 1.554576e-11
3210.00 1.563884e-11
3220.00 1.573115e-11
3230.00 1.582267e-11
3240.00 1.591340e-11
3250.00 1.600334e-11
3260.00 1.609248e-11
3270.00 1.618081e-11
3280.00 1.626834e-11
3290.00 1.635505e-11
3300.00 1.644095e-11
3310.00 1.652602e-11
3320.00 1.661027e-11
3330.00 1.669370e-11
3340.00 1.677629e-11
3350.00 1.685805e-11
3360.00 1.693898e-11
3370.00 1.701907e-11
3380.00 1.709832e-11
3390.00 1.717672e-11
3400.00 1.725429e-11
3410.00 1.733101e-11
3420.00 1.740688e-11
3430.00 1.748190e-11
3440.00 1.755608e-11
3450.00 1.762940e-11
3460.00 1.770187e-11
3470.00 1.777348e-11
3480.00 1.784425e-11
3490.00 1.791416e-11
3500.00 1.798321e-11
3510.00 1.805142e-11
3520.00 1.811877e-11
3530.00 1.818526e-11
3540.00 1.825091e-11
3550.00 1.831569e-11
3560.00 1.837963e-11
3570.00 1.844272e-11
3580.00 1.850496e-11
3590.00 1.856635e-11
3600.00 1.862689e-11
3610.00 1.868658e-11
3620.00 1.874543e-11
3630.00 1.880342e-11
3640.00 1.886059e-11
3650.00 1.891691e-11
3660.00 1.897239e-11
3670.00 1.902704e-11
3680.00 1.908084e-11
3690.00 1.913383e-11
3700.00 1.918596e-11
3710.00 1.923728e-11
3720.00 1.928777e-11
3730.00 1.933745e-11
3740.00 1.938629e-11
3750.00 1.943432e-11
3760.00 1.948154e-11
3770.00 1.952794e-11
3780.00 1.957354e-11
3790.00 1.961832e-11
3800.00 1.966231e-11
3810.00 1.970550e-11
3820.00 1.974788e-11
3830.00 1.978947e-11
3840.00 1.983029e-11
3850.00 1.987030e-11
3860.00 1.990954e-11
3870.00 1.994799e-11
3880.00 1.998567e-11
3890.00 2.002258e-11
3900.00 2.005872e-11
3910.00 2.009410e-11
3920.00 2.012871e-11
3930.00 2.016257e-11
3940.00 2.019568e-11
3950.00 2.022805e-11
3960.00 2.025966e-11
3970.00 2.029053e-11
3980.00 2.032066e-11
3990.00 2.035007e-11
4000.00 2.037875e-11
4010.00 2.040670e-11
4020.00 2.043393e-11
4030.00 2.046046e-11
4040.00 2.048627e-11
4050.00 2.051137e-11
4060.00 2.053577e-11
4070.00 2.055948e-11
4080.00 2.058249e-11
4090.00 2.060481e-11
4100.00 2.062645e-11
4110.00 2.064741e-11
4120.00 2.066770e-11
4130.00 2.068731e-11
4140.00 2.070626e-11
4150.00 2.072455e-11
4160.00 2.074219e-11
4170.00 2.075917e-11
4180.00 2.077550e-11
4190.00 2.079120e-11
4200.00 2.080625e-11
4210.00 2.082068e-11
4220.00 2.083448e-11
4230.00 2.084765e-11
4240.00 2.086021e-11
4250.00 2.087215e-11
4260.00 2.088349e-11
4270.00 2.089421e-11
4280.00 2.090435e-11
4290.00 2.091388e-11
4300.00 2.092282e-11
4310.00 2.093119e-11
4320.00 2.093897e-11
4330.00 2.094617e-11
4340.00 2.095281e-11
4350.00 2.095888e-11
4360.00 2.096439e-11
4370.00 2.096934e-11
4380.00 2.097374e-11
4390.00 2.097759e-11
4400.00 2.098091e-11
4410.00 2.098368e-11
4420.00 2.098593e-11
4430.00 2.098765e-11
4440.00 2.098885e-11
4450.00 2.098951e-11
4460.00 2.098968e-11
4470.00 2.098934e-11
4480.00 2.098848e-11
4490.00 2.098713e-11
4500.00 2.098529e-11
4510.00 2.098294e-11
4520.00 2.098012e-11
4530.00 2.097682e-11
4540.00 2.097305e-11
4550.00 2.096880e-11
4560.00 2.096408e-11
4570.00 2.095890e-11
4580.00 2.095327e-11
4590.00 2.094718e-11
4600.00 2.094064e-11
4610.00 2.093366e-11
4620.00 2.092624e-11
4630.00 2.091838e-11
4640.00 2.091008e-11
4650.00 2.090137e-11
4660.00 2.089223e-11
4670.00 2.088267e-11
4680.00 2.087270e-11
4690.00 2.086234e-11
4700.00 2.085155e-11
4710.00 2.084036e-11
4720.00 2.082879e-11
4730.00 2.081682e-11
4740.00 2.080446e-11
4750.00 2.079172e-11
4760.00 2.077861e-11
4770.00 2.076511e-11
4780.00 2.075124e-11
4790.00 2.073701e-11
4800.00 2.072242e-11
4810.00 2.070747e-11
4820.00 2.069216e-11
4830.00 2.067650e-11
4840.00 2.066051e-11
4850.00 2.064415e-11
4860.00 2.062748e-11
4870.00 2.061046e-11
4880.00 2.059312e-11
4890.00 2.057544e-11
4900.00 2.055745e-11
4910.00 2.053914e-11
4920.00 2.052051e-11
4930.00 2.050156e-11
4940.00 2.048232e-11
4950.00 2.046277e-11
4960.00 2.044292e-11
4970.00 2.042278e-11
4980.00 2.040234e-11
4990.00 2.038162e-11
5000.00 2.036060e-11
5010.00 2.033932e-11
5020.00 2.031775e-11
5030.00 2.029590e-11
5040.00 2.027379e-11
5050.00 2.025141e-11
5060.00 2.022877e-11
5070.00 2.020587e-11
5080.00 2.018271e-11
5090.00 2.015929e-11
5100.00 2.013564e-11
5110.00 2.011173e-11
5120.00 2.008758e-11
5130.00 2.006319e-11
5140.00 2.003856e-11
5150.00 2.001370e-11
5160.00 1.998862e-11
5170.00 1.996330e-11
5180.00 1.993776e-11
5190.00 1.991200e-11
5200.00 1.988603e-11
5210.00 1.985984e-11
5220.00 1.983344e-11
5230.00 1.980684e-11
5240.00 1.978002e-11
5250.00 1.975300e-11
5260.00 1.972579e-11
5270.00 1.969839e-11
5280.00 1.967079e-11
5290.00 1.964300e-11
5300.00 1.961502e-11
5310.00 1.958686e-11
5320.00 1.955852e-11
5330.00 1.953000e-11
5340.00 1.950131e-11
5350.00 1.947244e-11
5360.00 1.944341e-11
5370.00 1.941420e-11
5380.00 1.938484e-11
5390.00 1.935531e-11
5400.00 1.932562e-11
5410.00 1.929578e-11
5420.00 1.926578e-11
5430.00 1.923563e-11
5440.00 1.920534e-11
5450.00 1.917489e-11
5460.00 1.914431e-11
5470.00 1.911358e-11
5480.00 1.908272e-11
5490.00 1.905171e-11
5500.00 1.902058e-11
5510.00 1.898932e-11
5520.00 1.895792e-11
5530.00 1.892641e-11
5540.00 1.889476e-11
5550.00 1.886300e-11
5560.00 1.883111e-11
5570.00 1.879912e-11
5580.00 1.876699e-11
5590.00 1.873477e-11
5600.00 1.870243e-11
5610.00 1.866998e-11
5620.00 1.863743e-11
5630.00 1.860478e-11
5640.00 1.857202e-11
5650.00 1.853917e-11
5660.00 1.850622e-11
5670.00 1.847317e-11
5680.00 1.844004e-11
5690.00 1.840680e-11
5700.00 1.837348e-11
5710.00 1.834008e-11
5720.00 1.830658e-11
5730.00 1.827302e-11
5740.00 1.823936e-11
5750.00 1.820563e-11
5760.00 1.817182e-11
5770.00 1.813793e-11
5780.00 1.810397e-11
5790.00 1.806994e-11
5800.00 1.803584e-11
5810.00 1.800168e-11
5820.00 1.796744e-11
5830.00 1.793314e-11
5840.00 1.789878e-11
5850.00 1.786436e-11
5860.00 1.782988e-11
5870.00 1.779534e-11
5880.00 1.776075e-11
5890.00 1.772610e-11
5900.00 1.769141e-11
5910.00 1.765665e-11
5920.00 1.762185e-11
5930.00 1.758700e-11
5940.00 1.755211e-11
5950.00 1.751718e-11
5960.00 1.748220e-11
5970.00 1.744718e-11
5980.00 1.741212e-11
5990.00 1.737702e-11
6000.00 1.734188e-11
6010.00 1.730671e-11
6020.00 1.727151e-11
6030.00 1.723627e-11
6040.00 1.720101e-11
6050.00 1.716571e-11
6060.00 1.713038e-11
6070.00 1.709504e-11
6080.00 1.705967e-11
6090.00 1.702426e-11
6100.00 1.698883e-11
6110.00 1.695339e-11
6120.00 1.691793e-11
6130.00 1.688244e-11
6140.00 1.684695e-11
6150.00 1.681142e-11
6160.00 1.677590e-11
6170.00 1.674035e-11
6180.00 1.670479e-11
6190.00 1.666922e-11
6200.00 1.663364e-11
6210.00 1.659805e-11
6220.00 1.656245e-11
6230.00 1.652685e-11
6240.00 1.649124e-11
6250.00 1.645562e-11
6260.00 1.642001e-11
6270.00 1.638440e-11
6280.00 1.634878e-11
6290.00 1.631315e-11
6300.00 1.627753e-11
6310.00 1.624192e-11
6320.00 1.620630e-11
6330.00 1.617069e-11
6340.00 1.613508e-11
6350.00 1.609948e-11
6360.00 1.606389e-11
6370.00 1.602830e-11
6380.00 1.599273e-11
6390.00 1.595716e-11
6400.00 1.592161e-11
6410.00 1.588607e-11
6420.00 1.585053e-11
6430.00 1.581502e-11
6440.00 1.577952e-11
6450.00 1.574403e-11
6460.00 1.570855e-11
6470.00 1.567310e-11
6480.00 1.563767e-11
6490.00 1.560225e-11
6500.00 1.556685e-11
6510.00 1.553148e-11
6520.00 1.549612e-11
6530.00 1.546078e-11
6540.00 1.542547e-11
6550.00 1.539017e-11
6560.00 1.535491e-11
6570.00 1.531967e-11
6580.00 1.528446e-11
6590.00 1.524927e-11
6600.00 1.521411e-11
6610.00 1.517898e-11
6620.00 1.514388e-11
6630.00 1.510880e-11
6640.00 1.507375e-11
6650.00 1.503874e-11
6660.00 1.500375e-11
6670.00 1.496880e-11
6680.00 1.493388e-11
6690.00 1.489900e-11
6700.00 1.486415e-11
6710.00 1.482933e-11
6720.00 1.479454e-11
6730.00 1.475980e-11
6740.00 1.472508e-11
6750.00 1.469041e-11
6760.00 1.465577e-11
6770.00 1.462117e-11
6780.00 1.458661e-11
6790.00 1.455209e-11
6800.00 1.451760e-11
6810.00 1.448317e-11
6820.00 1.444877e-11
6830.00 1.441440e-11
6840.00 1.438008e-11
6850.00 1.434580e-11
6860.00 1.431157e-11
6870.00 1.427738e-11
6880.00 1.424323e-11
6890.00 1.420913e-11
6900.00 1.417507e-11
6910.00 1.414106e-11
6920.00 1.410708e-11
6930.00 1.407316e-11
6940.00 1.403929e-11
6950.00 1.400546e-11
6960.00 1.397167e-11
6970.00 1.393794e-11
6980.00 1.390425e-11
6990.00 1.387061e-11
7000.00 1.383702e-11
7010.00 1.380349e-11
7020.00 1.376999e-11
7030.00 1.373656e-11
7040.00 1.370316e-11
7050.00 1.366982e-11
7060.00 1.363654e-11
7070.00 1.360329e-11
7080.00 1.357011e-11
7090.00 1.353697e-11
7100.00 1.350390e-11
7110.00 1.347087e-11
7120.00 1.343789e-11
7130.00 1.340497e-11
7140.00 1.337210e-11
7150.00 1.333928e-11
7160.00 1.330652e-11
7170.00 1.327382e-11
7180.00 1.324116e-11
7190.00 1.320856e-11
7200.00 1.317602e-11
7210.00 1.314354e-11
7220.00 1.311111e-11
7230.00 1.307874e-11
7240.00 1.304642e-11
7250.00 1.301416e-11
7260.00 1.298196e-11
7270.00 1.294981e-11
7280.00 1.291773e-11
7290.00 1.288569e-11
7300.00 1.285372e-11
7310.00 1.282181e-11
7320.00 1.278995e-11
7330.00 1.275815e-11
7340.00 1.272641e-11
7350.00 1.269473e-11
7360.00 1.266311e-11
7370.00 1.263154e-11
7380.00 1.260004e-11
7390.00 1.256860e-11
7400.00 1.253722e-11
7410.00 1.250590e-11
7420.00 1.247464e-11
7430.00 1.244343e-11
7440.00 1.241229e-11
7450.00 1.238121e-11
7460.00 1.235019e-11
7470.00 1.231923e-11
7480.00 1.228834e-11
7490.00 1.225750e-11
7500.00 1.222673e-11
7510.00 1.219601e-11
7520.00 1.216536e-11
7530.00 1.213477e-11
7540.00 1.210425e-11
7550.00 1.207378e-11
7560.00 1.204337e-11
7570.00 1.201303e-11
7580.00 1.198275e-11
7590.00 1.195255e-11
7600.00 1.192239e-11
7610.00 1.189230e-11
7620.00 1.186227e-11
7630.00 1.183231e-11
7640.00 1.180241e-11
7650.00 1.177256e-11
7660.00 1.174279e-11
7670.00 1.171308e-11
7680.00 1.168343e-11
7690.00 1.165385e-11
7700.00 1.162433e-11
7710.00 1.159487e-11
7720.00 1.156548e-11
7730.00 1.153615e-11
7740.00 1.150689e-11
7750.00 1.147768e-11
7760.00 1.144854e-11
7770.00 1.141947e-11
7780.00 1.139046e-11
7790.00 1.136151e-11
7800.00 1.133263e-11
7810.00 1.130382e-11
7820.00 1.127506e-11
7830.00 1.124637e-11
7840.00 1.121775e-11
7850.00 1.118918e-11
7860.00 1.116069e-11
7870.00 1.113226e-11
7880.00 1.110389e-11
7890.00 1.107559e-11
7900.00 1.104735e-11
7910.00 1.101917e-11
7920.00 1.099107e-11
7930.00 1.096303e-11
7940.00 1.093504e-11
7950.00 1.090713e-11
7960.00 1.087928e-11
7970.00 1.085149e-11
7980.00 1.082377e-11
7990.00 1.079611e-11
8000.00 1.076852e-11
8010.00 1.074099e-11
8020.00 1.071353e-11
8030.00 1.068613e-11
8040.00 1.065880e-11
8050.00 1.063152e-11
8060.00 1.060432e-11
8070.00 1.057717e-11
8080.00 1.055010e-11
8090.00 1.052308e-11
8100.00 1.049614e-11
8110.00 1.046925e-11
8120.00 1.044244e-11
8130.00 1.041567e-11
8140.00 1.038899e-11
8150.00 1.036236e-11
8160.00 1.033580e-11
8170.00 1.030930e-11
8180.00 1.028286e-11
8190.00 1.025649e-11
8200.00 1.023019e-11
8210.00 1.020395e-11
8220.00 1.017777e-11
8230.00 1.015166e-11
8240.00 1.012561e-11
8250.00 1.009962e-11
8260.00 1.007370e-11
8270.00 1.004784e-11
8280.00 1.002205e-11
8290.00 9.996314e-12
8300.00 9.970647e-12
8310.00 9.945043e-12
8320.00 9.919504e-12
8330.00 9.894027e-12
8340.00 9.868613e-12
8350.00 9.843263e-12
8360.00 9.817977e-12
8370.00 9.792754e-12
8380.00 9.767593e-12
8390.00 9.742496e-12
8400.00 9.717462e-12
8410.00 9.692491e-12
8420.00 9.667582e-12
8430.00 9.642737e-12
8440.00 9.617954e-12
8450.00 9.593234e-12
8460.00 9.568576e-12
8470.00 9.543982e-12
8480.00 9.519449e-12
8490.00 9.494979e-12
8500.00 9.470571e-12
8510.00 9.446225e-12
8520.00 9.421942e-12
8530.00 9.397721e-12
8540.00 9.373561e-12
8550.00 9.349465e-12
8560.00 9.325428e-12
8570.00 9.301454e-12
8580.00 9.277543e-12
8590.00 9.253692e-12
8600.00 9.229902e-12
8610.00 9.206175e-12
8620.00 9.182508e-12
8630.00 9.158903e-12
8640.00 9.135359e-12
8650.00 9.111876e-12
8660.00 9.088454e-12
8670.00 9.065093e-12
8680.00 9.041792e-12
8690.00 9.018553e-12
8700.00 8.995373e-12
8710.00 8.972255e-12
8720.00 8.949196e-12
8730.00 8.926198e-12
8740.00 8.903260e-12
8750.00 8.880382e-12
8760.00 8.857565e-12
8770.00 8.834807e-12
8780.00 8.812109e-12
8790.00 8.789470e-12
8800.00 8.766891e-12
8810.00 8.744372e-12
8820.00 8.721912e-12
8830.00 8.699511e-12
8840.00 8.677169e-12
8850.00 8.654888e-12
8860.00 8.632664e-12
8870.00 8.610500e-12
8880.00 8.588393e-12
8890.00 8.566346e-12
8900.00 8.544358e-12
8910.00 8.522428e-12
8920.00 8.500556e-12
8930.00 8.478742e-12
8940.00 8.456988e-12
8950.00 8.435290e-12
8960.00 8.413650e-12
8970.00 8.392069e-12
8980.00 8.370545e-12
8990.00 8.349078e-12
9000.00 8.327669e-12
9010.00 8.306318e-12
9020.00 8.285024e-12
9030.00 8.263786e-12
9040.00 8.242606e-12
9050.00 8.221483e-12
9060.00 8.200416e-12
9070.00 8.179406e-12
9080.00 8.158453e-12
9090.00 8.137556e-12
9100.00 8.116716e-12
9110.00 8.095931e-12
9120.00 8.075203e-12
9130.00 8.054531e-12
9140.00 8.033915e-12
9150.00 8.013354e-12
9160.00 7.992850e-12
9170.00 7.972400e-12
9180.00 7.952006e-12
9190.00 7.931668e-12
9200.00 7.911384e-12
9210.00 7.891155e-12
9220.00 7.870982e-12
9230.00 7.850863e-12
9240.00 7.830799e-12
9250.00 7.810790e-12
9260.00 7.790835e-12
9270.00 7.770935e-12
9280.00 7.751088e-12
9290.00 7.731296e-12
9300.00 7.711557e-12
9310.00 7.691873e-12
9320.00 7.672242e-12
9330.00 7.652665e-12
9340.00 7.633142e-12
9350.00 7.613672e-12
9360.00 7.594255e-12
9370.00 7.574892e-12
9380.00 7.555581e-12
9390.00 7.536322e-12
9400.00 7.517118e-12
9410.00 7.497965e-12
9420.00 7.478866e-12
9430.00 7.459819e-12
9440.00 7.440823e-12
9450.00 7.421880e-12
9460.00 7.402990e-12
9470.00 7.384151e-12
9480.00 7.365364e-12
9490.00 7.346629e-12
9500.00 7.327945e-12
9510.00 7.309313e-12
9520.00 7.290732e-12
9530.00 7.272201e-12
9540.00 7.253722e-12
9550.00 7.235294e-12
9560.00 7.216919e-12
9570.00 7.198591e-12
9580.00 7.180316e-12
9590.00 7.162091e-12
9600.00 7.143916e-12
9610.00 7.125792e-12
9620.00 7.107717e-12
9630.00 7.089693e-12
9640.00 7.071719e-12
9650.00 7.053794e-12
9660.00 7.035918e-12
9670.00 7.018093e-12
9680.00 7.000317e-12
9690.00 6.982589e-12
9700.00 6.964912e-12
9710.00 6.947283e-12
9720.00 6.929702e-12
9730.00 6.912172e-12
9740.00 6.894689e-12
9750.00 6.877255e-12
9760.00 6.859869e-12
9770.00 6.842531e-12
9780.00 6.825242e-12
9790.00 6.808001e-12
9800.00 6.790807e-12
9810.00 6.773663e-12
9820.00 6.756564e-12
9830.00 6.739514e-12
9840.00 6.722511e-12
9850.00 6.705556e-12
9860.00 6.688648e-12
9870.00 6.671786e-12
9880.00 6.654972e-12
9890.00 6.638205e-12
9900.00 6.621484e-12
9910.00 6.604810e-12
9920.00 6.588182e-12
9930.00 6.571600e-12
9940.00 6.555065e-12
9950.00 6.538576e-12
9960.00 6.522133e-12
9970.00 6.505735e-12
9980.00 6.489384e-12
9990.00 6.473078e-12
10000.00 6.456818e-12
10010.00 6.440603e-12
10020.00 6.424433e-12
10030.00 6.408309e-12
10040.00 6.392229e-12
10050.00 6.376195e-12
10060.00 6.360205e-12
10070.00 6.344260e-12
10080.00 6.328360e-12
10090.00 6.312503e-12
10100.00 6.296691e-12
10110.00 6.280924e-12
10120.00 6.265200e-12
10130.00 6.249520e-12
10140.00 6.233885e-12
10150.00 6.218292e-12
10160.00 6.202744e-12
10170.00 6.187239e-12
10180.00 6.171778e-12
10190.00 6.156359e-12
10200.00 6.140984e-12
10210.00 6.125651e-12
10220.00 6.110363e-12
10230.00 6.095116e-12
10240.00 6.079912e-12
10250.00 6.064751e-12
10260.00 6.049633e-12
10270.00 6.034555e-12
10280.00 6.019522e-12
10290.00 6.004530e-12
10300.00 5.989579e-12
10310.00 5.974671e-12
10320.00 5.959805e-12
10330.00 5.944980e-12
10340.00 5.930196e-12
10350.00 5.915454e-12
10360.00 5.900754e-12
10370.00 5.886095e-12
10380.00 5.871475e-12
10390.00 5.856899e-12
10400.00 5.842361e-12
10410.00 5.827866e-12
10420.00 5.813410e-12
10430.00 5.798996e-12
10440.00 5.784621e-12
10450.00 5.770287e-12
10460.00 5.755993e-12
10470.00 5.741739e-12
10480.00 5.727526e-12
10490.00 5.713351e-12
10500.00 5.699217e-12
10510.00 5.685122e-12
10520.00 5.671067e-12
10530.00 5.657051e-12
10540.00 5.643075e-12
10550.00 5.629137e-12
10560.00 5.615238e-12
10570.00 5.601379e-12
10580.00 5.587559e-12
10590.00 5.573776e-12
10600.00 5.560033e-12
10610.00 5.546329e-12
10620.00 5.532662e-12
10630.00 5.519035e-12
10640.00 5.505445e-12
10650.00 5.491892e-12
10660.00 5.478379e-12
10670.00 5.464903e-12
10680.00 5.451465e-12
10690.00 5.438064e-12
10700.00 5.424701e-12
10710.00 5.411376e-12
10720.00 5.398087e-12
10730.00 5.384836e-12
10740.00 5.371622e-12
10750.00 5.358445e-12
10760.00 5.345305e-12
10770.00 5.332202e-12
10780.00 5.319136e-12
10790.00 5.306106e-12
10800.00 5.293112e-12
10810.00 5.280155e-12
10820.00 5.267235e-12
10830.00 5.254350e-12
10840.00 5.241502e-12
10850.00 5.228688e-12
10860.00 5.215912e-12
10870.00 5.203171e-12
10880.00 5.190466e-12
10890.00 5.177796e-12
10900.00 5.165161e-12
10910.00 5.152562e-12
10920.00 5.139999e-12
10930.00 5.127471e-12
10940.00 5.114977e-12
10950.00 5.102518e-12
10960.00 5.090094e-12
10970.00 5.077705e-12
10980.00 5.065351e-12
10990.00 5.053031e-12
11000.00 5.040746e-12
11010.00 5.028495e-12
11020.00 5.016278e-12
11030.00 5.004095e-12
11040.00 4.991947e-12
11050.00 4.979832e-12
11060.00 4.967752e-12
11070.00 4.955704e-12
11080.00 4.943691e-12
11090.00 4.931712e-12
11100.00 4.919764e-12
11110.00 4.907851e-12
11120.00 4.895971e-12
11130.00 4.884125e-12
11140.00 4.872312e-12
11150.00 4.860531e-12
11160.00 4.848784e-12
11170.00 4.837068e-12
11180.00 4.825386e-12
11190.00 4.813737e-12
11200.00 4.802119e-12
11210.00 4.790534e-12
11220.00 4.778981e-12
11230.00 4.767461e-12
11240.00 4.755973e-12
11250.00 4.744517e-12
11260.00 4.733092e-12
11270.00 4.721700e-12
11280.00 4.710339e-12
11290.00 4.699010e-12
11300.00 4.687712e-12
11310.00 4.676447e-12
11320.00 4.665212e-12
11330.00 4.654008e-12
11340.00 4.642836e-12
11350.00 4.631694e-12
11360.00 4.620585e-12
11370.00 4.609506e-12
11380.00 4.598457e-12
11390.00 4.587439e-12
11400.00 4.576452e-12
11410.00 4.565496e-12
11420.00 4.554569e-12
11430.00 4.543673e-12
11440.00 4.532808e-12
11450.00 4.521973e-12
11460.00 4.511168e-12
11470.00 4.500393e-12
11480.00 4.489648e-12
11490.00 4.478932e-12
11500.00 4.468246e-12
11510.00 4.457590e-12
11520.00 4.446964e-12
11530.00 4.436366e-12
11540.00 4.425799e-12
11550.00 4.415260e-12
11560.00 4.404751e-12
11570.00 4.394271e-12
11580.00 4.383821e-12
11590.00 4.373398e-12
11600.00 4.363005e-12
11610.00 4.352641e-12
11620.00 4.342306e-12
11630.00 4.331998e-12
11640.00 4.321720e-12
11650.00 4.311469e-12
11660.00 4.301248e-12
11670.00 4.291054e-12
11680.00 4.280890e-12
11690.00 4.270753e-12
11700.00 4.260643e-12
11710.00 4.250562e-12
11720.00 4.240509e-12
11730.00 4.230484e-12
11740.00 4.220486e-12
11750.00 4.210516e-12
11760.00 4.200573e-12
11770.00 4.190658e-12
11780.00 4.180770e-12
11790.00 4.170909e-12
11800.00 4.161076e-12
11810.00 4.151269e-12
11820.00 4.141490e-12
11830.00 4.131738e-12
11840.00 4.122013e-12
11850.00 4.112315e-12
11860.00 4.102643e-12
11870.00 4.092998e-12
11880.00 4.083379e-12
11890.00 4.073787e-12
11900.00 4.064221e-12
11910.00 4.054682e-12
11920.00 4.045169e-12
11930.00 4.035681e-12
11940.00 4.026220e-12
11950.00 4.016786e-12
11960.00 4.007377e-12
11970.00 3.997993e-12
11980.00 3.988636e-12
11990.00 3.979305e-12
12000.00 3.969999e-12
12010.00 3.960718e-12
12020.00 3.951463e-12
12030.00 3.942234e-12
12040.00 3.933029e-12
12050.00 3.923850e-12
12060.00 3.914697e-12
12070.00 3.905568e-12
12080.00 3.896464e-12
12090.00 3.887386e-12
12100.00 3.878331e-12
12110.00 3.869302e-12
12120.00 3.860299e-12
12130.00 3.851319e-12
12140.00 3.842363e-12
12150.00 3.833433e-12
12160.00 3.824526e-12
12170.00 3.815644e-12
12180.00 3.806787e-12
12190.00 3.797953e-12
12200.00 3.789144e-12
12210.00 3.780359e-12
12220.00 3.771598e-12
12230.00 3.762860e-12
12240.00 3.754147e-12
12250.00 3.745458e-12
12260.00 3.736792e-12
12270.00 3.728150e-12
12280.00 3.719531e-12
12290.00 3.710935e-12
12300.00 3.702364e-12
12310.00 3.693816e-12
12320.00 3.685291e-12
12330.00 3.676789e-12
12340.00 3.668310e-12
12350.00 3.659853e-12
12360.00 3.651421e-12
12370.00 3.643012e-12
12380.00 3.634624e-12
12390.00 3.626261e-12
12400.00 3.617919e-12
12410.00 3.609600e-12
12420.00 3.601304e-12
12430.00 3.593031e-12
12440.00 3.584780e-12
12450.00 3.576551e-12
12460.00 3.568345e-12
12470.00 3.560161e-12
12480.00 3.551999e-12
12490.00 3.543859e-12
12500.00 3.535741e-12
12510.00 3.527645e-12
12520.00 3.519572e-12
12530.00 3.511520e-12
12540.00 3.503490e-12
12550.00 3.495482e-12
12560.00 3.487495e-12
12570.00 3.479530e-12
12580.00 3.471586e-12
12590.00 3.463663e-12
12600.00 3.455763e-12
12610.00 3.447884e-12
12620.00 3.440026e-12
12630.00 3.432189e-12
12640.00 3.424374e-12
12650.00 3.416579e-12
12660.00 3.408805e-12
12670.00 3.401053e-12
12680.00 3.393321e-12
12690.00 3.385610e-12
12700.00 3.377920e-12
12710.00 3.370250e-12
12720.00 3.362602e-12
12730.00 3.354974e-12
12740.00 3.347366e-12
12750.00 3.339779e-12
12760.00 3.332213e-12
12770.00 3.324667e-12
12780.00 3.317141e-12
12790.00 3.309635e-12
12800.00 3.302149e-12
12810.00 3.294684e-12
12820.00 3.287238e-12
12830.00 3.279812e-12
12840.00 3.272407e-12
12850.00 3.265021e-12
12860.00 3.257656e-12
12870.00 3.250309e-12
12880.00 3.242983e-12
12890.00 3.235676e-12
12900.00 3.228389e-12
12910.00 3.221121e-12
12920.00 3.213873e-12
12930.00 3.206644e-12
12940.00 3.199434e-12
12950.00 3.192244e-12
12960.00 3.185073e-12
12970.00 3.177921e-12
12980.00 3.170789e-12
12990.00 3.163674e-12
13000.00 3.156580e-12
13010.00 3.149505e-12
13020.00 3.142447e-12
13030.00 3.135410e-12
13040.00 3.128390e-12
13050.00 3.121389e-12
13060.00 3.114408e-12
13070.00 3.107444e-12
13080.00 3.100499e-12
13090.00 3.093573e-12
13100.00 3.086666e-12
13110.00 3.079776e-12
13120.00 3.072905e-12
13130.00 3.066052e-12
13140.00 3.059217e-12
13150.00 3.052401e-12
13160.00 3.045603e-12
13170.00 3.038822e-12
13180.00 3.032061e-12
13190.00 3.025316e-12
13200.00 3.018589e-12
13210.00 3.011881e-12
13220.00 3.005190e-12
13230.00 2.998517e-12
13240.00 2.991861e-12
13250.00 2.985223e-12
13260.00 2.978603e-12
13270.00 2.972001e-12
13280.00 2.965416e-12
13290.00 2.958848e-12
13300.00 2.952298e-12
13310.00 2.945765e-12
13320.00 2.939249e-12
13330.00 2.932750e-12
13340.00 2.926269e-12
13350.00 2.919804e-12
13360.00 2.913357e-12
13370.00 2.906927e-12
13380.00 2.900514e-12
13390.00 2.894118e-12
13400.00 2.887738e-12
13410.00 2.881375e-12
13420.00 2.875029e-12
13430.00 2.868700e-12
13440.00 2.862387e-12
13450.00 2.856092e-12
13460.00 2.849812e-12
13470.00 2.843549e-12
13480.00 2.837303e-12
13490.00 2.831073e-12
13500.00 2.824860e-12
13510.00 2.818662e-12
13520.00 2.812482e-12
13530.00 2.806316e-12
13540.00 2.800168e-12
13550.00 2.794036e-12
13560.00 2.787919e-12
13570.00 2.781819e-12
13580.00 2.775734e-12
13590.00 2.769665e-12
13600.00 2.763614e-12
13610.00 2.757577e-12
13620.00 2.751556e-12
13630.00 2.745550e-12
13640.00 2.739561e-12
13650.00 2.733587e-12
13660.00 2.727629e-12
13670.00 2.721686e-12
13680.00 2.715760e-12
13690.00 2.709847e-12
13700.00 2.703952e-12
13710.00 2.698071e-12
13720.00 2.692205e-12
13730.00 2.686355e-12
13740.00 2.680520e-12
13750.00 2.674700e-12
13760.00 2.668895e-12
13770.00 2.663106e-12
13780.00 2.657332e-12
13790.00 2.651572e-12
13800.00 2.645828e-12
13810.00 2.640098e-12
13820.00 2.634383e-12
13830.00 2.628684e-12
13840.00 2.622999e-12
13850.00 2.617328e-12
13860.00 2.611673e-12
13870.00 2.606033e-12
13880.00 2.600407e-12
13890.00 2.594795e-12
13900.00 2.589197e-12
13910.00 2.583615e-12
13920.00 2.578047e-12
13930.00 2.572493e-12
13940.00 2.566954e-12
13950.00 2.561429e-12
13960.00 2.555919e-12
13970.00 2.550422e-12
13980.00 2.544939e-12
13990.00 2.539472e-12
14000.00 2.534017e-12
14010.00 2.528578e-12
14020.00 2.523151e-12
14030.00 2.517740e-12
14040.00 2.512342e-12
14050.00 2.506958e-12
14060.00 2.501588e-12
14070.00 2.496232e-12
14080.00 2.490889e-12
14090.00 2.485560e-12
14100.00 2.480246e-12
14110.00 2.474944e-12
14120.00 2.469657e-12
14130.00 2.464382e-12
14140.00 2.459122e-12
14150.00 2.453875e-12
14160.00 2.448641e-12
14170.00 2.443421e-12
14180.00 2.438214e-12
14190.00 2.433021e-12
14200.00 2.427841e-12
14210.00 2.422674e-12
14220.00 2.417520e-12
14230.00 2.412380e-12
14240.00 2.407253e-12
14250.00 2.402139e-12
14260.00 2.397038e-12
14270.00 2.391950e-12
14280.00 2.386875e-12
14290.00 2.381812e-12
14300.00 2.376764e-12
14310.00 2.371728e-12
14320.00 2.366705e-12
14330.00 2.361694e-12
14340.00 2.356697e-12
14350.00 2.351712e-12
14360.00 2.346739e-12
14370.00 2.341780e-12
14380.00 2.336832e-12
14390.00 2.331898e-12
14400.00 2.326977e-12
14410.00 2.322067e-12
14420.00 2.317171e-12
14430.00 2.312286e-12
14440.00 2.307414e-12
14450.00 2.302554e-12
14460.00 2.297708e-12
14470.00 2.292873e-12
14480.00 2.288051e-12
14490.00 2.283240e-12
14500.00 2.278442e-12
14510.00 2.273656e-12
14520.00 2.268882e-12
14530.00 2.264120e-12
14540.00 2.259371e-12
14550.00 2.254633e-12
14560.00 2.249907e-12
14570.00 2.245194e-12
14580.00 2.240492e-12
14590.00 2.235802e-12
14600.00 2.231124e-12
14610.00 2.226458e-12
14620.00 2.221803e-12
14630.00 2.217160e-12
14640.00 2.212530e-12
14650.00 2.207910e-12
14660.00 2.203302e-12
14670.00 2.198706e-12
14680.00 2.194122e-12
14690.00 2.189549e-12
14700.00 2.184987e-12
14710.00 2.180438e-12
14720.00 2.175899e-12
14730.00 2.171373e-12
14740.00 2.166856e-12
14750.00 2.162352e-12
14760.00 2.157859e-12
14770.00 2.153378e-12
14780.00 2.148907e-12
14790.00 2.144448e-12
14800.00 2.140000e-12
14810.00 2.135563e-12
14820.00 2.131137e-12
14830.00 2.126722e-12
14840.00 2.122318e-12
14850.00 2.117926e-12
14860.00 2.113545e-12
14870.00 2.109174e-12
14880.00 2.104814e-12
14890.00 2.100465e-12
14900.00 2.096127e-12
14910.00 2.091800e-12
14920.00 2.087484e-12
14930.00 2.083179e-12
14940.00 2.078883e-12
14950.00 2.074600e-12
14960.00 2.070326e-12
14970.00 2.066063e-12
14980.00 2.061811e-12
14990.00 2.057569e-12
15000.00 2.053338e-12
15010.00 2.049118e-12
15020.00 2.044908e-12
15030.00 2.040709e-12
15040.00 2.036519e-12
15050.00 2.032341e-12
15060.00 2.028172e-12
15070.00 2.024015e-12
15080.00 2.019867e-12
15090.00 2.015730e-12
15100.00 2.011602e-12
15110.00 2.007486e-12
15120.00 2.003379e-12
15130.00 1.999283e-12
15140.00 1.995197e-12
15150.00 1.991121e-12
15160.00 1.987055e-12
15170.00 1.982999e-12
15180.00 1.978953e-12
15190.00 1.974917e-12
15200.00 1.970891e-12
15210.00 1.966875e-12
15220.00 1.962869e-12
15230.00 1.958873e-12
15240.00 1.954886e-12
15250.00 1.950910e-12
15260.00 1.946943e-12
15270.00 1.942987e-12
15280.00 1.939039e-12
15290.00 1.935102e-12
15300.00 1.931174e-12
15310.00 1.927256e-12
15320.00 1.923347e-12
15330.00 1.919448e-12
15340.00 1.915559e-12
15350.00 1.911680e-12
15360.00 1.907810e-12
15370.00 1.903949e-12
15380.00 1.900098e-12
15390.00 1.896256e-12
15400.00 1.892423e-12
15410.00 1.888600e-12
15420.00 1.884787e-12
15430.00 1.880983e-12
15440.00 1.877188e-12
15450.00 1.873402e-12
15460.00 1.869625e-12
15470.00 1.865858e-12
15480.00 1.862101e-12
15490.00 1.858353e-12
15500.00 1.854613e-12
15510.00 1.850882e-12
15520.00 1.847161e-12
15530.00 1.843449e-12
15540.00 1.839745e-12
15550.00 1.836051e-12
15560.00 1.832367e-12
15570.00 1.828690e-12
15580.00 1.825023e-12
15590.00 1.821364e-12
15600.00 1.817715e-12
15610.00 1.814075e-12
15620.00 1.810443e-12
15630.00 1.806820e-12
15640.00 1.803206e-12
15650.00 1.799601e-12
15660.00 1.796005e-12
15670.00 1.792417e-12
15680.00 1.788838e-12
15690.00 1.785268e-12
15700.00 1.781706e-12
15710.00 1.778153e-12
15720.00 1.774608e-12
15730.00 1.771072e-12
15740.00 1.767546e-12
15750.00 1.764027e-12
15760.00 1.760517e-12
15770.00 1.757015e-12
15780.00 1.753522e-12
15790.00 1.750037e-12
15800.00 1.746560e-12
15810.00 1.743092e-12
15820.00 1.739633e-12
15830.00 1.736182e-12
15840.00 1.732738e-12
15850.00 1.729304e-12
15860.00 1.725878e-12
15870.00 1.722460e-12
15880.00 1.719050e-12
15890.00 1.715648e-12
15900.00 1.712255e-12
15910.00 1.708869e-12
15920.00 1.705492e-12
15930.00 1.702123e-12
15940.00 1.698761e-12
15950.00 1.695409e-12
15960.00 1.692064e-12
15970.00 1.688727e-12
15980.00 1.685398e-12
15990.00 1.682078e-12
16000.00 1.678765e-12
16010.00 1.675460e-12
16020.00 1.672162e-12
16030.00 1.668874e-12
16040.00 1.665592e-12
16050.00 1.662319e-12
16060.00 1.659053e-12
16070.00 1.655795e-12
16080.00 1.652546e-12
16090.00 1.649303e-12
16100.00 1.646069e-12
16110.00 1.642843e-12
16120.00 1.639623e-12
16130.00 1.636412e-12
16140.00 1.633208e-12
16150.00 1.630012e-12
16160.00 1.626824e-12
16170.00 1.623643e-12
16180.00 1.620470e-12
16190.00 1.617304e-12
16200.00 1.614146e-12
16210.00 1.610995e-12
16220.00 1.607852e-12
16230.00 1.604717e-12
16240.00 1.601588e-12
16250.00 1.598467e-12
16260.00 1.595354e-12
16270.00 1.592248e-12
16280.00 1.589149e-12
16290.00 1.586058e-12
16300.00 1.582973e-12
16310.00 1.579897e-12
16320.00 1.576828e-12
16330.00 1.573766e-12
16340.00 1.570711e-12
16350.00 1.567663e-12
16360.00 1.564622e-12
16370.00 1.561589e-12
16380.00 1.558563e-12
16390.00 1.555545e-12
16400.00 1.552532e-12
16410.00 1.549527e-12
16420.00 1.546530e-12
16430.00 1.543539e-12
16440.00 1.540556e-12
16450.00 1.537580e-12
16460.00 1.534610e-12
16470.00 1.531648e-12
16480.00 1.528692e-12
16490.00 1.525744e-12
16500.00 1.522802e-12
16510.00 1.519867e-12
16520.00 1.516939e-12
16530.00 1.514018e-12
16540.00 1.511105e-12
16550.00 1.508198e-12
16560.00 1.505297e-12
16570.00 1.502403e-12
16580.00 1.499516e-12
16590.00 1.496636e-12
16600.00 1.493763e-12
16610.00 1.490897e-12
16620.00 1.488036e-12
16630.00 1.485183e-12
16640.00 1.482336e-12
16650.00 1.479497e-12
16660.00 1.476664e-12
16670.00 1.473838e-12
16680.00 1.471018e-12
16690.00 1.468204e-12
16700.00 1.465397e-12
16710.00 1.462597e-12
16720.00 1.459803e-12
16730.00 1.457016e-12
16740.00 1.454235e-12
16750.00 1.451461e-12
16760.00 1.448694e-12
16770.00 1.445932e-12
16780.00 1.443177e-12
16790.00 1.440428e-12
16800.00 1.437686e-12
16810.00 1.434951e-12
16820.00 1.432222e-12
16830.00 1.429499e-12
16840.00 1.426782e-12
16850.00 1.424071e-12
16860.00 1.421367e-12
16870.00 1.418669e-12
16880.00 1.415977e-12
16890.00 1.413292e-12
16900.00 1.410613e-12
16910.00 1.407940e-12
16920.00 1.405273e-12
16930.00 1.402612e-12
16940.00 1.399958e-12
16950.00 1.397310e-12
16960.00 1.394667e-12
16970.00 1.392032e-12
16980.00 1.389401e-12
16990.00 1.386777e-12
17000.00 1.384159e-12
17010.00 1.381548e-12
17020.00 1.378942e-12
17030.00 1.376342e-12
17040.00 1.373748e-12
17050.00 1.371161e-12
17060.00 1.368578e-12
17070.00 1.366003e-12
17080.00 1.363433e-12
17090.00 1.360868e-12
17100.00 1.358311e-12
17110.00 1.355758e-12
17120.00 1.353211e-12
17130.00 1.350671e-12
17140.00 1.348136e-12
17150.00 1.345607e-12
17160.00 1.343083e-12
17170.00 1.340567e-12
17180.00 1.338055e-12
17190.00 1.335548e-12
17200.00 1.333049e-12
17210.00 1.330554e-12
17220.00 1.328065e-12
17230.00 1.325583e-12
17240.00 1.323106e-12
17250.00 1.320633e-12
17260.00 1.318168e-12
17270.00 1.315707e-12
17280.00 1.313252e-12
17290.00 1.310803e-12
17300.00 1.308359e-12
17310.00 1.305921e-12
17320.00 1.303489e-12
17330.00 1.301063e-12
17340.00 1.298640e-12
17350.00 1.296224e-12
17360.00 1.293815e-12
17370.00 1.291409e-12
17380.00 1.289010e-12
17390.00 1.286616e-12
17400.00 1.284227e-12
17410.00 1.281845e-12
17420.00 1.279467e-12
17430.00 1.277094e-12
17440.00 1.274728e-12
17450.00 1.272366e-12
17460.00 1.270010e-12
17470.00 1.267659e-12
17480.00 1.265313e-12
17490.00 1.262973e-12
17500.00 1.260638e-12
17510.00 1.258309e-12
17520.00 1.255985e-12
17530.00 1.253664e-12
17540.00 1.251351e-12
17550.00 1.249043e-12
17560.00 1.246739e-12
17570.00 1.244441e-12
17580.00 1.242148e-12
17590.00 1.239860e-12
17600.00 1.237577e-12
17610.00 1.235300e-12
17620.00 1.233027e-12
17630.00 1.230759e-12
17640.00 1.228498e-12
17650.00 1.226240e-12
17660.00 1.223988e-12
17670.00 1.221741e-12
17680.00 1.219499e-12
17690.00 1.217262e-12
17700.00 1.215030e-12
17710.00 1.212803e-12
17720.00 1.210582e-12
17730.00 1.208365e-12
17740.00 1.206153e-12
17750.00 1.203946e-12
17760.00 1.201743e-12
17770.00 1.199547e-12
17780.00 1.197355e-12
17790.00 1.195167e-12
17800.00 1.192985e-12
17810.00 1.190808e-12
17820.00 1.188634e-12
17830.00 1.186467e-12
17840.00 1.184304e-12
17850.00 1.182147e-12
17860.00 1.179993e-12
17870.00 1.177845e-12
17880.00 1.175700e-12
17890.00 1.173562e-12
17900.00 1.171427e-12
17910.00 1.169299e-12
17920.00 1.167173e-12
17930.00 1.165054e-12
17940.00 1.162939e-12
17950.00 1.160828e-12
17960.00 1.158722e-12
17970.00 1.156622e-12
17980.00 1.154525e-12
17990.00 1.152433e-12
18000.00 1.150346e-12
18010.00 1.148263e-12
18020.00 1.146186e-12
18030.00 1.144112e-12
18040.00 1.142044e-12
18050.00 1.139980e-12
18060.00 1.137920e-12
18070.00 1.135865e-12
18080.00 1.133815e-12
18090.00 1.131769e-12
18100.00 1.129728e-12
18110.00 1.127691e-12
18120.00 1.125658e-12
18130.00 1.123631e-12
18140.00 1.121607e-12
18150.00 1.119589e-12
18160.00 1.117575e-12
18170.00 1.115565e-12
18180.00 1.113559e-12
18190.00 1.111557e-12
18200.00 1.109561e-12
18210.00 1.107568e-12
18220.00 1.105580e-12
18230.00 1.103597e-12
18240.00 1.101618e-12
18250.00 1.099643e-12
18260.00 1.097673e-12
18270.00 1.095706e-12
18280.00 1.093744e-12
18290.00 1.091787e-12
18300.00 1.089834e-12
18310.00 1.087885e-12
18320.00 1.085941e-12
18330.00 1.084000e-12
18340.00 1.082063e-12
18350.00 1.080132e-12
18360.00 1.078204e-12
18370.00 1.076281e-12
18380.00 1.074362e-12
18390.00 1.072447e-12
18400.00 1.070536e-12
18410.00 1.068629e-12
18420.00 1.066727e-12
18430.00 1.064828e-12
18440.00 1.062934e-12
18450.00 1.061044e-12
18460.00 1.059158e-12
18470.00 1.057277e-12
18480.00 1.055399e-12
18490.00 1.053525e-12
18500.00 1.051656e-12
18510.00 1.049789e-12
18520.00 1.047928e-12
18530.00 1.046071e-12
18540.00 1.044218e-12
18550.00 1.042368e-12
18560.00 1.040523e-12
18570.00 1.038682e-12
18580.00 1.036845e-12
18590.00 1.035011e-12
18600.00 1.033182e-12
18610.00 1.031357e-12
18620.00 1.029535e-12
18630.00 1.027718e-12
18640.00 1.025904e-12
18650.00 1.024095e-12
18660.00 1.022289e-12
18670.00 1.020488e-12
18680.00 1.018690e-12
18690.00 1.016896e-12
18700.00 1.015106e-12
18710.00 1.013320e-12
18720.00 1.011537e-12
18730.00 1.009759e-12
18740.00 1.007984e-12
18750.00 1.006213e-12
18760.00 1.004446e-12
18770.00 1.002683e-12
18780.00 1.000924e-12
18790.00 9.991681e-13
18800.00 9.974164e-13
18810.00 9.956683e-13
18820.00 9.939241e-13
18830.00 9.921835e-13
18840.00 9.904468e-13
18850.00 9.887138e-13
18860.00 9.869844e-13
18870.00 9.852589e-13
18880.00 9.835370e-13
18890.00 9.818188e-13
18900.00 9.801042e-13
18910.00 9.783934e-13
18920.00 9.766864e-13
18930.00 9.749828e-13
18940.00 9.732829e-13
18950.00 9.715868e-13
18960.00 9.698942e-13
18970.00 9.682052e-13
18980.00 9.665199e-13
18990.00 9.648382e-13
19000.00 9.631600e-13
19010.00 9.614855e-13
19020.00 9.598146e-13
19030.00 9.581472e-13
19040.00 9.564833e-13
19050.00 9.548230e-13
19060.00 9.531663e-13
19070.00 9.515130e-13
19080.00 9.498633e-13
19090.00 9.482171e-13
19100.00 9.465745e-13
19110.00 9.449353e-13
19120.00 9.432996e-13
19130.00 9.416675e-13
19140.00 9.400387e-13
19150.00 9.384135e-13
19160.00 9.367917e-13
19170.00 9.351733e-13
19180.00 9.335583e-13
19190.00 9.319469e-13
19200.00 9.303388e-13
19210.00 9.287341e-13
19220.00 9.271329e-13
19230.00 9.255350e-13
19240.00 9.239405e-13
19250.00 9.223493e-13
19260.00 9.207617e-13
19270.00 9.191772e-13
19280.00 9.175962e-13
19290.00 9.160185e-13
19300.00 9.144442e-13
19310.00 9.128731e-13
19320.00 9.113054e-13
19330.00 9.097411e-13
19340.00 9.081800e-13
19350.00 9.066223e-13
19360.00 9.050677e-13
19370.00 9.035164e-13
19380.00 9.019685e-13
19390.00 9.004238e-13
19400.00 8.988824e-13
19410.00 8.973441e-13
19420.00 8.958092e-13
19430.00 8.942774e-13
19440.00 8.927490e-13
19450.00 8.912237e-13
19460.00 8.897016e-13
19470.00 8.881827e-13
19480.00 8.866669e-13
19490.00 8.851544e-13
19500.00 8.836451e-13
19510.00 8.821389e-13
19520.00 8.806359e-13
19530.00 8.791360e-13
19540.00 8.776393e-13
19550.00 8.761457e-13
19560.00 8.746552e-13
19570.00 8.731679e-13
19580.00 8.716837e-13
19590.00 8.702025e-13
19600.00 8.687244e-13
19610.00 8.672495e-13
19620.00 8.657776e-13
19630.00 8.643088e-13
19640.00 8.628431e-13
19650.00 8.613805e-13
19660.00 8.599208e-13
19670.00 8.584643e-13
19680.00 8.570107e-13
19690.00 8.555602e-13
19700.00 8.541127e-13
19710.00 8.526683e-13
19720.00 8.512268e-13
19730.00 8.497883e-13
19740.00 8.483528e-13
19750.00 8.469204e-13
19760.00 8.454908e-13
19770.00 8.440644e-13
19780.00 8.426407e-13
19790.00 8.412201e-13
19800.00 8.398024e-13
19810.00 8.383877e-13
19820.00 8.369759e-13
19830.00 8.355670e-13
19840.00 8.341611e-13
19850.00 8.327581e-13
19860.00 8.313578e-13
19870.00 8.299606e-13
19880.00 8.285663e-13
19890.00 8.271748e-13
19900.00 8.257862e-13
19910.00 8.244005e-13
19920.00 8.230177e-13
19930.00 8.216377e-13
19940.00 8.202604e-13
19950.00 8.188862e-13
19960.00 8.175147e-13
19970.00 8.161461e-13
19980.00 8.147802e-13
19990.00 8.134172e-13
20000.00 8.120570e-13
20010.00 8.106996e-13
20020.00 8.093450e-13
20030.00 8.079932e-13
20040.00 8.066442e-13
20050.00 8.052979e-13
20060.00 8.039544e-13
20070.00 8.026136e-13
20080.00 8.012757e-13
20090.00 7.999404e-13
20100.00 7.986080e-13
20110.00 7.972782e-13
20120.00 7.959512e-13
20130.00 7.946268e-13
20140.00 7.933052e-13
20150.00 7.919863e-13
20160.00 7.906701e-13
20170.00 7.893566e-13
20180.00 7.880458e-13
20190.00 7.867377e-13
20200.00 7.854322e-13
20210.00 7.841294e-13
20220.00 7.828293e-13
20230.00 7.815319e-13
20240.00 7.802370e-13
20250.00 7.789448e-13
20260.00 7.776553e-13
20270.00 7.763684e-13
20280.00 7.750841e-13
20290.00 7.738025e-13
20300.00 7.725233e-13
20310.00 7.712469e-13
20320.00 7.699730e-13
20330.00 7.687018e-13
20340.00 7.674332e-13
20350.00 7.661670e-13
20360.00 7.649036e-13
20370.00 7.636425e-13
20380.00 7.623842e-13
20390.00 7.611283e-13
20400.00 7.598750e-13
20410.00 7.586243e-13
20420.00 7.573761e-13
20430.00 7.561304e-13
20440.00 7.548872e-13
20450.00 7.536466e-13
20460.00 7.524085e-13
20470.00 7.511729e-13
20480.00 7.499398e-13
20490.00 7.487091e-13
20500.00 7.474811e-13
20510.00 7.462554e-13
20520.00 7.450323e-13
20530.00 7.438115e-13
20540.00 7.425932e-13
20550.00 7.413775e-13
20560.00 7.401642e-13
20570.00 7.389533e-13
20580.00 7.377448e-13
20590.00 7.365389e-13
20600.00 7.353353e-13
20610.00 7.341342e-13
20620.00 7.329355e-13
20630.00 7.317392e-13
20640.00 7.305453e-13
20650.00 7.293538e-13
20660.00 7.281647e-13
20670.00 7.269779e-13
20680.00 7.257936e-13
20690.00 7.246117e-13
20700.00 7.234320e-13
20710.00 7.222549e-13
20720.00 7.210800e-13
20730.00 7.199075e-13
20740.00 7.187374e-13
20750.00 7.175696e-13
20760.00 7.164041e-13
20770.00 7.152410e-13
20780.00 7.140802e-13
20790.00 7.129217e-13
20800.00 7.117656e-13
20810.00 7.106117e-13
20820.00 7.094602e-13
20830.00 7.083109e-13
20840.00 7.071640e-13
20850.00 7.060194e-13
20860.00 7.048770e-13
20870.00 7.037369e-13
20880.00 7.025991e-13
20890.00 7.014636e-13
20900.00 7.003303e-13
20910.00 6.991993e-13
20920.00 6.980705e-13
20930.00 6.969439e-13
20940.00 6.958197e-13
20950.00 6.946977e-13
20960.00 6.935779e-13
20970.00 6.924603e-13
20980.00 6.913450e-13
20990.00 6.902317e-13
21000.00 6.891209e-13
21010.00 6.880121e-13
21020.00 6.869056e-13
21030.00 6.858013e-13
21040.00 6.846991e-13
21050.00 6.835992e-13
21060.00 6.825014e-13
21070.00 6.814058e-13
21080.00 6.803123e-13
21090.00 6.792210e-13
21100.00 6.781320e-13
21110.00 6.770451e-13
21120.00 6.759602e-13
21130.00 6.748776e-13
21140.00 6.737970e-13
21150.00 6.727187e-13
21160.00 6.716424e-13
21170.00 6.705683e-13
21180.00 6.694963e-13
21190.00 6.684263e-13
21200.00 6.673586e-13
21210.00 6.662929e-13
21220.00 6.652293e-13
21230.00 6.641678e-13
21240.00 6.631084e-13
21250.00 6.620511e-13
21260.00 6.609958e-13
21270.00 6.599427e-13
21280.00 6.588916e-13
21290.00 6.578426e-13
21300.00 6.567956e-13
21310.00 6.557507e-13
21320.00 6.547079e-13
21330.00 6.536671e-13
21340.00 6.526283e-13
21350.00 6.515915e-13
21360.00 6.505569e-13
21370.00 6.495242e-13
21380.00 6.484936e-13
21390.00 6.474649e-13
21400.00 6.464384e-13
21410.00 6.454137e-13
21420.00 6.443911e-13
21430.00 6.433705e-13
21440.00 6.423519e-13
21450.00 6.413353e-13
21460.00 6.403207e-13
21470.00 6.393080e-13
21480.00 6.382974e-13
21490.00 6.372887e-13
21500.00 6.362819e-13
21510.00 6.352772e-13
21520.00 6.342744e-13
21530.00 6.332735e-13
21540.00 6.322746e-13
21550.00 6.312777e-13
21560.00 6.302826e-13
21570.00 6.292896e-13
21580.00 6.282985e-13
21590.00 6.273092e-13
21600.00 6.263219e-13
21610.00 6.253365e-13
21620.00 6.243531e-13
21630.00 6.233715e-13
21640.00 6.223918e-13
21650.00 6.214141e-13
21660.00 6.204383e-13
21670.00 6.194643e-13
21680.00 6.184922e-13
21690.00 6.175221e-13
21700.00 6.165538e-13
21710.00 6.155873e-13
21720.00 6.146227e-13
21730.00 6.136601e-13
21740.00 6.126992e-13
21750.00 6.117402e-13
21760.00 6.107831e-13
21770.00 6.098278e-13
21780.00 6.088743e-13
21790.00 6.079228e-13
21800.00 6.069730e-13
21810.00 6.060251e-13
21820.00 6.050790e-13
21830.00 6.041347e-13
21840.00 6.031923e-13
21850.00 6.022516e-13
21860.00 6.013129e-13
21870.00 6.003759e-13
21880.00 5.994406e-13
21890.00 5.985072e-13
21900.00 5.975756e-13
21910.00 5.966458e-13
21920.00 5.957177e-13
21930.00 5.947914e-13
21940.00 5.938670e-13
21950.00 5.929443e-13
21960.00 5.920234e-13
21970.00 5.911042e-13
21980.00 5.901868e-13
21990.00 5.892712e-13
22000.00 5.883573e-13
22010.00 5.874451e-13
22020.00 5.865348e-13
22030.00 5.856262e-13
22040.00 5.847192e-13
22050.00 5.838141e-13
22060.00 5.829106e-13
22070.00 5.820088e-13
22080.00 5.811089e-13
22090.00 5.802106e-13
22100.00 5.793141e-13
22110.00 5.784192e-13
22120.00 5.775261e-13
22130.00 5.766346e-13
22140.00 5.757449e-13
22150.00 5.748569e-13
22160.00 5.739705e-13
22170.00 5.730859e-13
22180.00 5.722029e-13
22190.00 5.713217e-13
22200.00 5.704420e-13
22210.00 5.695640e-13
22220.00 5.686878e-13
22230.00 5.678132e-13
22240.00 5.669402e-13
22250.00 5.660690e-13
22260.00 5.651993e-13
22270.00 5.643313e-13
22280.00 5.634650e-13
22290.00 5.626003e-13
22300.00 5.617373e-13
22310.00 5.608759e-13
22320.00 5.600161e-13
22330.00 5.591580e-13
22340.00 5.583014e-13
22350.00 5.574465e-13
22360.00 5.565932e-13
22370.00 5.557415e-13
22380.00 5.548914e-13
22390.00 5.540430e-13
22400.00 5.531961e-13
22410.00 5.523509e-13
22420.00 5.515073e-13
22430.00 5.506652e-13
22440.00 5.498247e-13
22450.00 5.489858e-13
22460.00 5.481485e-13
22470.00 5.473128e-13
22480.00 5.464786e-13
22490.00 5.456461e-13
22500.00 5.448151e-13
22510.00 5.439856e-13
22520.00 5.431577e-13
22530.00 5.423314e-13
22540.00 5.415066e-13
22550.00 5.406833e-13
22560.00 5.398618e-13
22570.00 5.390415e-13
22580.00 5.382230e-13
22590.00 5.374059e-13
22600.00 5.365904e-13
22610.00 5.357763e-13
22620.00 5.349639e-13
22630.00 5.341530e-13
22640.00 5.333436e-13
22650.00 5.325356e-13
22660.00 5.317292e-13
22670.00 5.309243e-13
22680.00 5.301210e-13
22690.00 5.293190e-13
22700.00 5.285187e-13
22710.00 5.277198e-13
22720.00 5.269225e-13
22730.00 5.261265e-13
22740.00 5.253321e-13
22750.00 5.245392e-13
22760.00 5.237478e-13
22770.00 5.229578e-13
22780.00 5.221692e-13
22790.00 5.213822e-13
22800.00 5.205967e-13
22810.00 5.198126e-13
22820.00 5.190299e-13
22830.00 5.182487e-13
22840.00 5.174691e-13
22850.00 5.166908e-13
22860.00 5.159139e-13
22870.00 5.151385e-13
22880.00 5.143646e-13
22890.00 5.135921e-13
22900.00 5.128210e-13
22910.00 5.120513e-13
22920.00 5.112831e-13
22930.00 5.105164e-13
22940.00 5.097511e-13
22950.00 5.089870e-13
22960.00 5.082246e-13
22970.00 5.074634e-13
22980.00 5.067037e-13
22990.00 5.059454e-13
23000.00 5.051885e-13
23010.00 5.044330e-13
23020.00 5.036789e-13
23030.00 5.029262e-13
23040.00 5.021749e-13
23050.00 5.014249e-13
23060.00 5.006764e-13
23070.00 4.999293e-13
23080.00 4.991835e-13
23090.00 4.984391e-13
23100.00 4.976960e-13
23110.00 4.969544e-13
23120.00 4.962141e-13
23130.00 4.954752e-13
23140.00 4.947376e-13
23150.00 4.940014e-13
23160.00 4.932665e-13
23170.00 4.925331e-13
23180.00 4.918009e-13
23190.00 4.910701e-13
23200.00 4.903407e-13
23210.00 4.896124e-13
23220.00 4.888857e-13
23230.00 4.881603e-13
23240.00 4.874361e-13
23250.00 4.867133e-13
23260.00 4.859919e-13
23270.00 4.852717e-13
23280.00 4.845530e-13
23290.00 4.838354e-13
23300.00 4.831192e-13
23310.00 4.824044e-13
23320.00 4.816908e-13
23330.00 4.809785e-13
23340.00 4.802676e-13
23350.00 4.795579e-13
23360.00 4.788496e-13
23370.00 4.781425e-13
23380.00 4.774367e-13
23390.00 4.767322e-13
23400.00 4.760290e-13
23410.00 4.753271e-13
23420.00 4.746265e-13
23430.00 4.739271e-13
23440.00 4.732290e-13
23450.00 4.725322e-13
23460.00 4.718367e-13
23470.00 4.711424e-13
23480.00 4.704494e-13
23490.00 4.697576e-13
23500.00 4.690672e-13
23510.00 4.683779e-13
23520.00 4.676899e-13
23530.00 4.670032e-13
23540.00 4.663177e-13
23550.00 4.656335e-13
23560.00 4.649504e-13
23570.00 4.642687e-13
23580.00 4.635882e-13
23590.00 4.629089e-13
23600.00 4.622309e-13
23610.00 4.615541e-13
23620.00 4.608784e-13
23630.00 4.602040e-13
23640.00 4.595309e-13
23650.00 4.588590e-13
23660.00 4.581882e-13
23670.00 4.575187e-13
23680.00 4.568505e-13
23690.00 4.561834e-13
23700.00 4.555175e-13
23710.00 4.548528e-13
23720.00 4.541893e-13
23730.00 4.535271e-13
23740.00 4.528659e-13
23750.00 4.522061e-13
23760.00 4.515474e-13
23770.00 4.508899e-13
23780.00 4.502335e-13
23790.00 4.495784e-13
23800.00 4.489245e-13
23810.00 4.482716e-13
23820.00 4.476200e-13
23830.00 4.469696e-13
23840.00 4.463204e-13
23850.00 4.456722e-13
23860.00 4.450253e-13
23870.00 4.443795e-13
23880.00 4.437349e-13
23890.00 4.430914e-13
23900.00 4.424492e-13
23910.00 4.418080e-13
23920.00 4.411680e-13
23930.00 4.405291e-13
23940.00 4.398915e-13
23950.00 4.392549e-13
23960.00 4.386194e-13
23970.00 4.379852e-13
23980.00 4.373520e-13
23990.00 4.367200e-13
24000.00 4.360891e-13
24010.00 4.354594e-13
24020.00 4.348308e-13
24030.00 4.342032e-13
24040.00 4.335768e-13
24050.00 4.329515e-13
24060.00 4.323274e-13
24070.00 4.317044e-13
24080.00 4.310825e-13
24090.00 4.304616e-13
24100.00 4.298420e-13
24110.00 4.292234e-13
24120.00 4.286058e-13
24130.00 4.279895e-13
24140.00 4.273741e-13
24150.00 4.267599e-13
24160.00 4.261468e-13
24170.00 4.255347e-13
24180.00 4.249238e-13
24190.00 4.243140e-13
24200.00 4.237053e-13
24210.00 4.230976e-13
24220.00 4.224910e-13
24230.00 4.218854e-13
24240.00 4.212809e-13
24250.00 4.206776e-13
24260.00 4.200752e-13
24270.00 4.194740e-13
24280.00 4.188738e-13
24290.00 4.182747e-13
24300.00 4.176767e-13
24310.00 4.170797e-13
24320.00 4.164837e-13
24330.00 4.158889e-13
24340.00 4.152950e-13
24350.00 4.147022e-13
24360.00 4.141105e-13
24370.00 4.135198e-13
24380.00 4.129301e-13
24390.00 4.123416e-13
24400.00 4.117540e-13
24410.00 4.111675e-13
24420.00 4.105820e-13
24430.00 4.099975e-13
24440.00 4.094141e-13
24450.00 4.088317e-13
24460.00 4.082504e-13
24470.00 4.076700e-13
24480.00 4.070906e-13
24490.00 4.065124e-13
24500.00 4.059350e-13
24510.00 4.053588e-13
24520.00 4.047836e-13
24530.00 4.042093e-13
24540.00 4.036360e-13
24550.00 4.030638e-13
24560.00 4.024926e-13
24570.00 4.019223e-13
24580.00 4.013531e-13
24590.00 4.007849e-13
24600.00 4.002177e-13
24610.00 3.996514e-13
24620.00 3.990861e-13
24630.00 3.985220e-13
24640.00 3.979586e-13
24650.00 3.973963e-13
24660.00 3.968351e-13
24670.00 3.962748e-13
24680.00 3.957154e-13
24690.00 3.951571e-13
24700.00 3.945997e-13
24710.00 3.940433e-13
24720.00 3.934879e-13
24730.00 3.929334e-13
24740.00 3.923798e-13
24750.00 3.918273e-13
24760.00 3.912758e-13
24770.00 3.907252e-13
24780.00 3.901755e-13
24790.00 3.896269e-13
24800.00 3.890792e-13
24810.00 3.885324e-13
24820.00 3.879865e-13
24830.00 3.874416e-13
24840.00 3.868978e-13
24850.00 3.863547e-13
24860.00 3.858127e-13
24870.00 3.852716e-13
24880.00 3.847314e-13
24890.00 3.841923e-13
24900.00 3.836540e-13
24910.00 3.831166e-13
24920.00 3.825802e-13
24930.00 3.820447e-13
24940.00 3.815102e-13
24950.00 3.809765e-13
24960.00 3.804439e-13
24970.00 3.799121e-13
24980.00 3.793812e-13
24990.00 3.788513e-13
25000.00 3.783222e-13
