1000.00 5.868691e-14
1010.00 6.844099e-14
1020.00 7.953737e-14
1030.00 9.211968e-14
1040.00 1.063419e-13
1050.00 1.223686e-13
1060.00 1.403750e-13
1070.00 1.605475e-13
1080.00 1.830839e-13
1090.00 2.081925e-13
1100.00 2.360937e-13
1110.00 2.670187e-13
1120.00 3.012101e-13
1130.00 3.389221e-13
1140.00 3.804195e-13
1150.00 4.259785e-13
1160.00 4.758857e-13
1170.00 5.304388e-13
1180.00 5.899454e-13
1190.00 6.547230e-13
1200.00 7.250987e-13
1210.00 8.014091e-13
1220.00 8.839993e-13
1230.00 9.732227e-13
1240.00 1.069441e-12
1250.00 1.173021e-12
1260.00 1.284340e-12
1270.00 1.403777e-12
1280.00 1.531720e-12
1290.00 1.668559e-12
1300.00 1.814692e-12
1310.00 1.970515e-12
1320.00 2.136433e-12
1330.00 2.312848e-12
1340.00 2.500164e-12
1350.00 2.698790e-12
1360.00 2.909130e-12
1370.00 3.131589e-12
1380.00 3.366571e-12
1390.00 3.614476e-12
1400.00 3.875704e-12
1410.00 4.150648e-12
1420.00 4.439700e-12
1430.00 4.743244e-12
1440.00 5.061659e-12
1450.00 5.395320e-12
1460.00 5.744591e-12
1470.00 6.109831e-12
1480.00 6.491391e-12
1490.00 6.889610e-12
1500.00 7.304822e-12
1510.00 7.737348e-12
1520.00 8.187501e-12
1530.00 8.655580e-12
1540.00 9.141874e-12
1550.00 9.646661e-12
1560.00 1.017021e-11
1570.00 1.071277e-11
1580.00 1.127457e-11
1590.00 1.185585e-11
1600.00 1.245682e-11
1610.00 1.307768e-11
1620.00 1.371861e-11
1630.00 1.437979e-11
1640.00 1.506136e-11
1650.00 1.576347e-11
1660.00 1.648625e-11
1670.00 1.722981e-11
1680.00 1.799424e-11
1690.00 1.877963e-11
1700.00 1.958604e-11
1710.00 2.041352e-11
1720.00 2.126212e-11
1730.00 2.213185e-11
1740.00 2.302272e-11
1750.00 2.393472e-11
1760.00 2.486784e-11
1770.00 2.582201e-11
1780.00 2.679722e-11
1790.00 2.779336e-11
1800.00 2.881039e-11
1810.00 2.984820e-11
1820.00 3.090666e-11
1830.00 3.198568e-11
1840.00 3.308512e-11
1850.00 3.420482e-11
1860.00 3.534463e-11
1870.00 3.650438e-11
1880.00 3.768387e-11
1890.00 3.888291e-11
1900.00 4.010130e-11
1910.00 4.133881e-11
1920.00 4.259522e-11
1930.00 4.387029e-11
1940.00 4.516375e-11
1950.00 4.647536e-11
1960.00 4.780484e-11
1970.00 4.915191e-11
1980.00 5.051628e-11
1990.00 5.189766e-11
2000.00 5.329575e-11
2010.00 5.471021e-11
2020.00 5.614076e-11
2030.00 5.758703e-11
2040.00 5.904871e-11
2050.00 6.052546e-11
2060.00 6.201693e-11
2070.00 6.352276e-11
2080.00 6.504260e-11
2090.00 6.657610e-11
2100.00 6.812287e-11
2110.00 6.968255e-11
2120.00 7.125476e-11
2130.00 7.283912e-11
2140.00 7.443526e-11
2150.00 7.604277e-11
2160.00 7.766129e-11
2170.00 7.929042e-11
2180.00 8.092976e-11
2190.00 8.257892e-11
2200.00 8.423751e-11
2210.00 8.590513e-11
2220.00 8.758137e-11
2230.00 8.926584e-11
2240.00 9.095816e-11
2250.00 9.265791e-11
2260.00 9.436470e-11
2270.00 9.607812e-11
2280.00 9.779778e-11
2290.00 9.952329e-11
2300.00 1.012543e-10
2310.00 1.029903e-10
2320.00 1.047309e-10
2330.00 1.064759e-10
2340.00 1.082248e-10
2350.00 1.099770e-10
2360.00 1.117325e-10
2370.00 1.134907e-10
2380.00 1.152512e-10
2390.00 1.170137e-10
2400.00 1.187778e-10
2410.00 1.205431e-10
2420.00 1.223093e-10
2430.00 1.240760e-10
2440.00 1.258429e-10
2450.00 1.276096e-10
2460.00 1.293757e-10
2470.00 1.311408e-10
2480.00 1.329047e-10
2490.00 1.346670e-10
2500.00 1.364274e-10
2510.00 1.381855e-10
2520.00 1.399410e-10
2530.00 1.416936e-10
2540.00 1.434430e-10
2550.00 1.451889e-10
2560.00 1.469309e-10
2570.00 1.486687e-10
2580.00 1.504021e-10
2590.00 1.521309e-10
2600.00 1.538545e-10
2610.00 1.555728e-10
2620.00 1.572855e-10
2630.00 1.589923e-10
2640.00 1.606932e-10
2650.00 1.623874e-10
2660.00 1.640751e-10
2670.00 1.657559e-10
2680.00 1.674295e-10
2690.00 1.690958e-10
2700.00 1.707543e-10
2710.00 1.724050e-10
2720.00 1.740476e-10
2730.00 1.756819e-10
2740.00 1.773077e-10
2750.00 1.789248e-10
2760.00 1.805329e-10
2770.00 1.821319e-10
2780.00 1.837214e-10
2790.00 1.853015e-10
2800.00 1.868718e-10
2810.00 1.884323e-10
2820.00 1.899826e-10
2830.00 1.915227e-10
2840.00 1.930524e-10
2850.00 1.945716e-10
2860.00 1.960799e-10
2870.00 1.975775e-10
2880.00 1.990639e-10
2890.00 2.005392e-10
2900.00 2.020033e-10
2910.00 2.034558e-10
2920.00 2.048969e-10
2930.00 2.063261e-10
2940.00 2.077436e-10
2950.00 2.091492e-10
2960.00 2.105428e-10
2970.00 2.119242e-10
2980.00 2.132934e-10
2990.00 2.146502e-10
3000.00 2.159947e-10
3010.00 2.173266e-10
3020.00 2.186459e-10
3030.00 2.199527e-10
3040.00 2.212465e-10
3050.00 2.225276e-10
3060.00 2.237959e-10
3070.00 2.250511e-10
3080.00 2.262933e-10
3090.00 2.275225e-10
3100.00 2.287386e-10
3110.00 2.299414e-10
3120.00 2.311310e-10
3130.00 2.323075e-10
3140.00 2.334706e-10
3150.00 2.346203e-10
3160.00 2.357568e-10
3170.00 2.368798e-10
3180.00 2.379894e-10
3190.00 2.390856e-10
3200.00 2.401683e-10
3210.00 2.412375e-10
3220.00 2.422933e-10
3230.00 2.433355e-10
3240.00 2.443643e-10
3250.00 2.453795e-10
3260.00 2.463813e-10
3270.00 2.473695e-10
3280.00 2.483442e-10
3290.00 2.493054e-10
3300.00 2.502531e-10
3310.00 2.511874e-10
3320.00 2.521082e-10
3330.00 2.530156e-10
3340.00 2.539095e-10
3350.00 2.547900e-10
3360.00 2.556571e-10
3370.00 2.565109e-10
3380.00 2.573513e-10
3390.00 2.581784e-10
3400.00 2.589923e-10
3410.00 2.597928e-10
3420.00 2.605803e-10
3430.00 2.613545e-10
3440.00 2.621156e-10
3450.00 2.628637e-10
3460.00 2.635986e-10
3470.00 2.643206e-10
3480.00 2.650296e-10
3490.00 2.657257e-10
3500.00 2.664090e-10
3510.00 2.670794e-10
3520.00 2.677370e-10
3530.00 2.683821e-10
3540.00 2.690144e-10
3550.00 2.696341e-10
3560.00 2.702413e-10
3570.00 2.708360e-10
3580.00 2.714184e-10
3590.00 2.719883e-10
3600.00 2.725459e-10
3610.00 2.730913e-10
3620.00 2.736245e-10
3630.00 2.741457e-10
3640.00 2.746548e-10
3650.00 2.751519e-10
3660.00 2.756371e-10
3670.00 2.761105e-10
3680.00 2.765722e-10
3690.00 2.770220e-10
3700.00 2.774603e-10
3710.00 2.778870e-10
3720.00 2.783023e-10
3730.00 2.787062e-10
3740.00 2.790987e-10
3750.00 2.794799e-10
3760.00 2.798500e-10
3770.00 2.802089e-10
3780.00 2.805569e-10
3790.00 2.808938e-10
3800.00 2.812200e-10
3810.00 2.815352e-10
3820.00 2.818398e-10
3830.00 2.821338e-10
3840.00 2.824171e-10
3850.00 2.826900e-10
3860.00 2.829524e-10
3870.00 2.832045e-10
3880.00 2.834464e-10
3890.00 2.836781e-10
3900.00 2.838997e-10
3910.00 2.841114e-10
3920.00 2.843130e-10
3930.00 2.845048e-10
3940.00 2.846870e-10
3950.00 2.848593e-10
3960.00 2.850220e-10
3970.00 2.851754e-10
3980.00 2.853191e-10
3990.00 2.854536e-10
4000.00 2.855788e-10
4010.00 2.856948e-10
4020.00 2.858017e-10
4030.00 2.858994e-10
4040.00 2.859883e-10
4050.00 2.860683e-10
4060.00 2.861395e-10
4070.00 2.862021e-10
4080.00 2.862559e-10
4090.00 2.863013e-10
4100.00 2.863381e-10
4110.00 2.863667e-10
4120.00 2.863869e-10
4130.00 2.863988e-10
4140.00 2.864026e-10
4150.00 2.863984e-10
4160.00 2.863861e-10
4170.00 2.863660e-10
4180.00 2.863380e-10
4190.00 2.863023e-10
4200.00 2.862590e-10
4210.00 2.862080e-10
4220.00 2.861496e-10
4230.00 2.860837e-10
4240.00 2.860105e-10
4250.00 2.859300e-10
4260.00 2.858423e-10
4270.00 2.857475e-10
4280.00 2.856456e-10
4290.00 2.855368e-10
4300.00 2.854211e-10
4310.00 2.852986e-10
4320.00 2.851693e-10
4330.00 2.850334e-10
4340.00 2.848909e-10
4350.00 2.847418e-10
4360.00 2.845863e-10
4370.00 2.844245e-10
4380.00 2.842564e-10
4390.00 2.840820e-10
4400.00 2.839015e-10
4410.00 2.837150e-10
4420.00 2.835224e-10
4430.00 2.833239e-10
4440.00 2.831195e-10
4450.00 2.829094e-10
4460.00 2.826936e-10
4470.00 2.824720e-10
4480.00 2.822449e-10
4490.00 2.820123e-10
4500.00 2.817742e-10
4510.00 2.815309e-10
4520.00 2.812821e-10
4530.00 2.810281e-10
4540.00 2.807689e-10
4550.00 2.805048e-10
4560.00 2.802355e-10
4570.00 2.799612e-10
4580.00 2.796820e-10
4590.00 2.793980e-10
4600.00 2.791092e-10
4610.00 2.788157e-10
4620.00 2.785176e-10
4630.00 2.782148e-10
4640.00 2.779075e-10
4650.00 2.775958e-10
4660.00 2.772796e-10
4670.00 2.769592e-10
4680.00 2.766343e-10
4690.00 2.763054e-10
4700.00 2.759722e-10
4710.00 2.756349e-10
4720.00 2.752936e-10
4730.00 2.749483e-10
4740.00 2.745990e-10
4750.00 2.742460e-10
4760.00 2.738890e-10
4770.00 2.735284e-10
4780.00 2.731639e-10
4790.00 2.727960e-10
4800.00 2.724244e-10
4810.00 2.720492e-10
4820.00 2.716706e-10
4830.00 2.712885e-10
4840.00 2.709030e-10
4850.00 2.705144e-10
4860.00 2.701222e-10
4870.00 2.697270e-10
4880.00 2.693287e-10
4890.00 2.689271e-10
4900.00 2.685225e-10
4910.00 2.681149e-10
4920.00 2.677044e-10
4930.00 2.672908e-10
4940.00 2.668744e-10
4950.00 2.664553e-10
4960.00 2.660334e-10
4970.00 2.656087e-10
4980.00 2.651814e-10
4990.00 2.647514e-10
5000.00 2.643188e-10
5010.00 2.638837e-10
5020.00 2.634463e-10
5030.00 2.630062e-10
5040.00 2.625638e-10
5050.00 2.621190e-10
5060.00 2.616719e-10
5070.00 2.612225e-10
5080.00 2.607709e-10
5090.00 2.603171e-10
5100.00 2.598612e-10
5110.00 2.594032e-10
5120.00 2.589431e-10
5130.00 2.584811e-10
5140.00 2.580169e-10
5150.00 2.575509e-10
5160.00 2.570831e-10
5170.00 2.566133e-10
5180.00 2.561417e-10
5190.00 2.556683e-10
5200.00 2.551932e-10
5210.00 2.547164e-10
5220.00 2.542379e-10
5230.00 2.537578e-10
5240.00 2.532761e-10
5250.00 2.527928e-10
5260.00 2.523080e-10
5270.00 2.518216e-10
5280.00 2.513340e-10
5290.00 2.508448e-10
5300.00 2.503542e-10
5310.00 2.498624e-10
5320.00 2.493691e-10
5330.00 2.488747e-10
5340.00 2.483789e-10
5350.00 2.478820e-10
5360.00 2.473838e-10
5370.00 2.468845e-10
5380.00 2.463841e-10
5390.00 2.458826e-10
5400.00 2.453800e-10
5410.00 2.448764e-10
5420.00 2.443719e-10
5430.00 2.438663e-10
5440.00 2.433597e-10
5450.00 2.428524e-10
5460.00 2.423440e-10
5470.00 2.418349e-10
5480.00 2.413248e-10
5490.00 2.408141e-10
5500.00 2.403026e-10
5510.00 2.397903e-10
5520.00 2.392773e-10
5530.00 2.387636e-10
5540.00 2.382492e-10
5550.00 2.377343e-10
5560.00 2.372186e-10
5570.00 2.367024e-10
5580.00 2.361857e-10
5590.00 2.356684e-10
5600.00 2.351507e-10
5610.00 2.346323e-10
5620.00 2.341136e-10
5630.00 2.335944e-10
5640.00 2.330748e-10
5650.00 2.325548e-10
5660.00 2.320344e-10
5670.00 2.315138e-10
5680.00 2.309927e-10
5690.00 2.304713e-10
5700.00 2.299497e-10
5710.00 2.294278e-10
5720.00 2.289057e-10
5730.00 2.283834e-10
5740.00 2.278609e-10
5750.00 2.273381e-10
5760.00 2.268153e-10
5770.00 2.262922e-10
5780.00 2.257692e-10
5790.00 2.252459e-10
5800.00 2.247227e-10
5810.00 2.241993e-10
5820.00 2.236758e-10
5830.00 2.231525e-10
5840.00 2.226290e-10
5850.00 2.221057e-10
5860.00 2.215823e-10
5870.00 2.210589e-10
5880.00 2.205357e-10
5890.00 2.200124e-10
5900.00 2.194894e-10
5910.00 2.189664e-10
5920.00 2.184436e-10
5930.00 2.179208e-10
5940.00 2.173984e-10
5950.00 2.168760e-10
5960.00 2.163539e-10
5970.00 2.158320e-10
5980.00 2.153103e-10
5990.00 2.147888e-10
6000.00 2.142676e-10
6010.00 2.137466e-10
6020.00 2.132260e-10
6030.00 2.127056e-10
6040.00 2.121856e-10
6050.00 2.116659e-10
6060.00 2.111465e-10
6070.00 2.106275e-10
6080.00 2.101088e-10
6090.00 2.095906e-10
6100.00 2.090727e-10
6110.00 2.085553e-10
6120.00 2.080382e-10
6130.00 2.075216e-10
6140.00 2.070054e-10
6150.00 2.064896e-10
6160.00 2.059744e-10
6170.00 2.054596e-10
6180.00 2.049453e-10
6190.00 2.044315e-10
6200.00 2.039182e-10
6210.00 2.034055e-10
6220.00 2.028932e-10
6230.00 2.023815e-10
6240.00 2.018703e-10
6250.00 2.013598e-10
6260.00 2.008497e-10
6270.00 2.003403e-10
6280.00 1.998315e-10
6290.00 1.993233e-10
6300.00 1.988157e-10
6310.00 1.983087e-10
6320.00 1.978023e-10
6330.00 1.972967e-10
6340.00 1.967915e-10
6350.00 1.962871e-10
6360.00 1.957834e-10
6370.00 1.952802e-10
6380.00 1.947779e-10
6390.00 1.942762e-10
6400.00 1.937752e-10
6410.00 1.932748e-10
6420.00 1.927753e-10
6430.00 1.922764e-10
6440.00 1.917782e-10
6450.00 1.912809e-10
6460.00 1.907842e-10
6470.00 1.902883e-10
6480.00 1.897932e-10
6490.00 1.892987e-10
6500.00 1.888051e-10
6510.00 1.883123e-10
6520.00 1.878202e-10
6530.00 1.873289e-10
6540.00 1.868386e-10
6550.00 1.863488e-10
6560.00 1.858600e-10
6570.00 1.853720e-10
6580.00 1.848847e-10
6590.00 1.843984e-10
6600.00 1.839128e-10
6610.00 1.834281e-10
6620.00 1.829443e-10
6630.00 1.824612e-10
6640.00 1.819790e-10
6650.00 1.814977e-10
6660.00 1.810173e-10
6670.00 1.805377e-10
6680.00 1.800590e-10
6690.00 1.795811e-10
6700.00 1.791042e-10
6710.00 1.786281e-10
6720.00 1.781529e-10
6730.00 1.776787e-10
6740.00 1.772053e-10
6750.00 1.767328e-10
6760.00 1.762613e-10
6770.00 1.757906e-10
6780.00 1.753210e-10
6790.00 1.748521e-10
6800.00 1.743843e-10
6810.00 1.739173e-10
6820.00 1.734512e-10
6830.00 1.729861e-10
6840.00 1.725220e-10
6850.00 1.720588e-10
6860.00 1.715965e-10
6870.00 1.711352e-10
6880.00 1.706748e-10
6890.00 1.702154e-10
6900.00 1.697570e-10
6910.00 1.692995e-10
6920.00 1.688428e-10
6930.00 1.683874e-10
6940.00 1.679327e-10
6950.00 1.674791e-10
6960.00 1.670264e-10
6970.00 1.665747e-10
6980.00 1.661239e-10
6990.00 1.656743e-10
7000.00 1.652254e-10
7010.00 1.647777e-10
7020.00 1.643309e-10
7030.00 1.638851e-10
7040.00 1.634403e-10
7050.00 1.629965e-10
7060.00 1.625537e-10
7070.00 1.621118e-10
7080.00 1.616710e-10
7090.00 1.612311e-10
7100.00 1.607923e-10
7110.00 1.603545e-10
7120.00 1.599176e-10
7130.00 1.594818e-10
7140.00 1.590469e-10
7150.00 1.586130e-10
7160.00 1.581802e-10
7170.00 1.577485e-10
7180.00 1.573176e-10
7190.00 1.568879e-10
7200.00 1.564590e-10
7210.00 1.560313e-10
7220.00 1.556045e-10
7230.00 1.551788e-10
7240.00 1.547540e-10
7250.00 1.543304e-10
7260.00 1.539077e-10
7270.00 1.534860e-10
7280.00 1.530653e-10
7290.00 1.526457e-10
7300.00 1.522270e-10
7310.00 1.518094e-10
7320.00 1.513929e-10
7330.00 1.509772e-10
7340.00 1.505628e-10
7350.00 1.501492e-10
7360.00 1.497367e-10
7370.00 1.493252e-10
7380.00 1.489147e-10
7390.00 1.485053e-10
7400.00 1.480969e-10
7410.00 1.476895e-10
7420.00 1.472831e-10
7430.00 1.468778e-10
7440.00 1.464734e-10
7450.00 1.460700e-10
7460.00 1.456677e-10
7470.00 1.452665e-10
7480.00 1.448662e-10
7490.00 1.444671e-10
7500.00 1.440688e-10
7510.00 1.436716e-10
7520.00 1.432755e-10
7530.00 1.428803e-10
7540.00 1.424861e-10
7550.00 1.420930e-10
7560.00 1.417009e-10
7570.00 1.413098e-10
7580.00 1.409198e-10
7590.00 1.405307e-10
7600.00 1.401427e-10
7610.00 1.397557e-10
7620.00 1.393697e-10
7630.00 1.389847e-10
7640.00 1.386007e-10
7650.00 1.382177e-10
7660.00 1.378357e-10
7670.00 1.374549e-10
7680.00 1.370748e-10
7690.00 1.366960e-10
7700.00 1.363180e-10
7710.00 1.359411e-10
7720.00 1.355652e-10
7730.00 1.351903e-10
7740.00 1.348164e-10
7750.00 1.344435e-10
7760.00 1.340715e-10
7770.00 1.337007e-10
7780.00 1.333308e-10
7790.00 1.329620e-10
7800.00 1.325940e-10
7810.00 1.322271e-10
7820.00 1.318612e-10
7830.00 1.314963e-10
7840.00 1.311324e-10
7850.00 1.307694e-10
7860.00 1.304075e-10
7870.00 1.300465e-10
7880.00 1.296866e-10
7890.00 1.293276e-10
7900.00 1.289696e-10
7910.00 1.286126e-10
7920.00 1.282566e-10
7930.00 1.279015e-10
7940.00 1.275474e-10
7950.00 1.271944e-10
7960.00 1.268422e-10
7970.00 1.264911e-10
7980.00 1.261410e-10
7990.00 1.257917e-10
8000.00 1.254436e-10
8010.00 1.250963e-10
8020.00 1.247500e-10
8030.00 1.244048e-10
8040.00 1.240603e-10
8050.00 1.237169e-10
8060.00 1.233746e-10
8070.00 1.230331e-10
8080.00 1.226926e-10
8090.00 1.223530e-10
8100.00 1.220144e-10
8110.00 1.216768e-10
8120.00 1.213401e-10
8130.00 1.210044e-10
8140.00 1.206696e-10
8150.00 1.203357e-10
8160.00 1.200028e-10
8170.00 1.196709e-10
8180.00 1.193399e-10
8190.00 1.190098e-10
8200.00 1.186807e-10
8210.00 1.183525e-10
8220.00 1.180252e-10
8230.00 1.176989e-10
8240.00 1.173735e-10
8250.00 1.170491e-10
8260.00 1.167254e-10
8270.00 1.164029e-10
8280.00 1.160811e-10
8290.00 1.157604e-10
8300.00 1.154406e-10
8310.00 1.151216e-10
8320.00 1.148036e-10
8330.00 1.144865e-10
8340.00 1.141704e-10
8350.00 1.138551e-10
8360.00 1.135406e-10
8370.00 1.132272e-10
8380.00 1.129146e-10
8390.00 1.126030e-10
8400.00 1.122923e-10
8410.00 1.119824e-10
8420.00 1.116735e-10
8430.00 1.113654e-10
8440.00 1.110582e-10
8450.00 1.107520e-10
8460.00 1.104466e-10
8470.00 1.101421e-10
8480.00 1.098385e-10
8490.00 1.095358e-10
8500.00 1.092339e-10
8510.00 1.089329e-10
8520.00 1.086328e-10
8530.00 1.083336e-10
8540.00 1.080353e-10
8550.00 1.077378e-10
8560.00 1.074412e-10
8570.00 1.071455e-10
8580.00 1.068507e-10
8590.00 1.065566e-10
8600.00 1.062635e-10
8610.00 1.059712e-10
8620.00 1.056798e-10
8630.00 1.053893e-10
8640.00 1.050996e-10
8650.00 1.048106e-10
8660.00 1.045227e-10
8670.00 1.042355e-10
8680.00 1.039492e-10
8690.00 1.036637e-10
8700.00 1.033791e-10
8710.00 1.030953e-10
8720.00 1.028124e-10
8730.00 1.025302e-10
8740.00 1.022489e-10
8750.00 1.019685e-10
8760.00 1.016889e-10
8770.00 1.014101e-10
8780.00 1.011321e-10
8790.00 1.008549e-10
8800.00 1.005786e-10
8810.00 1.003031e-10
8820.00 1.000284e-10
8830.00 9.975453e-11
8840.00 9.948146e-11
8850.00 9.920920e-11
8860.00 9.893775e-11
8870.00 9.866710e-11
8880.00 9.839726e-11
8890.00 9.812823e-11
8900.00 9.785999e-11
8910.00 9.759256e-11
8920.00 9.732591e-11
8930.00 9.706006e-11
8940.00 9.679500e-11
8950.00 9.653073e-11
8960.00 9.626725e-11
8970.00 9.600456e-11
8980.00 9.574265e-11
8990.00 9.548151e-11
9000.00 9.522116e-11
9010.00 9.496158e-11
9020.00 9.470278e-11
9030.00 9.444475e-11
9040.00 9.418750e-11
9050.00 9.393101e-11
9060.00 9.367529e-11
9070.00 9.342034e-11
9080.00 9.316615e-11
9090.00 9.291271e-11
9100.00 9.266004e-11
9110.00 9.240812e-11
9120.00 9.215696e-11
9130.00 9.190654e-11
9140.00 9.165688e-11
9150.00 9.140797e-11
9160.00 9.115980e-11
9170.00 9.091238e-11
9180.00 9.066570e-11
9190.00 9.041976e-11
9200.00 9.017456e-11
9210.00 8.993008e-11
9220.00 8.968636e-11
9230.00 8.944335e-11
9240.00 8.920108e-11
9250.00 8.895953e-11
9260.00 8.871871e-11
9270.00 8.847862e-11
9280.00 8.823924e-11
9290.00 8.800058e-11
9300.00 8.776265e-11
9310.00 8.752543e-11
9320.00 8.728891e-11
9330.00 8.705311e-11
9340.00 8.681802e-11
9350.00 8.658364e-11
9360.00 8.634996e-11
9370.00 8.611699e-11
9380.00 8.588472e-11
9390.00 8.565315e-11
9400.00 8.542227e-11
9410.00 8.519208e-11
9420.00 8.496260e-11
9430.00 8.473380e-11
9440.00 8.450570e-11
9450.00 8.427827e-11
9460.00 8.405153e-11
9470.00 8.382548e-11
9480.00 8.360011e-11
9490.00 8.337542e-11
9500.00 8.315140e-11
9510.00 8.292806e-11
9520.00 8.270540e-11
9530.00 8.248340e-11
9540.00 8.226208e-11
9550.00 8.204142e-11
9560.00 8.182143e-11
9570.00 8.160209e-11
9580.00 8.138342e-11
9590.00 8.116541e-11
9600.00 8.094806e-11
9610.00 8.073136e-11
9620.00 8.051532e-11
9630.00 8.029993e-11
9640.00 8.008519e-11
9650.00 7.987109e-11
9660.00 7.965764e-11
9670.00 7.944484e-11
9680.00 7.923268e-11
9690.00 7.902116e-11
9700.00 7.881027e-11
9710.00 7.860003e-11
9720.00 7.839042e-11
9730.00 7.818144e-11
9740.00 7.797309e-11
9750.00 7.776537e-11
9760.00 7.755827e-11
9770.00 7.735180e-11
9780.00 7.714595e-11
9790.00 7.694073e-11
9800.00 7.673613e-11
9810.00 7.653214e-11
9820.00 7.632877e-11
9830.00 7.612601e-11
9840.00 7.592386e-11
9850.00 7.572232e-11
9860.00 7.552140e-11
9870.00 7.532108e-11
9880.00 7.512135e-11
9890.00 7.492224e-11
9900.00 7.472373e-11
9910.00 7.452581e-11
9920.00 7.432849e-11
9930.00 7.413176e-11
9940.00 7.393564e-11
9950.00 7.374009e-11
9960.00 7.354514e-11
9970.00 7.335079e-11
9980.00 7.315702e-11
9990.00 7.296383e-11
10000.00 7.277122e-11
10010.00 7.257918e-11
10020.00 7.238774e-11
10030.00 7.219687e-11
10040.00 7.200658e-11
10050.00 7.181685e-11
10060.00 7.162770e-11
10070.00 7.143912e-11
10080.00 7.125112e-11
10090.00 7.106367e-11
10100.00 7.087679e-11
10110.00 7.069047e-11
10120.00 7.050472e-11
10130.00 7.031953e-11
10140.00 7.013488e-11
10150.00 6.995080e-11
10160.00 6.976728e-11
10170.00 6.958430e-11
10180.00 6.940187e-11
10190.00 6.922001e-11
10200.00 6.903867e-11
10210.00 6.885790e-11
10220.00 6.867766e-11
10230.00 6.849797e-11
10240.00 6.831881e-11
10250.00 6.814019e-11
10260.00 6.796212e-11
10270.00 6.778458e-11
10280.00 6.760757e-11
10290.00 6.743109e-11
10300.00 6.725515e-11
10310.00 6.707974e-11
10320.00 6.690485e-11
10330.00 6.673049e-11
10340.00 6.655665e-11
10350.00 6.638334e-11
10360.00 6.621054e-11
10370.00 6.603826e-11
10380.00 6.586650e-11
10390.00 6.569527e-11
10400.00 6.552454e-11
10410.00 6.535432e-11
10420.00 6.518461e-11
10430.00 6.501542e-11
10440.00 6.484673e-11
10450.00 6.467855e-11
10460.00 6.451087e-11
10470.00 6.434371e-11
10480.00 6.417703e-11
10490.00 6.401086e-11
10500.00 6.384518e-11
10510.00 6.368000e-11
10520.00 6.351532e-11
10530.00 6.335113e-11
10540.00 6.318744e-11
10550.00 6.302423e-11
10560.00 6.286151e-11
10570.00 6.269928e-11
10580.00 6.253753e-11
10590.00 6.237628e-11
10600.00 6.221550e-11
10610.00 6.205520e-11
10620.00 6.189538e-11
10630.00 6.173604e-11
10640.00 6.157718e-11
10650.00 6.141880e-11
10660.00 6.126089e-11
10670.00 6.110344e-11
10680.00 6.094647e-11
10690.00 6.078996e-11
10700.00 6.063393e-11
10710.00 6.047836e-11
10720.00 6.032326e-11
10730.00 6.016862e-11
10740.00 6.001444e-11
10750.00 5.986072e-11
10760.00 5.970745e-11
10770.00 5.955465e-11
10780.00 5.940231e-11
10790.00 5.925042e-11
10800.00 5.909898e-11
10810.00 5.894799e-11
10820.00 5.879744e-11
10830.00 5.864736e-11
10840.00 5.849772e-11
10850.00 5.834851e-11
10860.00 5.819976e-11
10870.00 5.805145e-11
10880.00 5.790358e-11
10890.00 5.775615e-11
10900.00 5.760916e-11
10910.00 5.746261e-11
10920.00 5.731649e-11
10930.00 5.717080e-11
10940.00 5.702556e-11
10950.00 5.688074e-11
10960.00 5.673635e-11
10970.00 5.659239e-11
10980.00 5.644885e-11
10990.00 5.630575e-11
11000.00 5.616306e-11
11010.00 5.602080e-11
11020.00 5.587897e-11
11030.00 5.573755e-11
11040.00 5.559655e-11
11050.00 5.545597e-11
11060.00 5.531581e-11
11070.00 5.517606e-11
11080.00 5.503673e-11
11090.00 5.489781e-11
11100.00 5.475930e-11
11110.00 5.462120e-11
11120.00 5.448352e-11
11130.00 5.434623e-11
11140.00 5.420935e-11
11150.00 5.407288e-11
11160.00 5.393682e-11
11170.00 5.380115e-11
11180.00 5.366588e-11
11190.00 5.353101e-11
11200.00 5.339654e-11
11210.00 5.326247e-11
11220.00 5.312879e-11
11230.00 5.299551e-11
11240.00 5.286262e-11
11250.00 5.273013e-11
11260.00 5.259803e-11
11270.00 5.246630e-11
11280.00 5.233498e-11
11290.00 5.220404e-11
11300.00 5.207348e-11
11310.00 5.194330e-11
11320.00 5.181352e-11
11330.00 5.168411e-11
11340.00 5.155509e-11
11350.00 5.142644e-11
11360.00 5.129817e-11
11370.00 5.117028e-11
11380.00 5.104276e-11
11390.00 5.091563e-11
11400.00 5.078886e-11
11410.00 5.066246e-11
11420.00 5.053644e-11
11430.00 5.041078e-11
11440.00 5.028550e-11
11450.00 5.016057e-11
11460.00 5.003603e-11
11470.00 4.991184e-11
11480.00 4.978802e-11
11490.00 4.966456e-11
11500.00 4.954145e-11
11510.00 4.941872e-11
11520.00 4.929634e-11
11530.00 4.917432e-11
11540.00 4.905265e-11
11550.00 4.893134e-11
11560.00 4.881039e-11
11570.00 4.868978e-11
11580.00 4.856953e-11
11590.00 4.844963e-11
11600.00 4.833009e-11
11610.00 4.821089e-11
11620.00 4.809205e-11
11630.00 4.797354e-11
11640.00 4.785538e-11
11650.00 4.773756e-11
11660.00 4.762009e-11
11670.00 4.750296e-11
11680.00 4.738617e-11
11690.00 4.726973e-11
11700.00 4.715362e-11
11710.00 4.703785e-11
11720.00 4.692241e-11
11730.00 4.680731e-11
11740.00 4.669255e-11
11750.00 4.657812e-11
11760.00 4.646402e-11
11770.00 4.635025e-11
11780.00 4.623682e-11
11790.00 4.612371e-11
11800.00 4.601093e-11
11810.00 4.589848e-11
11820.00 4.578636e-11
11830.00 4.567456e-11
11840.00 4.556308e-11
11850.00 4.545192e-11
11860.00 4.534109e-11
11870.00 4.523058e-11
11880.00 4.512038e-11
11890.00 4.501052e-11
11900.00 4.490096e-11
11910.00 4.479172e-11
11920.00 4.468280e-11
11930.00 4.457419e-11
11940.00 4.446590e-11
11950.00 4.435792e-11
11960.00 4.425025e-11
11970.00 4.414289e-11
11980.00 4.403583e-11
11990.00 4.392910e-11
12000.00 4.382267e-11
12010.00 4.371654e-11
12020.00 4.361072e-11
12030.00 4.350520e-11
12040.00 4.339999e-11
12050.00 4.329508e-11
12060.00 4.319047e-11
12070.00 4.308616e-11
12080.00 4.298216e-11
12090.00 4.287845e-11
12100.00 4.277504e-11
12110.00 4.267193e-11
12120.00 4.256911e-11
12130.00 4.246659e-11
12140.00 4.236435e-11
12150.00 4.226242e-11
12160.00 4.216079e-11
12170.00 4.205943e-11
12180.00 4.195837e-11
12190.00 4.185759e-11
12200.00 4.175712e-11
12210.00 4.165692e-11
12220.00 4.155701e-11
12230.00 4.145739e-11
12240.00 4.135805e-11
12250.00 4.125900e-11
12260.00 4.116023e-11
12270.00 4.106174e-11
12280.00 4.096353e-11
12290.00 4.086560e-11
12300.00 4.076795e-11
12310.00 4.067058e-11
12320.00 4.057349e-11
12330.00 4.047667e-11
12340.00 4.038014e-11
12350.00 4.028388e-11
12360.00 4.018788e-11
12370.00 4.009216e-11
12380.00 3.999671e-11
12390.00 3.990154e-11
12400.00 3.980665e-11
12410.00 3.971201e-11
12420.00 3.961764e-11
12430.00 3.952354e-11
12440.00 3.942972e-11
12450.00 3.933615e-11
12460.00 3.924286e-11
12470.00 3.914982e-11
12480.00 3.905706e-11
12490.00 3.896455e-11
12500.00 3.887231e-11
12510.00 3.878032e-11
12520.00 3.868860e-11
12530.00 3.859714e-11
12540.00 3.850593e-11
12550.00 3.841499e-11
12560.00 3.832430e-11
12570.00 3.823386e-11
12580.00 3.814368e-11
12590.00 3.805376e-11
12600.00 3.796410e-11
12610.00 3.787467e-11
12620.00 3.778551e-11
12630.00 3.769660e-11
12640.00 3.760794e-11
12650.00 3.751953e-11
12660.00 3.743137e-11
12670.00 3.734345e-11
12680.00 3.725578e-11
12690.00 3.716836e-11
12700.00 3.708119e-11
12710.00 3.699425e-11
12720.00 3.690757e-11
12730.00 3.682113e-11
12740.00 3.673492e-11
12750.00 3.664897e-11
12760.00 3.656326e-11
12770.00 3.647778e-11
12780.00 3.639254e-11
12790.00 3.630754e-11
12800.00 3.622278e-11
12810.00 3.613826e-11
12820.00 3.605398e-11
12830.00 3.596993e-11
12840.00 3.588611e-11
12850.00 3.580253e-11
12860.00 3.571919e-11
12870.00 3.563608e-11
12880.00 3.555319e-11
12890.00 3.547055e-11
12900.00 3.538813e-11
12910.00 3.530594e-11
12920.00 3.522398e-11
12930.00 3.514225e-11
12940.00 3.506075e-11
12950.00 3.497947e-11
12960.00 3.489842e-11
12970.00 3.481759e-11
12980.00 3.473700e-11
12990.00 3.465662e-11
13000.00 3.457647e-11
13010.00 3.449654e-11
13020.00 3.441684e-11
13030.00 3.433735e-11
13040.00 3.425808e-11
13050.00 3.417904e-11
13060.00 3.410022e-11
13070.00 3.402161e-11
13080.00 3.394322e-11
13090.00 3.386505e-11
13100.00 3.378710e-11
13110.00 3.370935e-11
13120.00 3.363183e-11
13130.00 3.355452e-11
13140.00 3.347743e-11
13150.00 3.340054e-11
13160.00 3.332388e-11
13170.00 3.324741e-11
13180.00 3.317117e-11
13190.00 3.309513e-11
13200.00 3.301931e-11
13210.00 3.294369e-11
13220.00 3.286828e-11
13230.00 3.279308e-11
13240.00 3.271809e-11
13250.00 3.264330e-11
13260.00 3.256872e-11
13270.00 3.249435e-11
13280.00 3.242017e-11
13290.00 3.234621e-11
13300.00 3.227244e-11
13310.00 3.219888e-11
13320.00 3.212552e-11
13330.00 3.205236e-11
13340.00 3.197941e-11
13350.00 3.190665e-11
13360.00 3.183409e-11
13370.00 3.176173e-11
13380.00 3.168957e-11
13390.00 3.161761e-11
13400.00 3.154584e-11
13410.00 3.147427e-11
13420.00 3.140291e-11
13430.00 3.133172e-11
13440.00 3.126074e-11
13450.00 3.118995e-11
13460.00 3.111936e-11
13470.00 3.104895e-11
13480.00 3.097874e-11
13490.00 3.090872e-11
13500.00 3.083890e-11
13510.00 3.076925e-11
13520.00 3.069980e-11
13530.00 3.063055e-11
13540.00 3.056148e-11
13550.00 3.049259e-11
13560.00 3.042390e-11
13570.00 3.035539e-11
13580.00 3.028707e-11
13590.00 3.021893e-11
13600.00 3.015098e-11
13610.00 3.008322e-11
13620.00 3.001563e-11
13630.00 2.994824e-11
13640.00 2.988101e-11
13650.00 2.981398e-11
13660.00 2.974713e-11
13670.00 2.968045e-11
13680.00 2.961397e-11
13690.00 2.954766e-11
13700.00 2.948153e-11
13710.00 2.941558e-11
13720.00 2.934980e-11
13730.00 2.928421e-11
13740.00 2.921879e-11
13750.00 2.915354e-11
13760.00 2.908848e-11
13770.00 2.902359e-11
13780.00 2.895886e-11
13790.00 2.889433e-11
13800.00 2.882996e-11
13810.00 2.876577e-11
13820.00 2.870174e-11
13830.00 2.863789e-11
13840.00 2.857422e-11
13850.00 2.851072e-11
13860.00 2.844738e-11
13870.00 2.838422e-11
13880.00 2.832122e-11
13890.00 2.825839e-11
13900.00 2.819573e-11
13910.00 2.813325e-11
13920.00 2.807093e-11
13930.00 2.800878e-11
13940.00 2.794678e-11
13950.00 2.788496e-11
13960.00 2.782331e-11
13970.00 2.776181e-11
13980.00 2.770049e-11
13990.00 2.763932e-11
14000.00 2.757833e-11
14010.00 2.751750e-11
14020.00 2.745682e-11
14030.00 2.739630e-11
14040.00 2.733595e-11
14050.00 2.727577e-11
14060.00 2.721574e-11
14070.00 2.715587e-11
14080.00 2.709616e-11
14090.00 2.703661e-11
14100.00 2.697722e-11
14110.00 2.691799e-11
14120.00 2.685891e-11
14130.00 2.680000e-11
14140.00 2.674124e-11
14150.00 2.668263e-11
14160.00 2.662418e-11
14170.00 2.656589e-11
14180.00 2.650774e-11
14190.00 2.644976e-11
14200.00 2.639192e-11
14210.00 2.633425e-11
14220.00 2.627673e-11
14230.00 2.621935e-11
14240.00 2.616213e-11
14250.00 2.610506e-11
14260.00 2.604814e-11
14270.00 2.599138e-11
14280.00 2.593475e-11
14290.00 2.587828e-11
14300.00 2.582197e-11
14310.00 2.576579e-11
14320.00 2.570977e-11
14330.00 2.565390e-11
14340.00 2.559817e-11
14350.00 2.554260e-11
14360.00 2.548716e-11
14370.00 2.543186e-11
14380.00 2.537673e-11
14390.00 2.532173e-11
14400.00 2.526687e-11
14410.00 2.521216e-11
14420.00 2.515760e-11
14430.00 2.510318e-11
14440.00 2.504890e-11
14450.00 2.499477e-11
14460.00 2.494077e-11
14470.00 2.488693e-11
14480.00 2.483322e-11
14490.00 2.477964e-11
14500.00 2.472621e-11
14510.00 2.467292e-11
14520.00 2.461977e-11
14530.00 2.456676e-11
14540.00 2.451389e-11
14550.00 2.446115e-11
14560.00 2.440855e-11
14570.00 2.435610e-11
14580.00 2.430377e-11
14590.00 2.425158e-11
14600.00 2.419954e-11
14610.00 2.414763e-11
14620.00 2.409584e-11
14630.00 2.404421e-11
14640.00 2.399269e-11
14650.00 2.394132e-11
14660.00 2.389008e-11
14670.00 2.383897e-11
14680.00 2.378800e-11
14690.00 2.373715e-11
14700.00 2.368644e-11
14710.00 2.363586e-11
14720.00 2.358542e-11
14730.00 2.353510e-11
14740.00 2.348491e-11
14750.00 2.343486e-11
14760.00 2.338493e-11
14770.00 2.333514e-11
14780.00 2.328547e-11
14790.00 2.323593e-11
14800.00 2.318652e-11
14810.00 2.313723e-11
14820.00 2.308808e-11
14830.00 2.303906e-11
14840.00 2.299015e-11
14850.00 2.294138e-11
14860.00 2.289273e-11
14870.00 2.284420e-11
14880.00 2.279581e-11
14890.00 2.274753e-11
14900.00 2.269938e-11
14910.00 2.265135e-11
14920.00 2.260345e-11
14930.00 2.255567e-11
14940.00 2.250802e-11
14950.00 2.246048e-11
14960.00 2.241307e-11
14970.00 2.236578e-11
14980.00 2.231862e-11
14990.00 2.227157e-11
15000.00 2.222465e-11
15010.00 2.217784e-11
15020.00 2.213116e-11
15030.00 2.208459e-11
15040.00 2.203814e-11
15050.00 2.199181e-11
15060.00 2.194561e-11
15070.00 2.189951e-11
15080.00 2.185354e-11
15090.00 2.180769e-11
15100.00 2.176195e-11
15110.00 2.171633e-11
15120.00 2.167083e-11
15130.00 2.162544e-11
15140.00 2.158017e-11
15150.00 2.153500e-11
15160.00 2.148996e-11
15170.00 2.144504e-11
15180.00 2.140023e-11
15190.00 2.135553e-11
15200.00 2.131094e-11
15210.00 2.126647e-11
15220.00 2.122211e-11
15230.00 2.117787e-11
15240.00 2.113374e-11
15250.00 2.108972e-11
15260.00 2.104580e-11
15270.00 2.100201e-11
15280.00 2.095832e-11
15290.00 2.091474e-11
15300.00 2.087128e-11
15310.00 2.082792e-11
15320.00 2.078469e-11
15330.00 2.074155e-11
15340.00 2.069852e-11
15350.00 2.065560e-11
15360.00 2.061279e-11
15370.00 2.057009e-11
15380.00 2.052750e-11
15390.00 2.048501e-11
15400.00 2.044264e-11
15410.00 2.040037e-11
15420.00 2.035820e-11
15430.00 2.031614e-11
15440.00 2.027419e-11
15450.00 2.023234e-11
15460.00 2.019060e-11
15470.00 2.014897e-11
15480.00 2.010744e-11
15490.00 2.006601e-11
15500.00 2.002469e-11
15510.00 1.998347e-11
15520.00 1.994235e-11
15530.00 1.990134e-11
15540.00 1.986042e-11
15550.00 1.981962e-11
15560.00 1.977892e-11
15570.00 1.973832e-11
15580.00 1.969781e-11
15590.00 1.965742e-11
15600.00 1.961711e-11
15610.00 1.957692e-11
15620.00 1.953682e-11
15630.00 1.949683e-11
15640.00 1.945693e-11
15650.00 1.941714e-11
15660.00 1.937744e-11
15670.00 1.933784e-11
15680.00 1.929834e-11
15690.00 1.925894e-11
15700.00 1.921964e-11
15710.00 1.918044e-11
15720.00 1.914133e-11
15730.00 1.910232e-11
15740.00 1.906341e-11
15750.00 1.902459e-11
15760.00 1.898587e-11
15770.00 1.894725e-11
15780.00 1.890872e-11
15790.00 1.887029e-11
15800.00 1.883196e-11
15810.00 1.879371e-11
15820.00 1.875557e-11
15830.00 1.871752e-11
15840.00 1.867956e-11
15850.00 1.864170e-11
15860.00 1.860393e-11
15870.00 1.856626e-11
15880.00 1.852867e-11
15890.00 1.849119e-11
15900.00 1.845379e-11
15910.00 1.841648e-11
15920.00 1.837927e-11
15930.00 1.834215e-11
15940.00 1.830513e-11
15950.00 1.826819e-11
15960.00 1.823135e-11
15970.00 1.819458e-11
15980.00 1.815792e-11
15990.00 1.812135e-11
16000.00 1.808486e-11
16010.00 1.804847e-11
16020.00 1.801217e-11
16030.00 1.797595e-11
16040.00 1.793983e-11
16050.00 1.790379e-11
16060.00 1.786785e-11
16070.00 1.783198e-11
16080.00 1.779621e-11
16090.00 1.776052e-11
16100.00 1.772493e-11
16110.00 1.768942e-11
16120.00 1.765400e-11
16130.00 1.761866e-11
16140.00 1.758341e-11
16150.00 1.754825e-11
16160.00 1.751317e-11
16170.00 1.747818e-11
16180.00 1.744328e-11
16190.00 1.740845e-11
16200.00 1.737371e-11
16210.00 1.733906e-11
16220.00 1.730450e-11
16230.00 1.727002e-11
16240.00 1.723562e-11
16250.00 1.720131e-11
16260.00 1.716708e-11
16270.00 1.713293e-11
16280.00 1.709887e-11
16290.00 1.706488e-11
16300.00 1.703099e-11
16310.00 1.699717e-11
16320.00 1.696343e-11
16330.00 1.692978e-11
16340.00 1.689621e-11
16350.00 1.686273e-11
16360.00 1.682933e-11
16370.00 1.679600e-11
16380.00 1.676275e-11
16390.00 1.672959e-11
16400.00 1.669650e-11
16410.00 1.666349e-11
16420.00 1.663057e-11
16430.00 1.659773e-11
16440.00 1.656496e-11
16450.00 1.653228e-11
16460.00 1.649966e-11
16470.00 1.646714e-11
16480.00 1.643469e-11
16490.00 1.640232e-11
16500.00 1.637002e-11
16510.00 1.633780e-11
16520.00 1.630567e-11
16530.00 1.627361e-11
16540.00 1.624163e-11
16550.00 1.620972e-11
16560.00 1.617789e-11
16570.00 1.614613e-11
16580.00 1.611446e-11
16590.00 1.608286e-11
16600.00 1.605134e-11
16610.00 1.601988e-11
16620.00 1.598851e-11
16630.00 1.595722e-11
16640.00 1.592600e-11
16650.00 1.589484e-11
16660.00 1.586377e-11
16670.00 1.583277e-11
16680.00 1.580185e-11
16690.00 1.577100e-11
16700.00 1.574023e-11
16710.00 1.570952e-11
16720.00 1.567889e-11
16730.00 1.564834e-11
16740.00 1.561785e-11
16750.00 1.558743e-11
16760.00 1.555710e-11
16770.00 1.552683e-11
16780.00 1.549664e-11
16790.00 1.546651e-11
16800.00 1.543647e-11
16810.00 1.540648e-11
16820.00 1.537658e-11
16830.00 1.534675e-11
16840.00 1.531698e-11
16850.00 1.528729e-11
16860.00 1.525767e-11
16870.00 1.522811e-11
16880.00 1.519863e-11
16890.00 1.516921e-11
16900.00 1.513987e-11
16910.00 1.511060e-11
16920.00 1.508139e-11
16930.00 1.505226e-11
16940.00 1.502320e-11
16950.00 1.499420e-11
16960.00 1.496527e-11
16970.00 1.493641e-11
16980.00 1.490761e-11
16990.00 1.487890e-11
17000.00 1.485024e-11
17010.00 1.482165e-11
17020.00 1.479313e-11
17030.00 1.476468e-11
17040.00 1.473629e-11
17050.00 1.470797e-11
17060.00 1.467972e-11
17070.00 1.465153e-11
17080.00 1.462342e-11
17090.00 1.459536e-11
17100.00 1.456738e-11
17110.00 1.453945e-11
17120.00 1.451160e-11
17130.00 1.448380e-11
17140.00 1.445609e-11
17150.00 1.442843e-11
17160.00 1.440082e-11
17170.00 1.437330e-11
17180.00 1.434583e-11
17190.00 1.431844e-11
17200.00 1.429109e-11
17210.00 1.426382e-11
17220.00 1.423661e-11
17230.00 1.420947e-11
17240.00 1.418239e-11
17250.00 1.415537e-11
17260.00 1.412841e-11
17270.00 1.410153e-11
17280.00 1.407469e-11
17290.00 1.404793e-11
17300.00 1.402122e-11
17310.00 1.399458e-11
17320.00 1.396800e-11
17330.00 1.394149e-11
17340.00 1.391503e-11
17350.00 1.388864e-11
17360.00 1.386231e-11
17370.00 1.383603e-11
17380.00 1.380982e-11
17390.00 1.378368e-11
17400.00 1.375758e-11
17410.00 1.373156e-11
17420.00 1.370559e-11
17430.00 1.367968e-11
17440.00 1.365384e-11
17450.00 1.362805e-11
17460.00 1.360232e-11
17470.00 1.357665e-11
17480.00 1.355105e-11
17490.00 1.352550e-11
17500.00 1.350001e-11
17510.00 1.347458e-11
17520.00 1.344921e-11
17530.00 1.342389e-11
17540.00 1.339864e-11
17550.00 1.337345e-11
17560.00 1.334831e-11
17570.00 1.332323e-11
17580.00 1.329820e-11
17590.00 1.327324e-11
17600.00 1.324833e-11
17610.00 1.322349e-11
17620.00 1.319869e-11
17630.00 1.317396e-11
17640.00 1.314928e-11
17650.00 1.312467e-11
17660.00 1.310010e-11
17670.00 1.307559e-11
17680.00 1.305114e-11
17690.00 1.302675e-11
17700.00 1.300240e-11
17710.00 1.297812e-11
17720.00 1.295390e-11
17730.00 1.292973e-11
17740.00 1.290561e-11
17750.00 1.288154e-11
17760.00 1.285754e-11
17770.00 1.283359e-11
17780.00 1.280969e-11
17790.00 1.278585e-11
17800.00 1.276206e-11
17810.00 1.273833e-11
17820.00 1.271466e-11
17830.00 1.269103e-11
17840.00 1.266745e-11
17850.00 1.264394e-11
17860.00 1.262048e-11
17870.00 1.259707e-11
17880.00 1.257371e-11
17890.00 1.255041e-11
17900.00 1.252716e-11
17910.00 1.250397e-11
17920.00 1.248082e-11
17930.00 1.245773e-11
17940.00 1.243469e-11
17950.00 1.241170e-11
17960.00 1.238877e-11
17970.00 1.236590e-11
17980.00 1.234306e-11
17990.00 1.232028e-11
18000.00 1.229756e-11
18010.00 1.227488e-11
18020.00 1.225226e-11
18030.00 1.222968e-11
18040.00 1.220717e-11
18050.00 1.218470e-11
18060.00 1.216228e-11
18070.00 1.213991e-11
18080.00 1.211759e-11
18090.00 1.209532e-11
18100.00 1.207310e-11
18110.00 1.205094e-11
18120.00 1.202882e-11
18130.00 1.200676e-11
18140.00 1.198474e-11
18150.00 1.196278e-11
18160.00 1.194086e-11
18170.00 1.191899e-11
18180.00 1.189717e-11
18190.00 1.187539e-11
18200.00 1.185368e-11
18210.00 1.183201e-11
18220.00 1.181038e-11
18230.00 1.178881e-11
18240.00 1.176728e-11
18250.00 1.174580e-11
18260.00 1.172437e-11
18270.00 1.170299e-11
18280.00 1.168166e-11
18290.00 1.166038e-11
18300.00 1.163913e-11
18310.00 1.161795e-11
18320.00 1.159680e-11
18330.00 1.157571e-11
18340.00 1.155466e-11
18350.00 1.153366e-11
18360.00 1.151270e-11
18370.00 1.149179e-11
18380.00 1.147093e-11
18390.00 1.145013e-11
18400.00 1.142936e-11
18410.00 1.140864e-11
18420.00 1.138796e-11
18430.00 1.136733e-11
18440.00 1.134674e-11
18450.00 1.132621e-11
18460.00 1.130572e-11
18470.00 1.128528e-11
18480.00 1.126488e-11
18490.00 1.124452e-11
18500.00 1.122421e-11
18510.00 1.120394e-11
18520.00 1.118373e-11
18530.00 1.116356e-11
18540.00 1.114343e-11
18550.00 1.112335e-11
18560.00 1.110330e-11
18570.00 1.108330e-11
18580.00 1.106336e-11
18590.00 1.104345e-11
18600.00 1.102359e-11
18610.00 1.100377e-11
18620.00 1.098399e-11
18630.00 1.096426e-11
18640.00 1.094457e-11
18650.00 1.092493e-11
18660.00 1.090533e-11
18670.00 1.088577e-11
18680.00 1.086626e-11
18690.00 1.084679e-11
18700.00 1.082736e-11
18710.00 1.080798e-11
18720.00 1.078863e-11
18730.00 1.076933e-11
18740.00 1.075007e-11
18750.00 1.073086e-11
18760.00 1.071168e-11
18770.00 1.069255e-11
18780.00 1.067347e-11
18790.00 1.065442e-11
18800.00 1.063542e-11
18810.00 1.061645e-11
18820.00 1.059754e-11
18830.00 1.057866e-11
18840.00 1.055982e-11
18850.00 1.054102e-11
18860.00 1.052226e-11
18870.00 1.050355e-11
18880.00 1.048487e-11
18890.00 1.046624e-11
18900.00 1.044765e-11
18910.00 1.042910e-11
18920.00 1.041059e-11
18930.00 1.039212e-11
18940.00 1.037369e-11
18950.00 1.035530e-11
18960.00 1.033696e-11
18970.00 1.031865e-11
18980.00 1.030038e-11
18990.00 1.028215e-11
19000.00 1.026396e-11
19010.00 1.024581e-11
19020.00 1.022770e-11
19030.00 1.020963e-11
19040.00 1.019160e-11
19050.00 1.017360e-11
19060.00 1.015565e-11
19070.00 1.013774e-11
19080.00 1.011986e-11
19090.00 1.010203e-11
19100.00 1.008423e-11
19110.00 1.006647e-11
19120.00 1.004875e-11
19130.00 1.003107e-11
19140.00 1.001343e-11
19150.00 9.995821e-12
19160.00 9.978254e-12
19170.00 9.960725e-12
19180.00 9.943234e-12
19190.00 9.925781e-12
19200.00 9.908366e-12
19210.00 9.890988e-12
19220.00 9.873648e-12
19230.00 9.856345e-12
19240.00 9.839080e-12
19250.00 9.821852e-12
19260.00 9.804662e-12
19270.00 9.787508e-12
19280.00 9.770391e-12
19290.00 9.753311e-12
19300.00 9.736269e-12
19310.00 9.719262e-12
19320.00 9.702293e-12
19330.00 9.685360e-12
19340.00 9.668464e-12
19350.00 9.651603e-12
19360.00 9.634779e-12
19370.00 9.617992e-12
19380.00 9.601239e-12
19390.00 9.584524e-12
19400.00 9.567844e-12
19410.00 9.551201e-12
19420.00 9.534592e-12
19430.00 9.518019e-12
19440.00 9.501482e-12
19450.00 9.484980e-12
19460.00 9.468514e-12
19470.00 9.452082e-12
19480.00 9.435686e-12
19490.00 9.419325e-12
19500.00 9.403000e-12
19510.00 9.386709e-12
19520.00 9.370452e-12
19530.00 9.354231e-12
19540.00 9.338044e-12
19550.00 9.321892e-12
19560.00 9.305774e-12
19570.00 9.289691e-12
19580.00 9.273642e-12
19590.00 9.257626e-12
19600.00 9.241646e-12
19610.00 9.225699e-12
19620.00 9.209787e-12
19630.00 9.193907e-12
19640.00 9.178063e-12
19650.00 9.162251e-12
19660.00 9.146473e-12
19670.00 9.130729e-12
19680.00 9.115018e-12
19690.00 9.099341e-12
19700.00 9.083696e-12
19710.00 9.068085e-12
19720.00 9.052507e-12
19730.00 9.036962e-12
19740.00 9.021449e-12
19750.00 9.005970e-12
19760.00 8.990524e-12
19770.00 8.975111e-12
19780.00 8.959730e-12
19790.00 8.944381e-12
19800.00 8.929065e-12
19810.00 8.913781e-12
19820.00 8.898529e-12
19830.00 8.883310e-12
19840.00 8.868123e-12
19850.00 8.852968e-12
19860.00 8.837845e-12
19870.00 8.822754e-12
19880.00 8.807694e-12
19890.00 8.792666e-12
19900.00 8.777671e-12
19910.00 8.762706e-12
19920.00 8.747773e-12
19930.00 8.732871e-12
19940.00 8.718000e-12
19950.00 8.703161e-12
19960.00 8.688354e-12
19970.00 8.673577e-12
19980.00 8.658832e-12
19990.00 8.644117e-12
20000.00 8.629433e-12
20010.00 8.614780e-12
20020.00 8.600158e-12
20030.00 8.585565e-12
20040.00 8.571004e-12
20050.00 8.556474e-12
20060.00 8.541974e-12
20070.00 8.527503e-12
20080.00 8.513064e-12
20090.00 8.498655e-12
20100.00 8.484275e-12
20110.00 8.469926e-12
20120.00 8.455606e-12
20130.00 8.441317e-12
20140.00 8.427057e-12
20150.00 8.412828e-12
20160.00 8.398627e-12
20170.00 8.384456e-12
20180.00 8.370316e-12
20190.00 8.356203e-12
20200.00 8.342121e-12
20210.00 8.328069e-12
20220.00 8.314045e-12
20230.00 8.300050e-12
20240.00 8.286084e-12
20250.00 8.272148e-12
20260.00 8.258240e-12
20270.00 8.244362e-12
20280.00 8.230512e-12
20290.00 8.216691e-12
20300.00 8.202898e-12
20310.00 8.189134e-12
20320.00 8.175399e-12
20330.00 8.161692e-12
20340.00 8.148014e-12
20350.00 8.134363e-12
20360.00 8.120741e-12
20370.00 8.107147e-12
20380.00 8.093582e-12
20390.00 8.080044e-12
20400.00 8.066534e-12
20410.00 8.053053e-12
20420.00 8.039599e-12
20430.00 8.026173e-12
20440.00 8.012774e-12
20450.00 7.999403e-12
20460.00 7.986060e-12
20470.00 7.972745e-12
20480.00 7.959456e-12
20490.00 7.946195e-12
20500.00 7.932962e-12
20510.00 7.919755e-12
20520.00 7.906575e-12
20530.00 7.893423e-12
20540.00 7.880298e-12
20550.00 7.867200e-12
20560.00 7.854128e-12
20570.00 7.841084e-12
20580.00 7.828066e-12
20590.00 7.815075e-12
20600.00 7.802111e-12
20610.00 7.789172e-12
20620.00 7.776261e-12
20630.00 7.763377e-12
20640.00 7.750518e-12
20650.00 7.737686e-12
20660.00 7.724880e-12
20670.00 7.712100e-12
20680.00 7.699346e-12
20690.00 7.686619e-12
20700.00 7.673917e-12
20710.00 7.661242e-12
20720.00 7.648592e-12
20730.00 7.635968e-12
20740.00 7.623370e-12
20750.00 7.610797e-12
20760.00 7.598250e-12
20770.00 7.585729e-12
20780.00 7.573234e-12
20790.00 7.560764e-12
20800.00 7.548319e-12
20810.00 7.535899e-12
20820.00 7.523504e-12
20830.00 7.511135e-12
20840.00 7.498791e-12
20850.00 7.486472e-12
20860.00 7.474178e-12
20870.00 7.461909e-12
20880.00 7.449665e-12
20890.00 7.437446e-12
20900.00 7.425251e-12
20910.00 7.413081e-12
20920.00 7.400936e-12
20930.00 7.388815e-12
20940.00 7.376719e-12
20950.00 7.364648e-12
20960.00 7.352600e-12
20970.00 7.340578e-12
20980.00 7.328579e-12
20990.00 7.316605e-12
21000.00 7.304655e-12
21010.00 7.292729e-12
21020.00 7.280827e-12
21030.00 7.268949e-12
21040.00 7.257095e-12
21050.00 7.245265e-12
21060.00 7.233459e-12
21070.00 7.221676e-12
21080.00 7.209918e-12
21090.00 7.198183e-12
21100.00 7.186471e-12
21110.00 7.174784e-12
21120.00 7.163120e-12
21130.00 7.151478e-12
21140.00 7.139861e-12
21150.00 7.128268e-12
21160.00 7.116696e-12
21170.00 7.105148e-12
21180.00 7.093625e-12
21190.00 7.082123e-12
21200.00 7.070645e-12
21210.00 7.059190e-12
21220.00 7.047756e-12
21230.00 7.036347e-12
21240.00 7.024961e-12
21250.00 7.013597e-12
21260.00 7.002256e-12
21270.00 6.990937e-12
21280.00 6.979641e-12
21290.00 6.968368e-12
21300.00 6.957118e-12
21310.00 6.945889e-12
21320.00 6.934684e-12
21330.00 6.923501e-12
21340.00 6.912339e-12
21350.00 6.901200e-12
21360.00 6.890084e-12
21370.00 6.878989e-12
21380.00 6.867917e-12
21390.00 6.856866e-12
21400.00 6.845837e-12
21410.00 6.834831e-12
21420.00 6.823846e-12
21430.00 6.812884e-12
21440.00 6.801943e-12
21450.00 6.791024e-12
21460.00 6.780126e-12
21470.00 6.769250e-12
21480.00 6.758396e-12
21490.00 6.747563e-12
21500.00 6.736752e-12
21510.00 6.725962e-12
21520.00 6.715193e-12
21530.00 6.704445e-12
21540.00 6.693720e-12
21550.00 6.683015e-12
21560.00 6.672332e-12
21570.00 6.661669e-12
21580.00 6.651028e-12
21590.00 6.640407e-12
21600.00 6.629808e-12
21610.00 6.619229e-12
21620.00 6.608673e-12
21630.00 6.598136e-12
21640.00 6.587619e-12
21650.00 6.577124e-12
21660.00 6.566650e-12
21670.00 6.556196e-12
21680.00 6.545763e-12
21690.00 6.535350e-12
21700.00 6.524958e-12
21710.00 6.514586e-12
21720.00 6.504234e-12
21730.00 6.493903e-12
21740.00 6.483593e-12
21750.00 6.473302e-12
21760.00 6.463033e-12
21770.00 6.452782e-12
21780.00 6.442552e-12
21790.00 6.432342e-12
21800.00 6.422153e-12
21810.00 6.411983e-12
21820.00 6.401832e-12
21830.00 6.391702e-12
21840.00 6.381592e-12
21850.00 6.371502e-12
21860.00 6.361431e-12
21870.00 6.351380e-12
21880.00 6.341349e-12
21890.00 6.331336e-12
21900.00 6.321345e-12
21910.00 6.311372e-12
21920.00 6.301418e-12
21930.00 6.291485e-12
21940.00 6.281570e-12
21950.00 6.271676e-12
21960.00 6.261800e-12
21970.00 6.251943e-12
21980.00 6.242106e-12
21990.00 6.232287e-12
22000.00 6.222488e-12
22010.00 6.212708e-12
22020.00 6.202947e-12
22030.00 6.193206e-12
22040.00 6.183483e-12
22050.00 6.173778e-12
22060.00 6.164093e-12
22070.00 6.154426e-12
22080.00 6.144778e-12
22090.00 6.135150e-12
22100.00 6.125539e-12
22110.00 6.115947e-12
22120.00 6.106374e-12
22130.00 6.096820e-12
22140.00 6.087283e-12
22150.00 6.077766e-12
22160.00 6.068267e-12
22170.00 6.058785e-12
22180.00 6.049323e-12
22190.00 6.039879e-12
22200.00 6.030453e-12
22210.00 6.021046e-12
22220.00 6.011656e-12
22230.00 6.002285e-12
22240.00 5.992931e-12
22250.00 5.983595e-12
22260.00 5.974278e-12
22270.00 5.964979e-12
22280.00 5.955697e-12
22290.00 5.946434e-12
22300.00 5.937188e-12
22310.00 5.927961e-12
22320.00 5.918751e-12
22330.00 5.909558e-12
22340.00 5.900383e-12
22350.00 5.891226e-12
22360.00 5.882086e-12
22370.00 5.872965e-12
22380.00 5.863860e-12
22390.00 5.854773e-12
22400.00 5.845704e-12
22410.00 5.836651e-12
22420.00 5.827616e-12
22430.00 5.818599e-12
22440.00 5.809599e-12
22450.00 5.800615e-12
22460.00 5.791650e-12
22470.00 5.782702e-12
22480.00 5.773770e-12
22490.00 5.764855e-12
22500.00 5.755958e-12
22510.00 5.747078e-12
22520.00 5.738215e-12
22530.00 5.729368e-12
22540.00 5.720538e-12
22550.00 5.711726e-12
22560.00 5.702929e-12
22570.00 5.694151e-12
22580.00 5.685388e-12
22590.00 5.676643e-12
22600.00 5.667914e-12
22610.00 5.659201e-12
22620.00 5.650506e-12
22630.00 5.641826e-12
22640.00 5.633163e-12
22650.00 5.624517e-12
22660.00 5.615887e-12
22670.00 5.607273e-12
22680.00 5.598677e-12
22690.00 5.590095e-12
22700.00 5.581531e-12
22710.00 5.572983e-12
22720.00 5.564451e-12
22730.00 5.555935e-12
22740.00 5.547435e-12
22750.00 5.538952e-12
22760.00 5.530484e-12
22770.00 5.522033e-12
22780.00 5.513597e-12
22790.00 5.505178e-12
22800.00 5.496774e-12
22810.00 5.488386e-12
22820.00 5.480014e-12
22830.00 5.471658e-12
22840.00 5.463319e-12
22850.00 5.454993e-12
22860.00 5.446685e-12
22870.00 5.438392e-12
22880.00 5.430114e-12
22890.00 5.421852e-12
22900.00 5.413606e-12
22910.00 5.405375e-12
22920.00 5.397160e-12
22930.00 5.388960e-12
22940.00 5.380776e-12
22950.00 5.372607e-12
22960.00 5.364453e-12
22970.00 5.356316e-12
22980.00 5.348192e-12
22990.00 5.340085e-12
23000.00 5.331992e-12
23010.00 5.323915e-12
23020.00 5.315853e-12
23030.00 5.307806e-12
23040.00 5.299773e-12
23050.00 5.291756e-12
23060.00 5.283755e-12
23070.00 5.275768e-12
23080.00 5.267796e-12
23090.00 5.259839e-12
23100.00 5.251897e-12
23110.00 5.243970e-12
23120.00 5.236058e-12
23130.00 5.228160e-12
23140.00 5.220277e-12
23150.00 5.212409e-12
23160.00 5.204555e-12
23170.00 5.196716e-12
23180.00 5.188893e-12
23190.00 5.181083e-12
23200.00 5.173288e-12
23210.00 5.165508e-12
23220.00 5.157742e-12
23230.00 5.149990e-12
23240.00 5.142253e-12
23250.00 5.134531e-12
23260.00 5.126822e-12
23270.00 5.119128e-12
23280.00 5.111449e-12
23290.00 5.103783e-12
23300.00 5.096132e-12
23310.00 5.088495e-12
23320.00 5.080873e-12
23330.00 5.073264e-12
23340.00 5.065670e-12
23350.00 5.058090e-12
23360.00 5.050524e-12
23370.00 5.042971e-12
23380.00 5.035433e-12
23390.00 5.027908e-12
23400.00 5.020398e-12
23410.00 5.012901e-12
23420.00 5.005419e-12
23430.00 4.997950e-12
23440.00 4.990495e-12
23450.00 4.983054e-12
23460.00 4.975627e-12
23470.00 4.968213e-12
23480.00 4.960813e-12
23490.00 4.953427e-12
23500.00 4.946054e-12
23510.00 4.938695e-12
23520.00 4.931349e-12
23530.00 4.924017e-12
23540.00 4.916699e-12
23550.00 4.909394e-12
23560.00 4.902102e-12
23570.00 4.894824e-12
23580.00 4.887560e-12
23590.00 4.880308e-12
23600.00 4.873071e-12
23610.00 4.865846e-12
23620.00 4.858635e-12
23630.00 4.851436e-12
23640.00 4.844251e-12
23650.00 4.837080e-12
23660.00 4.829920e-12
23670.00 4.822776e-12
23680.00 4.815642e-12
23690.00 4.808524e-12
23700.00 4.801418e-12
23710.00 4.794324e-12
23720.00 4.787244e-12
23730.00 4.780177e-12
23740.00 4.773122e-12
23750.00 4.766081e-12
23760.00 4.759052e-12
23770.00 4.752036e-12
23780.00 4.745033e-12
23790.00 4.738044e-12
23800.00 4.731067e-12
23810.00 4.724102e-12
23820.00 4.717150e-12
23830.00 4.710210e-12
23840.00 4.703284e-12
23850.00 4.696370e-12
23860.00 4.689468e-12
23870.00 4.682580e-12
23880.00 4.675703e-12
23890.00 4.668840e-12
23900.00 4.661989e-12
23910.00 4.655150e-12
23920.00 4.648324e-12
23930.00 4.641510e-12
23940.00 4.634709e-12
23950.00 4.627919e-12
23960.00 4.621143e-12
23970.00 4.614378e-12
23980.00 4.607626e-12
23990.00 4.600886e-12
24000.00 4.594159e-12
24010.00 4.587443e-12
24020.00 4.580740e-12
24030.00 4.574049e-12
24040.00 4.567369e-12
24050.00 4.560702e-12
24060.00 4.554047e-12
24070.00 4.547404e-12
24080.00 4.540773e-12
24090.00 4.534154e-12
24100.00 4.527548e-12
24110.00 4.520953e-12
24120.00 4.514369e-12
24130.00 4.507798e-12
24140.00 4.501239e-12
24150.00 4.494692e-12
24160.00 4.488156e-12
24170.00 4.481632e-12
24180.00 4.475120e-12
24190.00 4.468620e-12
24200.00 4.462131e-12
24210.00 4.455653e-12
24220.00 4.449188e-12
24230.00 4.442735e-12
24240.00 4.436292e-12
24250.00 4.429862e-12
24260.00 4.423443e-12
24270.00 4.417036e-12
24280.00 4.410640e-12
24290.00 4.404255e-12
24300.00 4.397882e-12
24310.00 4.391520e-12
24320.00 4.385170e-12
24330.00 4.378832e-12
24340.00 4.372504e-12
24350.00 4.366188e-12
24360.00 4.359883e-12
24370.00 4.353590e-12
24380.00 4.347308e-12
24390.00 4.341037e-12
24400.00 4.334777e-12
24410.00 4.328529e-12
24420.00 4.322292e-12
24430.00 4.316065e-12
24440.00 4.309851e-12
24450.00 4.303646e-12
24460.00 4.297454e-12
24470.00 4.291272e-12
24480.00 4.285101e-12
24490.00 4.278941e-12
24500.00 4.272793e-12
24510.00 4.266655e-12
24520.00 4.260528e-12
24530.00 4.254412e-12
24540.00 4.248307e-12
24550.00 4.242212e-12
24560.00 4.236129e-12
24570.00 4.230057e-12
24580.00 4.223995e-12
24590.00 4.217944e-12
24600.00 4.211904e-12
24610.00 4.205874e-12
24620.00 4.199855e-12
24630.00 4.193847e-12
24640.00 4.187850e-12
24650.00 4.181862e-12
24660.00 4.175887e-12
24670.00 4.169921e-12
24680.00 4.163966e-12
24690.00 4.158022e-12
24700.00 4.152087e-12
24710.00 4.146164e-12
24720.00 4.140250e-12
24730.00 4.134349e-12
24740.00 4.128456e-12
24750.00 4.122575e-12
24760.00 4.116703e-12
24770.00 4.110843e-12
24780.00 4.104992e-12
24790.00 4.099152e-12
24800.00 4.093322e-12
24810.00 4.087502e-12
24820.00 4.081693e-12
24830.00 4.075894e-12
24840.00 4.070106e-12
24850.00 4.064327e-12
24860.00 4.058558e-12
24870.00 4.052800e-12
24880.00 4.047052e-12
24890.00 4.041313e-12
24900.00 4.035585e-12
24910.00 4.029868e-12
24920.00 4.024159e-12
24930.00 4.018462e-12
24940.00 4.012774e-12
24950.00 4.007096e-12
24960.00 4.001428e-12
24970.00 3.995770e-12
24980.00 3.990122e-12
24990.00 3.984485e-12
25000.00 3.978857e-12
