1000.00 1.716361e-08
1010.00 1.767602e-08
1020.00 1.818445e-08
1030.00 1.868835e-08
1040.00 1.918721e-08
1050.00 1.968053e-08
1060.00 2.016787e-08
1070.00 2.064878e-08
1080.00 2.112284e-08
1090.00 2.158968e-08
1100.00 2.204895e-08
1110.00 2.250029e-08
1120.00 2.294340e-08
1130.00 2.337800e-08
1140.00 2.380384e-08
1150.00 2.422067e-08
1160.00 2.462827e-08
1170.00 2.502646e-08
1180.00 2.541505e-08
1190.00 2.579391e-08
1200.00 2.616291e-08
1210.00 2.652191e-08
1220.00 2.687085e-08
1230.00 2.720963e-08
1240.00 2.753820e-08
1250.00 2.785653e-08
1260.00 2.816456e-08
1270.00 2.846231e-08
1280.00 2.874976e-08
1290.00 2.902694e-08
1300.00 2.929386e-08
1310.00 2.955057e-08
1320.00 2.979711e-08
1330.00 3.003356e-08
1340.00 3.025996e-08
1350.00 3.047642e-08
1360.00 3.068300e-08
1370.00 3.087982e-08
1380.00 3.106696e-08
1390.00 3.124453e-08
1400.00 3.141267e-08
1410.00 3.157149e-08
1420.00 3.172111e-08
1430.00 3.186166e-08
1440.00 3.199328e-08
1450.00 3.211612e-08
1460.00 3.223030e-08
1470.00 3.233600e-08
1480.00 3.243333e-08
1490.00 3.252247e-08
1500.00 3.260357e-08
1510.00 3.267678e-08
1520.00 3.274225e-08
1530.00 3.280015e-08
1540.00 3.285064e-08
1550.00 3.289385e-08
1560.00 3.292998e-08
1570.00 3.295918e-08
1580.00 3.298159e-08
1590.00 3.299738e-08
1600.00 3.300672e-08
1610.00 3.300975e-08
1620.00 3.300663e-08
1630.00 3.299754e-08
1640.00 3.298260e-08
1650.00 3.296199e-08
1660.00 3.293585e-08
1670.00 3.290434e-08
1680.00 3.286760e-08
1690.00 3.282578e-08
1700.00 3.277903e-08
1710.00 3.272750e-08
1720.00 3.267132e-08
1730.00 3.261064e-08
1740.00 3.254558e-08
1750.00 3.247630e-08
1760.00 3.240293e-08
1770.00 3.232558e-08
1780.00 3.224441e-08
1790.00 3.215952e-08
1800.00 3.207107e-08
1810.00 3.197915e-08
1820.00 3.188389e-08
1830.00 3.178542e-08
1840.00 3.168384e-08
1850.00 3.157928e-08
1860.00 3.147184e-08
1870.00 3.136163e-08
1880.00 3.124876e-08
1890.00 3.113334e-08
1900.00 3.101547e-08
1910.00 3.089523e-08
1920.00 3.077275e-08
1930.00 3.064811e-08
1940.00 3.052140e-08
1950.00 3.039273e-08
1960.00 3.026217e-08
1970.00 3.012981e-08
1980.00 2.999574e-08
1990.00 2.986004e-08
2000.00 2.972280e-08
2010.00 2.958409e-08
2020.00 2.944397e-08
2030.00 2.930256e-08
2040.00 2.915989e-08
2050.00 2.901605e-08
2060.00 2.887111e-08
2070.00 2.872513e-08
2080.00 2.857819e-08
2090.00 2.843033e-08
2100.00 2.828163e-08
2110.00 2.813214e-08
2120.00 2.798193e-08
2130.00 2.783106e-08
2140.00 2.767956e-08
2150.00 2.752751e-08
2160.00 2.737495e-08
2170.00 2.722192e-08
2180.00 2.706850e-08
2190.00 2.691471e-08
2200.00 2.676061e-08
2210.00 2.660623e-08
2220.00 2.645164e-08
2230.00 2.629685e-08
2240.00 2.614192e-08
2250.00 2.598689e-08
2260.00 2.583180e-08
2270.00 2.567667e-08
2280.00 2.552155e-08
2290.00 2.536647e-08
2300.00 2.521147e-08
2310.00 2.505656e-08
2320.00 2.490180e-08
2330.00 2.474721e-08
2340.00 2.459281e-08
2350.00 2.443864e-08
2360.00 2.428473e-08
2370.00 2.413108e-08
2380.00 2.397775e-08
2390.00 2.382473e-08
2400.00 2.367208e-08
2410.00 2.351978e-08
2420.00 2.336790e-08
2430.00 2.321641e-08
2440.00 2.306538e-08
2450.00 2.291479e-08
2460.00 2.276468e-08
2470.00 2.261506e-08
2480.00 2.246594e-08
2490.00 2.231735e-08
2500.00 2.216930e-08
2510.00 2.202181e-08
2520.00 2.187489e-08
2530.00 2.172854e-08
2540.00 2.158279e-08
2550.00 2.143765e-08
2560.00 2.129313e-08
2570.00 2.114925e-08
2580.00 2.100600e-08
2590.00 2.086341e-08
2600.00 2.072147e-08
2610.00 2.058021e-08
2620.00 2.043964e-08
2630.00 2.029974e-08
2640.00 2.016054e-08
2650.00 2.002205e-08
2660.00 1.988427e-08
2670.00 1.974721e-08
2680.00 1.961087e-08
2690.00 1.947526e-08
2700.00 1.934038e-08
2710.00 1.920624e-08
2720.00 1.907284e-08
2730.00 1.894020e-08
2740.00 1.880831e-08
2750.00 1.867716e-08
2760.00 1.854678e-08
2770.00 1.841717e-08
2780.00 1.828832e-08
2790.00 1.816022e-08
2800.00 1.803291e-08
2810.00 1.790637e-08
2820.00 1.778060e-08
2830.00 1.765560e-08
2840.00 1.753138e-08
2850.00 1.740794e-08
2860.00 1.728527e-08
2870.00 1.716338e-08
2880.00 1.704227e-08
2890.00 1.692194e-08
2900.00 1.680239e-08
2910.00 1.668361e-08
2920.00 1.656561e-08
2930.00 1.644839e-08
2940.00 1.633194e-08
2950.00 1.621628e-08
2960.00 1.610138e-08
2970.00 1.598725e-08
2980.00 1.587391e-08
2990.00 1.576133e-08
3000.00 1.564950e-08
3010.00 1.553846e-08
3020.00 1.542818e-08
3030.00 1.531865e-08
3040.00 1.520989e-08
3050.00 1.510189e-08
3060.00 1.499463e-08
3070.00 1.488814e-08
3080.00 1.478240e-08
3090.00 1.467740e-08
3100.00 1.457314e-08
3110.00 1.446964e-08
3120.00 1.436686e-08
3130.00 1.426482e-08
3140.00 1.416352e-08
3150.00 1.406295e-08
3160.00 1.396311e-08
3170.00 1.386398e-08
3180.00 1.376558e-08
3190.00 1.366790e-08
3200.00 1.357092e-08
3210.00 1.347466e-08
3220.00 1.337910e-08
3230.00 1.328425e-08
3240.00 1.319010e-08
3250.00 1.309663e-08
3260.00 1.300387e-08
3270.00 1.291179e-08
3280.00 1.282039e-08
3290.00 1.272968e-08
3300.00 1.263964e-08
3310.00 1.255028e-08
3320.00 1.246157e-08
3330.00 1.237355e-08
3340.00 1.228617e-08
3350.00 1.219946e-08
3360.00 1.211339e-08
3370.00 1.202799e-08
3380.00 1.194322e-08
3390.00 1.185909e-08
3400.00 1.177560e-08
3410.00 1.169275e-08
3420.00 1.161052e-08
3430.00 1.152892e-08
3440.00 1.144794e-08
3450.00 1.136757e-08
3460.00 1.128782e-08
3470.00 1.120867e-08
3480.00 1.113013e-08
3490.00 1.105219e-08
3500.00 1.097485e-08
3510.00 1.089810e-08
3520.00 1.082194e-08
3530.00 1.074636e-08
3540.00 1.067136e-08
3550.00 1.059694e-08
3560.00 1.052308e-08
3570.00 1.044981e-08
3580.00 1.037709e-08
3590.00 1.030493e-08
3600.00 1.023333e-08
3610.00 1.016227e-08
3620.00 1.009177e-08
3630.00 1.002181e-08
3640.00 9.952391e-09
3650.00 9.883506e-09
3660.00 9.815154e-09
3670.00 9.747330e-09
3680.00 9.680030e-09
3690.00 9.613249e-09
3700.00 9.546986e-09
3710.00 9.481235e-09
3720.00 9.415991e-09
3730.00 9.351254e-09
3740.00 9.287017e-09
3750.00 9.223277e-09
3760.00 9.160030e-09
3770.00 9.097272e-09
3780.00 9.035001e-09
3790.00 8.973212e-09
3800.00 8.911900e-09
3810.00 8.851064e-09
3820.00 8.790699e-09
3830.00 8.730800e-09
3840.00 8.671366e-09
3850.00 8.612391e-09
3860.00 8.553873e-09
3870.00 8.495808e-09
3880.00 8.438192e-09
3890.00 8.381021e-09
3900.00 8.324293e-09
3910.00 8.268004e-09
3920.00 8.212150e-09
3930.00 8.156728e-09
3940.00 8.101734e-09
3950.00 8.047166e-09
3960.00 7.993018e-09
3970.00 7.939289e-09
3980.00 7.885976e-09
3990.00 7.833073e-09
4000.00 7.780579e-09
4010.00 7.728489e-09
4020.00 7.676802e-09
4030.00 7.625512e-09
4040.00 7.574619e-09
4050.00 7.524117e-09
4060.00 7.474004e-09
4070.00 7.424277e-09
4080.00 7.374933e-09
4090.00 7.325968e-09
4100.00 7.277379e-09
4110.00 7.229165e-09
4120.00 7.181320e-09
4130.00 7.133843e-09
4140.00 7.086730e-09
4150.00 7.039978e-09
4160.00 6.993585e-09
4170.00 6.947547e-09
4180.00 6.901861e-09
4190.00 6.856526e-09
4200.00 6.811538e-09
4210.00 6.766894e-09
4220.00 6.722590e-09
4230.00 6.678625e-09
4240.00 6.634996e-09
4250.00 6.591700e-09
4260.00 6.548734e-09
4270.00 6.506094e-09
4280.00 6.463780e-09
4290.00 6.421788e-09
4300.00 6.380115e-09
4310.00 6.338759e-09
4320.00 6.297717e-09
4330.00 6.256986e-09
4340.00 6.216565e-09
4350.00 6.176450e-09
4360.00 6.136639e-09
4370.00 6.097130e-09
4380.00 6.057919e-09
4390.00 6.019006e-09
4400.00 5.980385e-09
4410.00 5.942056e-09
4420.00 5.904017e-09
4430.00 5.866265e-09
4440.00 5.828797e-09
4450.00 5.791610e-09
4460.00 5.754704e-09
4470.00 5.718074e-09
4480.00 5.681720e-09
4490.00 5.645640e-09
4500.00 5.609830e-09
4510.00 5.574287e-09
4520.00 5.539011e-09
4530.00 5.504000e-09
4540.00 5.469250e-09
4550.00 5.434758e-09
4560.00 5.400526e-09
4570.00 5.366548e-09
4580.00 5.332824e-09
4590.00 5.299349e-09
4600.00 5.266125e-09
4610.00 5.233149e-09
4620.00 5.200416e-09
4630.00 5.167926e-09
4640.00 5.135678e-09
4650.00 5.103669e-09
4660.00 5.071895e-09
4670.00 5.040358e-09
4680.00 5.009053e-09
4690.00 4.977980e-09
4700.00 4.947137e-09
4710.00 4.916520e-09
4720.00 4.886129e-09
4730.00 4.855960e-09
4740.00 4.826015e-09
4750.00 4.796289e-09
4760.00 4.766782e-09
4770.00 4.737491e-09
4780.00 4.708415e-09
4790.00 4.679551e-09
4800.00 4.650898e-09
4810.00 4.622454e-09
4820.00 4.594219e-09
4830.00 4.566189e-09
4840.00 4.538364e-09
4850.00 4.510740e-09
4860.00 4.483318e-09
4870.00 4.456095e-09
4880.00 4.429071e-09
4890.00 4.402242e-09
4900.00 4.375606e-09
4910.00 4.349164e-09
4920.00 4.322914e-09
4930.00 4.296853e-09
4940.00 4.270981e-09
4950.00 4.245293e-09
4960.00 4.219793e-09
4970.00 4.194475e-09
4980.00 4.169339e-09
4990.00 4.144385e-09
5000.00 4.119608e-09
5010.00 4.095011e-09
5020.00 4.070589e-09
5030.00 4.046342e-09
5040.00 4.022268e-09
5050.00 3.998366e-09
5060.00 3.974635e-09
5070.00 3.951073e-09
5080.00 3.927679e-09
5090.00 3.904451e-09
5100.00 3.881388e-09
5110.00 3.858490e-09
5120.00 3.835753e-09
5130.00 3.813177e-09
5140.00 3.790763e-09
5150.00 3.768505e-09
5160.00 3.746406e-09
5170.00 3.724462e-09
5180.00 3.702674e-09
5190.00 3.681038e-09
5200.00 3.659555e-09
5210.00 3.638223e-09
5220.00 3.617040e-09
5230.00 3.596007e-09
5240.00 3.575121e-09
5250.00 3.554382e-09
5260.00 3.533786e-09
5270.00 3.513336e-09
5280.00 3.493028e-09
5290.00 3.472862e-09
5300.00 3.452836e-09
5310.00 3.432949e-09
5320.00 3.413201e-09
5330.00 3.393589e-09
5340.00 3.374115e-09
5350.00 3.354775e-09
5360.00 3.335569e-09
5370.00 3.316495e-09
5380.00 3.297554e-09
5390.00 3.278744e-09
5400.00 3.260063e-09
5410.00 3.241510e-09
5420.00 3.223087e-09
5430.00 3.204789e-09
5440.00 3.186617e-09
5450.00 3.168569e-09
5460.00 3.150646e-09
5470.00 3.132844e-09
5480.00 3.115166e-09
5490.00 3.097607e-09
5500.00 3.080169e-09
5510.00 3.062848e-09
5520.00 3.045646e-09
5530.00 3.028562e-09
5540.00 3.011593e-09
5550.00 2.994740e-09
5560.00 2.978001e-09
5570.00 2.961375e-09
5580.00 2.944863e-09
5590.00 2.928461e-09
5600.00 2.912170e-09
5610.00 2.895990e-09
5620.00 2.879918e-09
5630.00 2.863955e-09
5640.00 2.848099e-09
5650.00 2.832349e-09
5660.00 2.816706e-09
5670.00 2.801167e-09
5680.00 2.785732e-09
5690.00 2.770400e-09
5700.00 2.755171e-09
5710.00 2.740044e-09
5720.00 2.725017e-09
5730.00 2.710091e-09
5740.00 2.695264e-09
5750.00 2.680536e-09
5760.00 2.665906e-09
5770.00 2.651372e-09
5780.00 2.636935e-09
5790.00 2.622593e-09
5800.00 2.608347e-09
5810.00 2.594195e-09
5820.00 2.580135e-09
5830.00 2.566168e-09
5840.00 2.552294e-09
5850.00 2.538511e-09
5860.00 2.524819e-09
5870.00 2.511215e-09
5880.00 2.497703e-09
5890.00 2.484277e-09
5900.00 2.470940e-09
5910.00 2.457691e-09
5920.00 2.444527e-09
5930.00 2.431450e-09
5940.00 2.418457e-09
5950.00 2.405550e-09
5960.00 2.392726e-09
5970.00 2.379986e-09
5980.00 2.367328e-09
5990.00 2.354752e-09
6000.00 2.342258e-09
6010.00 2.329845e-09
6020.00 2.317511e-09
6030.00 2.305258e-09
6040.00 2.293083e-09
6050.00 2.280987e-09
6060.00 2.268969e-09
6070.00 2.257028e-09
6080.00 2.245163e-09
6090.00 2.233375e-09
6100.00 2.221662e-09
6110.00 2.210024e-09
6120.00 2.198461e-09
6130.00 2.186971e-09
6140.00 2.175555e-09
6150.00 2.164211e-09
6160.00 2.152940e-09
6170.00 2.141740e-09
6180.00 2.130612e-09
6190.00 2.119554e-09
6200.00 2.108566e-09
6210.00 2.097648e-09
6220.00 2.086799e-09
6230.00 2.076018e-09
6240.00 2.065306e-09
6250.00 2.054661e-09
6260.00 2.044084e-09
6270.00 2.033573e-09
6280.00 2.023127e-09
6290.00 2.012747e-09
6300.00 2.002433e-09
6310.00 1.992184e-09
6320.00 1.981997e-09
6330.00 1.971876e-09
6340.00 1.961816e-09
6350.00 1.951821e-09
6360.00 1.941886e-09
6370.00 1.932015e-09
6380.00 1.922204e-09
6390.00 1.912455e-09
6400.00 1.902766e-09
6410.00 1.893137e-09
6420.00 1.883568e-09
6430.00 1.874058e-09
6440.00 1.864606e-09
6450.00 1.855213e-09
6460.00 1.845878e-09
6470.00 1.836601e-09
6480.00 1.827381e-09
6490.00 1.818217e-09
6500.00 1.809109e-09
6510.00 1.800058e-09
6520.00 1.791062e-09
6530.00 1.782120e-09
6540.00 1.773234e-09
6550.00 1.764402e-09
6560.00 1.755625e-09
6570.00 1.746900e-09
6580.00 1.738228e-09
6590.00 1.729609e-09
6600.00 1.721043e-09
6610.00 1.712528e-09
6620.00 1.704066e-09
6630.00 1.695654e-09
6640.00 1.687294e-09
6650.00 1.678983e-09
6660.00 1.670724e-09
6670.00 1.662514e-09
6680.00 1.654354e-09
6690.00 1.646242e-09
6700.00 1.638179e-09
6710.00 1.630165e-09
6720.00 1.622199e-09
6730.00 1.614281e-09
6740.00 1.606410e-09
6750.00 1.598587e-09
6760.00 1.590809e-09
6770.00 1.583078e-09
6780.00 1.575395e-09
6790.00 1.567755e-09
6800.00 1.560162e-09
6810.00 1.552615e-09
6820.00 1.545111e-09
6830.00 1.537652e-09
6840.00 1.530237e-09
6850.00 1.522867e-09
6860.00 1.515540e-09
6870.00 1.508256e-09
6880.00 1.501015e-09
6890.00 1.493818e-09
6900.00 1.486661e-09
6910.00 1.479548e-09
6920.00 1.472476e-09
6930.00 1.465446e-09
6940.00 1.458456e-09
6950.00 1.451508e-09
6960.00 1.444601e-09
6970.00 1.437734e-09
6980.00 1.430907e-09
6990.00 1.424120e-09
7000.00 1.417372e-09
7010.00 1.410665e-09
7020.00 1.403996e-09
7030.00 1.397365e-09
7040.00 1.390773e-09
7050.00 1.384219e-09
7060.00 1.377704e-09
7070.00 1.371225e-09
7080.00 1.364785e-09
7090.00 1.358382e-09
7100.00 1.352014e-09
7110.00 1.345685e-09
7120.00 1.339391e-09
7130.00 1.333135e-09
7140.00 1.326913e-09
7150.00 1.320728e-09
7160.00 1.314579e-09
7170.00 1.308463e-09
7180.00 1.302383e-09
7190.00 1.296339e-09
7200.00 1.290328e-09
7210.00 1.284352e-09
7220.00 1.278410e-09
7230.00 1.272501e-09
7240.00 1.266627e-09
7250.00 1.260785e-09
7260.00 1.254977e-09
7270.00 1.249202e-09
7280.00 1.243459e-09
7290.00 1.237749e-09
7300.00 1.232072e-09
7310.00 1.226426e-09
7320.00 1.220812e-09
7330.00 1.215230e-09
7340.00 1.209679e-09
7350.00 1.204159e-09
7360.00 1.198671e-09
7370.00 1.193213e-09
7380.00 1.187786e-09
7390.00 1.182389e-09
7400.00 1.177023e-09
7410.00 1.171687e-09
7420.00 1.166379e-09
7430.00 1.161103e-09
7440.00 1.155855e-09
7450.00 1.150637e-09
7460.00 1.145447e-09
7470.00 1.140286e-09
7480.00 1.135154e-09
7490.00 1.130051e-09
7500.00 1.124975e-09
7510.00 1.119928e-09
7520.00 1.114909e-09
7530.00 1.109917e-09
7540.00 1.104953e-09
7550.00 1.100017e-09
7560.00 1.095107e-09
7570.00 1.090225e-09
7580.00 1.085369e-09
7590.00 1.080540e-09
7600.00 1.075738e-09
7610.00 1.070961e-09
7620.00 1.066212e-09
7630.00 1.061487e-09
7640.00 1.056789e-09
7650.00 1.052117e-09
7660.00 1.047469e-09
7670.00 1.042848e-09
7680.00 1.038251e-09
7690.00 1.033679e-09
7700.00 1.029132e-09
7710.00 1.024610e-09
7720.00 1.020112e-09
7730.00 1.015639e-09
7740.00 1.011190e-09
7750.00 1.006765e-09
7760.00 1.002364e-09
7770.00 9.979862e-10
7780.00 9.936323e-10
7790.00 9.893019e-10
7800.00 9.849947e-10
7810.00 9.807107e-10
7820.00 9.764497e-10
7830.00 9.722114e-10
7840.00 9.679959e-10
7850.00 9.638030e-10
7860.00 9.596324e-10
7870.00 9.554843e-10
7880.00 9.513580e-10
7890.00 9.472539e-10
7900.00 9.431717e-10
7910.00 9.391111e-10
7920.00 9.350721e-10
7930.00 9.310546e-10
7940.00 9.270584e-10
7950.00 9.230833e-10
7960.00 9.191292e-10
7970.00 9.151961e-10
7980.00 9.112838e-10
7990.00 9.073921e-10
8000.00 9.035210e-10
8010.00 8.996702e-10
8020.00 8.958397e-10
8030.00 8.920293e-10
8040.00 8.882390e-10
8050.00 8.844685e-10
8060.00 8.807178e-10
8070.00 8.769867e-10
8080.00 8.732752e-10
8090.00 8.695830e-10
8100.00 8.659102e-10
8110.00 8.622565e-10
8120.00 8.586219e-10
8130.00 8.550061e-10
8140.00 8.514092e-10
8150.00 8.478310e-10
8160.00 8.442714e-10
8170.00 8.407303e-10
8180.00 8.372074e-10
8190.00 8.337028e-10
8200.00 8.302164e-10
8210.00 8.267479e-10
8220.00 8.232974e-10
8230.00 8.198646e-10
8240.00 8.164495e-10
8250.00 8.130520e-10
8260.00 8.096720e-10
8270.00 8.063094e-10
8280.00 8.029640e-10
8290.00 7.996358e-10
8300.00 7.963246e-10
8310.00 7.930304e-10
8320.00 7.897530e-10
8330.00 7.864924e-10
8340.00 7.832483e-10
8350.00 7.800209e-10
8360.00 7.768098e-10
8370.00 7.736151e-10
8380.00 7.704367e-10
8390.00 7.672744e-10
8400.00 7.641282e-10
8410.00 7.609978e-10
8420.00 7.578835e-10
8430.00 7.547847e-10
8440.00 7.517017e-10
8450.00 7.486343e-10
8460.00 7.455823e-10
8470.00 7.425457e-10
8480.00 7.395244e-10
8490.00 7.365184e-10
8500.00 7.335273e-10
8510.00 7.305514e-10
8520.00 7.275904e-10
8530.00 7.246441e-10
8540.00 7.217128e-10
8550.00 7.187960e-10
8560.00 7.158939e-10
8570.00 7.130061e-10
8580.00 7.101329e-10
8590.00 7.072739e-10
8600.00 7.044292e-10
8610.00 7.015986e-10
8620.00 6.987822e-10
8630.00 6.959797e-10
8640.00 6.931911e-10
8650.00 6.904163e-10
8660.00 6.876553e-10
8670.00 6.849080e-10
8680.00 6.821742e-10
8690.00 6.794539e-10
8700.00 6.767470e-10
8710.00 6.740535e-10
8720.00 6.713732e-10
8730.00 6.687061e-10
8740.00 6.660523e-10
8750.00 6.634113e-10
8760.00 6.607834e-10
8770.00 6.581683e-10
8780.00 6.555660e-10
8790.00 6.529765e-10
8800.00 6.503996e-10
8810.00 6.478354e-10
8820.00 6.452836e-10
8830.00 6.427442e-10
8840.00 6.402173e-10
8850.00 6.377027e-10
8860.00 6.352002e-10
8870.00 6.327099e-10
8880.00 6.302317e-10
8890.00 6.277655e-10
8900.00 6.253113e-10
8910.00 6.228690e-10
8920.00 6.204385e-10
8930.00 6.180196e-10
8940.00 6.156126e-10
8950.00 6.132171e-10
8960.00 6.108331e-10
8970.00 6.084606e-10
8980.00 6.060995e-10
8990.00 6.037498e-10
9000.00 6.014113e-10
9010.00 5.990841e-10
9020.00 5.967680e-10
9030.00 5.944629e-10
9040.00 5.921690e-10
9050.00 5.898860e-10
9060.00 5.876139e-10
9070.00 5.853526e-10
9080.00 5.831021e-10
9090.00 5.808624e-10
9100.00 5.786332e-10
9110.00 5.764148e-10
9120.00 5.742067e-10
9130.00 5.720093e-10
9140.00 5.698221e-10
9150.00 5.676454e-10
9160.00 5.654790e-10
9170.00 5.633228e-10
9180.00 5.611768e-10
9190.00 5.590409e-10
9200.00 5.569151e-10
9210.00 5.547993e-10
9220.00 5.526935e-10
9230.00 5.505975e-10
9240.00 5.485115e-10
9250.00 5.464352e-10
9260.00 5.443686e-10
9270.00 5.423117e-10
9280.00 5.402645e-10
9290.00 5.382268e-10
9300.00 5.361987e-10
9310.00 5.341800e-10
9320.00 5.321708e-10
9330.00 5.301709e-10
9340.00 5.281803e-10
9350.00 5.261991e-10
9360.00 5.242270e-10
9370.00 5.222640e-10
9380.00 5.203102e-10
9390.00 5.183654e-10
9400.00 5.164296e-10
9410.00 5.145028e-10
9420.00 5.125850e-10
9430.00 5.106759e-10
9440.00 5.087757e-10
9450.00 5.068842e-10
9460.00 5.050016e-10
9470.00 5.031274e-10
9480.00 5.012620e-10
9490.00 4.994052e-10
9500.00 4.975568e-10
9510.00 4.957170e-10
9520.00 4.938855e-10
9530.00 4.920625e-10
9540.00 4.902478e-10
9550.00 4.884413e-10
9560.00 4.866432e-10
9570.00 4.848533e-10
9580.00 4.830715e-10
9590.00 4.812979e-10
9600.00 4.795322e-10
9610.00 4.777747e-10
9620.00 4.760251e-10
9630.00 4.742835e-10
9640.00 4.725498e-10
9650.00 4.708239e-10
9660.00 4.691059e-10
9670.00 4.673956e-10
9680.00 4.656931e-10
9690.00 4.639982e-10
9700.00 4.623110e-10
9710.00 4.606314e-10
9720.00 4.589593e-10
9730.00 4.572948e-10
9740.00 4.556378e-10
9750.00 4.539883e-10
9760.00 4.523461e-10
9770.00 4.507113e-10
9780.00 4.490838e-10
9790.00 4.474637e-10
9800.00 4.458507e-10
9810.00 4.442450e-10
9820.00 4.426465e-10
9830.00 4.410551e-10
9840.00 4.394708e-10
9850.00 4.378935e-10
9860.00 4.363233e-10
9870.00 4.347601e-10
9880.00 4.332037e-10
9890.00 4.316544e-10
9900.00 4.301119e-10
9910.00 4.285762e-10
9920.00 4.270474e-10
9930.00 4.255253e-10
9940.00 4.240098e-10
9950.00 4.225012e-10
9960.00 4.209991e-10
9970.00 4.195038e-10
9980.00 4.180150e-10
9990.00 4.165328e-10
10000.00 4.150570e-10
10010.00 4.135878e-10
10020.00 4.121250e-10
10030.00 4.106686e-10
10040.00 4.092186e-10
10050.00 4.077750e-10
10060.00 4.063377e-10
10070.00 4.049067e-10
10080.00 4.034819e-10
10090.00 4.020634e-10
10100.00 4.006510e-10
10110.00 3.992448e-10
10120.00 3.978447e-10
10130.00 3.964508e-10
10140.00 3.950629e-10
10150.00 3.936810e-10
10160.00 3.923050e-10
10170.00 3.909351e-10
10180.00 3.895711e-10
10190.00 3.882130e-10
10200.00 3.868608e-10
10210.00 3.855145e-10
10220.00 3.841739e-10
10230.00 3.828392e-10
10240.00 3.815102e-10
10250.00 3.801869e-10
10260.00 3.788693e-10
10270.00 3.775574e-10
10280.00 3.762512e-10
10290.00 3.749505e-10
10300.00 3.736554e-10
10310.00 3.723659e-10
10320.00 3.710819e-10
10330.00 3.698033e-10
10340.00 3.685303e-10
10350.00 3.672627e-10
10360.00 3.660005e-10
10370.00 3.647438e-10
10380.00 3.634923e-10
10390.00 3.622462e-10
10400.00 3.610054e-10
10410.00 3.597698e-10
10420.00 3.585396e-10
10430.00 3.573145e-10
10440.00 3.560947e-10
10450.00 3.548799e-10
10460.00 3.536704e-10
10470.00 3.524660e-10
10480.00 3.512667e-10
10490.00 3.500725e-10
10500.00 3.488832e-10
10510.00 3.476990e-10
10520.00 3.465198e-10
10530.00 3.453455e-10
10540.00 3.441762e-10
10550.00 3.430118e-10
10560.00 3.418523e-10
10570.00 3.406976e-10
10580.00 3.395479e-10
10590.00 3.384029e-10
10600.00 3.372627e-10
10610.00 3.361273e-10
10620.00 3.349967e-10
10630.00 3.338707e-10
10640.00 3.327495e-10
10650.00 3.316329e-10
10660.00 3.305210e-10
10670.00 3.294137e-10
10680.00 3.283111e-10
10690.00 3.272129e-10
10700.00 3.261195e-10
10710.00 3.250305e-10
10720.00 3.239460e-10
10730.00 3.228661e-10
10740.00 3.217905e-10
10750.00 3.207194e-10
10760.00 3.196528e-10
10770.00 3.185906e-10
10780.00 3.175328e-10
10790.00 3.164793e-10
10800.00 3.154302e-10
10810.00 3.143854e-10
10820.00 3.133449e-10
10830.00 3.123087e-10
10840.00 3.112766e-10
10850.00 3.102490e-10
10860.00 3.092253e-10
10870.00 3.082061e-10
10880.00 3.071909e-10
10890.00 3.061799e-10
10900.00 3.051730e-10
10910.00 3.041702e-10
10920.00 3.031716e-10
10930.00 3.021770e-10
10940.00 3.011865e-10
10950.00 3.001999e-10
10960.00 2.992176e-10
10970.00 2.982390e-10
10980.00 2.972645e-10
10990.00 2.962940e-10
11000.00 2.953273e-10
11010.00 2.943646e-10
11020.00 2.934058e-10
11030.00 2.924509e-10
11040.00 2.914998e-10
11050.00 2.905526e-10
11060.00 2.896093e-10
11070.00 2.886696e-10
11080.00 2.877339e-10
11090.00 2.868018e-10
11100.00 2.858735e-10
11110.00 2.849490e-10
11120.00 2.840282e-10
11130.00 2.831111e-10
11140.00 2.821976e-10
11150.00 2.812878e-10
11160.00 2.803816e-10
11170.00 2.794791e-10
11180.00 2.785802e-10
11190.00 2.776849e-10
11200.00 2.767931e-10
11210.00 2.759049e-10
11220.00 2.750204e-10
11230.00 2.741393e-10
11240.00 2.732616e-10
11250.00 2.723875e-10
11260.00 2.715168e-10
11270.00 2.706497e-10
11280.00 2.697859e-10
11290.00 2.689256e-10
11300.00 2.680688e-10
11310.00 2.672152e-10
11320.00 2.663651e-10
11330.00 2.655184e-10
11340.00 2.646749e-10
11350.00 2.638348e-10
11360.00 2.629980e-10
11370.00 2.621646e-10
11380.00 2.613344e-10
11390.00 2.605075e-10
11400.00 2.596837e-10
11410.00 2.588633e-10
11420.00 2.580461e-10
11430.00 2.572321e-10
11440.00 2.564213e-10
11450.00 2.556136e-10
11460.00 2.548092e-10
11470.00 2.540078e-10
11480.00 2.532097e-10
11490.00 2.524145e-10
11500.00 2.516226e-10
11510.00 2.508337e-10
11520.00 2.500479e-10
11530.00 2.492651e-10
11540.00 2.484855e-10
11550.00 2.477088e-10
11560.00 2.469351e-10
11570.00 2.461645e-10
11580.00 2.453968e-10
11590.00 2.446321e-10
11600.00 2.438704e-10
11610.00 2.431116e-10
11620.00 2.423557e-10
11630.00 2.416029e-10
11640.00 2.408529e-10
11650.00 2.401057e-10
11660.00 2.393615e-10
11670.00 2.386202e-10
11680.00 2.378817e-10
11690.00 2.371460e-10
11700.00 2.364132e-10
11710.00 2.356831e-10
11720.00 2.349559e-10
11730.00 2.342315e-10
11740.00 2.335098e-10
11750.00 2.327910e-10
11760.00 2.320748e-10
11770.00 2.313614e-10
11780.00 2.306507e-10
11790.00 2.299428e-10
11800.00 2.292376e-10
11810.00 2.285350e-10
11820.00 2.278351e-10
11830.00 2.271379e-10
11840.00 2.264433e-10
11850.00 2.257514e-10
11860.00 2.250621e-10
11870.00 2.243754e-10
11880.00 2.236914e-10
11890.00 2.230099e-10
11900.00 2.223309e-10
11910.00 2.216546e-10
11920.00 2.209809e-10
11930.00 2.203096e-10
11940.00 2.196409e-10
11950.00 2.189747e-10
11960.00 2.183112e-10
11970.00 2.176500e-10
11980.00 2.169913e-10
11990.00 2.163351e-10
12000.00 2.156815e-10
12010.00 2.150302e-10
12020.00 2.143814e-10
12030.00 2.137350e-10
12040.00 2.130911e-10
12050.00 2.124495e-10
12060.00 2.118104e-10
12070.00 2.111737e-10
12080.00 2.105393e-10
12090.00 2.099073e-10
12100.00 2.092777e-10
12110.00 2.086504e-10
12120.00 2.080255e-10
12130.00 2.074028e-10
12140.00 2.067825e-10
12150.00 2.061646e-10
12160.00 2.055489e-10
12170.00 2.049355e-10
12180.00 2.043244e-10
12190.00 2.037154e-10
12200.00 2.031088e-10
12210.00 2.025045e-10
12220.00 2.019024e-10
12230.00 2.013024e-10
12240.00 2.007049e-10
12250.00 2.001094e-10
12260.00 1.995160e-10
12270.00 1.989250e-10
12280.00 1.983361e-10
12290.00 1.977493e-10
12300.00 1.971648e-10
12310.00 1.965824e-10
12320.00 1.960021e-10
12330.00 1.954239e-10
12340.00 1.948478e-10
12350.00 1.942740e-10
12360.00 1.937021e-10
12370.00 1.931324e-10
12380.00 1.925647e-10
12390.00 1.919992e-10
12400.00 1.914357e-10
12410.00 1.908742e-10
12420.00 1.903148e-10
12430.00 1.897576e-10
12440.00 1.892022e-10
12450.00 1.886489e-10
12460.00 1.880976e-10
12470.00 1.875484e-10
12480.00 1.870011e-10
12490.00 1.864557e-10
12500.00 1.859125e-10
12510.00 1.853711e-10
12520.00 1.848317e-10
12530.00 1.842943e-10
12540.00 1.837588e-10
12550.00 1.832252e-10
12560.00 1.826936e-10
12570.00 1.821639e-10
12580.00 1.816361e-10
12590.00 1.811102e-10
12600.00 1.805862e-10
12610.00 1.800641e-10
12620.00 1.795439e-10
12630.00 1.790255e-10
12640.00 1.785090e-10
12650.00 1.779944e-10
12660.00 1.774815e-10
12670.00 1.769706e-10
12680.00 1.764615e-10
12690.00 1.759541e-10
12700.00 1.754487e-10
12710.00 1.749450e-10
12720.00 1.744431e-10
12730.00 1.739430e-10
12740.00 1.734446e-10
12750.00 1.729481e-10
12760.00 1.724534e-10
12770.00 1.719604e-10
12780.00 1.714691e-10
12790.00 1.709796e-10
12800.00 1.704918e-10
12810.00 1.700058e-10
12820.00 1.695215e-10
12830.00 1.690390e-10
12840.00 1.685581e-10
12850.00 1.680788e-10
12860.00 1.676014e-10
12870.00 1.671256e-10
12880.00 1.666515e-10
12890.00 1.661790e-10
12900.00 1.657083e-10
12910.00 1.652392e-10
12920.00 1.647717e-10
12930.00 1.643059e-10
12940.00 1.638417e-10
12950.00 1.633792e-10
12960.00 1.629183e-10
12970.00 1.624589e-10
12980.00 1.620013e-10
12990.00 1.615451e-10
13000.00 1.610907e-10
13010.00 1.606378e-10
13020.00 1.601865e-10
13030.00 1.597368e-10
13040.00 1.592886e-10
13050.00 1.588420e-10
13060.00 1.583969e-10
13070.00 1.579535e-10
13080.00 1.575116e-10
13090.00 1.570712e-10
13100.00 1.566323e-10
13110.00 1.561949e-10
13120.00 1.557591e-10
13130.00 1.553249e-10
13140.00 1.548920e-10
13150.00 1.544607e-10
13160.00 1.540309e-10
13170.00 1.536026e-10
13180.00 1.531758e-10
13190.00 1.527504e-10
13200.00 1.523266e-10
13210.00 1.519042e-10
13220.00 1.514831e-10
13230.00 1.510636e-10
13240.00 1.506456e-10
13250.00 1.502289e-10
13260.00 1.498137e-10
13270.00 1.494000e-10
13280.00 1.489877e-10
13290.00 1.485767e-10
13300.00 1.481672e-10
13310.00 1.477591e-10
13320.00 1.473524e-10
13330.00 1.469471e-10
13340.00 1.465432e-10
13350.00 1.461407e-10
13360.00 1.457395e-10
13370.00 1.453398e-10
13380.00 1.449413e-10
13390.00 1.445442e-10
13400.00 1.441486e-10
13410.00 1.437542e-10
13420.00 1.433611e-10
13430.00 1.429694e-10
13440.00 1.425791e-10
13450.00 1.421901e-10
13460.00 1.418024e-10
13470.00 1.414160e-10
13480.00 1.410309e-10
13490.00 1.406471e-10
13500.00 1.402647e-10
13510.00 1.398835e-10
13520.00 1.395036e-10
13530.00 1.391250e-10
13540.00 1.387477e-10
13550.00 1.383716e-10
13560.00 1.379969e-10
13570.00 1.376233e-10
13580.00 1.372511e-10
13590.00 1.368801e-10
13600.00 1.365104e-10
13610.00 1.361418e-10
13620.00 1.357746e-10
13630.00 1.354085e-10
13640.00 1.350437e-10
13650.00 1.346802e-10
13660.00 1.343177e-10
13670.00 1.339566e-10
13680.00 1.335967e-10
13690.00 1.332379e-10
13700.00 1.328803e-10
13710.00 1.325240e-10
13720.00 1.321689e-10
13730.00 1.318149e-10
13740.00 1.314621e-10
13750.00 1.311105e-10
13760.00 1.307600e-10
13770.00 1.304108e-10
13780.00 1.300626e-10
13790.00 1.297157e-10
13800.00 1.293699e-10
13810.00 1.290253e-10
13820.00 1.286818e-10
13830.00 1.283393e-10
13840.00 1.279981e-10
13850.00 1.276581e-10
13860.00 1.273191e-10
13870.00 1.269812e-10
13880.00 1.266444e-10
13890.00 1.263088e-10
13900.00 1.259743e-10
13910.00 1.256408e-10
13920.00 1.253086e-10
13930.00 1.249773e-10
13940.00 1.246472e-10
13950.00 1.243181e-10
13960.00 1.239902e-10
13970.00 1.236632e-10
13980.00 1.233374e-10
13990.00 1.230127e-10
14000.00 1.226889e-10
14010.00 1.223664e-10
14020.00 1.220448e-10
14030.00 1.217242e-10
14040.00 1.214048e-10
14050.00 1.210864e-10
14060.00 1.207690e-10
14070.00 1.204527e-10
14080.00 1.201373e-10
14090.00 1.198230e-10
14100.00 1.195098e-10
14110.00 1.191976e-10
14120.00 1.188863e-10
14130.00 1.185762e-10
14140.00 1.182669e-10
14150.00 1.179587e-10
14160.00 1.176515e-10
14170.00 1.173453e-10
14180.00 1.170401e-10
14190.00 1.167359e-10
14200.00 1.164326e-10
14210.00 1.161304e-10
14220.00 1.158291e-10
14230.00 1.155287e-10
14240.00 1.152295e-10
14250.00 1.149310e-10
14260.00 1.146337e-10
14270.00 1.143372e-10
14280.00 1.140417e-10
14290.00 1.137471e-10
14300.00 1.134536e-10
14310.00 1.131609e-10
14320.00 1.128692e-10
14330.00 1.125784e-10
14340.00 1.122886e-10
14350.00 1.119997e-10
14360.00 1.117117e-10
14370.00 1.114246e-10
14380.00 1.111384e-10
14390.00 1.108532e-10
14400.00 1.105690e-10
14410.00 1.102855e-10
14420.00 1.100030e-10
14430.00 1.097214e-10
14440.00 1.094407e-10
14450.00 1.091609e-10
14460.00 1.088820e-10
14470.00 1.086040e-10
14480.00 1.083268e-10
14490.00 1.080505e-10
14500.00 1.077751e-10
14510.00 1.075006e-10
14520.00 1.072270e-10
14530.00 1.069543e-10
14540.00 1.066823e-10
14550.00 1.064112e-10
14560.00 1.061411e-10
14570.00 1.058717e-10
14580.00 1.056033e-10
14590.00 1.053356e-10
14600.00 1.050688e-10
14610.00 1.048028e-10
14620.00 1.045377e-10
14630.00 1.042734e-10
14640.00 1.040100e-10
14650.00 1.037474e-10
14660.00 1.034856e-10
14670.00 1.032247e-10
14680.00 1.029645e-10
14690.00 1.027052e-10
14700.00 1.024467e-10
14710.00 1.021890e-10
14720.00 1.019321e-10
14730.00 1.016760e-10
14740.00 1.014207e-10
14750.00 1.011662e-10
14760.00 1.009125e-10
14770.00 1.006596e-10
14780.00 1.004075e-10
14790.00 1.001561e-10
14800.00 9.990559e-11
14810.00 9.965583e-11
14820.00 9.940685e-11
14830.00 9.915864e-11
14840.00 9.891119e-11
14850.00 9.866453e-11
14860.00 9.841862e-11
14870.00 9.817349e-11
14880.00 9.792911e-11
14890.00 9.768549e-11
14900.00 9.744263e-11
14910.00 9.720051e-11
14920.00 9.695915e-11
14930.00 9.671853e-11
14940.00 9.647866e-11
14950.00 9.623953e-11
14960.00 9.600113e-11
14970.00 9.576347e-11
14980.00 9.552656e-11
14990.00 9.529037e-11
15000.00 9.505490e-11
15010.00 9.482015e-11
15020.00 9.458614e-11
15030.00 9.435284e-11
15040.00 9.412026e-11
15050.00 9.388839e-11
15060.00 9.365723e-11
15070.00 9.342679e-11
15080.00 9.319704e-11
15090.00 9.296802e-11
15100.00 9.273967e-11
15110.00 9.251204e-11
15120.00 9.228511e-11
15130.00 9.205886e-11
15140.00 9.183331e-11
15150.00 9.160844e-11
15160.00 9.138425e-11
15170.00 9.116076e-11
15180.00 9.093795e-11
15190.00 9.071581e-11
15200.00 9.049435e-11
15210.00 9.027357e-11
15220.00 9.005345e-11
15230.00 8.983400e-11
15240.00 8.961522e-11
15250.00 8.939710e-11
15260.00 8.917965e-11
15270.00 8.896285e-11
15280.00 8.874672e-11
15290.00 8.853123e-11
15300.00 8.831639e-11
15310.00 8.810222e-11
15320.00 8.788868e-11
15330.00 8.767578e-11
15340.00 8.746354e-11
15350.00 8.725193e-11
15360.00 8.704096e-11
15370.00 8.683063e-11
15380.00 8.662093e-11
15390.00 8.641186e-11
15400.00 8.620342e-11
15410.00 8.599560e-11
15420.00 8.578841e-11
15430.00 8.558185e-11
15440.00 8.537590e-11
15450.00 8.517057e-11
15460.00 8.496585e-11
15470.00 8.476176e-11
15480.00 8.455826e-11
15490.00 8.435538e-11
15500.00 8.415311e-11
15510.00 8.395144e-11
15520.00 8.375037e-11
15530.00 8.354990e-11
15540.00 8.335003e-11
15550.00 8.315076e-11
15560.00 8.295208e-11
15570.00 8.275399e-11
15580.00 8.255650e-11
15590.00 8.235958e-11
15600.00 8.216326e-11
15610.00 8.196751e-11
15620.00 8.177235e-11
15630.00 8.157776e-11
15640.00 8.138376e-11
15650.00 8.119033e-11
15660.00 8.099747e-11
15670.00 8.080519e-11
15680.00 8.061347e-11
15690.00 8.042232e-11
15700.00 8.023173e-11
15710.00 8.004171e-11
15720.00 7.985225e-11
15730.00 7.966335e-11
15740.00 7.947500e-11
15750.00 7.928721e-11
15760.00 7.909997e-11
15770.00 7.891328e-11
15780.00 7.872715e-11
15790.00 7.854155e-11
15800.00 7.835650e-11
15810.00 7.817201e-11
15820.00 7.798805e-11
15830.00 7.780462e-11
15840.00 7.762175e-11
15850.00 7.743939e-11
15860.00 7.725758e-11
15870.00 7.707631e-11
15880.00 7.689556e-11
15890.00 7.671533e-11
15900.00 7.653564e-11
15910.00 7.635647e-11
15920.00 7.617782e-11
15930.00 7.599969e-11
15940.00 7.582208e-11
15950.00 7.564498e-11
15960.00 7.546841e-11
15970.00 7.529235e-11
15980.00 7.511680e-11
15990.00 7.494175e-11
16000.00 7.476723e-11
16010.00 7.459320e-11
16020.00 7.441968e-11
16030.00 7.424667e-11
16040.00 7.407415e-11
16050.00 7.390214e-11
16060.00 7.373062e-11
16070.00 7.355960e-11
16080.00 7.338907e-11
16090.00 7.321903e-11
16100.00 7.304949e-11
16110.00 7.288044e-11
16120.00 7.271188e-11
16130.00 7.254379e-11
16140.00 7.237620e-11
16150.00 7.220908e-11
16160.00 7.204246e-11
16170.00 7.187630e-11
16180.00 7.171063e-11
16190.00 7.154543e-11
16200.00 7.138070e-11
16210.00 7.121645e-11
16220.00 7.105267e-11
16230.00 7.088936e-11
16240.00 7.072652e-11
16250.00 7.056414e-11
16260.00 7.040222e-11
16270.00 7.024078e-11
16280.00 7.007979e-11
16290.00 6.991926e-11
16300.00 6.975919e-11
16310.00 6.959958e-11
16320.00 6.944043e-11
16330.00 6.928172e-11
16340.00 6.912347e-11
16350.00 6.896566e-11
16360.00 6.880832e-11
16370.00 6.865142e-11
16380.00 6.849495e-11
16390.00 6.833894e-11
16400.00 6.818337e-11
16410.00 6.802824e-11
16420.00 6.787356e-11
16430.00 6.771931e-11
16440.00 6.756549e-11
16450.00 6.741212e-11
16460.00 6.725917e-11
16470.00 6.710666e-11
16480.00 6.695458e-11
16490.00 6.680292e-11
16500.00 6.665170e-11
16510.00 6.650091e-11
16520.00 6.635054e-11
16530.00 6.620060e-11
16540.00 6.605107e-11
16550.00 6.590197e-11
16560.00 6.575329e-11
16570.00 6.560502e-11
16580.00 6.545717e-11
16590.00 6.530974e-11
16600.00 6.516272e-11
16610.00 6.501611e-11
16620.00 6.486992e-11
16630.00 6.472413e-11
16640.00 6.457876e-11
16650.00 6.443379e-11
16660.00 6.428922e-11
16670.00 6.414507e-11
16680.00 6.400131e-11
16690.00 6.385796e-11
16700.00 6.371500e-11
16710.00 6.357244e-11
16720.00 6.343029e-11
16730.00 6.328853e-11
16740.00 6.314717e-11
16750.00 6.300619e-11
16760.00 6.286561e-11
16770.00 6.272543e-11
16780.00 6.258562e-11
16790.00 6.244622e-11
16800.00 6.230718e-11
16810.00 6.216855e-11
16820.00 6.203030e-11
16830.00 6.189243e-11
16840.00 6.175494e-11
16850.00 6.161783e-11
16860.00 6.148111e-11
16870.00 6.134475e-11
16880.00 6.120878e-11
16890.00 6.107319e-11
16900.00 6.093797e-11
16910.00 6.080312e-11
16920.00 6.066864e-11
16930.00 6.053454e-11
16940.00 6.040080e-11
16950.00 6.026744e-11
16960.00 6.013443e-11
16970.00 6.000180e-11
16980.00 5.986953e-11
16990.00 5.973762e-11
17000.00 5.960608e-11
17010.00 5.947490e-11
17020.00 5.934407e-11
17030.00 5.921361e-11
17040.00 5.908350e-11
17050.00 5.895375e-11
17060.00 5.882436e-11
17070.00 5.869532e-11
17080.00 5.856663e-11
17090.00 5.843829e-11
17100.00 5.831031e-11
17110.00 5.818268e-11
17120.00 5.805539e-11
17130.00 5.792845e-11
17140.00 5.780186e-11
17150.00 5.767561e-11
17160.00 5.754970e-11
17170.00 5.742414e-11
17180.00 5.729892e-11
17190.00 5.717404e-11
17200.00 5.704950e-11
17210.00 5.692530e-11
17220.00 5.680143e-11
17230.00 5.667790e-11
17240.00 5.655471e-11
17250.00 5.643185e-11
17260.00 5.630932e-11
17270.00 5.618713e-11
17280.00 5.606526e-11
17290.00 5.594372e-11
17300.00 5.582251e-11
17310.00 5.570163e-11
17320.00 5.558109e-11
17330.00 5.546085e-11
17340.00 5.534095e-11
17350.00 5.522137e-11
17360.00 5.510212e-11
17370.00 5.498318e-11
17380.00 5.486457e-11
17390.00 5.474627e-11
17400.00 5.462828e-11
17410.00 5.451062e-11
17420.00 5.439328e-11
17430.00 5.427624e-11
17440.00 5.415953e-11
17450.00 5.404312e-11
17460.00 5.392703e-11
17470.00 5.381125e-11
17480.00 5.369578e-11
17490.00 5.358061e-11
17500.00 5.346576e-11
17510.00 5.335122e-11
17520.00 5.323697e-11
17530.00 5.312303e-11
17540.00 5.300940e-11
17550.00 5.289608e-11
17560.00 5.278305e-11
17570.00 5.267032e-11
17580.00 5.255790e-11
17590.00 5.244578e-11
17600.00 5.233394e-11
17610.00 5.222241e-11
17620.00 5.211118e-11
17630.00 5.200024e-11
17640.00 5.188959e-11
17650.00 5.177925e-11
17660.00 5.166918e-11
17670.00 5.155942e-11
17680.00 5.144994e-11
17690.00 5.134076e-11
17700.00 5.123186e-11
17710.00 5.112326e-11
17720.00 5.101493e-11
17730.00 5.090690e-11
17740.00 5.079915e-11
17750.00 5.069168e-11
17760.00 5.058450e-11
17770.00 5.047760e-11
17780.00 5.037098e-11
17790.00 5.026465e-11
17800.00 5.015860e-11
17810.00 5.005281e-11
17820.00 4.994732e-11
17830.00 4.984209e-11
17840.00 4.973715e-11
17850.00 4.963248e-11
17860.00 4.952808e-11
17870.00 4.942396e-11
17880.00 4.932011e-11
17890.00 4.921653e-11
17900.00 4.911324e-11
17910.00 4.901020e-11
17920.00 4.890743e-11
17930.00 4.880493e-11
17940.00 4.870271e-11
17950.00 4.860074e-11
17960.00 4.849906e-11
17970.00 4.839762e-11
17980.00 4.829646e-11
17990.00 4.819555e-11
18000.00 4.809492e-11
18010.00 4.799454e-11
18020.00 4.789442e-11
18030.00 4.779457e-11
18040.00 4.769497e-11
18050.00 4.759564e-11
18060.00 4.749656e-11
18070.00 4.739774e-11
18080.00 4.729917e-11
18090.00 4.720086e-11
18100.00 4.710281e-11
18110.00 4.700502e-11
18120.00 4.690746e-11
18130.00 4.681017e-11
18140.00 4.671313e-11
18150.00 4.661634e-11
18160.00 4.651979e-11
18170.00 4.642350e-11
18180.00 4.632746e-11
18190.00 4.623166e-11
18200.00 4.613612e-11
18210.00 4.604082e-11
18220.00 4.594576e-11
18230.00 4.585095e-11
18240.00 4.575638e-11
18250.00 4.566205e-11
18260.00 4.556797e-11
18270.00 4.547413e-11
18280.00 4.538053e-11
18290.00 4.528718e-11
18300.00 4.519406e-11
18310.00 4.510118e-11
18320.00 4.500853e-11
18330.00 4.491613e-11
18340.00 4.482396e-11
18350.00 4.473203e-11
18360.00 4.464032e-11
18370.00 4.454887e-11
18380.00 4.445764e-11
18390.00 4.436664e-11
18400.00 4.427587e-11
18410.00 4.418535e-11
18420.00 4.409504e-11
18430.00 4.400497e-11
18440.00 4.391513e-11
18450.00 4.382552e-11
18460.00 4.373613e-11
18470.00 4.364698e-11
18480.00 4.355804e-11
18490.00 4.346934e-11
18500.00 4.338086e-11
18510.00 4.329260e-11
18520.00 4.320457e-11
18530.00 4.311676e-11
18540.00 4.302918e-11
18550.00 4.294182e-11
18560.00 4.285468e-11
18570.00 4.276775e-11
18580.00 4.268106e-11
18590.00 4.259457e-11
18600.00 4.250831e-11
18610.00 4.242226e-11
18620.00 4.233644e-11
18630.00 4.225082e-11
18640.00 4.216543e-11
18650.00 4.208025e-11
18660.00 4.199528e-11
18670.00 4.191053e-11
18680.00 4.182599e-11
18690.00 4.174167e-11
18700.00 4.165755e-11
18710.00 4.157365e-11
18720.00 4.148996e-11
18730.00 4.140648e-11
18740.00 4.132321e-11
18750.00 4.124015e-11
18760.00 4.115729e-11
18770.00 4.107464e-11
18780.00 4.099220e-11
18790.00 4.090996e-11
18800.00 4.082794e-11
18810.00 4.074612e-11
18820.00 4.066450e-11
18830.00 4.058308e-11
18840.00 4.050187e-11
18850.00 4.042087e-11
18860.00 4.034006e-11
18870.00 4.025946e-11
18880.00 4.017906e-11
18890.00 4.009885e-11
18900.00 4.001884e-11
18910.00 3.993904e-11
18920.00 3.985944e-11
18930.00 3.978003e-11
18940.00 3.970082e-11
18950.00 3.962180e-11
18960.00 3.954299e-11
18970.00 3.946437e-11
18980.00 3.938594e-11
18990.00 3.930770e-11
19000.00 3.922967e-11
19010.00 3.915182e-11
19020.00 3.907417e-11
19030.00 3.899670e-11
19040.00 3.891944e-11
19050.00 3.884236e-11
19060.00 3.876547e-11
19070.00 3.868878e-11
19080.00 3.861227e-11
19090.00 3.853594e-11
19100.00 3.845981e-11
19110.00 3.838387e-11
19120.00 3.830811e-11
19130.00 3.823254e-11
19140.00 3.815716e-11
19150.00 3.808196e-11
19160.00 3.800695e-11
19170.00 3.793212e-11
19180.00 3.785747e-11
19190.00 3.778301e-11
19200.00 3.770873e-11
19210.00 3.763463e-11
19220.00 3.756072e-11
19230.00 3.748698e-11
19240.00 3.741342e-11
19250.00 3.734005e-11
19260.00 3.726685e-11
19270.00 3.719384e-11
19280.00 3.712100e-11
19290.00 3.704835e-11
19300.00 3.697586e-11
19310.00 3.690356e-11
19320.00 3.683142e-11
19330.00 3.675948e-11
19340.00 3.668770e-11
19350.00 3.661609e-11
19360.00 3.654467e-11
19370.00 3.647341e-11
19380.00 3.640233e-11
19390.00 3.633142e-11
19400.00 3.626068e-11
19410.00 3.619012e-11
19420.00 3.611973e-11
19430.00 3.604950e-11
19440.00 3.597945e-11
19450.00 3.590958e-11
19460.00 3.583986e-11
19470.00 3.577032e-11
19480.00 3.570094e-11
19490.00 3.563173e-11
19500.00 3.556270e-11
19510.00 3.549382e-11
19520.00 3.542511e-11
19530.00 3.535657e-11
19540.00 3.528819e-11
19550.00 3.521998e-11
19560.00 3.515194e-11
19570.00 3.508406e-11
19580.00 3.501634e-11
19590.00 3.494879e-11
19600.00 3.488139e-11
19610.00 3.481416e-11
19620.00 3.474709e-11
19630.00 3.468019e-11
19640.00 3.461343e-11
19650.00 3.454685e-11
19660.00 3.448043e-11
19670.00 3.441415e-11
19680.00 3.434805e-11
19690.00 3.428210e-11
19700.00 3.421630e-11
19710.00 3.415067e-11
19720.00 3.408519e-11
19730.00 3.401987e-11
19740.00 3.395470e-11
19750.00 3.388970e-11
19760.00 3.382484e-11
19770.00 3.376015e-11
19780.00 3.369560e-11
19790.00 3.363121e-11
19800.00 3.356697e-11
19810.00 3.350289e-11
19820.00 3.343896e-11
19830.00 3.337517e-11
19840.00 3.331155e-11
19850.00 3.324807e-11
19860.00 3.318475e-11
19870.00 3.312157e-11
19880.00 3.305855e-11
19890.00 3.299567e-11
19900.00 3.293295e-11
19910.00 3.287037e-11
19920.00 3.280795e-11
19930.00 3.274566e-11
19940.00 3.268353e-11
19950.00 3.262155e-11
19960.00 3.255971e-11
19970.00 3.249801e-11
19980.00 3.243646e-11
19990.00 3.237506e-11
20000.00 3.231380e-11
20010.00 3.225269e-11
20020.00 3.219173e-11
20030.00 3.213090e-11
20040.00 3.207022e-11
20050.00 3.200969e-11
20060.00 3.194928e-11
20070.00 3.188904e-11
20080.00 3.182892e-11
20090.00 3.176895e-11
20100.00 3.170913e-11
20110.00 3.164943e-11
20120.00 3.158988e-11
20130.00 3.153048e-11
20140.00 3.147121e-11
20150.00 3.141208e-11
20160.00 3.135309e-11
20170.00 3.129424e-11
20180.00 3.123552e-11
20190.00 3.117694e-11
20200.00 3.111850e-11
20210.00 3.106020e-11
20220.00 3.100203e-11
20230.00 3.094400e-11
20240.00 3.088610e-11
20250.00 3.082834e-11
20260.00 3.077072e-11
20270.00 3.071322e-11
20280.00 3.065587e-11
20290.00 3.059864e-11
20300.00 3.054155e-11
20310.00 3.048459e-11
20320.00 3.042777e-11
20330.00 3.037108e-11
20340.00 3.031452e-11
20350.00 3.025808e-11
20360.00 3.020179e-11
20370.00 3.014561e-11
20380.00 3.008958e-11
20390.00 3.003367e-11
20400.00 2.997789e-11
20410.00 2.992224e-11
20420.00 2.986672e-11
20430.00 2.981133e-11
20440.00 2.975607e-11
20450.00 2.970093e-11
20460.00 2.964592e-11
20470.00 2.959104e-11
20480.00 2.953629e-11
20490.00 2.948165e-11
20500.00 2.942715e-11
20510.00 2.937278e-11
20520.00 2.931853e-11
20530.00 2.926441e-11
20540.00 2.921041e-11
20550.00 2.915653e-11
20560.00 2.910278e-11
20570.00 2.904914e-11
20580.00 2.899564e-11
20590.00 2.894225e-11
20600.00 2.888900e-11
20610.00 2.883586e-11
20620.00 2.878284e-11
20630.00 2.872995e-11
20640.00 2.867718e-11
20650.00 2.862453e-11
20660.00 2.857200e-11
20670.00 2.851959e-11
20680.00 2.846729e-11
20690.00 2.841512e-11
20700.00 2.836307e-11
20710.00 2.831114e-11
20720.00 2.825932e-11
20730.00 2.820762e-11
20740.00 2.815604e-11
20750.00 2.810458e-11
20760.00 2.805324e-11
20770.00 2.800201e-11
20780.00 2.795090e-11
20790.00 2.789991e-11
20800.00 2.784904e-11
20810.00 2.779828e-11
20820.00 2.774763e-11
20830.00 2.769710e-11
20840.00 2.764668e-11
20850.00 2.759639e-11
20860.00 2.754619e-11
20870.00 2.749613e-11
20880.00 2.744616e-11
20890.00 2.739631e-11
20900.00 2.734658e-11
20910.00 2.729696e-11
20920.00 2.724746e-11
20930.00 2.719807e-11
20940.00 2.714878e-11
20950.00 2.709961e-11
20960.00 2.705054e-11
20970.00 2.700159e-11
20980.00 2.695275e-11
20990.00 2.690402e-11
21000.00 2.685540e-11
21010.00 2.680689e-11
21020.00 2.675849e-11
21030.00 2.671020e-11
21040.00 2.666202e-11
21050.00 2.661394e-11
21060.00 2.656597e-11
21070.00 2.651811e-11
21080.00 2.647037e-11
21090.00 2.642271e-11
21100.00 2.637518e-11
21110.00 2.632775e-11
21120.00 2.628042e-11
21130.00 2.623321e-11
21140.00 2.618610e-11
21150.00 2.613909e-11
21160.00 2.609219e-11
21170.00 2.604540e-11
21180.00 2.599871e-11
21190.00 2.595211e-11
21200.00 2.590564e-11
21210.00 2.585926e-11
21220.00 2.581298e-11
21230.00 2.576681e-11
21240.00 2.572074e-11
21250.00 2.567478e-11
21260.00 2.562892e-11
21270.00 2.558315e-11
21280.00 2.553749e-11
21290.00 2.549193e-11
21300.00 2.544648e-11
21310.00 2.540113e-11
21320.00 2.535587e-11
21330.00 2.531072e-11
21340.00 2.526567e-11
21350.00 2.522071e-11
21360.00 2.517586e-11
21370.00 2.513111e-11
21380.00 2.508645e-11
21390.00 2.504189e-11
21400.00 2.499744e-11
21410.00 2.495308e-11
21420.00 2.490883e-11
21430.00 2.486466e-11
21440.00 2.482060e-11
21450.00 2.477663e-11
21460.00 2.473276e-11
21470.00 2.468899e-11
21480.00 2.464531e-11
21490.00 2.460173e-11
21500.00 2.455825e-11
21510.00 2.451486e-11
21520.00 2.447157e-11
21530.00 2.442837e-11
21540.00 2.438528e-11
21550.00 2.434227e-11
21560.00 2.429935e-11
21570.00 2.425654e-11
21580.00 2.421381e-11
21590.00 2.417118e-11
21600.00 2.412865e-11
21610.00 2.408621e-11
21620.00 2.404386e-11
21630.00 2.400160e-11
21640.00 2.395944e-11
21650.00 2.391737e-11
21660.00 2.387539e-11
21670.00 2.383351e-11
21680.00 2.379171e-11
21690.00 2.375001e-11
21700.00 2.370839e-11
21710.00 2.366687e-11
21720.00 2.362544e-11
21730.00 2.358410e-11
21740.00 2.354285e-11
21750.00 2.350169e-11
21760.00 2.346063e-11
21770.00 2.341965e-11
21780.00 2.337875e-11
21790.00 2.333795e-11
21800.00 2.329724e-11
21810.00 2.325661e-11
21820.00 2.321608e-11
21830.00 2.317563e-11
21840.00 2.313528e-11
21850.00 2.309500e-11
21860.00 2.305481e-11
21870.00 2.301472e-11
21880.00 2.297471e-11
21890.00 2.293478e-11
21900.00 2.289494e-11
21910.00 2.285519e-11
21920.00 2.281553e-11
21930.00 2.277596e-11
21940.00 2.273646e-11
21950.00 2.269705e-11
21960.00 2.265773e-11
21970.00 2.261849e-11
21980.00 2.257934e-11
21990.00 2.254028e-11
22000.00 2.250129e-11
22010.00 2.246239e-11
22020.00 2.242357e-11
22030.00 2.238484e-11
22040.00 2.234619e-11
22050.00 2.230763e-11
22060.00 2.226915e-11
22070.00 2.223075e-11
22080.00 2.219243e-11
22090.00 2.215420e-11
22100.00 2.211605e-11
22110.00 2.207799e-11
22120.00 2.203999e-11
22130.00 2.200208e-11
22140.00 2.196427e-11
22150.00 2.192652e-11
22160.00 2.188886e-11
22170.00 2.185128e-11
22180.00 2.181378e-11
22190.00 2.177636e-11
22200.00 2.173901e-11
22210.00 2.170176e-11
22220.00 2.166457e-11
22230.00 2.162747e-11
22240.00 2.159044e-11
22250.00 2.155350e-11
22260.00 2.151664e-11
22270.00 2.147986e-11
22280.00 2.144314e-11
22290.00 2.140652e-11
22300.00 2.136997e-11
22310.00 2.133350e-11
22320.00 2.129710e-11
22330.00 2.126078e-11
22340.00 2.122454e-11
22350.00 2.118838e-11
22360.00 2.115229e-11
22370.00 2.111628e-11
22380.00 2.108034e-11
22390.00 2.104449e-11
22400.00 2.100871e-11
22410.00 2.097300e-11
22420.00 2.093737e-11
22430.00 2.090182e-11
22440.00 2.086634e-11
22450.00 2.083094e-11
22460.00 2.079561e-11
22470.00 2.076036e-11
22480.00 2.072518e-11
22490.00 2.069008e-11
22500.00 2.065504e-11
22510.00 2.062009e-11
22520.00 2.058521e-11
22530.00 2.055040e-11
22540.00 2.051567e-11
22550.00 2.048100e-11
22560.00 2.044642e-11
22570.00 2.041190e-11
22580.00 2.037746e-11
22590.00 2.034309e-11
22600.00 2.030879e-11
22610.00 2.027455e-11
22620.00 2.024040e-11
22630.00 2.020632e-11
22640.00 2.017231e-11
22650.00 2.013837e-11
22660.00 2.010450e-11
22670.00 2.007070e-11
22680.00 2.003698e-11
22690.00 2.000333e-11
22700.00 1.996974e-11
22710.00 1.993623e-11
22720.00 1.990279e-11
22730.00 1.986941e-11
22740.00 1.983611e-11
22750.00 1.980287e-11
22760.00 1.976971e-11
22770.00 1.973661e-11
22780.00 1.970358e-11
22790.00 1.967063e-11
22800.00 1.963773e-11
22810.00 1.960491e-11
22820.00 1.957217e-11
22830.00 1.953948e-11
22840.00 1.950686e-11
22850.00 1.947432e-11
22860.00 1.944184e-11
22870.00 1.940942e-11
22880.00 1.937708e-11
22890.00 1.934480e-11
22900.00 1.931260e-11
22910.00 1.928046e-11
22920.00 1.924838e-11
22930.00 1.921637e-11
22940.00 1.918442e-11
22950.00 1.915255e-11
22960.00 1.912074e-11
22970.00 1.908899e-11
22980.00 1.905731e-11
22990.00 1.902570e-11
23000.00 1.899415e-11
23010.00 1.896267e-11
23020.00 1.893125e-11
23030.00 1.889989e-11
23040.00 1.886861e-11
23050.00 1.883739e-11
23060.00 1.880622e-11
23070.00 1.877513e-11
23080.00 1.874410e-11
23090.00 1.871314e-11
23100.00 1.868223e-11
23110.00 1.865140e-11
23120.00 1.862062e-11
23130.00 1.858991e-11
23140.00 1.855926e-11
23150.00 1.852868e-11
23160.00 1.849815e-11
23170.00 1.846769e-11
23180.00 1.843730e-11
23190.00 1.840696e-11
23200.00 1.837669e-11
23210.00 1.834648e-11
23220.00 1.831633e-11
23230.00 1.828625e-11
23240.00 1.825623e-11
23250.00 1.822626e-11
23260.00 1.819635e-11
23270.00 1.816651e-11
23280.00 1.813674e-11
23290.00 1.810701e-11
23300.00 1.807736e-11
23310.00 1.804777e-11
23320.00 1.801823e-11
23330.00 1.798875e-11
23340.00 1.795933e-11
23350.00 1.792998e-11
23360.00 1.790069e-11
23370.00 1.787145e-11
23380.00 1.784227e-11
23390.00 1.781315e-11
23400.00 1.778410e-11
23410.00 1.775510e-11
23420.00 1.772616e-11
23430.00 1.769728e-11
23440.00 1.766845e-11
23450.00 1.763969e-11
23460.00 1.761099e-11
23470.00 1.758234e-11
23480.00 1.755375e-11
23490.00 1.752522e-11
23500.00 1.749675e-11
23510.00 1.746833e-11
23520.00 1.743998e-11
23530.00 1.741168e-11
23540.00 1.738344e-11
23550.00 1.735525e-11
23560.00 1.732711e-11
23570.00 1.729905e-11
23580.00 1.727103e-11
23590.00 1.724307e-11
23600.00 1.721518e-11
23610.00 1.718733e-11
23620.00 1.715954e-11
23630.00 1.713181e-11
23640.00 1.710413e-11
23650.00 1.707651e-11
23660.00 1.704894e-11
23670.00 1.702143e-11
23680.00 1.699397e-11
23690.00 1.696658e-11
23700.00 1.693923e-11
23710.00 1.691194e-11
23720.00 1.688471e-11
23730.00 1.685753e-11
23740.00 1.683041e-11
23750.00 1.680333e-11
23760.00 1.677632e-11
23770.00 1.674935e-11
23780.00 1.672245e-11
23790.00 1.669560e-11
23800.00 1.666880e-11
23810.00 1.664205e-11
23820.00 1.661536e-11
23830.00 1.658872e-11
23840.00 1.656214e-11
23850.00 1.653561e-11
23860.00 1.650913e-11
23870.00 1.648270e-11
23880.00 1.645632e-11
23890.00 1.643000e-11
23900.00 1.640373e-11
23910.00 1.637751e-11
23920.00 1.635135e-11
23930.00 1.632524e-11
23940.00 1.629918e-11
23950.00 1.627318e-11
23960.00 1.624722e-11
23970.00 1.622131e-11
23980.00 1.619546e-11
23990.00 1.616966e-11
24000.00 1.614391e-11
24010.00 1.611821e-11
24020.00 1.609256e-11
24030.00 1.606696e-11
24040.00 1.604142e-11
24050.00 1.601593e-11
24060.00 1.599048e-11
24070.00 1.596508e-11
24080.00 1.593975e-11
24090.00 1.591445e-11
24100.00 1.588921e-11
24110.00 1.586401e-11
24120.00 1.583887e-11
24130.00 1.581378e-11
24140.00 1.578873e-11
24150.00 1.576373e-11
24160.00 1.573879e-11
24170.00 1.571389e-11
24180.00 1.568905e-11
24190.00 1.566425e-11
24200.00 1.563950e-11
24210.00 1.561480e-11
24220.00 1.559015e-11
24230.00 1.556554e-11
24240.00 1.554099e-11
24250.00 1.551649e-11
24260.00 1.549203e-11
24270.00 1.546762e-11
24280.00 1.544326e-11
24290.00 1.541894e-11
24300.00 1.539468e-11
24310.00 1.537046e-11
24320.00 1.534629e-11
24330.00 1.532216e-11
24340.00 1.529809e-11
24350.00 1.527406e-11
24360.00 1.525008e-11
24370.00 1.522615e-11
24380.00 1.520226e-11
24390.00 1.517841e-11
24400.00 1.515462e-11
24410.00 1.513088e-11
24420.00 1.510718e-11
24430.00 1.508352e-11
24440.00 1.505991e-11
24450.00 1.503634e-11
24460.00 1.501283e-11
24470.00 1.498936e-11
24480.00 1.496594e-11
24490.00 1.494256e-11
24500.00 1.491922e-11
24510.00 1.489594e-11
24520.00 1.487269e-11
24530.00 1.484949e-11
24540.00 1.482634e-11
24550.00 1.480323e-11
24560.00 1.478018e-11
24570.00 1.475715e-11
24580.00 1.473418e-11
24590.00 1.471126e-11
24600.00 1.468837e-11
24610.00 1.466553e-11
24620.00 1.464274e-11
24630.00 1.461999e-11
24640.00 1.459728e-11
24650.00 1.457462e-11
24660.00 1.455200e-11
24670.00 1.452943e-11
24680.00 1.450690e-11
24690.00 1.448441e-11
24700.00 1.446197e-11
24710.00 1.443957e-11
24720.00 1.441721e-11
24730.00 1.439490e-11
24740.00 1.437263e-11
24750.00 1.435040e-11
24760.00 1.432821e-11
24770.00 1.430607e-11
24780.00 1.428397e-11
24790.00 1.426192e-11
24800.00 1.423990e-11
24810.00 1.421793e-11
24820.00 1.419601e-11
24830.00 1.417412e-11
24840.00 1.415227e-11
24850.00 1.413047e-11
24860.00 1.410871e-11
24870.00 1.408699e-11
24880.00 1.406531e-11
24890.00 1.404367e-11
24900.00 1.402208e-11
24910.00 1.400053e-11
24920.00 1.397902e-11
24930.00 1.395755e-11
24940.00 1.393612e-11
24950.00 1.391474e-11
24960.00 1.389339e-11
24970.00 1.387208e-11
24980.00 1.385082e-11
24990.00 1.382959e-11
25000.00 1.380841e-11
