1000.00 1.499382e-14
1010.00 1.704277e-14
1020.00 1.921886e-14
1030.00 2.152857e-14
1040.00 2.397861e-14
1050.00 2.657591e-14
1060.00 2.932748e-14
1070.00 3.224042e-14
1080.00 3.532177e-14
1090.00 3.857853e-14
1100.00 4.201761e-14
1110.00 4.564578e-14
1120.00 4.946958e-14
1130.00 5.353070e-14
1140.00 5.784477e-14
1150.00 6.242672e-14
1160.00 6.729215e-14
1170.00 7.245735e-14
1180.00 7.793926e-14
1190.00 8.375576e-14
1200.00 8.992541e-14
1210.00 9.646750e-14
1220.00 1.034020e-13
1230.00 1.107496e-13
1240.00 1.185282e-13
1250.00 1.267775e-13
1260.00 1.355335e-13
1270.00 1.449100e-13
1280.00 1.549457e-13
1290.00 1.656813e-13
1300.00 1.771598e-13
1310.00 1.894263e-13
1320.00 2.025279e-13
1330.00 2.165145e-13
1340.00 2.314382e-13
1350.00 2.473537e-13
1360.00 2.643186e-13
1370.00 2.823935e-13
1380.00 3.016417e-13
1390.00 3.221294e-13
1400.00 3.439252e-13
1410.00 3.671015e-13
1420.00 3.917343e-13
1430.00 4.179030e-13
1440.00 4.456904e-13
1450.00 4.751839e-13
1460.00 5.064742e-13
1470.00 5.396569e-13
1480.00 5.748317e-13
1490.00 6.121030e-13
1500.00 6.515808e-13
1510.00 6.933798e-13
1520.00 7.376203e-13
1530.00 7.844292e-13
1540.00 8.339401e-13
1550.00 8.862940e-13
1560.00 9.416368e-13
1570.00 1.000126e-12
1580.00 1.061921e-12
1590.00 1.127196e-12
1600.00 1.196133e-12
1610.00 1.268924e-12
1620.00 1.345776e-12
1630.00 1.426904e-12
1640.00 1.512541e-12
1650.00 1.602933e-12
1660.00 1.698343e-12
1670.00 1.799054e-12
1680.00 1.905366e-12
1690.00 2.017605e-12
1700.00 2.136117e-12
1710.00 2.261250e-12
1720.00 2.393418e-12
1730.00 2.533078e-12
1740.00 2.680722e-12
1750.00 2.836887e-12
1760.00 3.002161e-12
1770.00 3.177188e-12
1780.00 3.362680e-12
1790.00 3.559415e-12
1800.00 3.768254e-12
1810.00 3.990176e-12
1820.00 4.226209e-12
1830.00 4.477517e-12
1840.00 4.745389e-12
1850.00 5.031259e-12
1860.00 5.336714e-12
1870.00 5.663904e-12
1880.00 6.017298e-12
1890.00 6.401038e-12
1900.00 6.825210e-12
1910.00 7.266134e-12
1920.00 7.736738e-12
1930.00 8.245010e-12
1940.00 8.801337e-12
1950.00 9.419434e-12
1960.00 1.011650e-11
1970.00 1.087726e-11
1980.00 1.172274e-11
1990.00 1.260604e-11
2000.00 1.382198e-11
2010.00 1.500648e-11
2020.00 1.627285e-11
2030.00 1.752935e-11
2040.00 1.885849e-11
2050.00 2.044711e-11
2060.00 2.220432e-11
2070.00 2.383714e-11
2080.00 2.553346e-11
2090.00 2.738195e-11
2100.00 2.940823e-11
2110.00 3.149684e-11
2120.00 3.362755e-11
2130.00 3.608891e-11
2140.00 3.858490e-11
2150.00 4.072034e-11
2160.00 4.269264e-11
2170.00 4.461337e-11
2180.00 4.640671e-11
2190.00 4.809289e-11
2200.00 4.939169e-11
2210.00 5.060608e-11
2220.00 5.204126e-11
2230.00 5.323508e-11
2240.00 5.440326e-11
2250.00 5.542167e-11
2260.00 5.635257e-11
2270.00 5.728122e-11
2280.00 5.825328e-11
2290.00 5.902145e-11
2300.00 5.976969e-11
2310.00 5.981081e-11
2320.00 5.955896e-11
2330.00 5.978537e-11
2340.00 6.015468e-11
2350.00 6.034381e-11
2360.00 6.052904e-11
2370.00 6.045068e-11
2380.00 6.038063e-11
2390.00 5.994789e-11
2400.00 5.957351e-11
2410.00 5.907219e-11
2420.00 5.825135e-11
2430.00 5.759803e-11
2440.00 5.741124e-11
2450.00 5.721197e-11
2460.00 5.688222e-11
2470.00 5.656270e-11
2480.00 5.638654e-11
2490.00 5.642151e-11
2500.00 5.628302e-11
2510.00 5.618492e-11
2520.00 5.657047e-11
2530.00 5.578590e-11
2540.00 5.371590e-11
2550.00 5.292397e-11
2560.00 5.253916e-11
2570.00 5.228989e-11
2580.00 5.193785e-11
2590.00 5.220922e-11
2600.00 5.236994e-11
2610.00 5.316866e-11
2620.00 5.391247e-11
2630.00 5.542327e-11
2640.00 5.689217e-11
2650.00 5.849698e-11
2660.00 6.047268e-11
2670.00 6.246230e-11
2680.00 6.458547e-11
2690.00 6.654746e-11
2700.00 6.841769e-11
2710.00 7.062053e-11
2720.00 7.339085e-11
2730.00 7.656789e-11
2740.00 7.859265e-11
2750.00 8.025530e-11
2760.00 8.264557e-11
2770.00 8.569426e-11
2780.00 8.907236e-11
2790.00 9.203830e-11
2800.00 9.478487e-11
2810.00 9.774305e-11
2820.00 1.015228e-10
2830.00 1.062146e-10
2840.00 1.117100e-10
2850.00 1.179411e-10
2860.00 1.244951e-10
2870.00 1.308750e-10
2880.00 1.366463e-10
2890.00 1.418647e-10
2900.00 1.469413e-10
2910.00 1.516479e-10
2920.00 1.556643e-10
2930.00 1.590142e-10
2940.00 1.633229e-10
2950.00 1.689563e-10
2960.00 1.733356e-10
2970.00 1.769510e-10
2980.00 1.800622e-10
2990.00 1.830297e-10
3000.00 1.864473e-10
3010.00 1.896677e-10
3020.00 1.917069e-10
3030.00 1.927568e-10
3040.00 1.919346e-10
3050.00 1.899917e-10
3060.00 1.881317e-10
3070.00 1.867095e-10
3080.00 1.866084e-10
3090.00 1.872369e-10
3100.00 1.891393e-10
3110.00 1.918537e-10
3120.00 1.956354e-10
3130.00 1.999863e-10
3140.00 2.042861e-10
3150.00 2.079132e-10
3160.00 2.117684e-10
3170.00 2.149511e-10
3180.00 2.175103e-10
3190.00 2.207721e-10
3200.00 2.238734e-10
3210.00 2.271781e-10
3220.00 2.313371e-10
3230.00 2.352744e-10
3240.00 2.390548e-10
3250.00 2.441407e-10
3260.00 2.473338e-10
3270.00 2.504186e-10
3280.00 2.528349e-10
3290.00 2.558491e-10
3300.00 2.584906e-10
3310.00 2.629154e-10
3320.00 2.674442e-10
3330.00 2.742906e-10
3340.00 2.848979e-10
3350.00 2.969182e-10
3360.00 3.103341e-10
3370.00 3.249491e-10
3380.00 3.415741e-10
3390.00 3.571542e-10
3400.00 3.709565e-10
3410.00 3.854527e-10
3420.00 3.989194e-10
3430.00 4.133207e-10
3440.00 4.290340e-10
3450.00 4.442956e-10
3460.00 4.603974e-10
3470.00 4.770562e-10
3480.00 4.927660e-10
3490.00 5.071956e-10
3500.00 5.217241e-10
3510.00 5.374470e-10
3520.00 5.526740e-10
3530.00 5.650977e-10
3540.00 5.741888e-10
3550.00 5.817934e-10
3560.00 5.892284e-10
3570.00 5.950516e-10
3580.00 5.971025e-10
3590.00 5.955889e-10
3600.00 5.917003e-10
3610.00 5.843067e-10
3620.00 5.740144e-10
3630.00 5.618949e-10
3640.00 5.478625e-10
3650.00 5.336980e-10
3660.00 5.193649e-10
3670.00 5.045872e-10
3680.00 4.907781e-10
3690.00 4.787092e-10
3700.00 4.678530e-10
3710.00 4.565740e-10
3720.00 4.453524e-10
3730.00 4.381540e-10
3740.00 4.348642e-10
3750.00 4.352473e-10
3760.00 4.385822e-10
3770.00 4.459894e-10
3780.00 4.603715e-10
3790.00 4.845624e-10
3800.00 5.212988e-10
3810.00 5.720751e-10
3820.00 6.293573e-10
3830.00 6.929532e-10
3840.00 7.581625e-10
3850.00 8.264823e-10
3860.00 8.998736e-10
3870.00 9.766037e-10
3880.00 1.060290e-09
3890.00 1.148765e-09
3900.00 1.239469e-09
3910.00 1.339055e-09
3920.00 1.437401e-09
3930.00 1.513419e-09
3940.00 1.548633e-09
3950.00 1.600704e-09
3960.00 1.687394e-09
3970.00 1.779050e-09
3980.00 1.854309e-09
3990.00 1.896814e-09
4000.00 1.917800e-09
4010.00 1.936985e-09
4020.00 1.926654e-09
4030.00 1.862111e-09
4040.00 1.746753e-09
4050.00 1.618886e-09
4060.00 1.515050e-09
4070.00 1.440947e-09
4080.00 1.378717e-09
4090.00 1.302372e-09
4100.00 1.245684e-09
4110.00 1.228401e-09
4120.00 1.193187e-09
4130.00 1.138076e-09
4140.00 1.098156e-09
4150.00 1.070562e-09
4160.00 1.071740e-09
4170.00 1.085593e-09
4180.00 1.093761e-09
4190.00 1.089739e-09
4200.00 1.066058e-09
4210.00 1.057239e-09
4220.00 1.061004e-09
4230.00 1.066754e-09
4240.00 1.090764e-09
4250.00 1.133309e-09
4260.00 1.197021e-09
4270.00 1.255259e-09
4280.00 1.283305e-09
4290.00 1.270396e-09
4300.00 1.218840e-09
4310.00 1.152423e-09
4320.00 1.121853e-09
4330.00 1.156625e-09
4340.00 1.188734e-09
4350.00 1.185545e-09
4360.00 1.145141e-09
4370.00 1.072337e-09
4380.00 1.035731e-09
4390.00 1.045400e-09
4400.00 1.059281e-09
4410.00 1.050377e-09
4420.00 1.008058e-09
4430.00 9.594164e-10
4440.00 9.533134e-10
4450.00 9.769710e-10
4460.00 1.005394e-09
4470.00 1.037825e-09
4480.00 1.080583e-09
4490.00 1.150450e-09
4500.00 1.263027e-09
4510.00 1.413656e-09
4520.00 1.563826e-09
4530.00 1.704983e-09
4540.00 1.849885e-09
4550.00 1.986642e-09
4560.00 2.121741e-09
4570.00 2.256153e-09
4580.00 2.381607e-09
4590.00 2.490676e-09
4600.00 2.578587e-09
4610.00 2.649254e-09
4620.00 2.701223e-09
4630.00 2.731462e-09
4640.00 2.729120e-09
4650.00 2.701809e-09
4660.00 2.659874e-09
4670.00 2.626102e-09
4680.00 2.632301e-09
4690.00 2.628321e-09
4700.00 2.575735e-09
4710.00 2.489796e-09
4720.00 2.354865e-09
4730.00 2.209139e-09
4740.00 2.089174e-09
4750.00 1.970573e-09
4760.00 1.853847e-09
4770.00 1.746778e-09
4780.00 1.640871e-09
4790.00 1.538290e-09
4800.00 1.451436e-09
4810.00 1.383285e-09
4820.00 1.350623e-09
4830.00 1.383056e-09
4840.00 1.456636e-09
4850.00 1.516416e-09
4860.00 1.547848e-09
4870.00 1.517161e-09
4880.00 1.426219e-09
4890.00 1.361657e-09
4900.00 1.343072e-09
4910.00 1.382864e-09
4920.00 1.518241e-09
4930.00 1.721981e-09
4940.00 1.957062e-09
4950.00 2.208982e-09
4960.00 2.417833e-09
4970.00 2.548063e-09
4980.00 2.601521e-09
4990.00 2.560876e-09
5000.00 2.462960e-09
5010.00 2.301307e-09
5020.00 2.082493e-09
5030.00 1.870679e-09
5040.00 1.687255e-09
5050.00 1.567513e-09
5060.00 1.514701e-09
5070.00 1.500976e-09
5080.00 1.518514e-09
5090.00 1.572882e-09
5100.00 1.633769e-09
5110.00 1.681534e-09
5120.00 1.708286e-09
5130.00 1.702439e-09
5140.00 1.703710e-09
5150.00 1.699114e-09
5160.00 1.691366e-09
5170.00 1.682150e-09
5180.00 1.657158e-09
5190.00 1.643906e-09
5200.00 1.642166e-09
5210.00 1.666661e-09
5220.00 1.730700e-09
5230.00 1.825572e-09
5240.00 1.949008e-09
5250.00 2.069858e-09
5260.00 2.157059e-09
5270.00 2.231774e-09
5280.00 2.299411e-09
5290.00 2.363795e-09
5300.00 2.432154e-09
5310.00 2.481382e-09
5320.00 2.505917e-09
5330.00 2.516781e-09
5340.00 2.534775e-09
5350.00 2.552327e-09
5360.00 2.561522e-09
5370.00 2.562096e-09
5380.00 2.544049e-09
5390.00 2.517200e-09
5400.00 2.476763e-09
5410.00 2.421310e-09
5420.00 2.350908e-09
5430.00 2.290471e-09
5440.00 2.269181e-09
5450.00 2.284416e-09
5460.00 2.339738e-09
5470.00 2.423373e-09
5480.00 2.510339e-09
5490.00 2.590044e-09
5500.00 2.658762e-09
5510.00 2.683521e-09
5520.00 2.658271e-09
5530.00 2.611326e-09
5540.00 2.537307e-09
5550.00 2.454622e-09
5560.00 2.389264e-09
5570.00 2.337879e-09
5580.00 2.304263e-09
5590.00 2.291612e-09
5600.00 2.292577e-09
5610.00 2.292254e-09
5620.00 2.285896e-09
5630.00 2.261100e-09
5640.00 2.193685e-09
5650.00 2.078466e-09
5660.00 1.918535e-09
5670.00 1.724755e-09
5680.00 1.521645e-09
5690.00 1.334571e-09
5700.00 1.184524e-09
5710.00 1.096163e-09
5720.00 1.069373e-09
5730.00 1.100442e-09
5740.00 1.189635e-09
5750.00 1.321735e-09
5760.00 1.495049e-09
5770.00 1.697506e-09
5780.00 1.908414e-09
5790.00 2.114074e-09
5800.00 2.295355e-09
5810.00 2.452117e-09
5820.00 2.587419e-09
5830.00 2.698505e-09
5840.00 2.787200e-09
5850.00 2.838924e-09
5860.00 2.834903e-09
5870.00 2.744264e-09
5880.00 2.638143e-09
5890.00 2.591523e-09
5900.00 2.582508e-09
5910.00 2.627577e-09
5920.00 2.665111e-09
5930.00 2.646925e-09
5940.00 2.615830e-09
5950.00 2.577441e-09
5960.00 2.528312e-09
5970.00 2.470736e-09
5980.00 2.409171e-09
5990.00 2.353378e-09
6000.00 2.297459e-09
6010.00 2.228358e-09
6020.00 2.152201e-09
6030.00 2.076385e-09
6040.00 2.012726e-09
6050.00 1.979899e-09
6060.00 1.976532e-09
6070.00 1.984812e-09
6080.00 1.994279e-09
6090.00 1.986148e-09
6100.00 1.946672e-09
6110.00 1.889613e-09
6120.00 1.829778e-09
6130.00 1.784964e-09
6140.00 1.774404e-09
6150.00 1.798892e-09
6160.00 1.846813e-09
6170.00 1.896860e-09
6180.00 1.934514e-09
6190.00 1.948501e-09
6200.00 1.925018e-09
6210.00 1.861350e-09
6220.00 1.766588e-09
6230.00 1.654916e-09
6240.00 1.542515e-09
6250.00 1.448479e-09
6260.00 1.374891e-09
6270.00 1.323694e-09
6280.00 1.292619e-09
6290.00 1.278550e-09
6300.00 1.282145e-09
6310.00 1.294529e-09
6320.00 1.315550e-09
6330.00 1.348827e-09
6340.00 1.401126e-09
6350.00 1.476538e-09
6360.00 1.565610e-09
6370.00 1.652365e-09
6380.00 1.724560e-09
6390.00 1.784089e-09
6400.00 1.842529e-09
6410.00 1.894538e-09
6420.00 1.931317e-09
6430.00 1.951915e-09
6440.00 1.950900e-09
6450.00 1.936794e-09
6460.00 1.905954e-09
6470.00 1.844402e-09
6480.00 1.762070e-09
6490.00 1.665818e-09
6500.00 1.568311e-09
6510.00 1.494306e-09
6520.00 1.446263e-09
6530.00 1.434018e-09
6540.00 1.444034e-09
6550.00 1.471728e-09
6560.00 1.549838e-09
6570.00 1.657831e-09
6580.00 1.793143e-09
6590.00 1.936139e-09
6600.00 2.043991e-09
6610.00 2.126117e-09
6620.00 2.188916e-09
6630.00 2.239056e-09
6640.00 2.269747e-09
6650.00 2.272635e-09
6660.00 2.260832e-09
6670.00 2.242439e-09
6680.00 2.220329e-09
6690.00 2.192805e-09
6700.00 2.157218e-09
6710.00 2.111040e-09
6720.00 2.064566e-09
6730.00 2.028257e-09
6740.00 2.004525e-09
6750.00 1.995325e-09
6760.00 1.960562e-09
6770.00 1.871914e-09
6780.00 1.768867e-09
6790.00 1.672316e-09
6800.00 1.611156e-09
6810.00 1.614887e-09
6820.00 1.628681e-09
6830.00 1.619768e-09
6840.00 1.591991e-09
6850.00 1.545812e-09
6860.00 1.495059e-09
6870.00 1.446140e-09
6880.00 1.410322e-09
6890.00 1.390196e-09
6900.00 1.380585e-09
6910.00 1.396143e-09
6920.00 1.445227e-09
6930.00 1.518952e-09
6940.00 1.616424e-09
6950.00 1.722973e-09
6960.00 1.808275e-09
6970.00 1.875871e-09
6980.00 1.934322e-09
6990.00 1.974124e-09
7000.00 2.009443e-09
7010.00 2.043176e-09
7020.00 2.051980e-09
7030.00 2.041780e-09
7040.00 2.021781e-09
7050.00 1.980265e-09
7060.00 1.927214e-09
7070.00 1.859228e-09
7080.00 1.756651e-09
7090.00 1.646253e-09
7100.00 1.564012e-09
7110.00 1.518638e-09
7120.00 1.507697e-09
7130.00 1.513126e-09
7140.00 1.514272e-09
7150.00 1.510359e-09
7160.00 1.514200e-09
7170.00 1.522466e-09
7180.00 1.522578e-09
7190.00 1.527796e-09
7200.00 1.548289e-09
7210.00 1.577115e-09
7220.00 1.616821e-09
7230.00 1.661914e-09
7240.00 1.695086e-09
7250.00 1.709739e-09
7260.00 1.714014e-09
7270.00 1.707605e-09
7280.00 1.684519e-09
7290.00 1.661700e-09
7300.00 1.640192e-09
7310.00 1.607892e-09
7320.00 1.579589e-09
7330.00 1.558792e-09
7340.00 1.537565e-09
7350.00 1.523591e-09
7360.00 1.519858e-09
7370.00 1.520778e-09
7380.00 1.529170e-09
7390.00 1.544669e-09
7400.00 1.565516e-09
7410.00 1.584733e-09
7420.00 1.594864e-09
7430.00 1.608957e-09
7440.00 1.615767e-09
7450.00 1.609684e-09
7460.00 1.607327e-09
7470.00 1.598608e-09
7480.00 1.573984e-09
7490.00 1.546053e-09
7500.00 1.516930e-09
7510.00 1.487525e-09
7520.00 1.458890e-09
7530.00 1.430184e-09
7540.00 1.400829e-09
7550.00 1.369515e-09
7560.00 1.336925e-09
7570.00 1.304687e-09
7580.00 1.272843e-09
7590.00 1.241320e-09
7600.00 1.210777e-09
7610.00 1.180534e-09
7620.00 1.141743e-09
7630.00 1.106396e-09
7640.00 1.090284e-09
7650.00 1.100608e-09
7660.00 1.132378e-09
7670.00 1.183060e-09
7680.00 1.236085e-09
7690.00 1.285723e-09
7700.00 1.349947e-09
7710.00 1.414138e-09
7720.00 1.449101e-09
7730.00 1.464213e-09
7740.00 1.467615e-09
7750.00 1.455172e-09
7760.00 1.438175e-09
7770.00 1.431101e-09
7780.00 1.429081e-09
7790.00 1.411707e-09
7800.00 1.397655e-09
7810.00 1.400271e-09
7820.00 1.392215e-09
7830.00 1.387312e-09
7840.00 1.409783e-09
7850.00 1.428379e-09
7860.00 1.427143e-09
7870.00 1.412837e-09
7880.00 1.379072e-09
7890.00 1.348262e-09
7900.00 1.326674e-09
7910.00 1.310757e-09
7920.00 1.310692e-09
7930.00 1.303137e-09
7940.00 1.289671e-09
7950.00 1.267803e-09
7960.00 1.222703e-09
7970.00 1.189677e-09
7980.00 1.175197e-09
7990.00 1.165324e-09
8000.00 1.162008e-09
8010.00 1.147612e-09
8020.00 1.124708e-09
8030.00 1.098563e-09
8040.00 1.061885e-09
8050.00 1.027183e-09
8060.00 1.004743e-09
8070.00 9.912846e-10
8080.00 9.834658e-10
8090.00 9.863227e-10
8100.00 9.981844e-10
8110.00 9.964238e-10
8120.00 9.801953e-10
8130.00 9.624891e-10
8140.00 9.511813e-10
8150.00 9.585064e-10
8160.00 9.566543e-10
8170.00 9.187516e-10
8180.00 8.618074e-10
8190.00 8.061726e-10
8200.00 7.495818e-10
8210.00 6.867528e-10
8220.00 6.190445e-10
8230.00 5.576835e-10
8240.00 5.114196e-10
8250.00 4.636668e-10
8260.00 4.193315e-10
8270.00 3.867653e-10
8280.00 3.569526e-10
8290.00 3.333183e-10
8300.00 3.189571e-10
8310.00 3.096974e-10
8320.00 3.112896e-10
8330.00 3.198631e-10
8340.00 3.315994e-10
8350.00 3.494820e-10
8360.00 3.738318e-10
8370.00 4.062593e-10
8380.00 4.301341e-10
8390.00 4.535842e-10
8400.00 4.888120e-10
8410.00 5.166554e-10
8420.00 5.318410e-10
8430.00 5.377576e-10
8440.00 5.457250e-10
8450.00 5.801305e-10
8460.00 6.379972e-10
8470.00 6.842896e-10
8480.00 7.276945e-10
8490.00 7.906257e-10
8500.00 8.553692e-10
8510.00 9.222846e-10
8520.00 9.936555e-10
8530.00 1.064667e-09
8540.00 1.157058e-09
8550.00 1.263434e-09
8560.00 1.334499e-09
8570.00 1.371246e-09
8580.00 1.415844e-09
8590.00 1.478472e-09
8600.00 1.531397e-09
8610.00 1.551021e-09
8620.00 1.544958e-09
8630.00 1.544155e-09
8640.00 1.565759e-09
8650.00 1.576783e-09
8660.00 1.554680e-09
8670.00 1.521898e-09
8680.00 1.499126e-09
8690.00 1.489930e-09
8700.00 1.470702e-09
8710.00 1.430996e-09
8720.00 1.404356e-09
8730.00 1.388948e-09
8740.00 1.362317e-09
8750.00 1.326431e-09
8760.00 1.288331e-09
8770.00 1.271494e-09
8780.00 1.265050e-09
8790.00 1.237537e-09
8800.00 1.178492e-09
8810.00 1.118323e-09
8820.00 1.090955e-09
8830.00 1.066089e-09
8840.00 1.027298e-09
8850.00 9.797526e-10
8860.00 9.234900e-10
8870.00 8.751202e-10
8880.00 8.399599e-10
8890.00 7.958627e-10
8900.00 7.618296e-10
8910.00 7.632144e-10
8920.00 7.729405e-10
8930.00 7.798703e-10
8940.00 7.774728e-10
8950.00 7.641565e-10
8960.00 7.500518e-10
8970.00 7.320844e-10
8980.00 7.154306e-10
8990.00 7.070482e-10
9000.00 7.103270e-10
9010.00 7.089840e-10
9020.00 6.922467e-10
9030.00 6.655656e-10
9040.00 6.393151e-10
9050.00 6.316599e-10
9060.00 6.188256e-10
9070.00 5.974091e-10
9080.00 5.872046e-10
9090.00 5.985068e-10
9100.00 6.342687e-10
9110.00 6.609057e-10
9120.00 6.763908e-10
9130.00 6.936003e-10
9140.00 7.153363e-10
9150.00 7.360490e-10
9160.00 7.331822e-10
9170.00 7.149857e-10
9180.00 6.900421e-10
9190.00 6.541978e-10
9200.00 6.106143e-10
9210.00 5.438647e-10
9220.00 4.791901e-10
9230.00 4.565043e-10
9240.00 4.577215e-10
9250.00 4.710786e-10
9260.00 4.879758e-10
9270.00 5.200466e-10
9280.00 5.589409e-10
9290.00 5.759294e-10
9300.00 5.744463e-10
9310.00 5.439931e-10
9320.00 5.090543e-10
9330.00 4.977114e-10
9340.00 5.054617e-10
9350.00 5.205482e-10
9360.00 5.423016e-10
9370.00 5.686161e-10
9380.00 5.668230e-10
9390.00 5.441641e-10
9400.00 5.468284e-10
9410.00 5.554408e-10
9420.00 5.664125e-10
9430.00 5.746607e-10
9440.00 5.528610e-10
9450.00 5.371798e-10
9460.00 5.510410e-10
9470.00 5.859807e-10
9480.00 6.054753e-10
9490.00 5.995550e-10
9500.00 5.932661e-10
9510.00 5.957936e-10
9520.00 5.951020e-10
9530.00 5.895604e-10
9540.00 5.690288e-10
9550.00 5.652775e-10
9560.00 6.093220e-10
9570.00 6.575611e-10
9580.00 6.856318e-10
9590.00 6.806633e-10
9600.00 6.625318e-10
9610.00 6.720664e-10
9620.00 7.079183e-10
9630.00 7.320641e-10
9640.00 7.379680e-10
9650.00 7.351348e-10
9660.00 7.004494e-10
9670.00 6.814704e-10
9680.00 6.784118e-10
9690.00 6.850585e-10
9700.00 6.931445e-10
9710.00 6.995611e-10
9720.00 7.062039e-10
9730.00 7.194336e-10
9740.00 7.374471e-10
9750.00 7.561708e-10
9760.00 7.792830e-10
9770.00 7.926733e-10
9780.00 7.843782e-10
9790.00 7.749050e-10
9800.00 7.755279e-10
9810.00 7.777089e-10
9820.00 7.830073e-10
9830.00 7.899232e-10
9840.00 7.952482e-10
9850.00 8.002701e-10
9860.00 8.051355e-10
9870.00 8.115947e-10
9880.00 8.159147e-10
9890.00 8.073912e-10
9900.00 8.089800e-10
9910.00 8.083620e-10
9920.00 8.012142e-10
9930.00 8.174532e-10
9940.00 8.165027e-10
9950.00 7.996283e-10
9960.00 7.893540e-10
9970.00 7.848021e-10
9980.00 7.455341e-10
9990.00 6.717785e-10
10000.00 6.179444e-10
10010.00 5.701940e-10
10020.00 5.078905e-10
10030.00 4.490221e-10
10040.00 4.004461e-10
10050.00 3.871498e-10
10060.00 4.437610e-10
10070.00 5.319130e-10
10080.00 5.636075e-10
10090.00 5.714888e-10
10100.00 5.883543e-10
10110.00 5.884986e-10
10120.00 5.795279e-10
10130.00 5.758604e-10
10140.00 5.763157e-10
10150.00 5.722170e-10
10160.00 5.728365e-10
10170.00 5.810352e-10
10180.00 6.092424e-10
10190.00 6.190688e-10
10200.00 5.915293e-10
10210.00 5.701045e-10
10220.00 5.601752e-10
10230.00 5.516554e-10
10240.00 5.350815e-10
10250.00 5.194427e-10
10260.00 4.950805e-10
10270.00 4.741957e-10
10280.00 4.596255e-10
10290.00 4.299541e-10
10300.00 3.989748e-10
10310.00 3.765908e-10
10320.00 3.627970e-10
10330.00 3.643349e-10
10340.00 3.373606e-10
10350.00 3.028672e-10
10360.00 2.892246e-10
10370.00 2.644937e-10
10380.00 2.372817e-10
10390.00 2.167923e-10
10400.00 2.084423e-10
10410.00 2.071240e-10
10420.00 2.165806e-10
10430.00 2.225099e-10
10440.00 2.216617e-10
10450.00 2.269096e-10
10460.00 2.326364e-10
10470.00 2.329747e-10
10480.00 2.343962e-10
10490.00 2.402201e-10
10500.00 2.493068e-10
10510.00 2.643998e-10
10520.00 2.862904e-10
10530.00 3.011737e-10
10540.00 3.136518e-10
10550.00 3.315583e-10
10560.00 3.589078e-10
10570.00 3.810726e-10
10580.00 3.858630e-10
10590.00 3.989402e-10
10600.00 4.346456e-10
10610.00 4.964842e-10
10620.00 5.575164e-10
10630.00 6.116333e-10
10640.00 6.537588e-10
10650.00 6.829932e-10
10660.00 7.233444e-10
10670.00 7.628597e-10
10680.00 7.935728e-10
10690.00 8.251428e-10
10700.00 8.759966e-10
10710.00 9.072608e-10
10720.00 8.898311e-10
10730.00 8.607794e-10
10740.00 9.029708e-10
10750.00 9.409978e-10
10760.00 9.276152e-10
10770.00 9.434372e-10
10780.00 9.570552e-10
10790.00 9.712431e-10
10800.00 9.806178e-10
10810.00 1.022352e-09
10820.00 1.053440e-09
10830.00 1.001842e-09
10840.00 9.979602e-10
10850.00 1.060384e-09
10860.00 1.069615e-09
10870.00 1.041654e-09
10880.00 1.035564e-09
10890.00 1.048001e-09
10900.00 1.044467e-09
10910.00 1.018564e-09
10920.00 9.960090e-10
10930.00 9.772043e-10
10940.00 9.716600e-10
10950.00 9.609290e-10
10960.00 9.401877e-10
10970.00 9.415663e-10
10980.00 9.304254e-10
10990.00 9.102442e-10
11000.00 8.968734e-10
11010.00 8.783955e-10
11020.00 8.715900e-10
11030.00 8.797294e-10
11040.00 8.668495e-10
11050.00 8.524152e-10
11060.00 8.517503e-10
11070.00 8.311117e-10
11080.00 8.151207e-10
11090.00 7.981059e-10
11100.00 7.785679e-10
11110.00 7.755398e-10
11120.00 7.627780e-10
11130.00 7.497822e-10
11140.00 7.381713e-10
11150.00 7.304334e-10
11160.00 7.358422e-10
11170.00 7.337974e-10
11180.00 7.255687e-10
11190.00 7.339637e-10
11200.00 7.574991e-10
11210.00 7.413467e-10
11220.00 7.245582e-10
11230.00 7.427246e-10
11240.00 7.467031e-10
11250.00 7.227487e-10
11260.00 7.210698e-10
11270.00 7.238465e-10
11280.00 7.033616e-10
11290.00 7.085280e-10
11300.00 7.119591e-10
11310.00 6.860235e-10
11320.00 6.627838e-10
11330.00 6.655504e-10
11340.00 6.457543e-10
11350.00 6.344805e-10
11360.00 6.407328e-10
11370.00 6.315224e-10
11380.00 6.159502e-10
11390.00 6.085362e-10
11400.00 6.116995e-10
11410.00 5.841577e-10
11420.00 5.683506e-10
11430.00 5.759373e-10
11440.00 5.627706e-10
11450.00 5.544693e-10
11460.00 5.697612e-10
11470.00 5.624237e-10
11480.00 5.376678e-10
11490.00 5.275873e-10
11500.00 5.249105e-10
11510.00 5.365770e-10
11520.00 5.341119e-10
11530.00 5.115979e-10
11540.00 4.963182e-10
11550.00 4.889769e-10
11560.00 4.792464e-10
11570.00 4.811438e-10
11580.00 4.973006e-10
11590.00 4.907310e-10
11600.00 4.820394e-10
11610.00 4.722435e-10
11620.00 4.630029e-10
11630.00 4.624382e-10
11640.00 4.649678e-10
11650.00 4.703245e-10
11660.00 4.685548e-10
11670.00 4.790476e-10
11680.00 4.822395e-10
11690.00 4.737170e-10
11700.00 4.715187e-10
11710.00 4.695921e-10
11720.00 4.706210e-10
11730.00 4.725380e-10
11740.00 4.664179e-10
11750.00 4.609940e-10
11760.00 4.569121e-10
11770.00 4.587807e-10
11780.00 4.697045e-10
11790.00 4.707508e-10
11800.00 4.721838e-10
11810.00 4.781637e-10
11820.00 4.807864e-10
11830.00 4.841557e-10
11840.00 4.785706e-10
11850.00 4.703467e-10
11860.00 4.657837e-10
11870.00 4.663354e-10
11880.00 4.718533e-10
11890.00 4.746801e-10
11900.00 4.750934e-10
11910.00 4.675566e-10
11920.00 4.712459e-10
11930.00 4.778492e-10
11940.00 4.719037e-10
11950.00 4.715435e-10
11960.00 4.818100e-10
11970.00 4.681927e-10
11980.00 4.621298e-10
11990.00 4.727727e-10
12000.00 4.575736e-10
12010.00 4.491624e-10
12020.00 4.500352e-10
12030.00 4.461124e-10
12040.00 4.374165e-10
12050.00 4.354302e-10
12060.00 4.263225e-10
12070.00 4.151622e-10
12080.00 4.156945e-10
12090.00 4.118539e-10
12100.00 4.044711e-10
12110.00 3.930600e-10
12120.00 3.841485e-10
12130.00 3.850023e-10
12140.00 4.013431e-10
12150.00 4.023370e-10
12160.00 3.889560e-10
12170.00 3.775755e-10
12180.00 3.717885e-10
12190.00 3.823226e-10
12200.00 3.957105e-10
12210.00 3.994661e-10
12220.00 3.845641e-10
12230.00 3.703259e-10
12240.00 3.610648e-10
12250.00 3.632413e-10
12260.00 3.613937e-10
12270.00 3.604061e-10
12280.00 3.767596e-10
12290.00 3.726061e-10
12300.00 3.633965e-10
12310.00 3.713601e-10
12320.00 3.773282e-10
12330.00 3.717989e-10
12340.00 3.668920e-10
12350.00 3.657448e-10
12360.00 3.687137e-10
12370.00 3.723622e-10
12380.00 3.646331e-10
12390.00 3.615400e-10
12400.00 3.530508e-10
12410.00 3.422573e-10
12420.00 3.599241e-10
12430.00 3.742528e-10
12440.00 3.597986e-10
12450.00 3.506974e-10
12460.00 3.470466e-10
12470.00 3.441677e-10
12480.00 3.478420e-10
12490.00 3.485606e-10
12500.00 3.468966e-10
12510.00 3.508145e-10
12520.00 3.569655e-10
12530.00 3.395294e-10
12540.00 3.327163e-10
12550.00 3.307852e-10
12560.00 3.447791e-10
12570.00 3.558159e-10
12580.00 3.346518e-10
12590.00 3.359933e-10
12600.00 3.410066e-10
12610.00 3.482493e-10
12620.00 3.535946e-10
12630.00 3.492323e-10
12640.00 3.546202e-10
12650.00 3.523817e-10
12660.00 3.427831e-10
12670.00 3.418146e-10
12680.00 3.449036e-10
12690.00 3.467751e-10
12700.00 3.442619e-10
12710.00 3.390924e-10
12720.00 3.429428e-10
12730.00 3.474051e-10
12740.00 3.435274e-10
12750.00 3.492992e-10
12760.00 3.582882e-10
12770.00 3.561259e-10
12780.00 3.462584e-10
12790.00 3.350701e-10
12800.00 3.298352e-10
12810.00 3.293744e-10
12820.00 3.278206e-10
12830.00 3.333706e-10
12840.00 3.311238e-10
12850.00 3.179678e-10
12860.00 3.222393e-10
12870.00 3.327076e-10
12880.00 3.330939e-10
12890.00 3.303344e-10
12900.00 3.344127e-10
12910.00 3.313472e-10
12920.00 3.206768e-10
12930.00 3.244059e-10
12940.00 3.164370e-10
12950.00 3.086901e-10
12960.00 3.119601e-10
12970.00 3.027803e-10
12980.00 2.937513e-10
12990.00 3.020146e-10
13000.00 3.087087e-10
13010.00 3.017676e-10
13020.00 2.952660e-10
13030.00 2.873516e-10
13040.00 2.860175e-10
13050.00 2.955506e-10
13060.00 3.063930e-10
13070.00 2.993538e-10
13080.00 2.857870e-10
13090.00 2.837644e-10
13100.00 2.839091e-10
13110.00 2.846093e-10
13120.00 2.816953e-10
13130.00 2.777600e-10
13140.00 2.762332e-10
13150.00 2.722463e-10
13160.00 2.682445e-10
13170.00 2.596939e-10
13180.00 2.604372e-10
13190.00 2.629977e-10
13200.00 2.580222e-10
13210.00 2.564674e-10
13220.00 2.584051e-10
13230.00 2.583272e-10
13240.00 2.666581e-10
13250.00 2.689471e-10
13260.00 2.666655e-10
13270.00 2.707912e-10
13280.00 2.649498e-10
13290.00 2.592143e-10
13300.00 2.499421e-10
13310.00 2.423553e-10
13320.00 2.510922e-10
13330.00 2.572991e-10
13340.00 2.521929e-10
13350.00 2.526299e-10
13360.00 2.489655e-10
13370.00 2.543370e-10
13380.00 2.469437e-10
13390.00 2.232766e-10
13400.00 2.190621e-10
13410.00 2.160860e-10
13420.00 2.139738e-10
13430.00 2.122824e-10
13440.00 2.108412e-10
13450.00 2.095148e-10
13460.00 2.084238e-10
13470.00 2.073465e-10
13480.00 2.064357e-10
13490.00 2.055266e-10
13500.00 2.046936e-10
13510.00 2.039084e-10
13520.00 2.031246e-10
13530.00 2.023736e-10
13540.00 2.016301e-10
13550.00 2.008878e-10
13560.00 2.001294e-10
13570.00 1.993685e-10
13580.00 1.986087e-10
13590.00 1.978445e-10
13600.00 1.970781e-10
13610.00 1.963131e-10
13620.00 1.955358e-10
13630.00 1.947448e-10
13640.00 1.939552e-10
13650.00 1.931574e-10
13660.00 1.923385e-10
13670.00 1.915213e-10
13680.00 1.907297e-10
13690.00 1.901006e-10
13700.00 1.894724e-10
13710.00 1.888453e-10
13720.00 1.880225e-10
13730.00 1.871937e-10
13740.00 1.863667e-10
13750.00 1.854339e-10
13760.00 1.844758e-10
13770.00 1.835198e-10
13780.00 1.824421e-10
13790.00 1.812948e-10
13800.00 1.801504e-10
13810.00 1.788997e-10
13820.00 1.775277e-10
13830.00 1.761592e-10
13840.00 1.746431e-10
13850.00 1.727803e-10
13860.00 1.709228e-10
13870.00 1.690672e-10
13880.00 1.672093e-10
13890.00 1.653569e-10
13900.00 1.635420e-10
13910.00 1.617729e-10
13920.00 1.600090e-10
13930.00 1.583423e-10
13940.00 1.567067e-10
13950.00 1.550789e-10
13960.00 1.534658e-10
13970.00 1.518582e-10
13980.00 1.503052e-10
13990.00 1.487913e-10
14000.00 1.474474e-10
14010.00 1.461883e-10
14020.00 1.451723e-10
14030.00 1.450664e-10
14040.00 1.426730e-10
14050.00 1.420301e-10
14060.00 1.437992e-10
14070.00 1.435088e-10
14080.00 1.414988e-10
14090.00 1.407777e-10
14100.00 1.394605e-10
14110.00 1.412460e-10
14120.00 1.457706e-10
14130.00 1.548552e-10
14140.00 1.468584e-10
14150.00 1.299760e-10
14160.00 1.288825e-10
14170.00 1.261557e-10
14180.00 1.205355e-10
14190.00 1.227523e-10
14200.00 1.126876e-10
14210.00 1.116986e-10
14220.00 1.234835e-10
14230.00 1.299248e-10
14240.00 1.270723e-10
14250.00 1.211833e-10
14260.00 1.257579e-10
14270.00 1.303041e-10
14280.00 1.347576e-10
14290.00 1.432964e-10
14300.00 1.432719e-10
14310.00 1.378972e-10
14320.00 1.421475e-10
14330.00 1.429633e-10
14340.00 1.530890e-10
14350.00 1.601197e-10
14360.00 1.561249e-10
14370.00 1.556159e-10
14380.00 1.542291e-10
14390.00 1.491040e-10
14400.00 1.427207e-10
14410.00 1.494119e-10
14420.00 1.563739e-10
14430.00 1.630977e-10
14440.00 1.607613e-10
14450.00 1.554639e-10
14460.00 1.533767e-10
14470.00 1.564462e-10
14480.00 1.602953e-10
14490.00 1.534701e-10
14500.00 1.481179e-10
14510.00 1.471082e-10
14520.00 1.542918e-10
14530.00 1.387825e-10
14540.00 1.307503e-10
14550.00 1.432631e-10
14560.00 1.380602e-10
14570.00 1.404935e-10
14580.00 1.525687e-10
14590.00 1.471403e-10
14600.00 1.347800e-10
14610.00 1.281264e-10
14620.00 1.330712e-10
14630.00 1.398323e-10
14640.00 1.353655e-10
14650.00 1.372122e-10
14660.00 1.434421e-10
14670.00 1.465969e-10
14680.00 1.454945e-10
14690.00 1.393576e-10
14700.00 1.408679e-10
14710.00 1.527194e-10
14720.00 1.481584e-10
14730.00 1.390617e-10
14740.00 1.429565e-10
14750.00 1.403324e-10
14760.00 1.361648e-10
14770.00 1.411987e-10
14780.00 1.444716e-10
14790.00 1.445840e-10
14800.00 1.416666e-10
14810.00 1.361924e-10
14820.00 1.366838e-10
14830.00 1.460152e-10
14840.00 1.491023e-10
14850.00 1.434782e-10
14860.00 1.450241e-10
14870.00 1.429899e-10
14880.00 1.433213e-10
14890.00 1.482251e-10
14900.00 1.475138e-10
14910.00 1.471952e-10
14920.00 1.445490e-10
14930.00 1.442892e-10
14940.00 1.447659e-10
14950.00 1.417498e-10
14960.00 1.448220e-10
14970.00 1.450318e-10
14980.00 1.433245e-10
14990.00 1.419183e-10
15000.00 1.397032e-10
15010.00 1.453132e-10
15020.00 1.405451e-10
15030.00 1.307328e-10
15040.00 1.309424e-10
15050.00 1.368675e-10
15060.00 1.388392e-10
15070.00 1.329609e-10
15080.00 1.308196e-10
15090.00 1.332916e-10
15100.00 1.289274e-10
15110.00 1.285698e-10
15120.00 1.324759e-10
15130.00 1.295247e-10
15140.00 1.305609e-10
15150.00 1.234270e-10
15160.00 1.210303e-10
15170.00 1.226490e-10
15180.00 1.197636e-10
15190.00 1.192536e-10
15200.00 1.226874e-10
15210.00 1.218427e-10
15220.00 1.134369e-10
15230.00 1.138150e-10
15240.00 1.151303e-10
15250.00 1.175985e-10
15260.00 1.200319e-10
15270.00 1.187479e-10
15280.00 1.109871e-10
15290.00 1.097284e-10
15300.00 1.128863e-10
15310.00 1.173331e-10
15320.00 1.205603e-10
15330.00 1.088455e-10
15340.00 1.063619e-10
15350.00 1.176955e-10
15360.00 1.261799e-10
15370.00 1.259954e-10
15380.00 1.146797e-10
15390.00 1.052934e-10
15400.00 1.060030e-10
15410.00 1.089228e-10
15420.00 1.091030e-10
15430.00 1.056960e-10
15440.00 1.037751e-10
15450.00 1.067240e-10
15460.00 1.059433e-10
15470.00 1.004880e-10
15480.00 1.028141e-10
15490.00 1.002330e-10
15500.00 9.530327e-11
15510.00 1.013130e-10
15520.00 1.041604e-10
15530.00 9.722103e-11
15540.00 9.078223e-11
15550.00 9.354340e-11
15560.00 9.543470e-11
15570.00 9.600658e-11
15580.00 9.601818e-11
15590.00 9.590581e-11
15600.00 9.478997e-11
15610.00 9.440413e-11
15620.00 9.272869e-11
15630.00 9.292773e-11
15640.00 1.006102e-10
15650.00 1.018308e-10
15660.00 9.519432e-11
15670.00 9.057726e-11
15680.00 9.461336e-11
15690.00 1.024300e-10
15700.00 1.041784e-10
15710.00 1.032500e-10
15720.00 1.026060e-10
15730.00 9.808106e-11
15740.00 9.642448e-11
15750.00 9.537666e-11
15760.00 9.385466e-11
15770.00 9.225625e-11
15780.00 9.160790e-11
15790.00 9.445008e-11
15800.00 9.540942e-11
15810.00 9.418701e-11
15820.00 9.385459e-11
15830.00 9.297235e-11
15840.00 8.529124e-11
15850.00 8.570558e-11
15860.00 9.250305e-11
15870.00 9.276668e-11
15880.00 9.083202e-11
15890.00 8.718868e-11
15900.00 8.925254e-11
15910.00 9.148198e-11
15920.00 9.147339e-11
15930.00 9.452369e-11
15940.00 9.334102e-11
15950.00 8.787950e-11
15960.00 8.890518e-11
15970.00 8.924039e-11
15980.00 8.432338e-11
15990.00 8.624122e-11
16000.00 8.746656e-11
16010.00 8.728296e-11
16020.00 8.767690e-11
16030.00 8.887173e-11
16040.00 9.139769e-11
16050.00 8.969607e-11
16060.00 8.645324e-11
16070.00 8.508019e-11
16080.00 8.386030e-11
16090.00 8.468024e-11
16100.00 8.506315e-11
16110.00 8.286556e-11
16120.00 8.716179e-11
16130.00 9.043403e-11
16140.00 8.426696e-11
16150.00 8.163603e-11
16160.00 8.795269e-11
16170.00 8.989350e-11
16180.00 8.671470e-11
16190.00 8.213857e-11
16200.00 8.166180e-11
16210.00 8.227607e-11
16220.00 8.057696e-11
16230.00 8.239032e-11
16240.00 8.057257e-11
16250.00 7.388612e-11
16260.00 7.285625e-11
16270.00 7.656622e-11
16280.00 7.782690e-11
16290.00 7.979271e-11
16300.00 7.733986e-11
16310.00 7.351620e-11
16320.00 7.827105e-11
16330.00 7.837525e-11
16340.00 7.574125e-11
16350.00 7.664457e-11
16360.00 7.285870e-11
16370.00 7.125233e-11
16380.00 7.324426e-11
16390.00 7.251888e-11
16400.00 7.243410e-11
16410.00 7.163664e-11
16420.00 7.164069e-11
16430.00 7.378402e-11
16440.00 7.246894e-11
16450.00 7.060579e-11
16460.00 6.849563e-11
16470.00 6.903548e-11
16480.00 6.994766e-11
16490.00 6.871570e-11
16500.00 7.069679e-11
16510.00 7.141770e-11
16520.00 6.746248e-11
16530.00 6.205068e-11
16540.00 6.464268e-11
16550.00 6.869207e-11
16560.00 6.517132e-11
16570.00 6.572817e-11
16580.00 6.874686e-11
16590.00 6.810713e-11
16600.00 6.592808e-11
16610.00 6.606233e-11
16620.00 6.705711e-11
16630.00 6.506956e-11
16640.00 6.096142e-11
16650.00 6.037302e-11
16660.00 6.419087e-11
16670.00 6.430684e-11
16680.00 6.457753e-11
16690.00 6.681631e-11
16700.00 6.187018e-11
16710.00 6.666528e-11
16720.00 7.425290e-11
16730.00 7.012441e-11
16740.00 6.825665e-11
16750.00 7.004920e-11
16760.00 7.087745e-11
16770.00 7.272154e-11
16780.00 7.428887e-11
16790.00 7.478659e-11
16800.00 7.685296e-11
16810.00 7.673089e-11
16820.00 7.360210e-11
16830.00 7.099995e-11
16840.00 7.040082e-11
16850.00 7.081355e-11
16860.00 6.997280e-11
16870.00 6.969599e-11
16880.00 7.375749e-11
16890.00 7.481369e-11
16900.00 7.036395e-11
16910.00 7.217738e-11
16920.00 7.274005e-11
16930.00 6.762149e-11
16940.00 6.704417e-11
16950.00 6.735857e-11
16960.00 6.736478e-11
16970.00 6.699953e-11
16980.00 6.477275e-11
16990.00 6.393577e-11
17000.00 6.445918e-11
17010.00 6.371628e-11
17020.00 6.212675e-11
17030.00 6.251749e-11
17040.00 6.193473e-11
17050.00 6.259138e-11
17060.00 6.369063e-11
17070.00 6.344175e-11
17080.00 6.349675e-11
17090.00 6.117884e-11
17100.00 6.151019e-11
17110.00 6.151548e-11
17120.00 5.831869e-11
17130.00 5.798473e-11
17140.00 5.810818e-11
17150.00 5.763999e-11
17160.00 5.751470e-11
17170.00 5.599737e-11
17180.00 5.712499e-11
17190.00 5.869439e-11
17200.00 5.836367e-11
17210.00 5.631064e-11
17220.00 5.419645e-11
17230.00 5.812161e-11
17240.00 5.653099e-11
17250.00 5.375574e-11
17260.00 5.600034e-11
17270.00 5.400461e-11
17280.00 5.444045e-11
17290.00 5.384426e-11
17300.00 5.353722e-11
17310.00 5.255296e-11
17320.00 5.323712e-11
17330.00 5.385456e-11
17340.00 4.981163e-11
17350.00 4.944121e-11
17360.00 5.003066e-11
17370.00 4.967612e-11
17380.00 4.985741e-11
17390.00 5.091172e-11
17400.00 5.212670e-11
17410.00 5.248571e-11
17420.00 5.061912e-11
17430.00 4.845764e-11
17440.00 5.026540e-11
17450.00 5.387273e-11
17460.00 5.459443e-11
17470.00 4.807654e-11
17480.00 4.557739e-11
17490.00 4.743703e-11
17500.00 4.479763e-11
17510.00 4.464031e-11
17520.00 4.589263e-11
17530.00 4.537507e-11
17540.00 4.534013e-11
17550.00 4.555954e-11
17560.00 4.345910e-11
17570.00 4.313472e-11
17580.00 4.558919e-11
17590.00 4.641710e-11
17600.00 4.563788e-11
17610.00 4.412713e-11
17620.00 4.329208e-11
17630.00 4.320494e-11
17640.00 4.274139e-11
17650.00 4.328442e-11
17660.00 4.163285e-11
17670.00 3.836466e-11
17680.00 3.803210e-11
17690.00 4.053157e-11
17700.00 4.323905e-11
17710.00 4.327696e-11
17720.00 4.192113e-11
17730.00 4.222861e-11
17740.00 4.255185e-11
17750.00 4.180889e-11
17760.00 4.112077e-11
17770.00 3.941824e-11
17780.00 4.040402e-11
17790.00 4.294341e-11
17800.00 3.927889e-11
17810.00 3.460909e-11
17820.00 3.533913e-11
17830.00 3.637164e-11
17840.00 3.735255e-11
17850.00 3.676233e-11
17860.00 3.467934e-11
17870.00 3.531264e-11
17880.00 3.728812e-11
17890.00 3.771680e-11
17900.00 3.812036e-11
17910.00 4.793941e-11
17920.00 4.677076e-11
17930.00 3.553852e-11
17940.00 3.366681e-11
17950.00 3.127463e-11
17960.00 3.240626e-11
17970.00 3.503153e-11
17980.00 3.498868e-11
17990.00 3.481536e-11
18000.00 3.461281e-11
18010.00 3.437583e-11
18020.00 3.413988e-11
18030.00 3.388393e-11
18040.00 3.362729e-11
18050.00 3.337181e-11
18060.00 3.312661e-11
18070.00 3.288611e-11
18080.00 3.264668e-11
18090.00 3.240834e-11
18100.00 3.217423e-11
18110.00 3.194544e-11
18120.00 3.171767e-11
18130.00 3.149094e-11
18140.00 3.126523e-11
18150.00 3.104397e-11
18160.00 3.083121e-11
18170.00 3.061940e-11
18180.00 3.040852e-11
18190.00 3.019857e-11
18200.00 2.998957e-11
18210.00 2.978472e-11
18220.00 2.958275e-11
18230.00 2.938168e-11
18240.00 2.918150e-11
18250.00 2.898220e-11
18260.00 2.878379e-11
18270.00 2.857679e-11
18280.00 2.836660e-11
18290.00 2.815740e-11
18300.00 2.794916e-11
18310.00 2.774190e-11
18320.00 2.753561e-11
18330.00 2.732558e-11
18340.00 2.711459e-11
18350.00 2.690462e-11
18360.00 2.669566e-11
18370.00 2.648770e-11
18380.00 2.628075e-11
18390.00 2.607013e-11
18400.00 2.585870e-11
18410.00 2.564830e-11
18420.00 2.543896e-11
18430.00 2.523064e-11
18440.00 2.502338e-11
18450.00 2.481270e-11
18460.00 2.460139e-11
18470.00 2.439117e-11
18480.00 2.418203e-11
18490.00 2.397395e-11
18500.00 2.376694e-11
18510.00 2.355703e-11
18520.00 2.334680e-11
18530.00 2.313766e-11
18540.00 2.292962e-11
18550.00 2.272267e-11
18560.00 2.251683e-11
18570.00 2.230993e-11
18580.00 2.210341e-11
18590.00 2.189800e-11
18600.00 2.169368e-11
18610.00 2.149047e-11
18620.00 2.128836e-11
18630.00 2.108604e-11
18640.00 2.088442e-11
18650.00 2.068389e-11
18660.00 2.048447e-11
18670.00 2.028613e-11
18680.00 2.008890e-11
18690.00 1.989136e-11
18700.00 1.969448e-11
18710.00 1.949871e-11
18720.00 1.930402e-11
18730.00 1.911044e-11
18740.00 1.891794e-11
18750.00 1.872451e-11
18760.00 1.853160e-11
18770.00 1.833979e-11
18780.00 1.814906e-11
18790.00 1.795945e-11
18800.00 1.777091e-11
18810.00 1.758129e-11
18820.00 1.739218e-11
18830.00 1.720416e-11
18840.00 1.701725e-11
18850.00 1.683144e-11
18860.00 1.664672e-11
18870.00 1.645933e-11
18880.00 1.627209e-11
18890.00 1.608597e-11
18900.00 1.590097e-11
18910.00 1.571708e-11
18920.00 1.553430e-11
18930.00 1.534689e-11
18940.00 1.515923e-11
18950.00 1.497272e-11
18960.00 1.478737e-11
18970.00 1.460317e-11
18980.00 1.442013e-11
18990.00 1.425552e-11
19000.00 1.409588e-11
19010.00 1.393720e-11
19020.00 1.377948e-11
19030.00 1.362273e-11
19040.00 1.346673e-11
19050.00 1.331164e-11
19060.00 1.315750e-11
19070.00 1.300431e-11
19080.00 1.285088e-11
19090.00 1.269645e-11
19100.00 1.254299e-11
19110.00 1.239049e-11
19120.00 1.223471e-11
19130.00 1.207904e-11
19140.00 1.192438e-11
19150.00 1.173745e-11
19160.00 1.153905e-11
19170.00 1.123395e-11
19180.00 1.126472e-11
19190.00 1.520520e-11
19200.00 1.661776e-11
19210.00 1.526404e-11
19220.00 1.456077e-11
19230.00 1.448796e-11
19240.00 1.508954e-11
19250.00 1.562994e-11
19260.00 1.470483e-11
19270.00 1.374921e-11
19280.00 1.377959e-11
19290.00 1.391420e-11
19300.00 1.385795e-11
19310.00 1.382644e-11
19320.00 1.438979e-11
19330.00 1.336752e-11
19340.00 1.197252e-11
19350.00 1.301191e-11
19360.00 1.343726e-11
19370.00 1.301834e-11
19380.00 1.364254e-11
19390.00 1.360722e-11
19400.00 1.356841e-11
19410.00 1.394114e-11
19420.00 1.357254e-11
19430.00 1.335986e-11
19440.00 1.370263e-11
19450.00 1.485777e-11
19460.00 1.490554e-11
19470.00 1.505890e-11
19480.00 1.625998e-11
19490.00 1.518044e-11
19500.00 1.431176e-11
19510.00 1.442892e-11
19520.00 1.472932e-11
19530.00 1.457755e-11
19540.00 1.427979e-11
19550.00 1.468189e-11
19560.00 1.486489e-11
19570.00 1.390005e-11
19580.00 1.357227e-11
19590.00 1.416875e-11
19600.00 1.380896e-11
19610.00 1.464477e-11
19620.00 1.512964e-11
19630.00 1.360798e-11
19640.00 1.300211e-11
19650.00 1.291446e-11
19660.00 1.331123e-11
19670.00 1.312732e-11
19680.00 1.242122e-11
19690.00 1.211793e-11
19700.00 1.194260e-11
19710.00 1.176158e-11
19720.00 1.170854e-11
19730.00 1.156556e-11
19740.00 1.094142e-11
19750.00 1.108007e-11
19760.00 1.038194e-11
19770.00 1.075911e-11
19780.00 1.053519e-11
19790.00 9.874143e-12
19800.00 1.095780e-11
19810.00 1.140161e-11
19820.00 9.200464e-12
19830.00 7.979613e-12
19840.00 8.142310e-12
19850.00 6.334687e-12
19860.00 5.393101e-12
19870.00 4.824545e-12
19880.00 3.606189e-12
19890.00 2.725771e-12
19900.00 3.317571e-12
19910.00 4.196808e-12
19920.00 4.492374e-12
19930.00 4.326305e-12
19940.00 4.242101e-12
19950.00 3.211186e-12
19960.00 2.139614e-12
19970.00 3.115207e-12
19980.00 4.226149e-12
19990.00 4.197633e-12
20000.00 3.724352e-12
20010.00 3.866418e-12
20020.00 4.415770e-12
20030.00 3.745133e-12
20040.00 4.066737e-12
20050.00 4.605083e-12
20060.00 3.890238e-12
20070.00 3.768293e-12
20080.00 3.931855e-12
20090.00 3.725283e-12
20100.00 4.265859e-12
20110.00 4.963931e-12
20120.00 5.063134e-12
20130.00 5.471921e-12
20140.00 5.613812e-12
20150.00 5.432589e-12
20160.00 6.066313e-12
20170.00 8.778068e-12
20180.00 9.454045e-12
20190.00 7.364603e-12
20200.00 6.777272e-12
20210.00 7.357961e-12
20220.00 7.612164e-12
20230.00 7.844697e-12
20240.00 8.265032e-12
20250.00 8.233872e-12
20260.00 8.760078e-12
20270.00 9.362427e-12
20280.00 9.116716e-12
20290.00 9.143247e-12
20300.00 9.238070e-12
20310.00 9.300168e-12
20320.00 9.612677e-12
20330.00 9.557011e-12
20340.00 9.244670e-12
20350.00 9.426166e-12
20360.00 9.462998e-12
20370.00 9.273414e-12
20380.00 9.297186e-12
20390.00 9.468375e-12
20400.00 9.569602e-12
20410.00 9.695565e-12
20420.00 1.002533e-11
20430.00 1.039969e-11
20440.00 1.055066e-11
20450.00 1.033396e-11
20460.00 1.041140e-11
20470.00 1.035557e-11
20480.00 9.914641e-12
20490.00 9.924257e-12
20500.00 1.030444e-11
20510.00 1.046722e-11
20520.00 1.018243e-11
20530.00 9.857263e-12
20540.00 1.000695e-11
20550.00 1.010522e-11
20560.00 9.997431e-12
20570.00 1.001872e-11
20580.00 1.033713e-11
20590.00 1.023308e-11
20600.00 9.554175e-12
20610.00 9.732941e-12
20620.00 1.002770e-11
20630.00 9.557220e-12
20640.00 9.346113e-12
20650.00 9.256465e-12
20660.00 9.164910e-12
20670.00 9.120034e-12
20680.00 9.198348e-12
20690.00 9.181063e-12
20700.00 8.927698e-12
20710.00 8.724650e-12
20720.00 8.495540e-12
20730.00 8.385737e-12
20740.00 8.153455e-12
20750.00 7.981261e-12
20760.00 8.347013e-12
20770.00 8.449916e-12
20780.00 8.603974e-12
20790.00 8.891600e-12
20800.00 8.403901e-12
20810.00 8.056111e-12
20820.00 8.328520e-12
20830.00 8.361497e-12
20840.00 8.172961e-12
20850.00 8.344806e-12
20860.00 8.291773e-12
20870.00 7.467988e-12
20880.00 7.305654e-12
20890.00 7.644002e-12
20900.00 7.530812e-12
20910.00 7.615544e-12
20920.00 7.912563e-12
20930.00 7.609818e-12
20940.00 7.160354e-12
20950.00 7.177492e-12
20960.00 7.304383e-12
20970.00 7.270317e-12
20980.00 7.053058e-12
20990.00 7.061466e-12
21000.00 6.862955e-12
21010.00 6.770933e-12
21020.00 6.662254e-12
21030.00 6.353044e-12
21040.00 6.736578e-12
21050.00 6.894765e-12
21060.00 6.632363e-12
21070.00 6.734222e-12
21080.00 6.338310e-12
21090.00 6.141622e-12
21100.00 6.565954e-12
21110.00 6.452504e-12
21120.00 6.253941e-12
21130.00 6.321863e-12
21140.00 6.352838e-12
21150.00 6.149985e-12
21160.00 5.869138e-12
21170.00 5.856668e-12
21180.00 6.072753e-12
21190.00 6.065666e-12
21200.00 5.981644e-12
21210.00 5.874406e-12
21220.00 5.710059e-12
21230.00 5.596151e-12
21240.00 5.696806e-12
21250.00 5.867533e-12
21260.00 5.825976e-12
21270.00 5.314389e-12
21280.00 5.113719e-12
21290.00 5.408649e-12
21300.00 5.265602e-12
21310.00 5.095064e-12
21320.00 5.227064e-12
21330.00 5.424230e-12
21340.00 5.357319e-12
21350.00 5.078368e-12
21360.00 4.860373e-12
21370.00 4.748757e-12
21380.00 4.633800e-12
21390.00 4.578319e-12
21400.00 4.693952e-12
21410.00 4.631099e-12
21420.00 4.615560e-12
21430.00 4.618076e-12
21440.00 4.522182e-12
21450.00 4.660064e-12
21460.00 4.581104e-12
21470.00 4.134809e-12
21480.00 4.146066e-12
21490.00 4.463904e-12
21500.00 4.360116e-12
21510.00 3.914772e-12
21520.00 3.752871e-12
21530.00 3.972109e-12
21540.00 4.067266e-12
21550.00 4.135666e-12
21560.00 4.138910e-12
21570.00 3.907182e-12
21580.00 3.757454e-12
21590.00 3.851308e-12
21600.00 3.990790e-12
21610.00 3.996523e-12
21620.00 3.738955e-12
21630.00 3.535838e-12
21640.00 3.505929e-12
21650.00 3.510317e-12
21660.00 3.530626e-12
21670.00 3.481671e-12
21680.00 3.523673e-12
21690.00 3.541912e-12
21700.00 3.583347e-12
21710.00 3.470551e-12
21720.00 3.192571e-12
21730.00 3.151134e-12
21740.00 3.014151e-12
21750.00 2.849512e-12
21760.00 2.956057e-12
21770.00 3.142135e-12
21780.00 3.114429e-12
21790.00 3.145517e-12
21800.00 3.208541e-12
21810.00 3.020302e-12
21820.00 2.729778e-12
21830.00 2.647126e-12
21840.00 2.890204e-12
21850.00 3.084769e-12
21860.00 3.029808e-12
21870.00 2.708986e-12
21880.00 2.467788e-12
21890.00 2.441750e-12
21900.00 2.444129e-12
21910.00 2.577965e-12
21920.00 2.598835e-12
21930.00 2.681339e-12
21940.00 2.655637e-12
21950.00 2.422533e-12
21960.00 2.501425e-12
21970.00 2.522710e-12
21980.00 2.377369e-12
21990.00 2.204326e-12
22000.00 2.200827e-12
22010.00 2.239313e-12
22020.00 2.180266e-12
22030.00 2.320605e-12
22040.00 2.272699e-12
22050.00 2.215779e-12
22060.00 2.275985e-12
22070.00 2.411131e-12
22080.00 2.242802e-12
22090.00 1.960532e-12
22100.00 2.316317e-12
22110.00 2.331053e-12
22120.00 2.065658e-12
22130.00 2.014235e-12
22140.00 2.064499e-12
22150.00 2.055905e-12
22160.00 1.848615e-12
22170.00 1.754875e-12
22180.00 1.957960e-12
22190.00 2.016444e-12
22200.00 1.922843e-12
22210.00 2.130095e-12
22220.00 2.206430e-12
22230.00 1.979911e-12
22240.00 1.792678e-12
22250.00 1.627865e-12
22260.00 1.606614e-12
22270.00 1.845298e-12
22280.00 1.781757e-12
22290.00 1.706372e-12
22300.00 1.859297e-12
22310.00 1.775206e-12
22320.00 1.722228e-12
22330.00 1.821548e-12
22340.00 1.805895e-12
22350.00 1.673859e-12
22360.00 1.716002e-12
22370.00 1.753697e-12
22380.00 1.714054e-12
22390.00 1.741635e-12
22400.00 1.795391e-12
22410.00 1.605770e-12
22420.00 1.505313e-12
22430.00 1.625702e-12
22440.00 1.568821e-12
22450.00 1.595177e-12
22460.00 1.542416e-12
22470.00 1.455182e-12
22480.00 1.486847e-12
22490.00 1.300843e-12
22500.00 1.226925e-12
22510.00 1.295345e-12
22520.00 1.375156e-12
22530.00 1.416370e-12
22540.00 1.315279e-12
22550.00 1.229483e-12
22560.00 1.242893e-12
22570.00 1.347780e-12
22580.00 1.435394e-12
22590.00 1.433141e-12
22600.00 1.336617e-12
22610.00 1.194978e-12
22620.00 1.161653e-12
22630.00 1.184801e-12
22640.00 1.161645e-12
22650.00 1.265625e-12
22660.00 1.326771e-12
22670.00 1.256144e-12
22680.00 1.093076e-12
22690.00 9.996069e-13
22700.00 1.076834e-12
22710.00 1.125670e-12
22720.00 1.129966e-12
22730.00 1.151513e-12
22740.00 1.185936e-12
22750.00 1.151006e-12
22760.00 1.122217e-12
22770.00 1.189366e-12
22780.00 1.116683e-12
22790.00 9.664893e-13
22800.00 9.981089e-13
22810.00 1.062690e-12
22820.00 1.071428e-12
22830.00 1.014675e-12
22840.00 9.223069e-13
22850.00 9.995078e-13
22860.00 1.010742e-12
22870.00 9.762301e-13
22880.00 9.624312e-13
22890.00 9.092944e-13
22900.00 9.295371e-13
22910.00 9.351819e-13
22920.00 9.864533e-13
22930.00 1.030435e-12
22940.00 9.623341e-13
22950.00 8.516393e-13
22960.00 8.402071e-13
22970.00 8.720935e-13
22980.00 7.343373e-13
22990.00 6.723301e-13
23000.00 8.386854e-13
23010.00 8.911566e-13
23020.00 8.845069e-13
23030.00 8.805611e-13
23040.00 7.362634e-13
23050.00 7.645287e-13
23060.00 8.262267e-13
23070.00 7.722805e-13
23080.00 8.629310e-13
23090.00 8.656714e-13
23100.00 7.515372e-13
23110.00 6.644101e-13
23120.00 6.109223e-13
23130.00 6.685190e-13
23140.00 7.198065e-13
23150.00 6.617746e-13
23160.00 6.227425e-13
23170.00 6.732518e-13
23180.00 6.947363e-13
23190.00 6.343558e-13
23200.00 6.391279e-13
23210.00 6.386740e-13
23220.00 6.184289e-13
23230.00 5.691962e-13
23240.00 5.537575e-13
23250.00 5.834365e-13
23260.00 5.104965e-13
23270.00 5.122024e-13
23280.00 5.323929e-13
23290.00 5.132088e-13
23300.00 5.312495e-13
23310.00 5.468938e-13
23320.00 5.410456e-13
23330.00 5.083721e-13
23340.00 5.332260e-13
23350.00 5.949715e-13
23360.00 6.062133e-13
23370.00 5.675264e-13
23380.00 4.801838e-13
23390.00 5.372334e-13
23400.00 5.862241e-13
23410.00 4.865951e-13
23420.00 4.297822e-13
23430.00 4.406390e-13
23440.00 3.827025e-13
23450.00 3.103729e-13
23460.00 3.806745e-13
23470.00 4.212946e-13
23480.00 3.980969e-13
23490.00 4.892830e-13
23500.00 5.206350e-13
23510.00 4.982115e-13
23520.00 5.409961e-13
23530.00 5.094322e-13
23540.00 4.694218e-13
23550.00 4.580451e-13
23560.00 4.095691e-13
23570.00 3.605897e-13
23580.00 3.949033e-13
23590.00 4.338915e-13
23600.00 3.819349e-13
23610.00 3.487952e-13
23620.00 4.091946e-13
23630.00 4.530862e-13
23640.00 3.607385e-13
23650.00 3.033701e-13
23660.00 3.716562e-13
23670.00 3.599121e-13
23680.00 2.789457e-13
23690.00 2.760118e-13
23700.00 3.663731e-13
23710.00 3.862258e-13
23720.00 3.260131e-13
23730.00 2.587554e-13
23740.00 2.369379e-13
23750.00 2.358972e-13
23760.00 2.790079e-13
23770.00 3.064295e-13
23780.00 2.845398e-13
23790.00 2.820804e-13
23800.00 3.079556e-13
23810.00 3.221182e-13
23820.00 2.645955e-13
23830.00 2.434567e-13
23840.00 2.718629e-13
23850.00 2.692961e-13
23860.00 2.349021e-13
23870.00 2.390405e-13
23880.00 2.358214e-13
23890.00 2.418593e-13
23900.00 2.497607e-13
23910.00 2.080157e-13
23920.00 1.996329e-13
23930.00 2.117361e-13
23940.00 2.168147e-13
23950.00 2.137817e-13
23960.00 2.067627e-13
23970.00 2.235167e-13
23980.00 2.098496e-13
23990.00 2.014108e-13
24000.00 2.017577e-13
24010.00 1.987303e-13
24020.00 1.985433e-13
24030.00 1.968616e-13
24040.00 2.372285e-13
24050.00 2.168284e-13
24060.00 1.963668e-13
24070.00 1.556087e-13
24080.00 1.043956e-13
24090.00 1.784229e-13
24100.00 2.261866e-13
24110.00 1.964763e-13
24120.00 1.699304e-13
24130.00 1.327823e-13
24140.00 1.124894e-13
24150.00 1.586118e-13
24160.00 1.731063e-13
24170.00 1.845965e-13
24180.00 1.554015e-13
24190.00 1.045601e-13
24200.00 9.564476e-14
24210.00 1.134042e-13
24220.00 1.709726e-13
24230.00 1.670345e-13
24240.00 1.336860e-13
24250.00 1.761742e-13
24260.00 1.857095e-13
24270.00 1.632084e-13
24280.00 1.609063e-13
24290.00 1.086243e-13
24300.00 9.128875e-14
24310.00 1.293335e-13
24320.00 1.258503e-13
24330.00 1.050858e-13
24340.00 1.066478e-13
24350.00 9.992305e-14
24360.00 1.308711e-13
24370.00 1.599279e-13
24380.00 1.313541e-13
24390.00 1.017087e-13
24400.00 1.052608e-13
24410.00 1.048263e-13
24420.00 9.424253e-14
24430.00 9.166984e-14
24440.00 8.940918e-14
24450.00 8.700145e-14
24460.00 8.535311e-14
24470.00 8.372538e-14
24480.00 8.211796e-14
24490.00 8.053087e-14
24500.00 7.896403e-14
24510.00 7.741717e-14
24520.00 7.589021e-14
24530.00 7.438308e-14
24540.00 7.289557e-14
24550.00 7.142755e-14
24560.00 6.997894e-14
24570.00 6.854964e-14
24580.00 6.713946e-14
24590.00 6.574828e-14
24600.00 6.437597e-14
24610.00 6.302240e-14
24620.00 6.168748e-14
24630.00 6.037104e-14
24640.00 5.907296e-14
24650.00 5.779313e-14
24660.00 5.653139e-14
24670.00 5.528763e-14
24680.00 5.406174e-14
24690.00 5.285356e-14
24700.00 5.166298e-14
24710.00 5.048987e-14
24720.00 4.933411e-14
24730.00 4.819555e-14
24740.00 4.707409e-14
24750.00 4.596958e-14
24760.00 4.488191e-14
24770.00 4.381094e-14
24780.00 4.275655e-14
24790.00 4.171861e-14
24800.00 4.069700e-14
24810.00 3.969159e-14
24820.00 3.870226e-14
24830.00 3.772886e-14
24840.00 3.677129e-14
24850.00 3.582942e-14
24860.00 3.490311e-14
24870.00 3.399225e-14
24880.00 3.309670e-14
24890.00 3.221634e-14
24900.00 3.135106e-14
24910.00 3.050071e-14
24920.00 2.966518e-14
24930.00 2.884434e-14
24940.00 2.803807e-14
24950.00 2.724624e-14
24960.00 2.646872e-14
24970.00 2.570540e-14
24980.00 2.495615e-14
24990.00 2.422084e-14
25000.00 2.349935e-14
