1000.00 1.255734e-14
1010.00 1.405662e-14
1020.00 1.563054e-14
1030.00 1.728422e-14
1040.00 1.902284e-14
1050.00 2.085149e-14
1060.00 2.277524e-14
1070.00 2.479905e-14
1080.00 2.692778e-14
1090.00 2.916618e-14
1100.00 3.151885e-14
1110.00 3.399024e-14
1120.00 3.658464e-14
1130.00 3.933209e-14
1140.00 4.224299e-14
1150.00 4.532712e-14
1160.00 4.859466e-14
1170.00 5.205621e-14
1180.00 5.572277e-14
1190.00 5.960600e-14
1200.00 6.371792e-14
1210.00 6.807098e-14
1220.00 7.267810e-14
1230.00 7.755265e-14
1240.00 8.270612e-14
1250.00 8.816492e-14
1260.00 9.395278e-14
1270.00 1.001472e-13
1280.00 1.067729e-13
1290.00 1.138564e-13
1300.00 1.214253e-13
1310.00 1.295085e-13
1320.00 1.381366e-13
1330.00 1.473418e-13
1340.00 1.571576e-13
1350.00 1.676197e-13
1360.00 1.787651e-13
1370.00 1.906332e-13
1380.00 2.032650e-13
1390.00 2.167034e-13
1400.00 2.309928e-13
1410.00 2.461804e-13
1420.00 2.623154e-13
1430.00 2.794493e-13
1440.00 2.976364e-13
1450.00 3.169331e-13
1460.00 3.373988e-13
1470.00 3.590957e-13
1480.00 3.820889e-13
1490.00 4.064468e-13
1500.00 4.322407e-13
1510.00 4.595461e-13
1520.00 4.884416e-13
1530.00 5.190102e-13
1540.00 5.513393e-13
1550.00 5.855214e-13
1560.00 6.216534e-13
1570.00 6.598365e-13
1580.00 7.001777e-13
1590.00 7.427902e-13
1600.00 7.877946e-13
1610.00 8.353172e-13
1620.00 8.854929e-13
1630.00 9.384663e-13
1640.00 9.943881e-13
1650.00 1.053423e-12
1660.00 1.115743e-12
1670.00 1.181536e-12
1680.00 1.251000e-12
1690.00 1.324351e-12
1700.00 1.401817e-12
1710.00 1.483629e-12
1720.00 1.570061e-12
1730.00 1.661414e-12
1740.00 1.758015e-12
1750.00 1.860219e-12
1760.00 1.968416e-12
1770.00 2.083031e-12
1780.00 2.204535e-12
1790.00 2.333444e-12
1800.00 2.470330e-12
1810.00 2.615838e-12
1820.00 2.770650e-12
1830.00 2.935535e-12
1840.00 3.111351e-12
1850.00 3.299044e-12
1860.00 3.499668e-12
1870.00 3.714640e-12
1880.00 3.946912e-12
1890.00 4.199208e-12
1900.00 4.478170e-12
1910.00 4.768281e-12
1920.00 5.078039e-12
1930.00 5.412708e-12
1940.00 5.779137e-12
1950.00 6.186368e-12
1960.00 6.645738e-12
1970.00 7.147260e-12
1980.00 7.704802e-12
1990.00 8.287582e-12
2000.00 9.089529e-12
2010.00 9.871342e-12
2020.00 1.070761e-11
2030.00 1.153798e-11
2040.00 1.241683e-11
2050.00 1.346728e-11
2060.00 1.462963e-11
2070.00 1.571095e-11
2080.00 1.683502e-11
2090.00 1.806043e-11
2100.00 1.940422e-11
2110.00 2.079032e-11
2120.00 2.220547e-11
2130.00 2.384034e-11
2140.00 2.549959e-11
2150.00 2.692203e-11
2160.00 2.823794e-11
2170.00 2.952104e-11
2180.00 3.072114e-11
2190.00 3.185151e-11
2200.00 3.272643e-11
2210.00 3.354636e-11
2220.00 3.451372e-11
2230.00 3.532201e-11
2240.00 3.611425e-11
2250.00 3.680799e-11
2260.00 3.744444e-11
2270.00 3.808020e-11
2280.00 3.874570e-11
2290.00 3.927634e-11
2300.00 3.979446e-11
2310.00 3.984224e-11
2320.00 3.969500e-11
2330.00 3.986670e-11
2340.00 4.013409e-11
2350.00 4.028167e-11
2360.00 4.042696e-11
2370.00 4.039643e-11
2380.00 4.037157e-11
2390.00 4.010421e-11
2400.00 3.987575e-11
2410.00 3.956217e-11
2420.00 3.903426e-11
2430.00 3.861824e-11
2440.00 3.851482e-11
2450.00 3.840305e-11
2460.00 3.820360e-11
2470.00 3.801094e-11
2480.00 3.791454e-11
2490.00 3.796020e-11
2500.00 3.788926e-11
2510.00 3.784554e-11
2520.00 3.812783e-11
2530.00 3.762142e-11
2540.00 3.624711e-11
2550.00 3.573420e-11
2560.00 3.549579e-11
2570.00 3.534880e-11
2580.00 3.513220e-11
2590.00 3.533735e-11
2600.00 3.546789e-11
2610.00 3.603102e-11
2620.00 3.655767e-11
2630.00 3.760546e-11
2640.00 3.862618e-11
2650.00 3.974056e-11
2660.00 4.110854e-11
2670.00 4.248776e-11
2680.00 4.395969e-11
2690.00 4.532377e-11
2700.00 4.662712e-11
2710.00 4.815904e-11
2720.00 5.008018e-11
2730.00 5.228158e-11
2740.00 5.369854e-11
2750.00 5.486982e-11
2760.00 5.654048e-11
2770.00 5.866412e-11
2780.00 6.101626e-11
2790.00 6.308896e-11
2800.00 6.501393e-11
2810.00 6.708675e-11
2820.00 6.972653e-11
2830.00 7.299669e-11
2840.00 7.682398e-11
2850.00 8.116247e-11
2860.00 8.572925e-11
2870.00 9.018206e-11
2880.00 9.422116e-11
2890.00 9.788433e-11
2900.00 1.014545e-10
2910.00 1.047739e-10
2920.00 1.076204e-10
2930.00 1.100099e-10
2940.00 1.130663e-10
2950.00 1.170446e-10
2960.00 1.201589e-10
2970.00 1.227477e-10
2980.00 1.249899e-10
2990.00 1.271354e-10
3000.00 1.295968e-10
3010.00 1.319243e-10
3020.00 1.334330e-10
3030.00 1.342547e-10
3040.00 1.337728e-10
3050.00 1.325086e-10
3060.00 1.313007e-10
3070.00 1.303970e-10
3080.00 1.304154e-10
3090.00 1.309440e-10
3100.00 1.323649e-10
3110.00 1.343566e-10
3120.00 1.370989e-10
3130.00 1.402441e-10
3140.00 1.433580e-10
3150.00 1.460038e-10
3160.00 1.488135e-10
3170.00 1.511543e-10
3180.00 1.530597e-10
3190.00 1.554624e-10
3200.00 1.577555e-10
3210.00 1.601952e-10
3220.00 1.632412e-10
3230.00 1.661348e-10
3240.00 1.689218e-10
3250.00 1.726359e-10
3260.00 1.750157e-10
3270.00 1.773223e-10
3280.00 1.791586e-10
3290.00 1.814214e-10
3300.00 1.834229e-10
3310.00 1.866936e-10
3320.00 1.900430e-10
3330.00 1.950450e-10
3340.00 2.027305e-10
3350.00 2.114331e-10
3360.00 2.211426e-10
3370.00 2.317209e-10
3380.00 2.437487e-10
3390.00 2.550474e-10
3400.00 2.650918e-10
3410.00 2.756470e-10
3420.00 2.854806e-10
3430.00 2.959975e-10
3440.00 3.074700e-10
3450.00 3.186349e-10
3460.00 3.354101e-10
3470.00 3.300772e-10
3480.00 3.227134e-10
3490.00 3.191006e-10
3500.00 3.176018e-10
3510.00 3.180312e-10
3520.00 3.243673e-10
3530.00 3.239815e-10
3540.00 3.211267e-10
3550.00 3.234472e-10
3560.00 3.269879e-10
3570.00 3.405447e-10
3580.00 3.496745e-10
3590.00 3.524503e-10
3600.00 3.460678e-10
3610.00 3.384042e-10
3620.00 3.252882e-10
3630.00 3.154735e-10
3640.00 3.143756e-10
3650.00 3.186096e-10
3660.00 3.305070e-10
3670.00 3.408202e-10
3680.00 3.395640e-10
3690.00 3.229842e-10
3700.00 2.964262e-10
3710.00 2.738148e-10
3720.00 2.202062e-10
3730.00 2.242574e-10
3740.00 2.107063e-10
3750.00 1.978943e-10
3760.00 1.996183e-10
3770.00 1.872558e-10
3780.00 1.903286e-10
3790.00 1.925246e-10
3800.00 1.960401e-10
3810.00 1.944826e-10
3820.00 2.233293e-10
3830.00 2.612503e-10
3840.00 3.024988e-10
3850.00 3.273661e-10
3860.00 4.085447e-10
3870.00 5.110402e-10
3880.00 5.187099e-10
3890.00 5.948814e-10
3900.00 6.384908e-10
3910.00 6.791763e-10
3920.00 6.939572e-10
3930.00 7.046801e-10
3940.00 7.109248e-10
3950.00 7.146219e-10
3960.00 7.325949e-10
3970.00 7.280646e-10
3980.00 7.228807e-10
3990.00 7.313427e-10
4000.00 7.779344e-10
4010.00 7.942712e-10
4020.00 8.280194e-10
4030.00 8.276918e-10
4040.00 8.224046e-10
4050.00 8.074876e-10
4060.00 7.834962e-10
4070.00 7.579586e-10
4080.00 7.205726e-10
4090.00 6.823849e-10
4100.00 6.469060e-10
4110.00 6.183035e-10
4120.00 6.032651e-10
4130.00 5.988149e-10
4140.00 5.915275e-10
4150.00 5.829883e-10
4160.00 5.721985e-10
4170.00 5.684131e-10
4180.00 5.617636e-10
4190.00 5.613712e-10
4200.00 5.614332e-10
4210.00 5.694274e-10
4220.00 5.762288e-10
4230.00 5.890529e-10
4240.00 5.945009e-10
4250.00 5.984033e-10
4260.00 6.001353e-10
4270.00 5.994708e-10
4280.00 6.034009e-10
4290.00 6.071197e-10
4300.00 6.109978e-10
4310.00 6.089624e-10
4320.00 6.132426e-10
4330.00 6.035923e-10
4340.00 5.945253e-10
4350.00 5.873544e-10
4360.00 5.775323e-10
4370.00 5.743011e-10
4380.00 5.647643e-10
4390.00 5.542082e-10
4400.00 5.471033e-10
4410.00 5.423817e-10
4420.00 5.397537e-10
4430.00 5.437043e-10
4440.00 5.511934e-10
4450.00 5.656661e-10
4460.00 5.677181e-10
4470.00 6.106667e-10
4480.00 6.614080e-10
4490.00 7.122258e-10
4500.00 7.806986e-10
4510.00 8.359318e-10
4520.00 8.520485e-10
4530.00 8.958531e-10
4540.00 9.285307e-10
4550.00 9.799949e-10
4560.00 9.978946e-10
4570.00 1.036845e-09
4580.00 1.078027e-09
4590.00 1.098695e-09
4600.00 1.118581e-09
4610.00 1.124540e-09
4620.00 1.120943e-09
4630.00 1.114372e-09
4640.00 1.098816e-09
4650.00 1.072745e-09
4660.00 1.053825e-09
4670.00 1.017920e-09
4680.00 9.798301e-10
4690.00 9.482475e-10
4700.00 9.104572e-10
4710.00 8.818838e-10
4720.00 8.561863e-10
4730.00 8.346105e-10
4740.00 7.973558e-10
4750.00 7.710416e-10
4760.00 7.359882e-10
4770.00 7.134312e-10
4780.00 6.763881e-10
4790.00 6.643085e-10
4800.00 6.474622e-10
4810.00 6.565695e-10
4820.00 6.673098e-10
4830.00 6.858359e-10
4840.00 7.023957e-10
4850.00 6.989773e-10
4860.00 7.121560e-10
4870.00 7.223255e-10
4880.00 7.319531e-10
4890.00 7.232760e-10
4900.00 7.314684e-10
4910.00 7.600083e-10
4920.00 7.905720e-10
4930.00 8.339436e-10
4940.00 8.587611e-10
4950.00 8.883185e-10
4960.00 8.979656e-10
4970.00 8.956995e-10
4980.00 8.894170e-10
4990.00 8.496804e-10
5000.00 7.990025e-10
5010.00 7.593336e-10
5020.00 7.213813e-10
5030.00 6.949251e-10
5040.00 6.845825e-10
5050.00 6.663298e-10
5060.00 6.729763e-10
5070.00 6.967899e-10
5080.00 7.170215e-10
5090.00 7.500552e-10
5100.00 7.679346e-10
5110.00 7.857882e-10
5120.00 8.032290e-10
5130.00 8.193974e-10
5140.00 8.424782e-10
5150.00 8.626308e-10
5160.00 8.727081e-10
5170.00 8.918452e-10
5180.00 9.053194e-10
5190.00 9.196057e-10
5200.00 9.239844e-10
5210.00 9.455930e-10
5220.00 9.761812e-10
5230.00 1.008906e-09
5240.00 1.060458e-09
5250.00 1.091387e-09
5260.00 1.111839e-09
5270.00 1.144377e-09
5280.00 1.165210e-09
5290.00 1.179422e-09
5300.00 1.217554e-09
5310.00 1.238984e-09
5320.00 1.253356e-09
5330.00 1.276149e-09
5340.00 1.285653e-09
5350.00 1.279585e-09
5360.00 1.268020e-09
5370.00 1.251647e-09
5380.00 1.240523e-09
5390.00 1.231424e-09
5400.00 1.219407e-09
5410.00 1.219936e-09
5420.00 1.203735e-09
5430.00 1.217775e-09
5440.00 1.223073e-09
5450.00 1.255490e-09
5460.00 1.291775e-09
5470.00 1.314574e-09
5480.00 1.322708e-09
5490.00 1.323234e-09
5500.00 1.300897e-09
5510.00 1.283375e-09
5520.00 1.245242e-09
5530.00 1.180853e-09
5540.00 1.120924e-09
5550.00 1.004991e-09
5560.00 9.545432e-10
5570.00 9.453842e-10
5580.00 8.569838e-10
5590.00 7.664178e-10
5600.00 7.271393e-10
5610.00 6.916566e-10
5620.00 6.229276e-10
5630.00 5.858639e-10
5640.00 5.624871e-10
5650.00 5.296715e-10
5660.00 5.049604e-10
5670.00 4.855864e-10
5680.00 4.801212e-10
5690.00 4.873643e-10
5700.00 4.942527e-10
5710.00 5.146483e-10
5720.00 5.402207e-10
5730.00 5.537864e-10
5740.00 6.066389e-10
5750.00 6.715106e-10
5760.00 7.347793e-10
5770.00 7.778269e-10
5780.00 8.318785e-10
5790.00 8.929696e-10
5800.00 9.856621e-10
5810.00 1.145816e-09
5820.00 1.253771e-09
5830.00 1.336599e-09
5840.00 1.395051e-09
5850.00 1.449567e-09
5860.00 1.480461e-09
5870.00 1.478371e-09
5880.00 1.476592e-09
5890.00 1.392308e-09
5900.00 1.359430e-09
5910.00 1.412131e-09
5920.00 1.392963e-09
5930.00 1.452080e-09
5940.00 1.486937e-09
5950.00 1.535781e-09
5960.00 1.536837e-09
5970.00 1.533135e-09
5980.00 1.511668e-09
5990.00 1.489477e-09
6000.00 1.465520e-09
6010.00 1.437795e-09
6020.00 1.409627e-09
6030.00 1.378472e-09
6040.00 1.356871e-09
6050.00 1.325801e-09
6060.00 1.307951e-09
6070.00 1.283243e-09
6080.00 1.259609e-09
6090.00 1.255073e-09
6100.00 1.239183e-09
6110.00 1.226015e-09
6120.00 1.216267e-09
6130.00 1.213346e-09
6140.00 1.204918e-09
6150.00 1.214118e-09
6160.00 1.218973e-09
6170.00 1.236549e-09
6180.00 1.264015e-09
6190.00 1.300583e-09
6200.00 1.338202e-09
6210.00 1.359738e-09
6220.00 1.373542e-09
6230.00 1.381294e-09
6240.00 1.370807e-09
6250.00 1.363972e-09
6260.00 1.339848e-09
6270.00 1.322281e-09
6280.00 1.304913e-09
6290.00 1.282766e-09
6300.00 1.269262e-09
6310.00 1.249882e-09
6320.00 1.245330e-09
6330.00 1.234573e-09
6340.00 1.239876e-09
6350.00 1.249647e-09
6360.00 1.256963e-09
6370.00 1.263170e-09
6380.00 1.267136e-09
6390.00 1.285490e-09
6400.00 1.280855e-09
6410.00 1.291390e-09
6420.00 1.306802e-09
6430.00 1.321956e-09
6440.00 1.322963e-09
6450.00 1.317342e-09
6460.00 1.312962e-09
6470.00 1.305851e-09
6480.00 1.295565e-09
6490.00 1.283278e-09
6500.00 1.274577e-09
6510.00 1.260254e-09
6520.00 1.251550e-09
6530.00 1.248941e-09
6540.00 1.252206e-09
6550.00 1.266122e-09
6560.00 1.292548e-09
6570.00 1.301926e-09
6580.00 1.318614e-09
6590.00 1.252620e-09
6600.00 1.188693e-09
6610.00 1.142912e-09
6620.00 1.105540e-09
6630.00 1.077635e-09
6640.00 1.054615e-09
6650.00 1.035311e-09
6660.00 1.017562e-09
6670.00 9.977200e-10
6680.00 9.738026e-10
6690.00 9.500583e-10
6700.00 9.269399e-10
6710.00 8.970194e-10
6720.00 8.705969e-10
6730.00 8.585942e-10
6740.00 8.483912e-10
6750.00 8.337396e-10
6760.00 8.256373e-10
6770.00 8.273566e-10
6780.00 8.170670e-10
6790.00 8.027402e-10
6800.00 7.888337e-10
6810.00 7.685541e-10
6820.00 7.463875e-10
6830.00 7.261644e-10
6840.00 7.129102e-10
6850.00 7.036772e-10
6860.00 6.950981e-10
6870.00 6.928505e-10
6880.00 6.901568e-10
6890.00 6.933437e-10
6900.00 6.976938e-10
6910.00 7.076355e-10
6920.00 7.202332e-10
6930.00 7.349868e-10
6940.00 7.560374e-10
6950.00 7.710039e-10
6960.00 7.756361e-10
6970.00 7.873469e-10
6980.00 7.817615e-10
6990.00 7.817747e-10
7000.00 7.807467e-10
7010.00 7.639505e-10
7020.00 7.532321e-10
7030.00 7.515302e-10
7040.00 7.448979e-10
7050.00 7.463442e-10
7060.00 7.533054e-10
7070.00 7.624721e-10
7080.00 7.710542e-10
7090.00 7.765831e-10
7100.00 7.850326e-10
7110.00 7.951141e-10
7120.00 8.025865e-10
7130.00 8.235617e-10
7140.00 8.276457e-10
7150.00 8.443337e-10
7160.00 8.629862e-10
7170.00 8.759017e-10
7180.00 8.899939e-10
7190.00 8.970354e-10
7200.00 9.361386e-10
7210.00 9.647169e-10
7220.00 9.962276e-10
7230.00 1.008090e-09
7240.00 1.016985e-09
7250.00 1.032301e-09
7260.00 1.014844e-09
7270.00 1.023251e-09
7280.00 1.018300e-09
7290.00 9.957680e-10
7300.00 9.842682e-10
7310.00 9.793426e-10
7320.00 9.493816e-10
7330.00 9.317208e-10
7340.00 9.148233e-10
7350.00 9.018010e-10
7360.00 8.834600e-10
7370.00 8.719657e-10
7380.00 8.663698e-10
7390.00 8.494904e-10
7400.00 8.339072e-10
7410.00 8.254550e-10
7420.00 8.008036e-10
7430.00 7.949975e-10
7440.00 7.882792e-10
7450.00 7.849949e-10
7460.00 7.446646e-10
7470.00 7.206445e-10
7480.00 6.991085e-10
7490.00 6.656516e-10
7500.00 6.373357e-10
7510.00 6.373998e-10
7520.00 6.443059e-10
7530.00 6.354726e-10
7540.00 6.099656e-10
7550.00 5.753285e-10
7560.00 5.616536e-10
7570.00 5.426848e-10
7580.00 5.435396e-10
7590.00 5.366742e-10
7600.00 5.307783e-10
7610.00 5.260013e-10
7620.00 5.397861e-10
7630.00 5.570390e-10
7640.00 5.749147e-10
7650.00 6.049627e-10
7660.00 6.340830e-10
7670.00 6.778818e-10
7680.00 7.125666e-10
7690.00 7.217452e-10
7700.00 7.796412e-10
7710.00 7.991695e-10
7720.00 7.263927e-10
7730.00 7.321088e-10
7740.00 7.361565e-10
7750.00 7.355915e-10
7760.00 7.204441e-10
7770.00 7.249758e-10
7780.00 7.464384e-10
7790.00 7.636691e-10
7800.00 7.661559e-10
7810.00 7.648395e-10
7820.00 7.444265e-10
7830.00 7.255910e-10
7840.00 7.112153e-10
7850.00 7.283593e-10
7860.00 7.543893e-10
7870.00 7.641502e-10
7880.00 7.340929e-10
7890.00 6.856945e-10
7900.00 6.686759e-10
7910.00 6.370640e-10
7920.00 6.377633e-10
7930.00 6.109975e-10
7940.00 5.827019e-10
7950.00 5.741900e-10
7960.00 5.555730e-10
7970.00 5.465129e-10
7980.00 5.333876e-10
7990.00 5.230140e-10
8000.00 5.189852e-10
8010.00 5.050339e-10
8020.00 4.818550e-10
8030.00 4.710352e-10
8040.00 4.436925e-10
8050.00 4.318863e-10
8060.00 4.280529e-10
8070.00 4.025472e-10
8080.00 3.791652e-10
8090.00 3.694440e-10
8100.00 3.617182e-10
8110.00 3.650268e-10
8120.00 3.474318e-10
8130.00 3.295876e-10
8140.00 2.958519e-10
8150.00 2.167473e-10
8160.00 2.191823e-10
8170.00 1.848112e-10
8180.00 1.470471e-10
8190.00 1.582312e-10
8200.00 1.408995e-10
8210.00 1.220007e-10
8220.00 1.113779e-10
8230.00 1.070267e-10
8240.00 1.237486e-10
8250.00 9.200869e-11
8260.00 1.346006e-10
8270.00 1.356557e-10
8280.00 1.267532e-10
8290.00 1.554495e-10
8300.00 1.787536e-10
8310.00 1.467616e-10
8320.00 1.896976e-10
8330.00 2.119381e-10
8340.00 2.174856e-10
8350.00 2.210736e-10
8360.00 2.436496e-10
8370.00 2.695780e-10
8380.00 3.237164e-10
8390.00 3.256858e-10
8400.00 3.363846e-10
8410.00 4.500950e-10
8420.00 4.916372e-10
8430.00 5.613669e-10
8440.00 6.018634e-10
8450.00 6.938455e-10
8460.00 7.228234e-10
8470.00 8.402386e-10
8480.00 8.923124e-10
8490.00 9.320972e-10
8500.00 9.915709e-10
8510.00 1.107808e-09
8520.00 1.200855e-09
8530.00 1.369422e-09
8540.00 1.391253e-09
8550.00 1.425330e-09
8560.00 1.485529e-09
8570.00 1.553887e-09
8580.00 1.565635e-09
8590.00 1.633197e-09
8600.00 1.701332e-09
8610.00 1.775733e-09
8620.00 1.754243e-09
8630.00 1.724435e-09
8640.00 1.682412e-09
8650.00 1.578565e-09
8660.00 1.515167e-09
8670.00 1.494897e-09
8680.00 1.474720e-09
8690.00 1.453079e-09
8700.00 1.409321e-09
8710.00 1.408905e-09
8720.00 1.440679e-09
8730.00 1.393523e-09
8740.00 1.367922e-09
8750.00 1.284419e-09
8760.00 1.227511e-09
8770.00 1.228431e-09
8780.00 1.077918e-09
8790.00 1.000317e-09
8800.00 9.554685e-10
8810.00 8.516714e-10
8820.00 7.970772e-10
8830.00 7.164418e-10
8840.00 6.417154e-10
8850.00 6.231720e-10
8860.00 5.673957e-10
8870.00 5.034733e-10
8880.00 4.900637e-10
8890.00 4.326974e-10
8900.00 4.246514e-10
8910.00 4.609347e-10
8920.00 4.706979e-10
8930.00 4.532872e-10
8940.00 4.302986e-10
8950.00 4.714150e-10
8960.00 5.077979e-10
8970.00 4.763831e-10
8980.00 4.777535e-10
8990.00 4.759009e-10
9000.00 4.528443e-10
9010.00 4.548136e-10
9020.00 4.545199e-10
9030.00 4.445394e-10
9040.00 4.379707e-10
9050.00 4.332269e-10
9060.00 4.312880e-10
9070.00 4.589201e-10
9080.00 4.775225e-10
9090.00 4.732149e-10
9100.00 4.438370e-10
9110.00 4.039861e-10
9120.00 4.249061e-10
9130.00 4.354428e-10
9140.00 4.415238e-10
9150.00 4.309391e-10
9160.00 4.237940e-10
9170.00 4.265705e-10
9180.00 4.321858e-10
9190.00 4.287822e-10
9200.00 4.455778e-10
9210.00 4.419605e-10
9220.00 4.124350e-10
9230.00 3.716094e-10
9240.00 4.080108e-10
9250.00 3.958926e-10
9260.00 4.095470e-10
9270.00 3.979107e-10
9280.00 3.871491e-10
9290.00 4.126474e-10
9300.00 4.693463e-10
9310.00 3.655541e-10
9320.00 3.813275e-10
9330.00 3.742172e-10
9340.00 3.925282e-10
9350.00 3.484414e-10
9360.00 3.512508e-10
9370.00 3.515959e-10
9380.00 3.301791e-10
9390.00 3.556509e-10
9400.00 3.810124e-10
9410.00 3.812041e-10
9420.00 3.699017e-10
9430.00 3.880272e-10
9440.00 3.846831e-10
9450.00 3.900742e-10
9460.00 3.793405e-10
9470.00 3.784952e-10
9480.00 3.908266e-10
9490.00 3.686128e-10
9500.00 3.543074e-10
9510.00 3.650139e-10
9520.00 3.624081e-10
9530.00 3.707460e-10
9540.00 3.350112e-10
9550.00 3.373843e-10
9560.00 3.358382e-10
9570.00 3.138100e-10
9580.00 2.680710e-10
9590.00 2.376915e-10
9600.00 2.338887e-10
9610.00 2.557299e-10
9620.00 2.351270e-10
9630.00 2.884109e-10
9640.00 2.727596e-10
9650.00 2.082043e-10
9660.00 2.129223e-10
9670.00 2.203514e-10
9680.00 2.433223e-10
9690.00 2.609628e-10
9700.00 2.752970e-10
9710.00 2.765802e-10
9720.00 2.640952e-10
9730.00 2.600507e-10
9740.00 2.675566e-10
9750.00 2.868172e-10
9760.00 3.001553e-10
9770.00 3.012904e-10
9780.00 2.957429e-10
9790.00 2.916943e-10
9800.00 2.884388e-10
9810.00 2.762169e-10
9820.00 2.595386e-10
9830.00 2.513647e-10
9840.00 2.486328e-10
9850.00 2.455965e-10
9860.00 2.478369e-10
9870.00 2.543803e-10
9880.00 2.578149e-10
9890.00 2.558578e-10
9900.00 2.521520e-10
9910.00 2.527790e-10
9920.00 2.549866e-10
9930.00 2.563438e-10
9940.00 2.576160e-10
9950.00 2.548695e-10
9960.00 2.541330e-10
9970.00 2.520866e-10
9980.00 2.497807e-10
9990.00 2.471352e-10
10000.00 2.451212e-10
10010.00 2.375448e-10
10020.00 2.281827e-10
10030.00 2.163290e-10
10040.00 2.104417e-10
10050.00 2.007084e-10
10060.00 1.973479e-10
10070.00 1.906621e-10
10080.00 1.782622e-10
10090.00 1.743830e-10
10100.00 1.652433e-10
10110.00 1.629077e-10
10120.00 1.578228e-10
10130.00 1.593835e-10
10140.00 1.570164e-10
10150.00 1.537287e-10
10160.00 1.468668e-10
10170.00 1.423766e-10
10180.00 1.477201e-10
10190.00 1.479904e-10
10200.00 1.485059e-10
10210.00 1.510586e-10
10220.00 1.366853e-10
10230.00 1.212601e-10
10240.00 1.067210e-10
10250.00 1.143630e-10
10260.00 9.565063e-11
10270.00 8.577604e-11
10280.00 7.671071e-11
10290.00 7.593769e-11
10300.00 6.937303e-11
10310.00 6.820688e-11
10320.00 6.152898e-11
10330.00 5.855444e-11
10340.00 6.820892e-11
10350.00 6.109171e-11
10360.00 4.934767e-11
10370.00 4.589454e-11
10380.00 4.447253e-11
10390.00 4.191486e-11
10400.00 3.389354e-11
10410.00 3.931850e-11
10420.00 4.590581e-11
10430.00 3.689223e-11
10440.00 3.835512e-11
10450.00 4.853749e-11
10460.00 5.666376e-11
10470.00 5.673741e-11
10480.00 5.831156e-11
10490.00 4.021253e-11
10500.00 5.272287e-11
10510.00 6.312706e-11
10520.00 6.764812e-11
10530.00 7.140283e-11
10540.00 7.454915e-11
10550.00 7.867917e-11
10560.00 8.452919e-11
10570.00 8.956708e-11
10580.00 9.135921e-11
10590.00 9.428450e-11
10600.00 1.020703e-10
10610.00 1.158149e-10
10620.00 1.300441e-10
10630.00 1.427254e-10
10640.00 1.526571e-10
10650.00 1.595618e-10
10660.00 1.685863e-10
10670.00 1.775694e-10
10680.00 1.847311e-10
10690.00 1.920711e-10
10700.00 2.027065e-10
10710.00 2.094483e-10
10720.00 2.067785e-10
10730.00 2.021205e-10
10740.00 2.082473e-10
10750.00 2.153490e-10
10760.00 2.155928e-10
10770.00 2.173138e-10
10780.00 2.203089e-10
10790.00 2.230563e-10
10800.00 2.265565e-10
10810.00 2.333905e-10
10820.00 2.371890e-10
10830.00 2.325479e-10
10840.00 2.313362e-10
10850.00 2.383772e-10
10860.00 2.419422e-10
10870.00 2.388232e-10
10880.00 2.365418e-10
10890.00 2.370212e-10
10900.00 2.359128e-10
10910.00 2.314154e-10
10920.00 2.259631e-10
10930.00 2.217900e-10
10940.00 2.191330e-10
10950.00 2.163191e-10
10960.00 2.129803e-10
10970.00 2.110887e-10
10980.00 2.087183e-10
10990.00 2.047322e-10
11000.00 2.008873e-10
11010.00 1.971915e-10
11020.00 1.952710e-10
11030.00 1.954221e-10
11040.00 1.933006e-10
11050.00 1.902551e-10
11060.00 1.888184e-10
11070.00 1.849069e-10
11080.00 1.809333e-10
11090.00 1.769413e-10
11100.00 1.726127e-10
11110.00 1.712219e-10
11120.00 1.684222e-10
11130.00 1.653504e-10
11140.00 1.625601e-10
11150.00 1.605801e-10
11160.00 1.613114e-10
11170.00 1.607827e-10
11180.00 1.590065e-10
11190.00 1.603643e-10
11200.00 1.643509e-10
11210.00 1.618898e-10
11220.00 1.587274e-10
11230.00 1.608124e-10
11240.00 1.613639e-10
11250.00 1.578154e-10
11260.00 1.563441e-10
11270.00 1.557801e-10
11280.00 1.532319e-10
11290.00 1.527215e-10
11300.00 1.522556e-10
11310.00 1.482610e-10
11320.00 1.439790e-10
11330.00 1.418955e-10
11340.00 1.392127e-10
11350.00 1.368614e-10
11360.00 1.362448e-10
11370.00 1.348025e-10
11380.00 1.320858e-10
11390.00 1.302965e-10
11400.00 1.287432e-10
11410.00 1.252272e-10
11420.00 1.220075e-10
11430.00 1.210645e-10
11440.00 1.196455e-10
11450.00 1.184392e-10
11460.00 1.191378e-10
11470.00 1.181101e-10
11480.00 1.143481e-10
11490.00 1.115134e-10
11500.00 1.109069e-10
11510.00 1.119614e-10
11520.00 1.114176e-10
11530.00 1.077951e-10
11540.00 1.043317e-10
11550.00 1.022454e-10
11560.00 1.004495e-10
11570.00 1.005184e-10
11580.00 1.028491e-10
11590.00 1.021294e-10
11600.00 1.002577e-10
11610.00 9.813951e-11
11620.00 9.611469e-11
11630.00 9.569491e-11
11640.00 9.604304e-11
11650.00 9.697898e-11
11660.00 9.662652e-11
11670.00 9.844693e-11
11680.00 9.908586e-11
11690.00 9.751029e-11
11700.00 9.678511e-11
11710.00 9.630415e-11
11720.00 9.631931e-11
11730.00 9.641422e-11
11740.00 9.536675e-11
11750.00 9.415069e-11
11760.00 9.330589e-11
11770.00 9.356400e-11
11780.00 9.494103e-11
11790.00 9.554092e-11
11800.00 9.585308e-11
11810.00 9.658943e-11
11820.00 9.721565e-11
11830.00 9.739688e-11
11840.00 9.656171e-11
11850.00 9.509034e-11
11860.00 9.405278e-11
11870.00 9.395334e-11
11880.00 9.453912e-11
11890.00 9.505619e-11
11900.00 9.483893e-11
11910.00 9.417493e-11
11920.00 9.424134e-11
11930.00 9.475338e-11
11940.00 9.443891e-11
11950.00 9.435021e-11
11960.00 9.472062e-11
11970.00 9.357615e-11
11980.00 9.245207e-11
11990.00 9.260229e-11
12000.00 9.112142e-11
12010.00 8.929500e-11
12020.00 8.874120e-11
12030.00 8.796386e-11
12040.00 8.655317e-11
12050.00 8.558441e-11
12060.00 8.395632e-11
12070.00 8.197759e-11
12080.00 8.146919e-11
12090.00 8.072851e-11
12100.00 7.926244e-11
12110.00 7.707839e-11
12120.00 7.522607e-11
12130.00 7.509443e-11
12140.00 7.789303e-11
12150.00 7.827175e-11
12160.00 7.584956e-11
12170.00 7.352633e-11
12180.00 7.221642e-11
12190.00 7.387705e-11
12200.00 7.625629e-11
12210.00 7.695674e-11
12220.00 7.453134e-11
12230.00 7.175774e-11
12240.00 6.993083e-11
12250.00 6.976584e-11
12260.00 6.950983e-11
12270.00 6.964333e-11
12280.00 7.138244e-11
12290.00 7.129828e-11
12300.00 7.022609e-11
12310.00 7.075713e-11
12320.00 7.153014e-11
12330.00 7.101824e-11
12340.00 7.010640e-11
12350.00 6.975686e-11
12360.00 7.004033e-11
12370.00 7.017930e-11
12380.00 6.946275e-11
12390.00 6.832219e-11
12400.00 6.686045e-11
12410.00 6.600080e-11
12420.00 6.748559e-11
12430.00 6.918291e-11
12440.00 6.824226e-11
12450.00 6.635651e-11
12460.00 6.531854e-11
12470.00 6.490132e-11
12480.00 6.505530e-11
12490.00 6.519560e-11
12500.00 6.512107e-11
12510.00 6.556567e-11
12520.00 6.582836e-11
12530.00 6.393875e-11
12540.00 6.223400e-11
12550.00 6.197269e-11
12560.00 6.376451e-11
12570.00 6.523297e-11
12580.00 6.284440e-11
12590.00 6.227851e-11
12600.00 6.304377e-11
12610.00 6.423002e-11
12620.00 6.514273e-11
12630.00 6.452806e-11
12640.00 6.524644e-11
12650.00 6.490039e-11
12660.00 6.319988e-11
12670.00 6.280478e-11
12680.00 6.322560e-11
12690.00 6.351715e-11
12700.00 6.306250e-11
12710.00 6.217186e-11
12720.00 6.258563e-11
12730.00 6.320976e-11
12740.00 6.284141e-11
12750.00 6.355790e-11
12760.00 6.478547e-11
12770.00 6.457994e-11
12780.00 6.300013e-11
12790.00 6.111582e-11
12800.00 5.997138e-11
12810.00 5.957243e-11
12820.00 5.949900e-11
12830.00 5.984003e-11
12840.00 5.940151e-11
12850.00 5.812406e-11
12860.00 5.813594e-11
12870.00 5.926749e-11
12880.00 5.970341e-11
12890.00 5.956697e-11
12900.00 5.959728e-11
12910.00 5.909781e-11
12920.00 5.807895e-11
12930.00 5.746065e-11
12940.00 5.662901e-11
12950.00 5.557336e-11
12960.00 5.506028e-11
12970.00 5.404170e-11
12980.00 5.295735e-11
12990.00 5.341978e-11
13000.00 5.420009e-11
13010.00 5.360597e-11
13020.00 5.233766e-11
13030.00 5.113058e-11
13040.00 5.082141e-11
13050.00 5.200643e-11
13060.00 5.341904e-11
13070.00 5.271035e-11
13080.00 5.071804e-11
13090.00 4.993248e-11
13100.00 4.984165e-11
13110.00 4.986067e-11
13120.00 4.939325e-11
13130.00 4.868989e-11
13140.00 4.831687e-11
13150.00 4.761812e-11
13160.00 4.687236e-11
13170.00 4.541426e-11
13180.00 4.533750e-11
13190.00 4.569874e-11
13200.00 4.492732e-11
13210.00 4.456201e-11
13220.00 4.475931e-11
13230.00 4.483613e-11
13240.00 4.591997e-11
13250.00 4.638614e-11
13260.00 4.620757e-11
13270.00 4.645249e-11
13280.00 4.577504e-11
13290.00 4.465499e-11
13300.00 4.320372e-11
13310.00 4.221857e-11
13320.00 4.287717e-11
13330.00 4.368333e-11
13340.00 4.346942e-11
13350.00 4.310297e-11
13360.00 4.292937e-11
13370.00 4.292603e-11
13380.00 4.172471e-11
13390.00 3.915606e-11
13400.00 3.742772e-11
13410.00 3.684944e-11
13420.00 3.642322e-11
13430.00 3.608665e-11
13440.00 3.579745e-11
13450.00 3.553953e-11
13460.00 3.530814e-11
13470.00 3.509613e-11
13480.00 3.489943e-11
13490.00 3.471415e-11
13500.00 3.453747e-11
13510.00 3.436922e-11
13520.00 3.420468e-11
13530.00 3.404382e-11
13540.00 3.388553e-11
13550.00 3.372766e-11
13560.00 3.356844e-11
13570.00 3.340861e-11
13580.00 3.324907e-11
13590.00 3.308933e-11
13600.00 3.292952e-11
13610.00 3.277000e-11
13620.00 3.260917e-11
13630.00 3.244649e-11
13640.00 3.228394e-11
13650.00 3.212058e-11
13660.00 3.195425e-11
13670.00 3.178812e-11
13680.00 3.162615e-11
13690.00 3.148901e-11
13700.00 3.135501e-11
13710.00 3.122113e-11
13720.00 3.105952e-11
13730.00 3.089353e-11
13740.00 3.072687e-11
13750.00 3.054687e-11
13760.00 3.036123e-11
13770.00 3.017338e-11
13780.00 2.997094e-11
13790.00 2.975719e-11
13800.00 2.953920e-11
13810.00 2.930810e-11
13820.00 2.906140e-11
13830.00 2.880647e-11
13840.00 2.852891e-11
13850.00 2.821451e-11
13860.00 2.788535e-11
13870.00 2.755716e-11
13880.00 2.722965e-11
13890.00 2.690431e-11
13900.00 2.658436e-11
13910.00 2.627070e-11
13920.00 2.596352e-11
13930.00 2.566584e-11
13940.00 2.537632e-11
13950.00 2.509000e-11
13960.00 2.480595e-11
13970.00 2.452533e-11
13980.00 2.425110e-11
13990.00 2.398840e-11
14000.00 2.374463e-11
14010.00 2.352352e-11
14020.00 2.335256e-11
14030.00 2.321382e-11
14040.00 2.295230e-11
14050.00 2.281019e-11
14060.00 2.292967e-11
14070.00 2.290929e-11
14080.00 2.265507e-11
14090.00 2.246423e-11
14100.00 2.229667e-11
14110.00 2.249472e-11
14120.00 2.315583e-11
14130.00 2.434352e-11
14140.00 2.343244e-11
14150.00 2.094602e-11
14160.00 2.045676e-11
14170.00 2.003147e-11
14180.00 1.917452e-11
14190.00 1.937589e-11
14200.00 1.797443e-11
14210.00 1.765158e-11
14220.00 1.925024e-11
14230.00 2.030764e-11
14240.00 2.003094e-11
14250.00 1.927112e-11
14260.00 1.968085e-11
14270.00 2.037678e-11
14280.00 2.112799e-11
14290.00 2.215037e-11
14300.00 2.232805e-11
14310.00 2.187894e-11
14320.00 2.206555e-11
14330.00 2.254267e-11
14340.00 2.363052e-11
14350.00 2.454381e-11
14360.00 2.448773e-11
14370.00 2.420363e-11
14380.00 2.389759e-11
14390.00 2.321854e-11
14400.00 2.266623e-11
14410.00 2.306449e-11
14420.00 2.410290e-11
14430.00 2.485234e-11
14440.00 2.481862e-11
14450.00 2.422219e-11
14460.00 2.388175e-11
14470.00 2.410969e-11
14480.00 2.432687e-11
14490.00 2.380320e-11
14500.00 2.301384e-11
14510.00 2.286508e-11
14520.00 2.297776e-11
14530.00 2.176774e-11
14540.00 2.069289e-11
14550.00 2.133168e-11
14560.00 2.139483e-11
14570.00 2.164238e-11
14580.00 2.279511e-11
14590.00 2.245735e-11
14600.00 2.086736e-11
14610.00 1.979481e-11
14620.00 2.020493e-11
14630.00 2.108140e-11
14640.00 2.070055e-11
14650.00 2.083156e-11
14660.00 2.167121e-11
14670.00 2.218492e-11
14680.00 2.207300e-11
14690.00 2.121291e-11
14700.00 2.129778e-11
14710.00 2.289052e-11
14720.00 2.245872e-11
14730.00 2.119531e-11
14740.00 2.145866e-11
14750.00 2.118462e-11
14760.00 2.067346e-11
14770.00 2.113641e-11
14780.00 2.161848e-11
14790.00 2.166930e-11
14800.00 2.126999e-11
14810.00 2.063912e-11
14820.00 2.066117e-11
14830.00 2.156063e-11
14840.00 2.204778e-11
14850.00 2.172587e-11
14860.00 2.154347e-11
14870.00 2.144074e-11
14880.00 2.149418e-11
14890.00 2.184395e-11
14900.00 2.198776e-11
14910.00 2.183688e-11
14920.00 2.160450e-11
14930.00 2.145871e-11
14940.00 2.137423e-11
14950.00 2.125425e-11
14960.00 2.132248e-11
14970.00 2.141475e-11
14980.00 2.124296e-11
14990.00 2.098164e-11
15000.00 2.088982e-11
15010.00 2.107268e-11
15020.00 2.068053e-11
15030.00 1.968550e-11
15040.00 1.941310e-11
15050.00 1.994552e-11
15060.00 2.021149e-11
15070.00 1.970858e-11
15080.00 1.932380e-11
15090.00 1.939501e-11
15100.00 1.903044e-11
15110.00 1.888899e-11
15120.00 1.924412e-11
15130.00 1.902463e-11
15140.00 1.900646e-11
15150.00 1.816288e-11
15160.00 1.770368e-11
15170.00 1.785074e-11
15180.00 1.749286e-11
15190.00 1.736726e-11
15200.00 1.778557e-11
15210.00 1.771853e-11
15220.00 1.661588e-11
15230.00 1.651094e-11
15240.00 1.667405e-11
15250.00 1.699443e-11
15260.00 1.730412e-11
15270.00 1.713382e-11
15280.00 1.625881e-11
15290.00 1.593408e-11
15300.00 1.625891e-11
15310.00 1.682365e-11
15320.00 1.703362e-11
15330.00 1.606767e-11
15340.00 1.564962e-11
15350.00 1.666168e-11
15360.00 1.777519e-11
15370.00 1.781637e-11
15380.00 1.669967e-11
15390.00 1.552550e-11
15400.00 1.523357e-11
15410.00 1.546692e-11
15420.00 1.550413e-11
15430.00 1.520953e-11
15440.00 1.499398e-11
15450.00 1.507674e-11
15460.00 1.499265e-11
15470.00 1.463410e-11
15480.00 1.446714e-11
15490.00 1.424587e-11
15500.00 1.393022e-11
15510.00 1.421140e-11
15520.00 1.449573e-11
15530.00 1.392867e-11
15540.00 1.319921e-11
15550.00 1.318792e-11
15560.00 1.345290e-11
15570.00 1.356366e-11
15580.00 1.357402e-11
15590.00 1.353613e-11
15600.00 1.341395e-11
15610.00 1.330933e-11
15620.00 1.312427e-11
15630.00 1.315896e-11
15640.00 1.398464e-11
15650.00 1.426610e-11
15660.00 1.350456e-11
15670.00 1.280806e-11
15680.00 1.321542e-11
15690.00 1.423621e-11
15700.00 1.457071e-11
15710.00 1.447935e-11
15720.00 1.437618e-11
15730.00 1.379891e-11
15740.00 1.351076e-11
15750.00 1.334108e-11
15760.00 1.312901e-11
15770.00 1.290670e-11
15780.00 1.281914e-11
15790.00 1.308635e-11
15800.00 1.323602e-11
15810.00 1.313922e-11
15820.00 1.304513e-11
15830.00 1.280585e-11
15840.00 1.213658e-11
15850.00 1.201926e-11
15860.00 1.256282e-11
15870.00 1.279798e-11
15880.00 1.256928e-11
15890.00 1.226905e-11
15900.00 1.231007e-11
15910.00 1.254452e-11
15920.00 1.271253e-11
15930.00 1.287810e-11
15940.00 1.277728e-11
15950.00 1.238048e-11
15960.00 1.220761e-11
15970.00 1.213499e-11
15980.00 1.186442e-11
15990.00 1.180202e-11
16000.00 1.195622e-11
16010.00 1.199837e-11
16020.00 1.203960e-11
16030.00 1.219359e-11
16040.00 1.238007e-11
16050.00 1.227504e-11
16060.00 1.192262e-11
16070.00 1.165893e-11
16080.00 1.151624e-11
16090.00 1.154083e-11
16100.00 1.156100e-11
16110.00 1.142653e-11
16120.00 1.179136e-11
16130.00 1.216448e-11
16140.00 1.160421e-11
16150.00 1.120279e-11
16160.00 1.182836e-11
16170.00 1.216914e-11
16180.00 1.182606e-11
16190.00 1.122207e-11
16200.00 1.108224e-11
16210.00 1.113764e-11
16220.00 1.093827e-11
16230.00 1.111934e-11
16240.00 1.092626e-11
16250.00 1.011416e-11
16260.00 9.879010e-12
16270.00 1.025410e-11
16280.00 1.048230e-11
16290.00 1.067629e-11
16300.00 1.044509e-11
16310.00 1.008352e-11
16320.00 1.037746e-11
16330.00 1.049101e-11
16340.00 1.028874e-11
16350.00 1.018662e-11
16360.00 9.889472e-12
16370.00 9.663210e-12
16380.00 9.723116e-12
16390.00 9.743033e-12
16400.00 9.682583e-12
16410.00 9.619102e-12
16420.00 9.633928e-12
16430.00 9.735854e-12
16440.00 9.687848e-12
16450.00 9.450434e-12
16460.00 9.242637e-12
16470.00 9.204277e-12
16480.00 9.249048e-12
16490.00 9.253336e-12
16500.00 9.342656e-12
16510.00 9.371198e-12
16520.00 9.000537e-12
16530.00 8.523139e-12
16540.00 8.570327e-12
16550.00 8.880727e-12
16560.00 8.787091e-12
16570.00 8.749275e-12
16580.00 8.986375e-12
16590.00 9.000398e-12
16600.00 8.795632e-12
16610.00 8.744316e-12
16620.00 8.806645e-12
16630.00 8.605035e-12
16640.00 8.148392e-12
16650.00 8.004377e-12
16660.00 8.378153e-12
16670.00 8.471230e-12
16680.00 8.499800e-12
16690.00 8.754945e-12
16700.00 8.219821e-12
16710.00 8.686799e-12
16720.00 9.625387e-12
16730.00 9.271207e-12
16740.00 8.990921e-12
16750.00 9.156635e-12
16760.00 9.278959e-12
16770.00 9.493586e-12
16780.00 9.692283e-12
16790.00 9.791520e-12
16800.00 9.992340e-12
16810.00 9.994987e-12
16820.00 9.676738e-12
16830.00 9.345834e-12
16840.00 9.214061e-12
16850.00 9.205960e-12
16860.00 9.146166e-12
16870.00 9.171964e-12
16880.00 9.470009e-12
16890.00 9.596671e-12
16900.00 9.370654e-12
16910.00 9.321922e-12
16920.00 9.305106e-12
16930.00 8.979286e-12
16940.00 8.732835e-12
16950.00 8.723896e-12
16960.00 8.723687e-12
16970.00 8.640847e-12
16980.00 8.461020e-12
16990.00 8.323213e-12
17000.00 8.298512e-12
17010.00 8.230450e-12
17020.00 8.102147e-12
17030.00 8.045308e-12
17040.00 8.032423e-12
17050.00 8.073451e-12
17060.00 8.166201e-12
17070.00 8.186648e-12
17080.00 8.134705e-12
17090.00 7.962063e-12
17100.00 7.904141e-12
17110.00 7.865361e-12
17120.00 7.588902e-12
17130.00 7.460711e-12
17140.00 7.453958e-12
17150.00 7.408607e-12
17160.00 7.372026e-12
17170.00 7.216041e-12
17180.00 7.301534e-12
17190.00 7.490405e-12
17200.00 7.476522e-12
17210.00 7.239750e-12
17220.00 6.967832e-12
17230.00 7.365434e-12
17240.00 7.246308e-12
17250.00 6.912086e-12
17260.00 7.104918e-12
17270.00 6.931558e-12
17280.00 6.928382e-12
17290.00 6.874293e-12
17300.00 6.818666e-12
17310.00 6.725501e-12
17320.00 6.761736e-12
17330.00 6.774874e-12
17340.00 6.458105e-12
17350.00 6.304367e-12
17360.00 6.327060e-12
17370.00 6.322038e-12
17380.00 6.339884e-12
17390.00 6.441476e-12
17400.00 6.567924e-12
17410.00 6.594164e-12
17420.00 6.435678e-12
17430.00 6.262898e-12
17440.00 6.370308e-12
17450.00 6.680969e-12
17460.00 6.713676e-12
17470.00 6.283426e-12
17480.00 5.903528e-12
17490.00 5.846995e-12
17500.00 5.756089e-12
17510.00 5.664666e-12
17520.00 5.721623e-12
17530.00 5.736027e-12
17540.00 5.715311e-12
17550.00 5.681191e-12
17560.00 5.539807e-12
17570.00 5.483531e-12
17580.00 5.657336e-12
17590.00 5.789118e-12
17600.00 5.732574e-12
17610.00 5.574807e-12
17620.00 5.455787e-12
17630.00 5.414955e-12
17640.00 5.375697e-12
17650.00 5.394836e-12
17660.00 5.231721e-12
17670.00 4.873408e-12
17680.00 4.772187e-12
17690.00 5.025378e-12
17700.00 5.357844e-12
17710.00 5.405474e-12
17720.00 5.258579e-12
17730.00 5.267821e-12
17740.00 5.304282e-12
17750.00 5.227268e-12
17760.00 5.138952e-12
17770.00 4.946224e-12
17780.00 5.021407e-12
17790.00 5.268651e-12
17800.00 4.945460e-12
17810.00 4.436343e-12
17820.00 4.385145e-12
17830.00 4.502465e-12
17840.00 4.602432e-12
17850.00 4.553648e-12
17860.00 4.385844e-12
17870.00 4.394413e-12
17880.00 4.562279e-12
17890.00 4.668526e-12
17900.00 4.908150e-12
17910.00 5.537420e-12
17920.00 5.594528e-12
17930.00 4.802196e-12
17940.00 4.186500e-12
17950.00 3.990656e-12
17960.00 4.021381e-12
17970.00 4.221211e-12
17980.00 4.319865e-12
17990.00 4.301353e-12
18000.00 4.275009e-12
18010.00 4.245473e-12
18020.00 4.214177e-12
18030.00 4.181727e-12
18040.00 4.148486e-12
18050.00 4.115541e-12
18060.00 4.083421e-12
18070.00 4.052053e-12
18080.00 4.020983e-12
18090.00 3.990132e-12
18100.00 3.959732e-12
18110.00 3.929912e-12
18120.00 3.900392e-12
18130.00 3.871023e-12
18140.00 3.841846e-12
18150.00 3.813176e-12
18160.00 3.785402e-12
18170.00 3.757974e-12
18180.00 3.730683e-12
18190.00 3.703533e-12
18200.00 3.676523e-12
18210.00 3.649990e-12
18220.00 3.623856e-12
18230.00 3.597889e-12
18240.00 3.572056e-12
18250.00 3.546353e-12
18260.00 3.520783e-12
18270.00 3.494351e-12
18280.00 3.467464e-12
18290.00 3.440644e-12
18300.00 3.413966e-12
18310.00 3.387430e-12
18320.00 3.360993e-12
18330.00 3.334272e-12
18340.00 3.307408e-12
18350.00 3.280633e-12
18360.00 3.254005e-12
18370.00 3.227522e-12
18380.00 3.201104e-12
18390.00 3.174472e-12
18400.00 3.147700e-12
18410.00 3.121010e-12
18420.00 3.094469e-12
18430.00 3.068078e-12
18440.00 3.041738e-12
18450.00 3.015240e-12
18460.00 2.988618e-12
18470.00 2.962080e-12
18480.00 2.935695e-12
18490.00 2.909461e-12
18500.00 2.883287e-12
18510.00 2.857003e-12
18520.00 2.830627e-12
18530.00 2.804349e-12
18540.00 2.778224e-12
18550.00 2.752252e-12
18560.00 2.726391e-12
18570.00 2.700533e-12
18580.00 2.674700e-12
18590.00 2.648994e-12
18600.00 2.623442e-12
18610.00 2.598042e-12
18620.00 2.572775e-12
18630.00 2.547559e-12
18640.00 2.522420e-12
18650.00 2.497421e-12
18660.00 2.472574e-12
18670.00 2.447878e-12
18680.00 2.423324e-12
18690.00 2.398790e-12
18700.00 2.374333e-12
18710.00 2.350016e-12
18720.00 2.325850e-12
18730.00 2.301832e-12
18740.00 2.277964e-12
18750.00 2.254035e-12
18760.00 2.230163e-12
18770.00 2.206429e-12
18780.00 2.182843e-12
18790.00 2.159405e-12
18800.00 2.136106e-12
18810.00 2.112746e-12
18820.00 2.089433e-12
18830.00 2.066254e-12
18840.00 2.043224e-12
18850.00 2.020340e-12
18860.00 1.997552e-12
18870.00 1.974616e-12
18880.00 1.951641e-12
18890.00 1.928783e-12
18900.00 1.906074e-12
18910.00 1.883515e-12
18920.00 1.860990e-12
18930.00 1.838226e-12
18940.00 1.815314e-12
18950.00 1.792500e-12
18960.00 1.769840e-12
18970.00 1.747332e-12
18980.00 1.725359e-12
18990.00 1.704613e-12
19000.00 1.684921e-12
19010.00 1.665518e-12
19020.00 1.646241e-12
19030.00 1.627086e-12
19040.00 1.608046e-12
19050.00 1.589121e-12
19060.00 1.570320e-12
19070.00 1.551620e-12
19080.00 1.532935e-12
19090.00 1.514205e-12
19100.00 1.495531e-12
19110.00 1.476916e-12
19120.00 1.458119e-12
19130.00 1.439245e-12
19140.00 1.420074e-12
19150.00 1.398341e-12
19160.00 1.373781e-12
19170.00 1.342545e-12
19180.00 1.359457e-12
19190.00 1.724898e-12
19200.00 1.941944e-12
19210.00 1.835928e-12
19220.00 1.740592e-12
19230.00 1.720321e-12
19240.00 1.779223e-12
19250.00 1.843381e-12
19260.00 1.758547e-12
19270.00 1.646640e-12
19280.00 1.632576e-12
19290.00 1.645598e-12
19300.00 1.642219e-12
19310.00 1.640384e-12
19320.00 1.682935e-12
19330.00 1.597349e-12
19340.00 1.465204e-12
19350.00 1.513610e-12
19360.00 1.570898e-12
19370.00 1.561138e-12
19380.00 1.591568e-12
19390.00 1.608707e-12
19400.00 1.610896e-12
19410.00 1.626863e-12
19420.00 1.612511e-12
19430.00 1.592124e-12
19440.00 1.627758e-12
19450.00 1.710066e-12
19460.00 1.760228e-12
19470.00 1.796175e-12
19480.00 1.847110e-12
19490.00 1.814151e-12
19500.00 1.724433e-12
19510.00 1.702696e-12
19520.00 1.720724e-12
19530.00 1.717256e-12
19540.00 1.702258e-12
19550.00 1.717469e-12
19560.00 1.724110e-12
19570.00 1.666260e-12
19580.00 1.620787e-12
19590.00 1.639522e-12
19600.00 1.651643e-12
19610.00 1.702025e-12
19620.00 1.740666e-12
19630.00 1.640393e-12
19640.00 1.546125e-12
19650.00 1.525045e-12
19660.00 1.551543e-12
19670.00 1.541571e-12
19680.00 1.474724e-12
19690.00 1.429483e-12
19700.00 1.405670e-12
19710.00 1.384413e-12
19720.00 1.375486e-12
19730.00 1.360030e-12
19740.00 1.295046e-12
19750.00 1.298118e-12
19760.00 1.229918e-12
19770.00 1.255887e-12
19780.00 1.239106e-12
19790.00 1.169621e-12
19800.00 1.263978e-12
19810.00 1.319530e-12
19820.00 1.123430e-12
19830.00 9.666430e-13
19840.00 9.343376e-13
19850.00 7.835723e-13
19860.00 6.529924e-13
19870.00 5.670603e-13
19880.00 4.491067e-13
19890.00 3.572223e-13
19900.00 3.820625e-13
19910.00 4.650935e-13
19920.00 5.119278e-13
19930.00 5.106144e-13
19940.00 4.794015e-13
19950.00 3.935077e-13
19960.00 3.113776e-13
19970.00 3.491668e-13
19980.00 4.497116e-13
19990.00 4.816278e-13
20000.00 4.569535e-13
20010.00 4.578112e-13
20020.00 4.798138e-13
20030.00 4.706121e-13
20040.00 4.735346e-13
20050.00 5.021720e-13
20060.00 4.791230e-13
20070.00 4.476554e-13
20080.00 4.489126e-13
20090.00 4.520366e-13
20100.00 4.905221e-13
20110.00 5.564639e-13
20120.00 5.935157e-13
20130.00 6.268520e-13
20140.00 6.478090e-13
20150.00 6.463535e-13
20160.00 7.170843e-13
20170.00 9.549524e-13
20180.00 1.069076e-12
20190.00 9.054912e-13
20200.00 8.051684e-13
20210.00 8.457724e-13
20220.00 8.820102e-13
20230.00 9.093803e-13
20240.00 9.548463e-13
20250.00 9.590211e-13
20260.00 1.010662e-12
20270.00 1.078802e-12
20280.00 1.065103e-12
20290.00 1.063869e-12
20300.00 1.073352e-12
20310.00 1.081498e-12
20320.00 1.111247e-12
20330.00 1.111467e-12
20340.00 1.084689e-12
20350.00 1.091724e-12
20360.00 1.097536e-12
20370.00 1.084331e-12
20380.00 1.082439e-12
20390.00 1.096618e-12
20400.00 1.110919e-12
20410.00 1.127890e-12
20420.00 1.159789e-12
20430.00 1.197601e-12
20440.00 1.216326e-12
20450.00 1.210318e-12
20460.00 1.205455e-12
20470.00 1.196181e-12
20480.00 1.169023e-12
20490.00 1.160111e-12
20500.00 1.184995e-12
20510.00 1.202960e-12
20520.00 1.186668e-12
20530.00 1.160338e-12
20540.00 1.157773e-12
20550.00 1.166886e-12
20560.00 1.164897e-12
20570.00 1.168077e-12
20580.00 1.185553e-12
20590.00 1.178749e-12
20600.00 1.136191e-12
20610.00 1.127688e-12
20620.00 1.145620e-12
20630.00 1.121150e-12
20640.00 1.089548e-12
20650.00 1.075109e-12
20660.00 1.064979e-12
20670.00 1.059481e-12
20680.00 1.064188e-12
20690.00 1.063135e-12
20700.00 1.039928e-12
20710.00 1.015040e-12
20720.00 9.891287e-13
20730.00 9.739415e-13
20740.00 9.491952e-13
20750.00 9.281361e-13
20760.00 9.606664e-13
20770.00 9.767734e-13
20780.00 9.938748e-13
20790.00 1.024641e-12
20800.00 9.822436e-13
20810.00 9.399859e-13
20820.00 9.588381e-13
20830.00 9.667861e-13
20840.00 9.520948e-13
20850.00 9.613222e-13
20860.00 9.541528e-13
20870.00 8.871075e-13
20880.00 8.547135e-13
20890.00 8.726005e-13
20900.00 8.766580e-13
20910.00 8.830892e-13
20920.00 9.004644e-13
20930.00 8.839244e-13
20940.00 8.454574e-13
20950.00 8.322682e-13
20960.00 8.397099e-13
20970.00 8.382468e-13
20980.00 8.246519e-13
20990.00 8.125640e-13
21000.00 7.998811e-13
21010.00 7.846352e-13
21020.00 7.685143e-13
21030.00 7.550415e-13
21040.00 7.672146e-13
21050.00 7.858182e-13
21060.00 7.792767e-13
21070.00 7.670331e-13
21080.00 7.442470e-13
21090.00 7.253627e-13
21100.00 7.414969e-13
21110.00 7.467143e-13
21120.00 7.310941e-13
21130.00 7.289627e-13
21140.00 7.304774e-13
21150.00 7.137552e-13
21160.00 6.869020e-13
21170.00 6.795111e-13
21180.00 6.957110e-13
21190.00 7.005667e-13
21200.00 6.927405e-13
21210.00 6.806696e-13
21220.00 6.630975e-13
21230.00 6.488921e-13
21240.00 6.563355e-13
21250.00 6.746482e-13
21260.00 6.737078e-13
21270.00 6.234146e-13
21280.00 5.949445e-13
21290.00 6.195289e-13
21300.00 6.106660e-13
21310.00 5.918091e-13
21320.00 6.012921e-13
21330.00 6.219324e-13
21340.00 6.190717e-13
21350.00 5.922716e-13
21360.00 5.663383e-13
21370.00 5.505080e-13
21380.00 5.379400e-13
21390.00 5.317741e-13
21400.00 5.373973e-13
21410.00 5.365985e-13
21420.00 5.334693e-13
21430.00 5.315127e-13
21440.00 5.279237e-13
21450.00 5.314317e-13
21460.00 5.235535e-13
21470.00 4.946503e-13
21480.00 4.843580e-13
21490.00 5.006946e-13
21500.00 4.983393e-13
21510.00 4.662266e-13
21520.00 4.440837e-13
21530.00 4.516203e-13
21540.00 4.669858e-13
21550.00 4.746036e-13
21560.00 4.728364e-13
21570.00 4.569542e-13
21580.00 4.411430e-13
21590.00 4.433992e-13
21600.00 4.553209e-13
21610.00 4.564163e-13
21620.00 4.372669e-13
21630.00 4.145639e-13
21640.00 4.055242e-13
21650.00 4.050603e-13
21660.00 4.060094e-13
21670.00 4.035554e-13
21680.00 4.053716e-13
21690.00 4.083430e-13
21700.00 4.114394e-13
21710.00 4.016501e-13
21720.00 3.744183e-13
21730.00 3.640683e-13
21740.00 3.502691e-13
21750.00 3.318163e-13
21760.00 3.389404e-13
21770.00 3.586765e-13
21780.00 3.594045e-13
21790.00 3.620893e-13
21800.00 3.686759e-13
21810.00 3.517202e-13
21820.00 3.203872e-13
21830.00 3.072311e-13
21840.00 3.281679e-13
21850.00 3.504753e-13
21860.00 3.485476e-13
21870.00 3.191948e-13
21880.00 2.912170e-13
21890.00 2.822080e-13
21900.00 2.832002e-13
21910.00 2.929028e-13
21920.00 2.999229e-13
21930.00 3.056358e-13
21940.00 3.030709e-13
21950.00 2.890364e-13
21960.00 2.855769e-13
21970.00 2.870933e-13
21980.00 2.761752e-13
21990.00 2.606075e-13
22000.00 2.543801e-13
22010.00 2.551777e-13
22020.00 2.562850e-13
22030.00 2.606335e-13
22040.00 2.624564e-13
22050.00 2.586146e-13
22060.00 2.623525e-13
22070.00 2.689373e-13
22080.00 2.593138e-13
22090.00 2.432735e-13
22100.00 2.533516e-13
22110.00 2.630760e-13
22120.00 2.465932e-13
22130.00 2.344426e-13
22140.00 2.356821e-13
22150.00 2.339486e-13
22160.00 2.182796e-13
22170.00 2.072171e-13
22180.00 2.196895e-13
22190.00 2.294199e-13
22200.00 2.252729e-13
22210.00 2.400597e-13
22220.00 2.509443e-13
22230.00 2.323202e-13
22240.00 2.099065e-13
22250.00 1.904847e-13
22260.00 1.852137e-13
22270.00 2.075258e-13
22280.00 2.057662e-13
22290.00 1.976169e-13
22300.00 2.108146e-13
22310.00 2.054583e-13
22320.00 1.989647e-13
22330.00 2.073168e-13
22340.00 2.075482e-13
22350.00 1.955413e-13
22360.00 1.962009e-13
22370.00 2.000896e-13
22380.00 1.981683e-13
22390.00 1.996529e-13
22400.00 2.023051e-13
22410.00 1.892190e-13
22420.00 1.777603e-13
22430.00 1.815519e-13
22440.00 1.824338e-13
22450.00 1.811744e-13
22460.00 1.773881e-13
22470.00 1.707661e-13
22480.00 1.658517e-13
22490.00 1.549989e-13
22500.00 1.448925e-13
22510.00 1.473349e-13
22520.00 1.552394e-13
22530.00 1.586273e-13
22540.00 1.530249e-13
22550.00 1.445459e-13
22560.00 1.439052e-13
22570.00 1.519037e-13
22580.00 1.608587e-13
22590.00 1.623282e-13
22600.00 1.540941e-13
22610.00 1.415175e-13
22620.00 1.345452e-13
22630.00 1.343161e-13
22640.00 1.352839e-13
22650.00 1.420121e-13
22660.00 1.486938e-13
22670.00 1.438825e-13
22680.00 1.289784e-13
22690.00 1.177461e-13
22700.00 1.212110e-13
22710.00 1.272715e-13
22720.00 1.290216e-13
22730.00 1.310563e-13
22740.00 1.345403e-13
22750.00 1.320416e-13
22760.00 1.286086e-13
22770.00 1.343442e-13
22780.00 1.286739e-13
22790.00 1.131566e-13
22800.00 1.133001e-13
22810.00 1.197868e-13
22820.00 1.218066e-13
22830.00 1.166577e-13
22840.00 1.069331e-13
22850.00 1.120251e-13
22860.00 1.145838e-13
22870.00 1.118541e-13
22880.00 1.094313e-13
22890.00 1.050727e-13
22900.00 1.050699e-13
22910.00 1.066357e-13
22920.00 1.108932e-13
22930.00 1.145655e-13
22940.00 1.099659e-13
22950.00 1.003916e-13
22960.00 9.622384e-14
22970.00 9.532687e-14
22980.00 8.733764e-14
22990.00 8.158358e-14
23000.00 8.949159e-14
23010.00 9.869191e-14
23020.00 1.002708e-13
23030.00 9.693470e-14
23040.00 8.953440e-14
23050.00 8.649130e-14
23060.00 8.983518e-14
23070.00 9.109041e-14
23080.00 9.389614e-14
23090.00 9.541989e-14
23100.00 8.754051e-14
23110.00 7.724062e-14
23120.00 7.180529e-14
23130.00 7.401609e-14
23140.00 7.828048e-14
23150.00 7.589782e-14
23160.00 7.203310e-14
23170.00 7.427420e-14
23180.00 7.666559e-14
23190.00 7.309872e-14
23200.00 7.156757e-14
23210.00 7.148328e-14
23220.00 6.955321e-14
23230.00 6.490063e-14
23240.00 6.241706e-14
23250.00 6.459415e-14
23260.00 5.854269e-14
23270.00 5.724314e-14
23280.00 5.905481e-14
23290.00 5.762334e-14
23300.00 5.892005e-14
23310.00 6.062884e-14
23320.00 6.035542e-14
23330.00 5.722390e-14
23340.00 5.883072e-14
23350.00 6.483300e-14
23360.00 6.696709e-14
23370.00 6.355979e-14
23380.00 5.586009e-14
23390.00 5.831650e-14
23400.00 6.262127e-14
23410.00 5.626844e-14
23420.00 4.941199e-14
23430.00 4.759936e-14
23440.00 4.320137e-14
23450.00 3.771644e-14
23460.00 4.008226e-14
23470.00 4.454189e-14
23480.00 4.614385e-14
23490.00 5.091196e-14
23500.00 5.557113e-14
23510.00 5.625980e-14
23520.00 5.704823e-14
23530.00 5.622089e-14
23540.00 5.265251e-14
23550.00 4.955306e-14
23560.00 4.563384e-14
23570.00 4.182222e-14
23580.00 4.240230e-14
23590.00 4.476552e-14
23600.00 4.284625e-14
23610.00 4.011396e-14
23620.00 4.288011e-14
23630.00 4.599125e-14
23640.00 4.135546e-14
23650.00 3.570930e-14
23660.00 3.764745e-14
23670.00 3.812375e-14
23680.00 3.249877e-14
23690.00 3.067213e-14
23700.00 3.687703e-14
23710.00 4.036033e-14
23720.00 3.602003e-14
23730.00 2.919114e-14
23740.00 2.577255e-14
23750.00 2.521583e-14
23760.00 2.881638e-14
23770.00 3.198644e-14
23780.00 3.056211e-14
23790.00 2.992202e-14
23800.00 3.206064e-14
23810.00 3.368899e-14
23820.00 2.891956e-14
23830.00 2.604451e-14
23840.00 2.801098e-14
23850.00 2.824579e-14
23860.00 2.527623e-14
23870.00 2.484729e-14
23880.00 2.466874e-14
23890.00 2.504028e-14
23900.00 2.540780e-14
23910.00 2.262458e-14
23920.00 2.098870e-14
23930.00 2.152981e-14
23940.00 2.212023e-14
23950.00 2.195898e-14
23960.00 2.163779e-14
23970.00 2.210035e-14
23980.00 2.173677e-14
23990.00 2.078739e-14
24000.00 2.041924e-14
24010.00 2.022580e-14
24020.00 2.003241e-14
24030.00 2.057677e-14
24040.00 2.205571e-14
24050.00 2.210463e-14
24060.00 1.965397e-14
24070.00 1.607742e-14
24080.00 1.342450e-14
24090.00 1.589887e-14
24100.00 2.022191e-14
24110.00 1.994603e-14
24120.00 1.700794e-14
24130.00 1.392160e-14
24140.00 1.228544e-14
24150.00 1.417632e-14
24160.00 1.648687e-14
24170.00 1.715392e-14
24180.00 1.525353e-14
24190.00 1.135304e-14
24200.00 9.536542e-15
24210.00 1.078746e-14
24220.00 1.481257e-14
24230.00 1.571331e-14
24240.00 1.345863e-14
24250.00 1.569614e-14
24260.00 1.715336e-14
24270.00 1.557180e-14
24280.00 1.495258e-14
24290.00 1.089517e-14
24300.00 8.712764e-15
24310.00 1.121135e-14
24320.00 1.146540e-14
24330.00 9.852780e-15
24340.00 9.596838e-15
24350.00 9.064612e-15
24360.00 1.115607e-14
24370.00 1.361641e-14
24380.00 1.206261e-14
24390.00 9.547394e-15
24400.00 9.103943e-15
24410.00 9.035930e-15
24420.00 8.356210e-15
24430.00 7.900768e-15
24440.00 7.568168e-15
24450.00 7.378821e-15
24460.00 7.192220e-15
24470.00 7.008307e-15
24480.00 6.827074e-15
24490.00 6.648510e-15
24500.00 6.472598e-15
24510.00 6.299332e-15
24520.00 6.128697e-15
24530.00 5.960682e-15
24540.00 5.795271e-15
24550.00 5.632459e-15
24560.00 5.472227e-15
24570.00 5.314569e-15
24580.00 5.159470e-15
24590.00 5.006916e-15
24600.00 4.856899e-15
24610.00 4.709408e-15
24620.00 4.564425e-15
24630.00 4.421943e-15
24640.00 4.281951e-15
24650.00 4.144432e-15
24660.00 4.009380e-15
24670.00 3.876778e-15
24680.00 3.746617e-15
24690.00 3.618885e-15
24700.00 3.493568e-15
24710.00 3.370657e-15
24720.00 3.250137e-15
24730.00 3.132000e-15
24740.00 3.016231e-15
24750.00 2.902819e-15
24760.00 2.791753e-15
24770.00 2.683020e-15
24780.00 2.576610e-15
24790.00 2.472509e-15
24800.00 2.370705e-15
24810.00 2.271189e-15
24820.00 2.173947e-15
24830.00 2.078967e-15
24840.00 1.986238e-15
24850.00 1.895748e-15
24860.00 1.807486e-15
24870.00 1.721439e-15
24880.00 1.637596e-15
24890.00 1.555945e-15
24900.00 1.476474e-15
24910.00 1.399170e-15
24920.00 1.324024e-15
24930.00 1.251023e-15
24940.00 1.180154e-15
24950.00 1.111408e-15
24960.00 1.044771e-15
24970.00 9.802310e-16
24980.00 9.177774e-16
24990.00 8.573979e-16
25000.00 7.990815e-16
