1000.00 1.014254e-16
1010.00 1.991158e-16
1020.00 3.443727e-16
1030.00 5.487589e-16
1040.00 8.253998e-16
1050.00 1.189038e-15
1060.00 1.656096e-15
1070.00 2.244708e-15
1080.00 2.974738e-15
1090.00 3.867751e-15
1100.00 4.947036e-15
1110.00 6.237492e-15
1120.00 7.765594e-15
1130.00 9.559281e-15
1140.00 1.164782e-14
1150.00 1.406164e-14
1160.00 1.683208e-14
1170.00 1.999127e-14
1180.00 2.357188e-14
1190.00 2.760667e-14
1200.00 3.212835e-14
1210.00 3.716930e-14
1220.00 4.276071e-14
1230.00 4.893293e-14
1240.00 5.571455e-14
1250.00 6.313207e-14
1260.00 7.120917e-14
1270.00 7.996702e-14
1280.00 8.942273e-14
1290.00 9.958951e-14
1300.00 1.104762e-13
1310.00 1.220862e-13
1320.00 1.344175e-13
1330.00 1.474617e-13
1340.00 1.612041e-13
1350.00 1.756220e-13
1360.00 1.906854e-13
1370.00 2.063567e-13
1380.00 2.225879e-13
1390.00 2.393236e-13
1400.00 2.564971e-13
1410.00 2.740332e-13
1420.00 2.918456e-13
1430.00 3.098365e-13
1440.00 3.278983e-13
1450.00 3.459124e-13
1460.00 3.637466e-13
1470.00 3.812589e-13
1480.00 3.982948e-13
1490.00 4.146882e-13
1500.00 4.302615e-13
1510.00 4.448250e-13
1520.00 4.581766e-13
1530.00 4.701049e-13
1540.00 4.803847e-13
1550.00 4.887814e-13
1560.00 4.950503e-13
1570.00 4.989353e-13
1580.00 5.001731e-13
1590.00 4.984869e-13
1600.00 4.935962e-13
1610.00 4.852124e-13
1620.00 4.730365e-13
1630.00 4.567674e-13
1640.00 4.360966e-13
1650.00 4.107122e-13
1660.00 3.803004e-13
1670.00 3.445435e-13
1680.00 3.031237e-13
1690.00 2.557232e-13
1700.00 2.020268e-13
1710.00 1.417214e-13
1720.00 7.449838e-14
1730.00 5.459317e-17
1740.00 8.190573e-14
1750.00 1.716700e-13
1760.00 2.695156e-13
1770.00 3.757073e-13
1780.00 4.904985e-13
1790.00 6.141260e-13
1800.00 7.468128e-13
1810.00 8.887585e-13
1820.00 1.040149e-12
1830.00 1.201145e-12
1840.00 1.371885e-12
1850.00 1.552487e-12
1860.00 1.743034e-12
1870.00 1.943585e-12
1880.00 2.154173e-12
1890.00 2.374794e-12
1900.00 2.605414e-12
1910.00 2.845959e-12
1920.00 3.096333e-12
1930.00 3.356385e-12
1940.00 3.625934e-12
1950.00 3.904753e-12
1960.00 4.192583e-12
1970.00 4.489107e-12
1980.00 4.793971e-12
1990.00 5.106775e-12
2000.00 5.427070e-12
2010.00 5.754352e-12
2020.00 6.088080e-12
2030.00 6.427646e-12
2040.00 6.772412e-12
2050.00 7.121651e-12
2060.00 7.474615e-12
2070.00 7.830485e-12
2080.00 8.188415e-12
2090.00 8.547428e-12
2100.00 8.906587e-12
2110.00 9.264810e-12
2120.00 9.621036e-12
2130.00 9.974078e-12
2140.00 1.032272e-11
2150.00 1.066570e-11
2160.00 1.100168e-11
2170.00 1.132922e-11
2180.00 1.164694e-11
2190.00 1.195327e-11
2200.00 1.224666e-11
2210.00 1.252547e-11
2220.00 1.278802e-11
2230.00 1.303253e-11
2240.00 1.325724e-11
2250.00 1.346026e-11
2260.00 1.363967e-11
2270.00 1.379352e-11
2280.00 1.391977e-11
2290.00 1.401633e-11
2300.00 1.408109e-11
2310.00 1.411185e-11
2320.00 1.410638e-11
2330.00 1.406241e-11
2340.00 1.397758e-11
2350.00 1.384956e-11
2360.00 1.367592e-11
2370.00 1.345419e-11
2380.00 1.318188e-11
2390.00 1.285645e-11
2400.00 1.247533e-11
2410.00 1.203591e-11
2420.00 1.153555e-11
2430.00 1.097157e-11
2440.00 1.034128e-11
2450.00 9.641938e-12
2460.00 9.832416e-12
2470.00 1.012425e-11
2480.00 1.022723e-11
2490.00 1.071911e-11
2500.00 1.220082e-11
2510.00 1.370936e-11
2520.00 1.394262e-11
2530.00 1.468311e-11
2540.00 1.502652e-11
2550.00 1.568251e-11
2560.00 1.624371e-11
2570.00 1.744175e-11
2580.00 1.887013e-11
2590.00 1.967973e-11
2600.00 2.168567e-11
2610.00 2.296197e-11
2620.00 2.370809e-11
2630.00 2.424165e-11
2640.00 2.544912e-11
2650.00 2.588535e-11
2660.00 2.596583e-11
2670.00 2.889474e-11
2680.00 3.195668e-11
2690.00 3.515419e-11
2700.00 3.848980e-11
2710.00 4.196596e-11
2720.00 4.558510e-11
2730.00 4.934964e-11
2740.00 5.326182e-11
2750.00 5.732387e-11
2760.00 6.153802e-11
2770.00 6.590641e-11
2780.00 7.043113e-11
2790.00 7.511398e-11
2800.00 7.995703e-11
2810.00 8.496210e-11
2820.00 9.013101e-11
2830.00 9.546535e-11
2840.00 1.009667e-10
2850.00 1.066365e-10
2860.00 1.124765e-10
2870.00 1.184875e-10
2880.00 1.246712e-10
2890.00 1.310286e-10
2900.00 1.375606e-10
2910.00 1.442682e-10
2920.00 1.511521e-10
2930.00 1.582133e-10
2940.00 1.654522e-10
2950.00 1.728693e-10
2960.00 1.804652e-10
2970.00 1.882400e-10
2980.00 1.961937e-10
2990.00 2.043267e-10
3000.00 2.126385e-10
3010.00 2.211293e-10
3020.00 2.297985e-10
3030.00 2.386457e-10
3040.00 2.476703e-10
3050.00 2.568717e-10
3060.00 2.662489e-10
3070.00 2.758010e-10
3080.00 2.855270e-10
3090.00 2.954254e-10
3100.00 3.054949e-10
3110.00 3.157342e-10
3120.00 3.261414e-10
3130.00 3.367149e-10
3140.00 3.474526e-10
3150.00 3.583528e-10
3160.00 3.694132e-10
3170.00 3.806308e-10
3180.00 3.920040e-10
3190.00 4.035294e-10
3200.00 4.152051e-10
3210.00 4.270277e-10
3220.00 4.389945e-10
3230.00 4.511014e-10
3240.00 4.633465e-10
3250.00 4.757253e-10
3260.00 4.882350e-10
3270.00 5.008708e-10
3280.00 5.136299e-10
3290.00 5.265078e-10
3300.00 5.395004e-10
3310.00 5.526037e-10
3320.00 5.658131e-10
3330.00 5.791247e-10
3340.00 5.925326e-10
3350.00 6.060328e-10
3360.00 6.196212e-10
3370.00 6.332913e-10
3380.00 6.470387e-10
3390.00 6.608582e-10
3400.00 6.747440e-10
3410.00 6.886913e-10
3420.00 7.026939e-10
3430.00 7.167463e-10
3440.00 7.308427e-10
3450.00 7.449775e-10
3460.00 7.591437e-10
3470.00 7.733364e-10
3480.00 7.875488e-10
3490.00 8.017743e-10
3500.00 8.160069e-10
3510.00 8.302395e-10
3520.00 8.444671e-10
3530.00 8.586808e-10
3540.00 8.728750e-10
3550.00 8.870440e-10
3560.00 9.011788e-10
3570.00 9.152731e-10
3580.00 9.293206e-10
3590.00 9.433143e-10
3600.00 9.572466e-10
3610.00 9.711097e-10
3620.00 9.848974e-10
3630.00 9.986013e-10
3640.00 1.012216e-09
3650.00 1.025732e-09
3660.00 1.039142e-09
3670.00 1.052440e-09
3680.00 1.065618e-09
3690.00 1.078670e-09
3700.00 1.091585e-09
3710.00 1.104358e-09
3720.00 1.116978e-09
3730.00 1.129435e-09
3740.00 1.141721e-09
3750.00 1.153826e-09
3760.00 1.165742e-09
3770.00 1.177462e-09
3780.00 1.188977e-09
3790.00 1.200282e-09
3800.00 1.211370e-09
3810.00 1.222237e-09
3820.00 1.232876e-09
3830.00 1.243285e-09
3840.00 1.253459e-09
3850.00 1.263395e-09
3860.00 1.273089e-09
3870.00 1.282542e-09
3880.00 1.291749e-09
3890.00 1.300712e-09
3900.00 1.309428e-09
3910.00 1.317901e-09
3920.00 1.326125e-09
3930.00 1.334106e-09
3940.00 1.341846e-09
3950.00 1.349344e-09
3960.00 1.356603e-09
3970.00 1.363626e-09
3980.00 1.370413e-09
3990.00 1.376965e-09
4000.00 1.383288e-09
4010.00 1.389380e-09
4020.00 1.395248e-09
4030.00 1.400894e-09
4040.00 1.406321e-09
4050.00 1.411533e-09
4060.00 1.416534e-09
4070.00 1.421331e-09
4080.00 1.425924e-09
4090.00 1.430322e-09
4100.00 1.434528e-09
4110.00 1.438549e-09
4120.00 1.442389e-09
4130.00 1.446053e-09
4140.00 1.449550e-09
4150.00 1.452883e-09
4160.00 1.456061e-09
4170.00 1.459087e-09
4180.00 1.461968e-09
4190.00 1.464713e-09
4200.00 1.467325e-09
4210.00 1.469813e-09
4220.00 1.472180e-09
4230.00 1.474437e-09
4240.00 1.476585e-09
4250.00 1.478630e-09
4260.00 1.480578e-09
4270.00 1.482433e-09
4280.00 1.484200e-09
4290.00 1.485883e-09
4300.00 1.487486e-09
4310.00 1.489013e-09
4320.00 1.490468e-09
4330.00 1.491852e-09
4340.00 1.493170e-09
4350.00 1.494427e-09
4360.00 1.495623e-09
4370.00 1.496762e-09
4380.00 1.497845e-09
4390.00 1.498877e-09
4400.00 1.499859e-09
4410.00 1.500791e-09
4420.00 1.501679e-09
4430.00 1.502522e-09
4440.00 1.503322e-09
4450.00 1.504081e-09
4460.00 1.504801e-09
4470.00 1.505482e-09
4480.00 1.506127e-09
4490.00 1.506735e-09
4500.00 1.507309e-09
4510.00 1.507850e-09
4520.00 1.508356e-09
4530.00 1.508832e-09
4540.00 1.509275e-09
4550.00 1.509688e-09
4560.00 1.510070e-09
4570.00 1.510422e-09
4580.00 1.510745e-09
4590.00 1.511039e-09
4600.00 1.511305e-09
4610.00 1.511541e-09
4620.00 1.511750e-09
4630.00 1.511930e-09
4640.00 1.512082e-09
4650.00 1.512205e-09
4660.00 1.512301e-09
4670.00 1.512368e-09
4680.00 1.512407e-09
4690.00 1.512418e-09
4700.00 1.512400e-09
4710.00 1.512353e-09
4720.00 1.512278e-09
4730.00 1.512173e-09
4740.00 1.512038e-09
4750.00 1.511873e-09
4760.00 1.511679e-09
4770.00 1.511452e-09
4780.00 1.511193e-09
4790.00 1.510900e-09
4800.00 1.510572e-09
4810.00 1.510207e-09
4820.00 1.509804e-09
4830.00 1.509363e-09
4840.00 1.508881e-09
4850.00 1.508357e-09
4860.00 1.507789e-09
4870.00 1.507177e-09
4880.00 1.506519e-09
4890.00 1.505815e-09
4900.00 1.505060e-09
4910.00 1.504257e-09
4920.00 1.503403e-09
4930.00 1.502496e-09
4940.00 1.501534e-09
4950.00 1.500520e-09
4960.00 1.499447e-09
4970.00 1.498316e-09
4980.00 1.497126e-09
4990.00 1.495878e-09
5000.00 1.494567e-09
5010.00 1.493193e-09
5020.00 1.491755e-09
5030.00 1.490251e-09
5040.00 1.488681e-09
5050.00 1.487044e-09
5060.00 1.485337e-09
5070.00 1.483560e-09
5080.00 1.481712e-09
5090.00 1.479792e-09
5100.00 1.477799e-09
5110.00 1.475729e-09
5120.00 1.473585e-09
5130.00 1.471363e-09
5140.00 1.469064e-09
5150.00 1.466686e-09
5160.00 1.464228e-09
5170.00 1.461687e-09
5180.00 1.459066e-09
5190.00 1.456361e-09
5200.00 1.453572e-09
5210.00 1.450697e-09
5220.00 1.447736e-09
5230.00 1.444688e-09
5240.00 1.441552e-09
5250.00 1.438326e-09
5260.00 1.435011e-09
5270.00 1.431604e-09
5280.00 1.428105e-09
5290.00 1.424513e-09
5300.00 1.420827e-09
5310.00 1.417048e-09
5320.00 1.413176e-09
5330.00 1.409218e-09
5340.00 1.405173e-09
5350.00 1.401048e-09
5360.00 1.396845e-09
5370.00 1.392567e-09
5380.00 1.388218e-09
5390.00 1.383800e-09
5400.00 1.379318e-09
5410.00 1.374775e-09
5420.00 1.370173e-09
5430.00 1.365516e-09
5440.00 1.360807e-09
5450.00 1.356050e-09
5460.00 1.351248e-09
5470.00 1.346403e-09
5480.00 1.341519e-09
5490.00 1.336599e-09
5500.00 1.331646e-09
5510.00 1.326664e-09
5520.00 1.321655e-09
5530.00 1.316622e-09
5540.00 1.311568e-09
5550.00 1.306498e-09
5560.00 1.301413e-09
5570.00 1.296316e-09
5580.00 1.291211e-09
5590.00 1.286101e-09
5600.00 1.280987e-09
5610.00 1.275875e-09
5620.00 1.270764e-09
5630.00 1.265662e-09
5640.00 1.260567e-09
5650.00 1.255485e-09
5660.00 1.250417e-09
5670.00 1.245364e-09
5680.00 1.240327e-09
5690.00 1.235306e-09
5700.00 1.230302e-09
5710.00 1.225317e-09
5720.00 1.220348e-09
5730.00 1.215398e-09
5740.00 1.210467e-09
5750.00 1.205557e-09
5760.00 1.200665e-09
5770.00 1.195796e-09
5780.00 1.190948e-09
5790.00 1.186122e-09
5800.00 1.181319e-09
5810.00 1.176540e-09
5820.00 1.171785e-09
5830.00 1.167054e-09
5840.00 1.162349e-09
5850.00 1.157670e-09
5860.00 1.153018e-09
5870.00 1.148392e-09
5880.00 1.143796e-09
5890.00 1.139228e-09
5900.00 1.134690e-09
5910.00 1.130181e-09
5920.00 1.125704e-09
5930.00 1.121258e-09
5940.00 1.116844e-09
5950.00 1.112462e-09
5960.00 1.108115e-09
5970.00 1.103802e-09
5980.00 1.099524e-09
5990.00 1.095281e-09
6000.00 1.091074e-09
6010.00 1.086904e-09
6020.00 1.082770e-09
6030.00 1.078672e-09
6040.00 1.074608e-09
6050.00 1.070580e-09
6060.00 1.066584e-09
6070.00 1.062623e-09
6080.00 1.058695e-09
6090.00 1.054799e-09
6100.00 1.050934e-09
6110.00 1.047102e-09
6120.00 1.043298e-09
6130.00 1.039524e-09
6140.00 1.035781e-09
6150.00 1.032065e-09
6160.00 1.028379e-09
6170.00 1.024718e-09
6180.00 1.021085e-09
6190.00 1.017477e-09
6200.00 1.013896e-09
6210.00 1.010339e-09
6220.00 1.006806e-09
6230.00 1.003298e-09
6240.00 9.998115e-10
6250.00 9.963484e-10
6260.00 9.929069e-10
6270.00 9.894863e-10
6280.00 9.860860e-10
6290.00 9.827059e-10
6300.00 9.793447e-10
6310.00 9.760024e-10
6320.00 9.726782e-10
6330.00 9.693708e-10
6340.00 9.660808e-10
6350.00 9.628069e-10
6360.00 9.595476e-10
6370.00 9.563045e-10
6380.00 9.530746e-10
6390.00 9.498593e-10
6400.00 9.466559e-10
6410.00 9.434658e-10
6420.00 9.402883e-10
6430.00 9.371212e-10
6440.00 9.339654e-10
6450.00 9.308199e-10
6460.00 9.276829e-10
6470.00 9.245557e-10
6480.00 9.214368e-10
6490.00 9.183249e-10
6500.00 9.152214e-10
6510.00 9.121242e-10
6520.00 9.090332e-10
6530.00 9.059472e-10
6540.00 9.028674e-10
6550.00 8.997911e-10
6560.00 8.967198e-10
6570.00 8.936505e-10
6580.00 8.905854e-10
6590.00 8.875217e-10
6600.00 8.844608e-10
6610.00 8.814013e-10
6620.00 8.783424e-10
6630.00 8.752836e-10
6640.00 8.722255e-10
6650.00 8.691660e-10
6660.00 8.661065e-10
6670.00 8.630449e-10
6680.00 8.599812e-10
6690.00 8.569147e-10
6700.00 8.538461e-10
6710.00 8.507740e-10
6720.00 8.476984e-10
6730.00 8.446180e-10
6740.00 8.415340e-10
6750.00 8.384438e-10
6760.00 8.353493e-10
6770.00 8.322493e-10
6780.00 8.291423e-10
6790.00 8.260290e-10
6800.00 8.229088e-10
6810.00 8.197808e-10
6820.00 8.166452e-10
6830.00 8.135026e-10
6840.00 8.103516e-10
6850.00 8.071908e-10
6860.00 8.040217e-10
6870.00 8.008434e-10
6880.00 7.976554e-10
6890.00 7.944569e-10
6900.00 7.912487e-10
6910.00 7.880299e-10
6920.00 7.848007e-10
6930.00 7.815603e-10
6940.00 7.783081e-10
6950.00 7.750446e-10
6960.00 7.717693e-10
6970.00 7.684829e-10
6980.00 7.651831e-10
6990.00 7.618708e-10
7000.00 7.585459e-10
7010.00 7.552084e-10
7020.00 7.518584e-10
7030.00 7.484965e-10
7040.00 7.451241e-10
7050.00 7.417399e-10
7060.00 7.383466e-10
7070.00 7.349428e-10
7080.00 7.315299e-10
7090.00 7.281086e-10
7100.00 7.246790e-10
7110.00 7.212416e-10
7120.00 7.177980e-10
7130.00 7.143467e-10
7140.00 7.108899e-10
7150.00 7.074274e-10
7160.00 7.039587e-10
7170.00 7.004864e-10
7180.00 6.970097e-10
7190.00 6.935292e-10
7200.00 6.900454e-10
7210.00 6.865583e-10
7220.00 6.830693e-10
7230.00 6.795777e-10
7240.00 6.760852e-10
7250.00 6.725913e-10
7260.00 6.690966e-10
7270.00 6.656018e-10
7280.00 6.621072e-10
7290.00 6.586126e-10
7300.00 6.551195e-10
7310.00 6.516277e-10
7320.00 6.481375e-10
7330.00 6.446495e-10
7340.00 6.411639e-10
7350.00 6.376813e-10
7360.00 6.342014e-10
7370.00 6.307261e-10
7380.00 6.272541e-10
7390.00 6.237869e-10
7400.00 6.203240e-10
7410.00 6.168659e-10
7420.00 6.134137e-10
7430.00 6.099666e-10
7440.00 6.065259e-10
7450.00 6.030912e-10
7460.00 5.996634e-10
7470.00 5.962424e-10
7480.00 5.928288e-10
7490.00 5.894230e-10
7500.00 5.860247e-10
7510.00 5.826347e-10
7520.00 5.792531e-10
7530.00 5.758801e-10
7540.00 5.725162e-10
7550.00 5.691614e-10
7560.00 5.658162e-10
7570.00 5.624808e-10
7580.00 5.591555e-10
7590.00 5.558402e-10
7600.00 5.525357e-10
7610.00 5.492421e-10
7620.00 5.459591e-10
7630.00 5.426877e-10
7640.00 5.394273e-10
7650.00 5.361790e-10
7660.00 5.329424e-10
7670.00 5.297180e-10
7680.00 5.265059e-10
7690.00 5.233064e-10
7700.00 5.201195e-10
7710.00 5.169455e-10
7720.00 5.137847e-10
7730.00 5.106369e-10
7740.00 5.075028e-10
7750.00 5.043824e-10
7760.00 5.012756e-10
7770.00 4.981829e-10
7780.00 4.951043e-10
7790.00 4.920402e-10
7800.00 4.889901e-10
7810.00 4.859551e-10
7820.00 4.829347e-10
7830.00 4.799290e-10
7840.00 4.769384e-10
7850.00 4.739630e-10
7860.00 4.710027e-10
7870.00 4.680581e-10
7880.00 4.651292e-10
7890.00 4.622156e-10
7900.00 4.593178e-10
7910.00 4.564362e-10
7920.00 4.535703e-10
7930.00 4.507207e-10
7940.00 4.478872e-10
7950.00 4.450700e-10
7960.00 4.422692e-10
7970.00 4.394851e-10
7980.00 4.367175e-10
7990.00 4.339664e-10
8000.00 4.312323e-10
8010.00 4.285149e-10
8020.00 4.258141e-10
8030.00 4.231299e-10
8040.00 4.204625e-10
8050.00 4.178113e-10
8060.00 4.151766e-10
8070.00 4.125582e-10
8080.00 4.099560e-10
8090.00 4.073695e-10
8100.00 4.047993e-10
8110.00 4.022446e-10
8120.00 3.997060e-10
8130.00 3.971829e-10
8140.00 3.946756e-10
8150.00 3.921837e-10
8160.00 3.897069e-10
8170.00 3.872457e-10
8180.00 3.847996e-10
8190.00 3.823686e-10
8200.00 3.799528e-10
8210.00 3.775518e-10
8220.00 3.751657e-10
8230.00 3.727942e-10
8240.00 3.704377e-10
8250.00 3.680955e-10
8260.00 3.657679e-10
8270.00 3.634548e-10
8280.00 3.611558e-10
8290.00 3.588713e-10
8300.00 3.566006e-10
8310.00 3.543444e-10
8320.00 3.521020e-10
8330.00 3.498735e-10
8340.00 3.476588e-10
8350.00 3.454578e-10
8360.00 3.432706e-10
8370.00 3.410969e-10
8380.00 3.389365e-10
8390.00 3.367896e-10
8400.00 3.346561e-10
8410.00 3.325358e-10
8420.00 3.304287e-10
8430.00 3.283347e-10
8440.00 3.262535e-10
8450.00 3.241856e-10
8460.00 3.221304e-10
8470.00 3.200880e-10
8480.00 3.180582e-10
8490.00 3.160409e-10
8500.00 3.140363e-10
8510.00 3.120441e-10
8520.00 3.100645e-10
8530.00 3.080969e-10
8540.00 3.061417e-10
8550.00 3.041988e-10
8560.00 3.022678e-10
8570.00 3.003488e-10
8580.00 2.984419e-10
8590.00 2.965468e-10
8600.00 2.946634e-10
8610.00 2.927919e-10
8620.00 2.909320e-10
8630.00 2.890834e-10
8640.00 2.872468e-10
8650.00 2.854214e-10
8660.00 2.836074e-10
8670.00 2.818048e-10
8680.00 2.800132e-10
8690.00 2.782330e-10
8700.00 2.764638e-10
8710.00 2.747056e-10
8720.00 2.729584e-10
8730.00 2.712222e-10
8740.00 2.694967e-10
8750.00 2.677820e-10
8760.00 2.660780e-10
8770.00 2.643848e-10
8780.00 2.627020e-10
8790.00 2.610298e-10
8800.00 2.593679e-10
8810.00 2.577163e-10
8820.00 2.560752e-10
8830.00 2.544445e-10
8840.00 2.528237e-10
8850.00 2.512131e-10
8860.00 2.496126e-10
8870.00 2.480221e-10
8880.00 2.464415e-10
8890.00 2.448709e-10
8900.00 2.433100e-10
8910.00 2.417588e-10
8920.00 2.402174e-10
8930.00 2.386857e-10
8940.00 2.371635e-10
8950.00 2.356509e-10
8960.00 2.341476e-10
8970.00 2.326538e-10
8980.00 2.311693e-10
8990.00 2.296943e-10
9000.00 2.282283e-10
9010.00 2.267716e-10
9020.00 2.253239e-10
9030.00 2.238854e-10
9040.00 2.224558e-10
9050.00 2.210352e-10
9060.00 2.196236e-10
9070.00 2.182206e-10
9080.00 2.168266e-10
9090.00 2.154412e-10
9100.00 2.140646e-10
9110.00 2.126965e-10
9120.00 2.113370e-10
9130.00 2.099861e-10
9140.00 2.086435e-10
9150.00 2.073096e-10
9160.00 2.059838e-10
9170.00 2.046665e-10
9180.00 2.033573e-10
9190.00 2.020563e-10
9200.00 2.007636e-10
9210.00 1.994790e-10
9220.00 1.982024e-10
9230.00 1.969339e-10
9240.00 1.956732e-10
9250.00 1.944205e-10
9260.00 1.931757e-10
9270.00 1.919385e-10
9280.00 1.907093e-10
9290.00 1.894877e-10
9300.00 1.882739e-10
9310.00 1.870676e-10
9320.00 1.858689e-10
9330.00 1.846777e-10
9340.00 1.834940e-10
9350.00 1.823178e-10
9360.00 1.811489e-10
9370.00 1.799874e-10
9380.00 1.788331e-10
9390.00 1.776861e-10
9400.00 1.765464e-10
9410.00 1.754138e-10
9420.00 1.742883e-10
9430.00 1.731700e-10
9440.00 1.720586e-10
9450.00 1.709541e-10
9460.00 1.698567e-10
9470.00 1.687662e-10
9480.00 1.676825e-10
9490.00 1.666055e-10
9500.00 1.655354e-10
9510.00 1.644721e-10
9520.00 1.634154e-10
9530.00 1.623653e-10
9540.00 1.613219e-10
9550.00 1.602850e-10
9560.00 1.592546e-10
9570.00 1.582307e-10
9580.00 1.572134e-10
9590.00 1.562024e-10
9600.00 1.551977e-10
9610.00 1.541995e-10
9620.00 1.532074e-10
9630.00 1.522216e-10
9640.00 1.512420e-10
9650.00 1.502685e-10
9660.00 1.493012e-10
9670.00 1.483400e-10
9680.00 1.473849e-10
9690.00 1.464357e-10
9700.00 1.454926e-10
9710.00 1.445554e-10
9720.00 1.436241e-10
9730.00 1.426987e-10
9740.00 1.417790e-10
9750.00 1.408653e-10
9760.00 1.399571e-10
9770.00 1.390548e-10
9780.00 1.381582e-10
9790.00 1.372673e-10
9800.00 1.363819e-10
9810.00 1.355021e-10
9820.00 1.346279e-10
9830.00 1.337591e-10
9840.00 1.328959e-10
9850.00 1.320381e-10
9860.00 1.311857e-10
9870.00 1.303387e-10
9880.00 1.294970e-10
9890.00 1.286606e-10
9900.00 1.278296e-10
9910.00 1.270037e-10
9920.00 1.261830e-10
9930.00 1.253676e-10
9940.00 1.245573e-10
9950.00 1.237521e-10
9960.00 1.229520e-10
9970.00 1.221570e-10
9980.00 1.213669e-10
9990.00 1.205819e-10
10000.00 1.198018e-10
10010.00 1.190267e-10
10020.00 1.182564e-10
10030.00 1.174910e-10
10040.00 1.167304e-10
10050.00 1.159746e-10
10060.00 1.152237e-10
10070.00 1.144775e-10
10080.00 1.137359e-10
10090.00 1.129991e-10
10100.00 1.122670e-10
10110.00 1.115394e-10
10120.00 1.108164e-10
10130.00 1.100981e-10
10140.00 1.093842e-10
10150.00 1.086749e-10
10160.00 1.079700e-10
10170.00 1.072697e-10
10180.00 1.065737e-10
10190.00 1.058822e-10
10200.00 1.051950e-10
10210.00 1.045121e-10
10220.00 1.038336e-10
10230.00 1.031594e-10
10240.00 1.024895e-10
10250.00 1.018238e-10
10260.00 1.011622e-10
10270.00 1.005049e-10
10280.00 9.985175e-11
10290.00 9.920276e-11
10300.00 9.855783e-11
10310.00 9.791701e-11
10320.00 9.728025e-11
10330.00 9.664747e-11
10340.00 9.601880e-11
10350.00 9.539398e-11
10360.00 9.477328e-11
10370.00 9.415642e-11
10380.00 9.354347e-11
10390.00 9.293443e-11
10400.00 9.232916e-11
10410.00 9.172774e-11
10420.00 9.113029e-11
10430.00 9.053647e-11
10440.00 8.994650e-11
10450.00 8.936016e-11
10460.00 8.877766e-11
10470.00 8.819879e-11
10480.00 8.762362e-11
10490.00 8.705208e-11
10500.00 8.648411e-11
10510.00 8.591983e-11
10520.00 8.535912e-11
10530.00 8.480190e-11
10540.00 8.424824e-11
10550.00 8.369814e-11
10560.00 8.315154e-11
10570.00 8.260835e-11
10580.00 8.206859e-11
10590.00 8.153232e-11
10600.00 8.099947e-11
10610.00 8.046991e-11
10620.00 7.994376e-11
10630.00 7.942097e-11
10640.00 7.890146e-11
10650.00 7.838530e-11
10660.00 7.787243e-11
10670.00 7.736277e-11
10680.00 7.685639e-11
10690.00 7.635315e-11
10700.00 7.585312e-11
10710.00 7.535631e-11
10720.00 7.486271e-11
10730.00 7.437211e-11
10740.00 7.388473e-11
10750.00 7.340042e-11
10760.00 7.291918e-11
10770.00 7.244101e-11
10780.00 7.196592e-11
10790.00 7.149383e-11
10800.00 7.102474e-11
10810.00 7.055858e-11
10820.00 7.009543e-11
10830.00 6.963519e-11
10840.00 6.917791e-11
10850.00 6.872360e-11
10860.00 6.827211e-11
10870.00 6.782345e-11
10880.00 6.737772e-11
10890.00 6.693485e-11
10900.00 6.649474e-11
10910.00 6.605743e-11
10920.00 6.562296e-11
10930.00 6.519120e-11
10940.00 6.476224e-11
10950.00 6.433596e-11
10960.00 6.391246e-11
10970.00 6.349163e-11
10980.00 6.307342e-11
10990.00 6.265795e-11
11000.00 6.224513e-11
11010.00 6.183493e-11
11020.00 6.142730e-11
11030.00 6.102229e-11
11040.00 6.061990e-11
11050.00 6.022007e-11
11060.00 5.982280e-11
11070.00 5.942803e-11
11080.00 5.903577e-11
11090.00 5.864603e-11
11100.00 5.825877e-11
11110.00 5.787402e-11
11120.00 5.749166e-11
11130.00 5.711180e-11
11140.00 5.673433e-11
11150.00 5.635929e-11
11160.00 5.598664e-11
11170.00 5.561637e-11
11180.00 5.524850e-11
11190.00 5.488290e-11
11200.00 5.451968e-11
11210.00 5.415879e-11
11220.00 5.380021e-11
11230.00 5.344390e-11
11240.00 5.308987e-11
11250.00 5.273809e-11
11260.00 5.238862e-11
11270.00 5.204133e-11
11280.00 5.169630e-11
11290.00 5.135345e-11
11300.00 5.101277e-11
11310.00 5.067428e-11
11320.00 5.033800e-11
11330.00 5.000385e-11
11340.00 4.967183e-11
11350.00 4.934195e-11
11360.00 4.901417e-11
11370.00 4.868845e-11
11380.00 4.836489e-11
11390.00 4.804336e-11
11400.00 4.772391e-11
11410.00 4.740651e-11
11420.00 4.709109e-11
11430.00 4.677775e-11
11440.00 4.646641e-11
11450.00 4.615707e-11
11460.00 4.584967e-11
11470.00 4.554429e-11
11480.00 4.524084e-11
11490.00 4.493934e-11
11500.00 4.463978e-11
11510.00 4.434212e-11
11520.00 4.404638e-11
11530.00 4.375259e-11
11540.00 4.346062e-11
11550.00 4.317054e-11
11560.00 4.288234e-11
11570.00 4.259598e-11
11580.00 4.231147e-11
11590.00 4.202880e-11
11600.00 4.174791e-11
11610.00 4.146884e-11
11620.00 4.119158e-11
11630.00 4.091606e-11
11640.00 4.064237e-11
11650.00 4.037039e-11
11660.00 4.010016e-11
11670.00 3.983170e-11
11680.00 3.956495e-11
11690.00 3.929993e-11
11700.00 3.903660e-11
11710.00 3.877496e-11
11720.00 3.851501e-11
11730.00 3.825672e-11
11740.00 3.800011e-11
11750.00 3.774515e-11
11760.00 3.749183e-11
11770.00 3.724015e-11
11780.00 3.699010e-11
11790.00 3.674163e-11
11800.00 3.649481e-11
11810.00 3.624951e-11
11820.00 3.600584e-11
11830.00 3.576376e-11
11840.00 3.552321e-11
11850.00 3.528420e-11
11860.00 3.504674e-11
11870.00 3.481083e-11
11880.00 3.457642e-11
11890.00 3.434354e-11
11900.00 3.411215e-11
11910.00 3.388227e-11
11920.00 3.365387e-11
11930.00 3.342693e-11
11940.00 3.320147e-11
11950.00 3.297749e-11
11960.00 3.275493e-11
11970.00 3.253382e-11
11980.00 3.231414e-11
11990.00 3.209586e-11
12000.00 3.187900e-11
12010.00 3.166354e-11
12020.00 3.144949e-11
12030.00 3.123680e-11
12040.00 3.102551e-11
12050.00 3.081560e-11
12060.00 3.060700e-11
12070.00 3.039979e-11
12080.00 3.019393e-11
12090.00 2.998940e-11
12100.00 2.978617e-11
12110.00 2.958426e-11
12120.00 2.938367e-11
12130.00 2.918437e-11
12140.00 2.898638e-11
12150.00 2.878966e-11
12160.00 2.859422e-11
12170.00 2.840006e-11
12180.00 2.820714e-11
12190.00 2.801548e-11
12200.00 2.782507e-11
12210.00 2.763590e-11
12220.00 2.744795e-11
12230.00 2.726122e-11
12240.00 2.707571e-11
12250.00 2.689140e-11
12260.00 2.670829e-11
12270.00 2.652636e-11
12280.00 2.634562e-11
12290.00 2.616605e-11
12300.00 2.598767e-11
12310.00 2.581043e-11
12320.00 2.563437e-11
12330.00 2.545944e-11
12340.00 2.528564e-11
12350.00 2.511298e-11
12360.00 2.494145e-11
12370.00 2.477102e-11
12380.00 2.460171e-11
12390.00 2.443351e-11
12400.00 2.426640e-11
12410.00 2.410038e-11
12420.00 2.393545e-11
12430.00 2.377159e-11
12440.00 2.360880e-11
12450.00 2.344708e-11
12460.00 2.328640e-11
12470.00 2.312678e-11
12480.00 2.296820e-11
12490.00 2.281065e-11
12500.00 2.265414e-11
12510.00 2.249866e-11
12520.00 2.234418e-11
12530.00 2.219071e-11
12540.00 2.203825e-11
12550.00 2.188679e-11
12560.00 2.173632e-11
12570.00 2.158682e-11
12580.00 2.143832e-11
12590.00 2.129079e-11
12600.00 2.114421e-11
12610.00 2.099860e-11
12620.00 2.085395e-11
12630.00 2.071025e-11
12640.00 2.056748e-11
12650.00 2.042565e-11
12660.00 2.028475e-11
12670.00 2.014478e-11
12680.00 2.000572e-11
12690.00 1.986758e-11
12700.00 1.973034e-11
12710.00 1.959402e-11
12720.00 1.945858e-11
12730.00 1.932403e-11
12740.00 1.919037e-11
12750.00 1.905758e-11
12760.00 1.892566e-11
12770.00 1.879461e-11
12780.00 1.866444e-11
12790.00 1.853511e-11
12800.00 1.840664e-11
12810.00 1.827901e-11
12820.00 1.815222e-11
12830.00 1.802627e-11
12840.00 1.790114e-11
12850.00 1.777685e-11
12860.00 1.765337e-11
12870.00 1.753071e-11
12880.00 1.740885e-11
12890.00 1.728781e-11
12900.00 1.716755e-11
12910.00 1.704810e-11
12920.00 1.692942e-11
12930.00 1.681154e-11
12940.00 1.669444e-11
12950.00 1.657810e-11
12960.00 1.646254e-11
12970.00 1.634774e-11
12980.00 1.623371e-11
12990.00 1.612041e-11
13000.00 1.600788e-11
13010.00 1.589609e-11
13020.00 1.578505e-11
13030.00 1.567474e-11
13040.00 1.556515e-11
13050.00 1.545630e-11
13060.00 1.534815e-11
13070.00 1.524073e-11
13080.00 1.513403e-11
13090.00 1.502804e-11
13100.00 1.492275e-11
13110.00 1.481816e-11
13120.00 1.471425e-11
13130.00 1.461104e-11
13140.00 1.450852e-11
13150.00 1.440668e-11
13160.00 1.430552e-11
13170.00 1.420502e-11
13180.00 1.410520e-11
13190.00 1.400605e-11
13200.00 1.390754e-11
13210.00 1.380970e-11
13220.00 1.371251e-11
13230.00 1.361597e-11
13240.00 1.352007e-11
13250.00 1.342481e-11
13260.00 1.333018e-11
13270.00 1.323619e-11
13280.00 1.314283e-11
13290.00 1.305008e-11
13300.00 1.295796e-11
13310.00 1.286646e-11
13320.00 1.277556e-11
13330.00 1.268528e-11
13340.00 1.259559e-11
13350.00 1.250650e-11
13360.00 1.241801e-11
13370.00 1.233013e-11
13380.00 1.224281e-11
13390.00 1.215609e-11
13400.00 1.206994e-11
13410.00 1.198438e-11
13420.00 1.189939e-11
13430.00 1.181497e-11
13440.00 1.173112e-11
13450.00 1.164783e-11
13460.00 1.156509e-11
13470.00 1.148292e-11
13480.00 1.140130e-11
13490.00 1.132022e-11
13500.00 1.123969e-11
13510.00 1.115970e-11
13520.00 1.108025e-11
13530.00 1.100134e-11
13540.00 1.092295e-11
13550.00 1.084509e-11
13560.00 1.076776e-11
13570.00 1.069095e-11
13580.00 1.061465e-11
13590.00 1.053888e-11
13600.00 1.046361e-11
13610.00 1.038885e-11
13620.00 1.031459e-11
13630.00 1.024084e-11
13640.00 1.016758e-11
13650.00 1.009482e-11
13660.00 1.002256e-11
13670.00 9.950781e-12
13680.00 9.879485e-12
13690.00 9.808672e-12
13700.00 9.738340e-12
13710.00 9.668483e-12
13720.00 9.599101e-12
13730.00 9.530194e-12
13740.00 9.461748e-12
13750.00 9.393769e-12
13760.00 9.326252e-12
13770.00 9.259189e-12
13780.00 9.192586e-12
13790.00 9.126430e-12
13800.00 9.060729e-12
13810.00 8.995467e-12
13820.00 8.930652e-12
13830.00 8.866285e-12
13840.00 8.802350e-12
13850.00 8.738855e-12
13860.00 8.675793e-12
13870.00 8.613157e-12
13880.00 8.550948e-12
13890.00 8.489164e-12
13900.00 8.427806e-12
13910.00 8.366860e-12
13920.00 8.306333e-12
13930.00 8.246219e-12
13940.00 8.186516e-12
13950.00 8.127218e-12
13960.00 8.068325e-12
13970.00 8.009845e-12
13980.00 7.951755e-12
13990.00 7.894064e-12
14000.00 7.836771e-12
14010.00 7.779875e-12
14020.00 7.723357e-12
14030.00 7.667237e-12
14040.00 7.611501e-12
14050.00 7.556149e-12
14060.00 7.501167e-12
14070.00 7.446569e-12
14080.00 7.392356e-12
14090.00 7.338498e-12
14100.00 7.285018e-12
14110.00 7.231915e-12
14120.00 7.179168e-12
14130.00 7.126784e-12
14140.00 7.074763e-12
14150.00 7.023098e-12
14160.00 6.971792e-12
14170.00 6.920839e-12
14180.00 6.870240e-12
14190.00 6.819989e-12
14200.00 6.770084e-12
14210.00 6.720525e-12
14220.00 6.671309e-12
14230.00 6.622433e-12
14240.00 6.573896e-12
14250.00 6.525696e-12
14260.00 6.477825e-12
14270.00 6.430291e-12
14280.00 6.383083e-12
14290.00 6.336203e-12
14300.00 6.289651e-12
14310.00 6.243421e-12
14320.00 6.197511e-12
14330.00 6.151920e-12
14340.00 6.106646e-12
14350.00 6.061687e-12
14360.00 6.017040e-12
14370.00 5.972706e-12
14380.00 5.928682e-12
14390.00 5.884961e-12
14400.00 5.841546e-12
14410.00 5.798430e-12
14420.00 5.755625e-12
14430.00 5.713110e-12
14440.00 5.670897e-12
14450.00 5.628976e-12
14460.00 5.587346e-12
14470.00 5.546012e-12
14480.00 5.504962e-12
14490.00 5.464203e-12
14500.00 5.423731e-12
14510.00 5.383538e-12
14520.00 5.343630e-12
14530.00 5.304000e-12
14540.00 5.264650e-12
14550.00 5.225575e-12
14560.00 5.186775e-12
14570.00 5.148247e-12
14580.00 5.109990e-12
14590.00 5.072003e-12
14600.00 5.034283e-12
14610.00 4.996830e-12
14620.00 4.959639e-12
14630.00 4.922711e-12
14640.00 4.886041e-12
14650.00 4.849633e-12
14660.00 4.813479e-12
14670.00 4.777582e-12
14680.00 4.741939e-12
14690.00 4.706547e-12
14700.00 4.671406e-12
14710.00 4.636514e-12
14720.00 4.601866e-12
14730.00 4.567468e-12
14740.00 4.533312e-12
14750.00 4.499397e-12
14760.00 4.465724e-12
14770.00 4.432290e-12
14780.00 4.399095e-12
14790.00 4.366132e-12
14800.00 4.333406e-12
14810.00 4.300913e-12
14820.00 4.268651e-12
14830.00 4.236617e-12
14840.00 4.204813e-12
14850.00 4.173235e-12
14860.00 4.141882e-12
14870.00 4.110754e-12
14880.00 4.079847e-12
14890.00 4.049161e-12
14900.00 4.018694e-12
14910.00 3.988445e-12
14920.00 3.958413e-12
14930.00 3.928596e-12
14940.00 3.898991e-12
14950.00 3.869601e-12
14960.00 3.840419e-12
14970.00 3.811448e-12
14980.00 3.782685e-12
14990.00 3.754128e-12
15000.00 3.725776e-12
15010.00 3.697629e-12
15020.00 3.669683e-12
15030.00 3.641939e-12
15040.00 3.614395e-12
15050.00 3.587049e-12
15060.00 3.559901e-12
15070.00 3.532948e-12
15080.00 3.506190e-12
15090.00 3.479625e-12
15100.00 3.453252e-12
15110.00 3.427069e-12
15120.00 3.401077e-12
15130.00 3.375273e-12
15140.00 3.349655e-12
15150.00 3.324222e-12
15160.00 3.298975e-12
15170.00 3.273909e-12
15180.00 3.249027e-12
15190.00 3.224327e-12
15200.00 3.199804e-12
15210.00 3.175460e-12
15220.00 3.151293e-12
15230.00 3.127301e-12
15240.00 3.103486e-12
15250.00 3.079844e-12
15260.00 3.056374e-12
15270.00 3.033075e-12
15280.00 3.009946e-12
15290.00 2.986986e-12
15300.00 2.964194e-12
15310.00 2.941569e-12
15320.00 2.919110e-12
15330.00 2.896815e-12
15340.00 2.874683e-12
15350.00 2.852715e-12
15360.00 2.830906e-12
15370.00 2.809259e-12
15380.00 2.787770e-12
15390.00 2.766439e-12
15400.00 2.745265e-12
15410.00 2.724247e-12
15420.00 2.703383e-12
15430.00 2.682673e-12
15440.00 2.662117e-12
15450.00 2.641711e-12
15460.00 2.621456e-12
15470.00 2.601352e-12
15480.00 2.581395e-12
15490.00 2.561586e-12
15500.00 2.541924e-12
15510.00 2.522407e-12
15520.00 2.503035e-12
15530.00 2.483805e-12
15540.00 2.464721e-12
15550.00 2.445777e-12
15560.00 2.426973e-12
15570.00 2.408311e-12
15580.00 2.389785e-12
15590.00 2.371399e-12
15600.00 2.353148e-12
15610.00 2.335035e-12
15620.00 2.317055e-12
15630.00 2.299211e-12
15640.00 2.281499e-12
15650.00 2.263920e-12
15660.00 2.246471e-12
15670.00 2.229155e-12
15680.00 2.211967e-12
15690.00 2.194908e-12
15700.00 2.177977e-12
15710.00 2.161172e-12
15720.00 2.144495e-12
15730.00 2.127942e-12
15740.00 2.111514e-12
15750.00 2.095210e-12
15760.00 2.079028e-12
15770.00 2.062968e-12
15780.00 2.047028e-12
15790.00 2.031210e-12
15800.00 2.015509e-12
15810.00 1.999928e-12
15820.00 1.984465e-12
15830.00 1.969118e-12
15840.00 1.953888e-12
15850.00 1.938773e-12
15860.00 1.923772e-12
15870.00 1.908885e-12
15880.00 1.894111e-12
15890.00 1.879449e-12
15900.00 1.864899e-12
15910.00 1.850459e-12
15920.00 1.836129e-12
15930.00 1.821908e-12
15940.00 1.807795e-12
15950.00 1.793791e-12
15960.00 1.779892e-12
15970.00 1.766099e-12
15980.00 1.752413e-12
15990.00 1.738830e-12
16000.00 1.725352e-12
16010.00 1.711977e-12
16020.00 1.698704e-12
16030.00 1.685533e-12
16040.00 1.672461e-12
16050.00 1.659492e-12
16060.00 1.646621e-12
16070.00 1.633850e-12
16080.00 1.621177e-12
16090.00 1.608601e-12
16100.00 1.596122e-12
16110.00 1.583740e-12
16120.00 1.571452e-12
16130.00 1.559260e-12
16140.00 1.547162e-12
16150.00 1.535158e-12
16160.00 1.523246e-12
16170.00 1.511426e-12
16180.00 1.499698e-12
16190.00 1.488060e-12
16200.00 1.476513e-12
16210.00 1.465056e-12
16220.00 1.453687e-12
16230.00 1.442406e-12
16240.00 1.431214e-12
16250.00 1.420109e-12
16260.00 1.409090e-12
16270.00 1.398157e-12
16280.00 1.387309e-12
16290.00 1.376546e-12
16300.00 1.365867e-12
16310.00 1.355271e-12
16320.00 1.344759e-12
16330.00 1.334329e-12
16340.00 1.323980e-12
16350.00 1.313713e-12
16360.00 1.303525e-12
16370.00 1.293418e-12
16380.00 1.283390e-12
16390.00 1.273442e-12
16400.00 1.263571e-12
16410.00 1.253778e-12
16420.00 1.244063e-12
16430.00 1.234423e-12
16440.00 1.224860e-12
16450.00 1.215373e-12
16460.00 1.205960e-12
16470.00 1.196622e-12
16480.00 1.187357e-12
16490.00 1.178166e-12
16500.00 1.169048e-12
16510.00 1.160002e-12
16520.00 1.151028e-12
16530.00 1.142125e-12
16540.00 1.133293e-12
16550.00 1.124532e-12
16560.00 1.115839e-12
16570.00 1.107216e-12
16580.00 1.098662e-12
16590.00 1.090176e-12
16600.00 1.081758e-12
16610.00 1.073407e-12
16620.00 1.065123e-12
16630.00 1.056905e-12
16640.00 1.048753e-12
16650.00 1.040666e-12
16660.00 1.032644e-12
16670.00 1.024686e-12
16680.00 1.016793e-12
16690.00 1.008962e-12
16700.00 1.001195e-12
16710.00 9.934907e-13
16720.00 9.858479e-13
16730.00 9.782658e-13
16740.00 9.707465e-13
16750.00 9.632867e-13
16760.00 9.558882e-13
16770.00 9.485485e-13
16780.00 9.412688e-13
16790.00 9.340471e-13
16800.00 9.268847e-13
16810.00 9.197803e-13
16820.00 9.127331e-13
16830.00 9.057433e-13
16840.00 8.988106e-13
16850.00 8.919339e-13
16860.00 8.851130e-13
16870.00 8.783487e-13
16880.00 8.716382e-13
16890.00 8.649828e-13
16900.00 8.583826e-13
16910.00 8.518355e-13
16920.00 8.453422e-13
16930.00 8.389019e-13
16940.00 8.325140e-13
16950.00 8.261785e-13
16960.00 8.198954e-13
16970.00 8.136632e-13
16980.00 8.074820e-13
16990.00 8.013518e-13
17000.00 7.952726e-13
17010.00 7.892430e-13
17020.00 7.832629e-13
17030.00 7.773325e-13
17040.00 7.714502e-13
17050.00 7.656168e-13
17060.00 7.598323e-13
17070.00 7.540946e-13
17080.00 7.484050e-13
17090.00 7.427616e-13
17100.00 7.371656e-13
17110.00 7.316158e-13
17120.00 7.261120e-13
17130.00 7.206543e-13
17140.00 7.152413e-13
17150.00 7.098738e-13
17160.00 7.045509e-13
17170.00 6.992713e-13
17180.00 6.940365e-13
17190.00 6.888453e-13
17200.00 6.836972e-13
17210.00 6.785919e-13
17220.00 6.735295e-13
17230.00 6.685094e-13
17240.00 6.635312e-13
17250.00 6.585946e-13
17260.00 6.536992e-13
17270.00 6.488455e-13
17280.00 6.440320e-13
17290.00 6.392589e-13
17300.00 6.345258e-13
17310.00 6.298326e-13
17320.00 6.251788e-13
17330.00 6.205641e-13
17340.00 6.159884e-13
17350.00 6.114511e-13
17360.00 6.069519e-13
17370.00 6.024910e-13
17380.00 5.980678e-13
17390.00 5.936815e-13
17400.00 5.893329e-13
17410.00 5.850205e-13
17420.00 5.807448e-13
17430.00 5.765051e-13
17440.00 5.723019e-13
17450.00 5.681341e-13
17460.00 5.640013e-13
17470.00 5.599040e-13
17480.00 5.558416e-13
17490.00 5.518133e-13
17500.00 5.478196e-13
17510.00 5.438599e-13
17520.00 5.399338e-13
17530.00 5.360413e-13
17540.00 5.321818e-13
17550.00 5.283553e-13
17560.00 5.245616e-13
17570.00 5.208002e-13
17580.00 5.170710e-13
17590.00 5.133736e-13
17600.00 5.097079e-13
17610.00 5.060735e-13
17620.00 5.024704e-13
17630.00 4.988985e-13
17640.00 4.953566e-13
17650.00 4.918456e-13
17660.00 4.883646e-13
17670.00 4.849137e-13
17680.00 4.814920e-13
17690.00 4.780999e-13
17700.00 4.747372e-13
17710.00 4.714035e-13
17720.00 4.680983e-13
17730.00 4.648220e-13
17740.00 4.615735e-13
17750.00 4.583531e-13
17760.00 4.551608e-13
17770.00 4.519958e-13
17780.00 4.488584e-13
17790.00 4.457479e-13
17800.00 4.426646e-13
17810.00 4.396076e-13
17820.00 4.365773e-13
17830.00 4.335735e-13
17840.00 4.305953e-13
17850.00 4.276431e-13
17860.00 4.247167e-13
17870.00 4.218157e-13
17880.00 4.189398e-13
17890.00 4.160888e-13
17900.00 4.132627e-13
17910.00 4.104611e-13
17920.00 4.076839e-13
17930.00 4.049312e-13
17940.00 4.022018e-13
17950.00 3.994967e-13
17960.00 3.968150e-13
17970.00 3.941568e-13
17980.00 3.915216e-13
17990.00 3.889096e-13
18000.00 3.863201e-13
18010.00 3.837534e-13
18020.00 3.812092e-13
18030.00 3.786874e-13
18040.00 3.761872e-13
18050.00 3.737092e-13
18060.00 3.712527e-13
18070.00 3.688177e-13
18080.00 3.664039e-13
18090.00 3.640114e-13
18100.00 3.616399e-13
18110.00 3.592889e-13
18120.00 3.569588e-13
18130.00 3.546489e-13
18140.00 3.523593e-13
18150.00 3.500899e-13
18160.00 3.478403e-13
18170.00 3.456104e-13
18180.00 3.434001e-13
18190.00 3.412092e-13
18200.00 3.390375e-13
18210.00 3.368849e-13
18220.00 3.347512e-13
18230.00 3.326360e-13
18240.00 3.305398e-13
18250.00 3.284616e-13
18260.00 3.264018e-13
18270.00 3.243603e-13
18280.00 3.223365e-13
18290.00 3.203304e-13
18300.00 3.183422e-13
18310.00 3.163711e-13
18320.00 3.144176e-13
18330.00 3.124811e-13
18340.00 3.105619e-13
18350.00 3.086592e-13
18360.00 3.067735e-13
18370.00 3.049042e-13
18380.00 3.030512e-13
18390.00 3.012147e-13
18400.00 2.993941e-13
18410.00 2.975899e-13
18420.00 2.958011e-13
18430.00 2.940284e-13
18440.00 2.922708e-13
18450.00 2.905290e-13
18460.00 2.888023e-13
18470.00 2.870909e-13
18480.00 2.853943e-13
18490.00 2.837128e-13
18500.00 2.820458e-13
18510.00 2.803935e-13
18520.00 2.787558e-13
18530.00 2.771323e-13
18540.00 2.755231e-13
18550.00 2.739280e-13
18560.00 2.723468e-13
18570.00 2.707794e-13
18580.00 2.692256e-13
18590.00 2.676856e-13
18600.00 2.661591e-13
18610.00 2.646457e-13
18620.00 2.631457e-13
18630.00 2.616588e-13
18640.00 2.601848e-13
18650.00 2.587235e-13
18660.00 2.572751e-13
18670.00 2.558392e-13
18680.00 2.544158e-13
18690.00 2.530049e-13
18700.00 2.516061e-13
18710.00 2.502195e-13
18720.00 2.488450e-13
18730.00 2.474823e-13
18740.00 2.461315e-13
18750.00 2.447924e-13
18760.00 2.434649e-13
18770.00 2.421488e-13
18780.00 2.408440e-13
18790.00 2.395507e-13
18800.00 2.382684e-13
18810.00 2.369972e-13
18820.00 2.357369e-13
18830.00 2.344874e-13
18840.00 2.332488e-13
18850.00 2.320206e-13
18860.00 2.308031e-13
18870.00 2.295959e-13
18880.00 2.283991e-13
18890.00 2.272126e-13
18900.00 2.260360e-13
18910.00 2.248696e-13
18920.00 2.237131e-13
18930.00 2.225665e-13
18940.00 2.214295e-13
18950.00 2.203022e-13
18960.00 2.191844e-13
18970.00 2.180761e-13
18980.00 2.169772e-13
18990.00 2.158876e-13
19000.00 2.148072e-13
19010.00 2.137358e-13
19020.00 2.126734e-13
19030.00 2.116199e-13
19040.00 2.105753e-13
19050.00 2.095394e-13
19060.00 2.085122e-13
19070.00 2.074933e-13
19080.00 2.064830e-13
19090.00 2.054813e-13
19100.00 2.044877e-13
19110.00 2.035024e-13
19120.00 2.025251e-13
19130.00 2.015560e-13
19140.00 2.005948e-13
19150.00 1.996416e-13
19160.00 1.986961e-13
19170.00 1.977582e-13
19180.00 1.968282e-13
19190.00 1.959056e-13
19200.00 1.949906e-13
19210.00 1.940830e-13
19220.00 1.931828e-13
19230.00 1.922898e-13
19240.00 1.914038e-13
19250.00 1.905252e-13
19260.00 1.896535e-13
19270.00 1.887888e-13
19280.00 1.879310e-13
19290.00 1.870800e-13
19300.00 1.862358e-13
19310.00 1.853982e-13
19320.00 1.845673e-13
19330.00 1.837428e-13
19340.00 1.829249e-13
19350.00 1.821133e-13
19360.00 1.813082e-13
19370.00 1.805091e-13
19380.00 1.797162e-13
19390.00 1.789298e-13
19400.00 1.781491e-13
19410.00 1.773745e-13
19420.00 1.766060e-13
19430.00 1.758431e-13
19440.00 1.750861e-13
19450.00 1.743350e-13
19460.00 1.735893e-13
19470.00 1.728495e-13
19480.00 1.721150e-13
19490.00 1.713861e-13
19500.00 1.706627e-13
19510.00 1.699446e-13
19520.00 1.692319e-13
19530.00 1.685243e-13
19540.00 1.678220e-13
19550.00 1.671248e-13
19560.00 1.664327e-13
19570.00 1.657456e-13
19580.00 1.650636e-13
19590.00 1.643864e-13
19600.00 1.637140e-13
19610.00 1.630465e-13
19620.00 1.623836e-13
19630.00 1.617255e-13
19640.00 1.610720e-13
19650.00 1.604232e-13
19660.00 1.597788e-13
19670.00 1.591390e-13
19680.00 1.585035e-13
19690.00 1.578725e-13
19700.00 1.572457e-13
19710.00 1.566232e-13
19720.00 1.560049e-13
19730.00 1.553909e-13
19740.00 1.547809e-13
19750.00 1.541751e-13
19760.00 1.535732e-13
19770.00 1.529754e-13
19780.00 1.523816e-13
19790.00 1.517915e-13
19800.00 1.512054e-13
19810.00 1.506230e-13
19820.00 1.500443e-13
19830.00 1.494694e-13
19840.00 1.488981e-13
19850.00 1.483305e-13
19860.00 1.477665e-13
19870.00 1.472058e-13
19880.00 1.466489e-13
19890.00 1.460952e-13
19900.00 1.455450e-13
19910.00 1.449982e-13
19920.00 1.444546e-13
19930.00 1.439144e-13
19940.00 1.433773e-13
19950.00 1.428436e-13
19960.00 1.423129e-13
19970.00 1.417854e-13
19980.00 1.412609e-13
19990.00 1.407396e-13
20000.00 1.402211e-13
20010.00 1.397056e-13
20020.00 1.391931e-13
20030.00 1.386835e-13
20040.00 1.381767e-13
20050.00 1.376728e-13
20060.00 1.371715e-13
20070.00 1.366732e-13
20080.00 1.361773e-13
20090.00 1.356843e-13
20100.00 1.351938e-13
20110.00 1.347061e-13
20120.00 1.342208e-13
20130.00 1.337381e-13
20140.00 1.332578e-13
20150.00 1.327802e-13
20160.00 1.323049e-13
20170.00 1.318319e-13
20180.00 1.313614e-13
20190.00 1.308933e-13
20200.00 1.304274e-13
20210.00 1.299638e-13
20220.00 1.295025e-13
20230.00 1.290433e-13
20240.00 1.285864e-13
20250.00 1.281316e-13
20260.00 1.276790e-13
20270.00 1.272284e-13
20280.00 1.267800e-13
20290.00 1.263335e-13
20300.00 1.258891e-13
20310.00 1.254467e-13
20320.00 1.250062e-13
20330.00 1.245677e-13
20340.00 1.241311e-13
20350.00 1.236963e-13
20360.00 1.232634e-13
20370.00 1.228323e-13
20380.00 1.224031e-13
20390.00 1.219756e-13
20400.00 1.215498e-13
20410.00 1.211258e-13
20420.00 1.207035e-13
20430.00 1.202828e-13
20440.00 1.198639e-13
20450.00 1.194464e-13
20460.00 1.190307e-13
20470.00 1.186165e-13
20480.00 1.182039e-13
20490.00 1.177928e-13
20500.00 1.173832e-13
20510.00 1.169751e-13
20520.00 1.165685e-13
20530.00 1.161633e-13
20540.00 1.157597e-13
20550.00 1.153573e-13
20560.00 1.149564e-13
20570.00 1.145567e-13
20580.00 1.141585e-13
20590.00 1.137615e-13
20600.00 1.133659e-13
20610.00 1.129715e-13
20620.00 1.125785e-13
20630.00 1.121867e-13
20640.00 1.117961e-13
20650.00 1.114067e-13
20660.00 1.110184e-13
20670.00 1.106314e-13
20680.00 1.102455e-13
20690.00 1.098608e-13
20700.00 1.094771e-13
20710.00 1.090945e-13
20720.00 1.087131e-13
20730.00 1.083327e-13
20740.00 1.079533e-13
20750.00 1.075750e-13
20760.00 1.071977e-13
20770.00 1.068214e-13
20780.00 1.064461e-13
20790.00 1.060718e-13
20800.00 1.056984e-13
20810.00 1.053259e-13
20820.00 1.049544e-13
20830.00 1.045838e-13
20840.00 1.042140e-13
20850.00 1.038452e-13
20860.00 1.034771e-13
20870.00 1.031100e-13
20880.00 1.027437e-13
20890.00 1.023782e-13
20900.00 1.020136e-13
20910.00 1.016497e-13
20920.00 1.012867e-13
20930.00 1.009243e-13
20940.00 1.005628e-13
20950.00 1.002020e-13
20960.00 9.984190e-14
20970.00 9.948260e-14
20980.00 9.912399e-14
20990.00 9.876608e-14
21000.00 9.840880e-14
21010.00 9.805222e-14
21020.00 9.769633e-14
21030.00 9.734108e-14
21040.00 9.698652e-14
21050.00 9.663252e-14
21060.00 9.627922e-14
21070.00 9.592648e-14
21080.00 9.557437e-14
21090.00 9.522288e-14
21100.00 9.487189e-14
21110.00 9.452159e-14
21120.00 9.417178e-14
21130.00 9.382253e-14
21140.00 9.347384e-14
21150.00 9.312571e-14
21160.00 9.277807e-14
21170.00 9.243098e-14
21180.00 9.208439e-14
21190.00 9.173828e-14
21200.00 9.139273e-14
21210.00 9.104760e-14
21220.00 9.070303e-14
21230.00 9.035888e-14
21240.00 9.001522e-14
21250.00 8.967205e-14
21260.00 8.932922e-14
21270.00 8.898696e-14
21280.00 8.864504e-14
21290.00 8.830361e-14
21300.00 8.796267e-14
21310.00 8.762201e-14
21320.00 8.728191e-14
21330.00 8.694209e-14
21340.00 8.660269e-14
21350.00 8.626377e-14
21360.00 8.592514e-14
21370.00 8.558692e-14
21380.00 8.524913e-14
21390.00 8.491161e-14
21400.00 8.457458e-14
21410.00 8.423790e-14
21420.00 8.390150e-14
21430.00 8.356552e-14
21440.00 8.322989e-14
21450.00 8.289454e-14
21460.00 8.255954e-14
21470.00 8.222495e-14
21480.00 8.189065e-14
21490.00 8.155669e-14
21500.00 8.122309e-14
21510.00 8.088976e-14
21520.00 8.055671e-14
21530.00 8.022401e-14
21540.00 7.989159e-14
21550.00 7.955960e-14
21560.00 7.922773e-14
21570.00 7.889629e-14
21580.00 7.856513e-14
21590.00 7.823425e-14
21600.00 7.790372e-14
21610.00 7.757339e-14
21620.00 7.724335e-14
21630.00 7.691365e-14
21640.00 7.658417e-14
21650.00 7.625503e-14
21660.00 7.592617e-14
21670.00 7.559752e-14
21680.00 7.526923e-14
21690.00 7.494121e-14
21700.00 7.461340e-14
21710.00 7.428587e-14
21720.00 7.395861e-14
21730.00 7.363164e-14
21740.00 7.330495e-14
21750.00 7.297854e-14
21760.00 7.265226e-14
21770.00 7.232641e-14
21780.00 7.200076e-14
21790.00 7.167533e-14
21800.00 7.135024e-14
21810.00 7.102537e-14
21820.00 7.070070e-14
21830.00 7.037638e-14
21840.00 7.005227e-14
21850.00 6.972843e-14
21860.00 6.940485e-14
21870.00 6.908156e-14
21880.00 6.875850e-14
21890.00 6.843573e-14
21900.00 6.811319e-14
21910.00 6.779089e-14
21920.00 6.746891e-14
21930.00 6.714713e-14
21940.00 6.682564e-14
21950.00 6.650444e-14
21960.00 6.618343e-14
21970.00 6.586276e-14
21980.00 6.554228e-14
21990.00 6.522211e-14
22000.00 6.490223e-14
22010.00 6.458260e-14
22020.00 6.426322e-14
22030.00 6.394409e-14
22040.00 6.362527e-14
22050.00 6.330676e-14
22060.00 6.298845e-14
22070.00 6.267045e-14
22080.00 6.235276e-14
22090.00 6.203530e-14
22100.00 6.171814e-14
22110.00 6.140126e-14
22120.00 6.108470e-14
22130.00 6.076836e-14
22140.00 6.045235e-14
22150.00 6.013663e-14
22160.00 5.982123e-14
22170.00 5.950607e-14
22180.00 5.919125e-14
22190.00 5.887672e-14
22200.00 5.856248e-14
22210.00 5.824858e-14
22220.00 5.793494e-14
22230.00 5.762166e-14
22240.00 5.730867e-14
22250.00 5.699601e-14
22260.00 5.668364e-14
22270.00 5.637160e-14
22280.00 5.605989e-14
22290.00 5.574854e-14
22300.00 5.543747e-14
22310.00 5.512677e-14
22320.00 5.481641e-14
22330.00 5.450638e-14
22340.00 5.419667e-14
22350.00 5.388733e-14
22360.00 5.357835e-14
22370.00 5.326972e-14
22380.00 5.296145e-14
22390.00 5.265353e-14
22400.00 5.234594e-14
22410.00 5.203876e-14
22420.00 5.173195e-14
22430.00 5.142552e-14
22440.00 5.111947e-14
22450.00 5.081381e-14
22460.00 5.050854e-14
22470.00 5.020361e-14
22480.00 4.989913e-14
22490.00 4.959501e-14
22500.00 4.929130e-14
22510.00 4.898804e-14
22520.00 4.868515e-14
22530.00 4.838269e-14
22540.00 4.808065e-14
22550.00 4.777903e-14
22560.00 4.747787e-14
22570.00 4.717709e-14
22580.00 4.687675e-14
22590.00 4.657691e-14
22600.00 4.627744e-14
22610.00 4.597847e-14
22620.00 4.567992e-14
22630.00 4.538187e-14
22640.00 4.508426e-14
22650.00 4.478713e-14
22660.00 4.449048e-14
22670.00 4.419429e-14
22680.00 4.389857e-14
22690.00 4.360336e-14
22700.00 4.330866e-14
22710.00 4.301442e-14
22720.00 4.272070e-14
22730.00 4.242749e-14
22740.00 4.213477e-14
22750.00 4.184258e-14
22760.00 4.155092e-14
22770.00 4.125977e-14
22780.00 4.096915e-14
22790.00 4.067909e-14
22800.00 4.038955e-14
22810.00 4.010057e-14
22820.00 3.981215e-14
22830.00 3.952430e-14
22840.00 3.923700e-14
22850.00 3.895024e-14
22860.00 3.866407e-14
22870.00 3.837849e-14
22880.00 3.809348e-14
22890.00 3.780907e-14
22900.00 3.752524e-14
22910.00 3.724202e-14
22920.00 3.695939e-14
22930.00 3.667738e-14
22940.00 3.639601e-14
22950.00 3.611524e-14
22960.00 3.583508e-14
22970.00 3.555557e-14
22980.00 3.527671e-14
22990.00 3.499849e-14
23000.00 3.472090e-14
23010.00 3.444398e-14
23020.00 3.416773e-14
23030.00 3.389214e-14
23040.00 3.361721e-14
23050.00 3.334296e-14
23060.00 3.306940e-14
23070.00 3.279654e-14
23080.00 3.252436e-14
23090.00 3.225287e-14
23100.00 3.198209e-14
23110.00 3.171203e-14
23120.00 3.144269e-14
23130.00 3.117408e-14
23140.00 3.090617e-14
23150.00 3.063903e-14
23160.00 3.037261e-14
23170.00 3.010694e-14
23180.00 2.984203e-14
23190.00 2.957787e-14
23200.00 2.931446e-14
23210.00 2.905184e-14
23220.00 2.878999e-14
23230.00 2.852894e-14
23240.00 2.826865e-14
23250.00 2.800917e-14
23260.00 2.775048e-14
23270.00 2.749261e-14
23280.00 2.723556e-14
23290.00 2.697931e-14
23300.00 2.672387e-14
23310.00 2.646927e-14
23320.00 2.621551e-14
23330.00 2.596259e-14
23340.00 2.571052e-14
23350.00 2.545929e-14
23360.00 2.520894e-14
23370.00 2.495945e-14
23380.00 2.471083e-14
23390.00 2.446308e-14
23400.00 2.421621e-14
23410.00 2.397025e-14
23420.00 2.372516e-14
23430.00 2.348099e-14
23440.00 2.323773e-14
23450.00 2.299537e-14
23460.00 2.275393e-14
23470.00 2.251344e-14
23480.00 2.227385e-14
23490.00 2.203522e-14
23500.00 2.179752e-14
23510.00 2.156078e-14
23520.00 2.132499e-14
23530.00 2.109017e-14
23540.00 2.085631e-14
23550.00 2.062342e-14
23560.00 2.039152e-14
23570.00 2.016060e-14
23580.00 1.993068e-14
23590.00 1.970175e-14
23600.00 1.947382e-14
23610.00 1.924693e-14
23620.00 1.902103e-14
23630.00 1.879616e-14
23640.00 1.857231e-14
23650.00 1.834951e-14
23660.00 1.812774e-14
23670.00 1.790701e-14
23680.00 1.768736e-14
23690.00 1.746874e-14
23700.00 1.725118e-14
23710.00 1.703473e-14
23720.00 1.681933e-14
23730.00 1.660501e-14
23740.00 1.639180e-14
23750.00 1.617965e-14
23760.00 1.596863e-14
23770.00 1.575870e-14
23780.00 1.554989e-14
23790.00 1.534220e-14
23800.00 1.513563e-14
23810.00 1.493020e-14
23820.00 1.472591e-14
23830.00 1.452274e-14
23840.00 1.432074e-14
23850.00 1.411988e-14
23860.00 1.392018e-14
23870.00 1.372166e-14
23880.00 1.352431e-14
23890.00 1.332813e-14
23900.00 1.313314e-14
23910.00 1.293933e-14
23920.00 1.274672e-14
23930.00 1.255533e-14
23940.00 1.236511e-14
23950.00 1.217612e-14
23960.00 1.198836e-14
23970.00 1.180182e-14
23980.00 1.161651e-14
23990.00 1.143243e-14
24000.00 1.124960e-14
24010.00 1.106801e-14
24020.00 1.088768e-14
24030.00 1.070861e-14
24040.00 1.053080e-14
24050.00 1.035426e-14
24060.00 1.017900e-14
24070.00 1.000502e-14
24080.00 9.832325e-15
24090.00 9.660927e-15
24100.00 9.490827e-15
24110.00 9.322034e-15
24120.00 9.154546e-15
24130.00 8.988379e-15
24140.00 8.823531e-15
24150.00 8.660010e-15
24160.00 8.497823e-15
24170.00 8.336977e-15
24180.00 8.177472e-15
24190.00 8.019308e-15
24200.00 7.862512e-15
24210.00 7.707071e-15
24220.00 7.552992e-15
24230.00 7.400289e-15
24240.00 7.248955e-15
24250.00 7.099010e-15
24260.00 6.950449e-15
24270.00 6.803282e-15
24280.00 6.657513e-15
24290.00 6.513146e-15
24300.00 6.370188e-15
24310.00 6.228646e-15
24320.00 6.088520e-15
24330.00 5.949821e-15
24340.00 5.812551e-15
24350.00 5.676715e-15
24360.00 5.542323e-15
24370.00 5.409374e-15
24380.00 5.277871e-15
24390.00 5.147831e-15
24400.00 5.019247e-15
24410.00 4.892131e-15
24420.00 4.766486e-15
24430.00 4.642316e-15
24440.00 4.519631e-15
24450.00 4.398429e-15
24460.00 4.278718e-15
24470.00 4.160504e-15
24480.00 4.043791e-15
24490.00 3.928585e-15
24500.00 3.814889e-15
24510.00 3.702710e-15
24520.00 3.592052e-15
24530.00 3.482921e-15
24540.00 3.375319e-15
24550.00 3.269253e-15
24560.00 3.164729e-15
24570.00 3.061747e-15
24580.00 2.960317e-15
24590.00 2.860442e-15
24600.00 2.762126e-15
24610.00 2.665374e-15
24620.00 2.570190e-15
24630.00 2.476581e-15
24640.00 2.384550e-15
24650.00 2.294101e-15
24660.00 2.205238e-15
24670.00 2.117968e-15
24680.00 2.032294e-15
24690.00 1.948221e-15
24700.00 1.865754e-15
24710.00 1.784897e-15
24720.00 1.705654e-15
24730.00 1.628030e-15
24740.00 1.552028e-15
24750.00 1.477655e-15
24760.00 1.404912e-15
24770.00 1.333807e-15
24780.00 1.264342e-15
24790.00 1.196521e-15
24800.00 1.130350e-15
24810.00 1.065832e-15
24820.00 1.002971e-15
24830.00 9.417716e-16
24840.00 8.822379e-16
24850.00 8.243746e-16
24860.00 7.681854e-16
24870.00 7.136742e-16
24880.00 6.608446e-16
24890.00 6.097016e-16
24900.00 5.602488e-16
24910.00 5.124897e-16
24920.00 4.664290e-16
24930.00 4.220704e-16
24940.00 3.794175e-16
24950.00 3.384745e-16
24960.00 2.992448e-16
24970.00 2.617329e-16
24980.00 2.259419e-16
24990.00 1.918760e-16
25000.00 1.595388e-16
