1000.00 2.257683e-15
1010.00 2.275468e-15
1020.00 2.287396e-15
1030.00 2.294951e-15
1040.00 2.299221e-15
1050.00 2.301001e-15
1060.00 2.324506e-15
1070.00 2.494879e-15
1080.00 2.668906e-15
1090.00 2.846843e-15
1100.00 3.028919e-15
1110.00 3.215339e-15
1120.00 3.406279e-15
1130.00 3.604272e-15
1140.00 3.809918e-15
1150.00 4.023724e-15
1160.00 4.246203e-15
1170.00 4.477874e-15
1180.00 4.719254e-15
1190.00 4.970894e-15
1200.00 5.233335e-15
1210.00 5.507128e-15
1220.00 5.792835e-15
1230.00 6.091027e-15
1240.00 6.402092e-15
1250.00 6.825373e-15
1260.00 7.353436e-15
1270.00 7.912536e-15
1280.00 8.504793e-15
1290.00 9.132436e-15
1300.00 9.797756e-15
1310.00 1.050313e-14
1320.00 1.125107e-14
1330.00 1.204415e-14
1340.00 1.288507e-14
1350.00 1.377666e-14
1360.00 1.472188e-14
1370.00 1.572383e-14
1380.00 1.678575e-14
1390.00 1.791100e-14
1400.00 1.910309e-14
1410.00 2.036570e-14
1420.00 2.170272e-14
1430.00 2.311816e-14
1440.00 2.461628e-14
1450.00 2.620152e-14
1460.00 2.787853e-14
1470.00 2.965221e-14
1480.00 3.152770e-14
1490.00 3.351037e-14
1500.00 3.560590e-14
1510.00 3.782022e-14
1520.00 4.015963e-14
1530.00 4.263070e-14
1540.00 4.524043e-14
1550.00 4.799621e-14
1560.00 5.090585e-14
1570.00 5.397750e-14
1580.00 5.721977e-14
1590.00 6.064188e-14
1600.00 6.425357e-14
1610.00 6.806521e-14
1620.00 7.208785e-14
1630.00 7.633318e-14
1640.00 8.081378e-14
1650.00 8.554314e-14
1660.00 9.053557e-14
1670.00 9.580650e-14
1680.00 1.013726e-13
1690.00 1.072516e-13
1700.00 1.134628e-13
1710.00 1.200255e-13
1720.00 1.269625e-13
1730.00 1.342994e-13
1740.00 1.420634e-13
1750.00 1.502844e-13
1760.00 1.589952e-13
1770.00 1.682319e-13
1780.00 1.780340e-13
1790.00 1.884455e-13
1800.00 1.995142e-13
1810.00 2.112951e-13
1820.00 2.238458e-13
1830.00 2.372318e-13
1840.00 2.515255e-13
1850.00 2.668076e-13
1860.00 2.831677e-13
1870.00 3.007254e-13
1880.00 3.197252e-13
1890.00 3.403947e-13
1900.00 3.632802e-13
1910.00 3.871312e-13
1920.00 4.126457e-13
1930.00 4.402614e-13
1940.00 4.705472e-13
1950.00 5.042542e-13
1960.00 5.423256e-13
1970.00 5.839676e-13
1980.00 6.303357e-13
1990.00 6.789362e-13
2000.00 7.456968e-13
2010.00 8.110458e-13
2020.00 8.811268e-13
2030.00 9.510025e-13
2040.00 1.025172e-12
2050.00 1.113853e-12
2060.00 1.212192e-12
2070.00 1.304243e-12
2080.00 1.400284e-12
2090.00 1.505234e-12
2100.00 1.620590e-12
2110.00 1.740069e-12
2120.00 1.862604e-12
2130.00 2.004267e-12
2140.00 2.148749e-12
2150.00 2.274029e-12
2160.00 2.391021e-12
2170.00 2.505940e-12
2180.00 2.614512e-12
2190.00 2.717841e-12
2200.00 2.800005e-12
2210.00 2.878046e-12
2220.00 2.969349e-12
2230.00 3.047597e-12
2240.00 3.125060e-12
2250.00 3.194586e-12
2260.00 3.259697e-12
2270.00 3.325302e-12
2280.00 3.394078e-12
2290.00 3.451598e-12
2300.00 3.508541e-12
2310.00 3.524413e-12
2320.00 3.523235e-12
2330.00 3.550607e-12
2340.00 3.586870e-12
2350.00 3.612794e-12
2360.00 3.638844e-12
2370.00 3.649347e-12
2380.00 3.660586e-12
2390.00 3.649981e-12
2400.00 3.642989e-12
2410.00 3.628274e-12
2420.00 3.593845e-12
2430.00 3.569617e-12
2440.00 3.574332e-12
2450.00 3.578433e-12
2460.00 3.574486e-12
2470.00 3.571262e-12
2480.00 3.577212e-12
2490.00 3.596787e-12
2500.00 3.605546e-12
2510.00 3.617095e-12
2520.00 3.660149e-12
2530.00 3.627645e-12
2540.00 3.510887e-12
2550.00 3.476982e-12
2560.00 3.469694e-12
2570.00 3.471408e-12
2580.00 3.466360e-12
2590.00 3.503165e-12
2600.00 3.532976e-12
2610.00 3.606459e-12
2620.00 3.677076e-12
2630.00 3.801150e-12
2640.00 3.923792e-12
2650.00 4.057315e-12
2660.00 4.218298e-12
2670.00 4.382175e-12
2680.00 4.557442e-12
2690.00 4.723383e-12
2700.00 4.884791e-12
2710.00 5.072072e-12
2720.00 5.302655e-12
2730.00 5.565649e-12
2740.00 5.747631e-12
2750.00 5.905258e-12
2760.00 6.118756e-12
2770.00 6.384020e-12
2780.00 6.677354e-12
2790.00 6.943349e-12
2800.00 7.196117e-12
2810.00 7.468337e-12
2820.00 7.807286e-12
2830.00 8.221273e-12
2840.00 8.703337e-12
2850.00 9.249467e-12
2860.00 9.828372e-12
2870.00 1.040120e-11
2880.00 1.093306e-11
2890.00 1.142760e-11
2900.00 1.191738e-11
2910.00 1.238366e-11
2920.00 1.279961e-11
2930.00 1.316614e-11
2940.00 1.361770e-11
2950.00 1.418681e-11
2960.00 1.465788e-11
2970.00 1.507054e-11
2980.00 1.544579e-11
2990.00 1.581393e-11
3000.00 1.622650e-11
3010.00 1.662767e-11
3020.00 1.693032e-11
3030.00 1.714924e-11
3040.00 1.720347e-11
3050.00 1.715711e-11
3060.00 1.711738e-11
3070.00 1.711698e-11
3080.00 1.723838e-11
3090.00 1.742932e-11
3100.00 1.774246e-11
3110.00 1.813695e-11
3120.00 1.863903e-11
3130.00 1.920334e-11
3140.00 1.977130e-11
3150.00 2.028233e-11
3160.00 2.082359e-11
3170.00 2.130651e-11
3180.00 2.173450e-11
3190.00 2.223979e-11
3200.00 2.273657e-11
3210.00 2.326185e-11
3220.00 2.388349e-11
3230.00 2.449183e-11
3240.00 2.509329e-11
3250.00 2.584243e-11
3260.00 2.640153e-11
3270.00 2.695778e-11
3280.00 2.745026e-11
3290.00 2.801589e-11
3300.00 2.854934e-11
3310.00 2.928988e-11
3320.00 3.005417e-11
3330.00 3.109369e-11
3340.00 3.258067e-11
3350.00 3.425603e-11
3360.00 3.612257e-11
3370.00 3.816221e-11
3380.00 4.047548e-11
3390.00 4.270428e-11
3400.00 4.475766e-11
3410.00 4.693148e-11
3420.00 4.901706e-11
3430.00 5.125523e-11
3440.00 5.369724e-11
3450.00 5.612567e-11
3460.00 5.959131e-11
3470.00 5.915358e-11
3480.00 5.833927e-11
3490.00 5.819290e-11
3500.00 5.843107e-11
3510.00 5.902950e-11
3520.00 6.074284e-11
3530.00 6.121491e-11
3540.00 6.122269e-11
3550.00 6.222411e-11
3560.00 6.347850e-11
3570.00 6.671583e-11
3580.00 6.913524e-11
3590.00 7.032896e-11
3600.00 6.969781e-11
3610.00 6.879166e-11
3620.00 6.674693e-11
3630.00 6.534456e-11
3640.00 6.573548e-11
3650.00 6.725664e-11
3660.00 7.043735e-11
3670.00 7.333561e-11
3680.00 7.377341e-11
3690.00 7.085476e-11
3700.00 6.566514e-11
3710.00 6.125299e-11
3720.00 4.974766e-11
3730.00 5.116614e-11
3740.00 4.855409e-11
3750.00 4.605881e-11
3760.00 4.692769e-11
3770.00 4.446630e-11
3780.00 4.565445e-11
3790.00 4.665138e-11
3800.00 4.798853e-11
3810.00 4.809519e-11
3820.00 5.579662e-11
3830.00 6.594365e-11
3840.00 7.714446e-11
3850.00 8.435104e-11
3860.00 1.063606e-10
3870.00 1.344278e-10
3880.00 1.378664e-10
3890.00 1.597609e-10
3900.00 1.732629e-10
3910.00 1.862294e-10
3920.00 1.922717e-10
3930.00 1.972845e-10
3940.00 2.011144e-10
3950.00 2.042742e-10
3960.00 2.115993e-10
3970.00 2.124815e-10
3980.00 2.131550e-10
3990.00 2.178691e-10
4000.00 2.341112e-10
4010.00 2.414359e-10
4020.00 2.541964e-10
4030.00 2.565821e-10
4040.00 2.573938e-10
4050.00 2.551064e-10
4060.00 2.498080e-10
4070.00 2.438390e-10
4080.00 2.338413e-10
4090.00 2.233314e-10
4100.00 2.134633e-10
4110.00 2.056480e-10
4120.00 2.021830e-10
4130.00 2.021666e-10
4140.00 2.011101e-10
4150.00 1.995339e-10
4160.00 1.970841e-10
4170.00 1.969526e-10
4180.00 1.957416e-10
4190.00 1.966278e-10
4200.00 1.975997e-10
4210.00 2.013001e-10
4220.00 2.045250e-10
4230.00 2.098388e-10
4240.00 2.124731e-10
4250.00 2.144916e-10
4260.00 2.156655e-10
4270.00 2.159088e-10
4280.00 2.177402e-10
4290.00 2.194329e-10
4300.00 2.211214e-10
4310.00 2.206066e-10
4320.00 2.223177e-10
4330.00 2.189175e-10
4340.00 2.156686e-10
4350.00 2.130519e-10
4360.00 2.094221e-10
4370.00 2.081339e-10
4380.00 2.045158e-10
4390.00 2.004895e-10
4400.00 1.976758e-10
4410.00 1.956881e-10
4420.00 1.944210e-10
4430.00 1.954856e-10
4440.00 1.977789e-10
4450.00 2.025269e-10
4460.00 2.027814e-10
4470.00 2.175713e-10
4480.00 2.350181e-10
4490.00 2.523598e-10
4500.00 2.758005e-10
4510.00 2.943974e-10
4520.00 2.991060e-10
4530.00 3.134325e-10
4540.00 3.237447e-10
4550.00 3.404751e-10
4560.00 3.454307e-10
4570.00 3.575755e-10
4580.00 3.703634e-10
4590.00 3.760023e-10
4600.00 3.813029e-10
4610.00 3.818078e-10
4620.00 3.790551e-10
4630.00 3.753051e-10
4640.00 3.685574e-10
4650.00 3.583412e-10
4660.00 3.505805e-10
4670.00 3.372520e-10
4680.00 3.233117e-10
4690.00 3.116265e-10
4700.00 2.980101e-10
4710.00 2.875170e-10
4720.00 2.780533e-10
4730.00 2.700119e-10
4740.00 2.569968e-10
4750.00 2.476121e-10
4760.00 2.355210e-10
4770.00 2.275215e-10
4780.00 2.149925e-10
4790.00 2.104737e-10
4800.00 2.044966e-10
4810.00 2.067462e-10
4820.00 2.095126e-10
4830.00 2.147175e-10
4840.00 2.192965e-10
4850.00 2.176466e-10
4860.00 2.211764e-10
4870.00 2.237713e-10
4880.00 2.262014e-10
4890.00 2.229915e-10
4900.00 2.249995e-10
4910.00 2.332569e-10
4920.00 2.421112e-10
4930.00 2.548547e-10
4940.00 2.618997e-10
4950.00 2.703714e-10
4960.00 2.727737e-10
4970.00 2.715660e-10
4980.00 2.691577e-10
4990.00 2.566622e-10
5000.00 2.409210e-10
5010.00 2.285561e-10
5020.00 2.167557e-10
5030.00 2.084488e-10
5040.00 2.049989e-10
5050.00 1.991989e-10
5060.00 2.008513e-10
5070.00 2.076144e-10
5080.00 2.132902e-10
5090.00 2.227489e-10
5100.00 2.276821e-10
5110.00 2.325893e-10
5120.00 2.373550e-10
5130.00 2.417254e-10
5140.00 2.481115e-10
5150.00 2.536086e-10
5160.00 2.561223e-10
5170.00 2.612726e-10
5180.00 2.647385e-10
5190.00 2.684178e-10
5200.00 2.691845e-10
5210.00 2.749444e-10
5220.00 2.832725e-10
5230.00 2.921691e-10
5240.00 3.064507e-10
5250.00 3.147042e-10
5260.00 3.198841e-10
5270.00 3.284858e-10
5280.00 3.336685e-10
5290.00 3.369063e-10
5300.00 3.469136e-10
5310.00 3.520902e-10
5320.00 3.552073e-10
5330.00 3.606550e-10
5340.00 3.622958e-10
5350.00 3.595213e-10
5360.00 3.551941e-10
5370.00 3.495224e-10
5380.00 3.453206e-10
5390.00 3.416812e-10
5400.00 3.372340e-10
5410.00 3.362508e-10
5420.00 3.306556e-10
5430.00 3.333552e-10
5440.00 3.336304e-10
5450.00 3.412546e-10
5460.00 3.498516e-10
5470.00 3.547279e-10
5480.00 3.556066e-10
5490.00 3.544225e-10
5500.00 3.471288e-10
5510.00 3.411538e-10
5520.00 3.297506e-10
5530.00 3.114947e-10
5540.00 2.945389e-10
5550.00 2.630451e-10
5560.00 2.488606e-10
5570.00 2.455006e-10
5580.00 2.216632e-10
5590.00 1.974499e-10
5600.00 1.865838e-10
5610.00 1.767695e-10
5620.00 1.585665e-10
5630.00 1.485337e-10
5640.00 1.420345e-10
5650.00 1.332110e-10
5660.00 1.264861e-10
5670.00 1.211450e-10
5680.00 1.193015e-10
5690.00 1.206168e-10
5700.00 1.218336e-10
5710.00 1.263566e-10
5720.00 1.321098e-10
5730.00 1.348934e-10
5740.00 1.471878e-10
5750.00 1.622923e-10
5760.00 1.768954e-10
5770.00 1.865391e-10
5780.00 1.987412e-10
5790.00 2.125299e-10
5800.00 2.337130e-10
5810.00 2.706808e-10
5820.00 2.950985e-10
5830.00 3.134552e-10
5840.00 3.259944e-10
5850.00 3.375400e-10
5860.00 3.435372e-10
5870.00 3.418799e-10
5880.00 3.403209e-10
5890.00 3.198363e-10
5900.00 3.112726e-10
5910.00 3.223137e-10
5920.00 3.169512e-10
5930.00 3.293994e-10
5940.00 3.363071e-10
5950.00 3.463517e-10
5960.00 3.456161e-10
5970.00 3.438430e-10
5980.00 3.381316e-10
5990.00 3.323156e-10
6000.00 3.261629e-10
6010.00 3.192311e-10
6020.00 3.122606e-10
6030.00 3.046873e-10
6040.00 2.992795e-10
6050.00 2.918342e-10
6060.00 2.873467e-10
6070.00 2.813956e-10
6080.00 2.757235e-10
6090.00 2.742662e-10
6100.00 2.703579e-10
6110.00 2.670760e-10
6120.00 2.645681e-10
6130.00 2.635701e-10
6140.00 2.613994e-10
6150.00 2.630736e-10
6160.00 2.638219e-10
6170.00 2.673379e-10
6180.00 2.730015e-10
6190.00 2.806368e-10
6200.00 2.885044e-10
6210.00 2.929136e-10
6220.00 2.956710e-10
6230.00 2.971422e-10
6240.00 2.947092e-10
6250.00 2.930822e-10
6260.00 2.877621e-10
6270.00 2.838716e-10
6280.00 2.800439e-10
6290.00 2.752097e-10
6300.00 2.722477e-10
6310.00 2.680425e-10
6320.00 2.670325e-10
6330.00 2.647071e-10
6340.00 2.658391e-10
6350.00 2.679428e-10
6360.00 2.695343e-10
6370.00 2.709014e-10
6380.00 2.718012e-10
6390.00 2.758011e-10
6400.00 2.748823e-10
6410.00 2.772316e-10
6420.00 2.806422e-10
6430.00 2.840121e-10
6440.00 2.843555e-10
6450.00 2.832856e-10
6460.00 2.824925e-10
6470.00 2.811211e-10
6480.00 2.790746e-10
6490.00 2.766045e-10
6500.00 2.749136e-10
6510.00 2.720161e-10
6520.00 2.703369e-10
6530.00 2.699808e-10
6540.00 2.709029e-10
6550.00 2.741404e-10
6560.00 2.801020e-10
6570.00 2.823832e-10
6580.00 2.862624e-10
6590.00 2.721893e-10
6600.00 2.585449e-10
6610.00 2.488303e-10
6620.00 2.409343e-10
6630.00 2.350922e-10
6640.00 2.303088e-10
6650.00 2.263315e-10
6660.00 2.226897e-10
6670.00 2.185845e-10
6680.00 2.135795e-10
6690.00 2.086038e-10
6700.00 2.037566e-10
6710.00 1.974036e-10
6720.00 1.918083e-10
6730.00 1.893824e-10
6740.00 1.873492e-10
6750.00 1.843287e-10
6760.00 1.827515e-10
6770.00 1.833474e-10
6780.00 1.812809e-10
6790.00 1.783125e-10
6800.00 1.754305e-10
6810.00 1.711224e-10
6820.00 1.663828e-10
6830.00 1.620654e-10
6840.00 1.592938e-10
6850.00 1.574142e-10
6860.00 1.556757e-10
6870.00 1.553515e-10
6880.00 1.549248e-10
6890.00 1.558170e-10
6900.00 1.569710e-10
6910.00 1.593851e-10
6920.00 1.624011e-10
6930.00 1.659078e-10
6940.00 1.708425e-10
6950.00 1.744083e-10
6960.00 1.756383e-10
6970.00 1.784718e-10
6980.00 1.773828e-10
6990.00 1.775594e-10
7000.00 1.774956e-10
7010.00 1.738394e-10
7020.00 1.715565e-10
7030.00 1.713211e-10
7040.00 1.699563e-10
7050.00 1.704302e-10
7060.00 1.721614e-10
7070.00 1.743960e-10
7080.00 1.764965e-10
7090.00 1.778970e-10
7100.00 1.799652e-10
7110.00 1.824073e-10
7120.00 1.842500e-10
7130.00 1.891933e-10
7140.00 1.902566e-10
7150.00 1.942166e-10
7160.00 1.986298e-10
7170.00 2.017235e-10
7180.00 2.050881e-10
7190.00 2.068270e-10
7200.00 2.159603e-10
7210.00 2.226703e-10
7220.00 2.300601e-10
7230.00 2.329139e-10
7240.00 2.350803e-10
7250.00 2.387296e-10
7260.00 2.347957e-10
7270.00 2.368408e-10
7280.00 2.357905e-10
7290.00 2.306632e-10
7300.00 2.280849e-10
7310.00 2.270250e-10
7320.00 2.201553e-10
7330.00 2.161308e-10
7340.00 2.122777e-10
7350.00 2.093186e-10
7360.00 2.051200e-10
7370.00 2.025059e-10
7380.00 2.012580e-10
7390.00 1.973850e-10
7400.00 1.938086e-10
7410.00 1.918858e-10
7420.00 1.861933e-10
7430.00 1.848787e-10
7440.00 1.833490e-10
7450.00 1.826157e-10
7460.00 1.732603e-10
7470.00 1.676955e-10
7480.00 1.627055e-10
7490.00 1.549376e-10
7500.00 1.483631e-10
7510.00 1.483927e-10
7520.00 1.500137e-10
7530.00 1.479686e-10
7540.00 1.420391e-10
7550.00 1.339811e-10
7560.00 1.308030e-10
7570.00 1.263904e-10
7580.00 1.265934e-10
7590.00 1.249971e-10
7600.00 1.236256e-10
7610.00 1.225136e-10
7620.00 1.257239e-10
7630.00 1.297410e-10
7640.00 1.339021e-10
7650.00 1.408969e-10
7660.00 1.476743e-10
7670.00 1.578686e-10
7680.00 1.659385e-10
7690.00 1.680672e-10
7700.00 1.815384e-10
7710.00 1.860736e-10
7720.00 1.691169e-10
7730.00 1.704350e-10
7740.00 1.713635e-10
7750.00 1.712174e-10
7760.00 1.676765e-10
7770.00 1.687153e-10
7780.00 1.736931e-10
7790.00 1.776844e-10
7800.00 1.782441e-10
7810.00 1.779183e-10
7820.00 1.731502e-10
7830.00 1.687498e-10
7840.00 1.653868e-10
7850.00 1.693529e-10
7860.00 1.753836e-10
7870.00 1.776308e-10
7880.00 1.706220e-10
7890.00 1.593525e-10
7900.00 1.553773e-10
7910.00 1.480124e-10
7920.00 1.481554e-10
7930.00 1.419187e-10
7940.00 1.353285e-10
7950.00 1.333339e-10
7960.00 1.289936e-10
7970.00 1.268733e-10
7980.00 1.238099e-10
7990.00 1.213861e-10
8000.00 1.204354e-10
8010.00 1.171828e-10
8020.00 1.117903e-10
8030.00 1.092664e-10
8040.00 1.029108e-10
8050.00 1.001601e-10
8060.00 9.925898e-11
8070.00 9.333326e-11
8080.00 8.790150e-11
8090.00 8.563769e-11
8100.00 8.383698e-11
8110.00 8.459407e-11
8120.00 8.050727e-11
8130.00 7.636369e-11
8140.00 6.853968e-11
8150.00 5.020805e-11
8160.00 5.076655e-11
8170.00 4.280095e-11
8180.00 3.405143e-11
8190.00 3.663744e-11
8200.00 3.262098e-11
8210.00 2.824263e-11
8220.00 2.578089e-11
8230.00 2.477121e-11
8240.00 2.863864e-11
8250.00 2.129110e-11
8260.00 3.114401e-11
8270.00 3.138516e-11
8280.00 2.932271e-11
8290.00 3.595789e-11
8300.00 4.134472e-11
8310.00 3.394208e-11
8320.00 4.386815e-11
8330.00 4.900702e-11
8340.00 5.028545e-11
8350.00 5.111068e-11
8360.00 5.632537e-11
8370.00 6.231419e-11
8380.00 7.482241e-11
8390.00 7.527160e-11
8400.00 7.773813e-11
8410.00 1.040084e-10
8420.00 1.135994e-10
8430.00 1.297016e-10
8440.00 1.390479e-10
8450.00 1.602867e-10
8460.00 1.669690e-10
8470.00 1.940778e-10
8480.00 2.060917e-10
8490.00 2.152659e-10
8500.00 2.289861e-10
8510.00 2.558124e-10
8520.00 2.772809e-10
8530.00 3.161835e-10
8540.00 3.212045e-10
8550.00 3.290523e-10
8560.00 3.429297e-10
8570.00 3.586890e-10
8580.00 3.613806e-10
8590.00 3.769545e-10
8600.00 3.926596e-10
8610.00 4.098093e-10
8620.00 4.048288e-10
8630.00 3.979302e-10
8640.00 3.882140e-10
8650.00 3.642339e-10
8660.00 3.495896e-10
8670.00 3.448971e-10
8680.00 3.402268e-10
8690.00 3.352202e-10
8700.00 3.251117e-10
8710.00 3.250026e-10
8720.00 3.323193e-10
8730.00 3.214296e-10
8740.00 3.155128e-10
8750.00 2.962423e-10
8760.00 2.831073e-10
8770.00 2.833103e-10
8780.00 2.485899e-10
8790.00 2.306866e-10
8800.00 2.203374e-10
8810.00 1.963956e-10
8820.00 1.838012e-10
8830.00 1.652029e-10
8840.00 1.479684e-10
8850.00 1.436893e-10
8860.00 1.308257e-10
8870.00 1.160845e-10
8880.00 1.129906e-10
8890.00 9.976215e-11
8900.00 9.790549e-11
8910.00 1.062691e-10
8920.00 1.085185e-10
8930.00 1.045030e-10
8940.00 9.920193e-11
8950.00 1.086798e-10
8960.00 1.170664e-10
8970.00 1.098232e-10
8980.00 1.101383e-10
8990.00 1.097106e-10
9000.00 1.043948e-10
9010.00 1.048484e-10
9020.00 1.047805e-10
9030.00 1.024795e-10
9040.00 1.009653e-10
9050.00 9.987179e-11
9060.00 9.942505e-11
9070.00 1.057956e-10
9080.00 1.100845e-10
9090.00 1.090922e-10
9100.00 1.023203e-10
9110.00 9.313402e-11
9120.00 9.795787e-11
9130.00 1.003881e-10
9140.00 1.017912e-10
9150.00 9.935228e-11
9160.00 9.770646e-11
9170.00 9.834818e-11
9180.00 9.964441e-11
9190.00 9.886155e-11
9200.00 1.027360e-10
9210.00 1.019040e-10
9220.00 9.509837e-11
9230.00 8.568686e-11
9240.00 9.408267e-11
9250.00 9.129063e-11
9260.00 9.444177e-11
9270.00 9.176105e-11
9280.00 8.928194e-11
9290.00 9.516506e-11
9300.00 1.082444e-10
9310.00 8.430976e-11
9320.00 8.795059e-11
9330.00 8.631371e-11
9340.00 9.054039e-11
9350.00 8.037444e-11
9360.00 8.102559e-11
9370.00 8.110842e-11
9380.00 7.617095e-11
9390.00 8.205064e-11
9400.00 8.790548e-11
9410.00 8.795359e-11
9420.00 8.534976e-11
9430.00 8.953621e-11
9440.00 8.876886e-11
9450.00 9.001731e-11
9460.00 8.754470e-11
9470.00 8.735412e-11
9480.00 9.020489e-11
9490.00 8.508250e-11
9500.00 8.178499e-11
9510.00 8.426123e-11
9520.00 8.366441e-11
9530.00 8.559433e-11
9540.00 7.734887e-11
9550.00 7.790155e-11
9560.00 7.754944e-11
9570.00 7.246741e-11
9580.00 6.190905e-11
9590.00 5.489673e-11
9600.00 5.402208e-11
9610.00 5.907081e-11
9620.00 5.431554e-11
9630.00 6.662911e-11
9640.00 6.301784e-11
9650.00 4.810663e-11
9660.00 4.920040e-11
9670.00 5.092090e-11
9680.00 5.623354e-11
9690.00 6.031507e-11
9700.00 6.363309e-11
9710.00 6.393481e-11
9720.00 6.105372e-11
9730.00 6.012366e-11
9740.00 6.186418e-11
9750.00 6.632323e-11
9760.00 6.941348e-11
9770.00 6.968206e-11
9780.00 6.840509e-11
9790.00 6.747468e-11
9800.00 6.672767e-11
9810.00 6.390612e-11
9820.00 6.005298e-11
9830.00 5.816715e-11
9840.00 5.754046e-11
9850.00 5.684328e-11
9860.00 5.736741e-11
9870.00 5.888786e-11
9880.00 5.968892e-11
9890.00 5.924180e-11
9900.00 5.838974e-11
9910.00 5.854100e-11
9920.00 5.905844e-11
9930.00 5.937907e-11
9940.00 5.968015e-11
9950.00 5.905029e-11
9960.00 5.888610e-11
9970.00 5.841838e-11
9980.00 5.789049e-11
9990.00 5.728381e-11
10000.00 5.682346e-11
10010.00 5.507346e-11
10020.00 5.290906e-11
10030.00 5.016644e-11
10040.00 4.880698e-11
10050.00 4.655515e-11
10060.00 4.578121e-11
10070.00 4.423562e-11
10080.00 4.136384e-11
10090.00 4.046876e-11
10100.00 3.835255e-11
10110.00 3.781526e-11
10120.00 3.663959e-11
10130.00 3.700672e-11
10140.00 3.646186e-11
10150.00 3.570310e-11
10160.00 3.411397e-11
10170.00 3.307543e-11
10180.00 3.432140e-11
10190.00 3.438888e-11
10200.00 3.451344e-11
10210.00 3.511155e-11
10220.00 3.177511e-11
10230.00 2.819319e-11
10240.00 2.481636e-11
10250.00 2.659719e-11
10260.00 2.224850e-11
10270.00 1.995457e-11
10280.00 1.784827e-11
10290.00 1.767102e-11
10300.00 1.614580e-11
10310.00 1.587677e-11
10320.00 1.432450e-11
10330.00 1.363408e-11
10340.00 1.588452e-11
10350.00 1.422926e-11
10360.00 1.149568e-11
10370.00 1.069294e-11
10380.00 1.036327e-11
10390.00 9.768823e-12
10400.00 7.900615e-12
10410.00 9.166656e-12
10420.00 1.070416e-11
10430.00 8.603813e-12
10440.00 8.946463e-12
10450.00 1.132341e-11
10460.00 1.322143e-11
10470.00 1.324085e-11
10480.00 1.361052e-11
10490.00 9.387624e-12
10500.00 1.231029e-11
10510.00 1.474212e-11
10520.00 1.580069e-11
10530.00 1.668061e-11
10540.00 1.741872e-11
10550.00 1.838698e-11
10560.00 1.975765e-11
10570.00 2.093897e-11
10580.00 2.136181e-11
10590.00 2.204983e-11
10600.00 2.387503e-11
10610.00 2.709502e-11
10620.00 3.042963e-11
10630.00 3.340323e-11
10640.00 3.573435e-11
10650.00 3.735771e-11
10660.00 3.947811e-11
10670.00 4.158968e-11
10680.00 4.327541e-11
10690.00 4.500363e-11
10700.00 4.750488e-11
10710.00 4.909446e-11
10720.00 4.847826e-11
10730.00 4.739564e-11
10740.00 4.884208e-11
10750.00 5.051787e-11
10760.00 5.058528e-11
10770.00 5.099947e-11
10780.00 5.171294e-11
10790.00 5.236863e-11
10800.00 5.320139e-11
10810.00 5.481758e-11
10820.00 5.572143e-11
10830.00 5.464259e-11
10840.00 5.436937e-11
10850.00 5.603609e-11
10860.00 5.688629e-11
10870.00 5.616501e-11
10880.00 5.564051e-11
10890.00 5.576539e-11
10900.00 5.551674e-11
10910.00 5.447034e-11
10920.00 5.319873e-11
10930.00 5.222783e-11
10940.00 5.161367e-11
10950.00 5.096232e-11
10960.00 5.018703e-11
10970.00 4.975257e-11
10980.00 4.920508e-11
10990.00 4.827639e-11
11000.00 4.738066e-11
11010.00 4.651973e-11
11020.00 4.607736e-11
11030.00 4.612378e-11
11040.00 4.563377e-11
11050.00 4.492538e-11
11060.00 4.459670e-11
11070.00 4.368324e-11
11080.00 4.275472e-11
11090.00 4.182146e-11
11100.00 4.080822e-11
11110.00 4.048923e-11
11120.00 3.983690e-11
11130.00 3.911990e-11
11140.00 3.846923e-11
11150.00 3.801006e-11
11160.00 3.819265e-11
11170.00 3.807697e-11
11180.00 3.766577e-11
11190.00 3.799698e-11
11200.00 3.895145e-11
11210.00 3.837789e-11
11220.00 3.763783e-11
11230.00 3.814201e-11
11240.00 3.828268e-11
11250.00 3.745050e-11
11260.00 3.711100e-11
11270.00 3.698679e-11
11280.00 3.639132e-11
11290.00 3.627965e-11
11300.00 3.617857e-11
11310.00 3.523872e-11
11320.00 3.423012e-11
11330.00 3.374383e-11
11340.00 3.311477e-11
11350.00 3.256425e-11
11360.00 3.242633e-11
11370.00 3.209183e-11
11380.00 3.145368e-11
11390.00 3.103612e-11
11400.00 3.067460e-11
11410.00 2.984516e-11
11420.00 2.908593e-11
11430.00 2.886919e-11
11440.00 2.853881e-11
11450.00 2.825904e-11
11460.00 2.843375e-11
11470.00 2.819652e-11
11480.00 2.730622e-11
11490.00 2.663690e-11
11500.00 2.649965e-11
11510.00 2.675936e-11
11520.00 2.663708e-11
11530.00 2.577856e-11
11540.00 2.495758e-11
11550.00 2.446571e-11
11560.00 2.404305e-11
11570.00 2.406668e-11
11580.00 2.463201e-11
11590.00 2.446694e-11
11600.00 2.402574e-11
11610.00 2.352520e-11
11620.00 2.304679e-11
11630.00 2.295307e-11
11640.00 2.304358e-11
11650.00 2.327524e-11
11660.00 2.319776e-11
11670.00 2.364204e-11
11680.00 2.380284e-11
11690.00 2.343160e-11
11700.00 2.326457e-11
11710.00 2.315619e-11
11720.00 2.316710e-11
11730.00 2.319721e-11
11740.00 2.295244e-11
11750.00 2.266693e-11
11760.00 2.247070e-11
11770.00 2.254004e-11
11780.00 2.287910e-11
11790.00 2.303107e-11
11800.00 2.311377e-11
11810.00 2.329888e-11
11820.00 2.345755e-11
11830.00 2.350895e-11
11840.00 2.331497e-11
11850.00 2.296725e-11
11860.00 2.272414e-11
11870.00 2.270762e-11
11880.00 2.285679e-11
11890.00 2.298945e-11
11900.00 2.294458e-11
11910.00 2.279158e-11
11920.00 2.281533e-11
11930.00 2.294705e-11
11940.00 2.287864e-11
11950.00 2.286492e-11
11960.00 2.296252e-11
11970.00 2.269285e-11
11980.00 2.242795e-11
11990.00 2.247213e-11
12000.00 2.212041e-11
12010.00 2.168456e-11
12020.00 2.155758e-11
12030.00 2.137622e-11
12040.00 2.104079e-11
12050.00 2.081260e-11
12060.00 2.042388e-11
12070.00 1.994958e-11
12080.00 1.983291e-11
12090.00 1.965961e-11
12100.00 1.930946e-11
12110.00 1.878416e-11
12120.00 1.833933e-11
12130.00 1.831386e-11
12140.00 1.900326e-11
12150.00 1.910258e-11
12160.00 1.851819e-11
12170.00 1.795757e-11
12180.00 1.764411e-11
12190.00 1.805650e-11
12200.00 1.864489e-11
12210.00 1.882313e-11
12220.00 1.823667e-11
12230.00 1.756457e-11
12240.00 1.712378e-11
12250.00 1.708979e-11
12260.00 1.703349e-11
12270.00 1.707265e-11
12280.00 1.750561e-11
12290.00 1.749161e-11
12300.00 1.723515e-11
12310.00 1.737211e-11
12320.00 1.756865e-11
12330.00 1.744962e-11
12340.00 1.723223e-11
12350.00 1.715295e-11
12360.00 1.722934e-11
12370.00 1.727025e-11
12380.00 1.710060e-11
12390.00 1.682640e-11
12400.00 1.647288e-11
12410.00 1.626749e-11
12420.00 1.664003e-11
12430.00 1.706530e-11
12440.00 1.683997e-11
12450.00 1.638117e-11
12460.00 1.613138e-11
12470.00 1.603477e-11
12480.00 1.607928e-11
12490.00 1.612046e-11
12500.00 1.610856e-11
12510.00 1.622513e-11
12520.00 1.629676e-11
12530.00 1.583543e-11
12540.00 1.541954e-11
12550.00 1.536110e-11
12560.00 1.581175e-11
12570.00 1.618258e-11
12580.00 1.559649e-11
12590.00 1.546248e-11
12600.00 1.565900e-11
12610.00 1.596032e-11
12620.00 1.619390e-11
12630.00 1.604784e-11
12640.00 1.623335e-11
12650.00 1.615408e-11
12660.00 1.573748e-11
12670.00 1.564575e-11
12680.00 1.575730e-11
12690.00 1.583672e-11
12700.00 1.573011e-11
12710.00 1.551462e-11
12720.00 1.562461e-11
12730.00 1.578725e-11
12740.00 1.570206e-11
12750.00 1.588799e-11
12760.00 1.620191e-11
12770.00 1.615758e-11
12780.00 1.576923e-11
12790.00 1.530431e-11
12800.00 1.502434e-11
12810.00 1.493099e-11
12820.00 1.491919e-11
12830.00 1.501138e-11
12840.00 1.490801e-11
12850.00 1.459393e-11
12860.00 1.460345e-11
12870.00 1.489439e-11
12880.00 1.501070e-11
12890.00 1.498316e-11
12900.00 1.499758e-11
12910.00 1.487863e-11
12920.00 1.462878e-11
12930.00 1.447965e-11
12940.00 1.427662e-11
12950.00 1.401691e-11
12960.00 1.389390e-11
12970.00 1.364316e-11
12980.00 1.337560e-11
12990.00 1.349865e-11
13000.00 1.370220e-11
13010.00 1.355832e-11
13020.00 1.324373e-11
13030.00 1.294435e-11
13040.00 1.287212e-11
13050.00 1.317847e-11
13060.00 1.354283e-11
13070.00 1.336949e-11
13080.00 1.287026e-11
13090.00 1.267695e-11
13100.00 1.265993e-11
13110.00 1.267083e-11
13120.00 1.255806e-11
13130.00 1.238519e-11
13140.00 1.229623e-11
13150.00 1.212427e-11
13160.00 1.194017e-11
13170.00 1.157436e-11
13180.00 1.156043e-11
13190.00 1.165823e-11
13200.00 1.146704e-11
13210.00 1.137939e-11
13220.00 1.143539e-11
13230.00 1.146068e-11
13240.00 1.174352e-11
13250.00 1.186862e-11
13260.00 1.182880e-11
13270.00 1.189743e-11
13280.00 1.172978e-11
13290.00 1.144850e-11
13300.00 1.108198e-11
13310.00 1.083474e-11
13320.00 1.100930e-11
13330.00 1.122198e-11
13340.00 1.117269e-11
13350.00 1.108413e-11
13360.00 1.104511e-11
13370.00 1.104989e-11
13380.00 1.074615e-11
13390.00 1.008977e-11
13400.00 9.649369e-12
13410.00 9.505179e-12
13420.00 9.400103e-12
13430.00 9.318060e-12
13440.00 9.248189e-12
13450.00 9.186336e-12
13460.00 9.131291e-12
13470.00 9.081212e-12
13480.00 9.035050e-12
13490.00 8.991808e-12
13500.00 8.950758e-12
13510.00 8.911860e-12
13520.00 8.873890e-12
13530.00 8.836842e-12
13540.00 8.800436e-12
13550.00 8.764108e-12
13560.00 8.727395e-12
13570.00 8.690501e-12
13580.00 8.653641e-12
13590.00 8.616698e-12
13600.00 8.579713e-12
13610.00 8.542770e-12
13620.00 8.505449e-12
13630.00 8.467619e-12
13640.00 8.429782e-12
13650.00 8.391708e-12
13660.00 8.352823e-12
13670.00 8.313952e-12
13680.00 8.276136e-12
13690.00 8.244787e-12
13700.00 8.214241e-12
13710.00 8.183694e-12
13720.00 8.145850e-12
13730.00 8.106819e-12
13740.00 8.067578e-12
13750.00 8.024804e-12
13760.00 7.980500e-12
13770.00 7.935574e-12
13780.00 7.886766e-12
13790.00 7.834934e-12
13800.00 7.781935e-12
13810.00 7.725424e-12
13820.00 7.664744e-12
13830.00 7.601829e-12
13840.00 7.532880e-12
13850.00 7.454119e-12
13860.00 7.371377e-12
13870.00 7.288803e-12
13880.00 7.206327e-12
13890.00 7.124325e-12
13900.00 7.043672e-12
13910.00 6.964598e-12
13920.00 6.887159e-12
13930.00 6.812156e-12
13940.00 6.739240e-12
13950.00 6.667096e-12
13960.00 6.595477e-12
13970.00 6.524694e-12
13980.00 6.455534e-12
13990.00 6.389371e-12
14000.00 6.328179e-12
14010.00 6.272963e-12
14020.00 6.231071e-12
14030.00 6.197738e-12
14040.00 6.131569e-12
14050.00 6.097242e-12
14060.00 6.132854e-12
14070.00 6.131079e-12
14080.00 6.066690e-12
14090.00 6.019212e-12
14100.00 5.977923e-12
14110.00 6.034673e-12
14120.00 6.215799e-12
14130.00 6.538586e-12
14140.00 6.297709e-12
14150.00 5.632897e-12
14160.00 5.504690e-12
14170.00 5.393555e-12
14180.00 5.165990e-12
14190.00 5.223459e-12
14200.00 4.848636e-12
14210.00 4.764494e-12
14220.00 5.199224e-12
14230.00 5.488219e-12
14240.00 5.416811e-12
14250.00 5.214590e-12
14260.00 5.328790e-12
14270.00 5.520676e-12
14280.00 5.727797e-12
14290.00 6.008742e-12
14300.00 6.060761e-12
14310.00 5.942609e-12
14320.00 5.997090e-12
14330.00 6.130650e-12
14340.00 6.430589e-12
14350.00 6.683380e-12
14360.00 6.672366e-12
14370.00 6.599176e-12
14380.00 6.519913e-12
14390.00 6.338723e-12
14400.00 6.191924e-12
14410.00 6.304790e-12
14420.00 6.592903e-12
14430.00 6.802306e-12
14440.00 6.797489e-12
14450.00 6.638452e-12
14460.00 6.549417e-12
14470.00 6.616250e-12
14480.00 6.680223e-12
14490.00 6.540711e-12
14500.00 6.327968e-12
14510.00 6.291209e-12
14520.00 6.326389e-12
14530.00 5.997202e-12
14540.00 5.704854e-12
14550.00 5.884869e-12
14560.00 5.906222e-12
14570.00 5.978544e-12
14580.00 6.301191e-12
14590.00 6.211983e-12
14600.00 5.776046e-12
14610.00 5.482855e-12
14620.00 5.600222e-12
14630.00 5.847105e-12
14640.00 5.745359e-12
14650.00 5.785639e-12
14660.00 6.022932e-12
14670.00 6.169902e-12
14680.00 6.142967e-12
14690.00 5.907638e-12
14700.00 5.935339e-12
14710.00 6.383589e-12
14720.00 6.267480e-12
14730.00 5.918983e-12
14740.00 5.996667e-12
14750.00 5.924183e-12
14760.00 5.785248e-12
14770.00 5.918912e-12
14780.00 6.058123e-12
14790.00 6.076603e-12
14800.00 5.968799e-12
14810.00 5.795821e-12
14820.00 5.806089e-12
14830.00 6.063111e-12
14840.00 6.204474e-12
14850.00 6.118204e-12
14860.00 6.071131e-12
14870.00 6.046465e-12
14880.00 6.065843e-12
14890.00 6.168942e-12
14900.00 6.213984e-12
14910.00 6.175755e-12
14920.00 6.114411e-12
14930.00 6.077510e-12
14940.00 6.057939e-12
14950.00 6.028272e-12
14960.00 6.051989e-12
14970.00 6.082580e-12
14980.00 6.038155e-12
14990.00 5.968211e-12
15000.00 5.946418e-12
15010.00 6.002844e-12
15020.00 5.895437e-12
15030.00 5.615889e-12
15040.00 5.542242e-12
15050.00 5.698427e-12
15060.00 5.778668e-12
15070.00 5.639040e-12
15080.00 5.533033e-12
15090.00 5.557538e-12
15100.00 5.457118e-12
15110.00 5.420585e-12
15120.00 5.526612e-12
15130.00 5.467659e-12
15140.00 5.466521e-12
15150.00 5.227810e-12
15160.00 5.099467e-12
15170.00 5.145696e-12
15180.00 5.046333e-12
15190.00 5.013886e-12
15200.00 5.138537e-12
15210.00 5.123049e-12
15220.00 4.807885e-12
15230.00 4.781158e-12
15240.00 4.832075e-12
15250.00 4.928685e-12
15260.00 5.022342e-12
15270.00 4.976730e-12
15280.00 4.726203e-12
15290.00 4.635376e-12
15300.00 4.733522e-12
15310.00 4.901723e-12
15320.00 4.966746e-12
15330.00 4.688724e-12
15340.00 4.570284e-12
15350.00 4.869639e-12
15360.00 5.199133e-12
15370.00 5.215252e-12
15380.00 4.892202e-12
15390.00 4.551798e-12
15400.00 4.469723e-12
15410.00 4.541769e-12
15420.00 4.556290e-12
15430.00 4.473250e-12
15440.00 4.413352e-12
15450.00 4.441236e-12
15460.00 4.419980e-12
15470.00 4.317716e-12
15480.00 4.271865e-12
15490.00 4.209896e-12
15500.00 4.119916e-12
15510.00 4.206453e-12
15520.00 4.294067e-12
15530.00 4.129415e-12
15540.00 3.916313e-12
15550.00 3.916132e-12
15560.00 3.998058e-12
15570.00 4.034251e-12
15580.00 4.040620e-12
15590.00 4.032628e-12
15600.00 3.999496e-12
15610.00 3.971551e-12
15620.00 3.919543e-12
15630.00 3.933133e-12
15640.00 4.183366e-12
15650.00 4.271083e-12
15660.00 4.046428e-12
15670.00 3.840914e-12
15680.00 3.966362e-12
15690.00 4.276286e-12
15700.00 4.380410e-12
15710.00 4.356574e-12
15720.00 4.329149e-12
15730.00 4.158798e-12
15740.00 4.075369e-12
15750.00 4.027569e-12
15760.00 3.966888e-12
15770.00 3.903007e-12
15780.00 3.879809e-12
15790.00 3.964036e-12
15800.00 4.012778e-12
15810.00 3.986815e-12
15820.00 3.961640e-12
15830.00 3.892295e-12
15840.00 3.692026e-12
15850.00 3.659471e-12
15860.00 3.828246e-12
15870.00 3.903262e-12
15880.00 3.836813e-12
15890.00 3.748399e-12
15900.00 3.764183e-12
15910.00 3.839198e-12
15920.00 3.893996e-12
15930.00 3.948140e-12
15940.00 3.920647e-12
15950.00 3.802203e-12
15960.00 3.752392e-12
15970.00 3.733339e-12
15980.00 3.653305e-12
15990.00 3.637285e-12
16000.00 3.688055e-12
16010.00 3.704323e-12
16020.00 3.720340e-12
16030.00 3.771263e-12
16040.00 3.832338e-12
16050.00 3.803203e-12
16060.00 3.697304e-12
16070.00 3.618760e-12
16080.00 3.577668e-12
16090.00 3.588516e-12
16100.00 3.598019e-12
16110.00 3.559366e-12
16120.00 3.676318e-12
16130.00 3.796075e-12
16140.00 3.624509e-12
16150.00 3.502299e-12
16160.00 3.701225e-12
16170.00 3.811323e-12
16180.00 3.707244e-12
16190.00 3.521117e-12
16200.00 3.480422e-12
16210.00 3.501023e-12
16220.00 3.441511e-12
16230.00 3.501699e-12
16240.00 3.444061e-12
16250.00 3.191026e-12
16260.00 3.119717e-12
16270.00 3.241167e-12
16280.00 3.316372e-12
16290.00 3.380885e-12
16300.00 3.310751e-12
16310.00 3.199132e-12
16320.00 3.295464e-12
16330.00 3.334643e-12
16340.00 3.273421e-12
16350.00 3.243974e-12
16360.00 3.152314e-12
16370.00 3.083099e-12
16380.00 3.105145e-12
16390.00 3.114451e-12
16400.00 3.098065e-12
16410.00 3.080679e-12
16420.00 3.088364e-12
16430.00 3.124016e-12
16440.00 3.111584e-12
16450.00 3.038238e-12
16460.00 2.974282e-12
16470.00 2.964785e-12
16480.00 2.982076e-12
16490.00 2.986335e-12
16500.00 3.018077e-12
16510.00 3.030227e-12
16520.00 2.913196e-12
16530.00 2.761356e-12
16540.00 2.779347e-12
16550.00 2.882818e-12
16560.00 2.855210e-12
16570.00 2.845706e-12
16580.00 2.925689e-12
16590.00 2.933134e-12
16600.00 2.869223e-12
16610.00 2.855297e-12
16620.00 2.878491e-12
16630.00 2.815378e-12
16640.00 2.668616e-12
16650.00 2.624055e-12
16660.00 2.749324e-12
16670.00 2.782638e-12
16680.00 2.794813e-12
16690.00 2.881587e-12
16700.00 2.708169e-12
16710.00 2.864897e-12
16720.00 3.177638e-12
16730.00 3.063798e-12
16740.00 2.974174e-12
16750.00 3.032055e-12
16760.00 3.075675e-12
16770.00 3.150012e-12
16780.00 3.219212e-12
16790.00 3.255488e-12
16800.00 3.325649e-12
16810.00 3.329933e-12
16820.00 3.227208e-12
16830.00 3.120052e-12
16840.00 3.079224e-12
16850.00 3.079686e-12
16860.00 3.062843e-12
16870.00 3.074658e-12
16880.00 3.177858e-12
16890.00 3.223706e-12
16900.00 3.151055e-12
16910.00 3.137934e-12
16920.00 3.135542e-12
16930.00 3.028915e-12
16940.00 2.948867e-12
16950.00 2.948941e-12
16960.00 2.951970e-12
16970.00 2.927018e-12
16980.00 2.869128e-12
16990.00 2.825380e-12
17000.00 2.819979e-12
17010.00 2.799818e-12
17020.00 2.759103e-12
17030.00 2.742664e-12
17040.00 2.741195e-12
17050.00 2.758140e-12
17060.00 2.792815e-12
17070.00 2.802810e-12
17080.00 2.788020e-12
17090.00 2.731788e-12
17100.00 2.714839e-12
17110.00 2.704439e-12
17120.00 2.612206e-12
17130.00 2.570867e-12
17140.00 2.571332e-12
17150.00 2.558468e-12
17160.00 2.548612e-12
17170.00 2.497414e-12
17180.00 2.529767e-12
17190.00 2.598051e-12
17200.00 2.596086e-12
17210.00 2.516639e-12
17220.00 2.424786e-12
17230.00 2.565983e-12
17240.00 2.527273e-12
17250.00 2.413381e-12
17260.00 2.483465e-12
17270.00 2.425564e-12
17280.00 2.427157e-12
17290.00 2.410898e-12
17300.00 2.394065e-12
17310.00 2.364001e-12
17320.00 2.379407e-12
17330.00 2.386712e-12
17340.00 2.277683e-12
17350.00 2.225972e-12
17360.00 2.236513e-12
17370.00 2.237271e-12
17380.00 2.246134e-12
17390.00 2.284723e-12
17400.00 2.332228e-12
17410.00 2.344219e-12
17420.00 2.290495e-12
17430.00 2.231556e-12
17440.00 2.272434e-12
17450.00 2.385995e-12
17460.00 2.400439e-12
17470.00 2.249199e-12
17480.00 2.115655e-12
17490.00 2.097825e-12
17500.00 2.067607e-12
17510.00 2.037133e-12
17520.00 2.060014e-12
17530.00 2.067611e-12
17540.00 2.062552e-12
17550.00 2.052642e-12
17560.00 2.003908e-12
17570.00 1.985885e-12
17580.00 2.051242e-12
17590.00 2.101502e-12
17600.00 2.083437e-12
17610.00 2.028499e-12
17620.00 1.987548e-12
17630.00 1.975018e-12
17640.00 1.963035e-12
17650.00 1.972376e-12
17660.00 1.915027e-12
17670.00 1.786006e-12
17680.00 1.751010e-12
17690.00 1.846129e-12
17700.00 1.970634e-12
17710.00 1.990553e-12
17720.00 1.938801e-12
17730.00 1.944560e-12
17740.00 1.960396e-12
17750.00 1.934282e-12
17760.00 1.903919e-12
17770.00 1.834752e-12
17780.00 1.864917e-12
17790.00 1.959139e-12
17800.00 1.841218e-12
17810.00 1.653702e-12
17820.00 1.636631e-12
17830.00 1.682491e-12
17840.00 1.721974e-12
17850.00 1.705831e-12
17860.00 1.645010e-12
17870.00 1.650273e-12
17880.00 1.715448e-12
17890.00 1.757589e-12
17900.00 1.850112e-12
17910.00 2.089928e-12
17920.00 2.114131e-12
17930.00 1.816997e-12
17940.00 1.586033e-12
17950.00 1.513746e-12
17960.00 1.527329e-12
17970.00 1.605256e-12
17980.00 1.644857e-12
17990.00 1.639892e-12
18000.00 1.631924e-12
18010.00 1.622718e-12
18020.00 1.612816e-12
18030.00 1.602447e-12
18040.00 1.591751e-12
18050.00 1.581140e-12
18060.00 1.570821e-12
18070.00 1.560766e-12
18080.00 1.550802e-12
18090.00 1.540897e-12
18100.00 1.531143e-12
18110.00 1.521589e-12
18120.00 1.512126e-12
18130.00 1.502700e-12
18140.00 1.493324e-12
18150.00 1.484122e-12
18160.00 1.475248e-12
18170.00 1.466484e-12
18180.00 1.457754e-12
18190.00 1.449056e-12
18200.00 1.440390e-12
18210.00 1.431891e-12
18220.00 1.423526e-12
18230.00 1.415207e-12
18240.00 1.406918e-12
18250.00 1.398661e-12
18260.00 1.390433e-12
18270.00 1.381845e-12
18280.00 1.373055e-12
18290.00 1.364267e-12
18300.00 1.355515e-12
18310.00 1.346796e-12
18320.00 1.338093e-12
18330.00 1.329255e-12
18340.00 1.320336e-12
18350.00 1.311431e-12
18360.00 1.302560e-12
18370.00 1.293725e-12
18380.00 1.284892e-12
18390.00 1.275950e-12
18400.00 1.266928e-12
18410.00 1.257915e-12
18420.00 1.248939e-12
18430.00 1.239999e-12
18440.00 1.231056e-12
18450.00 1.222025e-12
18460.00 1.212919e-12
18470.00 1.203823e-12
18480.00 1.194765e-12
18490.00 1.185744e-12
18500.00 1.176723e-12
18510.00 1.167633e-12
18520.00 1.158481e-12
18530.00 1.149344e-12
18540.00 1.140244e-12
18550.00 1.131183e-12
18560.00 1.122142e-12
18570.00 1.113077e-12
18580.00 1.103998e-12
18590.00 1.094947e-12
18600.00 1.085934e-12
18610.00 1.076959e-12
18620.00 1.068014e-12
18630.00 1.059066e-12
18640.00 1.050125e-12
18650.00 1.041217e-12
18660.00 1.032348e-12
18670.00 1.023517e-12
18680.00 1.014720e-12
18690.00 1.005908e-12
18700.00 9.971012e-13
18710.00 9.883298e-13
18720.00 9.795968e-13
18730.00 9.709016e-13
18740.00 9.622447e-13
18750.00 9.535369e-13
18760.00 9.448290e-13
18770.00 9.361540e-13
18780.00 9.275167e-13
18790.00 9.189185e-13
18800.00 9.103531e-13
18810.00 9.017389e-13
18820.00 8.931183e-13
18830.00 8.845306e-13
18840.00 8.759806e-13
18850.00 8.674697e-13
18860.00 8.589748e-13
18870.00 8.503906e-13
18880.00 8.417638e-13
18890.00 8.331635e-13
18900.00 8.246016e-13
18910.00 8.160788e-13
18920.00 8.075463e-13
18930.00 7.988838e-13
18940.00 7.901313e-13
18950.00 7.813955e-13
18960.00 7.727002e-13
18970.00 7.640455e-13
18980.00 7.555988e-13
18990.00 7.476655e-13
19000.00 7.401707e-13
19010.00 7.327799e-13
19020.00 7.254227e-13
19030.00 7.180969e-13
19040.00 7.107998e-13
19050.00 7.035313e-13
19060.00 6.962949e-13
19070.00 6.890818e-13
19080.00 6.818528e-13
19090.00 6.745820e-13
19100.00 6.673133e-13
19110.00 6.600488e-13
19120.00 6.526800e-13
19130.00 6.452539e-13
19140.00 6.376714e-13
19150.00 6.289126e-13
19160.00 6.188530e-13
19170.00 6.057494e-13
19180.00 6.143637e-13
19190.00 7.807649e-13
19200.00 8.804249e-13
19210.00 8.337026e-13
19220.00 7.916872e-13
19230.00 7.837343e-13
19240.00 8.118838e-13
19250.00 8.425285e-13
19260.00 8.050643e-13
19270.00 7.550639e-13
19280.00 7.498395e-13
19290.00 7.570598e-13
19300.00 7.567462e-13
19310.00 7.571450e-13
19320.00 7.780664e-13
19330.00 7.397188e-13
19340.00 6.796480e-13
19350.00 7.032673e-13
19360.00 7.310990e-13
19370.00 7.277678e-13
19380.00 7.431925e-13
19390.00 7.524534e-13
19400.00 7.547412e-13
19410.00 7.635029e-13
19420.00 7.580424e-13
19430.00 7.497221e-13
19440.00 7.677978e-13
19450.00 8.079897e-13
19460.00 8.331027e-13
19470.00 8.515632e-13
19480.00 8.772048e-13
19490.00 8.630253e-13
19500.00 8.217502e-13
19510.00 8.127847e-13
19520.00 8.228033e-13
19530.00 8.225603e-13
19540.00 8.167849e-13
19550.00 8.255095e-13
19560.00 8.301403e-13
19570.00 8.036802e-13
19580.00 7.831093e-13
19590.00 7.935449e-13
19600.00 8.008106e-13
19610.00 8.266855e-13
19620.00 8.469393e-13
19630.00 7.995556e-13
19640.00 7.549375e-13
19650.00 7.459622e-13
19660.00 7.602674e-13
19670.00 7.567232e-13
19680.00 7.251979e-13
19690.00 7.042045e-13
19700.00 6.937116e-13
19710.00 6.844446e-13
19720.00 6.812519e-13
19730.00 6.748092e-13
19740.00 6.437245e-13
19750.00 6.464180e-13
19760.00 6.135657e-13
19770.00 6.276579e-13
19780.00 6.203979e-13
19790.00 5.866751e-13
19800.00 6.351622e-13
19810.00 6.642917e-13
19820.00 5.666070e-13
19830.00 4.884270e-13
19840.00 4.729739e-13
19850.00 3.973871e-13
19860.00 3.317768e-13
19870.00 2.886504e-13
19880.00 2.290335e-13
19890.00 1.825142e-13
19900.00 1.955702e-13
19910.00 2.385178e-13
19920.00 2.630287e-13
19930.00 2.628470e-13
19940.00 2.472447e-13
19950.00 2.033294e-13
19960.00 1.611964e-13
19970.00 1.811023e-13
19980.00 2.336953e-13
19990.00 2.507577e-13
20000.00 2.383654e-13
20010.00 2.392699e-13
20020.00 2.512503e-13
20030.00 2.469057e-13
20040.00 2.489177e-13
20050.00 2.644810e-13
20060.00 2.528301e-13
20070.00 2.366832e-13
20080.00 2.378093e-13
20090.00 2.399310e-13
20100.00 2.608668e-13
20110.00 2.965149e-13
20120.00 3.168787e-13
20130.00 3.353353e-13
20140.00 3.472294e-13
20150.00 3.471338e-13
20160.00 3.858832e-13
20170.00 5.149070e-13
20180.00 5.775885e-13
20190.00 4.901843e-13
20200.00 4.367462e-13
20210.00 4.596901e-13
20220.00 4.803482e-13
20230.00 4.962511e-13
20240.00 5.221129e-13
20250.00 5.254562e-13
20260.00 5.548729e-13
20270.00 5.934860e-13
20280.00 5.871431e-13
20290.00 5.876597e-13
20300.00 5.941109e-13
20310.00 5.998470e-13
20320.00 6.176139e-13
20330.00 6.190090e-13
20340.00 6.053429e-13
20350.00 6.105301e-13
20360.00 6.150540e-13
20370.00 6.089178e-13
20380.00 6.091224e-13
20390.00 6.183909e-13
20400.00 6.277678e-13
20410.00 6.386958e-13
20420.00 6.581416e-13
20430.00 6.810325e-13
20440.00 6.931436e-13
20450.00 6.911821e-13
20460.00 6.898675e-13
20470.00 6.860184e-13
20480.00 6.718749e-13
20490.00 6.681797e-13
20500.00 6.839766e-13
20510.00 6.958390e-13
20520.00 6.878951e-13
20530.00 6.740858e-13
20540.00 6.740532e-13
20550.00 6.808335e-13
20560.00 6.811531e-13
20570.00 6.845034e-13
20580.00 6.962644e-13
20590.00 6.937869e-13
20600.00 6.702088e-13
20610.00 6.666589e-13
20620.00 6.787561e-13
20630.00 6.657298e-13
20640.00 6.484013e-13
20650.00 6.412331e-13
20660.00 6.366083e-13
20670.00 6.347389e-13
20680.00 6.389890e-13
20690.00 6.397912e-13
20700.00 6.272364e-13
20710.00 6.136084e-13
20720.00 5.992992e-13
20730.00 5.914378e-13
20740.00 5.777227e-13
20750.00 5.661944e-13
20760.00 5.873802e-13
20770.00 5.985987e-13
20780.00 6.104801e-13
20790.00 6.308293e-13
20800.00 6.061249e-13
20810.00 5.813930e-13
20820.00 5.944315e-13
20830.00 6.007548e-13
20840.00 5.930079e-13
20850.00 6.001570e-13
20860.00 5.970797e-13
20870.00 5.564315e-13
20880.00 5.373778e-13
20890.00 5.499219e-13
20900.00 5.537895e-13
20910.00 5.591792e-13
20920.00 5.715407e-13
20930.00 5.623839e-13
20940.00 5.391994e-13
20950.00 5.320635e-13
20960.00 5.381149e-13
20970.00 5.384751e-13
20980.00 5.310254e-13
20990.00 5.245123e-13
21000.00 5.175831e-13
21010.00 5.089576e-13
21020.00 4.997211e-13
21030.00 4.921659e-13
21040.00 5.013320e-13
21050.00 5.147555e-13
21060.00 5.117338e-13
21070.00 5.049439e-13
21080.00 4.911627e-13
21090.00 4.798942e-13
21100.00 4.917960e-13
21110.00 4.964985e-13
21120.00 4.873352e-13
21130.00 4.871405e-13
21140.00 4.893869e-13
21150.00 4.793968e-13
21160.00 4.625338e-13
21170.00 4.587238e-13
21180.00 4.708611e-13
21190.00 4.753633e-13
21200.00 4.712614e-13
21210.00 4.642435e-13
21220.00 4.534281e-13
21230.00 4.448647e-13
21240.00 4.511378e-13
21250.00 4.649342e-13
21260.00 4.655001e-13
21270.00 4.318794e-13
21280.00 4.132400e-13
21290.00 4.314505e-13
21300.00 4.264028e-13
21310.00 4.143316e-13
21320.00 4.220902e-13
21330.00 4.377434e-13
21340.00 4.368953e-13
21350.00 4.191028e-13
21360.00 4.018300e-13
21370.00 3.916516e-13
21380.00 3.837456e-13
21390.00 3.803764e-13
21400.00 3.854446e-13
21410.00 3.859220e-13
21420.00 3.847215e-13
21430.00 3.843626e-13
21440.00 3.828182e-13
21450.00 3.864260e-13
21460.00 3.817516e-13
21470.00 3.616784e-13
21480.00 3.551393e-13
21490.00 3.681431e-13
21500.00 3.674381e-13
21510.00 3.447267e-13
21520.00 3.292798e-13
21530.00 3.358148e-13
21540.00 3.482248e-13
21550.00 3.549118e-13
21560.00 3.545990e-13
21570.00 3.436689e-13
21580.00 3.327296e-13
21590.00 3.353941e-13
21600.00 3.454063e-13
21610.00 3.472400e-13
21620.00 3.336376e-13
21630.00 3.172368e-13
21640.00 3.112264e-13
21650.00 3.117818e-13
21660.00 3.134314e-13
21670.00 3.124560e-13
21680.00 3.147910e-13
21690.00 3.180398e-13
21700.00 3.214055e-13
21710.00 3.146955e-13
21720.00 2.942383e-13
21730.00 2.869647e-13
21740.00 2.769204e-13
21750.00 2.631251e-13
21760.00 2.695900e-13
21770.00 2.861563e-13
21780.00 2.876127e-13
21790.00 2.906489e-13
21800.00 2.968455e-13
21810.00 2.840664e-13
21820.00 2.595606e-13
21830.00 2.496747e-13
21840.00 2.675194e-13
21850.00 2.865965e-13
21860.00 2.859132e-13
21870.00 2.626582e-13
21880.00 2.403917e-13
21890.00 2.336921e-13
21900.00 2.352582e-13
21910.00 2.440933e-13
21920.00 2.507423e-13
21930.00 2.563376e-13
21940.00 2.550041e-13
21950.00 2.439804e-13
21960.00 2.418409e-13
21970.00 2.439151e-13
21980.00 2.354040e-13
21990.00 2.228612e-13
22000.00 2.182498e-13
22010.00 2.196551e-13
22020.00 2.213375e-13
22030.00 2.258394e-13
22040.00 2.281757e-13
22050.00 2.255862e-13
22060.00 2.296135e-13
22070.00 2.361678e-13
22080.00 2.284851e-13
22090.00 2.150774e-13
22100.00 2.247484e-13
22110.00 2.341705e-13
22120.00 2.202497e-13
22130.00 2.101160e-13
22140.00 2.119544e-13
22150.00 2.111230e-13
22160.00 1.976662e-13
22170.00 1.883019e-13
22180.00 2.003333e-13
22190.00 2.099400e-13
22200.00 2.068706e-13
22210.00 2.212283e-13
22220.00 2.320788e-13
22230.00 2.156192e-13
22240.00 1.955125e-13
22250.00 1.780584e-13
22260.00 1.737539e-13
22270.00 1.953885e-13
22280.00 1.944338e-13
22290.00 1.874125e-13
22300.00 2.006586e-13
22310.00 1.962769e-13
22320.00 1.907725e-13
22330.00 1.995145e-13
22340.00 2.004773e-13
22350.00 1.895820e-13
22360.00 1.909318e-13
22370.00 1.954458e-13
22380.00 1.942973e-13
22390.00 1.964922e-13
22400.00 1.998571e-13
22410.00 1.876408e-13
22420.00 1.769512e-13
22430.00 1.814186e-13
22440.00 1.830018e-13
22450.00 1.824408e-13
22460.00 1.793213e-13
22470.00 1.732997e-13
22480.00 1.689705e-13
22490.00 1.585337e-13
22500.00 1.487810e-13
22510.00 1.518878e-13
22520.00 1.606724e-13
22530.00 1.648339e-13
22540.00 1.596492e-13
22550.00 1.514097e-13
22560.00 1.513474e-13
22570.00 1.604072e-13
22580.00 1.705552e-13
22590.00 1.728168e-13
22600.00 1.647242e-13
22610.00 1.519035e-13
22620.00 1.450172e-13
22630.00 1.453720e-13
22640.00 1.470306e-13
22650.00 1.549899e-13
22660.00 1.629652e-13
22670.00 1.583586e-13
22680.00 1.425577e-13
22690.00 1.306975e-13
22700.00 1.351196e-13
22710.00 1.424855e-13
22720.00 1.450685e-13
22730.00 1.479952e-13
22740.00 1.525913e-13
22750.00 1.504126e-13
22760.00 1.471455e-13
22770.00 1.543862e-13
22780.00 1.485256e-13
22790.00 1.311957e-13
22800.00 1.319496e-13
22810.00 1.401306e-13
22820.00 1.431365e-13
22830.00 1.377074e-13
22840.00 1.268028e-13
22850.00 1.334486e-13
22860.00 1.371237e-13
22870.00 1.344749e-13
22880.00 1.321722e-13
22890.00 1.274991e-13
22900.00 1.280924e-13
22910.00 1.306126e-13
22920.00 1.364690e-13
22930.00 1.416575e-13
22940.00 1.366186e-13
22950.00 1.253213e-13
22960.00 1.206969e-13
22970.00 1.201503e-13
22980.00 1.106156e-13
22990.00 1.038326e-13
23000.00 1.144562e-13
23010.00 1.268456e-13
23020.00 1.295134e-13
23030.00 1.258280e-13
23040.00 1.168035e-13
23050.00 1.134010e-13
23060.00 1.183807e-13
23070.00 1.206446e-13
23080.00 1.249955e-13
23090.00 1.276756e-13
23100.00 1.177368e-13
23110.00 1.044226e-13
23120.00 9.758027e-14
23130.00 1.011114e-13
23140.00 1.074998e-13
23150.00 1.047792e-13
23160.00 9.997284e-14
23170.00 1.036344e-13
23180.00 1.075461e-13
23190.00 1.030966e-13
23200.00 1.014855e-13
23210.00 1.019195e-13
23220.00 9.971222e-14
23230.00 9.355583e-14
23240.00 9.047516e-14
23250.00 9.415342e-14
23260.00 8.581159e-14
23270.00 8.438016e-14
23280.00 8.754456e-14
23290.00 8.590985e-14
23300.00 8.834705e-14
23310.00 9.143380e-14
23320.00 9.154958e-14
23330.00 8.730607e-14
23340.00 9.028437e-14
23350.00 1.000830e-13
23360.00 1.039911e-13
23370.00 9.928936e-14
23380.00 8.778543e-14
23390.00 9.219934e-14
23400.00 9.960690e-14
23410.00 9.004909e-14
23420.00 7.956267e-14
23430.00 7.711813e-14
23440.00 7.042834e-14
23450.00 6.187163e-14
23460.00 6.616687e-14
23470.00 7.399479e-14
23480.00 7.714495e-14
23490.00 8.566263e-14
23500.00 9.410572e-14
23510.00 9.589100e-14
23520.00 9.787071e-14
23530.00 9.708611e-14
23540.00 9.152612e-14
23550.00 8.671247e-14
23560.00 8.039001e-14
23570.00 7.417280e-14
23580.00 7.571268e-14
23590.00 8.047926e-14
23600.00 7.755928e-14
23610.00 7.311681e-14
23620.00 7.870424e-14
23630.00 8.500770e-14
23640.00 7.697993e-14
23650.00 6.694351e-14
23660.00 7.108312e-14
23670.00 7.250226e-14
23680.00 6.225432e-14
23690.00 5.918550e-14
23700.00 7.168336e-14
23710.00 7.903715e-14
23720.00 7.106517e-14
23730.00 5.802618e-14
23740.00 5.161951e-14
23750.00 5.089057e-14
23760.00 5.860505e-14
23770.00 6.555683e-14
23780.00 6.312720e-14
23790.00 6.229178e-14
23800.00 6.727355e-14
23810.00 7.125548e-14
23820.00 6.166048e-14
23830.00 5.598128e-14
23840.00 6.070071e-14
23850.00 6.171430e-14
23860.00 5.568510e-14
23870.00 5.519868e-14
23880.00 5.526479e-14
23890.00 5.657467e-14
23900.00 5.789764e-14
23910.00 5.200150e-14
23920.00 4.866237e-14
23930.00 5.035603e-14
23940.00 5.219589e-14
23950.00 5.227889e-14
23960.00 5.197894e-14
23970.00 5.357317e-14
23980.00 5.317542e-14
23990.00 5.132372e-14
24000.00 5.088562e-14
24010.00 5.087846e-14
24020.00 5.087106e-14
24030.00 5.275466e-14
24040.00 5.709371e-14
24050.00 5.777929e-14
24060.00 5.188002e-14
24070.00 4.286139e-14
24080.00 3.614835e-14
24090.00 4.324527e-14
24100.00 5.556708e-14
24110.00 5.537553e-14
24120.00 4.771141e-14
24130.00 3.946510e-14
24140.00 3.519760e-14
24150.00 4.105159e-14
24160.00 4.826091e-14
24170.00 5.076439e-14
24180.00 4.564082e-14
24190.00 3.435042e-14
24200.00 2.918084e-14
24210.00 3.338605e-14
24220.00 4.637323e-14
24230.00 4.976793e-14
24240.00 4.313032e-14
24250.00 5.090150e-14
24260.00 5.629890e-14
24270.00 5.173219e-14
24280.00 5.028855e-14
24290.00 3.710043e-14
24300.00 3.004382e-14
24310.00 3.915389e-14
24320.00 4.055917e-14
24330.00 3.531087e-14
24340.00 3.484942e-14
24350.00 3.335834e-14
24360.00 4.161263e-14
24370.00 5.148829e-14
24380.00 4.624811e-14
24390.00 3.712112e-14
24400.00 3.590275e-14
24410.00 3.615042e-14
24420.00 3.392149e-14
24430.00 3.254952e-14
24440.00 3.164919e-14
24450.00 3.132884e-14
24460.00 3.100968e-14
24470.00 3.069153e-14
24480.00 3.037438e-14
24490.00 3.005825e-14
24500.00 2.974311e-14
24510.00 2.942899e-14
24520.00 2.911587e-14
24530.00 2.880376e-14
24540.00 2.849264e-14
24550.00 2.818254e-14
24560.00 2.787344e-14
24570.00 2.756534e-14
24580.00 2.725824e-14
24590.00 2.695215e-14
24600.00 2.664706e-14
24610.00 2.634297e-14
24620.00 2.603988e-14
24630.00 2.573779e-14
24640.00 2.543669e-14
24650.00 2.513661e-14
24660.00 2.483752e-14
24670.00 2.453942e-14
24680.00 2.424232e-14
24690.00 2.394622e-14
24700.00 2.365111e-14
24710.00 2.335701e-14
24720.00 2.306390e-14
24730.00 2.277179e-14
24740.00 2.248066e-14
24750.00 2.219054e-14
24760.00 2.190141e-14
24770.00 2.161327e-14
24780.00 2.132612e-14
24790.00 2.103998e-14
24800.00 2.075482e-14
24810.00 2.047065e-14
24820.00 2.018748e-14
24830.00 1.990529e-14
24840.00 1.962410e-14
24850.00 1.934390e-14
24860.00 1.906468e-14
24870.00 1.878646e-14
24880.00 1.850923e-14
24890.00 1.823299e-14
24900.00 1.795773e-14
24910.00 1.768347e-14
24920.00 1.741019e-14
24930.00 1.713790e-14
24940.00 1.686659e-14
24950.00 1.659628e-14
24960.00 1.632695e-14
24970.00 1.605860e-14
24980.00 1.579124e-14
24990.00 1.552487e-14
25000.00 1.525948e-14
