1000.00 6.334490e-17
1010.00 1.180479e-16
1020.00 1.972640e-16
1030.00 3.067714e-16
1040.00 4.531170e-16
1050.00 6.436418e-16
1060.00 8.865125e-16
1070.00 1.190733e-15
1080.00 1.566158e-15
1090.00 2.023476e-15
1100.00 2.574216e-15
1110.00 3.230699e-15
1120.00 4.006019e-15
1130.00 4.913982e-15
1140.00 5.969047e-15
1150.00 7.186235e-15
1160.00 8.581019e-15
1170.00 1.016925e-14
1180.00 1.196705e-14
1190.00 1.399057e-14
1200.00 1.625595e-14
1210.00 1.877917e-14
1220.00 2.157558e-14
1230.00 2.466017e-14
1240.00 2.804703e-14
1250.00 3.174923e-14
1260.00 3.577846e-14
1270.00 4.014515e-14
1280.00 4.485778e-14
1290.00 4.992285e-14
1300.00 5.534476e-14
1310.00 6.112515e-14
1320.00 6.726307e-14
1330.00 7.375441e-14
1340.00 8.059198e-14
1350.00 8.776455e-14
1360.00 9.525724e-14
1370.00 1.030516e-13
1380.00 1.111240e-13
1390.00 1.194470e-13
1400.00 1.279877e-13
1410.00 1.367088e-13
1420.00 1.455678e-13
1430.00 1.545162e-13
1440.00 1.635008e-13
1450.00 1.724628e-13
1460.00 1.813369e-13
1470.00 1.900523e-13
1480.00 1.985328e-13
1490.00 2.066957e-13
1500.00 2.144528e-13
1510.00 2.217098e-13
1520.00 2.283663e-13
1530.00 2.343170e-13
1540.00 2.394496e-13
1550.00 2.436473e-13
1560.00 2.467881e-13
1570.00 2.487440e-13
1580.00 2.493834e-13
1590.00 2.485678e-13
1600.00 2.461570e-13
1610.00 2.420059e-13
1620.00 2.359650e-13
1630.00 2.278826e-13
1640.00 2.176037e-13
1650.00 2.049714e-13
1660.00 1.898272e-13
1670.00 1.720109e-13
1680.00 1.513617e-13
1690.00 1.277187e-13
1700.00 1.009218e-13
1710.00 7.081209e-14
1720.00 3.723212e-14
1730.00 2.729054e-17
1740.00 4.095381e-14
1750.00 8.585866e-14
1760.00 1.348300e-13
1770.00 1.880047e-13
1780.00 2.455139e-13
1790.00 3.074811e-13
1800.00 3.740231e-13
1810.00 4.452453e-13
1820.00 5.212462e-13
1830.00 6.021122e-13
1840.00 6.879193e-13
1850.00 7.787320e-13
1860.00 8.745992e-13
1870.00 9.755575e-13
1880.00 1.081631e-12
1890.00 1.192823e-12
1900.00 1.309124e-12
1910.00 1.430506e-12
1920.00 1.556928e-12
1930.00 1.688319e-12
1940.00 1.824600e-12
1950.00 1.965660e-12
1960.00 2.111381e-12
1970.00 2.261607e-12
1980.00 2.416170e-12
1990.00 2.574875e-12
2000.00 2.737504e-12
2010.00 2.903808e-12
2020.00 3.073524e-12
2030.00 3.246349e-12
2040.00 3.421969e-12
2050.00 3.600024e-12
2060.00 3.780139e-12
2070.00 3.961907e-12
2080.00 4.144901e-12
2090.00 4.328637e-12
2100.00 4.512638e-12
2110.00 4.696362e-12
2120.00 4.879273e-12
2130.00 5.060769e-12
2140.00 5.240235e-12
2150.00 5.417031e-12
2160.00 5.590465e-12
2170.00 5.759820e-12
2180.00 5.924376e-12
2190.00 6.083334e-12
2200.00 6.235901e-12
2210.00 6.381227e-12
2220.00 6.518449e-12
2230.00 6.646654e-12
2240.00 6.764924e-12
2250.00 6.872284e-12
2260.00 6.967735e-12
2270.00 7.050264e-12
2280.00 7.118794e-12
2290.00 7.172254e-12
2300.00 7.209532e-12
2310.00 7.229463e-12
2320.00 7.230881e-12
2330.00 7.212591e-12
2340.00 7.173350e-12
2350.00 7.111916e-12
2360.00 7.026995e-12
2370.00 6.917287e-12
2380.00 6.781458e-12
2390.00 6.618148e-12
2400.00 6.425979e-12
2410.00 6.203553e-12
2420.00 5.949446e-12
2430.00 5.662208e-12
2440.00 5.340386e-12
2450.00 4.982491e-12
2460.00 5.084269e-12
2470.00 5.238650e-12
2480.00 5.295485e-12
2490.00 5.553918e-12
2500.00 6.325942e-12
2510.00 7.112977e-12
2520.00 7.239010e-12
2530.00 7.628792e-12
2540.00 7.812705e-12
2550.00 8.159552e-12
2560.00 8.457577e-12
2570.00 9.087902e-12
2580.00 9.839288e-12
2590.00 1.026895e-11
2600.00 1.132399e-11
2610.00 1.199938e-11
2620.00 1.239857e-11
2630.00 1.268718e-11
2640.00 1.332926e-11
2650.00 1.356814e-11
2660.00 1.362085e-11
2670.00 1.516909e-11
2680.00 1.678971e-11
2690.00 1.848427e-11
2700.00 2.025430e-11
2710.00 2.210131e-11
2720.00 2.402678e-11
2730.00 2.603221e-11
2740.00 2.811904e-11
2750.00 3.028866e-11
2760.00 3.254252e-11
2770.00 3.488199e-11
2780.00 3.730840e-11
2790.00 3.982304e-11
2800.00 4.242724e-11
2810.00 4.512225e-11
2820.00 4.790932e-11
2830.00 5.078960e-11
2840.00 5.376425e-11
2850.00 5.683433e-11
2860.00 6.000103e-11
2870.00 6.326526e-11
2880.00 6.662808e-11
2890.00 7.009047e-11
2900.00 7.365322e-11
2910.00 7.731723e-11
2920.00 8.108328e-11
2930.00 8.495219e-11
2940.00 8.892466e-11
2950.00 9.300119e-11
2960.00 9.718262e-11
2970.00 1.014694e-10
2980.00 1.058618e-10
2990.00 1.103607e-10
3000.00 1.149659e-10
3010.00 1.196782e-10
3020.00 1.244978e-10
3030.00 1.294245e-10
3040.00 1.344589e-10
3050.00 1.396009e-10
3060.00 1.448504e-10
3070.00 1.502074e-10
3080.00 1.556718e-10
3090.00 1.612434e-10
3100.00 1.669218e-10
3110.00 1.727069e-10
3120.00 1.785982e-10
3130.00 1.845952e-10
3140.00 1.906974e-10
3150.00 1.969041e-10
3160.00 2.032149e-10
3170.00 2.096286e-10
3180.00 2.161448e-10
3190.00 2.227621e-10
3200.00 2.294801e-10
3210.00 2.362974e-10
3220.00 2.432132e-10
3230.00 2.502256e-10
3240.00 2.573342e-10
3250.00 2.645371e-10
3260.00 2.718332e-10
3270.00 2.792205e-10
3280.00 2.866980e-10
3290.00 2.942638e-10
3300.00 3.019160e-10
3310.00 3.096533e-10
3320.00 3.174734e-10
3330.00 3.253748e-10
3340.00 3.333549e-10
3350.00 3.414118e-10
3360.00 3.495439e-10
3370.00 3.577482e-10
3380.00 3.660228e-10
3390.00 3.743653e-10
3400.00 3.827731e-10
3410.00 3.912438e-10
3420.00 3.997749e-10
3430.00 4.083634e-10
3440.00 4.170070e-10
3450.00 4.257025e-10
3460.00 4.344473e-10
3470.00 4.432387e-10
3480.00 4.520733e-10
3490.00 4.609486e-10
3500.00 4.698605e-10
3510.00 4.788066e-10
3520.00 4.877838e-10
3530.00 4.967879e-10
3540.00 5.058163e-10
3550.00 5.148657e-10
3560.00 5.239323e-10
3570.00 5.330123e-10
3580.00 5.421028e-10
3590.00 5.512001e-10
3600.00 5.603003e-10
3610.00 5.693992e-10
3620.00 5.784939e-10
3630.00 5.875802e-10
3640.00 5.966544e-10
3650.00 6.057122e-10
3660.00 6.147501e-10
3670.00 6.237638e-10
3680.00 6.327495e-10
3690.00 6.417038e-10
3700.00 6.506217e-10
3710.00 6.594990e-10
3720.00 6.683301e-10
3730.00 6.771087e-10
3740.00 6.858288e-10
3750.00 6.944853e-10
3760.00 7.030738e-10
3770.00 7.115875e-10
3780.00 7.200223e-10
3790.00 7.283740e-10
3800.00 7.366384e-10
3810.00 7.448113e-10
3820.00 7.528892e-10
3830.00 7.608686e-10
3840.00 7.687468e-10
3850.00 7.765203e-10
3860.00 7.841876e-10
3870.00 7.917452e-10
3880.00 7.991918e-10
3890.00 8.065260e-10
3900.00 8.137456e-10
3910.00 8.208514e-10
3920.00 8.278392e-10
3930.00 8.347104e-10
3940.00 8.414656e-10
3950.00 8.481028e-10
3960.00 8.546227e-10
3970.00 8.610238e-10
3980.00 8.673028e-10
3990.00 8.734581e-10
4000.00 8.794891e-10
4010.00 8.853938e-10
4020.00 8.911706e-10
4030.00 8.968189e-10
4040.00 9.023374e-10
4050.00 9.077245e-10
4060.00 9.129804e-10
4070.00 9.181056e-10
4080.00 9.230982e-10
4090.00 9.279581e-10
4100.00 9.326860e-10
4110.00 9.372819e-10
4120.00 9.417451e-10
4130.00 9.460770e-10
4140.00 9.502783e-10
4150.00 9.543484e-10
4160.00 9.582899e-10
4170.00 9.621008e-10
4180.00 9.657840e-10
4190.00 9.693393e-10
4200.00 9.727690e-10
4210.00 9.760736e-10
4220.00 9.792567e-10
4230.00 9.823246e-10
4240.00 9.852787e-10
4250.00 9.881238e-10
4260.00 9.908649e-10
4270.00 9.935040e-10
4280.00 9.960460e-10
4290.00 9.984937e-10
4300.00 1.000851e-09
4310.00 1.003121e-09
4320.00 1.005308e-09
4330.00 1.007412e-09
4340.00 1.009438e-09
4350.00 1.011390e-09
4360.00 1.013269e-09
4370.00 1.015078e-09
4380.00 1.016820e-09
4390.00 1.018498e-09
4400.00 1.020115e-09
4410.00 1.021671e-09
4420.00 1.023170e-09
4430.00 1.024614e-09
4440.00 1.026006e-09
4450.00 1.027346e-09
4460.00 1.028638e-09
4470.00 1.029884e-09
4480.00 1.031085e-09
4490.00 1.032243e-09
4500.00 1.033361e-09
4510.00 1.034440e-09
4520.00 1.035480e-09
4530.00 1.036487e-09
4540.00 1.037457e-09
4550.00 1.038397e-09
4560.00 1.039304e-09
4570.00 1.040183e-09
4580.00 1.041034e-09
4590.00 1.041859e-09
4600.00 1.042659e-09
4610.00 1.043435e-09
4620.00 1.044189e-09
4630.00 1.044922e-09
4640.00 1.045635e-09
4650.00 1.046331e-09
4660.00 1.047009e-09
4670.00 1.047671e-09
4680.00 1.048318e-09
4690.00 1.048952e-09
4700.00 1.049575e-09
4710.00 1.050185e-09
4720.00 1.050786e-09
4730.00 1.051378e-09
4740.00 1.051962e-09
4750.00 1.052538e-09
4760.00 1.053109e-09
4770.00 1.053673e-09
4780.00 1.054228e-09
4790.00 1.054775e-09
4800.00 1.055310e-09
4810.00 1.055833e-09
4820.00 1.056343e-09
4830.00 1.056839e-09
4840.00 1.057319e-09
4850.00 1.057781e-09
4860.00 1.058224e-09
4870.00 1.058648e-09
4880.00 1.059051e-09
4890.00 1.059430e-09
4900.00 1.059786e-09
4910.00 1.060118e-09
4920.00 1.060421e-09
4930.00 1.060699e-09
4940.00 1.060947e-09
4950.00 1.061164e-09
4960.00 1.061350e-09
4970.00 1.061503e-09
4980.00 1.061621e-09
4990.00 1.061704e-09
5000.00 1.061750e-09
5010.00 1.061759e-09
5020.00 1.061727e-09
5030.00 1.061655e-09
5040.00 1.061542e-09
5050.00 1.061384e-09
5060.00 1.061183e-09
5070.00 1.060936e-09
5080.00 1.060644e-09
5090.00 1.060301e-09
5100.00 1.059912e-09
5110.00 1.059470e-09
5120.00 1.058978e-09
5130.00 1.058433e-09
5140.00 1.057833e-09
5150.00 1.057179e-09
5160.00 1.056469e-09
5170.00 1.055701e-09
5180.00 1.054874e-09
5190.00 1.053988e-09
5200.00 1.053042e-09
5210.00 1.052033e-09
5220.00 1.050961e-09
5230.00 1.049825e-09
5240.00 1.048623e-09
5250.00 1.047354e-09
5260.00 1.046018e-09
5270.00 1.044612e-09
5280.00 1.043137e-09
5290.00 1.041591e-09
5300.00 1.039972e-09
5310.00 1.038280e-09
5320.00 1.036517e-09
5330.00 1.034686e-09
5340.00 1.032789e-09
5350.00 1.030828e-09
5360.00 1.028807e-09
5370.00 1.026726e-09
5380.00 1.024591e-09
5390.00 1.022401e-09
5400.00 1.020161e-09
5410.00 1.017873e-09
5420.00 1.015539e-09
5430.00 1.013161e-09
5440.00 1.010742e-09
5450.00 1.008285e-09
5460.00 1.005792e-09
5470.00 1.003266e-09
5480.00 1.000709e-09
5490.00 9.981222e-10
5500.00 9.955097e-10
5510.00 9.928740e-10
5520.00 9.902168e-10
5530.00 9.875414e-10
5540.00 9.848492e-10
5550.00 9.821438e-10
5560.00 9.794264e-10
5570.00 9.767000e-10
5580.00 9.739681e-10
5590.00 9.712319e-10
5600.00 9.684936e-10
5610.00 9.657575e-10
5620.00 9.630234e-10
5630.00 9.602963e-10
5640.00 9.575776e-10
5650.00 9.548693e-10
5660.00 9.521737e-10
5670.00 9.494906e-10
5680.00 9.468194e-10
5690.00 9.441593e-10
5700.00 9.415083e-10
5710.00 9.388685e-10
5720.00 9.362357e-10
5730.00 9.336113e-10
5740.00 9.309938e-10
5750.00 9.283834e-10
5760.00 9.257785e-10
5770.00 9.231792e-10
5780.00 9.205841e-10
5790.00 9.179925e-10
5800.00 9.154044e-10
5810.00 9.128197e-10
5820.00 9.102365e-10
5830.00 9.076554e-10
5840.00 9.050749e-10
5850.00 9.024952e-10
5860.00 8.999155e-10
5870.00 8.973350e-10
5880.00 8.947539e-10
5890.00 8.921713e-10
5900.00 8.895867e-10
5910.00 8.869993e-10
5920.00 8.844091e-10
5930.00 8.818161e-10
5940.00 8.792189e-10
5950.00 8.766175e-10
5960.00 8.740112e-10
5970.00 8.714007e-10
5980.00 8.687840e-10
5990.00 8.661624e-10
6000.00 8.635337e-10
6010.00 8.608995e-10
6020.00 8.582583e-10
6030.00 8.556115e-10
6040.00 8.529585e-10
6050.00 8.502998e-10
6060.00 8.476356e-10
6070.00 8.449672e-10
6080.00 8.422924e-10
6090.00 8.396135e-10
6100.00 8.369290e-10
6110.00 8.342411e-10
6120.00 8.315475e-10
6130.00 8.288497e-10
6140.00 8.261478e-10
6150.00 8.234423e-10
6160.00 8.207334e-10
6170.00 8.180196e-10
6180.00 8.153023e-10
6190.00 8.125814e-10
6200.00 8.098571e-10
6210.00 8.071287e-10
6220.00 8.043974e-10
6230.00 8.016626e-10
6240.00 7.989250e-10
6250.00 7.961840e-10
6260.00 7.934401e-10
6270.00 7.906928e-10
6280.00 7.879426e-10
6290.00 7.851904e-10
6300.00 7.824340e-10
6310.00 7.796755e-10
6320.00 7.769141e-10
6330.00 7.741493e-10
6340.00 7.713824e-10
6350.00 7.686134e-10
6360.00 7.658410e-10
6370.00 7.630664e-10
6380.00 7.602883e-10
6390.00 7.575081e-10
6400.00 7.547252e-10
6410.00 7.519401e-10
6420.00 7.491523e-10
6430.00 7.463616e-10
6440.00 7.435696e-10
6450.00 7.407748e-10
6460.00 7.379764e-10
6470.00 7.351767e-10
6480.00 7.323742e-10
6490.00 7.295689e-10
6500.00 7.267615e-10
6510.00 7.239513e-10
6520.00 7.211390e-10
6530.00 7.183239e-10
6540.00 7.155074e-10
6550.00 7.126881e-10
6560.00 7.098661e-10
6570.00 7.070419e-10
6580.00 7.042149e-10
6590.00 7.013859e-10
6600.00 6.985547e-10
6610.00 6.957212e-10
6620.00 6.928850e-10
6630.00 6.900464e-10
6640.00 6.872058e-10
6650.00 6.843628e-10
6660.00 6.815176e-10
6670.00 6.786699e-10
6680.00 6.758197e-10
6690.00 6.729674e-10
6700.00 6.701129e-10
6710.00 6.672564e-10
6720.00 6.643972e-10
6730.00 6.615359e-10
6740.00 6.586726e-10
6750.00 6.558066e-10
6760.00 6.529390e-10
6770.00 6.500693e-10
6780.00 6.471969e-10
6790.00 6.443226e-10
6800.00 6.414464e-10
6810.00 6.385679e-10
6820.00 6.356873e-10
6830.00 6.328053e-10
6840.00 6.299208e-10
6850.00 6.270342e-10
6860.00 6.241460e-10
6870.00 6.212557e-10
6880.00 6.183636e-10
6890.00 6.154697e-10
6900.00 6.125739e-10
6910.00 6.096763e-10
6920.00 6.067769e-10
6930.00 6.038764e-10
6940.00 6.009736e-10
6950.00 5.980695e-10
6960.00 5.951637e-10
6970.00 5.922567e-10
6980.00 5.893480e-10
6990.00 5.864378e-10
7000.00 5.835260e-10
7010.00 5.806133e-10
7020.00 5.776996e-10
7030.00 5.747851e-10
7040.00 5.718703e-10
7050.00 5.689549e-10
7060.00 5.660401e-10
7070.00 5.631255e-10
7080.00 5.602117e-10
7090.00 5.572992e-10
7100.00 5.543874e-10
7110.00 5.514774e-10
7120.00 5.485693e-10
7130.00 5.456633e-10
7140.00 5.427597e-10
7150.00 5.398585e-10
7160.00 5.369599e-10
7170.00 5.340650e-10
7180.00 5.311729e-10
7190.00 5.282847e-10
7200.00 5.254002e-10
7210.00 5.225198e-10
7220.00 5.196437e-10
7230.00 5.167717e-10
7240.00 5.139050e-10
7250.00 5.110432e-10
7260.00 5.081863e-10
7270.00 5.053349e-10
7280.00 5.024891e-10
7290.00 4.996490e-10
7300.00 4.968150e-10
7310.00 4.939873e-10
7320.00 4.911659e-10
7330.00 4.883511e-10
7340.00 4.855430e-10
7350.00 4.827422e-10
7360.00 4.799479e-10
7370.00 4.771617e-10
7380.00 4.743826e-10
7390.00 4.716113e-10
7400.00 4.688477e-10
7410.00 4.660921e-10
7420.00 4.633450e-10
7430.00 4.606059e-10
7440.00 4.578755e-10
7450.00 4.551534e-10
7460.00 4.524406e-10
7470.00 4.497364e-10
7480.00 4.470414e-10
7490.00 4.443560e-10
7500.00 4.416795e-10
7510.00 4.390128e-10
7520.00 4.363558e-10
7530.00 4.337083e-10
7540.00 4.310710e-10
7550.00 4.284435e-10
7560.00 4.258263e-10
7570.00 4.232193e-10
7580.00 4.206228e-10
7590.00 4.180366e-10
7600.00 4.154613e-10
7610.00 4.128967e-10
7620.00 4.103427e-10
7630.00 4.078000e-10
7640.00 4.052679e-10
7650.00 4.027474e-10
7660.00 4.002378e-10
7670.00 3.977397e-10
7680.00 3.952529e-10
7690.00 3.927779e-10
7700.00 3.903142e-10
7710.00 3.878623e-10
7720.00 3.854222e-10
7730.00 3.829938e-10
7740.00 3.805774e-10
7750.00 3.781731e-10
7760.00 3.757807e-10
7770.00 3.734005e-10
7780.00 3.710325e-10
7790.00 3.686768e-10
7800.00 3.663333e-10
7810.00 3.640024e-10
7820.00 3.616839e-10
7830.00 3.593778e-10
7840.00 3.570843e-10
7850.00 3.548034e-10
7860.00 3.525349e-10
7870.00 3.502795e-10
7880.00 3.480369e-10
7890.00 3.458068e-10
7900.00 3.435896e-10
7910.00 3.413855e-10
7920.00 3.391941e-10
7930.00 3.370157e-10
7940.00 3.348504e-10
7950.00 3.326980e-10
7960.00 3.305587e-10
7970.00 3.284325e-10
7980.00 3.263195e-10
7990.00 3.242195e-10
8000.00 3.221328e-10
8010.00 3.200593e-10
8020.00 3.179988e-10
8030.00 3.159512e-10
8040.00 3.139168e-10
8050.00 3.118952e-10
8060.00 3.098864e-10
8070.00 3.078903e-10
8080.00 3.059070e-10
8090.00 3.039359e-10
8100.00 3.019776e-10
8110.00 3.000314e-10
8120.00 2.980978e-10
8130.00 2.961763e-10
8140.00 2.942672e-10
8150.00 2.923700e-10
8160.00 2.904848e-10
8170.00 2.886116e-10
8180.00 2.867503e-10
8190.00 2.849007e-10
8200.00 2.830631e-10
8210.00 2.812370e-10
8220.00 2.794225e-10
8230.00 2.776194e-10
8240.00 2.758280e-10
8250.00 2.740477e-10
8260.00 2.722789e-10
8270.00 2.705214e-10
8280.00 2.687747e-10
8290.00 2.670395e-10
8300.00 2.653150e-10
8310.00 2.636018e-10
8320.00 2.618993e-10
8330.00 2.602076e-10
8340.00 2.585267e-10
8350.00 2.568564e-10
8360.00 2.551969e-10
8370.00 2.535479e-10
8380.00 2.519093e-10
8390.00 2.502811e-10
8400.00 2.486634e-10
8410.00 2.470559e-10
8420.00 2.454587e-10
8430.00 2.438716e-10
8440.00 2.422945e-10
8450.00 2.407278e-10
8460.00 2.391709e-10
8470.00 2.376239e-10
8480.00 2.360868e-10
8490.00 2.345593e-10
8500.00 2.330417e-10
8510.00 2.315337e-10
8520.00 2.300354e-10
8530.00 2.285466e-10
8540.00 2.270672e-10
8550.00 2.255975e-10
8560.00 2.241369e-10
8570.00 2.226857e-10
8580.00 2.212438e-10
8590.00 2.198111e-10
8600.00 2.183875e-10
8610.00 2.169729e-10
8620.00 2.155675e-10
8630.00 2.141708e-10
8640.00 2.127833e-10
8650.00 2.114046e-10
8660.00 2.100347e-10
8670.00 2.086735e-10
8680.00 2.073209e-10
8690.00 2.059771e-10
8700.00 2.046419e-10
8710.00 2.033151e-10
8720.00 2.019968e-10
8730.00 2.006869e-10
8740.00 1.993855e-10
8750.00 1.980922e-10
8760.00 1.968073e-10
8770.00 1.955307e-10
8780.00 1.942622e-10
8790.00 1.930018e-10
8800.00 1.917494e-10
8810.00 1.905049e-10
8820.00 1.892685e-10
8830.00 1.880401e-10
8840.00 1.868195e-10
8850.00 1.856066e-10
8860.00 1.844015e-10
8870.00 1.832043e-10
8880.00 1.820145e-10
8890.00 1.808324e-10
8900.00 1.796579e-10
8910.00 1.784908e-10
8920.00 1.773313e-10
8930.00 1.761792e-10
8940.00 1.750344e-10
8950.00 1.738971e-10
8960.00 1.727669e-10
8970.00 1.716440e-10
8980.00 1.705281e-10
8990.00 1.694197e-10
9000.00 1.683182e-10
9010.00 1.672238e-10
9020.00 1.661364e-10
9030.00 1.650559e-10
9040.00 1.639824e-10
9050.00 1.629158e-10
9060.00 1.618560e-10
9070.00 1.608029e-10
9080.00 1.597567e-10
9090.00 1.587170e-10
9100.00 1.576842e-10
9110.00 1.566579e-10
9120.00 1.556382e-10
9130.00 1.546250e-10
9140.00 1.536183e-10
9150.00 1.526182e-10
9160.00 1.516243e-10
9170.00 1.506369e-10
9180.00 1.496558e-10
9190.00 1.486809e-10
9200.00 1.477124e-10
9210.00 1.467501e-10
9220.00 1.457939e-10
9230.00 1.448439e-10
9240.00 1.438998e-10
9250.00 1.429620e-10
9260.00 1.420302e-10
9270.00 1.411042e-10
9280.00 1.401843e-10
9290.00 1.392702e-10
9300.00 1.383620e-10
9310.00 1.374596e-10
9320.00 1.365632e-10
9330.00 1.356723e-10
9340.00 1.347872e-10
9350.00 1.339078e-10
9360.00 1.330340e-10
9370.00 1.321659e-10
9380.00 1.313033e-10
9390.00 1.304462e-10
9400.00 1.295947e-10
9410.00 1.287486e-10
9420.00 1.279080e-10
9430.00 1.270728e-10
9440.00 1.262429e-10
9450.00 1.254183e-10
9460.00 1.245991e-10
9470.00 1.237851e-10
9480.00 1.229764e-10
9490.00 1.221728e-10
9500.00 1.213744e-10
9510.00 1.205811e-10
9520.00 1.197930e-10
9530.00 1.190098e-10
9540.00 1.182318e-10
9550.00 1.174587e-10
9560.00 1.166906e-10
9570.00 1.159274e-10
9580.00 1.151691e-10
9590.00 1.144158e-10
9600.00 1.136672e-10
9610.00 1.129236e-10
9620.00 1.121846e-10
9630.00 1.114504e-10
9640.00 1.107209e-10
9650.00 1.099962e-10
9660.00 1.092760e-10
9670.00 1.085606e-10
9680.00 1.078496e-10
9690.00 1.071433e-10
9700.00 1.064415e-10
9710.00 1.057444e-10
9720.00 1.050515e-10
9730.00 1.043632e-10
9740.00 1.036793e-10
9750.00 1.029999e-10
9760.00 1.023247e-10
9770.00 1.016539e-10
9780.00 1.009875e-10
9790.00 1.003254e-10
9800.00 9.966745e-11
9810.00 9.901379e-11
9820.00 9.836431e-11
9830.00 9.771903e-11
9840.00 9.707787e-11
9850.00 9.644096e-11
9860.00 9.580804e-11
9870.00 9.517924e-11
9880.00 9.455441e-11
9890.00 9.393364e-11
9900.00 9.331692e-11
9910.00 9.270411e-11
9920.00 9.209528e-11
9930.00 9.149036e-11
9940.00 9.088936e-11
9950.00 9.029219e-11
9960.00 8.969886e-11
9970.00 8.910945e-11
9980.00 8.852373e-11
9990.00 8.794179e-11
10000.00 8.736369e-11
10010.00 8.678929e-11
10020.00 8.621852e-11
10030.00 8.565145e-11
10040.00 8.508809e-11
10050.00 8.452828e-11
10060.00 8.397218e-11
10070.00 8.341957e-11
10080.00 8.287052e-11
10090.00 8.232510e-11
10100.00 8.178317e-11
10110.00 8.124467e-11
10120.00 8.070965e-11
10130.00 8.017813e-11
10140.00 7.965003e-11
10150.00 7.912529e-11
10160.00 7.860396e-11
10170.00 7.808599e-11
10180.00 7.757137e-11
10190.00 7.706010e-11
10200.00 7.655211e-11
10210.00 7.604734e-11
10220.00 7.554592e-11
10230.00 7.504764e-11
10240.00 7.455264e-11
10250.00 7.406078e-11
10260.00 7.357214e-11
10270.00 7.308664e-11
10280.00 7.260429e-11
10290.00 7.212500e-11
10300.00 7.164886e-11
10310.00 7.117579e-11
10320.00 7.070573e-11
10330.00 7.023873e-11
10340.00 6.977477e-11
10350.00 6.931374e-11
10360.00 6.885577e-11
10370.00 6.840071e-11
10380.00 6.794861e-11
10390.00 6.749943e-11
10400.00 6.705309e-11
10410.00 6.660965e-11
10420.00 6.616914e-11
10430.00 6.573141e-11
10440.00 6.529656e-11
10450.00 6.486447e-11
10460.00 6.443522e-11
10470.00 6.400870e-11
10480.00 6.358495e-11
10490.00 6.316396e-11
10500.00 6.274566e-11
10510.00 6.233007e-11
10520.00 6.191718e-11
10530.00 6.150696e-11
10540.00 6.109936e-11
10550.00 6.069443e-11
10560.00 6.029214e-11
10570.00 5.989238e-11
10580.00 5.949525e-11
10590.00 5.910069e-11
10600.00 5.870869e-11
10610.00 5.831918e-11
10620.00 5.793219e-11
10630.00 5.754776e-11
10640.00 5.716576e-11
10650.00 5.678631e-11
10660.00 5.640925e-11
10670.00 5.603463e-11
10680.00 5.566247e-11
10690.00 5.529268e-11
10700.00 5.492531e-11
10710.00 5.456026e-11
10720.00 5.419768e-11
10730.00 5.383735e-11
10740.00 5.347936e-11
10750.00 5.312375e-11
10760.00 5.277041e-11
10770.00 5.241937e-11
10780.00 5.207059e-11
10790.00 5.172406e-11
10800.00 5.137980e-11
10810.00 5.103773e-11
10820.00 5.069791e-11
10830.00 5.036026e-11
10840.00 5.002482e-11
10850.00 4.969159e-11
10860.00 4.936046e-11
10870.00 4.903147e-11
10880.00 4.870465e-11
10890.00 4.837996e-11
10900.00 4.805734e-11
10910.00 4.773681e-11
10920.00 4.741839e-11
10930.00 4.710200e-11
10940.00 4.678770e-11
10950.00 4.647539e-11
10960.00 4.616516e-11
10970.00 4.585691e-11
10980.00 4.555063e-11
10990.00 4.524639e-11
11000.00 4.494411e-11
11010.00 4.464379e-11
11020.00 4.434539e-11
11030.00 4.404894e-11
11040.00 4.375443e-11
11050.00 4.346185e-11
11060.00 4.317116e-11
11070.00 4.288233e-11
11080.00 4.259537e-11
11090.00 4.231030e-11
11100.00 4.202706e-11
11110.00 4.174569e-11
11120.00 4.146610e-11
11130.00 4.118837e-11
11140.00 4.091242e-11
11150.00 4.063828e-11
11160.00 4.036591e-11
11170.00 4.009531e-11
11180.00 3.982650e-11
11190.00 3.955937e-11
11200.00 3.929403e-11
11210.00 3.903040e-11
11220.00 3.876850e-11
11230.00 3.850828e-11
11240.00 3.824976e-11
11250.00 3.799290e-11
11260.00 3.773775e-11
11270.00 3.748423e-11
11280.00 3.723239e-11
11290.00 3.698216e-11
11300.00 3.673355e-11
11310.00 3.648657e-11
11320.00 3.624122e-11
11330.00 3.599745e-11
11340.00 3.575526e-11
11350.00 3.551466e-11
11360.00 3.527563e-11
11370.00 3.503811e-11
11380.00 3.480219e-11
11390.00 3.456778e-11
11400.00 3.433492e-11
11410.00 3.410358e-11
11420.00 3.387370e-11
11430.00 3.364536e-11
11440.00 3.341850e-11
11450.00 3.319312e-11
11460.00 3.296920e-11
11470.00 3.274675e-11
11480.00 3.252574e-11
11490.00 3.230617e-11
11500.00 3.208804e-11
11510.00 3.187132e-11
11520.00 3.165602e-11
11530.00 3.144215e-11
11540.00 3.122964e-11
11550.00 3.101853e-11
11560.00 3.080880e-11
11570.00 3.060043e-11
11580.00 3.039344e-11
11590.00 3.018781e-11
11600.00 2.998348e-11
11610.00 2.978051e-11
11620.00 2.957888e-11
11630.00 2.937853e-11
11640.00 2.917953e-11
11650.00 2.898180e-11
11660.00 2.878536e-11
11670.00 2.859023e-11
11680.00 2.839636e-11
11690.00 2.820376e-11
11700.00 2.801242e-11
11710.00 2.782232e-11
11720.00 2.763347e-11
11730.00 2.744586e-11
11740.00 2.725947e-11
11750.00 2.707430e-11
11760.00 2.689035e-11
11770.00 2.670761e-11
11780.00 2.652606e-11
11790.00 2.634568e-11
11800.00 2.616652e-11
11810.00 2.598849e-11
11820.00 2.581165e-11
11830.00 2.563598e-11
11840.00 2.546144e-11
11850.00 2.528804e-11
11860.00 2.511578e-11
11870.00 2.494466e-11
11880.00 2.477465e-11
11890.00 2.460576e-11
11900.00 2.443798e-11
11910.00 2.427131e-11
11920.00 2.410571e-11
11930.00 2.394120e-11
11940.00 2.377778e-11
11950.00 2.361546e-11
11960.00 2.345416e-11
11970.00 2.329395e-11
11980.00 2.313478e-11
11990.00 2.297664e-11
12000.00 2.281955e-11
12010.00 2.266348e-11
12020.00 2.250846e-11
12030.00 2.235443e-11
12040.00 2.220144e-11
12050.00 2.204945e-11
12060.00 2.189844e-11
12070.00 2.174844e-11
12080.00 2.159943e-11
12090.00 2.145141e-11
12100.00 2.130433e-11
12110.00 2.115823e-11
12120.00 2.101310e-11
12130.00 2.086892e-11
12140.00 2.072570e-11
12150.00 2.058340e-11
12160.00 2.044206e-11
12170.00 2.030164e-11
12180.00 2.016215e-11
12190.00 2.002357e-11
12200.00 1.988591e-11
12210.00 1.974916e-11
12220.00 1.961331e-11
12230.00 1.947835e-11
12240.00 1.934428e-11
12250.00 1.921110e-11
12260.00 1.907880e-11
12270.00 1.894737e-11
12280.00 1.881680e-11
12290.00 1.868709e-11
12300.00 1.855825e-11
12310.00 1.843026e-11
12320.00 1.830312e-11
12330.00 1.817682e-11
12340.00 1.805134e-11
12350.00 1.792669e-11
12360.00 1.780287e-11
12370.00 1.767987e-11
12380.00 1.755768e-11
12390.00 1.743630e-11
12400.00 1.731573e-11
12410.00 1.719594e-11
12420.00 1.707696e-11
12430.00 1.695875e-11
12440.00 1.684134e-11
12450.00 1.672470e-11
12460.00 1.660883e-11
12470.00 1.649373e-11
12480.00 1.637939e-11
12490.00 1.626581e-11
12500.00 1.615299e-11
12510.00 1.604091e-11
12520.00 1.592958e-11
12530.00 1.581898e-11
12540.00 1.570912e-11
12550.00 1.559998e-11
12560.00 1.549157e-11
12570.00 1.538388e-11
12580.00 1.527691e-11
12590.00 1.517065e-11
12600.00 1.506508e-11
12610.00 1.496022e-11
12620.00 1.485606e-11
12630.00 1.475260e-11
12640.00 1.464982e-11
12650.00 1.454772e-11
12660.00 1.444630e-11
12670.00 1.434556e-11
12680.00 1.424549e-11
12690.00 1.414608e-11
12700.00 1.404734e-11
12710.00 1.394926e-11
12720.00 1.385182e-11
12730.00 1.375504e-11
12740.00 1.365890e-11
12750.00 1.356340e-11
12760.00 1.346853e-11
12770.00 1.337431e-11
12780.00 1.328070e-11
12790.00 1.318772e-11
12800.00 1.309537e-11
12810.00 1.300363e-11
12820.00 1.291250e-11
12830.00 1.282199e-11
12840.00 1.273207e-11
12850.00 1.264275e-11
12860.00 1.255404e-11
12870.00 1.246592e-11
12880.00 1.237838e-11
12890.00 1.229144e-11
12900.00 1.220507e-11
12910.00 1.211928e-11
12920.00 1.203406e-11
12930.00 1.194942e-11
12940.00 1.186534e-11
12950.00 1.178183e-11
12960.00 1.169887e-11
12970.00 1.161647e-11
12980.00 1.153463e-11
12990.00 1.145333e-11
13000.00 1.137258e-11
13010.00 1.129236e-11
13020.00 1.121269e-11
13030.00 1.113356e-11
13040.00 1.105494e-11
13050.00 1.097687e-11
13060.00 1.089931e-11
13070.00 1.082228e-11
13080.00 1.074576e-11
13090.00 1.066976e-11
13100.00 1.059428e-11
13110.00 1.051929e-11
13120.00 1.044481e-11
13130.00 1.037084e-11
13140.00 1.029736e-11
13150.00 1.022438e-11
13160.00 1.015188e-11
13170.00 1.007988e-11
13180.00 1.000836e-11
13190.00 9.937323e-12
13200.00 9.866761e-12
13210.00 9.796681e-12
13220.00 9.727075e-12
13230.00 9.657938e-12
13240.00 9.589268e-12
13250.00 9.521052e-12
13260.00 9.453311e-12
13270.00 9.386018e-12
13280.00 9.319185e-12
13290.00 9.252806e-12
13300.00 9.186866e-12
13310.00 9.121381e-12
13320.00 9.056336e-12
13330.00 8.991731e-12
13340.00 8.927566e-12
13350.00 8.863833e-12
13360.00 8.800527e-12
13370.00 8.737661e-12
13380.00 8.675214e-12
13390.00 8.613192e-12
13400.00 8.551590e-12
13410.00 8.490407e-12
13420.00 8.429636e-12
13430.00 8.369283e-12
13440.00 8.309336e-12
13450.00 8.249801e-12
13460.00 8.190664e-12
13470.00 8.131939e-12
13480.00 8.073605e-12
13490.00 8.015669e-12
13500.00 7.958131e-12
13510.00 7.900978e-12
13520.00 7.844215e-12
13530.00 7.787843e-12
13540.00 7.731856e-12
13550.00 7.676246e-12
13560.00 7.621019e-12
13570.00 7.566170e-12
13580.00 7.511691e-12
13590.00 7.457582e-12
13600.00 7.403844e-12
13610.00 7.350475e-12
13620.00 7.297470e-12
13630.00 7.244834e-12
13640.00 7.192548e-12
13650.00 7.140625e-12
13660.00 7.089058e-12
13670.00 7.037841e-12
13680.00 6.986972e-12
13690.00 6.936453e-12
13700.00 6.886281e-12
13710.00 6.836451e-12
13720.00 6.786966e-12
13730.00 6.737819e-12
13740.00 6.689009e-12
13750.00 6.640534e-12
13760.00 6.592392e-12
13770.00 6.544582e-12
13780.00 6.497097e-12
13790.00 6.449939e-12
13800.00 6.403107e-12
13810.00 6.356595e-12
13820.00 6.310403e-12
13830.00 6.264532e-12
13840.00 6.218972e-12
13850.00 6.173734e-12
13860.00 6.128803e-12
13870.00 6.084181e-12
13880.00 6.039866e-12
13890.00 5.995859e-12
13900.00 5.952155e-12
13910.00 5.908750e-12
13920.00 5.865647e-12
13930.00 5.822844e-12
13940.00 5.780332e-12
13950.00 5.738117e-12
13960.00 5.696194e-12
13970.00 5.654559e-12
13980.00 5.613213e-12
13990.00 5.572154e-12
14000.00 5.531378e-12
14010.00 5.490887e-12
14020.00 5.450674e-12
14030.00 5.410739e-12
14040.00 5.371087e-12
14050.00 5.331707e-12
14060.00 5.292598e-12
14070.00 5.253764e-12
14080.00 5.215200e-12
14090.00 5.176898e-12
14100.00 5.138868e-12
14110.00 5.101102e-12
14120.00 5.063598e-12
14130.00 5.026354e-12
14140.00 4.989371e-12
14150.00 4.952647e-12
14160.00 4.916175e-12
14170.00 4.879960e-12
14180.00 4.843998e-12
14190.00 4.808286e-12
14200.00 4.772824e-12
14210.00 4.737609e-12
14220.00 4.702640e-12
14230.00 4.667917e-12
14240.00 4.633436e-12
14250.00 4.599197e-12
14260.00 4.565194e-12
14270.00 4.531434e-12
14280.00 4.497908e-12
14290.00 4.464616e-12
14300.00 4.431560e-12
14310.00 4.398734e-12
14320.00 4.366140e-12
14330.00 4.333774e-12
14340.00 4.301634e-12
14350.00 4.269721e-12
14360.00 4.238032e-12
14370.00 4.206567e-12
14380.00 4.175323e-12
14390.00 4.144298e-12
14400.00 4.113492e-12
14410.00 4.082901e-12
14420.00 4.052531e-12
14430.00 4.022371e-12
14440.00 3.992426e-12
14450.00 3.962691e-12
14460.00 3.933164e-12
14470.00 3.903850e-12
14480.00 3.874739e-12
14490.00 3.845836e-12
14500.00 3.817137e-12
14510.00 3.788641e-12
14520.00 3.760347e-12
14530.00 3.732254e-12
14540.00 3.704359e-12
14550.00 3.676663e-12
14560.00 3.649162e-12
14570.00 3.621857e-12
14580.00 3.594745e-12
14590.00 3.567827e-12
14600.00 3.541100e-12
14610.00 3.514564e-12
14620.00 3.488215e-12
14630.00 3.462055e-12
14640.00 3.436080e-12
14650.00 3.410291e-12
14660.00 3.384684e-12
14670.00 3.359261e-12
14680.00 3.334019e-12
14690.00 3.308958e-12
14700.00 3.284075e-12
14710.00 3.259370e-12
14720.00 3.234841e-12
14730.00 3.210489e-12
14740.00 3.186311e-12
14750.00 3.162305e-12
14760.00 3.138472e-12
14770.00 3.114808e-12
14780.00 3.091317e-12
14790.00 3.067991e-12
14800.00 3.044835e-12
14810.00 3.021844e-12
14820.00 2.999018e-12
14830.00 2.976357e-12
14840.00 2.953858e-12
14850.00 2.931521e-12
14860.00 2.909345e-12
14870.00 2.887329e-12
14880.00 2.865472e-12
14890.00 2.843771e-12
14900.00 2.822227e-12
14910.00 2.800839e-12
14920.00 2.779606e-12
14930.00 2.758526e-12
14940.00 2.737597e-12
14950.00 2.716821e-12
14960.00 2.696195e-12
14970.00 2.675718e-12
14980.00 2.655389e-12
14990.00 2.635208e-12
15000.00 2.615174e-12
15010.00 2.595284e-12
15020.00 2.575540e-12
15030.00 2.555937e-12
15040.00 2.536478e-12
15050.00 2.517160e-12
15060.00 2.497983e-12
15070.00 2.478945e-12
15080.00 2.460047e-12
15090.00 2.441285e-12
15100.00 2.422661e-12
15110.00 2.404171e-12
15120.00 2.385819e-12
15130.00 2.367599e-12
15140.00 2.349512e-12
15150.00 2.331557e-12
15160.00 2.313735e-12
15170.00 2.296042e-12
15180.00 2.278479e-12
15190.00 2.261045e-12
15200.00 2.243738e-12
15210.00 2.226558e-12
15220.00 2.209504e-12
15230.00 2.192576e-12
15240.00 2.175772e-12
15250.00 2.159092e-12
15260.00 2.142535e-12
15270.00 2.126098e-12
15280.00 2.109783e-12
15290.00 2.093589e-12
15300.00 2.077513e-12
15310.00 2.061556e-12
15320.00 2.045718e-12
15330.00 2.029995e-12
15340.00 2.014390e-12
15350.00 1.998900e-12
15360.00 1.983523e-12
15370.00 1.968262e-12
15380.00 1.953113e-12
15390.00 1.938077e-12
15400.00 1.923151e-12
15410.00 1.908337e-12
15420.00 1.893632e-12
15430.00 1.879037e-12
15440.00 1.864551e-12
15450.00 1.850171e-12
15460.00 1.835900e-12
15470.00 1.821734e-12
15480.00 1.807673e-12
15490.00 1.793718e-12
15500.00 1.779868e-12
15510.00 1.766120e-12
15520.00 1.752474e-12
15530.00 1.738930e-12
15540.00 1.725489e-12
15550.00 1.712148e-12
15560.00 1.698906e-12
15570.00 1.685765e-12
15580.00 1.672720e-12
15590.00 1.659775e-12
15600.00 1.646926e-12
15610.00 1.634174e-12
15620.00 1.621517e-12
15630.00 1.608956e-12
15640.00 1.596490e-12
15650.00 1.584117e-12
15660.00 1.571836e-12
15670.00 1.559650e-12
15680.00 1.547554e-12
15690.00 1.535550e-12
15700.00 1.523637e-12
15710.00 1.511814e-12
15720.00 1.500080e-12
15730.00 1.488435e-12
15740.00 1.476878e-12
15750.00 1.465409e-12
15760.00 1.454027e-12
15770.00 1.442731e-12
15780.00 1.431520e-12
15790.00 1.420396e-12
15800.00 1.409355e-12
15810.00 1.398398e-12
15820.00 1.387525e-12
15830.00 1.376734e-12
15840.00 1.366026e-12
15850.00 1.355400e-12
15860.00 1.344854e-12
15870.00 1.334389e-12
15880.00 1.324004e-12
15890.00 1.313699e-12
15900.00 1.303471e-12
15910.00 1.293323e-12
15920.00 1.283253e-12
15930.00 1.273259e-12
15940.00 1.263342e-12
15950.00 1.253502e-12
15960.00 1.243736e-12
15970.00 1.234046e-12
15980.00 1.224430e-12
15990.00 1.214889e-12
16000.00 1.205420e-12
16010.00 1.196025e-12
16020.00 1.186702e-12
16030.00 1.177452e-12
16040.00 1.168272e-12
16050.00 1.159164e-12
16060.00 1.150126e-12
16070.00 1.141157e-12
16080.00 1.132259e-12
16090.00 1.123429e-12
16100.00 1.114668e-12
16110.00 1.105974e-12
16120.00 1.097348e-12
16130.00 1.088789e-12
16140.00 1.080297e-12
16150.00 1.071871e-12
16160.00 1.063510e-12
16170.00 1.055215e-12
16180.00 1.046984e-12
16190.00 1.038817e-12
16200.00 1.030715e-12
16210.00 1.022674e-12
16220.00 1.014698e-12
16230.00 1.006783e-12
16240.00 9.989309e-13
16250.00 9.911400e-13
16260.00 9.834099e-13
16270.00 9.757405e-13
16280.00 9.681319e-13
16290.00 9.605826e-13
16300.00 9.530927e-13
16310.00 9.456615e-13
16320.00 9.382889e-13
16330.00 9.309743e-13
16340.00 9.237176e-13
16350.00 9.165182e-13
16360.00 9.093754e-13
16370.00 9.022885e-13
16380.00 8.952581e-13
16390.00 8.882836e-13
16400.00 8.813642e-13
16410.00 8.744994e-13
16420.00 8.676890e-13
16430.00 8.609330e-13
16440.00 8.542302e-13
16450.00 8.475804e-13
16460.00 8.409837e-13
16470.00 8.344401e-13
16480.00 8.279481e-13
16490.00 8.215079e-13
16500.00 8.151186e-13
16510.00 8.087803e-13
16520.00 8.024936e-13
16530.00 7.962559e-13
16540.00 7.900684e-13
16550.00 7.839313e-13
16560.00 7.778423e-13
16570.00 7.718022e-13
16580.00 7.658109e-13
16590.00 7.598672e-13
16600.00 7.539716e-13
16610.00 7.481236e-13
16620.00 7.423216e-13
16630.00 7.365671e-13
16640.00 7.308587e-13
16650.00 7.251965e-13
16660.00 7.195796e-13
16670.00 7.140087e-13
16680.00 7.084826e-13
16690.00 7.030005e-13
16700.00 6.975629e-13
16710.00 6.921696e-13
16720.00 6.868200e-13
16730.00 6.815134e-13
16740.00 6.762502e-13
16750.00 6.710295e-13
16760.00 6.658514e-13
16770.00 6.607151e-13
16780.00 6.556207e-13
16790.00 6.505676e-13
16800.00 6.455560e-13
16810.00 6.405850e-13
16820.00 6.356545e-13
16830.00 6.307645e-13
16840.00 6.259143e-13
16850.00 6.211035e-13
16860.00 6.163322e-13
16870.00 6.116004e-13
16880.00 6.069066e-13
16890.00 6.022514e-13
16900.00 5.976351e-13
16910.00 5.930561e-13
16920.00 5.885152e-13
16930.00 5.840109e-13
16940.00 5.795441e-13
16950.00 5.751140e-13
16960.00 5.707203e-13
16970.00 5.663628e-13
16980.00 5.620414e-13
16990.00 5.577555e-13
17000.00 5.535052e-13
17010.00 5.492900e-13
17020.00 5.451096e-13
17030.00 5.409639e-13
17040.00 5.368523e-13
17050.00 5.327751e-13
17060.00 5.287316e-13
17070.00 5.247217e-13
17080.00 5.207450e-13
17090.00 5.168015e-13
17100.00 5.128908e-13
17110.00 5.090125e-13
17120.00 5.051667e-13
17130.00 5.013529e-13
17140.00 4.975709e-13
17150.00 4.938203e-13
17160.00 4.901013e-13
17170.00 4.864133e-13
17180.00 4.827560e-13
17190.00 4.791295e-13
17200.00 4.755333e-13
17210.00 4.719672e-13
17220.00 4.684311e-13
17230.00 4.649248e-13
17240.00 4.614478e-13
17250.00 4.580000e-13
17260.00 4.545810e-13
17270.00 4.511914e-13
17280.00 4.478300e-13
17290.00 4.444969e-13
17300.00 4.411919e-13
17310.00 4.379147e-13
17320.00 4.346653e-13
17330.00 4.314434e-13
17340.00 4.282487e-13
17350.00 4.250810e-13
17360.00 4.219400e-13
17370.00 4.188259e-13
17380.00 4.157382e-13
17390.00 4.126764e-13
17400.00 4.096410e-13
17410.00 4.066309e-13
17420.00 4.036466e-13
17430.00 4.006875e-13
17440.00 3.977540e-13
17450.00 3.948453e-13
17460.00 3.919612e-13
17470.00 3.891019e-13
17480.00 3.862672e-13
17490.00 3.834563e-13
17500.00 3.806695e-13
17510.00 3.779067e-13
17520.00 3.751674e-13
17530.00 3.724515e-13
17540.00 3.697590e-13
17550.00 3.670894e-13
17560.00 3.644429e-13
17570.00 3.618189e-13
17580.00 3.592176e-13
17590.00 3.566384e-13
17600.00 3.540815e-13
17610.00 3.515466e-13
17620.00 3.490335e-13
17630.00 3.465423e-13
17640.00 3.440720e-13
17650.00 3.416234e-13
17660.00 3.391959e-13
17670.00 3.367894e-13
17680.00 3.344034e-13
17690.00 3.320380e-13
17700.00 3.296931e-13
17710.00 3.273687e-13
17720.00 3.250642e-13
17730.00 3.227799e-13
17740.00 3.205151e-13
17750.00 3.182699e-13
17760.00 3.160444e-13
17770.00 3.138380e-13
17780.00 3.116509e-13
17790.00 3.094826e-13
17800.00 3.073334e-13
17810.00 3.052025e-13
17820.00 3.030904e-13
17830.00 3.009967e-13
17840.00 2.989211e-13
17850.00 2.968635e-13
17860.00 2.948241e-13
17870.00 2.928024e-13
17880.00 2.907981e-13
17890.00 2.888114e-13
17900.00 2.868420e-13
17910.00 2.848898e-13
17920.00 2.829548e-13
17930.00 2.810366e-13
17940.00 2.791350e-13
17950.00 2.772502e-13
17960.00 2.753818e-13
17970.00 2.735298e-13
17980.00 2.716941e-13
17990.00 2.698744e-13
18000.00 2.680705e-13
18010.00 2.662825e-13
18020.00 2.645103e-13
18030.00 2.627535e-13
18040.00 2.610121e-13
18050.00 2.592860e-13
18060.00 2.575751e-13
18070.00 2.558792e-13
18080.00 2.541981e-13
18090.00 2.525319e-13
18100.00 2.508802e-13
18110.00 2.492431e-13
18120.00 2.476204e-13
18130.00 2.460118e-13
18140.00 2.444175e-13
18150.00 2.428372e-13
18160.00 2.412708e-13
18170.00 2.397182e-13
18180.00 2.381792e-13
18190.00 2.366537e-13
18200.00 2.351417e-13
18210.00 2.336431e-13
18220.00 2.321576e-13
18230.00 2.306852e-13
18240.00 2.292257e-13
18250.00 2.277791e-13
18260.00 2.263453e-13
18270.00 2.249240e-13
18280.00 2.235154e-13
18290.00 2.221190e-13
18300.00 2.207351e-13
18310.00 2.193633e-13
18320.00 2.180036e-13
18330.00 2.166558e-13
18340.00 2.153201e-13
18350.00 2.139959e-13
18360.00 2.126836e-13
18370.00 2.113826e-13
18380.00 2.100932e-13
18390.00 2.088151e-13
18400.00 2.075484e-13
18410.00 2.062928e-13
18420.00 2.050482e-13
18430.00 2.038147e-13
18440.00 2.025918e-13
18450.00 2.013799e-13
18460.00 2.001785e-13
18470.00 1.989878e-13
18480.00 1.978075e-13
18490.00 1.966376e-13
18500.00 1.954779e-13
18510.00 1.943285e-13
18520.00 1.931892e-13
18530.00 1.920598e-13
18540.00 1.909404e-13
18550.00 1.898308e-13
18560.00 1.887309e-13
18570.00 1.876407e-13
18580.00 1.865600e-13
18590.00 1.854889e-13
18600.00 1.844271e-13
18610.00 1.833746e-13
18620.00 1.823313e-13
18630.00 1.812972e-13
18640.00 1.802721e-13
18650.00 1.792559e-13
18660.00 1.782486e-13
18670.00 1.772501e-13
18680.00 1.762603e-13
18690.00 1.752791e-13
18700.00 1.743065e-13
18710.00 1.733423e-13
18720.00 1.723865e-13
18730.00 1.714391e-13
18740.00 1.704999e-13
18750.00 1.695688e-13
18760.00 1.686459e-13
18770.00 1.677308e-13
18780.00 1.668237e-13
18790.00 1.659246e-13
18800.00 1.650331e-13
18810.00 1.641493e-13
18820.00 1.632732e-13
18830.00 1.624046e-13
18840.00 1.615436e-13
18850.00 1.606899e-13
18860.00 1.598436e-13
18870.00 1.590044e-13
18880.00 1.581726e-13
18890.00 1.573479e-13
18900.00 1.565302e-13
18910.00 1.557194e-13
18920.00 1.549156e-13
18930.00 1.541187e-13
18940.00 1.533285e-13
18950.00 1.525450e-13
18960.00 1.517683e-13
18970.00 1.509980e-13
18980.00 1.502344e-13
18990.00 1.494772e-13
19000.00 1.487264e-13
19010.00 1.479819e-13
19020.00 1.472437e-13
19030.00 1.465117e-13
19040.00 1.457858e-13
19050.00 1.450660e-13
19060.00 1.443523e-13
19070.00 1.436445e-13
19080.00 1.429425e-13
19090.00 1.422465e-13
19100.00 1.415562e-13
19110.00 1.408717e-13
19120.00 1.401927e-13
19130.00 1.395195e-13
19140.00 1.388518e-13
19150.00 1.381896e-13
19160.00 1.375328e-13
19170.00 1.368813e-13
19180.00 1.362353e-13
19190.00 1.355944e-13
19200.00 1.349588e-13
19210.00 1.343284e-13
19220.00 1.337032e-13
19230.00 1.330829e-13
19240.00 1.324676e-13
19250.00 1.318573e-13
19260.00 1.312519e-13
19270.00 1.306513e-13
19280.00 1.300556e-13
19290.00 1.294647e-13
19300.00 1.288784e-13
19310.00 1.282968e-13
19320.00 1.277197e-13
19330.00 1.271472e-13
19340.00 1.265792e-13
19350.00 1.260156e-13
19360.00 1.254566e-13
19370.00 1.249018e-13
19380.00 1.243512e-13
19390.00 1.238052e-13
19400.00 1.232632e-13
19410.00 1.227254e-13
19420.00 1.221918e-13
19430.00 1.216621e-13
19440.00 1.211366e-13
19450.00 1.206151e-13
19460.00 1.200975e-13
19470.00 1.195839e-13
19480.00 1.190741e-13
19490.00 1.185681e-13
19500.00 1.180659e-13
19510.00 1.175674e-13
19520.00 1.170727e-13
19530.00 1.165816e-13
19540.00 1.160941e-13
19550.00 1.156102e-13
19560.00 1.151298e-13
19570.00 1.146530e-13
19580.00 1.141796e-13
19590.00 1.137096e-13
19600.00 1.132430e-13
19610.00 1.127798e-13
19620.00 1.123198e-13
19630.00 1.118630e-13
19640.00 1.114096e-13
19650.00 1.109594e-13
19660.00 1.105122e-13
19670.00 1.100682e-13
19680.00 1.096272e-13
19690.00 1.091894e-13
19700.00 1.087545e-13
19710.00 1.083226e-13
19720.00 1.078937e-13
19730.00 1.074677e-13
19740.00 1.070445e-13
19750.00 1.066242e-13
19760.00 1.062067e-13
19770.00 1.057920e-13
19780.00 1.053800e-13
19790.00 1.049707e-13
19800.00 1.045641e-13
19810.00 1.041601e-13
19820.00 1.037587e-13
19830.00 1.033600e-13
19840.00 1.029637e-13
19850.00 1.025700e-13
19860.00 1.021788e-13
19870.00 1.017900e-13
19880.00 1.014037e-13
19890.00 1.010198e-13
19900.00 1.006382e-13
19910.00 1.002590e-13
19920.00 9.988206e-14
19930.00 9.950746e-14
19940.00 9.913502e-14
19950.00 9.876489e-14
19960.00 9.839700e-14
19970.00 9.803120e-14
19980.00 9.766756e-14
19990.00 9.730609e-14
20000.00 9.694664e-14
20010.00 9.658929e-14
20020.00 9.623397e-14
20030.00 9.588067e-14
20040.00 9.552939e-14
20050.00 9.518000e-14
20060.00 9.483257e-14
20070.00 9.448709e-14
20080.00 9.414343e-14
20090.00 9.380165e-14
20100.00 9.346169e-14
20110.00 9.312362e-14
20120.00 9.278729e-14
20130.00 9.245277e-14
20140.00 9.211993e-14
20150.00 9.178891e-14
20160.00 9.145950e-14
20170.00 9.113176e-14
20180.00 9.080569e-14
20190.00 9.048130e-14
20200.00 9.015852e-14
20210.00 8.983728e-14
20220.00 8.951764e-14
20230.00 8.919954e-14
20240.00 8.888297e-14
20250.00 8.856780e-14
20260.00 8.825424e-14
20270.00 8.794214e-14
20280.00 8.763144e-14
20290.00 8.732214e-14
20300.00 8.701430e-14
20310.00 8.670786e-14
20320.00 8.640275e-14
20330.00 8.609903e-14
20340.00 8.579657e-14
20350.00 8.549551e-14
20360.00 8.519570e-14
20370.00 8.489708e-14
20380.00 8.459979e-14
20390.00 8.430376e-14
20400.00 8.400898e-14
20410.00 8.371532e-14
20420.00 8.342285e-14
20430.00 8.313156e-14
20440.00 8.284146e-14
20450.00 8.255241e-14
20460.00 8.226462e-14
20470.00 8.197780e-14
20480.00 8.169217e-14
20490.00 8.140752e-14
20500.00 8.112399e-14
20510.00 8.084150e-14
20520.00 8.055999e-14
20530.00 8.027953e-14
20540.00 8.000012e-14
20550.00 7.972161e-14
20560.00 7.944409e-14
20570.00 7.916747e-14
20580.00 7.889189e-14
20590.00 7.861716e-14
20600.00 7.834333e-14
20610.00 7.807041e-14
20620.00 7.779840e-14
20630.00 7.752723e-14
20640.00 7.725697e-14
20650.00 7.698747e-14
20660.00 7.671881e-14
20670.00 7.645106e-14
20680.00 7.618401e-14
20690.00 7.591786e-14
20700.00 7.565241e-14
20710.00 7.538774e-14
20720.00 7.512383e-14
20730.00 7.486069e-14
20740.00 7.459824e-14
20750.00 7.433657e-14
20760.00 7.407559e-14
20770.00 7.381524e-14
20780.00 7.355566e-14
20790.00 7.329678e-14
20800.00 7.303853e-14
20810.00 7.278083e-14
20820.00 7.252391e-14
20830.00 7.226761e-14
20840.00 7.201194e-14
20850.00 7.175683e-14
20860.00 7.150235e-14
20870.00 7.124849e-14
20880.00 7.099520e-14
20890.00 7.074246e-14
20900.00 7.049035e-14
20910.00 7.023873e-14
20920.00 6.998774e-14
20930.00 6.973721e-14
20940.00 6.948726e-14
20950.00 6.923786e-14
20960.00 6.898890e-14
20970.00 6.874050e-14
20980.00 6.849261e-14
20990.00 6.824520e-14
21000.00 6.799824e-14
21010.00 6.775178e-14
21020.00 6.750579e-14
21030.00 6.726025e-14
21040.00 6.701519e-14
21050.00 6.677054e-14
21060.00 6.652635e-14
21070.00 6.628257e-14
21080.00 6.603925e-14
21090.00 6.579631e-14
21100.00 6.555377e-14
21110.00 6.531170e-14
21120.00 6.507000e-14
21130.00 6.482868e-14
21140.00 6.458774e-14
21150.00 6.434719e-14
21160.00 6.410701e-14
21170.00 6.386721e-14
21180.00 6.362775e-14
21190.00 6.338864e-14
21200.00 6.314992e-14
21210.00 6.291148e-14
21220.00 6.267344e-14
21230.00 6.243571e-14
21240.00 6.219832e-14
21250.00 6.196123e-14
21260.00 6.172446e-14
21270.00 6.148805e-14
21280.00 6.125188e-14
21290.00 6.101605e-14
21300.00 6.078055e-14
21310.00 6.054531e-14
21320.00 6.031038e-14
21330.00 6.007570e-14
21340.00 5.984133e-14
21350.00 5.960724e-14
21360.00 5.937342e-14
21370.00 5.913987e-14
21380.00 5.890657e-14
21390.00 5.867354e-14
21400.00 5.844081e-14
21410.00 5.820832e-14
21420.00 5.797606e-14
21430.00 5.774407e-14
21440.00 5.751233e-14
21450.00 5.728079e-14
21460.00 5.704950e-14
21470.00 5.681848e-14
21480.00 5.658770e-14
21490.00 5.635716e-14
21500.00 5.612679e-14
21510.00 5.589671e-14
21520.00 5.566681e-14
21530.00 5.543713e-14
21540.00 5.520768e-14
21550.00 5.497848e-14
21560.00 5.474942e-14
21570.00 5.452063e-14
21580.00 5.429204e-14
21590.00 5.406364e-14
21600.00 5.383548e-14
21610.00 5.360751e-14
21620.00 5.337972e-14
21630.00 5.315216e-14
21640.00 5.292478e-14
21650.00 5.269759e-14
21660.00 5.247064e-14
21670.00 5.224383e-14
21680.00 5.201724e-14
21690.00 5.179088e-14
21700.00 5.156467e-14
21710.00 5.133866e-14
21720.00 5.111282e-14
21730.00 5.088718e-14
21740.00 5.066174e-14
21750.00 5.043649e-14
21760.00 5.021137e-14
21770.00 4.998649e-14
21780.00 4.976181e-14
21790.00 4.953727e-14
21800.00 4.931295e-14
21810.00 4.908878e-14
21820.00 4.886478e-14
21830.00 4.864101e-14
21840.00 4.841740e-14
21850.00 4.819396e-14
21860.00 4.797071e-14
21870.00 4.774766e-14
21880.00 4.752478e-14
21890.00 4.730210e-14
21900.00 4.707956e-14
21910.00 4.685722e-14
21920.00 4.663509e-14
21930.00 4.641311e-14
21940.00 4.619131e-14
21950.00 4.596974e-14
21960.00 4.574828e-14
21970.00 4.552707e-14
21980.00 4.530600e-14
21990.00 4.508513e-14
22000.00 4.486447e-14
22010.00 4.464398e-14
22020.00 4.442368e-14
22030.00 4.420354e-14
22040.00 4.398362e-14
22050.00 4.376391e-14
22060.00 4.354435e-14
22070.00 4.332500e-14
22080.00 4.310587e-14
22090.00 4.288690e-14
22100.00 4.266813e-14
22110.00 4.244956e-14
22120.00 4.223121e-14
22130.00 4.201302e-14
22140.00 4.179506e-14
22150.00 4.157730e-14
22160.00 4.135975e-14
22170.00 4.114238e-14
22180.00 4.092525e-14
22190.00 4.070831e-14
22200.00 4.049157e-14
22210.00 4.027508e-14
22220.00 4.005876e-14
22230.00 3.984268e-14
22240.00 3.962682e-14
22250.00 3.941118e-14
22260.00 3.919575e-14
22270.00 3.898054e-14
22280.00 3.876555e-14
22290.00 3.855081e-14
22300.00 3.833628e-14
22310.00 3.812200e-14
22320.00 3.790795e-14
22330.00 3.769414e-14
22340.00 3.748053e-14
22350.00 3.726720e-14
22360.00 3.705409e-14
22370.00 3.684125e-14
22380.00 3.662864e-14
22390.00 3.641628e-14
22400.00 3.620415e-14
22410.00 3.599230e-14
22420.00 3.578071e-14
22430.00 3.556938e-14
22440.00 3.535831e-14
22450.00 3.514750e-14
22460.00 3.493697e-14
22470.00 3.472667e-14
22480.00 3.451669e-14
22490.00 3.430695e-14
22500.00 3.409750e-14
22510.00 3.388835e-14
22520.00 3.367946e-14
22530.00 3.347086e-14
22540.00 3.326255e-14
22550.00 3.305454e-14
22560.00 3.284684e-14
22570.00 3.263940e-14
22580.00 3.243227e-14
22590.00 3.222546e-14
22600.00 3.201893e-14
22610.00 3.181273e-14
22620.00 3.160684e-14
22630.00 3.140128e-14
22640.00 3.119602e-14
22650.00 3.099109e-14
22660.00 3.078650e-14
22670.00 3.058220e-14
22680.00 3.037826e-14
22690.00 3.017466e-14
22700.00 2.997139e-14
22710.00 2.976846e-14
22720.00 2.956587e-14
22730.00 2.936364e-14
22740.00 2.916174e-14
22750.00 2.896021e-14
22760.00 2.875905e-14
22770.00 2.855822e-14
22780.00 2.835778e-14
22790.00 2.815770e-14
22800.00 2.795799e-14
22810.00 2.775866e-14
22820.00 2.755973e-14
22830.00 2.736118e-14
22840.00 2.716300e-14
22850.00 2.696520e-14
22860.00 2.676779e-14
22870.00 2.657081e-14
22880.00 2.637420e-14
22890.00 2.617802e-14
22900.00 2.598222e-14
22910.00 2.578685e-14
22920.00 2.559188e-14
22930.00 2.539734e-14
22940.00 2.520324e-14
22950.00 2.500955e-14
22960.00 2.481628e-14
22970.00 2.462345e-14
22980.00 2.443107e-14
22990.00 2.423913e-14
23000.00 2.404761e-14
23010.00 2.385657e-14
23020.00 2.366598e-14
23030.00 2.347584e-14
23040.00 2.328615e-14
23050.00 2.309693e-14
23060.00 2.290819e-14
23070.00 2.271992e-14
23080.00 2.253211e-14
23090.00 2.234479e-14
23100.00 2.215796e-14
23110.00 2.197161e-14
23120.00 2.178576e-14
23130.00 2.160040e-14
23140.00 2.141553e-14
23150.00 2.123119e-14
23160.00 2.104734e-14
23170.00 2.086400e-14
23180.00 2.068118e-14
23190.00 2.049888e-14
23200.00 2.031709e-14
23210.00 2.013586e-14
23220.00 1.995514e-14
23230.00 1.977497e-14
23240.00 1.959532e-14
23250.00 1.941622e-14
23260.00 1.923768e-14
23270.00 1.905969e-14
23280.00 1.888226e-14
23290.00 1.870538e-14
23300.00 1.852906e-14
23310.00 1.835331e-14
23320.00 1.817814e-14
23330.00 1.800355e-14
23340.00 1.782953e-14
23350.00 1.765609e-14
23360.00 1.748326e-14
23370.00 1.731101e-14
23380.00 1.713937e-14
23390.00 1.696831e-14
23400.00 1.679786e-14
23410.00 1.662804e-14
23420.00 1.645881e-14
23430.00 1.629021e-14
23440.00 1.612223e-14
23450.00 1.595488e-14
23460.00 1.578815e-14
23470.00 1.562207e-14
23480.00 1.545662e-14
23490.00 1.529181e-14
23500.00 1.512764e-14
23510.00 1.496413e-14
23520.00 1.480128e-14
23530.00 1.463909e-14
23540.00 1.447756e-14
23550.00 1.431669e-14
23560.00 1.415650e-14
23570.00 1.399698e-14
23580.00 1.383816e-14
23590.00 1.368000e-14
23600.00 1.352253e-14
23610.00 1.336577e-14
23620.00 1.320969e-14
23630.00 1.305432e-14
23640.00 1.289965e-14
23650.00 1.274570e-14
23660.00 1.259245e-14
23670.00 1.243991e-14
23680.00 1.228812e-14
23690.00 1.213704e-14
23700.00 1.198668e-14
23710.00 1.183708e-14
23720.00 1.168819e-14
23730.00 1.154005e-14
23740.00 1.139267e-14
23750.00 1.124602e-14
23760.00 1.110015e-14
23770.00 1.095501e-14
23780.00 1.081065e-14
23790.00 1.066705e-14
23800.00 1.052422e-14
23810.00 1.038218e-14
23820.00 1.024091e-14
23830.00 1.010042e-14
23840.00 9.960718e-15
23850.00 9.821808e-15
23860.00 9.683693e-15
23870.00 9.546382e-15
23880.00 9.409874e-15
23890.00 9.274161e-15
23900.00 9.139280e-15
23910.00 9.005202e-15
23920.00 8.871948e-15
23930.00 8.739512e-15
23940.00 8.607906e-15
23950.00 8.477124e-15
23960.00 8.347194e-15
23970.00 8.218096e-15
23980.00 8.089842e-15
23990.00 7.962433e-15
24000.00 7.835884e-15
24010.00 7.710179e-15
24020.00 7.585340e-15
24030.00 7.461368e-15
24040.00 7.338261e-15
24050.00 7.216020e-15
24060.00 7.094659e-15
24070.00 6.974177e-15
24080.00 6.854578e-15
24090.00 6.735865e-15
24100.00 6.618044e-15
24110.00 6.501117e-15
24120.00 6.385088e-15
24130.00 6.269963e-15
24140.00 6.155744e-15
24150.00 6.042436e-15
24160.00 5.930042e-15
24170.00 5.818564e-15
24180.00 5.708010e-15
24190.00 5.598378e-15
24200.00 5.489679e-15
24210.00 5.381913e-15
24220.00 5.275081e-15
24230.00 5.169191e-15
24240.00 5.064245e-15
24250.00 4.960246e-15
24260.00 4.857201e-15
24270.00 4.755110e-15
24280.00 4.653980e-15
24290.00 4.553810e-15
24300.00 4.454609e-15
24310.00 4.356377e-15
24320.00 4.259119e-15
24330.00 4.162840e-15
24340.00 4.067541e-15
24350.00 3.973226e-15
24360.00 3.879901e-15
24370.00 3.787567e-15
24380.00 3.696227e-15
24390.00 3.605889e-15
24400.00 3.516552e-15
24410.00 3.428221e-15
24420.00 3.340900e-15
24430.00 3.254593e-15
24440.00 3.169304e-15
24450.00 3.085033e-15
24460.00 3.001785e-15
24470.00 2.919565e-15
24480.00 2.838376e-15
24490.00 2.758222e-15
24500.00 2.679104e-15
24510.00 2.601028e-15
24520.00 2.523995e-15
24530.00 2.448012e-15
24540.00 2.373078e-15
24550.00 2.299199e-15
24560.00 2.226378e-15
24570.00 2.154618e-15
24580.00 2.083922e-15
24590.00 2.014294e-15
24600.00 1.945736e-15
24610.00 1.878254e-15
24620.00 1.811848e-15
24630.00 1.746523e-15
24640.00 1.682283e-15
24650.00 1.619129e-15
24660.00 1.557065e-15
24670.00 1.496095e-15
24680.00 1.436221e-15
24690.00 1.377447e-15
24700.00 1.319777e-15
24710.00 1.263212e-15
24720.00 1.207756e-15
24730.00 1.153412e-15
24740.00 1.100184e-15
24750.00 1.048074e-15
24760.00 9.970852e-16
24770.00 9.472202e-16
24780.00 8.984831e-16
24790.00 8.508760e-16
24800.00 8.044023e-16
24810.00 7.590648e-16
24820.00 7.148663e-16
24830.00 6.718096e-16
24840.00 6.298983e-16
24850.00 5.891346e-16
24860.00 5.495215e-16
24870.00 5.110621e-16
24880.00 4.737589e-16
24890.00 4.376150e-16
24900.00 4.026329e-16
24910.00 3.688154e-16
24920.00 3.361656e-16
24930.00 3.046860e-16
24940.00 2.743793e-16
24950.00 2.452483e-16
24960.00 2.172954e-16
24970.00 1.905237e-16
24980.00 1.649356e-16
24990.00 1.405338e-16
25000.00 1.173209e-16
