1000.00 8.967435e-15
1010.00 1.045345e-14
1020.00 1.203107e-14
1030.00 1.370380e-14
1040.00 1.547570e-14
1050.00 1.735114e-14
1060.00 1.933480e-14
1070.00 2.143155e-14
1080.00 2.364637e-14
1090.00 2.598432e-14
1100.00 2.845049e-14
1110.00 3.104993e-14
1120.00 3.382608e-14
1130.00 3.679418e-14
1140.00 3.996627e-14
1150.00 4.335459e-14
1160.00 4.697184e-14
1170.00 5.083099e-14
1180.00 5.494535e-14
1190.00 5.932860e-14
1200.00 6.399473e-14
1210.00 6.895801e-14
1220.00 7.423314e-14
1230.00 7.983510e-14
1240.00 8.577890e-14
1250.00 9.209633e-14
1260.00 9.881692e-14
1270.00 1.060326e-13
1280.00 1.137737e-13
1290.00 1.220735e-13
1300.00 1.309689e-13
1310.00 1.404988e-13
1320.00 1.507044e-13
1330.00 1.616292e-13
1340.00 1.733190e-13
1350.00 1.858222e-13
1360.00 1.991900e-13
1370.00 2.134762e-13
1380.00 2.287376e-13
1390.00 2.450341e-13
1400.00 2.624287e-13
1410.00 2.809880e-13
1420.00 3.007821e-13
1430.00 3.218846e-13
1440.00 3.443776e-13
1450.00 3.683527e-13
1460.00 3.938844e-13
1470.00 4.210637e-13
1480.00 4.499871e-13
1490.00 4.807556e-13
1500.00 5.134763e-13
1510.00 5.482618e-13
1520.00 5.852312e-13
1530.00 6.245100e-13
1540.00 6.662313e-13
1550.00 7.105358e-13
1560.00 7.575717e-13
1570.00 8.074960e-13
1580.00 8.604770e-13
1590.00 9.166907e-13
1600.00 9.763250e-13
1610.00 1.039580e-12
1620.00 1.106702e-12
1630.00 1.177898e-12
1640.00 1.253404e-12
1650.00 1.333477e-12
1660.00 1.418398e-12
1670.00 1.508463e-12
1680.00 1.603995e-12
1690.00 1.705339e-12
1700.00 1.812864e-12
1710.00 1.926951e-12
1720.00 2.048039e-12
1730.00 2.176610e-12
1740.00 2.313191e-12
1750.00 2.458357e-12
1760.00 2.612736e-12
1770.00 2.777020e-12
1780.00 2.951966e-12
1790.00 3.138436e-12
1800.00 3.337406e-12
1810.00 3.549828e-12
1820.00 3.776831e-12
1830.00 4.019664e-12
1840.00 4.279721e-12
1850.00 4.558543e-12
1860.00 4.857848e-12
1870.00 5.179568e-12
1880.00 5.525981e-12
1890.00 5.899572e-12
1900.00 6.303444e-12
1910.00 6.738868e-12
1920.00 7.209658e-12
1930.00 7.719635e-12
1940.00 8.282233e-12
1950.00 8.954418e-12
1960.00 9.722913e-12
1970.00 1.074168e-11
1980.00 1.108589e-11
1990.00 1.189274e-11
2000.00 1.285678e-11
2010.00 1.407846e-11
2020.00 1.563397e-11
2030.00 1.759862e-11
2040.00 1.891736e-11
2050.00 2.107559e-11
2060.00 2.135268e-11
2070.00 3.227671e-11
2080.00 2.616568e-11
2090.00 3.099387e-11
2100.00 2.781267e-11
2110.00 3.152433e-11
2120.00 3.889486e-11
2130.00 4.064445e-11
2140.00 3.437430e-11
2150.00 4.098801e-11
2160.00 4.355048e-11
2170.00 5.047743e-11
2180.00 4.858995e-11
2190.00 5.265757e-11
2200.00 6.500158e-11
2210.00 5.918934e-11
2220.00 5.494583e-11
2230.00 5.974698e-11
2240.00 6.019029e-11
2250.00 6.212423e-11
2260.00 6.167390e-11
2270.00 6.458877e-11
2280.00 7.068506e-11
2290.00 6.837027e-11
2300.00 6.649318e-11
2310.00 6.714995e-11
2320.00 7.541448e-11
2330.00 7.359407e-11
2340.00 7.226838e-11
2350.00 7.009585e-11
2360.00 7.858140e-11
2370.00 7.023559e-11
2380.00 5.451531e-11
2390.00 6.875717e-11
2400.00 8.591746e-11
2410.00 7.377760e-11
2420.00 7.112160e-11
2430.00 6.709270e-11
2440.00 6.956297e-11
2450.00 6.067366e-11
2460.00 6.145106e-11
2470.00 6.197339e-11
2480.00 5.860181e-11
2490.00 5.840680e-11
2500.00 6.813558e-11
2510.00 6.868300e-11
2520.00 7.367543e-11
2530.00 7.171095e-11
2540.00 7.335467e-11
2550.00 7.649268e-11
2560.00 8.113572e-11
2570.00 7.324133e-11
2580.00 6.829209e-11
2590.00 5.543531e-11
2600.00 4.233491e-11
2610.00 6.182267e-11
2620.00 6.868264e-11
2630.00 6.768833e-11
2640.00 6.777318e-11
2650.00 7.548991e-11
2660.00 7.199518e-11
2670.00 9.196462e-11
2680.00 8.445726e-11
2690.00 1.084627e-10
2700.00 1.149641e-10
2710.00 1.214411e-10
2720.00 1.388157e-10
2730.00 1.352380e-10
2740.00 1.430369e-10
2750.00 1.403071e-10
2760.00 1.452392e-10
2770.00 1.491106e-10
2780.00 1.609376e-10
2790.00 1.554962e-10
2800.00 9.069172e-11
2810.00 1.211687e-10
2820.00 1.574759e-10
2830.00 1.717723e-10
2840.00 1.794646e-10
2850.00 1.671037e-10
2860.00 1.668632e-10
2870.00 2.002002e-10
2880.00 2.272070e-10
2890.00 2.788217e-10
2900.00 3.138058e-10
2910.00 3.416785e-10
2920.00 3.654729e-10
2930.00 3.497297e-10
2940.00 3.346988e-10
2950.00 3.234627e-10
2960.00 3.305382e-10
2970.00 3.105936e-10
2980.00 3.075307e-10
2990.00 2.757668e-10
3000.00 3.031334e-10
3010.00 2.931808e-10
3020.00 3.077543e-10
3030.00 3.080305e-10
3040.00 3.009048e-10
3050.00 3.001810e-10
3060.00 3.129112e-10
3070.00 3.033804e-10
3080.00 3.167129e-10
3090.00 3.107990e-10
3100.00 2.980953e-10
3110.00 3.347996e-10
3120.00 3.665222e-10
3130.00 4.013531e-10
3140.00 4.022673e-10
3150.00 4.376589e-10
3160.00 4.719834e-10
3170.00 4.888070e-10
3180.00 5.087708e-10
3190.00 4.740179e-10
3200.00 4.774572e-10
3210.00 4.782337e-10
3220.00 4.721745e-10
3230.00 4.456875e-10
3240.00 4.664209e-10
3250.00 4.603825e-10
3260.00 4.829201e-10
3270.00 5.057886e-10
3280.00 5.139909e-10
3290.00 5.019154e-10
3300.00 5.362892e-10
3310.00 5.082634e-10
3320.00 5.426877e-10
3330.00 5.579021e-10
3340.00 5.858138e-10
3350.00 6.123401e-10
3360.00 7.308643e-10
3370.00 7.507564e-10
3380.00 8.793076e-10
3390.00 9.976557e-10
3400.00 1.047174e-09
3410.00 1.110443e-09
3420.00 1.153846e-09
3430.00 1.216288e-09
3440.00 1.173375e-09
3450.00 1.098949e-09
3460.00 1.186100e-09
3470.00 1.146715e-09
3480.00 1.235611e-09
3490.00 1.275088e-09
3500.00 1.276622e-09
3510.00 1.317405e-09
3520.00 1.367319e-09
3530.00 1.329062e-09
3540.00 1.312705e-09
3550.00 1.377791e-09
3560.00 1.573073e-09
3570.00 1.526967e-09
3580.00 1.517400e-09
3590.00 1.508695e-09
3600.00 1.548151e-09
3610.00 1.609583e-09
3620.00 1.529215e-09
3630.00 1.391237e-09
3640.00 1.219136e-09
3650.00 1.037573e-09
3660.00 9.061686e-10
3670.00 8.183548e-10
3680.00 7.702867e-10
3690.00 7.733183e-10
3700.00 7.859146e-10
3710.00 7.704487e-10
3720.00 8.290257e-10
3730.00 8.591732e-10
3740.00 9.073579e-10
3750.00 9.908865e-10
3760.00 1.093663e-09
3770.00 1.226035e-09
3780.00 1.388618e-09
3790.00 1.566144e-09
3800.00 1.743033e-09
3810.00 1.969550e-09
3820.00 2.188022e-09
3830.00 2.496335e-09
3840.00 2.872145e-09
3850.00 3.300632e-09
3860.00 3.720445e-09
3870.00 4.027461e-09
3880.00 4.319082e-09
3890.00 4.579518e-09
3900.00 4.661181e-09
3910.00 4.771264e-09
3920.00 4.946749e-09
3930.00 5.026868e-09
3940.00 4.962089e-09
3950.00 5.003425e-09
3960.00 4.959786e-09
3970.00 4.879742e-09
3980.00 4.706569e-09
3990.00 4.521445e-09
4000.00 4.318188e-09
4010.00 4.124052e-09
4020.00 3.939314e-09
4030.00 3.807484e-09
4040.00 3.705834e-09
4050.00 3.572462e-09
4060.00 3.488480e-09
4070.00 3.412046e-09
4080.00 3.356664e-09
4090.00 3.341342e-09
4100.00 3.328599e-09
4110.00 3.369390e-09
4120.00 3.383143e-09
4130.00 3.376566e-09
4140.00 3.367315e-09
4150.00 3.404764e-09
4160.00 3.391295e-09
4170.00 3.406150e-09
4180.00 3.454178e-09
4190.00 3.506645e-09
4200.00 3.516250e-09
4210.00 3.564001e-09
4220.00 3.598164e-09
4230.00 3.598331e-09
4240.00 3.576485e-09
4250.00 3.565874e-09
4260.00 3.523280e-09
4270.00 3.487853e-09
4280.00 3.424895e-09
4290.00 3.301219e-09
4300.00 3.117728e-09
4310.00 2.934754e-09
4320.00 2.789533e-09
4330.00 2.680627e-09
4340.00 2.622186e-09
4350.00 2.599359e-09
4360.00 2.598889e-09
4370.00 2.604047e-09
4380.00 2.693386e-09
4390.00 2.779182e-09
4400.00 2.863896e-09
4410.00 2.954661e-09
4420.00 3.033890e-09
4430.00 3.097407e-09
4440.00 3.239568e-09
4450.00 3.415778e-09
4460.00 3.564448e-09
4470.00 3.710152e-09
4480.00 3.855604e-09
4490.00 3.996350e-09
4500.00 4.137644e-09
4510.00 4.305533e-09
4520.00 4.458230e-09
4530.00 4.568491e-09
4540.00 4.654839e-09
4550.00 4.722725e-09
4560.00 4.763299e-09
4570.00 4.786569e-09
4580.00 4.773945e-09
4590.00 4.758766e-09
4600.00 4.698208e-09
4610.00 4.608842e-09
4620.00 4.484672e-09
4630.00 4.350286e-09
4640.00 4.157337e-09
4650.00 3.940153e-09
4660.00 3.709657e-09
4670.00 3.511749e-09
4680.00 3.348248e-09
4690.00 3.203290e-09
4700.00 3.079362e-09
4710.00 2.945250e-09
4720.00 2.786354e-09
4730.00 2.629211e-09
4740.00 2.493684e-09
4750.00 2.370355e-09
4760.00 2.296364e-09
4770.00 2.291118e-09
4780.00 2.289593e-09
4790.00 2.299768e-09
4800.00 2.341803e-09
4810.00 2.380609e-09
4820.00 2.377548e-09
4830.00 2.425384e-09
4840.00 2.498912e-09
4850.00 2.548287e-09
4860.00 2.616572e-09
4870.00 2.643993e-09
4880.00 2.610819e-09
4890.00 2.581464e-09
4900.00 2.569911e-09
4910.00 2.550489e-09
4920.00 2.610041e-09
4930.00 2.682783e-09
4940.00 2.777097e-09
4950.00 2.881721e-09
4960.00 2.965523e-09
4970.00 2.998841e-09
4980.00 3.044571e-09
4990.00 3.055462e-09
5000.00 3.088971e-09
5010.00 3.108183e-09
5020.00 3.095701e-09
5030.00 3.077895e-09
5040.00 3.101150e-09
5050.00 3.094621e-09
5060.00 3.122340e-09
5070.00 3.183236e-09
5080.00 3.233108e-09
5090.00 3.246522e-09
5100.00 3.302138e-09
5110.00 3.335176e-09
5120.00 3.356092e-09
5130.00 3.376576e-09
5140.00 3.448480e-09
5150.00 3.519746e-09
5160.00 3.584912e-09
5170.00 3.660145e-09
5180.00 3.748220e-09
5190.00 3.846161e-09
5200.00 3.930966e-09
5210.00 4.039118e-09
5220.00 4.128426e-09
5230.00 4.217544e-09
5240.00 4.295438e-09
5250.00 4.312038e-09
5260.00 4.285455e-09
5270.00 4.281744e-09
5280.00 4.280079e-09
5290.00 4.251857e-09
5300.00 4.259280e-09
5310.00 4.250639e-09
5320.00 4.202360e-09
5330.00 4.154223e-09
5340.00 4.104409e-09
5350.00 4.062729e-09
5360.00 4.035992e-09
5370.00 4.056801e-09
5380.00 4.045071e-09
5390.00 4.070086e-09
5400.00 4.067665e-09
5410.00 4.048839e-09
5420.00 3.990075e-09
5430.00 3.973801e-09
5440.00 3.932637e-09
5450.00 3.906757e-09
5460.00 3.892771e-09
5470.00 3.911909e-09
5480.00 3.899784e-09
5490.00 3.907029e-09
5500.00 3.931132e-09
5510.00 3.922621e-09
5520.00 3.876665e-09
5530.00 3.835072e-09
5540.00 3.762852e-09
5550.00 3.691970e-09
5560.00 3.625092e-09
5570.00 3.562658e-09
5580.00 3.510166e-09
5590.00 3.460484e-09
5600.00 3.406925e-09
5610.00 3.344280e-09
5620.00 3.297726e-09
5630.00 3.213009e-09
5640.00 3.121749e-09
5650.00 2.985543e-09
5660.00 2.845148e-09
5670.00 2.711372e-09
5680.00 2.622610e-09
5690.00 2.585699e-09
5700.00 2.612275e-09
5710.00 2.715425e-09
5720.00 2.869460e-09
5730.00 3.023738e-09
5740.00 3.153982e-09
5750.00 3.294072e-09
5760.00 3.402329e-09
5770.00 3.488586e-09
5780.00 3.569820e-09
5790.00 3.657298e-09
5800.00 3.696713e-09
5810.00 3.653688e-09
5820.00 3.684276e-09
5830.00 3.713729e-09
5840.00 3.732592e-09
5850.00 3.745282e-09
5860.00 3.816945e-09
5870.00 3.756655e-09
5880.00 3.674108e-09
5890.00 3.623214e-09
5900.00 3.583030e-09
5910.00 3.544914e-09
5920.00 3.526245e-09
5930.00 3.473801e-09
5940.00 3.416090e-09
5950.00 3.356797e-09
5960.00 3.327116e-09
5970.00 3.282614e-09
5980.00 3.239269e-09
5990.00 3.216110e-09
6000.00 3.198802e-09
6010.00 3.144698e-09
6020.00 3.096771e-09
6030.00 3.037268e-09
6040.00 2.964861e-09
6050.00 2.911461e-09
6060.00 2.880945e-09
6070.00 2.850453e-09
6080.00 2.822958e-09
6090.00 2.771518e-09
6100.00 2.693017e-09
6110.00 2.591567e-09
6120.00 2.462947e-09
6130.00 2.346819e-09
6140.00 2.253755e-09
6150.00 2.203420e-09
6160.00 2.190942e-09
6170.00 2.215717e-09
6180.00 2.250812e-09
6190.00 2.300601e-09
6200.00 2.315208e-09
6210.00 2.330960e-09
6220.00 2.319312e-09
6230.00 2.313246e-09
6240.00 2.308528e-09
6250.00 2.323966e-09
6260.00 2.343269e-09
6270.00 2.393680e-09
6280.00 2.454305e-09
6290.00 2.508774e-09
6300.00 2.586662e-09
6310.00 2.652712e-09
6320.00 2.708782e-09
6330.00 2.768934e-09
6340.00 2.825888e-09
6350.00 2.865622e-09
6360.00 2.907298e-09
6370.00 2.931708e-09
6380.00 2.928675e-09
6390.00 2.922994e-09
6400.00 2.917816e-09
6410.00 2.917245e-09
6420.00 2.904357e-09
6430.00 2.883865e-09
6440.00 2.843213e-09
6450.00 2.793180e-09
6460.00 2.746822e-09
6470.00 2.692219e-09
6480.00 2.657365e-09
6490.00 2.645490e-09
6500.00 2.642447e-09
6510.00 2.647924e-09
6520.00 2.668821e-09
6530.00 2.685936e-09
6540.00 2.703116e-09
6550.00 2.716471e-09
6560.00 2.752629e-09
6570.00 2.788296e-09
6580.00 2.838899e-09
6590.00 2.889720e-09
6600.00 2.919195e-09
6610.00 2.930049e-09
6620.00 2.933314e-09
6630.00 2.924950e-09
6640.00 2.891566e-09
6650.00 2.875067e-09
6660.00 2.843335e-09
6670.00 2.812855e-09
6680.00 2.788740e-09
6690.00 2.746246e-09
6700.00 2.673178e-09
6710.00 2.594590e-09
6720.00 2.523298e-09
6730.00 2.469761e-09
6740.00 2.425716e-09
6750.00 2.400662e-09
6760.00 2.392097e-09
6770.00 2.358081e-09
6780.00 2.304645e-09
6790.00 2.249032e-09
6800.00 2.205611e-09
6810.00 2.176489e-09
6820.00 2.157347e-09
6830.00 2.137038e-09
6840.00 2.118663e-09
6850.00 2.096263e-09
6860.00 2.097493e-09
6870.00 2.123976e-09
6880.00 2.147826e-09
6890.00 2.181808e-09
6900.00 2.219951e-09
6910.00 2.243080e-09
6920.00 2.269507e-09
6930.00 2.310974e-09
6940.00 2.351878e-09
6950.00 2.379450e-09
6960.00 2.417045e-09
6970.00 2.433880e-09
6980.00 2.437539e-09
6990.00 2.409833e-09
7000.00 2.376283e-09
7010.00 2.346967e-09
7020.00 2.305893e-09
7030.00 2.268104e-09
7040.00 2.249791e-09
7050.00 2.234879e-09
7060.00 2.209338e-09
7070.00 2.188804e-09
7080.00 2.149467e-09
7090.00 2.099080e-09
7100.00 2.077209e-09
7110.00 2.071527e-09
7120.00 2.077795e-09
7130.00 2.089956e-09
7140.00 2.111331e-09
7150.00 2.112410e-09
7160.00 2.113183e-09
7170.00 2.114259e-09
7180.00 2.102825e-09
7190.00 2.099821e-09
7200.00 2.087100e-09
7210.00 2.073156e-09
7220.00 2.068998e-09
7230.00 2.077061e-09
7240.00 2.068286e-09
7250.00 2.068057e-09
7260.00 2.070155e-09
7270.00 2.077830e-09
7280.00 2.076361e-09
7290.00 2.066710e-09
7300.00 2.060561e-09
7310.00 2.057365e-09
7320.00 2.042414e-09
7330.00 2.035010e-09
7340.00 2.030319e-09
7350.00 2.030150e-09
7360.00 2.014980e-09
7370.00 2.007009e-09
7380.00 2.011041e-09
7390.00 1.994612e-09
7400.00 1.975947e-09
7410.00 1.955776e-09
7420.00 1.940924e-09
7430.00 1.931471e-09
7440.00 1.927693e-09
7450.00 1.917410e-09
7460.00 1.901991e-09
7470.00 1.878012e-09
7480.00 1.851878e-09
7490.00 1.823240e-09
7500.00 1.802212e-09
7510.00 1.779290e-09
7520.00 1.784973e-09
7530.00 1.781421e-09
7540.00 1.751522e-09
7550.00 1.739654e-09
7560.00 1.715887e-09
7570.00 1.693498e-09
7580.00 1.698036e-09
7590.00 1.695270e-09
7600.00 1.696646e-09
7610.00 1.697023e-09
7620.00 1.707554e-09
7630.00 1.700100e-09
7640.00 1.714187e-09
7650.00 1.722232e-09
7660.00 1.752440e-09
7670.00 1.775677e-09
7680.00 1.798223e-09
7690.00 1.831163e-09
7700.00 1.863025e-09
7710.00 1.874154e-09
7720.00 1.904947e-09
7730.00 1.919683e-09
7740.00 1.917678e-09
7750.00 1.904566e-09
7760.00 1.904870e-09
7770.00 1.874437e-09
7780.00 1.845314e-09
7790.00 1.808174e-09
7800.00 1.796744e-09
7810.00 1.777273e-09
7820.00 1.762559e-09
7830.00 1.742610e-09
7840.00 1.729390e-09
7850.00 1.695590e-09
7860.00 1.670478e-09
7870.00 1.634198e-09
7880.00 1.586717e-09
7890.00 1.555900e-09
7900.00 1.534205e-09
7910.00 1.502414e-09
7920.00 1.474975e-09
7930.00 1.447986e-09
7940.00 1.396769e-09
7950.00 1.343904e-09
7960.00 1.291179e-09
7970.00 1.236381e-09
7980.00 1.205029e-09
7990.00 1.162343e-09
8000.00 1.151313e-09
8010.00 1.136944e-09
8020.00 1.101818e-09
8030.00 1.092055e-09
8040.00 1.082627e-09
8050.00 1.080607e-09
8060.00 1.065144e-09
8070.00 1.077018e-09
8080.00 1.057537e-09
8090.00 1.072075e-09
8100.00 1.066411e-09
8110.00 1.075021e-09
8120.00 1.070112e-09
8130.00 1.074290e-09
8140.00 1.071664e-09
8150.00 1.060947e-09
8160.00 1.057458e-09
8170.00 1.021881e-09
8180.00 1.004143e-09
8190.00 9.522051e-10
8200.00 9.287291e-10
8210.00 8.830808e-10
8220.00 8.577827e-10
8230.00 8.150075e-10
8240.00 7.916900e-10
8250.00 7.712896e-10
8260.00 7.696086e-10
8270.00 7.656335e-10
8280.00 7.928221e-10
8290.00 8.236623e-10
8300.00 8.369940e-10
8310.00 8.411178e-10
8320.00 8.497795e-10
8330.00 8.500142e-10
8340.00 8.573086e-10
8350.00 8.792768e-10
8360.00 8.886907e-10
8370.00 9.315763e-10
8380.00 9.425573e-10
8390.00 9.667729e-10
8400.00 1.005159e-09
8410.00 1.045929e-09
8420.00 1.084530e-09
8430.00 1.120718e-09
8440.00 1.168254e-09
8450.00 1.209917e-09
8460.00 1.269954e-09
8470.00 1.303425e-09
8480.00 1.342802e-09
8490.00 1.397142e-09
8500.00 1.458965e-09
8510.00 1.504853e-09
8520.00 1.536561e-09
8530.00 1.579252e-09
8540.00 1.601620e-09
8550.00 1.642790e-09
8560.00 1.674039e-09
8570.00 1.703839e-09
8580.00 1.720381e-09
8590.00 1.759599e-09
8600.00 1.756363e-09
8610.00 1.744776e-09
8620.00 1.711035e-09
8630.00 1.696259e-09
8640.00 1.691259e-09
8650.00 1.687005e-09
8660.00 1.678027e-09
8670.00 1.635767e-09
8680.00 1.611016e-09
8690.00 1.598780e-09
8700.00 1.576033e-09
8710.00 1.538712e-09
8720.00 1.524170e-09
8730.00 1.495861e-09
8740.00 1.439997e-09
8750.00 1.400142e-09
8760.00 1.353440e-09
8770.00 1.321834e-09
8780.00 1.286524e-09
8790.00 1.263281e-09
8800.00 1.218308e-09
8810.00 1.185211e-09
8820.00 1.177019e-09
8830.00 1.191968e-09
8840.00 1.181359e-09
8850.00 1.143559e-09
8860.00 1.094905e-09
8870.00 1.043972e-09
8880.00 9.792183e-10
8890.00 9.350485e-10
8900.00 9.090004e-10
8910.00 8.995740e-10
8920.00 9.113546e-10
8930.00 9.216596e-10
8940.00 8.812106e-10
8950.00 8.730538e-10
8960.00 8.662629e-10
8970.00 8.674187e-10
8980.00 8.605608e-10
8990.00 8.925177e-10
9000.00 9.109740e-10
9010.00 9.167110e-10
9020.00 9.098538e-10
9030.00 9.121346e-10
9040.00 9.058690e-10
9050.00 9.375423e-10
9060.00 9.464527e-10
9070.00 9.442990e-10
9080.00 9.248965e-10
9090.00 9.282646e-10
9100.00 8.950612e-10
9110.00 8.544495e-10
9120.00 8.101218e-10
9130.00 7.964619e-10
9140.00 7.882143e-10
9150.00 8.073277e-10
9160.00 8.391631e-10
9170.00 8.614526e-10
9180.00 8.972233e-10
9190.00 8.955263e-10
9200.00 8.363117e-10
9210.00 7.969661e-10
9220.00 7.589412e-10
9230.00 7.195712e-10
9240.00 6.961570e-10
9250.00 7.171981e-10
9260.00 7.264612e-10
9270.00 7.443748e-10
9280.00 7.641691e-10
9290.00 7.591444e-10
9300.00 7.735613e-10
9310.00 7.735152e-10
9320.00 7.507962e-10
9330.00 7.330642e-10
9340.00 7.231971e-10
9350.00 7.056221e-10
9360.00 7.054538e-10
9370.00 7.114828e-10
9380.00 7.457478e-10
9390.00 7.510930e-10
9400.00 7.336396e-10
9410.00 7.432428e-10
9420.00 7.475174e-10
9430.00 7.315774e-10
9440.00 7.075419e-10
9450.00 6.864492e-10
9460.00 6.870102e-10
9470.00 7.071208e-10
9480.00 7.074979e-10
9490.00 7.003502e-10
9500.00 7.088500e-10
9510.00 7.036067e-10
9520.00 6.825361e-10
9530.00 6.898512e-10
9540.00 6.667127e-10
9550.00 6.656199e-10
9560.00 6.803996e-10
9570.00 6.742855e-10
9580.00 6.893840e-10
9590.00 7.040571e-10
9600.00 6.848564e-10
9610.00 6.712124e-10
9620.00 6.988145e-10
9630.00 7.184866e-10
9640.00 7.203820e-10
9650.00 7.168916e-10
9660.00 7.128830e-10
9670.00 6.978588e-10
9680.00 6.594760e-10
9690.00 6.496753e-10
9700.00 6.723760e-10
9710.00 6.956573e-10
9720.00 7.080252e-10
9730.00 6.945768e-10
9740.00 7.045306e-10
9750.00 7.317401e-10
9760.00 7.507299e-10
9770.00 7.469783e-10
9780.00 7.262202e-10
9790.00 7.298084e-10
9800.00 7.125750e-10
9810.00 7.042066e-10
9820.00 7.228521e-10
9830.00 7.147343e-10
9840.00 6.894159e-10
9850.00 6.752277e-10
9860.00 6.659993e-10
9870.00 6.684115e-10
9880.00 7.001854e-10
9890.00 7.035871e-10
9900.00 6.948473e-10
9910.00 7.079540e-10
9920.00 7.002182e-10
9930.00 6.925252e-10
9940.00 6.956047e-10
9950.00 7.029390e-10
9960.00 6.891804e-10
9970.00 6.758718e-10
9980.00 6.577208e-10
9990.00 6.326606e-10
10000.00 5.981743e-10
10010.00 5.627811e-10
10020.00 5.458128e-10
10030.00 5.339371e-10
10040.00 5.181396e-10
10050.00 5.017795e-10
10060.00 5.303898e-10
10070.00 5.707648e-10
10080.00 5.745762e-10
10090.00 5.801792e-10
10100.00 5.760612e-10
10110.00 5.599964e-10
10120.00 5.608834e-10
10130.00 5.638071e-10
10140.00 5.686295e-10
10150.00 5.704817e-10
10160.00 5.601313e-10
10170.00 5.492148e-10
10180.00 5.480134e-10
10190.00 5.511355e-10
10200.00 5.477155e-10
10210.00 5.431491e-10
10220.00 5.220167e-10
10230.00 5.081660e-10
10240.00 5.066363e-10
10250.00 4.952366e-10
10260.00 4.783169e-10
10270.00 4.519420e-10
10280.00 4.304875e-10
10290.00 4.114851e-10
10300.00 3.972102e-10
10310.00 3.909343e-10
10320.00 3.803576e-10
10330.00 3.771374e-10
10340.00 3.541592e-10
10350.00 3.205425e-10
10360.00 3.071523e-10
10370.00 2.974612e-10
10380.00 2.843753e-10
10390.00 2.777595e-10
10400.00 2.785296e-10
10410.00 2.708990e-10
10420.00 2.691217e-10
10430.00 2.704708e-10
10440.00 2.702476e-10
10450.00 2.797026e-10
10460.00 2.868060e-10
10470.00 3.035073e-10
10480.00 3.311732e-10
10490.00 3.538851e-10
10500.00 3.693627e-10
10510.00 3.841735e-10
10520.00 4.044558e-10
10530.00 4.222092e-10
10540.00 4.416692e-10
10550.00 4.568844e-10
10560.00 4.697629e-10
10570.00 4.781275e-10
10580.00 4.838138e-10
10590.00 4.948721e-10
10600.00 5.154418e-10
10610.00 5.529124e-10
10620.00 5.958446e-10
10630.00 6.330229e-10
10640.00 6.531708e-10
10650.00 6.720613e-10
10660.00 7.005891e-10
10670.00 7.177582e-10
10680.00 7.359665e-10
10690.00 7.503590e-10
10700.00 7.715102e-10
10710.00 7.870795e-10
10720.00 7.860459e-10
10730.00 7.813026e-10
10740.00 7.897723e-10
10750.00 8.025663e-10
10760.00 8.033743e-10
10770.00 8.169916e-10
10780.00 8.145005e-10
10790.00 7.919526e-10
10800.00 7.963858e-10
10810.00 8.164699e-10
10820.00 8.126240e-10
10830.00 7.918541e-10
10840.00 7.899176e-10
10850.00 8.083201e-10
10860.00 8.087991e-10
10870.00 7.895593e-10
10880.00 7.802802e-10
10890.00 7.882541e-10
10900.00 7.762968e-10
10910.00 7.484260e-10
10920.00 7.511601e-10
10930.00 7.482800e-10
10940.00 7.230546e-10
10950.00 7.220294e-10
10960.00 7.184175e-10
10970.00 7.074805e-10
10980.00 6.951771e-10
10990.00 6.811210e-10
11000.00 6.823240e-10
11010.00 6.788732e-10
11020.00 6.611603e-10
11030.00 6.517444e-10
11040.00 6.618343e-10
11050.00 6.795460e-10
11060.00 6.621823e-10
11070.00 6.289463e-10
11080.00 6.156853e-10
11090.00 6.045224e-10
11100.00 5.949722e-10
11110.00 5.936094e-10
11120.00 5.846987e-10
11130.00 5.775955e-10
11140.00 5.653707e-10
11150.00 5.596822e-10
11160.00 5.693442e-10
11170.00 5.548597e-10
11180.00 5.430299e-10
11190.00 5.597996e-10
11200.00 5.628640e-10
11210.00 5.381906e-10
11220.00 5.420579e-10
11230.00 5.637968e-10
11240.00 5.595508e-10
11250.00 5.373151e-10
11260.00 5.319283e-10
11270.00 5.403327e-10
11280.00 5.213280e-10
11290.00 5.211610e-10
11300.00 5.293147e-10
11310.00 5.064849e-10
11320.00 4.899299e-10
11330.00 4.953760e-10
11340.00 4.840633e-10
11350.00 4.711539e-10
11360.00 4.650424e-10
11370.00 4.591003e-10
11380.00 4.581617e-10
11390.00 4.607933e-10
11400.00 4.541049e-10
11410.00 4.333946e-10
11420.00 4.262590e-10
11430.00 4.341352e-10
11440.00 4.304306e-10
11450.00 4.318736e-10
11460.00 4.323345e-10
11470.00 4.135224e-10
11480.00 4.212300e-10
11490.00 4.254781e-10
11500.00 4.153888e-10
11510.00 4.201403e-10
11520.00 4.177125e-10
11530.00 4.025908e-10
11540.00 3.925634e-10
11550.00 3.888904e-10
11560.00 3.837811e-10
11570.00 3.759828e-10
11580.00 3.868522e-10
11590.00 3.891384e-10
11600.00 3.804838e-10
11610.00 3.768457e-10
11620.00 3.641285e-10
11630.00 3.608716e-10
11640.00 3.647134e-10
11650.00 3.675169e-10
11660.00 3.690675e-10
11670.00 3.719041e-10
11680.00 3.702953e-10
11690.00 3.653058e-10
11700.00 3.685686e-10
11710.00 3.747780e-10
11720.00 3.743703e-10
11730.00 3.618675e-10
11740.00 3.494893e-10
11750.00 3.530840e-10
11760.00 3.557924e-10
11770.00 3.492453e-10
11780.00 3.506599e-10
11790.00 3.619905e-10
11800.00 3.660397e-10
11810.00 3.570847e-10
11820.00 3.487114e-10
11830.00 3.556187e-10
11840.00 3.625838e-10
11850.00 3.505823e-10
11860.00 3.337072e-10
11870.00 3.350740e-10
11880.00 3.399763e-10
11890.00 3.453510e-10
11900.00 3.498105e-10
11910.00 3.391030e-10
11920.00 3.420786e-10
11930.00 3.490664e-10
11940.00 3.444133e-10
11950.00 3.408991e-10
11960.00 3.399196e-10
11970.00 3.268975e-10
11980.00 3.215047e-10
11990.00 3.232172e-10
12000.00 3.165544e-10
12010.00 3.095535e-10
12020.00 3.081906e-10
12030.00 3.099291e-10
12040.00 3.099100e-10
12050.00 3.214783e-10
12060.00 3.122367e-10
12070.00 2.991321e-10
12080.00 3.043816e-10
12090.00 3.052682e-10
12100.00 3.026414e-10
12110.00 2.951783e-10
12120.00 2.947586e-10
12130.00 2.907435e-10
12140.00 2.953546e-10
12150.00 3.070768e-10
12160.00 2.977767e-10
12170.00 2.816297e-10
12180.00 2.762274e-10
12190.00 2.894671e-10
12200.00 2.996089e-10
12210.00 2.946922e-10
12220.00 2.861523e-10
12230.00 2.797561e-10
12240.00 2.751451e-10
12250.00 2.702702e-10
12260.00 2.671426e-10
12270.00 2.732772e-10
12280.00 2.832502e-10
12290.00 2.762629e-10
12300.00 2.766261e-10
12310.00 2.920049e-10
12320.00 2.871675e-10
12330.00 2.744096e-10
12340.00 2.786391e-10
12350.00 2.801452e-10
12360.00 2.784363e-10
12370.00 2.795247e-10
12380.00 2.781720e-10
12390.00 2.896313e-10
12400.00 2.921825e-10
12410.00 2.757876e-10
12420.00 2.751921e-10
12430.00 2.760322e-10
12440.00 2.684437e-10
12450.00 2.723563e-10
12460.00 2.621742e-10
12470.00 2.463663e-10
12480.00 2.599665e-10
12490.00 2.657534e-10
12500.00 2.581302e-10
12510.00 2.570709e-10
12520.00 2.688670e-10
12530.00 2.741172e-10
12540.00 2.668016e-10
12550.00 2.589055e-10
12560.00 2.627829e-10
12570.00 2.611701e-10
12580.00 2.598432e-10
12590.00 2.634081e-10
12600.00 2.539428e-10
12610.00 2.528387e-10
12620.00 2.617869e-10
12630.00 2.613644e-10
12640.00 2.672382e-10
12650.00 2.703181e-10
12660.00 2.511899e-10
12670.00 2.488470e-10
12680.00 2.578770e-10
12690.00 2.550711e-10
12700.00 2.526736e-10
12710.00 2.540645e-10
12720.00 2.595750e-10
12730.00 2.603816e-10
12740.00 2.542118e-10
12750.00 2.489115e-10
12760.00 2.471594e-10
12770.00 2.517342e-10
12780.00 2.457948e-10
12790.00 2.383771e-10
12800.00 2.437298e-10
12810.00 2.409187e-10
12820.00 2.332516e-10
12830.00 2.375751e-10
12840.00 2.352270e-10
12850.00 2.286237e-10
12860.00 2.295600e-10
12870.00 2.349748e-10
12880.00 2.387850e-10
12890.00 2.359030e-10
12900.00 2.342106e-10
12910.00 2.245992e-10
12920.00 2.123578e-10
12930.00 2.078513e-10
12940.00 2.088334e-10
12950.00 2.167552e-10
12960.00 2.209766e-10
12970.00 2.139006e-10
12980.00 2.041122e-10
12990.00 2.052207e-10
13000.00 2.109937e-10
13010.00 2.103532e-10
13020.00 2.123311e-10
13030.00 2.125062e-10
13040.00 2.036934e-10
13050.00 2.014297e-10
13060.00 2.099326e-10
13070.00 2.162116e-10
13080.00 2.206129e-10
13090.00 2.144656e-10
13100.00 1.961523e-10
13110.00 1.943612e-10
13120.00 1.949996e-10
13130.00 1.913471e-10
13140.00 1.921678e-10
13150.00 1.948581e-10
13160.00 1.997594e-10
13170.00 1.965635e-10
13180.00 1.964304e-10
13190.00 1.969999e-10
13200.00 1.946602e-10
13210.00 1.936433e-10
13220.00 1.939753e-10
13230.00 1.935305e-10
13240.00 1.963266e-10
13250.00 1.967938e-10
13260.00 1.955020e-10
13270.00 1.966769e-10
13280.00 1.940192e-10
13290.00 1.914057e-10
13300.00 1.874372e-10
13310.00 1.841206e-10
13320.00 1.870705e-10
13330.00 1.890480e-10
13340.00 1.866883e-10
13350.00 1.864549e-10
13360.00 1.846523e-10
13370.00 1.863096e-10
13380.00 1.830843e-10
13390.00 1.736432e-10
13400.00 1.716437e-10
13410.00 1.701198e-10
13420.00 1.689279e-10
13430.00 1.678983e-10
13440.00 1.669659e-10
13450.00 1.660788e-10
13460.00 1.652830e-10
13470.00 1.644938e-10
13480.00 1.637694e-10
13490.00 1.630471e-10
13500.00 1.623551e-10
13510.00 1.616826e-10
13520.00 1.610120e-10
13530.00 1.603551e-10
13540.00 1.597025e-10
13550.00 1.590516e-10
13560.00 1.583960e-10
13570.00 1.577406e-10
13580.00 1.570871e-10
13590.00 1.564332e-10
13600.00 1.557798e-10
13610.00 1.551283e-10
13620.00 1.544734e-10
13630.00 1.538146e-10
13640.00 1.531577e-10
13650.00 1.524991e-10
13660.00 1.518338e-10
13670.00 1.511705e-10
13680.00 1.505182e-10
13690.00 1.499282e-10
13700.00 1.493399e-10
13710.00 1.487531e-10
13720.00 1.480942e-10
13730.00 1.474344e-10
13740.00 1.467765e-10
13750.00 1.460803e-10
13760.00 1.453761e-10
13770.00 1.446740e-10
13780.00 1.439277e-10
13790.00 1.431569e-10
13800.00 1.423886e-10
13810.00 1.415821e-10
13820.00 1.407317e-10
13830.00 1.398843e-10
13840.00 1.389833e-10
13850.00 1.379549e-10
13860.00 1.369302e-10
13870.00 1.359080e-10
13880.00 1.348867e-10
13890.00 1.338691e-10
13900.00 1.328672e-10
13910.00 1.318842e-10
13920.00 1.309046e-10
13930.00 1.299628e-10
13940.00 1.290342e-10
13950.00 1.281102e-10
13960.00 1.271931e-10
13970.00 1.262798e-10
13980.00 1.253883e-10
13990.00 1.245128e-10
14000.00 1.237016e-10
14010.00 1.229232e-10
14020.00 1.222359e-10
14030.00 1.218852e-10
14040.00 1.206933e-10
14050.00 1.201474e-10
14060.00 1.204896e-10
14070.00 1.200750e-10
14080.00 1.190301e-10
14090.00 1.184599e-10
14100.00 1.176723e-10
14110.00 1.180235e-10
14120.00 1.193781e-10
14130.00 1.224009e-10
14140.00 1.191709e-10
14150.00 1.126966e-10
14160.00 1.120003e-10
14170.00 1.107089e-10
14180.00 1.083636e-10
14190.00 1.088801e-10
14200.00 1.049200e-10
14210.00 1.042713e-10
14220.00 1.082740e-10
14230.00 1.103280e-10
14240.00 1.090011e-10
14250.00 1.065731e-10
14260.00 1.079480e-10
14270.00 1.093113e-10
14280.00 1.106397e-10
14290.00 1.134475e-10
14300.00 1.131506e-10
14310.00 1.109182e-10
14320.00 1.121706e-10
14330.00 1.121803e-10
14340.00 1.155535e-10
14350.00 1.178055e-10
14360.00 1.160774e-10
14370.00 1.156088e-10
14380.00 1.148248e-10
14390.00 1.126964e-10
14400.00 1.101184e-10
14410.00 1.122457e-10
14420.00 1.144681e-10
14430.00 1.166023e-10
14440.00 1.154826e-10
14450.00 1.133029e-10
14460.00 1.122770e-10
14470.00 1.131000e-10
14480.00 1.142013e-10
14490.00 1.114833e-10
14500.00 1.092960e-10
14510.00 1.086633e-10
14520.00 1.109566e-10
14530.00 1.051517e-10
14540.00 1.020208e-10
14550.00 1.062137e-10
14560.00 1.040944e-10
14570.00 1.046951e-10
14580.00 1.087235e-10
14590.00 1.065279e-10
14600.00 1.018743e-10
14610.00 9.925228e-11
14620.00 1.007468e-10
14630.00 1.028833e-10
14640.00 1.010415e-10
14650.00 1.014367e-10
14660.00 1.033817e-10
14670.00 1.042379e-10
14680.00 1.035899e-10
14690.00 1.011665e-10
14700.00 1.014437e-10
14710.00 1.053649e-10
14720.00 1.035015e-10
14730.00 1.000450e-10
14740.00 1.011622e-10
14750.00 9.998737e-11
14760.00 9.827255e-11
14770.00 9.978959e-11
14780.00 1.006873e-10
14790.00 1.004765e-10
14800.00 9.920549e-11
14810.00 9.704183e-11
14820.00 9.696780e-11
14830.00 9.998332e-11
14840.00 1.008144e-10
14850.00 9.860490e-11
14860.00 9.889912e-11
14870.00 9.794572e-11
14880.00 9.781778e-11
14890.00 9.928140e-11
14900.00 9.879087e-11
14910.00 9.843785e-11
14920.00 9.727753e-11
14930.00 9.694713e-11
14940.00 9.687297e-11
14950.00 9.558917e-11
14960.00 9.641533e-11
14970.00 9.625045e-11
14980.00 9.542331e-11
14990.00 9.470177e-11
15000.00 9.370235e-11
15010.00 9.540404e-11
15020.00 9.352629e-11
15030.00 8.991410e-11
15040.00 8.975704e-11
15050.00 9.156635e-11
15060.00 9.201455e-11
15070.00 8.976653e-11
15080.00 8.880461e-11
15090.00 8.942643e-11
15100.00 8.770512e-11
15110.00 8.735859e-11
15120.00 8.847185e-11
15130.00 8.723917e-11
15140.00 8.737095e-11
15150.00 8.471356e-11
15160.00 8.367663e-11
15170.00 8.401031e-11
15180.00 8.280962e-11
15190.00 8.241952e-11
15200.00 8.337173e-11
15210.00 8.286877e-11
15220.00 7.979899e-11
15230.00 7.971505e-11
15240.00 7.994935e-11
15250.00 8.057424e-11
15260.00 8.118670e-11
15270.00 8.054086e-11
15280.00 7.770678e-11
15290.00 7.707379e-11
15300.00 7.793291e-11
15310.00 7.922571e-11
15320.00 8.010585e-11
15330.00 7.595292e-11
15340.00 7.491299e-11
15350.00 7.852107e-11
15360.00 8.116652e-11
15370.00 8.089786e-11
15380.00 7.689570e-11
15390.00 7.354686e-11
15400.00 7.358506e-11
15410.00 7.436324e-11
15420.00 7.422427e-11
15430.00 7.288719e-11
15440.00 7.204867e-11
15450.00 7.283649e-11
15460.00 7.237997e-11
15470.00 7.036744e-11
15480.00 7.094827e-11
15490.00 6.989654e-11
15500.00 6.806617e-11
15510.00 6.987154e-11
15520.00 7.062507e-11
15530.00 6.813314e-11
15540.00 6.581128e-11
15550.00 6.653861e-11
15560.00 6.697733e-11
15570.00 6.697962e-11
15580.00 6.679720e-11
15590.00 6.657444e-11
15600.00 6.602150e-11
15610.00 6.571023e-11
15620.00 6.497526e-11
15630.00 6.485825e-11
15640.00 6.720070e-11
15650.00 6.741798e-11
15660.00 6.505759e-11
15670.00 6.336328e-11
15680.00 6.450615e-11
15690.00 6.688462e-11
15700.00 6.727521e-11
15710.00 6.679086e-11
15720.00 6.640038e-11
15730.00 6.474494e-11
15740.00 6.402733e-11
15750.00 6.350937e-11
15760.00 6.283827e-11
15770.00 6.214371e-11
15780.00 6.175911e-11
15790.00 6.250839e-11
15800.00 6.264606e-11
15810.00 6.207679e-11
15820.00 6.179688e-11
15830.00 6.133986e-11
15840.00 5.868639e-11
15850.00 5.865195e-11
15860.00 6.067741e-11
15870.00 6.059328e-11
15880.00 5.980141e-11
15890.00 5.846119e-11
15900.00 5.895879e-11
15910.00 5.950895e-11
15920.00 5.934000e-11
15930.00 6.015268e-11
15940.00 5.960766e-11
15950.00 5.769370e-11
15960.00 5.785873e-11
15970.00 5.780298e-11
15980.00 5.607014e-11
15990.00 5.652151e-11
16000.00 5.675155e-11
16010.00 5.653264e-11
16020.00 5.649815e-11
16030.00 5.671860e-11
16040.00 5.736186e-11
16050.00 5.666219e-11
16060.00 5.547515e-11
16070.00 5.488292e-11
16080.00 5.434045e-11
16090.00 5.444441e-11
16100.00 5.441030e-11
16110.00 5.356162e-11
16120.00 5.476346e-11
16130.00 5.564062e-11
16140.00 5.354358e-11
16150.00 5.256314e-11
16160.00 5.439771e-11
16170.00 5.485476e-11
16180.00 5.370449e-11
16190.00 5.211837e-11
16200.00 5.181950e-11
16210.00 5.186287e-11
16220.00 5.118294e-11
16230.00 5.160185e-11
16240.00 5.088676e-11
16250.00 4.865481e-11
16260.00 4.818959e-11
16270.00 4.920094e-11
16280.00 4.944892e-11
16290.00 4.991578e-11
16300.00 4.901014e-11
16310.00 4.768119e-11
16320.00 4.901330e-11
16330.00 4.890330e-11
16340.00 4.794668e-11
16350.00 4.808522e-11
16360.00 4.677586e-11
16370.00 4.614142e-11
16380.00 4.661736e-11
16390.00 4.625591e-11
16400.00 4.609241e-11
16410.00 4.571035e-11
16420.00 4.557534e-11
16430.00 4.609702e-11
16440.00 4.555799e-11
16450.00 4.485233e-11
16460.00 4.407262e-11
16470.00 4.410448e-11
16480.00 4.425017e-11
16490.00 4.374169e-11
16500.00 4.421360e-11
16510.00 4.430112e-11
16520.00 4.296618e-11
16530.00 4.119129e-11
16540.00 4.185009e-11
16550.00 4.294990e-11
16560.00 4.175371e-11
16570.00 4.179451e-11
16580.00 4.258005e-11
16590.00 4.225878e-11
16600.00 4.147358e-11
16610.00 4.138777e-11
16620.00 4.156161e-11
16630.00 4.083752e-11
16640.00 3.947727e-11
16650.00 3.917732e-11
16660.00 4.020071e-11
16670.00 4.011222e-11
16680.00 4.007043e-11
16690.00 4.061793e-11
16700.00 3.901627e-11
16710.00 4.032767e-11
16720.00 4.247004e-11
16730.00 4.111551e-11
16740.00 4.043713e-11
16750.00 4.084934e-11
16760.00 4.097427e-11
16770.00 4.140078e-11
16780.00 4.174452e-11
16790.00 4.177074e-11
16800.00 4.226149e-11
16810.00 4.210413e-11
16820.00 4.105877e-11
16830.00 4.017110e-11
16840.00 3.987605e-11
16850.00 3.987984e-11
16860.00 3.951488e-11
16870.00 3.931661e-11
16880.00 4.039320e-11
16890.00 4.058591e-11
16900.00 3.916437e-11
16910.00 3.957998e-11
16920.00 3.962898e-11
16930.00 3.801766e-11
16940.00 3.773561e-11
16950.00 3.771437e-11
16960.00 3.760353e-11
16970.00 3.738494e-11
16980.00 3.662564e-11
16990.00 3.627176e-11
17000.00 3.631351e-11
17010.00 3.598823e-11
17020.00 3.541859e-11
17030.00 3.542315e-11
17040.00 3.514651e-11
17050.00 3.522840e-11
17060.00 3.543791e-11
17070.00 3.525873e-11
17080.00 3.516753e-11
17090.00 3.439442e-11
17100.00 3.438396e-11
17110.00 3.428010e-11
17120.00 3.325885e-11
17130.00 3.305953e-11
17140.00 3.299159e-11
17150.00 3.275491e-11
17160.00 3.261673e-11
17170.00 3.208208e-11
17180.00 3.230201e-11
17190.00 3.264732e-11
17200.00 3.245199e-11
17210.00 3.176823e-11
17220.00 3.106871e-11
17230.00 3.208181e-11
17240.00 3.153188e-11
17250.00 3.064836e-11
17260.00 3.118448e-11
17270.00 3.052338e-11
17280.00 3.054905e-11
17290.00 3.028428e-11
17300.00 3.010151e-11
17310.00 2.972905e-11
17320.00 2.982566e-11
17330.00 2.990349e-11
17340.00 2.867646e-11
17350.00 2.847933e-11
17360.00 2.855094e-11
17370.00 2.835908e-11
17380.00 2.831713e-11
17390.00 2.851850e-11
17400.00 2.876426e-11
17410.00 2.877177e-11
17420.00 2.816167e-11
17430.00 2.747127e-11
17440.00 2.788176e-11
17450.00 2.878930e-11
17460.00 2.889757e-11
17470.00 2.700742e-11
17480.00 2.622960e-11
17490.00 2.665410e-11
17500.00 2.584007e-11
17510.00 2.571005e-11
17520.00 2.596737e-11
17530.00 2.573896e-11
17540.00 2.564337e-11
17550.00 2.561769e-11
17560.00 2.495825e-11
17570.00 2.478521e-11
17580.00 2.537033e-11
17590.00 2.551126e-11
17600.00 2.521480e-11
17610.00 2.472034e-11
17620.00 2.441052e-11
17630.00 2.430429e-11
17640.00 2.409647e-11
17650.00 2.416152e-11
17660.00 2.363359e-11
17670.00 2.267070e-11
17680.00 2.250148e-11
17690.00 2.309528e-11
17700.00 2.374379e-11
17710.00 2.367376e-11
17720.00 2.323005e-11
17730.00 2.323324e-11
17740.00 2.324077e-11
17750.00 2.296329e-11
17760.00 2.270121e-11
17770.00 2.216922e-11
17780.00 2.235492e-11
17790.00 2.295378e-11
17800.00 2.190211e-11
17810.00 2.058609e-11
17820.00 2.070537e-11
17830.00 2.090461e-11
17840.00 2.108983e-11
17850.00 2.085950e-11
17860.00 2.023580e-11
17870.00 2.032982e-11
17880.00 2.077717e-11
17890.00 2.081672e-11
17900.00 2.084967e-11
17910.00 2.335325e-11
17920.00 2.297125e-11
17930.00 1.995591e-11
17940.00 1.939526e-11
17950.00 1.870013e-11
17960.00 1.892589e-11
17970.00 1.954032e-11
17980.00 1.945913e-11
17990.00 1.934433e-11
18000.00 1.922231e-11
18010.00 1.909176e-11
18020.00 1.896189e-11
18030.00 1.882727e-11
18040.00 1.869288e-11
18050.00 1.855923e-11
18060.00 1.842864e-11
18070.00 1.829968e-11
18080.00 1.817140e-11
18090.00 1.804382e-11
18100.00 1.791773e-11
18110.00 1.779340e-11
18120.00 1.766974e-11
18130.00 1.754674e-11
18140.00 1.742440e-11
18150.00 1.730360e-11
18160.00 1.718534e-11
18170.00 1.706772e-11
18180.00 1.695071e-11
18190.00 1.683433e-11
18200.00 1.671856e-11
18210.00 1.660423e-11
18220.00 1.649100e-11
18230.00 1.637837e-11
18240.00 1.626634e-11
18250.00 1.615491e-11
18260.00 1.604406e-11
18270.00 1.593143e-11
18280.00 1.581837e-11
18290.00 1.570594e-11
18300.00 1.559412e-11
18310.00 1.548292e-11
18320.00 1.537232e-11
18330.00 1.526117e-11
18340.00 1.515015e-11
18350.00 1.503975e-11
18360.00 1.492997e-11
18370.00 1.482080e-11
18380.00 1.471226e-11
18390.00 1.460317e-11
18400.00 1.449424e-11
18410.00 1.438593e-11
18420.00 1.427825e-11
18430.00 1.417120e-11
18440.00 1.406475e-11
18450.00 1.395783e-11
18460.00 1.385112e-11
18470.00 1.374503e-11
18480.00 1.363956e-11
18490.00 1.353471e-11
18500.00 1.343049e-11
18510.00 1.332591e-11
18520.00 1.322160e-11
18530.00 1.311792e-11
18540.00 1.301487e-11
18550.00 1.291242e-11
18560.00 1.281060e-11
18570.00 1.270887e-11
18580.00 1.260758e-11
18590.00 1.250691e-11
18600.00 1.240685e-11
18610.00 1.230740e-11
18620.00 1.220856e-11
18630.00 1.211002e-11
18640.00 1.201197e-11
18650.00 1.191454e-11
18660.00 1.181770e-11
18670.00 1.172147e-11
18680.00 1.162583e-11
18690.00 1.153046e-11
18700.00 1.143558e-11
18710.00 1.134129e-11
18720.00 1.124759e-11
18730.00 1.115449e-11
18740.00 1.106197e-11
18750.00 1.096955e-11
18760.00 1.087759e-11
18770.00 1.078622e-11
18780.00 1.069543e-11
18790.00 1.060521e-11
18800.00 1.051557e-11
18810.00 1.042600e-11
18820.00 1.033688e-11
18830.00 1.024832e-11
18840.00 1.016034e-11
18850.00 1.007294e-11
18860.00 9.986104e-12
18870.00 9.898962e-12
18880.00 9.812170e-12
18890.00 9.725951e-12
18900.00 9.640304e-12
18910.00 9.555230e-12
18920.00 9.470722e-12
18930.00 9.385452e-12
18940.00 9.300441e-12
18950.00 9.216009e-12
18960.00 9.132143e-12
18970.00 9.048850e-12
18980.00 8.966129e-12
18990.00 8.887906e-12
19000.00 8.811107e-12
19010.00 8.734812e-12
19020.00 8.659026e-12
19030.00 8.583743e-12
19040.00 8.508913e-12
19050.00 8.434573e-12
19060.00 8.360728e-12
19070.00 8.287380e-12
19080.00 8.214255e-12
19090.00 8.141185e-12
19100.00 8.068605e-12
19110.00 7.996527e-12
19120.00 7.923989e-12
19130.00 7.851750e-12
19140.00 7.780015e-12
19150.00 7.701387e-12
19160.00 7.620503e-12
19170.00 7.516280e-12
19180.00 7.486753e-12
19190.00 8.321222e-12
19200.00 8.595531e-12
19210.00 8.259711e-12
19220.00 8.068025e-12
19230.00 8.015432e-12
19240.00 8.110932e-12
19250.00 8.192808e-12
19260.00 7.954102e-12
19270.00 7.709523e-12
19280.00 7.680638e-12
19290.00 7.674577e-12
19300.00 7.627116e-12
19310.00 7.585222e-12
19320.00 7.672363e-12
19330.00 7.416365e-12
19340.00 7.080720e-12
19350.00 7.271030e-12
19360.00 7.328616e-12
19370.00 7.204616e-12
19380.00 7.304900e-12
19390.00 7.263620e-12
19400.00 7.221767e-12
19410.00 7.267992e-12
19420.00 7.156038e-12
19430.00 7.077675e-12
19440.00 7.117691e-12
19450.00 7.330041e-12
19460.00 7.307114e-12
19470.00 7.306639e-12
19480.00 7.527523e-12
19490.00 7.266784e-12
19500.00 7.051319e-12
19510.00 7.043833e-12
19520.00 7.074868e-12
19530.00 7.011100e-12
19540.00 6.917034e-12
19550.00 6.969496e-12
19560.00 6.976144e-12
19570.00 6.743844e-12
19580.00 6.644754e-12
19590.00 6.737824e-12
19600.00 6.632520e-12
19610.00 6.774890e-12
19620.00 6.844372e-12
19630.00 6.500003e-12
19640.00 6.345295e-12
19650.00 6.297620e-12
19660.00 6.349513e-12
19670.00 6.282353e-12
19680.00 6.108692e-12
19690.00 6.017868e-12
19700.00 5.953463e-12
19710.00 5.888156e-12
19720.00 5.849099e-12
19730.00 5.791978e-12
19740.00 5.637690e-12
19750.00 5.638108e-12
19760.00 5.469754e-12
19770.00 5.518571e-12
19780.00 5.446407e-12
19790.00 5.286792e-12
19800.00 5.477354e-12
19810.00 5.539317e-12
19820.00 5.072923e-12
19830.00 4.803588e-12
19840.00 4.810555e-12
19850.00 4.426099e-12
19860.00 4.214766e-12
19870.00 4.078057e-12
19880.00 3.813435e-12
19890.00 3.616450e-12
19900.00 3.710158e-12
19910.00 3.860102e-12
19920.00 3.895010e-12
19930.00 3.839390e-12
19940.00 3.800021e-12
19950.00 3.575991e-12
19960.00 3.344865e-12
19970.00 3.512895e-12
19980.00 3.706663e-12
19990.00 3.678879e-12
20000.00 3.565159e-12
20010.00 3.570762e-12
20020.00 3.654929e-12
20030.00 3.503989e-12
20040.00 3.544294e-12
20050.00 3.626070e-12
20060.00 3.467645e-12
20070.00 3.423147e-12
20080.00 3.433319e-12
20090.00 3.373007e-12
20100.00 3.454977e-12
20110.00 3.566575e-12
20120.00 3.564379e-12
20130.00 3.620756e-12
20140.00 3.626599e-12
20150.00 3.571591e-12
20160.00 3.670049e-12
20170.00 4.158177e-12
20180.00 4.263179e-12
20190.00 3.850731e-12
20200.00 3.720189e-12
20210.00 3.807758e-12
20220.00 3.834323e-12
20230.00 3.856801e-12
20240.00 3.914015e-12
20250.00 3.887562e-12
20260.00 3.964105e-12
20270.00 4.054416e-12
20280.00 3.988480e-12
20290.00 3.972784e-12
20300.00 3.969683e-12
20310.00 3.960637e-12
20320.00 3.997348e-12
20330.00 3.966886e-12
20340.00 3.889904e-12
20350.00 3.902843e-12
20360.00 3.889563e-12
20370.00 3.835429e-12
20380.00 3.820019e-12
20390.00 3.831236e-12
20400.00 3.829861e-12
20410.00 3.832952e-12
20420.00 3.872536e-12
20430.00 3.919956e-12
20440.00 3.927379e-12
20450.00 3.869359e-12
20460.00 3.863834e-12
20470.00 3.834726e-12
20480.00 3.737619e-12
20490.00 3.720469e-12
20500.00 3.768712e-12
20510.00 3.778544e-12
20520.00 3.709799e-12
20530.00 3.634273e-12
20540.00 3.642086e-12
20550.00 3.640913e-12
20560.00 3.603883e-12
20570.00 3.589455e-12
20580.00 3.626628e-12
20590.00 3.590550e-12
20600.00 3.455341e-12
20610.00 3.468543e-12
20620.00 3.501666e-12
20630.00 3.403291e-12
20640.00 3.349773e-12
20650.00 3.317259e-12
20660.00 3.284571e-12
20670.00 3.259981e-12
20680.00 3.256445e-12
20690.00 3.236728e-12
20700.00 3.177157e-12
20710.00 3.126346e-12
20720.00 3.071373e-12
20730.00 3.036710e-12
20740.00 2.981651e-12
20750.00 2.936903e-12
20760.00 2.982265e-12
20770.00 2.983616e-12
20780.00 2.993491e-12
20790.00 3.025522e-12
20800.00 2.928946e-12
20810.00 2.855930e-12
20820.00 2.885584e-12
20830.00 2.875700e-12
20840.00 2.829476e-12
20850.00 2.842555e-12
20860.00 2.818798e-12
20870.00 2.669327e-12
20880.00 2.628269e-12
20890.00 2.668791e-12
20900.00 2.635914e-12
20910.00 2.635225e-12
20920.00 2.668838e-12
20930.00 2.605670e-12
20940.00 2.519203e-12
20950.00 2.507988e-12
20960.00 2.514407e-12
20970.00 2.495101e-12
20980.00 2.446697e-12
20990.00 2.434408e-12
21000.00 2.389354e-12
21010.00 2.361374e-12
21020.00 2.330902e-12
21030.00 2.268973e-12
21040.00 2.316273e-12
21050.00 2.328017e-12
21060.00 2.273879e-12
21070.00 2.276893e-12
21080.00 2.202334e-12
21090.00 2.159102e-12
21100.00 2.212420e-12
21110.00 2.182271e-12
21120.00 2.139128e-12
21130.00 2.137252e-12
21140.00 2.129718e-12
21150.00 2.086371e-12
21160.00 2.031302e-12
21170.00 2.017468e-12
21180.00 2.038519e-12
21190.00 2.025574e-12
21200.00 2.001039e-12
21210.00 1.973119e-12
21220.00 1.936725e-12
21230.00 1.908105e-12
21240.00 1.911853e-12
21250.00 1.926091e-12
21260.00 1.908545e-12
21270.00 1.821012e-12
21280.00 1.780154e-12
21290.00 1.813044e-12
21300.00 1.780952e-12
21310.00 1.744966e-12
21320.00 1.753734e-12
21330.00 1.772047e-12
21340.00 1.751565e-12
21350.00 1.700182e-12
21360.00 1.657952e-12
21370.00 1.631422e-12
21380.00 1.604545e-12
21390.00 1.586426e-12
21400.00 1.593126e-12
21410.00 1.574082e-12
21420.00 1.561944e-12
21430.00 1.552465e-12
21440.00 1.528966e-12
21450.00 1.538950e-12
21460.00 1.518032e-12
21470.00 1.445076e-12
21480.00 1.437293e-12
21490.00 1.472866e-12
21500.00 1.448861e-12
21510.00 1.376983e-12
21520.00 1.345216e-12
21530.00 1.366914e-12
21540.00 1.371205e-12
21550.00 1.371760e-12
21560.00 1.363282e-12
21570.00 1.322336e-12
21580.00 1.292930e-12
21590.00 1.297221e-12
21600.00 1.307766e-12
21610.00 1.299945e-12
21620.00 1.256204e-12
21630.00 1.220119e-12
21640.00 1.207770e-12
21650.00 1.200143e-12
21660.00 1.194717e-12
21670.00 1.179990e-12
21680.00 1.177580e-12
21690.00 1.172005e-12
21700.00 1.169569e-12
21710.00 1.146583e-12
21720.00 1.101754e-12
21730.00 1.088556e-12
21740.00 1.062796e-12
21750.00 1.033535e-12
21760.00 1.040125e-12
21770.00 1.057125e-12
21780.00 1.046062e-12
21790.00 1.042741e-12
21800.00 1.043602e-12
21810.00 1.011853e-12
21820.00 9.670487e-13
21830.00 9.493307e-13
21840.00 9.736454e-13
21850.00 9.916044e-13
21860.00 9.775325e-13
21870.00 9.296125e-13
21880.00 8.921043e-13
21890.00 8.821220e-13
21900.00 8.757997e-13
21910.00 8.861103e-13
21920.00 8.821541e-13
21930.00 8.859608e-13
21940.00 8.762145e-13
21950.00 8.406569e-13
21960.00 8.441207e-13
21970.00 8.404257e-13
21980.00 8.161522e-13
21990.00 7.886103e-13
22000.00 7.820813e-13
22010.00 7.807446e-13
22020.00 7.675010e-13
22030.00 7.786405e-13
22040.00 7.668473e-13
22050.00 7.540387e-13
22060.00 7.554592e-13
22070.00 7.659017e-13
22080.00 7.398508e-13
22090.00 7.003230e-13
22100.00 7.371859e-13
22110.00 7.332541e-13
22120.00 6.961215e-13
22130.00 6.845245e-13
22140.00 6.849926e-13
22150.00 6.785454e-13
22160.00 6.488613e-13
22170.00 6.326294e-13
22180.00 6.510693e-13
22190.00 6.526138e-13
22200.00 6.365534e-13
22210.00 6.553066e-13
22220.00 6.588910e-13
22230.00 6.277373e-13
22240.00 6.012740e-13
22250.00 5.775372e-13
22260.00 5.702585e-13
22270.00 5.924547e-13
22280.00 5.804131e-13
22290.00 5.671214e-13
22300.00 5.795150e-13
22310.00 5.653477e-13
22320.00 5.547418e-13
22330.00 5.611176e-13
22340.00 5.547332e-13
22350.00 5.355579e-13
22360.00 5.356607e-13
22370.00 5.352795e-13
22380.00 5.264589e-13
22390.00 5.250175e-13
22400.00 5.264292e-13
22410.00 5.015207e-13
22420.00 4.863908e-13
22430.00 4.950844e-13
22440.00 4.847494e-13
22450.00 4.833669e-13
22460.00 4.735866e-13
22470.00 4.602242e-13
22480.00 4.595104e-13
22490.00 4.359023e-13
22500.00 4.242133e-13
22510.00 4.274821e-13
22520.00 4.319181e-13
22530.00 4.323217e-13
22540.00 4.180113e-13
22550.00 4.053805e-13
22560.00 4.030281e-13
22570.00 4.100549e-13
22580.00 4.152740e-13
22590.00 4.113299e-13
22600.00 3.978744e-13
22610.00 3.799679e-13
22620.00 3.730782e-13
22630.00 3.718960e-13
22640.00 3.661059e-13
22650.00 3.729985e-13
22660.00 3.756012e-13
22670.00 3.651846e-13
22680.00 3.457592e-13
22690.00 3.332969e-13
22700.00 3.375870e-13
22710.00 3.390880e-13
22720.00 3.362663e-13
22730.00 3.351329e-13
22740.00 3.352480e-13
22750.00 3.287232e-13
22760.00 3.228355e-13
22770.00 3.261125e-13
22780.00 3.161285e-13
22790.00 2.989135e-13
22800.00 2.989130e-13
22810.00 3.019992e-13
22820.00 2.998582e-13
22830.00 2.916551e-13
22840.00 2.802243e-13
22850.00 2.845061e-13
22860.00 2.827032e-13
22870.00 2.767356e-13
22880.00 2.727026e-13
22890.00 2.651373e-13
22900.00 2.642604e-13
22910.00 2.620793e-13
22920.00 2.640042e-13
22930.00 2.652646e-13
22940.00 2.565590e-13
22950.00 2.441576e-13
22960.00 2.406055e-13
22970.00 2.408851e-13
22980.00 2.263411e-13
22990.00 2.185109e-13
23000.00 2.305348e-13
23010.00 2.326331e-13
23020.00 2.296354e-13
23030.00 2.268954e-13
23040.00 2.122238e-13
23050.00 2.123157e-13
23060.00 2.152318e-13
23070.00 2.083990e-13
23080.00 2.137330e-13
23090.00 2.116932e-13
23100.00 1.999719e-13
23110.00 1.905859e-13
23120.00 1.840511e-13
23130.00 1.866730e-13
23140.00 1.887584e-13
23150.00 1.819527e-13
23160.00 1.767444e-13
23170.00 1.787863e-13
23180.00 1.784866e-13
23190.00 1.716653e-13
23200.00 1.700763e-13
23210.00 1.680899e-13
23220.00 1.645668e-13
23230.00 1.588090e-13
23240.00 1.557373e-13
23250.00 1.561924e-13
23260.00 1.487273e-13
23270.00 1.470648e-13
23280.00 1.468314e-13
23290.00 1.436066e-13
23300.00 1.432307e-13
23310.00 1.426785e-13
23320.00 1.405212e-13
23330.00 1.363846e-13
23340.00 1.365586e-13
23350.00 1.394558e-13
23360.00 1.386132e-13
23370.00 1.341281e-13
23380.00 1.261478e-13
23390.00 1.287003e-13
23400.00 1.306467e-13
23410.00 1.219237e-13
23420.00 1.163420e-13
23430.00 1.156172e-13
23440.00 1.100461e-13
23450.00 1.035227e-13
23460.00 1.070273e-13
23470.00 1.084340e-13
23480.00 1.054166e-13
23490.00 1.102926e-13
23500.00 1.110265e-13
23510.00 1.080956e-13
23520.00 1.096058e-13
23530.00 1.060984e-13
23540.00 1.020632e-13
23550.00 9.997689e-14
23560.00 9.545823e-14
23570.00 9.095570e-14
23580.00 9.195296e-14
23590.00 9.324283e-14
23600.00 8.863338e-14
23610.00 8.528607e-14
23620.00 8.795974e-14
23630.00 8.955242e-14
23640.00 8.251093e-14
23650.00 7.774910e-14
23660.00 8.089591e-14
23670.00 7.903268e-14
23680.00 7.291485e-14
23690.00 7.166031e-14
23700.00 7.611494e-14
23710.00 7.623778e-14
23720.00 7.153007e-14
23730.00 6.645630e-14
23740.00 6.415082e-14
23750.00 6.310334e-14
23760.00 6.466627e-14
23770.00 6.529191e-14
23780.00 6.304383e-14
23790.00 6.194524e-14
23800.00 6.248548e-14
23810.00 6.235042e-14
23820.00 5.815590e-14
23830.00 5.606212e-14
23840.00 5.676483e-14
23850.00 5.573734e-14
23860.00 5.296654e-14
23870.00 5.234357e-14
23880.00 5.132765e-14
23890.00 5.082520e-14
23900.00 5.042887e-14
23910.00 4.738885e-14
23920.00 4.615709e-14
23930.00 4.601938e-14
23940.00 4.551589e-14
23950.00 4.459785e-14
23960.00 4.348662e-14
23970.00 4.360616e-14
23980.00 4.217841e-14
23990.00 4.103386e-14
24000.00 4.034469e-14
24010.00 3.949705e-14
24020.00 3.880106e-14
24030.00 3.804128e-14
24040.00 3.933459e-14
24050.00 3.767763e-14
24060.00 3.604166e-14
24070.00 3.346586e-14
24080.00 3.043617e-14
24090.00 3.330745e-14
24100.00 3.491498e-14
24110.00 3.293105e-14
24120.00 3.112181e-14
24130.00 2.886027e-14
24140.00 2.739131e-14
24150.00 2.890427e-14
24160.00 2.899410e-14
24170.00 2.894971e-14
24180.00 2.713699e-14
24190.00 2.442086e-14
24200.00 2.354082e-14
24210.00 2.380479e-14
24220.00 2.573488e-14
24230.00 2.507034e-14
24240.00 2.320279e-14
24250.00 2.446799e-14
24260.00 2.437400e-14
24270.00 2.299374e-14
24280.00 2.244084e-14
24290.00 1.992616e-14
24300.00 1.882174e-14
24310.00 1.987983e-14
24320.00 1.932518e-14
24330.00 1.812379e-14
24340.00 1.778367e-14
24350.00 1.714047e-14
24360.00 1.789756e-14
24370.00 1.856943e-14
24380.00 1.714394e-14
24390.00 1.570731e-14
24400.00 1.547389e-14
24410.00 1.510433e-14
24420.00 1.438925e-14
24430.00 1.396275e-14
24440.00 1.355464e-14
24450.00 1.314911e-14
24460.00 1.277632e-14
24470.00 1.241114e-14
24480.00 1.205344e-14
24490.00 1.170312e-14
24500.00 1.136012e-14
24510.00 1.102431e-14
24520.00 1.069561e-14
24530.00 1.037392e-14
24540.00 1.005915e-14
24550.00 9.751197e-15
24560.00 9.449973e-15
24570.00 9.155391e-15
24580.00 8.867353e-15
24590.00 8.585775e-15
24600.00 8.310558e-15
24610.00 8.041613e-15
24620.00 7.778856e-15
24630.00 7.522202e-15
24640.00 7.271547e-15
24650.00 7.026814e-15
24660.00 6.787921e-15
24670.00 6.554772e-15
24680.00 6.327287e-15
24690.00 6.105377e-15
24700.00 5.888961e-15
24710.00 5.677953e-15
24720.00 5.472272e-15
24730.00 5.271833e-15
24740.00 5.076555e-15
24750.00 4.886356e-15
24760.00 4.701156e-15
24770.00 4.520874e-15
24780.00 4.345431e-15
24790.00 4.174747e-15
24800.00 4.008745e-15
24810.00 3.847345e-15
24820.00 3.690473e-15
24830.00 3.538049e-15
24840.00 3.389998e-15
24850.00 3.246245e-15
24860.00 3.106715e-15
24870.00 2.971333e-15
24880.00 2.840029e-15
24890.00 2.712723e-15
24900.00 2.589348e-15
24910.00 2.469830e-15
24920.00 2.354100e-15
24930.00 2.242084e-15
24940.00 2.133713e-15
24950.00 2.028919e-15
24960.00 1.927630e-15
24970.00 1.829781e-15
24980.00 1.735302e-15
24990.00 1.644125e-15
25000.00 1.556187e-15
