1000.00 8.897480e-15
1010.00 1.023119e-14
1020.00 1.165438e-14
1030.00 1.317085e-14
1040.00 1.478473e-14
1050.00 1.650040e-14
1060.00 1.832236e-14
1070.00 2.025527e-14
1080.00 2.230378e-14
1090.00 2.447259e-14
1100.00 2.676638e-14
1110.00 2.918974e-14
1120.00 3.174924e-14
1130.00 3.447129e-14
1140.00 3.736651e-14
1150.00 4.044519e-14
1160.00 4.371808e-14
1170.00 4.719637e-14
1180.00 5.089174e-14
1190.00 5.481652e-14
1200.00 5.898346e-14
1210.00 6.340581e-14
1220.00 6.809729e-14
1230.00 7.307219e-14
1240.00 7.834305e-14
1250.00 8.393684e-14
1260.00 8.987827e-14
1270.00 9.624416e-14
1280.00 1.030613e-13
1290.00 1.103579e-13
1300.00 1.181639e-13
1310.00 1.265106e-13
1320.00 1.354312e-13
1330.00 1.449602e-13
1340.00 1.551340e-13
1350.00 1.659911e-13
1360.00 1.775715e-13
1370.00 1.899179e-13
1380.00 2.030745e-13
1390.00 2.170878e-13
1400.00 2.320060e-13
1410.00 2.478802e-13
1420.00 2.647635e-13
1430.00 2.827121e-13
1440.00 3.017848e-13
1450.00 3.220436e-13
1460.00 3.435522e-13
1470.00 3.663782e-13
1480.00 3.905922e-13
1490.00 4.162685e-13
1500.00 4.434848e-13
1510.00 4.723230e-13
1520.00 5.028688e-13
1530.00 5.352123e-13
1540.00 5.694489e-13
1550.00 6.056790e-13
1560.00 6.440081e-13
1570.00 6.845468e-13
1580.00 7.274116e-13
1590.00 7.727261e-13
1600.00 8.206210e-13
1610.00 8.712352e-13
1620.00 9.247184e-13
1630.00 9.812254e-13
1640.00 1.040922e-12
1650.00 1.103986e-12
1660.00 1.170609e-12
1670.00 1.240991e-12
1680.00 1.315353e-12
1690.00 1.393929e-12
1700.00 1.476969e-12
1710.00 1.564725e-12
1720.00 1.657498e-12
1730.00 1.755616e-12
1740.00 1.859436e-12
1750.00 1.969346e-12
1760.00 2.085771e-12
1770.00 2.209179e-12
1780.00 2.340084e-12
1790.00 2.479050e-12
1800.00 2.626706e-12
1810.00 2.783754e-12
1820.00 2.950940e-12
1830.00 3.129106e-12
1840.00 3.319189e-12
1850.00 3.522228e-12
1860.00 3.739376e-12
1870.00 3.972157e-12
1880.00 4.223593e-12
1890.00 4.496517e-12
1900.00 4.797572e-12
1910.00 5.111923e-12
1920.00 5.448068e-12
1930.00 5.811386e-12
1940.00 6.209536e-12
1950.00 6.655695e-12
1960.00 7.159802e-12
1970.00 7.724377e-12
1980.00 8.290075e-12
1990.00 8.916629e-12
2000.00 9.766777e-12
2010.00 1.061824e-11
2020.00 1.154907e-11
2030.00 1.250743e-11
2040.00 1.346128e-11
2050.00 1.464804e-11
2060.00 1.579130e-11
2070.00 1.771811e-11
2080.00 1.830807e-11
2090.00 1.988273e-11
2100.00 2.091904e-11
2110.00 2.255852e-11
2120.00 2.452774e-11
2130.00 2.624806e-11
2140.00 2.732953e-11
2150.00 2.924754e-11
2160.00 3.072935e-11
2170.00 3.254422e-11
2180.00 3.354561e-11
2190.00 3.497802e-11
2200.00 3.686279e-11
2210.00 3.716976e-11
2220.00 3.774773e-11
2230.00 3.893785e-11
2240.00 3.974414e-11
2250.00 4.058320e-11
2260.00 4.116427e-11
2270.00 4.203306e-11
2280.00 4.320546e-11
2290.00 4.352585e-11
2300.00 4.387097e-11
2310.00 4.398467e-11
2320.00 4.457436e-11
2330.00 4.459338e-11
2340.00 4.474659e-11
2350.00 4.471023e-11
2360.00 4.560937e-11
2370.00 4.485823e-11
2380.00 4.345516e-11
2390.00 4.447421e-11
2400.00 4.579826e-11
2410.00 4.443171e-11
2420.00 4.370423e-11
2430.00 4.295931e-11
2440.00 4.309749e-11
2450.00 4.220206e-11
2460.00 4.209515e-11
2470.00 4.197230e-11
2480.00 4.158677e-11
2490.00 4.162622e-11
2500.00 4.246540e-11
2510.00 4.249097e-11
2520.00 4.323927e-11
2530.00 4.259264e-11
2540.00 4.145122e-11
2550.00 4.127352e-11
2560.00 4.150099e-11
2570.00 4.064331e-11
2580.00 3.999197e-11
2590.00 3.899515e-11
2600.00 3.789690e-11
2610.00 4.029820e-11
2620.00 4.147411e-11
2630.00 4.240234e-11
2640.00 4.340803e-11
2650.00 4.523746e-11
2660.00 4.623354e-11
2670.00 4.950855e-11
2680.00 5.021907e-11
2690.00 5.389015e-11
2700.00 5.580966e-11
2710.00 5.795040e-11
2720.00 6.153952e-11
2730.00 6.334321e-11
2740.00 6.552087e-11
2750.00 6.642495e-11
2760.00 6.856922e-11
2770.00 7.104583e-11
2780.00 7.454258e-11
2790.00 7.604538e-11
2800.00 7.141701e-11
2810.00 7.653179e-11
2820.00 8.280431e-11
2830.00 8.746551e-11
2840.00 9.199835e-11
2850.00 9.497329e-11
2860.00 9.940969e-11
2870.00 1.072079e-10
2880.00 1.139807e-10
2890.00 1.229740e-10
2900.00 1.301841e-10
2910.00 1.364381e-10
2920.00 1.418340e-10
2930.00 1.426445e-10
2940.00 1.441649e-10
2950.00 1.469688e-10
2960.00 1.508885e-10
2970.00 1.514245e-10
2980.00 1.534271e-10
2990.00 1.522494e-10
3000.00 1.577440e-10
3010.00 1.590899e-10
3020.00 1.623108e-10
3030.00 1.633227e-10
3040.00 1.622675e-10
3050.00 1.611567e-10
3060.00 1.615861e-10
3070.00 1.598560e-10
3080.00 1.615551e-10
3090.00 1.616153e-10
3100.00 1.617796e-10
3110.00 1.680457e-10
3120.00 1.745154e-10
3130.00 1.817622e-10
3140.00 1.851604e-10
3150.00 1.920455e-10
3160.00 1.990060e-10
3170.00 2.035354e-10
3180.00 2.080247e-10
3190.00 2.066869e-10
3200.00 2.096601e-10
3210.00 2.124769e-10
3220.00 2.150956e-10
3230.00 2.151671e-10
3240.00 2.206945e-10
3250.00 2.239874e-10
3260.00 2.293758e-10
3270.00 2.347621e-10
3280.00 2.379579e-10
3290.00 2.391494e-10
3300.00 2.456955e-10
3310.00 2.459660e-10
3320.00 2.539069e-10
3330.00 2.611799e-10
3340.00 2.727012e-10
3350.00 2.851108e-10
3360.00 3.099598e-10
3370.00 3.235620e-10
3380.00 3.522175e-10
3390.00 3.790359e-10
3400.00 3.961021e-10
3410.00 4.155008e-10
3420.00 4.317613e-10
3430.00 4.512125e-10
3440.00 4.582535e-10
3450.00 4.609367e-10
3460.00 4.850404e-10
3470.00 4.933190e-10
3480.00 5.176133e-10
3490.00 5.346866e-10
3500.00 5.469620e-10
3510.00 5.653415e-10
3520.00 5.846799e-10
3530.00 5.903813e-10
3540.00 5.965738e-10
3550.00 6.126121e-10
3560.00 6.461582e-10
3570.00 6.461772e-10
3580.00 6.483467e-10
3590.00 6.480038e-10
3600.00 6.524896e-10
3610.00 6.574346e-10
3620.00 6.407039e-10
3630.00 6.145013e-10
3640.00 5.819156e-10
3650.00 5.476623e-10
3660.00 5.200688e-10
3670.00 4.980882e-10
3680.00 4.823267e-10
3690.00 4.750681e-10
3700.00 4.700763e-10
3710.00 4.607173e-10
3720.00 4.620368e-10
3730.00 4.623822e-10
3740.00 4.684022e-10
3750.00 4.825073e-10
3760.00 5.018677e-10
3770.00 5.289456e-10
3780.00 5.661934e-10
3790.00 6.136759e-10
3800.00 6.713230e-10
3810.00 7.479672e-10
3820.00 8.291423e-10
3830.00 9.295838e-10
3840.00 1.042379e-09
3850.00 1.166620e-09
3860.00 1.294595e-09
3870.00 1.408862e-09
3880.00 1.527259e-09
3890.00 1.645605e-09
3900.00 1.738706e-09
3910.00 1.844227e-09
3920.00 1.959853e-09
3930.00 2.042872e-09
3940.00 2.069740e-09
3950.00 2.127756e-09
3960.00 2.201392e-09
3970.00 2.273853e-09
3980.00 2.317998e-09
3990.00 2.332905e-09
4000.00 2.326707e-09
4010.00 2.320348e-09
4020.00 2.290251e-09
4030.00 2.222210e-09
4040.00 2.114926e-09
4050.00 1.990640e-09
4060.00 1.894342e-09
4070.00 1.824275e-09
4080.00 1.767454e-09
4090.00 1.704523e-09
4100.00 1.658688e-09
4110.00 1.656209e-09
4120.00 1.633091e-09
4130.00 1.588534e-09
4140.00 1.556566e-09
4150.00 1.543294e-09
4160.00 1.546656e-09
4170.00 1.566134e-09
4180.00 1.586199e-09
4190.00 1.595958e-09
4200.00 1.580270e-09
4210.00 1.584458e-09
4220.00 1.597459e-09
4230.00 1.606076e-09
4240.00 1.627196e-09
4250.00 1.667030e-09
4260.00 1.720327e-09
4270.00 1.769794e-09
4280.00 1.786603e-09
4290.00 1.754835e-09
4300.00 1.676619e-09
4310.00 1.584513e-09
4320.00 1.531685e-09
4330.00 1.544965e-09
4340.00 1.564741e-09
4350.00 1.558484e-09
4360.00 1.522072e-09
4370.00 1.456916e-09
4380.00 1.440185e-09
4390.00 1.465054e-09
4400.00 1.493484e-09
4410.00 1.502134e-09
4420.00 1.478128e-09
4430.00 1.445458e-09
4440.00 1.466046e-09
4450.00 1.519966e-09
4460.00 1.573042e-09
4470.00 1.629109e-09
4480.00 1.694365e-09
4490.00 1.783116e-09
4500.00 1.910311e-09
4510.00 2.076406e-09
4520.00 2.238784e-09
4530.00 2.384647e-09
4540.00 2.528901e-09
4550.00 2.661879e-09
4560.00 2.787743e-09
4570.00 2.909222e-09
4580.00 3.015461e-09
4590.00 3.106138e-09
4600.00 3.169067e-09
4610.00 3.210927e-09
4620.00 3.229394e-09
4630.00 3.226511e-09
4640.00 3.183760e-09
4650.00 3.114456e-09
4660.00 3.029862e-09
4670.00 2.958644e-09
4680.00 2.928892e-09
4690.00 2.893728e-09
4700.00 2.820281e-09
4710.00 2.716163e-09
4720.00 2.565251e-09
4730.00 2.405820e-09
4740.00 2.273212e-09
4750.00 2.144512e-09
4760.00 2.027167e-09
4770.00 1.931510e-09
4780.00 1.837931e-09
4790.00 1.749770e-09
4800.00 1.681403e-09
4810.00 1.628655e-09
4820.00 1.598412e-09
4830.00 1.633204e-09
4840.00 1.707696e-09
4850.00 1.765789e-09
4860.00 1.803384e-09
4870.00 1.780786e-09
4880.00 1.696059e-09
4890.00 1.634517e-09
4900.00 1.615182e-09
4910.00 1.643442e-09
4920.00 1.766734e-09
4930.00 1.949517e-09
4940.00 2.162224e-09
4950.00 2.390537e-09
4960.00 2.578556e-09
4970.00 2.691184e-09
4980.00 2.742103e-09
4990.00 2.708166e-09
5000.00 2.631097e-09
5010.00 2.498673e-09
5020.00 2.313192e-09
5030.00 2.132910e-09
5040.00 1.984288e-09
5050.00 1.883001e-09
5060.00 1.843733e-09
5070.00 1.843162e-09
5080.00 1.866374e-09
5090.00 1.913075e-09
5100.00 1.973166e-09
5110.00 2.018176e-09
5120.00 2.043618e-09
5130.00 2.042217e-09
5140.00 2.056531e-09
5150.00 2.065989e-09
5160.00 2.071790e-09
5170.00 2.078400e-09
5180.00 2.074614e-09
5190.00 2.082456e-09
5200.00 2.097344e-09
5210.00 2.138310e-09
5220.00 2.208199e-09
5230.00 2.303421e-09
5240.00 2.420000e-09
5250.00 2.522814e-09
5260.00 2.589867e-09
5270.00 2.651177e-09
5280.00 2.707192e-09
5290.00 2.755552e-09
5300.00 2.814156e-09
5310.00 2.854120e-09
5320.00 2.866313e-09
5330.00 2.867427e-09
5340.00 2.874157e-09
5350.00 2.882195e-09
5360.00 2.886372e-09
5370.00 2.892815e-09
5380.00 2.877738e-09
5390.00 2.862679e-09
5400.00 2.831174e-09
5410.00 2.784164e-09
5420.00 2.717045e-09
5430.00 2.666457e-09
5440.00 2.643220e-09
5450.00 2.653117e-09
5460.00 2.698477e-09
5470.00 2.773861e-09
5480.00 2.845951e-09
5490.00 2.916029e-09
5500.00 2.980526e-09
5510.00 3.002299e-09
5520.00 2.975261e-09
5530.00 2.931104e-09
5540.00 2.858310e-09
5550.00 2.778485e-09
5560.00 2.713722e-09
5570.00 2.661356e-09
5580.00 2.625679e-09
5590.00 2.607947e-09
5600.00 2.600718e-09
5610.00 2.590533e-09
5620.00 2.578550e-09
5630.00 2.543338e-09
5640.00 2.471094e-09
5650.00 2.349517e-09
5660.00 2.189422e-09
5670.00 2.002042e-09
5680.00 1.815784e-09
5690.00 1.653361e-09
5700.00 1.534885e-09
5710.00 1.483913e-09
5720.00 1.495210e-09
5730.00 1.555266e-09
5740.00 1.659328e-09
5750.00 1.801751e-09
5760.00 1.972449e-09
5770.00 2.163340e-09
5780.00 2.360563e-09
5790.00 2.554934e-09
5800.00 2.718821e-09
5810.00 2.844729e-09
5820.00 2.968187e-09
5830.00 3.071033e-09
5840.00 3.152757e-09
5850.00 3.201904e-09
5860.00 3.216404e-09
5870.00 3.129262e-09
5880.00 3.024045e-09
5890.00 2.975900e-09
5900.00 2.961850e-09
5910.00 2.994091e-09
5920.00 3.024063e-09
5930.00 2.999331e-09
5940.00 2.962369e-09
5950.00 2.918736e-09
5960.00 2.872242e-09
5970.00 2.815226e-09
5980.00 2.754933e-09
5990.00 2.703816e-09
6000.00 2.653750e-09
6010.00 2.584327e-09
6020.00 2.510108e-09
6030.00 2.433534e-09
6040.00 2.364396e-09
6050.00 2.325609e-09
6060.00 2.316877e-09
6070.00 2.318019e-09
6080.00 2.320765e-09
6090.00 2.303174e-09
6100.00 2.252810e-09
6110.00 2.182313e-09
6120.00 2.103394e-09
6130.00 2.039961e-09
6140.00 2.010776e-09
6150.00 2.020852e-09
6160.00 2.059215e-09
6170.00 2.107545e-09
6180.00 2.147521e-09
6190.00 2.170483e-09
6200.00 2.153664e-09
6210.00 2.102755e-09
6220.00 2.019239e-09
6230.00 1.922500e-09
6240.00 1.825428e-09
6250.00 1.748467e-09
6260.00 1.689795e-09
6270.00 1.657078e-09
6280.00 1.643759e-09
6290.00 1.643563e-09
6300.00 1.663566e-09
6310.00 1.688414e-09
6320.00 1.718381e-09
6330.00 1.759645e-09
6340.00 1.816348e-09
6350.00 1.888866e-09
6360.00 1.973361e-09
6370.00 2.051993e-09
6380.00 2.112113e-09
6390.00 2.160811e-09
6400.00 2.208629e-09
6410.00 2.251935e-09
6420.00 2.279533e-09
6430.00 2.291674e-09
6440.00 2.281003e-09
6450.00 2.257145e-09
6460.00 2.219905e-09
6470.00 2.154838e-09
6480.00 2.076549e-09
6490.00 1.991577e-09
6500.00 1.907540e-09
6510.00 1.845309e-09
6520.00 1.808446e-09
6530.00 1.801015e-09
6540.00 1.812385e-09
6550.00 1.837808e-09
6560.00 1.910717e-09
6570.00 2.008624e-09
6580.00 2.132706e-09
6590.00 2.263162e-09
6600.00 2.359213e-09
6610.00 2.429431e-09
6620.00 2.481649e-09
6630.00 2.520617e-09
6640.00 2.537731e-09
6650.00 2.535155e-09
6660.00 2.516924e-09
6670.00 2.493449e-09
6680.00 2.468261e-09
6690.00 2.434557e-09
6700.00 2.387481e-09
6710.00 2.330390e-09
6720.00 2.274697e-09
6730.00 2.231413e-09
6740.00 2.200741e-09
6750.00 2.186351e-09
6760.00 2.154224e-09
6770.00 2.071692e-09
6780.00 1.973051e-09
6790.00 1.879461e-09
6800.00 1.818074e-09
6810.00 1.813827e-09
6820.00 1.820108e-09
6830.00 1.807268e-09
6840.00 1.779196e-09
6850.00 1.735022e-09
6860.00 1.692205e-09
6870.00 1.656403e-09
6880.00 1.630932e-09
6890.00 1.620671e-09
6900.00 1.620024e-09
6910.00 1.636973e-09
6920.00 1.682331e-09
6930.00 1.751234e-09
6940.00 1.839558e-09
6950.00 1.932423e-09
6960.00 2.009826e-09
6970.00 2.068114e-09
6980.00 2.115994e-09
6990.00 2.141764e-09
7000.00 2.162580e-09
7010.00 2.182990e-09
7020.00 2.180383e-09
7030.00 2.162879e-09
7040.00 2.141521e-09
7050.00 2.103261e-09
7060.00 2.053319e-09
7070.00 1.992257e-09
7080.00 1.898898e-09
7090.00 1.796871e-09
7100.00 1.724095e-09
7110.00 1.685026e-09
7120.00 1.676727e-09
7130.00 1.683090e-09
7140.00 1.687924e-09
7150.00 1.684308e-09
7160.00 1.686974e-09
7170.00 1.693326e-09
7180.00 1.690365e-09
7190.00 1.693376e-09
7200.00 1.706781e-09
7210.00 1.726715e-09
7220.00 1.757589e-09
7230.00 1.795435e-09
7240.00 1.819976e-09
7250.00 1.831256e-09
7260.00 1.834590e-09
7270.00 1.830432e-09
7280.00 1.810790e-09
7290.00 1.789647e-09
7300.00 1.770341e-09
7310.00 1.742923e-09
7320.00 1.716279e-09
7330.00 1.697353e-09
7340.00 1.678678e-09
7350.00 1.666866e-09
7360.00 1.660181e-09
7370.00 1.658806e-09
7380.00 1.666043e-09
7390.00 1.674687e-09
7400.00 1.687183e-09
7410.00 1.698037e-09
7420.00 1.702672e-09
7430.00 1.711661e-09
7440.00 1.715969e-09
7450.00 1.708481e-09
7460.00 1.702920e-09
7470.00 1.690408e-09
7480.00 1.664609e-09
7490.00 1.635628e-09
7500.00 1.607321e-09
7510.00 1.578404e-09
7520.00 1.556215e-09
7530.00 1.532023e-09
7540.00 1.501718e-09
7550.00 1.473692e-09
7560.00 1.442122e-09
7570.00 1.411149e-09
7580.00 1.386246e-09
7590.00 1.360063e-09
7600.00 1.335570e-09
7610.00 1.311123e-09
7620.00 1.281984e-09
7630.00 1.251801e-09
7640.00 1.241688e-09
7650.00 1.251538e-09
7660.00 1.283340e-09
7670.00 1.328839e-09
7680.00 1.376055e-09
7690.00 1.422755e-09
7700.00 1.480915e-09
7710.00 1.534605e-09
7720.00 1.569031e-09
7730.00 1.584101e-09
7740.00 1.586206e-09
7750.00 1.573242e-09
7760.00 1.559500e-09
7770.00 1.547149e-09
7780.00 1.539129e-09
7790.00 1.517100e-09
7800.00 1.503235e-09
7810.00 1.500997e-09
7820.00 1.491236e-09
7830.00 1.482883e-09
7840.00 1.497867e-09
7850.00 1.505336e-09
7860.00 1.498804e-09
7870.00 1.479432e-09
7880.00 1.442111e-09
7890.00 1.410731e-09
7900.00 1.388683e-09
7910.00 1.369005e-09
7920.00 1.362922e-09
7930.00 1.350954e-09
7940.00 1.329069e-09
7950.00 1.300126e-09
7960.00 1.252682e-09
7970.00 1.214433e-09
7980.00 1.196016e-09
7990.00 1.178839e-09
8000.00 1.173691e-09
8010.00 1.158995e-09
8020.00 1.133062e-09
8030.00 1.110004e-09
8040.00 1.078638e-09
8050.00 1.050450e-09
8060.00 1.029142e-09
8070.00 1.020874e-09
8080.00 1.010350e-09
8090.00 1.015645e-09
8100.00 1.023753e-09
8110.00 1.024099e-09
8120.00 1.010028e-09
8130.00 9.967457e-10
8140.00 9.870888e-10
8150.00 9.904975e-10
8160.00 9.881706e-10
8170.00 9.502839e-10
8180.00 9.011341e-10
8190.00 8.456585e-10
8200.00 7.955806e-10
8210.00 7.357801e-10
8220.00 6.765193e-10
8230.00 6.185374e-10
8240.00 5.767511e-10
8250.00 5.344268e-10
8260.00 4.988725e-10
8270.00 4.721660e-10
8280.00 4.543918e-10
8290.00 4.423155e-10
8300.00 4.338079e-10
8310.00 4.273544e-10
8320.00 4.304804e-10
8330.00 4.373101e-10
8340.00 4.481698e-10
8350.00 4.670698e-10
8360.00 4.883641e-10
8370.00 5.232956e-10
8380.00 5.445407e-10
8390.00 5.683124e-10
8400.00 6.044643e-10
8410.00 6.352882e-10
8420.00 6.556316e-10
8430.00 6.681249e-10
8440.00 6.847027e-10
8450.00 7.208925e-10
8460.00 7.795944e-10
8470.00 8.233760e-10
8480.00 8.661491e-10
8490.00 9.275761e-10
8500.00 9.920444e-10
8510.00 1.054750e-09
8520.00 1.117872e-09
8530.00 1.183081e-09
8540.00 1.260711e-09
8550.00 1.353432e-09
8560.00 1.416131e-09
8570.00 1.451447e-09
8580.00 1.490058e-09
8590.00 1.547797e-09
8600.00 1.588637e-09
8610.00 1.601414e-09
8620.00 1.589135e-09
8630.00 1.585127e-09
8640.00 1.600885e-09
8650.00 1.608473e-09
8660.00 1.588962e-09
8670.00 1.553801e-09
8680.00 1.530338e-09
8690.00 1.520284e-09
8700.00 1.500052e-09
8710.00 1.460547e-09
8720.00 1.436289e-09
8730.00 1.417861e-09
8740.00 1.384603e-09
8750.00 1.347573e-09
8760.00 1.307319e-09
8770.00 1.287063e-09
8780.00 1.274161e-09
8790.00 1.247355e-09
8800.00 1.191062e-09
8810.00 1.136495e-09
8820.00 1.113119e-09
8830.00 1.096770e-09
8840.00 1.063923e-09
8850.00 1.018275e-09
8860.00 9.634305e-10
8870.00 9.142863e-10
8880.00 8.724818e-10
8890.00 8.281828e-10
8900.00 7.957426e-10
8910.00 7.946902e-10
8920.00 8.048122e-10
8930.00 8.124187e-10
8940.00 8.016088e-10
8950.00 7.893226e-10
8960.00 7.767221e-10
8970.00 7.628429e-10
8980.00 7.482409e-10
8990.00 7.486187e-10
9000.00 7.551617e-10
9010.00 7.553027e-10
9020.00 7.406490e-10
9030.00 7.202304e-10
9040.00 6.982819e-10
9050.00 6.991917e-10
9060.00 6.910651e-10
9070.00 6.738119e-10
9080.00 6.615353e-10
9090.00 6.710500e-10
9100.00 6.916291e-10
9110.00 7.034475e-10
9120.00 7.057381e-10
9130.00 7.161010e-10
9140.00 7.311793e-10
9150.00 7.514631e-10
9160.00 7.561484e-10
9170.00 7.467869e-10
9180.00 7.351334e-10
9190.00 7.067570e-10
9200.00 6.597147e-10
9210.00 5.989978e-10
9220.00 5.402030e-10
9230.00 5.138338e-10
9240.00 5.095935e-10
9250.00 5.245837e-10
9260.00 5.397364e-10
9270.00 5.685999e-10
9280.00 6.031805e-10
9290.00 6.152438e-10
9300.00 6.172104e-10
9310.00 5.934586e-10
9320.00 5.612339e-10
9330.00 5.484639e-10
9340.00 5.522731e-10
9350.00 5.600849e-10
9360.00 5.769083e-10
9370.00 5.986360e-10
9380.00 6.047396e-10
9390.00 5.882627e-10
9400.00 5.864361e-10
9410.00 5.951916e-10
9420.00 6.046024e-10
9430.00 6.074393e-10
9440.00 5.851642e-10
9450.00 5.682909e-10
9460.00 5.791206e-10
9470.00 6.106128e-10
9480.00 6.257627e-10
9490.00 6.195357e-10
9500.00 6.164770e-10
9510.00 6.172231e-10
9520.00 6.119794e-10
9530.00 6.092416e-10
9540.00 5.881656e-10
9550.00 5.849632e-10
9560.00 6.222946e-10
9570.00 6.582508e-10
9580.00 6.832601e-10
9590.00 6.825857e-10
9600.00 6.642387e-10
9610.00 6.685393e-10
9620.00 7.023196e-10
9630.00 7.252817e-10
9640.00 7.301946e-10
9650.00 7.271574e-10
9660.00 6.993697e-10
9670.00 6.813011e-10
9680.00 6.703820e-10
9690.00 6.732856e-10
9700.00 6.844872e-10
9710.00 6.945260e-10
9720.00 7.023252e-10
9730.00 7.095022e-10
9740.00 7.255477e-10
9750.00 7.459552e-10
9760.00 7.679305e-10
9770.00 7.773618e-10
9780.00 7.662844e-10
9790.00 7.596863e-10
9800.00 7.562755e-10
9810.00 7.560269e-10
9820.00 7.641642e-10
9830.00 7.676232e-10
9840.00 7.660442e-10
9850.00 7.666944e-10
9860.00 7.683201e-10
9870.00 7.737513e-10
9880.00 7.840374e-10
9890.00 7.781384e-10
9900.00 7.773443e-10
9910.00 7.796908e-10
9920.00 7.723874e-10
9930.00 7.831100e-10
9940.00 7.829773e-10
9950.00 7.715270e-10
9960.00 7.604859e-10
9970.00 7.539514e-10
9980.00 7.196249e-10
9990.00 6.572356e-10
10000.00 6.081003e-10
10010.00 5.634554e-10
10020.00 5.117124e-10
10030.00 4.637546e-10
10040.00 4.228545e-10
10050.00 4.089652e-10
10060.00 4.587946e-10
10070.00 5.354647e-10
10080.00 5.606157e-10
10090.00 5.678594e-10
10100.00 5.798467e-10
10110.00 5.763341e-10
10120.00 5.695827e-10
10130.00 5.673577e-10
10140.00 5.687207e-10
10150.00 5.659282e-10
10160.00 5.640496e-10
10170.00 5.678617e-10
10180.00 5.891825e-10
10190.00 5.973540e-10
10200.00 5.754059e-10
10210.00 5.578995e-10
10220.00 5.455350e-10
10230.00 5.358702e-10
10240.00 5.227683e-10
10250.00 5.081947e-10
10260.00 4.857120e-10
10270.00 4.637988e-10
10280.00 4.478211e-10
10290.00 4.208214e-10
10300.00 3.938763e-10
10310.00 3.752984e-10
10320.00 3.623479e-10
10330.00 3.627744e-10
10340.00 3.369811e-10
10350.00 3.030734e-10
10360.00 2.896263e-10
10370.00 2.685186e-10
10380.00 2.447632e-10
10390.00 2.275947e-10
10400.00 2.213581e-10
10410.00 2.186336e-10
10420.00 2.254503e-10
10430.00 2.302629e-10
10440.00 2.295433e-10
10450.00 2.356356e-10
10460.00 2.415701e-10
10470.00 2.455200e-10
10480.00 2.527361e-10
10490.00 2.622137e-10
10500.00 2.725739e-10
10510.00 2.873713e-10
10520.00 3.085734e-10
10530.00 3.238585e-10
10540.00 3.376841e-10
10550.00 3.547066e-10
10560.00 3.784127e-10
10570.00 3.971525e-10
10580.00 4.020355e-10
10590.00 4.144345e-10
10600.00 4.462069e-10
10610.00 5.016629e-10
10620.00 5.577066e-10
10630.00 6.071852e-10
10640.00 6.437220e-10
10650.00 6.701442e-10
10660.00 7.071774e-10
10670.00 7.410380e-10
10680.00 7.684151e-10
10690.00 7.955897e-10
10700.00 8.389501e-10
10710.00 8.661393e-10
10720.00 8.525450e-10
10730.00 8.292813e-10
10740.00 8.632006e-10
10750.00 8.949033e-10
10760.00 8.848044e-10
10770.00 8.997835e-10
10780.00 9.094962e-10
10790.00 9.151753e-10
10800.00 9.231960e-10
10810.00 9.593109e-10
10820.00 9.819929e-10
10830.00 9.380312e-10
10840.00 9.345485e-10
10850.00 9.859973e-10
10860.00 9.930137e-10
10870.00 9.673742e-10
10880.00 9.605770e-10
10890.00 9.716970e-10
10900.00 9.662456e-10
10910.00 9.402625e-10
10920.00 9.236401e-10
10930.00 9.086198e-10
10940.00 8.986968e-10
10950.00 8.902250e-10
10960.00 8.735810e-10
10970.00 8.720984e-10
10980.00 8.608108e-10
10990.00 8.422764e-10
11000.00 8.323094e-10
11010.00 8.174357e-10
11020.00 8.082425e-10
11030.00 8.122316e-10
11040.00 8.046243e-10
11050.00 7.975381e-10
11060.00 7.930826e-10
11070.00 7.699557e-10
11080.00 7.548013e-10
11090.00 7.393417e-10
11100.00 7.223339e-10
11110.00 7.196585e-10
11120.00 7.079302e-10
11130.00 6.964312e-10
11140.00 6.848421e-10
11150.00 6.776432e-10
11160.00 6.838163e-10
11170.00 6.789702e-10
11180.00 6.700352e-10
11190.00 6.800493e-10
11200.00 6.984654e-10
11210.00 6.806775e-10
11220.00 6.687648e-10
11230.00 6.872718e-10
11240.00 6.892611e-10
11250.00 6.661236e-10
11260.00 6.635832e-10
11270.00 6.674807e-10
11280.00 6.476943e-10
11290.00 6.514917e-10
11300.00 6.558284e-10
11310.00 6.310796e-10
11320.00 6.097693e-10
11330.00 6.130050e-10
11340.00 5.954690e-10
11350.00 5.840174e-10
11360.00 5.873148e-10
11370.00 5.789747e-10
11380.00 5.669473e-10
11390.00 5.618755e-10
11400.00 5.627135e-10
11410.00 5.372602e-10
11420.00 5.236873e-10
11430.00 5.311068e-10
11440.00 5.202929e-10
11450.00 5.142967e-10
11460.00 5.258759e-10
11470.00 5.161002e-10
11480.00 4.990946e-10
11490.00 4.923869e-10
11500.00 4.880715e-10
11510.00 4.978685e-10
11520.00 4.954170e-10
11530.00 4.750359e-10
11540.00 4.612425e-10
11550.00 4.548456e-10
11560.00 4.463311e-10
11570.00 4.459774e-10
11580.00 4.605128e-10
11590.00 4.560251e-10
11600.00 4.475079e-10
11610.00 4.392767e-10
11620.00 4.294465e-10
11630.00 4.282507e-10
11640.00 4.309619e-10
11650.00 4.355688e-10
11660.00 4.345351e-10
11670.00 4.430109e-10
11680.00 4.450057e-10
11690.00 4.374393e-10
11700.00 4.364643e-10
11710.00 4.363489e-10
11720.00 4.369844e-10
11730.00 4.355987e-10
11740.00 4.282006e-10
11750.00 4.248771e-10
11760.00 4.223659e-10
11770.00 4.222687e-10
11780.00 4.307424e-10
11790.00 4.339989e-10
11800.00 4.359275e-10
11810.00 4.383804e-10
11820.00 4.384412e-10
11830.00 4.424569e-10
11840.00 4.397635e-10
11850.00 4.308773e-10
11860.00 4.236574e-10
11870.00 4.243284e-10
11880.00 4.295103e-10
11890.00 4.327772e-10
11900.00 4.340300e-10
11910.00 4.259523e-10
11920.00 4.293327e-10
11930.00 4.357879e-10
11940.00 4.302497e-10
11950.00 4.291521e-10
11960.00 4.365823e-10
11970.00 4.234384e-10
11980.00 4.176514e-10
11990.00 4.259594e-10
12000.00 4.130471e-10
12010.00 4.051472e-10
12020.00 4.054537e-10
12030.00 4.028568e-10
12040.00 3.962965e-10
12050.00 3.973320e-10
12060.00 3.884198e-10
12070.00 3.771162e-10
12080.00 3.786373e-10
12090.00 3.759179e-10
12100.00 3.697696e-10
12110.00 3.595361e-10
12120.00 3.527369e-10
12130.00 3.524463e-10
12140.00 3.656511e-10
12150.00 3.689525e-10
12160.00 3.568448e-10
12170.00 3.447177e-10
12180.00 3.391560e-10
12190.00 3.499266e-10
12200.00 3.621411e-10
12210.00 3.638180e-10
12220.00 3.507506e-10
12230.00 3.386570e-10
12240.00 3.306796e-10
12250.00 3.311888e-10
12260.00 3.290794e-10
12270.00 3.296639e-10
12280.00 3.440467e-10
12290.00 3.393602e-10
12300.00 3.325277e-10
12310.00 3.418397e-10
12320.00 3.451851e-10
12330.00 3.381964e-10
12340.00 3.354335e-10
12350.00 3.348735e-10
12360.00 3.366728e-10
12370.00 3.395974e-10
12380.00 3.334957e-10
12390.00 3.336869e-10
12400.00 3.278840e-10
12410.00 3.161739e-10
12420.00 3.291771e-10
12430.00 3.400066e-10
12440.00 3.275178e-10
12450.00 3.215637e-10
12460.00 3.165564e-10
12470.00 3.108816e-10
12480.00 3.165900e-10
12490.00 3.183686e-10
12500.00 3.154089e-10
12510.00 3.180572e-10
12520.00 3.252078e-10
12530.00 3.133491e-10
12540.00 3.066259e-10
12550.00 3.034099e-10
12560.00 3.146476e-10
12570.00 3.224696e-10
12580.00 3.063916e-10
12590.00 3.081423e-10
12600.00 3.097478e-10
12610.00 3.148566e-10
12620.00 3.207717e-10
12630.00 3.173979e-10
12640.00 3.226645e-10
12650.00 3.216431e-10
12660.00 3.102511e-10
12670.00 3.089793e-10
12680.00 3.132317e-10
12690.00 3.139684e-10
12700.00 3.115366e-10
12710.00 3.079668e-10
12720.00 3.120072e-10
12730.00 3.154643e-10
12740.00 3.111885e-10
12750.00 3.142718e-10
12760.00 3.205254e-10
12770.00 3.198913e-10
12780.00 3.112204e-10
12790.00 3.012455e-10
12800.00 2.985041e-10
12810.00 2.975091e-10
12820.00 2.946340e-10
12830.00 2.996705e-10
12840.00 2.974524e-10
12850.00 2.862052e-10
12860.00 2.895471e-10
12870.00 2.984696e-10
12880.00 2.995603e-10
12890.00 2.968458e-10
12900.00 2.994634e-10
12910.00 2.950429e-10
12920.00 2.844076e-10
12930.00 2.861484e-10
12940.00 2.804255e-10
12950.00 2.763937e-10
12960.00 2.797126e-10
12970.00 2.713246e-10
12980.00 2.624541e-10
12990.00 2.687883e-10
13000.00 2.749833e-10
13010.00 2.696707e-10
13020.00 2.652596e-10
13030.00 2.594077e-10
13040.00 2.564556e-10
13050.00 2.629859e-10
13060.00 2.728465e-10
13070.00 2.689832e-10
13080.00 2.598782e-10
13090.00 2.570031e-10
13100.00 2.530640e-10
13110.00 2.531600e-10
13120.00 2.511152e-10
13130.00 2.473750e-10
13140.00 2.463971e-10
13150.00 2.440101e-10
13160.00 2.420970e-10
13170.00 2.350475e-10
13180.00 2.355403e-10
13190.00 2.375300e-10
13200.00 2.333129e-10
13210.00 2.319141e-10
13220.00 2.333913e-10
13230.00 2.332090e-10
13240.00 2.399478e-10
13250.00 2.417127e-10
13260.00 2.397167e-10
13270.00 2.429923e-10
13280.00 2.380694e-10
13290.00 2.332354e-10
13300.00 2.254952e-10
13310.00 2.191436e-10
13320.00 2.262110e-10
13330.00 2.311972e-10
13340.00 2.268864e-10
13350.00 2.271312e-10
13360.00 2.240072e-10
13370.00 2.283051e-10
13380.00 2.221207e-10
13390.00 2.025784e-10
13400.00 1.990100e-10
13410.00 1.964593e-10
13420.00 1.946186e-10
13430.00 1.931239e-10
13440.00 1.918352e-10
13450.00 1.906412e-10
13460.00 1.896409e-10
13470.00 1.886525e-10
13480.00 1.878009e-10
13490.00 1.869512e-10
13500.00 1.861643e-10
13510.00 1.854172e-10
13520.00 1.846717e-10
13530.00 1.839534e-10
13540.00 1.832417e-10
13550.00 1.825315e-10
13560.00 1.818085e-10
13570.00 1.810839e-10
13580.00 1.803608e-10
13590.00 1.796343e-10
13600.00 1.789066e-10
13610.00 1.781804e-10
13620.00 1.774447e-10
13630.00 1.766981e-10
13640.00 1.759531e-10
13650.00 1.752019e-10
13660.00 1.744341e-10
13670.00 1.736678e-10
13680.00 1.729231e-10
13690.00 1.723115e-10
13700.00 1.717011e-10
13710.00 1.710919e-10
13720.00 1.703234e-10
13730.00 1.695505e-10
13740.00 1.687795e-10
13750.00 1.679225e-10
13760.00 1.670454e-10
13770.00 1.661707e-10
13780.00 1.651970e-10
13790.00 1.641672e-10
13800.00 1.631403e-10
13810.00 1.620272e-10
13820.00 1.608159e-10
13830.00 1.596080e-10
13840.00 1.582805e-10
13850.00 1.566712e-10
13860.00 1.550670e-10
13870.00 1.534651e-10
13880.00 1.518621e-10
13890.00 1.502641e-10
13900.00 1.486976e-10
13910.00 1.471690e-10
13920.00 1.456453e-10
13930.00 1.442015e-10
13940.00 1.427836e-10
13950.00 1.413727e-10
13960.00 1.399744e-10
13970.00 1.385814e-10
13980.00 1.372333e-10
13990.00 1.359177e-10
14000.00 1.347407e-10
14010.00 1.336333e-10
14020.00 1.327239e-10
14030.00 1.325540e-10
14040.00 1.305272e-10
14050.00 1.299221e-10
14060.00 1.312751e-10
14070.00 1.309566e-10
14080.00 1.292432e-10
14090.00 1.285762e-10
14100.00 1.274261e-10
14110.00 1.287925e-10
14120.00 1.323793e-10
14130.00 1.396614e-10
14140.00 1.330973e-10
14150.00 1.193355e-10
14160.00 1.183706e-10
14170.00 1.160829e-10
14180.00 1.114531e-10
14190.00 1.131711e-10
14200.00 1.049454e-10
14210.00 1.040693e-10
14220.00 1.135318e-10
14230.00 1.186672e-10
14240.00 1.162820e-10
14250.00 1.114416e-10
14260.00 1.150655e-10
14270.00 1.186654e-10
14280.00 1.221891e-10
14290.00 1.290142e-10
14300.00 1.289162e-10
14310.00 1.244953e-10
14320.00 1.278522e-10
14330.00 1.284337e-10
14340.00 1.365340e-10
14350.00 1.421324e-10
14360.00 1.388280e-10
14370.00 1.383385e-10
14380.00 1.371409e-10
14390.00 1.329274e-10
14400.00 1.277007e-10
14410.00 1.330219e-10
14420.00 1.385598e-10
14430.00 1.439040e-10
14440.00 1.419421e-10
14450.00 1.375944e-10
14460.00 1.358355e-10
14470.00 1.382325e-10
14480.00 1.412566e-10
14490.00 1.356823e-10
14500.00 1.312962e-10
14510.00 1.304085e-10
14520.00 1.361169e-10
14530.00 1.235583e-10
14540.00 1.170215e-10
14550.00 1.270177e-10
14560.00 1.227590e-10
14570.00 1.246439e-10
14580.00 1.342818e-10
14590.00 1.298433e-10
14600.00 1.198341e-10
14610.00 1.144152e-10
14620.00 1.183189e-10
14630.00 1.236805e-10
14640.00 1.200211e-10
14650.00 1.214338e-10
14660.00 1.263659e-10
14670.00 1.288276e-10
14680.00 1.278712e-10
14690.00 1.228746e-10
14700.00 1.240164e-10
14710.00 1.334546e-10
14720.00 1.297242e-10
14730.00 1.223578e-10
14740.00 1.254115e-10
14750.00 1.232379e-10
14760.00 1.198280e-10
14770.00 1.237939e-10
14780.00 1.263474e-10
14790.00 1.263681e-10
14800.00 1.239621e-10
14810.00 1.195096e-10
14820.00 1.198355e-10
14830.00 1.272382e-10
14840.00 1.296404e-10
14850.00 1.250708e-10
14860.00 1.262397e-10
14870.00 1.245443e-10
14880.00 1.247418e-10
14890.00 1.285958e-10
14900.00 1.279591e-10
14910.00 1.276367e-10
14920.00 1.254542e-10
14930.00 1.251796e-10
14940.00 1.254937e-10
14950.00 1.230178e-10
14960.00 1.254053e-10
14970.00 1.255065e-10
14980.00 1.240772e-10
14990.00 1.228890e-10
15000.00 1.210557e-10
15010.00 1.254671e-10
15020.00 1.215976e-10
15030.00 1.137062e-10
15040.00 1.138101e-10
15050.00 1.184715e-10
15060.00 1.199796e-10
15070.00 1.152305e-10
15080.00 1.134612e-10
15090.00 1.153683e-10
15100.00 1.118292e-10
15110.00 1.114826e-10
15120.00 1.145316e-10
15130.00 1.121199e-10
15140.00 1.128834e-10
15150.00 1.071442e-10
15160.00 1.051769e-10
15170.00 1.064050e-10
15180.00 1.040501e-10
15190.00 1.035853e-10
15200.00 1.062568e-10
15210.00 1.055259e-10
15220.00 9.878549e-11
15230.00 9.902831e-11
15240.00 1.000159e-10
15250.00 1.019190e-10
15260.00 1.037939e-10
15270.00 1.027163e-10
15280.00 9.649683e-11
15290.00 9.544119e-11
15300.00 9.789152e-11
15310.00 1.013638e-10
15320.00 1.038674e-10
15330.00 9.451761e-11
15340.00 9.249258e-11
15350.00 1.014247e-10
15360.00 1.080946e-10
15370.00 1.078909e-10
15380.00 9.886601e-11
15390.00 9.137346e-11
15400.00 9.188165e-11
15410.00 9.414050e-11
15420.00 9.422898e-11
15430.00 9.147744e-11
15440.00 8.990348e-11
15450.00 9.218439e-11
15460.00 9.151334e-11
15470.00 8.714440e-11
15480.00 8.893234e-11
15490.00 8.683880e-11
15500.00 8.288902e-11
15510.00 8.758933e-11
15520.00 8.978832e-11
15530.00 8.425250e-11
15540.00 7.911432e-11
15550.00 8.124592e-11
15560.00 8.268985e-11
15570.00 8.309141e-11
15580.00 8.305062e-11
15590.00 8.291207e-11
15600.00 8.198171e-11
15610.00 8.162793e-11
15620.00 8.025691e-11
15630.00 8.036508e-11
15640.00 8.637509e-11
15650.00 8.728785e-11
15660.00 8.200630e-11
15670.00 7.831854e-11
15680.00 8.145138e-11
15690.00 8.756174e-11
15700.00 8.888974e-11
15710.00 8.810912e-11
15720.00 8.755280e-11
15730.00 8.394145e-11
15740.00 8.258936e-11
15750.00 8.171697e-11
15760.00 8.047193e-11
15770.00 7.916740e-11
15780.00 7.861066e-11
15790.00 8.079932e-11
15800.00 8.150676e-11
15810.00 8.049903e-11
15820.00 8.019126e-11
15830.00 7.945170e-11
15840.00 7.337088e-11
15850.00 7.365162e-11
15860.00 7.894532e-11
15870.00 7.910678e-11
15880.00 7.754245e-11
15890.00 7.463763e-11
15900.00 7.621278e-11
15910.00 7.791740e-11
15920.00 7.786586e-11
15930.00 8.021354e-11
15940.00 7.924114e-11
15950.00 7.491453e-11
15960.00 7.567469e-11
15970.00 7.589356e-11
15980.00 7.199713e-11
15990.00 7.345670e-11
16000.00 7.437337e-11
16010.00 7.418649e-11
16020.00 7.445201e-11
16030.00 7.534437e-11
16040.00 7.727840e-11
16050.00 7.590368e-11
16060.00 7.332381e-11
16070.00 7.220755e-11
16080.00 7.121162e-11
16090.00 7.181109e-11
16100.00 7.206878e-11
16110.00 7.030969e-11
16120.00 7.362585e-11
16130.00 7.614078e-11
16140.00 7.128138e-11
16150.00 6.918566e-11
16160.00 7.407755e-11
16170.00 7.555150e-11
16180.00 7.302882e-11
16190.00 6.941675e-11
16200.00 6.900469e-11
16210.00 6.944402e-11
16220.00 6.807897e-11
16230.00 6.945354e-11
16240.00 6.799665e-11
16250.00 6.274540e-11
16260.00 6.190466e-11
16270.00 6.475754e-11
16280.00 6.570134e-11
16290.00 6.719411e-11
16300.00 6.524537e-11
16310.00 6.223024e-11
16320.00 6.589419e-11
16330.00 6.593727e-11
16340.00 6.384975e-11
16350.00 6.451509e-11
16360.00 6.153290e-11
16370.00 6.024690e-11
16380.00 6.175930e-11
16390.00 6.115879e-11
16400.00 6.105651e-11
16410.00 6.040053e-11
16420.00 6.036770e-11
16430.00 6.199660e-11
16440.00 6.093917e-11
16450.00 5.945664e-11
16460.00 5.778304e-11
16470.00 5.816704e-11
16480.00 5.883988e-11
16490.00 5.784904e-11
16500.00 5.935101e-11
16510.00 5.987519e-11
16520.00 5.677336e-11
16530.00 5.254362e-11
16540.00 5.451935e-11
16550.00 5.762379e-11
16560.00 5.486181e-11
16570.00 5.525970e-11
16580.00 5.756416e-11
16590.00 5.703498e-11
16600.00 5.531438e-11
16610.00 5.538508e-11
16620.00 5.612179e-11
16630.00 5.455081e-11
16640.00 5.134011e-11
16650.00 5.085299e-11
16660.00 5.377338e-11
16670.00 5.383069e-11
16680.00 5.400767e-11
16690.00 5.570564e-11
16700.00 5.185152e-11
16710.00 5.552420e-11
16720.00 6.135233e-11
16730.00 5.813100e-11
16740.00 5.665644e-11
16750.00 5.800794e-11
16760.00 5.861478e-11
16770.00 6.000526e-11
16780.00 6.118185e-11
16790.00 6.153302e-11
16800.00 6.309377e-11
16810.00 6.296673e-11
16820.00 6.052218e-11
16830.00 5.848453e-11
16840.00 5.799116e-11
16850.00 5.827752e-11
16860.00 5.759845e-11
16870.00 5.735399e-11
16880.00 6.044981e-11
16890.00 6.123109e-11
16900.00 5.777484e-11
16910.00 5.913917e-11
16920.00 5.954084e-11
16930.00 5.557273e-11
16940.00 5.509845e-11
16950.00 5.531004e-11
16960.00 5.528473e-11
16970.00 5.497404e-11
16980.00 5.323316e-11
16990.00 5.256073e-11
17000.00 5.293354e-11
17010.00 5.233384e-11
17020.00 5.108445e-11
17030.00 5.135572e-11
17040.00 5.087984e-11
17050.00 5.135523e-11
17060.00 5.217004e-11
17070.00 5.195059e-11
17080.00 5.196433e-11
17090.00 5.015883e-11
17100.00 5.038492e-11
17110.00 5.036107e-11
17120.00 4.788378e-11
17130.00 4.760071e-11
17140.00 4.766816e-11
17150.00 4.728261e-11
17160.00 4.715981e-11
17170.00 4.597158e-11
17180.00 4.680811e-11
17190.00 4.798242e-11
17200.00 4.770270e-11
17210.00 4.610586e-11
17220.00 4.446297e-11
17230.00 4.743819e-11
17240.00 4.619602e-11
17250.00 4.404910e-11
17260.00 4.573874e-11
17270.00 4.418839e-11
17280.00 4.449596e-11
17290.00 4.401538e-11
17300.00 4.375579e-11
17310.00 4.297948e-11
17320.00 4.347681e-11
17330.00 4.392311e-11
17340.00 4.081410e-11
17350.00 4.050744e-11
17360.00 4.093294e-11
17370.00 4.063861e-11
17380.00 4.075293e-11
17390.00 4.153257e-11
17400.00 4.243439e-11
17410.00 4.268385e-11
17420.00 4.123821e-11
17430.00 3.956866e-11
17440.00 4.092170e-11
17450.00 4.364406e-11
17460.00 4.416936e-11
17470.00 3.918622e-11
17480.00 3.726223e-11
17490.00 3.865417e-11
17500.00 3.662455e-11
17510.00 3.648280e-11
17520.00 3.741263e-11
17530.00 3.699716e-11
17540.00 3.694859e-11
17550.00 3.709331e-11
17560.00 3.547620e-11
17570.00 3.520839e-11
17580.00 3.705034e-11
17590.00 3.765706e-11
17600.00 3.704401e-11
17610.00 3.587624e-11
17620.00 3.522157e-11
17630.00 3.513444e-11
17640.00 3.476200e-11
17650.00 3.515284e-11
17660.00 3.388023e-11
17670.00 3.138316e-11
17680.00 3.111127e-11
17690.00 3.298472e-11
17700.00 3.501499e-11
17710.00 3.502321e-11
17720.00 3.397643e-11
17730.00 3.418900e-11
17740.00 3.441347e-11
17750.00 3.383129e-11
17760.00 3.329087e-11
17770.00 3.198362e-11
17780.00 3.270953e-11
17790.00 3.460961e-11
17800.00 3.182024e-11
17810.00 2.827246e-11
17820.00 2.880556e-11
17830.00 2.956697e-11
17840.00 3.028916e-11
17850.00 2.982490e-11
17860.00 2.823408e-11
17870.00 2.869392e-11
17880.00 3.016637e-11
17890.00 3.047139e-11
17900.00 3.075739e-11
17910.00 3.814329e-11
17920.00 3.724240e-11
17930.00 2.875636e-11
17940.00 2.732805e-11
17950.00 2.550821e-11
17960.00 2.634367e-11
17970.00 2.830376e-11
17980.00 2.825404e-11
17990.00 2.810617e-11
18000.00 2.793641e-11
18010.00 2.774087e-11
18020.00 2.754624e-11
18030.00 2.733670e-11
18040.00 2.712677e-11
18050.00 2.691786e-11
18060.00 2.671682e-11
18070.00 2.651944e-11
18080.00 2.632300e-11
18090.00 2.612752e-11
18100.00 2.593534e-11
18110.00 2.574730e-11
18120.00 2.556015e-11
18130.00 2.537390e-11
18140.00 2.518855e-11
18150.00 2.500666e-11
18160.00 2.483129e-11
18170.00 2.465674e-11
18180.00 2.448301e-11
18190.00 2.431011e-11
18200.00 2.413804e-11
18210.00 2.396920e-11
18220.00 2.380264e-11
18230.00 2.363687e-11
18240.00 2.347188e-11
18250.00 2.330768e-11
18260.00 2.314425e-11
18270.00 2.297452e-11
18280.00 2.280251e-11
18290.00 2.263136e-11
18300.00 2.246105e-11
18310.00 2.229160e-11
18320.00 2.212298e-11
18330.00 2.195169e-11
18340.00 2.177981e-11
18350.00 2.160879e-11
18360.00 2.143866e-11
18370.00 2.126939e-11
18380.00 2.110099e-11
18390.00 2.092997e-11
18400.00 2.075844e-11
18410.00 2.058782e-11
18420.00 2.041810e-11
18430.00 2.024927e-11
18440.00 2.008133e-11
18450.00 1.991096e-11
18460.00 1.974025e-11
18470.00 1.957046e-11
18480.00 1.940157e-11
18490.00 1.923361e-11
18500.00 1.906655e-11
18510.00 1.889745e-11
18520.00 1.872823e-11
18530.00 1.855993e-11
18540.00 1.839256e-11
18550.00 1.822613e-11
18560.00 1.806062e-11
18570.00 1.789444e-11
18580.00 1.772866e-11
18590.00 1.756380e-11
18600.00 1.739989e-11
18610.00 1.723689e-11
18620.00 1.707483e-11
18630.00 1.691273e-11
18640.00 1.675125e-11
18650.00 1.659070e-11
18660.00 1.643107e-11
18670.00 1.627236e-11
18680.00 1.611458e-11
18690.00 1.595667e-11
18700.00 1.579936e-11
18710.00 1.564298e-11
18720.00 1.548752e-11
18730.00 1.533297e-11
18740.00 1.517933e-11
18750.00 1.502511e-11
18760.00 1.487138e-11
18770.00 1.471856e-11
18780.00 1.456666e-11
18790.00 1.441568e-11
18800.00 1.426560e-11
18810.00 1.411482e-11
18820.00 1.396452e-11
18830.00 1.381513e-11
18840.00 1.366667e-11
18850.00 1.351911e-11
18860.00 1.337246e-11
18870.00 1.322394e-11
18880.00 1.307563e-11
18890.00 1.292825e-11
18900.00 1.278179e-11
18910.00 1.263626e-11
18920.00 1.249164e-11
18930.00 1.234370e-11
18940.00 1.219568e-11
18950.00 1.204860e-11
18960.00 1.190249e-11
18970.00 1.175731e-11
18980.00 1.161309e-11
18990.00 1.148255e-11
19000.00 1.135577e-11
19010.00 1.122979e-11
19020.00 1.110461e-11
19030.00 1.098022e-11
19040.00 1.085649e-11
19050.00 1.073350e-11
19060.00 1.061131e-11
19070.00 1.048990e-11
19080.00 1.036839e-11
19090.00 1.024624e-11
19100.00 1.012489e-11
19110.00 1.000433e-11
19120.00 9.881441e-12
19130.00 9.758725e-12
19140.00 9.636833e-12
19150.00 9.491309e-12
19160.00 9.337447e-12
19170.00 9.105305e-12
19180.00 9.119985e-12
19190.00 1.200577e-11
19200.00 1.303440e-11
19210.00 1.203209e-11
19220.00 1.150758e-11
19230.00 1.144591e-11
19240.00 1.187902e-11
19250.00 1.226712e-11
19260.00 1.158046e-11
19270.00 1.087176e-11
19280.00 1.088608e-11
19290.00 1.097682e-11
19300.00 1.092771e-11
19310.00 1.089677e-11
19320.00 1.130154e-11
19330.00 1.054518e-11
19340.00 9.516290e-12
19350.00 1.026959e-11
19360.00 1.057330e-11
19370.00 1.025924e-11
19380.00 1.070833e-11
19390.00 1.067496e-11
19400.00 1.063908e-11
19410.00 1.090408e-11
19420.00 1.062721e-11
19430.00 1.046441e-11
19440.00 1.070749e-11
19450.00 1.154381e-11
19460.00 1.157121e-11
19470.00 1.167570e-11
19480.00 1.254493e-11
19490.00 1.174952e-11
19500.00 1.110831e-11
19510.00 1.118653e-11
19520.00 1.139838e-11
19530.00 1.128047e-11
19540.00 1.105621e-11
19550.00 1.134216e-11
19560.00 1.146838e-11
19570.00 1.075830e-11
19580.00 1.051259e-11
19590.00 1.094009e-11
19600.00 1.067119e-11
19610.00 1.127275e-11
19620.00 1.161869e-11
19630.00 1.050447e-11
19640.00 1.005698e-11
19650.00 9.986620e-12
19660.00 1.026857e-11
19670.00 1.012826e-11
19680.00 9.608480e-12
19690.00 9.381667e-12
19700.00 9.247945e-12
19710.00 9.110180e-12
19720.00 9.065436e-12
19730.00 8.955437e-12
19740.00 8.496196e-12
19750.00 8.590824e-12
19760.00 8.078221e-12
19770.00 8.346000e-12
19780.00 8.177675e-12
19790.00 7.692448e-12
19800.00 8.472459e-12
19810.00 8.788348e-12
19820.00 7.187164e-12
19830.00 6.297005e-12
19840.00 6.409564e-12
19850.00 5.094989e-12
19860.00 4.408129e-12
19870.00 3.991655e-12
19880.00 3.105019e-12
19890.00 2.463343e-12
19900.00 2.887182e-12
19910.00 3.518804e-12
19920.00 3.728047e-12
19930.00 3.603418e-12
19940.00 3.538048e-12
19950.00 2.788448e-12
19960.00 2.009802e-12
19970.00 2.710578e-12
19980.00 3.508856e-12
19990.00 3.483909e-12
20000.00 3.137854e-12
20010.00 3.236185e-12
20020.00 3.628455e-12
20030.00 3.140243e-12
20040.00 3.368108e-12
20050.00 3.752237e-12
20060.00 3.232489e-12
20070.00 3.140462e-12
20080.00 3.254304e-12
20090.00 3.101362e-12
20100.00 3.486866e-12
20110.00 3.985693e-12
20120.00 4.052996e-12
20130.00 4.343227e-12
20140.00 4.441206e-12
20150.00 4.306586e-12
20160.00 4.758527e-12
20170.00 6.705457e-12
20180.00 7.187150e-12
20190.00 5.679753e-12
20200.00 5.253105e-12
20210.00 5.666359e-12
20220.00 5.844793e-12
20230.00 6.007606e-12
20240.00 6.305298e-12
20250.00 6.278578e-12
20260.00 6.652165e-12
20270.00 7.080294e-12
20280.00 6.899464e-12
20290.00 6.914128e-12
20300.00 6.977808e-12
20310.00 7.018000e-12
20320.00 7.237816e-12
20330.00 7.193526e-12
20340.00 6.965244e-12
20350.00 7.091077e-12
20360.00 7.113201e-12
20370.00 6.973092e-12
20380.00 6.985904e-12
20390.00 7.104324e-12
20400.00 7.172617e-12
20410.00 7.258606e-12
20420.00 7.490454e-12
20430.00 7.754155e-12
20440.00 7.857910e-12
20450.00 7.698635e-12
20460.00 7.749818e-12
20470.00 7.705702e-12
20480.00 7.386308e-12
20490.00 7.389094e-12
20500.00 7.656720e-12
20510.00 7.768918e-12
20520.00 7.561373e-12
20530.00 7.325097e-12
20540.00 7.428000e-12
20550.00 7.494176e-12
20560.00 7.413265e-12
20570.00 7.424522e-12
20580.00 7.647767e-12
20590.00 7.569585e-12
20600.00 7.081495e-12
20610.00 7.205161e-12
20620.00 7.411477e-12
20630.00 7.072319e-12
20640.00 6.918140e-12
20650.00 6.850571e-12
20660.00 6.781688e-12
20670.00 6.746095e-12
20680.00 6.798243e-12
20690.00 6.782335e-12
20700.00 6.598427e-12
20710.00 6.450414e-12
20720.00 6.283937e-12
20730.00 6.202405e-12
20740.00 6.033820e-12
20750.00 5.908045e-12
20760.00 6.164726e-12
20770.00 6.234514e-12
20780.00 6.340639e-12
20790.00 6.541622e-12
20800.00 6.191857e-12
20810.00 5.941597e-12
20820.00 6.131784e-12
20830.00 6.151950e-12
20840.00 6.014917e-12
20850.00 6.133663e-12
20860.00 6.092845e-12
20870.00 5.505402e-12
20880.00 5.387252e-12
20890.00 5.624132e-12
20900.00 5.540871e-12
20910.00 5.597917e-12
20920.00 5.805371e-12
20930.00 5.587886e-12
20940.00 5.266589e-12
20950.00 5.275839e-12
20960.00 5.362802e-12
20970.00 5.335812e-12
20980.00 5.179211e-12
20990.00 5.182350e-12
21000.00 5.039127e-12
21010.00 4.971292e-12
21020.00 4.891719e-12
21030.00 4.670422e-12
21040.00 4.938879e-12
21050.00 5.047990e-12
21060.00 4.859908e-12
21070.00 4.929228e-12
21080.00 4.646978e-12
21090.00 4.505529e-12
21100.00 4.802577e-12
21110.00 4.719933e-12
21120.00 4.577270e-12
21130.00 4.622696e-12
21140.00 4.642054e-12
21150.00 4.496504e-12
21160.00 4.296029e-12
21170.00 4.284851e-12
21180.00 4.434786e-12
21190.00 4.427402e-12
21200.00 4.365826e-12
21210.00 4.287934e-12
21220.00 4.169863e-12
21230.00 4.087367e-12
21240.00 4.155972e-12
21250.00 4.273883e-12
21260.00 4.242367e-12
21270.00 3.880165e-12
21280.00 3.736835e-12
21290.00 3.942135e-12
21300.00 3.839391e-12
21310.00 3.717372e-12
21320.00 3.808066e-12
21330.00 3.944532e-12
21340.00 3.895409e-12
21350.00 3.697362e-12
21360.00 3.542214e-12
21370.00 3.461841e-12
21380.00 3.379163e-12
21390.00 3.338276e-12
21400.00 3.417506e-12
21410.00 3.371477e-12
21420.00 3.358670e-12
21430.00 3.358540e-12
21440.00 3.289412e-12
21450.00 3.384226e-12
21460.00 3.327011e-12
21470.00 3.012387e-12
21480.00 3.018502e-12
21490.00 3.239407e-12
21500.00 3.164914e-12
21510.00 2.851274e-12
21520.00 2.736220e-12
21530.00 2.888025e-12
21540.00 2.952938e-12
21550.00 2.999113e-12
21560.00 2.999697e-12
21570.00 2.835931e-12
21580.00 2.729584e-12
21590.00 2.793604e-12
21600.00 2.889505e-12
21610.00 2.891896e-12
21620.00 2.710301e-12
21630.00 2.566827e-12
21640.00 2.544410e-12
21650.00 2.545963e-12
21660.00 2.558643e-12
21670.00 2.522971e-12
21680.00 2.550810e-12
21690.00 2.562063e-12
21700.00 2.589507e-12
21710.00 2.509358e-12
21720.00 2.314036e-12
21730.00 2.283748e-12
21740.00 2.186864e-12
21750.00 2.070747e-12
21760.00 2.143683e-12
21770.00 2.272019e-12
21780.00 2.251377e-12
21790.00 2.271702e-12
21800.00 2.314271e-12
21810.00 2.181880e-12
21820.00 1.978343e-12
21830.00 1.919572e-12
21840.00 2.087506e-12
21850.00 2.221629e-12
21860.00 2.182134e-12
21870.00 1.957756e-12
21880.00 1.788837e-12
21890.00 1.769577e-12
21900.00 1.770086e-12
21910.00 1.861960e-12
21920.00 1.875314e-12
21930.00 1.931489e-12
21940.00 1.912493e-12
21950.00 1.749477e-12
21960.00 1.803160e-12
21970.00 1.816838e-12
21980.00 1.714869e-12
21990.00 1.593720e-12
22000.00 1.590255e-12
22010.00 1.615924e-12
22020.00 1.573946e-12
22030.00 1.670252e-12
22040.00 1.636017e-12
22050.00 1.595553e-12
22060.00 1.636288e-12
22070.00 1.728941e-12
22080.00 1.611319e-12
22090.00 1.414823e-12
22100.00 1.660292e-12
22110.00 1.669526e-12
22120.00 1.484828e-12
22130.00 1.448310e-12
22140.00 1.482185e-12
22150.00 1.475329e-12
22160.00 1.331024e-12
22170.00 1.265317e-12
22180.00 1.404909e-12
22190.00 1.444478e-12
22200.00 1.378901e-12
22210.00 1.521299e-12
22220.00 1.573180e-12
22230.00 1.415795e-12
22240.00 1.285613e-12
22250.00 1.170969e-12
22260.00 1.155511e-12
22270.00 1.319534e-12
22280.00 1.274873e-12
22290.00 1.222059e-12
22300.00 1.326821e-12
22310.00 1.268022e-12
22320.00 1.230711e-12
22330.00 1.298462e-12
22340.00 1.286911e-12
22350.00 1.195125e-12
22360.00 1.223449e-12
22370.00 1.248702e-12
22380.00 1.220657e-12
22390.00 1.238945e-12
22400.00 1.275264e-12
22410.00 1.143947e-12
22420.00 1.074083e-12
22430.00 1.156305e-12
22440.00 1.116471e-12
22450.00 1.133947e-12
22460.00 1.096977e-12
22470.00 1.036305e-12
22480.00 1.057454e-12
22490.00 9.288841e-13
22500.00 8.774436e-13
22510.00 9.238964e-13
22520.00 9.781694e-13
22530.00 1.005898e-12
22540.00 9.358265e-13
22550.00 8.762914e-13
22560.00 8.849370e-13
22570.00 9.564197e-13
22580.00 1.016020e-12
22590.00 1.013897e-12
22600.00 9.470575e-13
22610.00 8.492767e-13
22620.00 8.258705e-13
22630.00 8.412302e-13
22640.00 8.248188e-13
22650.00 8.956324e-13
22660.00 9.370479e-13
22670.00 8.880887e-13
22680.00 7.757674e-13
22690.00 7.112006e-13
22700.00 7.636593e-13
22710.00 7.966484e-13
22720.00 7.991115e-13
22730.00 8.133971e-13
22740.00 8.365023e-13
22750.00 8.121052e-13
22760.00 7.919254e-13
22770.00 8.374416e-13
22780.00 7.872240e-13
22790.00 6.839754e-13
22800.00 7.051850e-13
22810.00 7.489456e-13
22820.00 7.544919e-13
22830.00 7.152434e-13
22840.00 6.516536e-13
22850.00 7.040404e-13
22860.00 7.113131e-13
22870.00 6.873145e-13
22880.00 6.774847e-13
22890.00 6.407791e-13
22900.00 6.542270e-13
22910.00 6.577016e-13
22920.00 6.923449e-13
22930.00 7.220029e-13
22940.00 6.751175e-13
22950.00 5.991681e-13
22960.00 5.910082e-13
22970.00 6.124223e-13
22980.00 5.180580e-13
22990.00 4.754137e-13
23000.00 5.885880e-13
23010.00 6.240451e-13
23020.00 6.191711e-13
23030.00 6.161458e-13
23040.00 5.174241e-13
23050.00 5.363814e-13
23060.00 5.781262e-13
23070.00 5.410428e-13
23080.00 6.025120e-13
23090.00 6.040669e-13
23100.00 5.260007e-13
23110.00 4.663562e-13
23120.00 4.296429e-13
23130.00 4.685900e-13
23140.00 5.032335e-13
23150.00 4.634456e-13
23160.00 4.366050e-13
23170.00 4.707174e-13
23180.00 4.850714e-13
23190.00 4.437217e-13
23200.00 4.467113e-13
23210.00 4.461479e-13
23220.00 4.321266e-13
23230.00 3.983986e-13
23240.00 3.876612e-13
23250.00 4.076034e-13
23260.00 3.577844e-13
23270.00 3.587176e-13
23280.00 3.722152e-13
23290.00 3.589563e-13
23300.00 3.709949e-13
23310.00 3.814048e-13
23320.00 3.772159e-13
23330.00 3.548117e-13
23340.00 3.714813e-13
23350.00 4.131982e-13
23360.00 4.206198e-13
23370.00 3.941492e-13
23380.00 3.346632e-13
23390.00 3.731865e-13
23400.00 4.062342e-13
23410.00 3.384395e-13
23420.00 2.997104e-13
23430.00 3.068947e-13
23440.00 2.674211e-13
23450.00 2.181984e-13
23460.00 2.657046e-13
23470.00 2.930778e-13
23480.00 2.771832e-13
23490.00 3.388285e-13
23500.00 3.599082e-13
23510.00 3.445426e-13
23520.00 3.733678e-13
23530.00 3.518155e-13
23540.00 3.245479e-13
23550.00 3.166843e-13
23560.00 2.836970e-13
23570.00 2.503781e-13
23580.00 2.734705e-13
23590.00 2.997247e-13
23600.00 2.644052e-13
23610.00 2.418327e-13
23620.00 2.825799e-13
23630.00 3.121478e-13
23640.00 2.495161e-13
23650.00 2.105679e-13
23660.00 2.566442e-13
23670.00 2.485719e-13
23680.00 1.936784e-13
23690.00 1.915765e-13
23700.00 2.525723e-13
23710.00 2.658774e-13
23720.00 2.250438e-13
23730.00 1.794567e-13
23740.00 1.645994e-13
23750.00 1.637909e-13
23760.00 1.928265e-13
23770.00 2.112546e-13
23780.00 1.963573e-13
23790.00 1.945937e-13
23800.00 2.119763e-13
23810.00 2.214443e-13
23820.00 1.824862e-13
23830.00 1.681129e-13
23840.00 1.872071e-13
23850.00 1.853815e-13
23860.00 1.620648e-13
23870.00 1.647720e-13
23880.00 1.625125e-13
23890.00 1.665045e-13
23900.00 1.717550e-13
23910.00 1.434940e-13
23920.00 1.377570e-13
23930.00 1.458483e-13
23940.00 1.491991e-13
23950.00 1.470768e-13
23960.00 1.422666e-13
23970.00 1.534979e-13
23980.00 1.442052e-13
23990.00 1.384420e-13
24000.00 1.386074e-13
24010.00 1.364979e-13
24020.00 1.363055e-13
24030.00 1.351062e-13
24040.00 1.622638e-13
24050.00 1.484432e-13
24060.00 1.345843e-13
24070.00 1.070439e-13
24080.00 7.246008e-14
24090.00 1.223092e-13
24100.00 1.544492e-13
24110.00 1.343656e-13
24120.00 1.164185e-13
24130.00 9.132918e-14
24140.00 7.760286e-14
24150.00 1.086343e-13
24160.00 1.183512e-13
24170.00 1.260436e-13
24180.00 1.063244e-13
24190.00 7.202500e-14
24200.00 6.597483e-14
24210.00 7.789506e-14
24220.00 1.166300e-13
24230.00 1.139333e-13
24240.00 9.142919e-14
24250.00 1.200033e-13
24260.00 1.263828e-13
24270.00 1.111889e-13
24280.00 1.095988e-13
24290.00 7.435612e-14
24300.00 6.264750e-14
24310.00 8.822693e-14
24320.00 8.584615e-14
24330.00 7.183253e-14
24340.00 7.285046e-14
24350.00 6.829087e-14
24360.00 8.909017e-14
24370.00 1.086152e-13
24380.00 8.935115e-14
24390.00 6.936830e-14
24400.00 7.172917e-14
24410.00 7.140765e-14
24420.00 6.425716e-14
24430.00 6.249847e-14
24440.00 6.095038e-14
24450.00 5.930406e-14
24460.00 5.816928e-14
24470.00 5.704899e-14
24480.00 5.594301e-14
24490.00 5.485128e-14
24500.00 5.377371e-14
24510.00 5.271018e-14
24520.00 5.166062e-14
24530.00 5.062488e-14
24540.00 4.960287e-14
24550.00 4.859453e-14
24560.00 4.759971e-14
24570.00 4.661834e-14
24580.00 4.565031e-14
24590.00 4.469553e-14
24600.00 4.375389e-14
24610.00 4.282530e-14
24620.00 4.190967e-14
24630.00 4.100689e-14
24640.00 4.011685e-14
24650.00 3.923946e-14
24660.00 3.837465e-14
24670.00 3.752228e-14
24680.00 3.668229e-14
24690.00 3.585455e-14
24700.00 3.503901e-14
24710.00 3.423552e-14
24720.00 3.344401e-14
24730.00 3.266439e-14
24740.00 3.189655e-14
24750.00 3.114040e-14
24760.00 3.039585e-14
24770.00 2.966281e-14
24780.00 2.894116e-14
24790.00 2.823084e-14
24800.00 2.753173e-14
24810.00 2.684375e-14
24820.00 2.616679e-14
24830.00 2.550078e-14
24840.00 2.484560e-14
24850.00 2.420118e-14
24860.00 2.356742e-14
24870.00 2.294422e-14
24880.00 2.233150e-14
24890.00 2.172916e-14
24900.00 2.113711e-14
24910.00 2.055525e-14
24920.00 1.998351e-14
24930.00 1.942177e-14
24940.00 1.886997e-14
24950.00 1.832800e-14
24960.00 1.779578e-14
24970.00 1.727321e-14
24980.00 1.676020e-14
24990.00 1.625666e-14
25000.00 1.576252e-14
