1000.00 1.689707e-14
1010.00 1.889851e-14
1020.00 2.100061e-14
1030.00 2.321054e-14
1040.00 2.553544e-14
1050.00 2.798241e-14
1060.00 3.055844e-14
1070.00 3.327042e-14
1080.00 3.612508e-14
1090.00 3.912902e-14
1100.00 4.228864e-14
1110.00 4.561015e-14
1120.00 4.909955e-14
1130.00 5.279744e-14
1140.00 5.671804e-14
1150.00 6.087481e-14
1160.00 6.528175e-14
1170.00 6.995345e-14
1180.00 7.490510e-14
1190.00 8.015271e-14
1200.00 8.571291e-14
1210.00 9.160294e-14
1220.00 9.784061e-14
1230.00 1.044444e-13
1240.00 1.114304e-13
1250.00 1.188347e-13
1260.00 1.266899e-13
1270.00 1.351012e-13
1280.00 1.441028e-13
1290.00 1.537312e-13
1300.00 1.640246e-13
1310.00 1.750232e-13
1320.00 1.867691e-13
1330.00 1.993070e-13
1340.00 2.126836e-13
1350.00 2.269480e-13
1360.00 2.421518e-13
1370.00 2.583495e-13
1380.00 2.755985e-13
1390.00 2.939578e-13
1400.00 3.134896e-13
1410.00 3.342596e-13
1420.00 3.563362e-13
1430.00 3.797912e-13
1440.00 4.047000e-13
1450.00 4.311416e-13
1460.00 4.591988e-13
1470.00 4.889582e-13
1480.00 5.205107e-13
1490.00 5.539519e-13
1500.00 5.893815e-13
1510.00 6.269046e-13
1520.00 6.666316e-13
1530.00 7.086782e-13
1540.00 7.531664e-13
1550.00 8.002261e-13
1560.00 8.499918e-13
1570.00 9.026062e-13
1580.00 9.582187e-13
1590.00 1.016988e-12
1600.00 1.079081e-12
1610.00 1.144677e-12
1620.00 1.213964e-12
1630.00 1.287142e-12
1640.00 1.364426e-12
1650.00 1.446043e-12
1660.00 1.532235e-12
1670.00 1.623264e-12
1680.00 1.719409e-12
1690.00 1.820969e-12
1700.00 1.928264e-12
1710.00 2.041619e-12
1720.00 2.161415e-12
1730.00 2.288073e-12
1740.00 2.422050e-12
1750.00 2.563841e-12
1760.00 2.713989e-12
1770.00 2.873091e-12
1780.00 3.041802e-12
1790.00 3.220844e-12
1800.00 3.411011e-12
1810.00 3.613208e-12
1820.00 3.828383e-12
1830.00 4.057612e-12
1840.00 4.302086e-12
1850.00 4.563132e-12
1860.00 4.842217e-12
1870.00 5.141316e-12
1880.00 5.464526e-12
1890.00 5.815644e-12
1900.00 6.203885e-12
1910.00 6.607772e-12
1920.00 7.039098e-12
1930.00 7.505176e-12
1940.00 8.015516e-12
1950.00 8.582702e-12
1960.00 9.222504e-12
1970.00 9.921093e-12
1980.00 1.069777e-11
1990.00 1.150982e-11
2000.00 1.262666e-11
2010.00 1.371597e-11
2020.00 1.488138e-11
2030.00 1.603904e-11
2040.00 1.726451e-11
2050.00 1.872902e-11
2060.00 2.034967e-11
2070.00 2.185808e-11
2080.00 2.342644e-11
2090.00 2.513625e-11
2100.00 2.701128e-11
2110.00 2.894568e-11
2120.00 3.092095e-11
2130.00 3.320264e-11
2140.00 3.551873e-11
2150.00 3.750531e-11
2160.00 3.934373e-11
2170.00 4.113661e-11
2180.00 4.281392e-11
2190.00 4.439409e-11
2200.00 4.561818e-11
2210.00 4.676552e-11
2220.00 4.811821e-11
2230.00 4.924894e-11
2240.00 5.035707e-11
2250.00 5.132759e-11
2260.00 5.221792e-11
2270.00 5.310694e-11
2280.00 5.403705e-11
2290.00 5.477870e-11
2300.00 5.550243e-11
2310.00 5.556975e-11
2320.00 5.536458e-11
2330.00 5.560375e-11
2340.00 5.597591e-11
2350.00 5.618044e-11
2360.00 5.638130e-11
2370.00 5.633644e-11
2380.00 5.629896e-11
2390.00 5.592286e-11
2400.00 5.560051e-11
2410.00 5.515905e-11
2420.00 5.441834e-11
2430.00 5.383323e-11
2440.00 5.368342e-11
2450.00 5.352154e-11
2460.00 5.323700e-11
2470.00 5.296146e-11
2480.00 5.281958e-11
2490.00 5.287513e-11
2500.00 5.276774e-11
2510.00 5.269778e-11
2520.00 5.308118e-11
2530.00 5.236612e-11
2540.00 5.044300e-11
2550.00 4.971864e-11
2560.00 4.937595e-11
2570.00 4.916004e-11
2580.00 4.884694e-11
2590.00 4.911974e-11
2600.00 4.928820e-11
2610.00 5.005702e-11
2620.00 5.077422e-11
2630.00 5.221404e-11
2640.00 5.361485e-11
2650.00 5.514419e-11
2660.00 5.702368e-11
2670.00 5.891692e-11
2680.00 6.093669e-11
2690.00 6.280494e-11
2700.00 6.458692e-11
2710.00 6.668337e-11
2720.00 6.931613e-11
2730.00 7.233374e-11
2740.00 7.426317e-11
2750.00 7.585054e-11
2760.00 7.812558e-11
2770.00 8.102336e-11
2780.00 8.423294e-11
2790.00 8.705292e-11
2800.00 8.966534e-11
2810.00 9.247798e-11
2820.00 9.606783e-11
2830.00 1.005208e-10
2840.00 1.057346e-10
2850.00 1.116447e-10
2860.00 1.178606e-10
2870.00 1.239116e-10
2880.00 1.293858e-10
2890.00 1.343359e-10
2900.00 1.391509e-10
2910.00 1.436141e-10
2920.00 1.474224e-10
2930.00 1.505981e-10
2940.00 1.546802e-10
2950.00 1.600150e-10
2960.00 1.641601e-10
2970.00 1.675796e-10
2980.00 1.705194e-10
2990.00 1.733207e-10
3000.00 1.765460e-10
3010.00 1.795817e-10
3020.00 1.814966e-10
3030.00 1.824720e-10
3040.00 1.816732e-10
3050.00 1.798115e-10
3060.00 1.780264e-10
3070.00 1.766539e-10
3080.00 1.765292e-10
3090.00 1.770922e-10
3100.00 1.788575e-10
3110.00 1.813874e-10
3120.00 1.849226e-10
3130.00 1.889916e-10
3140.00 1.930079e-10
3150.00 1.963843e-10
3160.00 1.999715e-10
3170.00 2.029190e-10
3180.00 2.052737e-10
3190.00 2.082870e-10
3200.00 2.111440e-10
3210.00 2.141879e-10
3220.00 2.180318e-10
3230.00 2.216609e-10
3240.00 2.251363e-10
3250.00 2.298349e-10
3260.00 2.327450e-10
3270.00 2.355475e-10
3280.00 2.377157e-10
3290.00 2.404403e-10
3300.00 2.428086e-10
3310.00 2.468453e-10
3320.00 2.509720e-10
3330.00 2.572643e-10
3340.00 2.670718e-10
3350.00 2.781887e-10
3360.00 2.905956e-10
3370.00 3.041064e-10
3380.00 3.194766e-10
3390.00 3.338466e-10
3400.00 3.465331e-10
3410.00 3.598460e-10
3420.00 3.721755e-10
3430.00 3.853541e-10
3440.00 3.997312e-10
3450.00 4.136613e-10
3460.00 4.348169e-10
3470.00 4.272848e-10
3480.00 4.171410e-10
3490.00 4.118604e-10
3500.00 4.093120e-10
3510.00 4.092444e-10
3520.00 4.167581e-10
3530.00 4.156176e-10
3540.00 4.113095e-10
3550.00 4.136250e-10
3560.00 4.174828e-10
3570.00 4.340867e-10
3580.00 4.449941e-10
3590.00 4.477835e-10
3600.00 4.389382e-10
3610.00 4.284914e-10
3620.00 4.111790e-10
3630.00 3.980830e-10
3640.00 3.960041e-10
3650.00 4.006284e-10
3660.00 4.148464e-10
3670.00 4.270195e-10
3680.00 4.246699e-10
3690.00 4.031905e-10
3700.00 3.693486e-10
3710.00 3.405331e-10
3720.00 2.733416e-10
3730.00 2.778355e-10
3740.00 2.605398e-10
3750.00 2.442171e-10
3760.00 2.458551e-10
3770.00 2.301656e-10
3780.00 2.334667e-10
3790.00 2.356743e-10
3800.00 2.394777e-10
3810.00 2.370740e-10
3820.00 2.716566e-10
3830.00 3.170964e-10
3840.00 3.663581e-10
3850.00 3.955956e-10
3860.00 4.925840e-10
3870.00 6.147603e-10
3880.00 6.225475e-10
3890.00 7.122985e-10
3900.00 7.627046e-10
3910.00 8.093585e-10
3920.00 8.249613e-10
3930.00 8.356434e-10
3940.00 8.409425e-10
3950.00 8.431759e-10
3960.00 8.621642e-10
3970.00 8.546136e-10
3980.00 8.463136e-10
3990.00 8.539774e-10
4000.00 9.060010e-10
4010.00 9.226072e-10
4020.00 9.593067e-10
4030.00 9.564532e-10
4040.00 9.479207e-10
4050.00 9.283890e-10
4060.00 8.985837e-10
4070.00 8.671973e-10
4080.00 8.224849e-10
4090.00 7.771188e-10
4100.00 7.350901e-10
4110.00 7.010989e-10
4120.00 6.826600e-10
4130.00 6.763183e-10
4140.00 6.668728e-10
4150.00 6.561270e-10
4160.00 6.429668e-10
4170.00 6.377889e-10
4180.00 6.295035e-10
4190.00 6.283336e-10
4200.00 6.277711e-10
4210.00 6.361719e-10
4220.00 6.433293e-10
4230.00 6.572990e-10
4240.00 6.631292e-10
4250.00 6.673317e-10
4260.00 6.692110e-10
4270.00 6.685142e-10
4280.00 6.730364e-10
4290.00 6.774180e-10
4300.00 6.820726e-10
4310.00 6.802167e-10
4320.00 6.855056e-10
4330.00 6.753036e-10
4340.00 6.658183e-10
4350.00 6.585182e-10
4360.00 6.483014e-10
4370.00 6.455399e-10
4380.00 6.357431e-10
4390.00 6.248351e-10
4400.00 6.178537e-10
4410.00 6.136063e-10
4420.00 6.117754e-10
4430.00 6.174656e-10
4440.00 6.272611e-10
4450.00 6.451167e-10
4460.00 6.489076e-10
4470.00 6.996218e-10
4480.00 7.595795e-10
4490.00 8.199750e-10
4500.00 9.011110e-10
4510.00 9.674084e-10
4520.00 9.887307e-10
4530.00 1.042448e-09
4540.00 1.083542e-09
4550.00 1.146917e-09
4560.00 1.171326e-09
4570.00 1.220718e-09
4580.00 1.273100e-09
4590.00 1.301557e-09
4600.00 1.329313e-09
4610.00 1.340686e-09
4620.00 1.340744e-09
4630.00 1.337271e-09
4640.00 1.322988e-09
4650.00 1.295935e-09
4660.00 1.277391e-09
4670.00 1.238078e-09
4680.00 1.195844e-09
4690.00 1.161297e-09
4700.00 1.118886e-09
4710.00 1.087549e-09
4720.00 1.059548e-09
4730.00 1.036466e-09
4740.00 9.936730e-10
4750.00 9.642497e-10
4760.00 9.236380e-10
4770.00 8.984636e-10
4780.00 8.547889e-10
4790.00 8.424482e-10
4800.00 8.239340e-10
4810.00 8.384117e-10
4820.00 8.550570e-10
4830.00 8.818007e-10
4840.00 9.061595e-10
4850.00 9.047900e-10
4860.00 9.249328e-10
4870.00 9.412499e-10
4880.00 9.569246e-10
4890.00 9.486504e-10
4900.00 9.624731e-10
4910.00 1.003194e-09
4920.00 1.046798e-09
4930.00 1.107624e-09
4940.00 1.144042e-09
4950.00 1.186942e-09
4960.00 1.203340e-09
4970.00 1.203744e-09
4980.00 1.198657e-09
4990.00 1.148246e-09
5000.00 1.082655e-09
5010.00 1.031591e-09
5020.00 9.825209e-10
5030.00 9.488229e-10
5040.00 9.369376e-10
5050.00 9.140656e-10
5060.00 9.252421e-10
5070.00 9.600386e-10
5080.00 9.899486e-10
5090.00 1.037596e-09
5100.00 1.064322e-09
5110.00 1.091005e-09
5120.00 1.117096e-09
5130.00 1.141384e-09
5140.00 1.175269e-09
5150.00 1.205031e-09
5160.00 1.220647e-09
5170.00 1.248846e-09
5180.00 1.269026e-09
5190.00 1.290233e-09
5200.00 1.297409e-09
5210.00 1.328645e-09
5220.00 1.372376e-09
5230.00 1.418978e-09
5240.00 1.491914e-09
5250.00 1.535666e-09
5260.00 1.564473e-09
5270.00 1.610069e-09
5280.00 1.638953e-09
5290.00 1.658273e-09
5300.00 1.710949e-09
5310.00 1.739850e-09
5320.00 1.758556e-09
5330.00 1.788787e-09
5340.00 1.800109e-09
5350.00 1.789396e-09
5360.00 1.770813e-09
5370.00 1.745366e-09
5380.00 1.727107e-09
5390.00 1.711531e-09
5400.00 1.691784e-09
5410.00 1.689315e-09
5420.00 1.663573e-09
5430.00 1.679492e-09
5440.00 1.683171e-09
5450.00 1.723936e-09
5460.00 1.769685e-09
5470.00 1.796665e-09
5480.00 1.803404e-09
5490.00 1.799652e-09
5500.00 1.764801e-09
5510.00 1.736553e-09
5520.00 1.680553e-09
5530.00 1.589436e-09
5540.00 1.504732e-09
5550.00 1.345459e-09
5560.00 1.274443e-09
5570.00 1.258758e-09
5580.00 1.137920e-09
5590.00 1.014863e-09
5600.00 9.602006e-10
5610.00 9.108336e-10
5620.00 8.180768e-10
5630.00 7.673040e-10
5640.00 7.346920e-10
5650.00 6.899720e-10
5660.00 6.560335e-10
5670.00 6.292039e-10
5680.00 6.205040e-10
5690.00 6.282449e-10
5700.00 6.355049e-10
5710.00 6.600675e-10
5720.00 6.911469e-10
5730.00 7.067682e-10
5740.00 7.723497e-10
5750.00 8.529033e-10
5760.00 9.310686e-10
5770.00 9.833331e-10
5780.00 1.049265e-09
5790.00 1.123789e-09
5800.00 1.237697e-09
5810.00 1.435671e-09
5820.00 1.567573e-09
5830.00 1.667620e-09
5840.00 1.736953e-09
5850.00 1.801172e-09
5860.00 1.835903e-09
5870.00 1.829737e-09
5880.00 1.824045e-09
5890.00 1.716714e-09
5900.00 1.673112e-09
5910.00 1.734867e-09
5920.00 1.708332e-09
5930.00 1.777800e-09
5940.00 1.817453e-09
5950.00 1.874122e-09
5960.00 1.872460e-09
5970.00 1.865096e-09
5980.00 1.836253e-09
5990.00 1.806698e-09
6000.00 1.775166e-09
6010.00 1.739241e-09
6020.00 1.702952e-09
6030.00 1.663226e-09
6040.00 1.635185e-09
6050.00 1.595881e-09
6060.00 1.572630e-09
6070.00 1.541259e-09
6080.00 1.511304e-09
6090.00 1.504363e-09
6100.00 1.483899e-09
6110.00 1.466789e-09
6120.00 1.453855e-09
6130.00 1.449151e-09
6140.00 1.437937e-09
6150.00 1.447817e-09
6160.00 1.452556e-09
6170.00 1.472490e-09
6180.00 1.504218e-09
6190.00 1.546782e-09
6200.00 1.590600e-09
6210.00 1.615315e-09
6220.00 1.630876e-09
6230.00 1.639295e-09
6240.00 1.626120e-09
6250.00 1.617338e-09
6260.00 1.588123e-09
6270.00 1.566744e-09
6280.00 1.545664e-09
6290.00 1.518983e-09
6300.00 1.502591e-09
6310.00 1.479297e-09
6320.00 1.473599e-09
6330.00 1.460603e-09
6340.00 1.466645e-09
6350.00 1.478010e-09
6360.00 1.486506e-09
6370.00 1.493725e-09
6380.00 1.498330e-09
6390.00 1.519980e-09
6400.00 1.514485e-09
6410.00 1.526958e-09
6420.00 1.545234e-09
6430.00 1.563241e-09
6440.00 1.564549e-09
6450.00 1.558053e-09
6460.00 1.553051e-09
6470.00 1.544847e-09
6480.00 1.532913e-09
6490.00 1.518637e-09
6500.00 1.508623e-09
6510.00 1.491977e-09
6520.00 1.482001e-09
6530.00 1.479262e-09
6540.00 1.483503e-09
6550.00 1.500391e-09
6560.00 1.532137e-09
6570.00 1.543708e-09
6580.00 1.563975e-09
6590.00 1.486177e-09
6600.00 1.410797e-09
6610.00 1.356926e-09
6620.00 1.313021e-09
6630.00 1.280344e-09
6640.00 1.253460e-09
6650.00 1.230986e-09
6660.00 1.210355e-09
6670.00 1.187226e-09
6680.00 1.159236e-09
6690.00 1.131435e-09
6700.00 1.104365e-09
6710.00 1.069170e-09
6720.00 1.038121e-09
6730.00 1.024253e-09
6740.00 1.012524e-09
6750.00 9.954761e-10
6760.00 9.862389e-10
6770.00 9.887328e-10
6780.00 9.768732e-10
6790.00 9.601748e-10
6800.00 9.439638e-10
6810.00 9.201092e-10
6820.00 8.939710e-10
6830.00 8.701381e-10
6840.00 8.546366e-10
6850.00 8.439413e-10
6860.00 8.340190e-10
6870.00 8.316851e-10
6880.00 8.288099e-10
6890.00 8.329938e-10
6900.00 8.385744e-10
6910.00 8.508781e-10
6920.00 8.663816e-10
6930.00 8.844859e-10
6940.00 9.101792e-10
6950.00 9.285580e-10
6960.00 9.344926e-10
6970.00 9.489528e-10
6980.00 9.425615e-10
6990.00 9.429078e-10
7000.00 9.419881e-10
7010.00 9.220262e-10
7020.00 9.093789e-10
7030.00 9.076023e-10
7040.00 8.998582e-10
7050.00 9.018625e-10
7060.00 9.105235e-10
7070.00 9.218453e-10
7080.00 9.324562e-10
7090.00 9.393693e-10
7100.00 9.498097e-10
7110.00 9.622203e-10
7120.00 9.714686e-10
7130.00 9.970572e-10
7140.00 1.002194e-09
7150.00 1.022586e-09
7160.00 1.045356e-09
7170.00 1.061173e-09
7180.00 1.078410e-09
7190.00 1.087099e-09
7200.00 1.134640e-09
7210.00 1.169425e-09
7220.00 1.207762e-09
7230.00 1.222275e-09
7240.00 1.233182e-09
7250.00 1.251867e-09
7260.00 1.230797e-09
7270.00 1.241084e-09
7280.00 1.235159e-09
7290.00 1.207897e-09
7300.00 1.194007e-09
7310.00 1.188081e-09
7320.00 1.151772e-09
7330.00 1.130375e-09
7340.00 1.109895e-09
7350.00 1.094108e-09
7360.00 1.071861e-09
7370.00 1.057911e-09
7380.00 1.051110e-09
7390.00 1.030614e-09
7400.00 1.011684e-09
7410.00 1.001398e-09
7420.00 9.714561e-10
7430.00 9.643705e-10
7440.00 9.561725e-10
7450.00 9.521346e-10
7460.00 9.031607e-10
7470.00 8.739686e-10
7480.00 8.477871e-10
7490.00 8.071503e-10
7500.00 7.727498e-10
7510.00 7.727568e-10
7520.00 7.810540e-10
7530.00 7.702672e-10
7540.00 7.392712e-10
7550.00 6.972131e-10
7560.00 6.805618e-10
7570.00 6.574972e-10
7580.00 6.584497e-10
7590.00 6.500479e-10
7600.00 6.428197e-10
7610.00 6.369454e-10
7620.00 6.535439e-10
7630.00 6.743332e-10
7640.00 6.958674e-10
7650.00 7.321235e-10
7660.00 7.672426e-10
7670.00 8.201056e-10
7680.00 8.619247e-10
7690.00 8.728792e-10
7700.00 9.427353e-10
7710.00 9.661793e-10
7720.00 8.780366e-10
7730.00 8.847862e-10
7740.00 8.895134e-10
7750.00 8.886649e-10
7760.00 8.701996e-10
7770.00 8.755057e-10
7780.00 9.012500e-10
7790.00 9.218733e-10
7800.00 9.246918e-10
7810.00 9.229180e-10
7820.00 8.981039e-10
7830.00 8.752019e-10
7840.00 8.576864e-10
7850.00 8.781790e-10
7860.00 9.093740e-10
7870.00 9.209479e-10
7880.00 8.845369e-10
7890.00 8.260451e-10
7900.00 8.053723e-10
7910.00 7.671350e-10
7920.00 7.678124e-10
7930.00 7.354316e-10
7940.00 7.012225e-10
7950.00 6.908312e-10
7960.00 6.682886e-10
7970.00 6.572491e-10
7980.00 6.413264e-10
7990.00 6.287185e-10
8000.00 6.237417e-10
8010.00 6.068445e-10
8020.00 5.788692e-10
8030.00 5.657504e-10
8040.00 5.327962e-10
8050.00 5.185089e-10
8060.00 5.137977e-10
8070.00 4.830807e-10
8080.00 4.549249e-10
8090.00 4.431679e-10
8100.00 4.338090e-10
8110.00 4.376853e-10
8120.00 4.165007e-10
8130.00 3.950264e-10
8140.00 3.545186e-10
8150.00 2.596737e-10
8160.00 2.625363e-10
8170.00 2.213207e-10
8180.00 1.760599e-10
8190.00 1.894115e-10
8200.00 1.686297e-10
8210.00 1.459814e-10
8220.00 1.332432e-10
8230.00 1.280115e-10
8240.00 1.479818e-10
8250.00 1.100039e-10
8260.00 1.608932e-10
8270.00 1.621214e-10
8280.00 1.514513e-10
8290.00 1.857014e-10
8300.00 2.134976e-10
8310.00 1.752520e-10
8320.00 2.264775e-10
8330.00 2.529792e-10
8340.00 2.595488e-10
8350.00 2.637779e-10
8360.00 2.906568e-10
8370.00 3.215234e-10
8380.00 3.860169e-10
8390.00 3.882881e-10
8400.00 4.009638e-10
8410.00 5.363980e-10
8420.00 5.857900e-10
8430.00 6.687417e-10
8440.00 7.168427e-10
8450.00 8.262351e-10
8460.00 8.605734e-10
8470.00 1.000168e-09
8480.00 1.061947e-09
8490.00 1.109079e-09
8500.00 1.179615e-09
8510.00 1.317640e-09
8520.00 1.428034e-09
8530.00 1.628175e-09
8540.00 1.653813e-09
8550.00 1.693995e-09
8560.00 1.765201e-09
8570.00 1.846073e-09
8580.00 1.859674e-09
8590.00 1.939554e-09
8600.00 2.020085e-09
8610.00 2.108023e-09
8620.00 2.082116e-09
8630.00 2.046349e-09
8640.00 1.996103e-09
8650.00 1.872539e-09
8660.00 1.796996e-09
8670.00 1.772621e-09
8680.00 1.748367e-09
8690.00 1.722389e-09
8700.00 1.670208e-09
8710.00 1.669403e-09
8720.00 1.706733e-09
8730.00 1.650562e-09
8740.00 1.619937e-09
8750.00 1.520768e-09
8760.00 1.453120e-09
8770.00 1.453941e-09
8780.00 1.275562e-09
8790.00 1.183515e-09
8800.00 1.130245e-09
8810.00 1.007276e-09
8820.00 9.425356e-10
8830.00 8.470301e-10
8840.00 7.585452e-10
8850.00 7.364917e-10
8860.00 6.704514e-10
8870.00 5.948110e-10
8880.00 5.788642e-10
8890.00 5.110107e-10
8900.00 5.014182e-10
8910.00 5.441628e-10
8920.00 5.555893e-10
8930.00 5.349429e-10
8940.00 5.077224e-10
8950.00 5.561377e-10
8960.00 5.989527e-10
8970.00 5.617988e-10
8980.00 5.633151e-10
8990.00 5.610315e-10
9000.00 5.337562e-10
9010.00 5.359828e-10
9020.00 5.355426e-10
9030.00 5.236910e-10
9040.00 5.158624e-10
9050.00 5.101856e-10
9060.00 5.078136e-10
9070.00 5.402546e-10
9080.00 5.620563e-10
9090.00 5.568894e-10
9100.00 5.222264e-10
9110.00 4.752550e-10
9120.00 4.997794e-10
9130.00 5.120847e-10
9140.00 5.191467e-10
9150.00 5.066142e-10
9160.00 4.981293e-10
9170.00 5.013071e-10
9180.00 5.078196e-10
9190.00 5.037347e-10
9200.00 5.233773e-10
9210.00 5.190404e-10
9220.00 4.842836e-10
9230.00 4.362723e-10
9240.00 4.789272e-10
9250.00 4.646245e-10
9260.00 4.805688e-10
9270.00 4.668364e-10
9280.00 4.541348e-10
9290.00 4.839640e-10
9300.00 5.503705e-10
9310.00 4.285892e-10
9320.00 4.470083e-10
9330.00 4.386008e-10
9340.00 4.599860e-10
9350.00 4.082554e-10
9360.00 4.114793e-10
9370.00 4.118159e-10
9380.00 3.866677e-10
9390.00 4.164291e-10
9400.00 4.460518e-10
9410.00 4.462034e-10
9420.00 4.329034e-10
9430.00 4.540424e-10
9440.00 4.500564e-10
9450.00 4.562897e-10
9460.00 4.436624e-10
9470.00 4.426025e-10
9480.00 4.569491e-10
9490.00 4.309079e-10
9500.00 4.141185e-10
9510.00 4.265642e-10
9520.00 4.234514e-10
9530.00 4.331248e-10
9540.00 3.913153e-10
9550.00 3.940249e-10
9560.00 3.921572e-10
9570.00 3.663770e-10
9580.00 3.129269e-10
9590.00 2.774203e-10
9600.00 2.729391e-10
9610.00 2.983800e-10
9620.00 2.742981e-10
9630.00 3.364063e-10
9640.00 3.181009e-10
9650.00 2.427768e-10
9660.00 2.482397e-10
9670.00 2.568613e-10
9680.00 2.835943e-10
9690.00 3.041075e-10
9700.00 3.207622e-10
9710.00 3.222078e-10
9720.00 3.076159e-10
9730.00 3.028586e-10
9740.00 3.115524e-10
9750.00 3.339293e-10
9760.00 3.494050e-10
9770.00 3.506731e-10
9780.00 3.441643e-10
9790.00 3.394014e-10
9800.00 3.355627e-10
9810.00 3.212957e-10
9820.00 3.018501e-10
9830.00 2.922997e-10
9840.00 2.890796e-10
9850.00 2.855068e-10
9860.00 2.880682e-10
9870.00 2.956298e-10
9880.00 2.995768e-10
9890.00 2.972586e-10
9900.00 2.929098e-10
9910.00 2.935948e-10
9920.00 2.961152e-10
9930.00 2.976475e-10
9940.00 2.990807e-10
9950.00 2.958488e-10
9960.00 2.949508e-10
9970.00 2.925330e-10
9980.00 2.898149e-10
9990.00 2.867036e-10
10000.00 2.843258e-10
10010.00 2.754978e-10
10020.00 2.646016e-10
10030.00 2.508199e-10
10040.00 2.439588e-10
10050.00 2.326418e-10
10060.00 2.287138e-10
10070.00 2.209338e-10
10080.00 2.065357e-10
10090.00 2.020125e-10
10100.00 1.913974e-10
10110.00 1.886654e-10
10120.00 1.827505e-10
10130.00 1.845316e-10
10140.00 1.817654e-10
10150.00 1.779344e-10
10160.00 1.699682e-10
10170.00 1.647486e-10
10180.00 1.709078e-10
10190.00 1.711965e-10
10200.00 1.717690e-10
10210.00 1.746972e-10
10220.00 1.580527e-10
10230.00 1.401967e-10
10240.00 1.233701e-10
10250.00 1.321860e-10
10260.00 1.105421e-10
10270.00 9.911659e-11
10280.00 8.862919e-11
10290.00 8.772404e-11
10300.00 8.012953e-11
10310.00 7.877178e-11
10320.00 7.104988e-11
10330.00 6.760585e-11
10340.00 7.874203e-11
10350.00 7.051626e-11
10360.00 5.695276e-11
10370.00 5.296032e-11
10380.00 5.131247e-11
10390.00 4.835495e-11
10400.00 3.909594e-11
10410.00 4.534752e-11
10420.00 5.293786e-11
10430.00 4.253787e-11
10440.00 4.421874e-11
10450.00 5.595035e-11
10460.00 6.530905e-11
10470.00 6.538530e-11
10480.00 6.719052e-11
10490.00 4.632950e-11
10500.00 6.073490e-11
10510.00 7.271058e-11
10520.00 7.790784e-11
10530.00 8.222125e-11
10540.00 8.583317e-11
10550.00 9.057649e-11
10560.00 9.729855e-11
10570.00 1.030841e-10
10580.00 1.051331e-10
10590.00 1.084854e-10
10600.00 1.174288e-10
10610.00 1.332244e-10
10620.00 1.495735e-10
10630.00 1.641382e-10
10640.00 1.755375e-10
10650.00 1.834537e-10
10660.00 1.938048e-10
10670.00 2.041057e-10
10680.00 2.123108e-10
10690.00 2.207188e-10
10700.00 2.329112e-10
10710.00 2.406271e-10
10720.00 2.375302e-10
10730.00 2.321504e-10
10740.00 2.391575e-10
10750.00 2.472824e-10
10760.00 2.475315e-10
10770.00 2.494765e-10
10780.00 2.528836e-10
10790.00 2.560055e-10
10800.00 2.599906e-10
10810.00 2.678000e-10
10820.00 2.721252e-10
10830.00 2.667676e-10
10840.00 2.653451e-10
10850.00 2.733878e-10
10860.00 2.774425e-10
10870.00 2.738325e-10
10880.00 2.711838e-10
10890.00 2.717004e-10
10900.00 2.703971e-10
10910.00 2.652103e-10
10920.00 2.589306e-10
10930.00 2.541180e-10
10940.00 2.510436e-10
10950.00 2.477903e-10
10960.00 2.439365e-10
10970.00 2.417412e-10
10980.00 2.389981e-10
10990.00 2.344058e-10
11000.00 2.299764e-10
11010.00 2.257188e-10
11020.00 2.234940e-10
11030.00 2.236406e-10
11040.00 2.211868e-10
11050.00 2.176764e-10
11060.00 2.160073e-10
11070.00 2.115079e-10
11080.00 2.069384e-10
11090.00 2.023492e-10
11100.00 1.973761e-10
11110.00 1.957630e-10
11120.00 1.925398e-10
11130.00 1.890062e-10
11140.00 1.857955e-10
11150.00 1.835113e-10
11160.00 1.843259e-10
11170.00 1.837007e-10
11180.00 1.816506e-10
11190.00 1.831809e-10
11200.00 1.877135e-10
11210.00 1.848815e-10
11220.00 1.812494e-10
11230.00 1.836095e-10
11240.00 1.842184e-10
11250.00 1.801470e-10
11260.00 1.784475e-10
11270.00 1.777839e-10
11280.00 1.748562e-10
11290.00 1.742542e-10
11300.00 1.737034e-10
11310.00 1.691272e-10
11320.00 1.642244e-10
11330.00 1.618300e-10
11340.00 1.587528e-10
11350.00 1.560542e-10
11360.00 1.553341e-10
11370.00 1.536729e-10
11380.00 1.505593e-10
11390.00 1.485036e-10
11400.00 1.467172e-10
11410.00 1.426949e-10
11420.00 1.390110e-10
11430.00 1.379217e-10
11440.00 1.362903e-10
11450.00 1.349016e-10
11460.00 1.356826e-10
11470.00 1.344978e-10
11480.00 1.301999e-10
11490.00 1.269586e-10
11500.00 1.262546e-10
11510.00 1.274415e-10
11520.00 1.268089e-10
11530.00 1.226731e-10
11540.00 1.187190e-10
11550.00 1.163328e-10
11560.00 1.142773e-10
11570.00 1.143438e-10
11580.00 1.169828e-10
11590.00 1.161520e-10
11600.00 1.140114e-10
11610.00 1.115910e-10
11620.00 1.092773e-10
11630.00 1.087887e-10
11640.00 1.091732e-10
11650.00 1.102257e-10
11660.00 1.098138e-10
11670.00 1.118711e-10
11680.00 1.125856e-10
11690.00 1.107840e-10
11700.00 1.099488e-10
11710.00 1.093913e-10
11720.00 1.093974e-10
11730.00 1.094941e-10
11740.00 1.082935e-10
11750.00 1.069018e-10
11760.00 1.059319e-10
11770.00 1.062142e-10
11780.00 1.077666e-10
11790.00 1.084367e-10
11800.00 1.087801e-10
11810.00 1.096048e-10
11820.00 1.103044e-10
11830.00 1.104991e-10
11840.00 1.095406e-10
11850.00 1.078608e-10
11860.00 1.066734e-10
11870.00 1.065501e-10
11880.00 1.072039e-10
11890.00 1.077797e-10
11900.00 1.075228e-10
11910.00 1.067596e-10
11920.00 1.068244e-10
11930.00 1.073944e-10
11940.00 1.070276e-10
11950.00 1.069167e-10
11960.00 1.073261e-10
11970.00 1.060191e-10
11980.00 1.047354e-10
11990.00 1.048956e-10
12000.00 1.032082e-10
12010.00 1.011299e-10
12020.00 1.004931e-10
12030.00 9.960334e-11
12040.00 9.799670e-11
12050.00 9.689071e-11
12060.00 9.503845e-11
12070.00 9.278980e-11
12080.00 9.220569e-11
12090.00 9.135886e-11
12100.00 8.969125e-11
12110.00 8.721173e-11
12120.00 8.510799e-11
12130.00 8.495114e-11
12140.00 8.810891e-11
12150.00 8.852904e-11
12160.00 8.578149e-11
12170.00 8.314644e-11
12180.00 8.165761e-11
12190.00 8.352774e-11
12200.00 8.620979e-11
12210.00 8.699377e-11
12220.00 8.424433e-11
12230.00 8.110192e-11
12240.00 7.902989e-11
12250.00 7.883630e-11
12260.00 7.853992e-11
12270.00 7.868364e-11
12280.00 8.064128e-11
12290.00 8.053897e-11
12300.00 7.932069e-11
12310.00 7.991338e-11
12320.00 8.077928e-11
12330.00 8.019398e-11
12340.00 7.915734e-11
12350.00 7.875571e-11
12360.00 7.906872e-11
12370.00 7.921859e-11
12380.00 7.840297e-11
12390.00 7.710877e-11
12400.00 7.545247e-11
12410.00 7.447582e-11
12420.00 7.614462e-11
12430.00 7.805295e-11
12440.00 7.698502e-11
12450.00 7.485126e-11
12460.00 7.367396e-11
12470.00 7.319712e-11
12480.00 7.336445e-11
12490.00 7.351634e-11
12500.00 7.342605e-11
12510.00 7.392104e-11
12520.00 7.421086e-11
12530.00 7.207451e-11
12540.00 7.014697e-11
12550.00 6.984647e-11
12560.00 7.185991e-11
12570.00 7.350859e-11
12580.00 7.081104e-11
12590.00 7.016757e-11
12600.00 7.102383e-11
12610.00 7.235420e-11
12620.00 7.337625e-11
12630.00 7.267789e-11
12640.00 7.348087e-11
12650.00 7.308511e-11
12660.00 7.116427e-11
12670.00 7.071362e-11
12680.00 7.118159e-11
12690.00 7.150395e-11
12700.00 7.098633e-11
12710.00 6.997811e-11
12720.00 7.043805e-11
12730.00 7.113480e-11
12740.00 7.071453e-11
12750.00 7.151499e-11
12760.00 7.289033e-11
12770.00 7.265331e-11
12780.00 7.087033e-11
12790.00 6.874511e-11
12800.00 6.745246e-11
12810.00 6.699836e-11
12820.00 6.691049e-11
12830.00 6.728866e-11
12840.00 6.679028e-11
12850.00 6.534877e-11
12860.00 6.535698e-11
12870.00 6.662391e-11
12880.00 6.710868e-11
12890.00 6.695004e-11
12900.00 6.697893e-11
12910.00 6.641242e-11
12920.00 6.526240e-11
12930.00 6.456265e-11
12940.00 6.362330e-11
12950.00 6.243248e-11
12960.00 6.185131e-11
12970.00 6.070246e-11
12980.00 5.947991e-11
12990.00 5.999473e-11
13000.00 6.086645e-11
13010.00 6.019470e-11
13020.00 5.876605e-11
13030.00 5.740638e-11
13040.00 5.705497e-11
13050.00 5.838096e-11
13060.00 5.996222e-11
13070.00 5.916230e-11
13080.00 5.692190e-11
13090.00 5.603607e-11
13100.00 5.592998e-11
13110.00 5.594720e-11
13120.00 5.541862e-11
13130.00 5.462545e-11
13140.00 5.420296e-11
13150.00 5.341518e-11
13160.00 5.257479e-11
13170.00 5.093558e-11
13180.00 5.084579e-11
13190.00 5.124721e-11
13200.00 5.037848e-11
13210.00 4.996524e-11
13220.00 5.018285e-11
13230.00 5.026537e-11
13240.00 5.147676e-11
13250.00 5.199564e-11
13260.00 5.179176e-11
13270.00 5.206260e-11
13280.00 5.129969e-11
13290.00 5.004092e-11
13300.00 4.841119e-11
13310.00 4.730396e-11
13320.00 4.803852e-11
13330.00 4.893830e-11
13340.00 4.869526e-11
13350.00 4.828139e-11
13360.00 4.808358e-11
13370.00 4.807651e-11
13380.00 4.672782e-11
13390.00 4.384814e-11
13400.00 4.190981e-11
13410.00 4.125945e-11
13420.00 4.077944e-11
13430.00 4.039984e-11
13440.00 4.007336e-11
13450.00 3.978192e-11
13460.00 3.952023e-11
13470.00 3.928027e-11
13480.00 3.905749e-11
13490.00 3.884752e-11
13500.00 3.864721e-11
13510.00 3.845638e-11
13520.00 3.826971e-11
13530.00 3.808720e-11
13540.00 3.790760e-11
13550.00 3.772848e-11
13560.00 3.754790e-11
13570.00 3.736667e-11
13580.00 3.718578e-11
13590.00 3.700470e-11
13600.00 3.682357e-11
13610.00 3.664280e-11
13620.00 3.646059e-11
13630.00 3.627634e-11
13640.00 3.609228e-11
13650.00 3.590733e-11
13660.00 3.571909e-11
13670.00 3.553111e-11
13680.00 3.534781e-11
13690.00 3.519228e-11
13700.00 3.504029e-11
13710.00 3.488845e-11
13720.00 3.470567e-11
13730.00 3.451800e-11
13740.00 3.432963e-11
13750.00 3.412640e-11
13760.00 3.391687e-11
13770.00 3.370491e-11
13780.00 3.347669e-11
13790.00 3.323588e-11
13800.00 3.299036e-11
13810.00 3.273024e-11
13820.00 3.245273e-11
13830.00 3.216607e-11
13840.00 3.185419e-11
13850.00 3.150121e-11
13860.00 3.113181e-11
13870.00 3.076354e-11
13880.00 3.039609e-11
13890.00 3.003109e-11
13900.00 2.967217e-11
13910.00 2.932031e-11
13920.00 2.897574e-11
13930.00 2.864180e-11
13940.00 2.831702e-11
13950.00 2.799586e-11
13960.00 2.767727e-11
13970.00 2.736254e-11
13980.00 2.705499e-11
13990.00 2.676035e-11
14000.00 2.648686e-11
14010.00 2.623867e-11
14020.00 2.604646e-11
14030.00 2.589022e-11
14040.00 2.559705e-11
14050.00 2.543708e-11
14060.00 2.556887e-11
14070.00 2.554466e-11
14080.00 2.525974e-11
14090.00 2.504553e-11
14100.00 2.485729e-11
14110.00 2.507666e-11
14120.00 2.581219e-11
14130.00 2.713459e-11
14140.00 2.611757e-11
14150.00 2.334493e-11
14160.00 2.279836e-11
14170.00 2.232313e-11
14180.00 2.136695e-11
14190.00 2.159015e-11
14200.00 2.002741e-11
14210.00 1.966661e-11
14220.00 2.144658e-11
14230.00 2.262337e-11
14240.00 2.231389e-11
14250.00 2.146630e-11
14260.00 2.192151e-11
14270.00 2.269543e-11
14280.00 2.353085e-11
14290.00 2.466816e-11
14300.00 2.486470e-11
14310.00 2.436326e-11
14320.00 2.456974e-11
14330.00 2.509966e-11
14340.00 2.630951e-11
14350.00 2.732489e-11
14360.00 2.726100e-11
14370.00 2.694330e-11
14380.00 2.660122e-11
14390.00 2.584400e-11
14400.00 2.522790e-11
14410.00 2.566984e-11
14420.00 2.682414e-11
14430.00 2.765676e-11
14440.00 2.761781e-11
14450.00 2.695272e-11
14460.00 2.657253e-11
14470.00 2.682477e-11
14480.00 2.706503e-11
14490.00 2.648106e-11
14500.00 2.560160e-11
14510.00 2.543483e-11
14520.00 2.555889e-11
14530.00 2.421172e-11
14540.00 2.301504e-11
14550.00 2.372432e-11
14560.00 2.379337e-11
14570.00 2.406746e-11
14580.00 2.534811e-11
14590.00 2.497128e-11
14600.00 2.320215e-11
14610.00 2.200853e-11
14620.00 2.246339e-11
14630.00 2.343670e-11
14640.00 2.301218e-11
14650.00 2.315668e-11
14660.00 2.408889e-11
14670.00 2.465871e-11
14680.00 2.453314e-11
14690.00 2.357606e-11
14700.00 2.366925e-11
14710.00 2.543813e-11
14720.00 2.495707e-11
14730.00 2.355201e-11
14740.00 2.384352e-11
14750.00 2.353790e-11
14760.00 2.296888e-11
14770.00 2.348214e-11
14780.00 2.401658e-11
14790.00 2.407193e-11
14800.00 2.362724e-11
14810.00 2.292540e-11
14820.00 2.294884e-11
14830.00 2.394679e-11
14840.00 2.448673e-11
14850.00 2.412811e-11
14860.00 2.392445e-11
14870.00 2.380929e-11
14880.00 2.386755e-11
14890.00 2.425485e-11
14900.00 2.441344e-11
14910.00 2.424482e-11
14920.00 2.398574e-11
14930.00 2.382283e-11
14940.00 2.372800e-11
14950.00 2.359375e-11
14960.00 2.366845e-11
14970.00 2.376984e-11
14980.00 2.357812e-11
14990.00 2.328706e-11
15000.00 2.318414e-11
15010.00 2.338607e-11
15020.00 2.294987e-11
15030.00 2.184471e-11
15040.00 2.154151e-11
15050.00 2.213135e-11
15060.00 2.242552e-11
15070.00 2.186660e-11
15080.00 2.143877e-11
15090.00 2.151687e-11
15100.00 2.111152e-11
15110.00 2.095373e-11
15120.00 2.134679e-11
15130.00 2.110245e-11
15140.00 2.108140e-11
15150.00 2.014490e-11
15160.00 1.963478e-11
15170.00 1.979707e-11
15180.00 1.939936e-11
15190.00 1.925929e-11
15200.00 1.972237e-11
15210.00 1.964723e-11
15220.00 1.842382e-11
15230.00 1.830673e-11
15240.00 1.848684e-11
15250.00 1.884130e-11
15260.00 1.918388e-11
15270.00 1.899432e-11
15280.00 1.802359e-11
15290.00 1.766292e-11
15300.00 1.802228e-11
15310.00 1.864754e-11
15320.00 1.887953e-11
15330.00 1.780821e-11
15340.00 1.734420e-11
15350.00 1.846515e-11
15360.00 1.969842e-11
15370.00 1.974329e-11
15380.00 1.850512e-11
15390.00 1.720335e-11
15400.00 1.687923e-11
15410.00 1.713714e-11
15420.00 1.717772e-11
15430.00 1.685068e-11
15440.00 1.661126e-11
15450.00 1.670232e-11
15460.00 1.660855e-11
15470.00 1.621075e-11
15480.00 1.602521e-11
15490.00 1.577954e-11
15500.00 1.542934e-11
15510.00 1.574021e-11
15520.00 1.605454e-11
15530.00 1.542594e-11
15540.00 1.461754e-11
15550.00 1.460451e-11
15560.00 1.489743e-11
15570.00 1.501954e-11
15580.00 1.503048e-11
15590.00 1.498800e-11
15600.00 1.485219e-11
15610.00 1.473583e-11
15620.00 1.453044e-11
15630.00 1.456833e-11
15640.00 1.548191e-11
15650.00 1.579296e-11
15660.00 1.494939e-11
15670.00 1.417790e-11
15680.00 1.462832e-11
15690.00 1.575771e-11
15700.00 1.612742e-11
15710.00 1.602574e-11
15720.00 1.591103e-11
15730.00 1.527162e-11
15740.00 1.495221e-11
15750.00 1.476393e-11
15760.00 1.452877e-11
15770.00 1.428228e-11
15780.00 1.418493e-11
15790.00 1.448014e-11
15800.00 1.464527e-11
15810.00 1.453768e-11
15820.00 1.443312e-11
15830.00 1.416793e-11
15840.00 1.342704e-11
15850.00 1.329682e-11
15860.00 1.389770e-11
15870.00 1.415741e-11
15880.00 1.390398e-11
15890.00 1.357143e-11
15900.00 1.361638e-11
15910.00 1.387528e-11
15920.00 1.406068e-11
15930.00 1.424336e-11
15940.00 1.413142e-11
15950.00 1.369214e-11
15960.00 1.350054e-11
15970.00 1.341982e-11
15980.00 1.312022e-11
15990.00 1.305081e-11
16000.00 1.322094e-11
16010.00 1.326714e-11
16020.00 1.331234e-11
16030.00 1.348220e-11
16040.00 1.368799e-11
16050.00 1.357146e-11
16060.00 1.318144e-11
16070.00 1.288953e-11
16080.00 1.273141e-11
16090.00 1.275821e-11
16100.00 1.278016e-11
16110.00 1.263114e-11
16120.00 1.303406e-11
16130.00 1.344612e-11
16140.00 1.282646e-11
16150.00 1.238240e-11
16160.00 1.307348e-11
16170.00 1.344976e-11
16180.00 1.307020e-11
16190.00 1.240234e-11
16200.00 1.224746e-11
16210.00 1.230834e-11
16220.00 1.208769e-11
16230.00 1.228746e-11
16240.00 1.207376e-11
16250.00 1.117608e-11
16260.00 1.091595e-11
16270.00 1.133010e-11
16280.00 1.158194e-11
16290.00 1.179596e-11
16300.00 1.154021e-11
16310.00 1.114045e-11
16320.00 1.146489e-11
16330.00 1.159004e-11
16340.00 1.136629e-11
16350.00 1.125318e-11
16360.00 1.092464e-11
16370.00 1.067443e-11
16380.00 1.074033e-11
16390.00 1.076206e-11
16400.00 1.069502e-11
16410.00 1.062463e-11
16420.00 1.064074e-11
16430.00 1.075305e-11
16440.00 1.069976e-11
16450.00 1.043730e-11
16460.00 1.020755e-11
16470.00 1.016494e-11
16480.00 1.021414e-11
16490.00 1.021862e-11
16500.00 1.031702e-11
16510.00 1.034829e-11
16520.00 9.938748e-12
16530.00 9.411361e-12
16540.00 9.463242e-12
16550.00 9.805752e-12
16560.00 9.702137e-12
16570.00 9.660165e-12
16580.00 9.921715e-12
16590.00 9.936974e-12
16600.00 9.710678e-12
16610.00 9.653803e-12
16620.00 9.722403e-12
16630.00 9.499613e-12
16640.00 8.995293e-12
16650.00 8.836116e-12
16660.00 9.248525e-12
16670.00 9.351065e-12
16680.00 9.382400e-12
16690.00 9.663832e-12
16700.00 9.072957e-12
16710.00 9.588193e-12
16720.00 1.062395e-11
16730.00 1.023281e-11
16740.00 9.923244e-12
16750.00 1.010593e-11
16760.00 1.024072e-11
16770.00 1.047737e-11
16780.00 1.069644e-11
16790.00 1.080573e-11
16800.00 1.102713e-11
16810.00 1.102983e-11
16820.00 1.067841e-11
16830.00 1.031305e-11
16840.00 1.016743e-11
16850.00 1.015829e-11
16860.00 1.009211e-11
16870.00 1.012038e-11
16880.00 1.044904e-11
16890.00 1.058859e-11
16900.00 1.033901e-11
16910.00 1.028504e-11
16920.00 1.026629e-11
16930.00 9.906630e-12
16940.00 9.634543e-12
16950.00 9.624507e-12
16960.00 9.624095e-12
16970.00 9.532526e-12
16980.00 9.333969e-12
16990.00 9.181775e-12
17000.00 9.154358e-12
17010.00 9.079117e-12
17020.00 8.937427e-12
17030.00 8.874560e-12
17040.00 8.860195e-12
17050.00 8.905295e-12
17060.00 9.007444e-12
17070.00 9.029833e-12
17080.00 8.972393e-12
17090.00 8.781818e-12
17100.00 8.717779e-12
17110.00 8.674864e-12
17120.00 8.369807e-12
17130.00 8.228285e-12
17140.00 8.220707e-12
17150.00 8.170551e-12
17160.00 8.130074e-12
17170.00 7.957922e-12
17180.00 8.052075e-12
17190.00 8.260221e-12
17200.00 8.244787e-12
17210.00 7.983559e-12
17220.00 7.683578e-12
17230.00 8.121897e-12
17240.00 7.990410e-12
17250.00 7.621746e-12
17260.00 7.834256e-12
17270.00 7.642983e-12
17280.00 7.639365e-12
17290.00 7.579614e-12
17300.00 7.518165e-12
17310.00 7.415332e-12
17320.00 7.455180e-12
17330.00 7.469552e-12
17340.00 7.120198e-12
17350.00 6.950600e-12
17360.00 6.975518e-12
17370.00 6.969884e-12
17380.00 6.989458e-12
17390.00 7.101363e-12
17400.00 7.240665e-12
17410.00 7.269493e-12
17420.00 7.094680e-12
17430.00 6.904108e-12
17440.00 7.022421e-12
17450.00 7.364784e-12
17460.00 7.400743e-12
17470.00 6.926371e-12
17480.00 6.507514e-12
17490.00 6.445116e-12
17500.00 6.344831e-12
17510.00 6.243974e-12
17520.00 6.306676e-12
17530.00 6.322475e-12
17540.00 6.299561e-12
17550.00 6.261878e-12
17560.00 6.105966e-12
17570.00 6.043866e-12
17580.00 6.235355e-12
17590.00 6.380527e-12
17600.00 6.318133e-12
17610.00 6.144178e-12
17620.00 6.012934e-12
17630.00 5.967861e-12
17640.00 5.924527e-12
17650.00 5.945554e-12
17660.00 5.765721e-12
17670.00 5.370777e-12
17680.00 5.259167e-12
17690.00 5.538136e-12
17700.00 5.904460e-12
17710.00 5.956887e-12
17720.00 5.794946e-12
17730.00 5.805070e-12
17740.00 5.845188e-12
17750.00 5.760261e-12
17760.00 5.662882e-12
17770.00 5.450452e-12
17780.00 5.533243e-12
17790.00 5.805632e-12
17800.00 5.449446e-12
17810.00 4.888399e-12
17820.00 4.831937e-12
17830.00 4.961164e-12
17840.00 5.071269e-12
17850.00 5.017466e-12
17860.00 4.832527e-12
17870.00 4.841925e-12
17880.00 5.026841e-12
17890.00 5.143862e-12
17900.00 5.407836e-12
17910.00 6.101117e-12
17920.00 6.163984e-12
17930.00 5.290957e-12
17940.00 4.612559e-12
17950.00 4.396747e-12
17960.00 4.430560e-12
17970.00 4.650688e-12
17980.00 4.759340e-12
17990.00 4.738908e-12
18000.00 4.709847e-12
18010.00 4.677270e-12
18020.00 4.642756e-12
18030.00 4.606969e-12
18040.00 4.570316e-12
18050.00 4.533988e-12
18060.00 4.498570e-12
18070.00 4.463980e-12
18080.00 4.429720e-12
18090.00 4.395701e-12
18100.00 4.362183e-12
18110.00 4.329304e-12
18120.00 4.296753e-12
18130.00 4.264372e-12
18140.00 4.232203e-12
18150.00 4.200593e-12
18160.00 4.169973e-12
18170.00 4.139731e-12
18180.00 4.109644e-12
18190.00 4.079711e-12
18200.00 4.049934e-12
18210.00 4.020684e-12
18220.00 3.991872e-12
18230.00 3.963245e-12
18240.00 3.934766e-12
18250.00 3.906434e-12
18260.00 3.878246e-12
18270.00 3.849109e-12
18280.00 3.819473e-12
18290.00 3.789911e-12
18300.00 3.760507e-12
18310.00 3.731259e-12
18320.00 3.702121e-12
18330.00 3.672670e-12
18340.00 3.643063e-12
18350.00 3.613555e-12
18360.00 3.584209e-12
18370.00 3.555023e-12
18380.00 3.525909e-12
18390.00 3.496562e-12
18400.00 3.467058e-12
18410.00 3.437647e-12
18420.00 3.408401e-12
18430.00 3.379319e-12
18440.00 3.350294e-12
18450.00 3.321097e-12
18460.00 3.291762e-12
18470.00 3.262522e-12
18480.00 3.233450e-12
18490.00 3.204545e-12
18500.00 3.175707e-12
18510.00 3.146747e-12
18520.00 3.117687e-12
18530.00 3.088735e-12
18540.00 3.059952e-12
18550.00 3.031339e-12
18560.00 3.002847e-12
18570.00 2.974359e-12
18580.00 2.945901e-12
18590.00 2.917581e-12
18600.00 2.889431e-12
18610.00 2.861450e-12
18620.00 2.833616e-12
18630.00 2.805837e-12
18640.00 2.778146e-12
18650.00 2.750607e-12
18660.00 2.723236e-12
18670.00 2.696032e-12
18680.00 2.668985e-12
18690.00 2.641960e-12
18700.00 2.615019e-12
18710.00 2.588235e-12
18720.00 2.561616e-12
18730.00 2.535162e-12
18740.00 2.508871e-12
18750.00 2.482515e-12
18760.00 2.456220e-12
18770.00 2.430078e-12
18780.00 2.404100e-12
18790.00 2.378285e-12
18800.00 2.352623e-12
18810.00 2.326895e-12
18820.00 2.301218e-12
18830.00 2.275689e-12
18840.00 2.250324e-12
18850.00 2.225121e-12
18860.00 2.200024e-12
18870.00 2.174763e-12
18880.00 2.149460e-12
18890.00 2.124285e-12
18900.00 2.099275e-12
18910.00 2.074430e-12
18920.00 2.049624e-12
18930.00 2.024554e-12
18940.00 1.999319e-12
18950.00 1.974195e-12
18960.00 1.949240e-12
18970.00 1.924452e-12
18980.00 1.900254e-12
18990.00 1.877407e-12
19000.00 1.855722e-12
19010.00 1.834353e-12
19020.00 1.813125e-12
19030.00 1.792032e-12
19040.00 1.771064e-12
19050.00 1.750223e-12
19060.00 1.729519e-12
19070.00 1.708926e-12
19080.00 1.688350e-12
19090.00 1.667724e-12
19100.00 1.647161e-12
19110.00 1.626662e-12
19120.00 1.605962e-12
19130.00 1.585178e-12
19140.00 1.564067e-12
19150.00 1.540133e-12
19160.00 1.513087e-12
19170.00 1.478688e-12
19180.00 1.497320e-12
19190.00 1.899824e-12
19200.00 2.138888e-12
19210.00 2.022126e-12
19220.00 1.917127e-12
19230.00 1.894806e-12
19240.00 1.959689e-12
19250.00 2.030361e-12
19260.00 1.936929e-12
19270.00 1.813677e-12
19280.00 1.798192e-12
19290.00 1.812542e-12
19300.00 1.808826e-12
19310.00 1.806812e-12
19320.00 1.853687e-12
19330.00 1.759424e-12
19340.00 1.613878e-12
19350.00 1.667202e-12
19360.00 1.730311e-12
19370.00 1.719567e-12
19380.00 1.753093e-12
19390.00 1.771980e-12
19400.00 1.774398e-12
19410.00 1.791994e-12
19420.00 1.776194e-12
19430.00 1.753745e-12
19440.00 1.793005e-12
19450.00 1.883678e-12
19460.00 1.938942e-12
19470.00 1.978549e-12
19480.00 2.034665e-12
19490.00 1.998371e-12
19500.00 1.899552e-12
19510.00 1.875618e-12
19520.00 1.895486e-12
19530.00 1.891676e-12
19540.00 1.875165e-12
19550.00 1.891931e-12
19560.00 1.899258e-12
19570.00 1.835542e-12
19580.00 1.785460e-12
19590.00 1.806109e-12
19600.00 1.819473e-12
19610.00 1.874986e-12
19620.00 1.917564e-12
19630.00 1.807113e-12
19640.00 1.703274e-12
19650.00 1.680064e-12
19660.00 1.709264e-12
19670.00 1.698289e-12
19680.00 1.624659e-12
19690.00 1.574829e-12
19700.00 1.548605e-12
19710.00 1.525196e-12
19720.00 1.515371e-12
19730.00 1.498354e-12
19740.00 1.426771e-12
19750.00 1.430166e-12
19760.00 1.355038e-12
19770.00 1.383659e-12
19780.00 1.365181e-12
19790.00 1.288635e-12
19800.00 1.392604e-12
19810.00 1.453820e-12
19820.00 1.237773e-12
19830.00 1.065036e-12
19840.00 1.029450e-12
19850.00 8.633438e-13
19860.00 7.194762e-13
19870.00 6.247999e-13
19880.00 4.948398e-13
19890.00 3.936020e-13
19900.00 4.209752e-13
19910.00 5.124673e-13
19920.00 5.640769e-13
19930.00 5.626344e-13
19940.00 5.282461e-13
19950.00 4.336045e-13
19960.00 3.431084e-13
19970.00 3.847519e-13
19980.00 4.955481e-13
19990.00 5.307221e-13
20000.00 5.035371e-13
20010.00 5.044868e-13
20020.00 5.287374e-13
20030.00 5.186022e-13
20040.00 5.218274e-13
20050.00 5.533905e-13
20060.00 5.279955e-13
20070.00 4.933228e-13
20080.00 4.947127e-13
20090.00 4.981604e-13
20100.00 5.405778e-13
20110.00 6.132546e-13
20120.00 6.540941e-13
20130.00 6.908398e-13
20140.00 7.139431e-13
20150.00 7.123459e-13
20160.00 7.903059e-13
20170.00 1.052474e-12
20180.00 1.178263e-12
20190.00 9.979811e-13
20200.00 8.874204e-13
20210.00 9.321824e-13
20220.00 9.721321e-13
20230.00 1.002310e-12
20240.00 1.052433e-12
20250.00 1.057046e-12
20260.00 1.113977e-12
20270.00 1.189095e-12
20280.00 1.174008e-12
20290.00 1.172661e-12
20300.00 1.183127e-12
20310.00 1.192118e-12
20320.00 1.224923e-12
20330.00 1.225180e-12
20340.00 1.195675e-12
20350.00 1.203443e-12
20360.00 1.209865e-12
20370.00 1.195321e-12
20380.00 1.193249e-12
20390.00 1.208893e-12
20400.00 1.224673e-12
20410.00 1.243396e-12
20420.00 1.278576e-12
20430.00 1.320277e-12
20440.00 1.340936e-12
20450.00 1.334328e-12
20460.00 1.328982e-12
20470.00 1.318774e-12
20480.00 1.288848e-12
20490.00 1.279038e-12
20500.00 1.306490e-12
20510.00 1.326312e-12
20520.00 1.308365e-12
20530.00 1.279351e-12
20540.00 1.276539e-12
20550.00 1.286602e-12
20560.00 1.284426e-12
20570.00 1.287948e-12
20580.00 1.307234e-12
20590.00 1.299748e-12
20600.00 1.252838e-12
20610.00 1.243477e-12
20620.00 1.263267e-12
20630.00 1.236300e-12
20640.00 1.201468e-12
20650.00 1.185562e-12
20660.00 1.174406e-12
20670.00 1.168358e-12
20680.00 1.173565e-12
20690.00 1.172418e-12
20700.00 1.146842e-12
20710.00 1.119410e-12
20720.00 1.090849e-12
20730.00 1.074115e-12
20740.00 1.046837e-12
20750.00 1.023626e-12
20760.00 1.059517e-12
20770.00 1.077297e-12
20780.00 1.096173e-12
20790.00 1.130122e-12
20800.00 1.083374e-12
20810.00 1.036781e-12
20820.00 1.057590e-12
20830.00 1.066370e-12
20840.00 1.050181e-12
20850.00 1.060374e-12
20860.00 1.052480e-12
20870.00 9.785402e-13
20880.00 9.428205e-13
20890.00 9.625660e-13
20900.00 9.670550e-13
20910.00 9.741643e-13
20920.00 9.933454e-13
20930.00 9.751134e-13
20940.00 9.326922e-13
20950.00 9.181552e-13
20960.00 9.263791e-13
20970.00 9.247784e-13
20980.00 9.097937e-13
20990.00 8.964711e-13
21000.00 8.824921e-13
21010.00 8.656840e-13
21020.00 8.479107e-13
21030.00 8.330587e-13
21040.00 8.465028e-13
21050.00 8.670416e-13
21060.00 8.598373e-13
21070.00 8.463408e-13
21080.00 8.212118e-13
21090.00 8.003860e-13
21100.00 8.182025e-13
21110.00 8.239717e-13
21120.00 8.067480e-13
21130.00 8.044092e-13
21140.00 8.060930e-13
21150.00 7.876528e-13
21160.00 7.580312e-13
21170.00 7.498862e-13
21180.00 7.677761e-13
21190.00 7.731479e-13
21200.00 7.645225e-13
21210.00 7.512124e-13
21220.00 7.318316e-13
21230.00 7.161646e-13
21240.00 7.243919e-13
21250.00 7.446150e-13
21260.00 7.435898e-13
21270.00 6.880909e-13
21280.00 6.566778e-13
21290.00 6.838243e-13
21300.00 6.740526e-13
21310.00 6.532491e-13
21320.00 6.637275e-13
21330.00 6.865224e-13
21340.00 6.833760e-13
21350.00 6.538030e-13
21360.00 6.251858e-13
21370.00 6.077208e-13
21380.00 5.938565e-13
21390.00 5.870597e-13
21400.00 5.932773e-13
21410.00 5.924055e-13
21420.00 5.889609e-13
21430.00 5.868106e-13
21440.00 5.828581e-13
21450.00 5.867412e-13
21460.00 5.780529e-13
21470.00 5.461505e-13
21480.00 5.347957e-13
21490.00 5.528429e-13
21500.00 5.502518e-13
21510.00 5.148027e-13
21520.00 4.903613e-13
21530.00 4.986920e-13
21540.00 5.156679e-13
21550.00 5.240889e-13
21560.00 5.221466e-13
21570.00 5.046170e-13
21580.00 4.871651e-13
21590.00 4.896652e-13
21600.00 5.028399e-13
21610.00 5.040584e-13
21620.00 4.829187e-13
21630.00 4.578536e-13
21640.00 4.478779e-13
21650.00 4.473734e-13
21660.00 4.484296e-13
21670.00 4.457272e-13
21680.00 4.477413e-13
21690.00 4.510313e-13
21700.00 4.544595e-13
21710.00 4.436545e-13
21720.00 4.135824e-13
21730.00 4.021571e-13
21740.00 3.869212e-13
21750.00 3.665440e-13
21760.00 3.744206e-13
21770.00 3.962298e-13
21780.00 3.970413e-13
21790.00 4.000145e-13
21800.00 4.072985e-13
21810.00 3.885736e-13
21820.00 3.539639e-13
21830.00 3.394355e-13
21840.00 3.625734e-13
21850.00 3.872266e-13
21860.00 3.851040e-13
21870.00 3.526790e-13
21880.00 3.217722e-13
21890.00 3.118237e-13
21900.00 3.129257e-13
21910.00 3.236528e-13
21920.00 3.314161e-13
21930.00 3.377351e-13
21940.00 3.349071e-13
21950.00 3.194043e-13
21960.00 3.155872e-13
21970.00 3.172688e-13
21980.00 3.052090e-13
21990.00 2.880101e-13
22000.00 2.811329e-13
22010.00 2.820198e-13
22020.00 2.832490e-13
22030.00 2.880605e-13
22040.00 2.900807e-13
22050.00 2.858397e-13
22060.00 2.899765e-13
22070.00 2.972604e-13
22080.00 2.866287e-13
22090.00 2.689038e-13
22100.00 2.800491e-13
22110.00 2.908038e-13
22120.00 2.725889e-13
22130.00 2.591623e-13
22140.00 2.605373e-13
22150.00 2.586260e-13
22160.00 2.413088e-13
22170.00 2.290835e-13
22180.00 2.428766e-13
22190.00 2.536388e-13
22200.00 2.490588e-13
22210.00 2.654120e-13
22220.00 2.774513e-13
22230.00 2.568648e-13
22240.00 2.320876e-13
22250.00 2.106175e-13
22260.00 2.047932e-13
22270.00 2.294685e-13
22280.00 2.275271e-13
22290.00 2.185202e-13
22300.00 2.331184e-13
22310.00 2.271997e-13
22320.00 2.200231e-13
22330.00 2.292636e-13
22340.00 2.295239e-13
22350.00 2.162497e-13
22360.00 2.169834e-13
22370.00 2.212882e-13
22380.00 2.191676e-13
22390.00 2.208136e-13
22400.00 2.237512e-13
22410.00 2.092818e-13
22420.00 1.966121e-13
22430.00 2.008096e-13
22440.00 2.017889e-13
22450.00 2.003996e-13
22460.00 1.962153e-13
22470.00 1.888942e-13
22480.00 1.834613e-13
22490.00 1.714596e-13
22500.00 1.602829e-13
22510.00 1.629880e-13
22520.00 1.717354e-13
22530.00 1.754867e-13
22540.00 1.692920e-13
22550.00 1.599147e-13
22560.00 1.592089e-13
22570.00 1.680611e-13
22580.00 1.779720e-13
22590.00 1.796012e-13
22600.00 1.704942e-13
22610.00 1.565821e-13
22620.00 1.488703e-13
22630.00 1.486196e-13
22640.00 1.496933e-13
22650.00 1.571411e-13
22660.00 1.645376e-13
22670.00 1.592166e-13
22680.00 1.427269e-13
22690.00 1.302997e-13
22700.00 1.341365e-13
22710.00 1.408459e-13
22720.00 1.427853e-13
22730.00 1.450396e-13
22740.00 1.488982e-13
22750.00 1.461356e-13
22760.00 1.423387e-13
22770.00 1.486893e-13
22780.00 1.424163e-13
22790.00 1.252439e-13
22800.00 1.254051e-13
22810.00 1.325871e-13
22820.00 1.348254e-13
22830.00 1.291284e-13
22840.00 1.183664e-13
22850.00 1.240051e-13
22860.00 1.268396e-13
22870.00 1.238202e-13
22880.00 1.211403e-13
22890.00 1.163175e-13
22900.00 1.163164e-13
22910.00 1.180519e-13
22920.00 1.227673e-13
22930.00 1.268351e-13
22940.00 1.217450e-13
22950.00 1.111471e-13
22960.00 1.065346e-13
22970.00 1.055434e-13
22980.00 9.669963e-14
22990.00 9.033032e-14
23000.00 9.908781e-14
23010.00 1.092766e-13
23020.00 1.110266e-13
23030.00 1.073345e-13
23040.00 9.914187e-14
23050.00 9.577382e-14
23060.00 9.947827e-14
23070.00 1.008700e-13
23080.00 1.039786e-13
23090.00 1.056676e-13
23100.00 9.694357e-14
23110.00 8.553874e-14
23120.00 7.952070e-14
23130.00 8.197040e-14
23140.00 8.669445e-14
23150.00 8.405696e-14
23160.00 7.977804e-14
23170.00 8.226134e-14
23180.00 8.491119e-14
23190.00 8.096197e-14
23200.00 7.926733e-14
23210.00 7.917515e-14
23220.00 7.703852e-14
23230.00 7.188630e-14
23240.00 6.913642e-14
23250.00 7.154893e-14
23260.00 6.484682e-14
23270.00 6.340824e-14
23280.00 6.541594e-14
23290.00 6.383115e-14
23300.00 6.526846e-14
23310.00 6.716228e-14
23320.00 6.686030e-14
23330.00 6.339212e-14
23340.00 6.517300e-14
23350.00 7.182331e-14
23360.00 7.418844e-14
23370.00 7.041458e-14
23380.00 6.188525e-14
23390.00 6.460740e-14
23400.00 6.937739e-14
23410.00 6.233989e-14
23420.00 5.474427e-14
23430.00 5.273662e-14
23440.00 4.786451e-14
23450.00 4.178801e-14
23460.00 4.440971e-14
23470.00 4.935133e-14
23480.00 5.112681e-14
23490.00 5.641038e-14
23500.00 6.157334e-14
23510.00 6.233700e-14
23520.00 6.321120e-14
23530.00 6.229505e-14
23540.00 5.834166e-14
23550.00 5.490778e-14
23560.00 5.056547e-14
23570.00 4.634231e-14
23580.00 4.698547e-14
23590.00 4.960448e-14
23600.00 4.747810e-14
23610.00 4.445075e-14
23620.00 4.751626e-14
23630.00 5.096410e-14
23640.00 4.582734e-14
23650.00 3.957088e-14
23660.00 4.171884e-14
23670.00 4.224686e-14
23680.00 3.601370e-14
23690.00 3.398965e-14
23700.00 4.086583e-14
23710.00 4.472606e-14
23720.00 3.991640e-14
23730.00 3.234891e-14
23740.00 2.856057e-14
23750.00 2.794369e-14
23760.00 3.193379e-14
23770.00 3.544683e-14
23780.00 3.386843e-14
23790.00 3.315910e-14
23800.00 3.552908e-14
23810.00 3.733356e-14
23820.00 3.204812e-14
23830.00 2.886198e-14
23840.00 3.104112e-14
23850.00 3.130124e-14
23860.00 2.801036e-14
23870.00 2.753491e-14
23880.00 2.733692e-14
23890.00 2.774850e-14
23900.00 2.815560e-14
23910.00 2.507123e-14
23920.00 2.325829e-14
23930.00 2.385772e-14
23940.00 2.451179e-14
23950.00 2.433288e-14
23960.00 2.397672e-14
23970.00 2.448903e-14
23980.00 2.408588e-14
23990.00 2.303363e-14
24000.00 2.262541e-14
24010.00 2.241075e-14
24020.00 2.219616e-14
24030.00 2.279897e-14
24040.00 2.443723e-14
24050.00 2.449101e-14
24060.00 2.177539e-14
24070.00 1.781245e-14
24080.00 1.487293e-14
24090.00 1.761392e-14
24100.00 2.240278e-14
24110.00 2.209664e-14
24120.00 1.884131e-14
24130.00 1.542189e-14
24140.00 1.360904e-14
24150.00 1.570319e-14
24160.00 1.826207e-14
24170.00 1.900036e-14
24180.00 1.689489e-14
24190.00 1.257427e-14
24200.00 1.056200e-14
24210.00 1.194701e-14
24220.00 1.640414e-14
24230.00 1.740098e-14
24240.00 1.490353e-14
24250.00 1.738051e-14
24260.00 1.899327e-14
24270.00 1.724127e-14
24280.00 1.655486e-14
24290.00 1.206207e-14
24300.00 9.645416e-15
24310.00 1.241079e-14
24320.00 1.269130e-14
24330.00 1.090562e-14
24340.00 1.062167e-14
24350.00 1.003199e-14
24360.00 1.234582e-14
24370.00 1.506751e-14
24380.00 1.334718e-14
24390.00 1.056333e-14
24400.00 1.007191e-14
24410.00 9.995860e-15
24420.00 9.243161e-15
24430.00 8.738625e-15
24440.00 8.369996e-15
24450.00 8.159825e-15
24460.00 7.952691e-15
24470.00 7.748547e-15
24480.00 7.547377e-15
24490.00 7.349169e-15
24500.00 7.153901e-15
24510.00 6.961568e-15
24520.00 6.772154e-15
24530.00 6.585650e-15
24540.00 6.402036e-15
24550.00 6.221302e-15
24560.00 6.043439e-15
24570.00 5.868429e-15
24580.00 5.696260e-15
24590.00 5.526921e-15
24600.00 5.360397e-15
24610.00 5.196673e-15
24620.00 5.035743e-15
24630.00 4.877586e-15
24640.00 4.722193e-15
24650.00 4.569552e-15
24660.00 4.419649e-15
24670.00 4.272469e-15
24680.00 4.127998e-15
24690.00 3.986229e-15
24700.00 3.847144e-15
24710.00 3.710732e-15
24720.00 3.576980e-15
24730.00 3.445874e-15
24740.00 3.317405e-15
24750.00 3.191551e-15
24760.00 3.068309e-15
24770.00 2.947661e-15
24780.00 2.829594e-15
24790.00 2.714096e-15
24800.00 2.601155e-15
24810.00 2.490757e-15
24820.00 2.382889e-15
24830.00 2.277539e-15
24840.00 2.174693e-15
24850.00 2.074338e-15
24860.00 1.976461e-15
24870.00 1.881051e-15
24880.00 1.788094e-15
24890.00 1.697576e-15
24900.00 1.609486e-15
24910.00 1.523809e-15
24920.00 1.440535e-15
24930.00 1.359648e-15
24940.00 1.281137e-15
24950.00 1.204989e-15
24960.00 1.131190e-15
24970.00 1.059729e-15
24980.00 9.905911e-16
24990.00 9.237644e-16
25000.00 8.592367e-16
