1000.00 2.488119e-14
1010.00 2.823503e-14
1020.00 3.177183e-14
1030.00 3.549932e-14
1040.00 3.942593e-14
1050.00 4.356047e-14
1060.00 4.791206e-14
1070.00 5.248994e-14
1080.00 5.730329e-14
1090.00 6.236128e-14
1100.00 6.767291e-14
1110.00 7.324692e-14
1120.00 7.918402e-14
1130.00 8.551353e-14
1140.00 9.225765e-14
1150.00 9.943895e-14
1160.00 1.070806e-13
1170.00 1.152059e-13
1180.00 1.238388e-13
1190.00 1.330035e-13
1200.00 1.427245e-13
1210.00 1.530268e-13
1220.00 1.639356e-13
1230.00 1.754763e-13
1240.00 1.876746e-13
1250.00 2.005919e-13
1260.00 2.142837e-13
1270.00 2.289401e-13
1280.00 2.446145e-13
1290.00 2.613664e-13
1300.00 2.792620e-13
1310.00 2.983708e-13
1320.00 3.187663e-13
1330.00 3.405253e-13
1340.00 3.637288e-13
1350.00 3.884616e-13
1360.00 4.148133e-13
1370.00 4.428773e-13
1380.00 4.727521e-13
1390.00 5.045409e-13
1400.00 5.383521e-13
1410.00 5.742992e-13
1420.00 6.125014e-13
1430.00 6.530839e-13
1440.00 6.961865e-13
1450.00 7.419669e-13
1460.00 7.905454e-13
1470.00 8.420725e-13
1480.00 8.967093e-13
1490.00 9.546221e-13
1500.00 1.015988e-12
1510.00 1.080992e-12
1520.00 1.149827e-12
1530.00 1.222701e-12
1540.00 1.299827e-12
1550.00 1.381435e-12
1560.00 1.467763e-12
1570.00 1.559066e-12
1580.00 1.655612e-12
1590.00 1.757684e-12
1600.00 1.865583e-12
1610.00 1.979628e-12
1620.00 2.100222e-12
1630.00 2.227692e-12
1640.00 2.362403e-12
1650.00 2.504767e-12
1660.00 2.655224e-12
1670.00 2.814248e-12
1680.00 2.982346e-12
1690.00 3.160068e-12
1700.00 3.347989e-12
1710.00 3.546709e-12
1720.00 3.756921e-12
1730.00 3.979388e-12
1740.00 4.214944e-12
1750.00 4.464498e-12
1760.00 4.729047e-12
1770.00 5.009684e-12
1780.00 5.307610e-12
1790.00 5.624193e-12
1800.00 5.960994e-12
1810.00 6.319499e-12
1820.00 6.701493e-12
1830.00 7.108955e-12
1840.00 7.544074e-12
1850.00 8.009307e-12
1860.00 8.507342e-12
1870.00 9.041210e-12
1880.00 9.614346e-12
1890.00 1.023052e-11
1900.00 1.089412e-11
1910.00 1.160876e-11
1920.00 1.237979e-11
1930.00 1.321284e-11
1940.00 1.413052e-11
1950.00 1.523246e-11
1960.00 1.649189e-11
1970.00 1.818136e-11
1980.00 1.866062e-11
1990.00 1.994805e-11
2000.00 2.147601e-11
2010.00 2.344691e-11
2020.00 2.598063e-11
2030.00 2.921041e-11
2040.00 3.129234e-11
2050.00 3.479128e-11
2060.00 3.500873e-11
2070.00 5.354228e-11
2080.00 4.275055e-11
2090.00 5.070813e-11
2100.00 4.495082e-11
2110.00 5.093268e-11
2120.00 6.307193e-11
2130.00 6.561414e-11
2140.00 5.462846e-11
2150.00 6.537048e-11
2160.00 6.927770e-11
2170.00 8.045049e-11
2180.00 7.689424e-11
2190.00 8.324986e-11
2200.00 1.032977e-10
2210.00 9.327376e-11
2220.00 8.586801e-11
2230.00 9.336434e-11
2240.00 9.368880e-11
2250.00 9.645514e-11
2260.00 9.533350e-11
2270.00 9.967653e-11
2280.00 1.091368e-10
2290.00 1.049926e-10
2300.00 1.015765e-10
2310.00 1.023075e-10
2320.00 1.152320e-10
2330.00 1.119526e-10
2340.00 1.094650e-10
2350.00 1.056636e-10
2360.00 1.187482e-10
2370.00 1.052248e-10
2380.00 8.016766e-11
2390.00 1.023084e-10
2400.00 1.288944e-10
2410.00 1.096066e-10
2420.00 1.052196e-10
2430.00 9.870916e-11
2440.00 1.022561e-10
2450.00 8.823671e-11
2460.00 8.919863e-11
2470.00 8.976318e-11
2480.00 8.434238e-11
2490.00 8.378613e-11
2500.00 9.838485e-11
2510.00 9.893871e-11
2520.00 1.061872e-10
2530.00 1.029856e-10
2540.00 1.053779e-10
2550.00 1.098833e-10
2560.00 1.165881e-10
2570.00 1.044580e-10
2580.00 9.680139e-11
2590.00 7.732631e-11
2600.00 5.759449e-11
2610.00 8.625728e-11
2620.00 9.609080e-11
2630.00 9.419532e-11
2640.00 9.390145e-11
2650.00 1.048125e-10
2660.00 9.918754e-11
2670.00 1.279184e-10
2680.00 1.163872e-10
2690.00 1.508218e-10
2700.00 1.596700e-10
2710.00 1.684043e-10
2720.00 1.927984e-10
2730.00 1.867940e-10
2740.00 1.973228e-10
2750.00 1.927140e-10
2760.00 1.990279e-10
2770.00 2.037200e-10
2780.00 2.197069e-10
2790.00 2.110703e-10
2800.00 1.181196e-10
2810.00 1.606721e-10
2820.00 2.111956e-10
2830.00 2.303098e-10
2840.00 2.399361e-10
2850.00 2.212264e-10
2860.00 2.195564e-10
2870.00 2.649300e-10
2880.00 3.013325e-10
2890.00 3.719679e-10
2900.00 4.191776e-10
2910.00 4.563562e-10
2920.00 4.878102e-10
2930.00 4.645074e-10
2940.00 4.421591e-10
2950.00 4.249594e-10
2960.00 4.331648e-10
2970.00 4.043292e-10
2980.00 3.987972e-10
2990.00 3.540433e-10
3000.00 3.901233e-10
3010.00 3.752349e-10
3020.00 3.939084e-10
3030.00 3.932284e-10
3040.00 3.827636e-10
3050.00 3.811477e-10
3060.00 3.976990e-10
3070.00 3.841339e-10
3080.00 4.012079e-10
3090.00 3.922755e-10
3100.00 3.740992e-10
3110.00 4.220035e-10
3120.00 4.629363e-10
3130.00 5.077913e-10
3140.00 5.073302e-10
3150.00 5.527916e-10
3160.00 5.966482e-10
3170.00 6.172614e-10
3180.00 6.420458e-10
3190.00 5.943845e-10
3200.00 5.972540e-10
3210.00 5.965759e-10
3220.00 5.867857e-10
3230.00 5.502450e-10
3240.00 5.757055e-10
3250.00 5.658624e-10
3260.00 5.936505e-10
3270.00 6.217972e-10
3280.00 6.308566e-10
3290.00 6.134259e-10
3300.00 6.564107e-10
3310.00 6.180855e-10
3320.00 6.606975e-10
3330.00 6.779778e-10
3340.00 7.109876e-10
3350.00 7.418656e-10
3360.00 8.908333e-10
3370.00 9.123651e-10
3380.00 1.072965e-09
3390.00 1.220178e-09
3400.00 1.279128e-09
3410.00 1.355353e-09
3420.00 1.406150e-09
3430.00 1.480901e-09
3440.00 1.421023e-09
3450.00 1.321254e-09
3460.00 1.426810e-09
3470.00 1.371419e-09
3480.00 1.478841e-09
3490.00 1.523638e-09
3500.00 1.520306e-09
3510.00 1.566281e-09
3520.00 1.623705e-09
3530.00 1.570408e-09
3540.00 1.545368e-09
3550.00 1.622984e-09
3560.00 1.863854e-09
3570.00 1.801817e-09
3580.00 1.786388e-09
3590.00 1.772757e-09
3600.00 1.819812e-09
3610.00 1.894907e-09
3620.00 1.793625e-09
3630.00 1.621205e-09
3640.00 1.407118e-09
3650.00 1.181792e-09
3660.00 1.019305e-09
3670.00 9.113678e-10
3680.00 8.527594e-10
3690.00 8.572213e-10
3700.00 8.732961e-10
3710.00 8.547931e-10
3720.00 9.277716e-10
3730.00 9.647211e-10
3740.00 1.023006e-09
3750.00 1.123907e-09
3760.00 1.247650e-09
3770.00 1.406628e-09
3780.00 1.600824e-09
3790.00 1.810727e-09
3800.00 2.016504e-09
3810.00 2.279315e-09
3820.00 2.530107e-09
3830.00 2.888643e-09
3840.00 3.328458e-09
3850.00 3.830907e-09
3860.00 4.320498e-09
3870.00 4.670691e-09
3880.00 4.999565e-09
3890.00 5.288435e-09
3900.00 5.358388e-09
3910.00 5.460126e-09
3920.00 5.641083e-09
3930.00 5.711335e-09
3940.00 5.615992e-09
3950.00 5.644885e-09
3960.00 5.561170e-09
3970.00 5.431651e-09
3980.00 5.193488e-09
3990.00 4.949779e-09
4000.00 4.690177e-09
4010.00 4.442290e-09
4020.00 4.214325e-09
4030.00 4.066155e-09
4040.00 3.969690e-09
4050.00 3.839361e-09
4060.00 3.762410e-09
4070.00 3.686405e-09
4080.00 3.632739e-09
4090.00 3.632052e-09
4100.00 3.628936e-09
4110.00 3.678502e-09
4120.00 3.701196e-09
4130.00 3.705878e-09
4140.00 3.702895e-09
4150.00 3.752392e-09
4160.00 3.731673e-09
4170.00 3.740968e-09
4180.00 3.791925e-09
4190.00 3.852179e-09
4200.00 3.867522e-09
4210.00 3.923856e-09
4220.00 3.959805e-09
4230.00 3.954410e-09
4240.00 3.916617e-09
4250.00 3.886076e-09
4260.00 3.810112e-09
4270.00 3.744546e-09
4280.00 3.656346e-09
4290.00 3.509708e-09
4300.00 3.305154e-09
4310.00 3.106725e-09
4320.00 2.941404e-09
4330.00 2.797129e-09
4340.00 2.714077e-09
4350.00 2.685798e-09
4360.00 2.697188e-09
4370.00 2.726678e-09
4380.00 2.843873e-09
4390.00 2.940739e-09
4400.00 3.034834e-09
4410.00 3.144063e-09
4420.00 3.251259e-09
4430.00 3.342028e-09
4440.00 3.511273e-09
4450.00 3.710438e-09
4460.00 3.875185e-09
4470.00 4.034951e-09
4480.00 4.190755e-09
4490.00 4.331467e-09
4500.00 4.457886e-09
4510.00 4.602506e-09
4520.00 4.729330e-09
4530.00 4.809156e-09
4540.00 4.859502e-09
4550.00 4.890992e-09
4560.00 4.890938e-09
4570.00 4.870866e-09
4580.00 4.811714e-09
4590.00 4.755445e-09
4600.00 4.653151e-09
4610.00 4.523046e-09
4620.00 4.358555e-09
4630.00 4.189719e-09
4640.00 3.963230e-09
4650.00 3.716927e-09
4660.00 3.460103e-09
4670.00 3.239013e-09
4680.00 3.044903e-09
4690.00 2.876234e-09
4700.00 2.748997e-09
4710.00 2.621147e-09
4720.00 2.480747e-09
4730.00 2.346011e-09
4740.00 2.227910e-09
4750.00 2.123638e-09
4760.00 2.076744e-09
4770.00 2.107435e-09
4780.00 2.142042e-09
4790.00 2.189236e-09
4800.00 2.268587e-09
4810.00 2.337809e-09
4820.00 2.345805e-09
4830.00 2.391896e-09
4840.00 2.454506e-09
4850.00 2.493373e-09
4860.00 2.564062e-09
4870.00 2.607430e-09
4880.00 2.599542e-09
4890.00 2.587317e-09
4900.00 2.580718e-09
4910.00 2.545402e-09
4920.00 2.571390e-09
4930.00 2.590286e-09
4940.00 2.624331e-09
4950.00 2.665090e-09
4960.00 2.695743e-09
4970.00 2.693044e-09
4980.00 2.730539e-09
4990.00 2.758163e-09
5000.00 2.831489e-09
5010.00 2.909055e-09
5020.00 2.968092e-09
5030.00 3.018471e-09
5040.00 3.107956e-09
5050.00 3.141127e-09
5060.00 3.192650e-09
5070.00 3.270526e-09
5080.00 3.325061e-09
5090.00 3.324288e-09
5100.00 3.371377e-09
5110.00 3.396105e-09
5120.00 3.413449e-09
5130.00 3.441089e-09
5140.00 3.527396e-09
5150.00 3.614950e-09
5160.00 3.696372e-09
5170.00 3.790296e-09
5180.00 3.904766e-09
5190.00 4.027158e-09
5200.00 4.130214e-09
5210.00 4.252434e-09
5220.00 4.339240e-09
5230.00 4.415682e-09
5240.00 4.469368e-09
5250.00 4.450944e-09
5260.00 4.392200e-09
5270.00 4.364811e-09
5280.00 4.342180e-09
5290.00 4.288919e-09
5300.00 4.276829e-09
5310.00 4.251885e-09
5320.00 4.187758e-09
5330.00 4.128276e-09
5340.00 4.064361e-09
5350.00 4.010257e-09
5360.00 3.976753e-09
5370.00 4.002986e-09
5380.00 3.996466e-09
5390.00 4.036876e-09
5400.00 4.048964e-09
5410.00 4.046397e-09
5420.00 4.000915e-09
5430.00 4.003047e-09
5440.00 3.962239e-09
5450.00 3.927546e-09
5460.00 3.893706e-09
5470.00 3.890162e-09
5480.00 3.847907e-09
5490.00 3.831329e-09
5500.00 3.838688e-09
5510.00 3.821526e-09
5520.00 3.776036e-09
5530.00 3.743052e-09
5540.00 3.682233e-09
5550.00 3.625903e-09
5560.00 3.568543e-09
5570.00 3.511808e-09
5580.00 3.461052e-09
5590.00 3.406593e-09
5600.00 3.342817e-09
5610.00 3.268446e-09
5620.00 3.215510e-09
5630.00 3.122605e-09
5640.00 3.036121e-09
5650.00 2.911339e-09
5660.00 2.796538e-09
5670.00 2.701156e-09
5680.00 2.663459e-09
5690.00 2.683208e-09
5700.00 2.767467e-09
5710.00 2.923821e-09
5720.00 3.121194e-09
5730.00 3.299362e-09
5740.00 3.428688e-09
5750.00 3.555479e-09
5760.00 3.629593e-09
5770.00 3.667041e-09
5780.00 3.695494e-09
5790.00 3.733347e-09
5800.00 3.720965e-09
5810.00 3.616422e-09
5820.00 3.608896e-09
5830.00 3.608249e-09
5840.00 3.602327e-09
5850.00 3.601517e-09
5860.00 3.691847e-09
5870.00 3.650667e-09
5880.00 3.587550e-09
5890.00 3.542681e-09
5900.00 3.497967e-09
5910.00 3.437167e-09
5920.00 3.402717e-09
5930.00 3.346006e-09
5940.00 3.287228e-09
5950.00 3.228970e-09
5960.00 3.210674e-09
5970.00 3.177078e-09
5980.00 3.146242e-09
5990.00 3.138168e-09
6000.00 3.137305e-09
6010.00 3.095760e-09
6020.00 3.064198e-09
6030.00 3.018248e-09
6040.00 2.952189e-09
6050.00 2.898821e-09
6060.00 2.863406e-09
6070.00 2.823970e-09
6080.00 2.787782e-09
6090.00 2.728147e-09
6100.00 2.645945e-09
6110.00 2.541473e-09
6120.00 2.404397e-09
6130.00 2.277451e-09
6140.00 2.167048e-09
6150.00 2.097196e-09
6160.00 2.065930e-09
6170.00 2.079894e-09
6180.00 2.110882e-09
6190.00 2.168194e-09
6200.00 2.195009e-09
6210.00 2.237095e-09
6220.00 2.256054e-09
6230.00 2.287717e-09
6240.00 2.321275e-09
6250.00 2.373397e-09
6260.00 2.423237e-09
6270.00 2.503817e-09
6280.00 2.590103e-09
6290.00 2.662929e-09
6300.00 2.758656e-09
6310.00 2.836730e-09
6320.00 2.899497e-09
6330.00 2.963114e-09
6340.00 3.016246e-09
6350.00 3.040130e-09
6360.00 3.061742e-09
6370.00 3.062791e-09
6380.00 3.034867e-09
6390.00 3.008020e-09
6400.00 2.982173e-09
6410.00 2.964243e-09
6420.00 2.936279e-09
6430.00 2.904439e-09
6440.00 2.855013e-09
6450.00 2.798427e-09
6460.00 2.752105e-09
6470.00 2.706049e-09
6480.00 2.691553e-09
6490.00 2.710272e-09
6500.00 2.740333e-09
6510.00 2.772889e-09
6520.00 2.815670e-09
6530.00 2.841517e-09
6540.00 2.859835e-09
6550.00 2.867374e-09
6560.00 2.886011e-09
6570.00 2.893873e-09
6580.00 2.910986e-09
6590.00 2.925795e-09
6600.00 2.926126e-09
6610.00 2.912137e-09
6620.00 2.895323e-09
6630.00 2.868394e-09
6640.00 2.817034e-09
6650.00 2.796068e-09
6660.00 2.761176e-09
6670.00 2.730059e-09
6680.00 2.708088e-09
6690.00 2.665124e-09
6700.00 2.586930e-09
6710.00 2.505447e-09
6720.00 2.433094e-09
6730.00 2.379316e-09
6740.00 2.333048e-09
6750.00 2.305423e-09
6760.00 2.306889e-09
6770.00 2.294935e-09
6780.00 2.263700e-09
6790.00 2.227533e-09
6800.00 2.194531e-09
6810.00 2.157389e-09
6820.00 2.129243e-09
6830.00 2.107290e-09
6840.00 2.094076e-09
6850.00 2.082040e-09
6860.00 2.100850e-09
6870.00 2.150367e-09
6880.00 2.192196e-09
6890.00 2.241316e-09
6900.00 2.292062e-09
6910.00 2.315726e-09
6920.00 2.332244e-09
6930.00 2.359180e-09
6940.00 2.377479e-09
6950.00 2.376215e-09
6960.00 2.394524e-09
6970.00 2.393007e-09
6980.00 2.378210e-09
6990.00 2.330732e-09
7000.00 2.277504e-09
7010.00 2.230065e-09
7020.00 2.176362e-09
7030.00 2.133075e-09
7040.00 2.117217e-09
7050.00 2.112745e-09
7060.00 2.098917e-09
7070.00 2.096263e-09
7080.00 2.081784e-09
7090.00 2.056174e-09
7100.00 2.056546e-09
7110.00 2.064712e-09
7120.00 2.076234e-09
7130.00 2.089615e-09
7140.00 2.115850e-09
7150.00 2.118581e-09
7160.00 2.118352e-09
7170.00 2.117024e-09
7180.00 2.102883e-09
7190.00 2.097502e-09
7200.00 2.074991e-09
7210.00 2.048197e-09
7220.00 2.029931e-09
7230.00 2.025041e-09
7240.00 2.003222e-09
7250.00 1.998147e-09
7260.00 1.999402e-09
7270.00 2.011111e-09
7280.00 2.017005e-09
7290.00 2.012654e-09
7300.00 2.012208e-09
7310.00 2.018996e-09
7320.00 2.009874e-09
7330.00 2.007618e-09
7340.00 2.008867e-09
7350.00 2.013317e-09
7360.00 1.995768e-09
7370.00 1.985605e-09
7380.00 1.987852e-09
7390.00 1.962370e-09
7400.00 1.932345e-09
7410.00 1.900993e-09
7420.00 1.879243e-09
7430.00 1.862876e-09
7440.00 1.855955e-09
7450.00 1.845230e-09
7460.00 1.826901e-09
7470.00 1.800062e-09
7480.00 1.775807e-09
7490.00 1.749538e-09
7500.00 1.733098e-09
7510.00 1.714400e-09
7520.00 1.730912e-09
7530.00 1.735993e-09
7540.00 1.708620e-09
7550.00 1.704249e-09
7560.00 1.685545e-09
7570.00 1.668433e-09
7580.00 1.684570e-09
7590.00 1.691545e-09
7600.00 1.703327e-09
7610.00 1.713771e-09
7620.00 1.739625e-09
7630.00 1.742044e-09
7640.00 1.764810e-09
7650.00 1.771353e-09
7660.00 1.798285e-09
7670.00 1.810327e-09
7680.00 1.820740e-09
7690.00 1.845153e-09
7700.00 1.863414e-09
7710.00 1.855984e-09
7720.00 1.882581e-09
7730.00 1.895830e-09
7740.00 1.892197e-09
7750.00 1.880028e-09
7760.00 1.885993e-09
7770.00 1.850585e-09
7780.00 1.815131e-09
7790.00 1.774813e-09
7800.00 1.765262e-09
7810.00 1.740241e-09
7820.00 1.724642e-09
7830.00 1.701513e-09
7840.00 1.677685e-09
7850.00 1.629632e-09
7860.00 1.598896e-09
7870.00 1.558638e-09
7880.00 1.510925e-09
7890.00 1.482888e-09
7900.00 1.463112e-09
7910.00 1.428952e-09
7920.00 1.394954e-09
7930.00 1.363986e-09
7940.00 1.304949e-09
7950.00 1.246645e-09
7960.00 1.196189e-09
7970.00 1.139179e-09
7980.00 1.105099e-09
7990.00 1.055453e-09
8000.00 1.042870e-09
8010.00 1.029809e-09
8020.00 9.938385e-10
8030.00 9.903662e-10
8040.00 9.907880e-10
8050.00 9.997354e-10
8060.00 9.879806e-10
8070.00 1.007129e-09
8080.00 9.855678e-10
8090.00 1.002632e-09
8100.00 9.916917e-10
8110.00 1.002937e-09
8120.00 1.002210e-09
8130.00 1.013230e-09
8140.00 1.013707e-09
8150.00 9.980084e-10
8160.00 9.942945e-10
8170.00 9.627308e-10
8180.00 9.595546e-10
8190.00 9.135747e-10
8200.00 9.031740e-10
8210.00 8.673621e-10
8220.00 8.583750e-10
8230.00 8.256387e-10
8240.00 8.120255e-10
8250.00 8.025174e-10
8260.00 8.150739e-10
8270.00 8.209024e-10
8280.00 8.644325e-10
8290.00 9.104474e-10
8300.00 9.317090e-10
8310.00 9.398777e-10
8320.00 9.500870e-10
8330.00 9.475498e-10
8340.00 9.527170e-10
8350.00 9.740365e-10
8360.00 9.776680e-10
8370.00 1.020102e-09
8380.00 1.025834e-09
8390.00 1.048103e-09
8400.00 1.084043e-09
8410.00 1.125375e-09
8420.00 1.168198e-09
8430.00 1.211093e-09
8440.00 1.267370e-09
8450.00 1.307649e-09
8460.00 1.362953e-09
8470.00 1.389160e-09
8480.00 1.423641e-09
8490.00 1.470219e-09
8500.00 1.525474e-09
8510.00 1.560273e-09
8520.00 1.576032e-09
8530.00 1.605522e-09
8540.00 1.602778e-09
8550.00 1.618721e-09
8560.00 1.634024e-09
8570.00 1.658857e-09
8580.00 1.664673e-09
8590.00 1.692642e-09
8600.00 1.671209e-09
8610.00 1.650414e-09
8620.00 1.610642e-09
8630.00 1.592633e-09
8640.00 1.579351e-09
8650.00 1.570483e-09
8660.00 1.566689e-09
8670.00 1.525172e-09
8680.00 1.502052e-09
8690.00 1.489961e-09
8700.00 1.468154e-09
8710.00 1.435039e-09
8720.00 1.425843e-09
8730.00 1.395882e-09
8740.00 1.335471e-09
8750.00 1.297950e-09
8760.00 1.252671e-09
8770.00 1.219090e-09
8780.00 1.177491e-09
8790.00 1.157794e-09
8800.00 1.121557e-09
8810.00 1.100407e-09
8820.00 1.099312e-09
8830.00 1.126075e-09
8840.00 1.125749e-09
8850.00 1.094603e-09
8860.00 1.052873e-09
8870.00 1.005712e-09
8880.00 9.370654e-10
8890.00 8.968755e-10
8900.00 8.758304e-10
8910.00 8.637216e-10
8920.00 8.751544e-10
8930.00 8.856794e-10
8940.00 8.363578e-10
8950.00 8.306648e-10
8960.00 8.269250e-10
8970.00 8.343102e-10
8980.00 8.313254e-10
8990.00 8.737430e-10
9000.00 8.955814e-10
9010.00 9.031726e-10
9020.00 9.002185e-10
9030.00 9.118672e-10
9040.00 9.127764e-10
9050.00 9.546088e-10
9060.00 9.699211e-10
9070.00 9.743375e-10
9080.00 9.536737e-10
9090.00 9.541675e-10
9100.00 9.012584e-10
9110.00 8.421646e-10
9120.00 7.821316e-10
9130.00 7.595641e-10
9140.00 7.422204e-10
9150.00 7.591500e-10
9160.00 7.996192e-10
9170.00 8.332941e-10
9180.00 8.859113e-10
9190.00 8.956394e-10
9200.00 8.365645e-10
9210.00 8.097503e-10
9220.00 7.838873e-10
9230.00 7.425423e-10
9240.00 7.131295e-10
9250.00 7.348750e-10
9260.00 7.408467e-10
9270.00 7.525645e-10
9280.00 7.643737e-10
9290.00 7.525952e-10
9300.00 7.710109e-10
9310.00 7.810037e-10
9320.00 7.643360e-10
9330.00 7.460983e-10
9340.00 7.313462e-10
9350.00 7.046179e-10
9360.00 6.973011e-10
9370.00 6.961781e-10
9380.00 7.393333e-10
9390.00 7.534535e-10
9400.00 7.309579e-10
9410.00 7.400918e-10
9420.00 7.418377e-10
9430.00 7.193868e-10
9440.00 6.967534e-10
9450.00 6.757609e-10
9460.00 6.719485e-10
9470.00 6.854877e-10
9480.00 6.796014e-10
9490.00 6.727155e-10
9500.00 6.853778e-10
9510.00 6.780845e-10
9520.00 6.521951e-10
9530.00 6.631421e-10
9540.00 6.411923e-10
9550.00 6.411107e-10
9560.00 6.450614e-10
9570.00 6.216929e-10
9580.00 6.312859e-10
9590.00 6.511897e-10
9600.00 6.333388e-10
9610.00 6.133160e-10
9620.00 6.358964e-10
9630.00 6.524693e-10
9640.00 6.529431e-10
9650.00 6.495910e-10
9660.00 6.560352e-10
9670.00 6.436445e-10
9680.00 5.970144e-10
9690.00 5.827120e-10
9700.00 6.083204e-10
9710.00 6.352002e-10
9720.00 6.484475e-10
9730.00 6.274600e-10
9740.00 6.339872e-10
9750.00 6.617282e-10
9760.00 6.778210e-10
9770.00 6.688362e-10
9780.00 6.458158e-10
9790.00 6.534393e-10
9800.00 6.318767e-10
9810.00 6.208237e-10
9820.00 6.423294e-10
9830.00 6.300387e-10
9840.00 5.968843e-10
9850.00 5.776647e-10
9860.00 5.646622e-10
9870.00 5.656117e-10
9880.00 6.037703e-10
9890.00 6.108538e-10
9900.00 5.995324e-10
9910.00 6.161000e-10
9920.00 6.088835e-10
9930.00 5.940739e-10
9940.00 5.982820e-10
9950.00 6.129876e-10
9960.00 5.992994e-10
9970.00 5.842992e-10
9980.00 5.746158e-10
9990.00 5.675996e-10
10000.00 5.423412e-10
10010.00 5.139596e-10
10020.00 5.132483e-10
10030.00 5.177459e-10
10040.00 5.139974e-10
10050.00 4.980257e-10
10060.00 5.151947e-10
10070.00 5.367183e-10
10080.00 5.311726e-10
10090.00 5.356308e-10
10100.00 5.250591e-10
10110.00 5.050728e-10
10120.00 5.091606e-10
10130.00 5.140540e-10
10140.00 5.199668e-10
10150.00 5.236678e-10
10160.00 5.106368e-10
10170.00 4.944290e-10
10180.00 4.837956e-10
10190.00 4.845398e-10
10200.00 4.893166e-10
10210.00 4.906705e-10
10220.00 4.676438e-10
10230.00 4.532243e-10
10240.00 4.567739e-10
10250.00 4.477226e-10
10260.00 4.346331e-10
10270.00 4.086275e-10
10280.00 3.866913e-10
10290.00 3.727228e-10
10300.00 3.650660e-10
10310.00 3.645749e-10
10320.00 3.559262e-10
10330.00 3.514541e-10
10340.00 3.316337e-10
10350.00 3.009944e-10
10360.00 2.887770e-10
10370.00 2.847741e-10
10380.00 2.773427e-10
10390.00 2.757876e-10
10400.00 2.794917e-10
10410.00 2.704353e-10
10420.00 2.651742e-10
10430.00 2.649587e-10
10440.00 2.649853e-10
10450.00 2.751016e-10
10460.00 2.821311e-10
10470.00 3.028841e-10
10480.00 3.369645e-10
10490.00 3.634402e-10
10500.00 3.798357e-10
10510.00 3.934526e-10
10520.00 4.116935e-10
10530.00 4.290586e-10
10540.00 4.493378e-10
10550.00 4.625630e-10
10560.00 4.698127e-10
10570.00 4.731152e-10
10580.00 4.787136e-10
10590.00 4.883317e-10
10600.00 5.024888e-10
10610.00 5.292789e-10
10620.00 5.631607e-10
10630.00 5.921127e-10
10640.00 6.036978e-10
10650.00 6.178968e-10
10660.00 6.405355e-10
10670.00 6.492681e-10
10680.00 6.621563e-10
10690.00 6.700080e-10
10700.00 6.800636e-10
10710.00 6.894967e-10
10720.00 6.939558e-10
10730.00 6.975407e-10
10740.00 6.945766e-10
10750.00 6.983704e-10
10760.00 7.038218e-10
10770.00 7.158356e-10
10780.00 7.084337e-10
10790.00 6.757803e-10
10800.00 6.784068e-10
10810.00 6.901385e-10
10820.00 6.754042e-10
10830.00 6.662344e-10
10840.00 6.651857e-10
10850.00 6.681487e-10
10860.00 6.658907e-10
10870.00 6.509852e-10
10880.00 6.414686e-10
10890.00 6.475486e-10
10900.00 6.338565e-10
10910.00 6.074754e-10
10920.00 6.182933e-10
10930.00 6.208763e-10
10940.00 5.912215e-10
10950.00 5.935158e-10
10960.00 5.958008e-10
10970.00 5.817832e-10
10980.00 5.700909e-10
10990.00 5.591161e-10
11000.00 5.650419e-10
11010.00 5.667869e-10
11020.00 5.469139e-10
11030.00 5.326111e-10
11040.00 5.495013e-10
11050.00 5.764375e-10
11060.00 5.550166e-10
11070.00 5.201440e-10
11080.00 5.087862e-10
11090.00 5.003822e-10
11100.00 4.948066e-10
11110.00 4.941729e-10
11120.00 4.872139e-10
11130.00 4.825913e-10
11140.00 4.711035e-10
11150.00 4.665581e-10
11160.00 4.770240e-10
11170.00 4.596234e-10
11180.00 4.475346e-10
11190.00 4.659539e-10
11200.00 4.623325e-10
11210.00 4.366833e-10
11220.00 4.470192e-10
11230.00 4.685425e-10
11240.00 4.620395e-10
11250.00 4.419383e-10
11260.00 4.358160e-10
11270.00 4.455632e-10
11280.00 4.283893e-10
11290.00 4.266167e-10
11300.00 4.358415e-10
11310.00 4.156049e-10
11320.00 4.023713e-10
11330.00 4.084091e-10
11340.00 4.006437e-10
11350.00 3.881397e-10
11360.00 3.785515e-10
11370.00 3.741279e-10
11380.00 3.780213e-10
11390.00 3.837840e-10
11400.00 3.744576e-10
11410.00 3.573468e-10
11420.00 3.535236e-10
11430.00 3.610694e-10
11440.00 3.607082e-10
11450.00 3.652561e-10
11460.00 3.610263e-10
11470.00 3.398154e-10
11480.00 3.574923e-10
11490.00 3.661310e-10
11500.00 3.543842e-10
11510.00 3.567081e-10
11520.00 3.545228e-10
11530.00 3.427798e-10
11540.00 3.351264e-10
11550.00 3.329257e-10
11560.00 3.296796e-10
11570.00 3.193397e-10
11580.00 3.279292e-10
11590.00 3.329747e-10
11600.00 3.249338e-10
11610.00 3.235532e-10
11620.00 3.105705e-10
11630.00 3.067231e-10
11640.00 3.108226e-10
11650.00 3.127159e-10
11660.00 3.153036e-10
11670.00 3.156057e-10
11680.00 3.126382e-10
11690.00 3.091429e-10
11700.00 3.140239e-10
11710.00 3.225297e-10
11720.00 3.217634e-10
11730.00 3.054812e-10
11740.00 2.919093e-10
11750.00 2.982335e-10
11760.00 3.030153e-10
11770.00 2.942447e-10
11780.00 2.926286e-10
11790.00 3.066481e-10
11800.00 3.113708e-10
11810.00 2.982603e-10
11820.00 2.869476e-10
11830.00 2.946603e-10
11840.00 3.052899e-10
11850.00 2.928421e-10
11860.00 2.730835e-10
11870.00 2.747045e-10
11880.00 2.792109e-10
11890.00 2.851686e-10
11900.00 2.907383e-10
11910.00 2.796927e-10
11920.00 2.823527e-10
11930.00 2.891542e-10
11940.00 2.852407e-10
11950.00 2.809949e-10
11960.00 2.765843e-10
11970.00 2.645300e-10
11980.00 2.597132e-10
11990.00 2.585819e-10
12000.00 2.550484e-10
12010.00 2.489384e-10
12020.00 2.470119e-10
12030.00 2.505187e-10
12040.00 2.533133e-10
12050.00 2.686274e-10
12060.00 2.598985e-10
12070.00 2.469325e-10
12080.00 2.534673e-10
12090.00 2.558692e-10
12100.00 2.549473e-10
12110.00 2.491805e-10
12120.00 2.515274e-10
12130.00 2.462475e-10
12140.00 2.469936e-10
12150.00 2.615743e-10
12160.00 2.540968e-10
12170.00 2.373233e-10
12180.00 2.323762e-10
12190.00 2.458753e-10
12200.00 2.545612e-10
12210.00 2.472261e-10
12220.00 2.411751e-10
12230.00 2.376248e-10
12240.00 2.347655e-10
12250.00 2.279729e-10
12260.00 2.246572e-10
12270.00 2.327996e-10
12280.00 2.403562e-10
12290.00 2.328776e-10
12300.00 2.362960e-10
12310.00 2.533448e-10
12320.00 2.454103e-10
12330.00 2.310468e-10
12340.00 2.380130e-10
12350.00 2.403484e-10
12360.00 2.373179e-10
12370.00 2.376208e-10
12380.00 2.383962e-10
12390.00 2.539636e-10
12400.00 2.599276e-10
12410.00 2.425826e-10
12420.00 2.363600e-10
12430.00 2.330063e-10
12440.00 2.279708e-10
12450.00 2.358499e-10
12460.00 2.241367e-10
12470.00 2.050383e-10
12480.00 2.212151e-10
12490.00 2.284015e-10
12500.00 2.193085e-10
12510.00 2.168039e-10
12520.00 2.299276e-10
12530.00 2.421087e-10
12540.00 2.350104e-10
12550.00 2.256476e-10
12560.00 2.262709e-10
12570.00 2.208441e-10
12580.00 2.258264e-10
12590.00 2.300040e-10
12600.00 2.164755e-10
12610.00 2.128796e-10
12620.00 2.226564e-10
12630.00 2.235458e-10
12640.00 2.294048e-10
12650.00 2.340878e-10
12660.00 2.128136e-10
12670.00 2.102002e-10
12680.00 2.207935e-10
12690.00 2.167081e-10
12700.00 2.145056e-10
12710.00 2.179497e-10
12720.00 2.238340e-10
12730.00 2.235422e-10
12740.00 2.169597e-10
12750.00 2.084854e-10
12760.00 2.035306e-10
12770.00 2.100965e-10
12780.00 2.056609e-10
12790.00 1.997486e-10
12800.00 2.082574e-10
12810.00 2.048835e-10
12820.00 1.956589e-10
12830.00 1.995139e-10
12840.00 1.972820e-10
12850.00 1.930027e-10
12860.00 1.929369e-10
12870.00 1.966653e-10
12880.00 2.014708e-10
12890.00 1.987146e-10
12900.00 1.953598e-10
12910.00 1.841103e-10
12920.00 1.718522e-10
12930.00 1.650101e-10
12940.00 1.687867e-10
12950.00 1.813530e-10
12960.00 1.857942e-10
12970.00 1.796556e-10
12980.00 1.700029e-10
12990.00 1.689279e-10
13000.00 1.742970e-10
13010.00 1.756804e-10
13020.00 1.802724e-10
13030.00 1.829958e-10
13040.00 1.722039e-10
13050.00 1.664330e-10
13060.00 1.740234e-10
13070.00 1.842797e-10
13080.00 1.941448e-10
13090.00 1.869677e-10
13100.00 1.635611e-10
13110.00 1.611126e-10
13120.00 1.628829e-10
13130.00 1.594766e-10
13140.00 1.610528e-10
13150.00 1.657776e-10
13160.00 1.733374e-10
13170.00 1.719284e-10
13180.00 1.715865e-10
13190.00 1.715873e-10
13200.00 1.701738e-10
13210.00 1.694047e-10
13220.00 1.692923e-10
13230.00 1.688031e-10
13240.00 1.698909e-10
13250.00 1.698469e-10
13260.00 1.689482e-10
13270.00 1.692499e-10
13280.00 1.676885e-10
13290.00 1.661496e-10
13300.00 1.639525e-10
13310.00 1.620734e-10
13320.00 1.632424e-10
13330.00 1.639393e-10
13340.00 1.625279e-10
13350.00 1.621513e-10
13360.00 1.610125e-10
13370.00 1.615569e-10
13380.00 1.597279e-10
13390.00 1.548776e-10
13400.00 1.536464e-10
13410.00 1.526473e-10
13420.00 1.518104e-10
13430.00 1.510532e-10
13440.00 1.503441e-10
13450.00 1.496577e-10
13460.00 1.490166e-10
13470.00 1.483795e-10
13480.00 1.477747e-10
13490.00 1.471716e-10
13500.00 1.465841e-10
13510.00 1.460069e-10
13520.00 1.454313e-10
13530.00 1.448632e-10
13540.00 1.442978e-10
13550.00 1.437342e-10
13560.00 1.431690e-10
13570.00 1.426047e-10
13580.00 1.420421e-10
13590.00 1.414800e-10
13600.00 1.409190e-10
13610.00 1.403596e-10
13620.00 1.397994e-10
13630.00 1.392380e-10
13640.00 1.386783e-10
13650.00 1.381184e-10
13660.00 1.375562e-10
13670.00 1.369956e-10
13680.00 1.364411e-10
13690.00 1.359176e-10
13700.00 1.353956e-10
13710.00 1.348752e-10
13720.00 1.343205e-10
13730.00 1.337661e-10
13740.00 1.332133e-10
13750.00 1.326426e-10
13760.00 1.320689e-10
13770.00 1.314968e-10
13780.00 1.309040e-10
13790.00 1.303000e-10
13800.00 1.296979e-10
13810.00 1.290781e-10
13820.00 1.284375e-10
13830.00 1.277992e-10
13840.00 1.271357e-10
13850.00 1.264108e-10
13860.00 1.256886e-10
13870.00 1.249682e-10
13880.00 1.242490e-10
13890.00 1.235323e-10
13900.00 1.228240e-10
13910.00 1.221254e-10
13920.00 1.214294e-10
13930.00 1.207523e-10
13940.00 1.200824e-10
13950.00 1.194154e-10
13960.00 1.187525e-10
13970.00 1.180921e-10
13980.00 1.174429e-10
13990.00 1.168023e-10
14000.00 1.161936e-10
14010.00 1.156015e-10
14020.00 1.150543e-10
14030.00 1.146713e-10
14040.00 1.138804e-10
14050.00 1.134039e-10
14060.00 1.133594e-10
14070.00 1.129481e-10
14080.00 1.122313e-10
14090.00 1.117457e-10
14100.00 1.111553e-10
14110.00 1.111184e-10
14120.00 1.115695e-10
14130.00 1.128314e-10
14140.00 1.110576e-10
14150.00 1.077089e-10
14160.00 1.071668e-10
14170.00 1.063363e-10
14180.00 1.049947e-10
14190.00 1.050435e-10
14200.00 1.029192e-10
14210.00 1.024035e-10
14220.00 1.041468e-10
14230.00 1.049445e-10
14240.00 1.041015e-10
14250.00 1.027244e-10
14260.00 1.031942e-10
14270.00 1.036592e-10
14280.00 1.041077e-10
14290.00 1.052751e-10
14300.00 1.049359e-10
14310.00 1.036576e-10
14320.00 1.040717e-10
14330.00 1.038831e-10
14340.00 1.053280e-10
14350.00 1.062292e-10
14360.00 1.051989e-10
14370.00 1.047806e-10
14380.00 1.042098e-10
14390.00 1.029870e-10
14400.00 1.015467e-10
14410.00 1.023910e-10
14420.00 1.032819e-10
14430.00 1.041307e-10
14440.00 1.034007e-10
14450.00 1.021568e-10
14460.00 1.014735e-10
14470.00 1.016882e-10
14480.00 1.020385e-10
14490.00 1.005358e-10
14500.00 9.929125e-11
14510.00 9.880184e-11
14520.00 9.973303e-11
14530.00 9.673476e-11
14540.00 9.503475e-11
14550.00 9.688966e-11
14560.00 9.568178e-11
14570.00 9.579449e-11
14580.00 9.757112e-11
14590.00 9.632804e-11
14600.00 9.389279e-11
14610.00 9.244397e-11
14620.00 9.299337e-11
14630.00 9.385473e-11
14640.00 9.278631e-11
14650.00 9.280391e-11
14660.00 9.357406e-11
14670.00 9.381639e-11
14680.00 9.332949e-11
14690.00 9.198180e-11
14700.00 9.194493e-11
14710.00 9.367672e-11
14720.00 9.260236e-11
14730.00 9.075569e-11
14740.00 9.112868e-11
14750.00 9.039017e-11
14760.00 8.939026e-11
14770.00 8.995879e-11
14780.00 9.022738e-11
14790.00 8.995886e-11
14800.00 8.917642e-11
14810.00 8.796162e-11
14820.00 8.776106e-11
14830.00 8.905972e-11
14840.00 8.929926e-11
14850.00 8.806442e-11
14860.00 8.804459e-11
14870.00 8.742019e-11
14880.00 8.719664e-11
14890.00 8.774576e-11
14900.00 8.734742e-11
14910.00 8.701633e-11
14920.00 8.629422e-11
14930.00 8.597521e-11
14940.00 8.578100e-11
14950.00 8.500065e-11
14960.00 8.524417e-11
14970.00 8.500750e-11
14980.00 8.445020e-11
14990.00 8.394466e-11
15000.00 8.330490e-11
15010.00 8.397560e-11
15020.00 8.291088e-11
15030.00 8.100555e-11
15040.00 8.077635e-11
15050.00 8.150131e-11
15060.00 8.156675e-11
15070.00 8.032507e-11
15080.00 7.970765e-11
15090.00 7.985877e-11
15100.00 7.887409e-11
15110.00 7.855661e-11
15120.00 7.894755e-11
15130.00 7.820136e-11
15140.00 7.811734e-11
15150.00 7.668138e-11
15160.00 7.603169e-11
15170.00 7.604706e-11
15180.00 7.531895e-11
15190.00 7.498443e-11
15200.00 7.530121e-11
15210.00 7.491285e-11
15220.00 7.328058e-11
15230.00 7.309642e-11
15240.00 7.306709e-11
15250.00 7.322757e-11
15260.00 7.338254e-11
15270.00 7.292791e-11
15280.00 7.141289e-11
15290.00 7.096545e-11
15300.00 7.124193e-11
15310.00 7.172917e-11
15320.00 7.201669e-11
15330.00 6.986476e-11
15340.00 6.922251e-11
15350.00 7.083402e-11
15360.00 7.197919e-11
15370.00 7.171220e-11
15380.00 6.963583e-11
15390.00 6.787668e-11
15400.00 6.775989e-11
15410.00 6.800227e-11
15420.00 6.780052e-11
15430.00 6.701846e-11
15440.00 6.647857e-11
15450.00 6.672742e-11
15460.00 6.637364e-11
15470.00 6.526607e-11
15480.00 6.541598e-11
15490.00 6.477502e-11
15500.00 6.375717e-11
15510.00 6.450195e-11
15520.00 6.473739e-11
15530.00 6.340027e-11
15540.00 6.214602e-11
15550.00 6.237011e-11
15560.00 6.245472e-11
15570.00 6.232829e-11
15580.00 6.211277e-11
15590.00 6.187814e-11
15600.00 6.148395e-11
15610.00 6.120729e-11
15620.00 6.072578e-11
15630.00 6.054417e-11
15640.00 6.155487e-11
15650.00 6.153612e-11
15660.00 6.026865e-11
15670.00 5.932442e-11
15680.00 5.975552e-11
15690.00 6.078577e-11
15700.00 6.085316e-11
15710.00 6.049697e-11
15720.00 6.018673e-11
15730.00 5.926396e-11
15740.00 5.879605e-11
15750.00 5.842532e-11
15760.00 5.798081e-11
15770.00 5.752534e-11
15780.00 5.722050e-11
15790.00 5.746548e-11
15800.00 5.741454e-11
15810.00 5.702146e-11
15820.00 5.676902e-11
15830.00 5.643119e-11
15840.00 5.502957e-11
15850.00 5.489730e-11
15860.00 5.576346e-11
15870.00 5.560793e-11
15880.00 5.510994e-11
15890.00 5.434667e-11
15900.00 5.447421e-11
15910.00 5.462762e-11
15920.00 5.443304e-11
15930.00 5.471440e-11
15940.00 5.433842e-11
15950.00 5.329967e-11
15960.00 5.326849e-11
15970.00 5.313074e-11
15980.00 5.218096e-11
15990.00 5.228969e-11
16000.00 5.229157e-11
16010.00 5.207637e-11
16020.00 5.195091e-11
16030.00 5.194934e-11
16040.00 5.215293e-11
16050.00 5.170641e-11
16060.00 5.102421e-11
16070.00 5.063053e-11
16080.00 5.026133e-11
16090.00 5.020565e-11
16100.00 5.008347e-11
16110.00 4.956711e-11
16120.00 5.004433e-11
16130.00 5.036466e-11
16140.00 4.924480e-11
16150.00 4.866616e-11
16160.00 4.945133e-11
16170.00 4.956969e-11
16180.00 4.890992e-11
16190.00 4.803945e-11
16200.00 4.779280e-11
16210.00 4.771229e-11
16220.00 4.728183e-11
16230.00 4.738394e-11
16240.00 4.693719e-11
16250.00 4.575622e-11
16260.00 4.543124e-11
16270.00 4.582172e-11
16280.00 4.584287e-11
16290.00 4.597037e-11
16300.00 4.543356e-11
16310.00 4.469213e-11
16320.00 4.523973e-11
16330.00 4.508930e-11
16340.00 4.452926e-11
16350.00 4.449992e-11
16360.00 4.376978e-11
16370.00 4.336684e-11
16380.00 4.350195e-11
16390.00 4.323191e-11
16400.00 4.305806e-11
16410.00 4.277875e-11
16420.00 4.261941e-11
16430.00 4.277841e-11
16440.00 4.242413e-11
16450.00 4.198951e-11
16460.00 4.151940e-11
16470.00 4.144259e-11
16480.00 4.142124e-11
16490.00 4.108349e-11
16500.00 4.122078e-11
16510.00 4.117229e-11
16520.00 4.043541e-11
16530.00 3.948587e-11
16540.00 3.971499e-11
16550.00 4.015797e-11
16560.00 3.948964e-11
16570.00 3.942054e-11
16580.00 3.971236e-11
16590.00 3.946862e-11
16600.00 3.900062e-11
16610.00 3.887155e-11
16620.00 3.886852e-11
16630.00 3.843111e-11
16640.00 3.768603e-11
16650.00 3.745461e-11
16660.00 3.786418e-11
16670.00 3.773577e-11
16680.00 3.763030e-11
16690.00 3.781044e-11
16700.00 3.695047e-11
16710.00 3.750104e-11
16720.00 3.845419e-11
16730.00 3.771483e-11
16740.00 3.730310e-11
16750.00 3.741964e-11
16760.00 3.739742e-11
16770.00 3.752150e-11
16780.00 3.760582e-11
16790.00 3.753675e-11
16800.00 3.769286e-11
16810.00 3.753554e-11
16820.00 3.694870e-11
16830.00 3.643850e-11
16840.00 3.621547e-11
16850.00 3.613741e-11
16860.00 3.588115e-11
16870.00 3.570590e-11
16880.00 3.614801e-11
16890.00 3.616260e-11
16900.00 3.539615e-11
16910.00 3.551924e-11
16920.00 3.546517e-11
16930.00 3.460779e-11
16940.00 3.439410e-11
16950.00 3.430694e-11
16960.00 3.417671e-11
16970.00 3.399462e-11
16980.00 3.355114e-11
16990.00 3.330417e-11
17000.00 3.324897e-11
17010.00 3.301643e-11
17020.00 3.266593e-11
17030.00 3.259360e-11
17040.00 3.238548e-11
17050.00 3.235116e-11
17060.00 3.237890e-11
17070.00 3.221882e-11
17080.00 3.210158e-11
17090.00 3.165464e-11
17100.00 3.157706e-11
17110.00 3.145457e-11
17120.00 3.088839e-11
17130.00 3.072026e-11
17140.00 3.061600e-11
17150.00 3.043036e-11
17160.00 3.029266e-11
17170.00 2.996340e-11
17180.00 2.999955e-11
17190.00 3.009666e-11
17200.00 2.993242e-11
17210.00 2.953210e-11
17220.00 2.912443e-11
17230.00 2.954578e-11
17240.00 2.921105e-11
17250.00 2.871516e-11
17260.00 2.890651e-11
17270.00 2.851880e-11
17280.00 2.846369e-11
17290.00 2.826830e-11
17300.00 2.811285e-11
17310.00 2.786589e-11
17320.00 2.784617e-11
17330.00 2.781763e-11
17340.00 2.715797e-11
17350.00 2.699690e-11
17360.00 2.696614e-11
17370.00 2.680815e-11
17380.00 2.672297e-11
17390.00 2.675578e-11
17400.00 2.681031e-11
17410.00 2.674983e-11
17420.00 2.639078e-11
17430.00 2.599313e-11
17440.00 2.612840e-11
17450.00 2.650441e-11
17460.00 2.649395e-11
17470.00 2.551686e-11
17480.00 2.507820e-11
17490.00 2.522152e-11
17500.00 2.476584e-11
17510.00 2.464137e-11
17520.00 2.470454e-11
17530.00 2.453296e-11
17540.00 2.442588e-11
17550.00 2.435288e-11
17560.00 2.397351e-11
17570.00 2.382971e-11
17580.00 2.405294e-11
17590.00 2.406152e-11
17600.00 2.385874e-11
17610.00 2.356041e-11
17620.00 2.335166e-11
17630.00 2.324163e-11
17640.00 2.308271e-11
17650.00 2.305602e-11
17660.00 2.274272e-11
17670.00 2.221923e-11
17680.00 2.207993e-11
17690.00 2.230999e-11
17700.00 2.256674e-11
17710.00 2.247614e-11
17720.00 2.220499e-11
17730.00 2.215027e-11
17740.00 2.209788e-11
17750.00 2.190785e-11
17760.00 2.172550e-11
17770.00 2.141282e-11
17780.00 2.144754e-11
17790.00 2.168235e-11
17800.00 2.111898e-11
17810.00 2.042795e-11
17820.00 2.043146e-11
17830.00 2.047387e-11
17840.00 2.050971e-11
17850.00 2.034478e-11
17860.00 1.998979e-11
17870.00 1.998219e-11
17880.00 2.014574e-11
17890.00 2.011224e-11
17900.00 2.007577e-11
17910.00 2.123456e-11
17920.00 2.099781e-11
17930.00 1.948754e-11
17940.00 1.916481e-11
17950.00 1.877727e-11
17960.00 1.883538e-11
17970.00 1.908169e-11
17980.00 1.899175e-11
17990.00 1.888576e-11
18000.00 1.877650e-11
18010.00 1.866333e-11
18020.00 1.855070e-11
18030.00 1.843598e-11
18040.00 1.832159e-11
18050.00 1.820776e-11
18060.00 1.809563e-11
18070.00 1.798449e-11
18080.00 1.787389e-11
18090.00 1.776383e-11
18100.00 1.765470e-11
18110.00 1.754663e-11
18120.00 1.743909e-11
18130.00 1.733207e-11
18140.00 1.722559e-11
18150.00 1.712004e-11
18160.00 1.701593e-11
18170.00 1.691232e-11
18180.00 1.680922e-11
18190.00 1.670662e-11
18200.00 1.660452e-11
18210.00 1.650331e-11
18220.00 1.640283e-11
18230.00 1.630284e-11
18240.00 1.620334e-11
18250.00 1.610432e-11
18260.00 1.600579e-11
18270.00 1.590658e-11
18280.00 1.580737e-11
18290.00 1.570865e-11
18300.00 1.561042e-11
18310.00 1.551269e-11
18320.00 1.541543e-11
18330.00 1.531810e-11
18340.00 1.522103e-11
18350.00 1.512445e-11
18360.00 1.502835e-11
18370.00 1.493274e-11
18380.00 1.483763e-11
18390.00 1.474243e-11
18400.00 1.464750e-11
18410.00 1.455305e-11
18420.00 1.445910e-11
18430.00 1.436563e-11
18440.00 1.427264e-11
18450.00 1.417960e-11
18460.00 1.408685e-11
18470.00 1.399459e-11
18480.00 1.390281e-11
18490.00 1.381151e-11
18500.00 1.372068e-11
18510.00 1.362987e-11
18520.00 1.353938e-11
18530.00 1.344936e-11
18540.00 1.335981e-11
18550.00 1.327075e-11
18560.00 1.318217e-11
18570.00 1.309380e-11
18580.00 1.300582e-11
18590.00 1.291832e-11
18600.00 1.283128e-11
18610.00 1.274472e-11
18620.00 1.265862e-11
18630.00 1.257285e-11
18640.00 1.248748e-11
18650.00 1.240258e-11
18660.00 1.231814e-11
18670.00 1.223416e-11
18680.00 1.215065e-11
18690.00 1.206742e-11
18700.00 1.198461e-11
18710.00 1.190224e-11
18720.00 1.182034e-11
18730.00 1.173888e-11
18740.00 1.165788e-11
18750.00 1.157708e-11
18760.00 1.149668e-11
18770.00 1.141673e-11
18780.00 1.133721e-11
18790.00 1.125814e-11
18800.00 1.117952e-11
18810.00 1.110109e-11
18820.00 1.102303e-11
18830.00 1.094541e-11
18840.00 1.086823e-11
18850.00 1.079149e-11
18860.00 1.071518e-11
18870.00 1.063889e-11
18880.00 1.056292e-11
18890.00 1.048739e-11
18900.00 1.041228e-11
18910.00 1.033762e-11
18920.00 1.026337e-11
18930.00 1.018893e-11
18940.00 1.011476e-11
18950.00 1.004102e-11
18960.00 9.967709e-12
18970.00 9.894828e-12
18980.00 9.822380e-12
18990.00 9.752258e-12
19000.00 9.682974e-12
19010.00 9.614088e-12
19020.00 9.545593e-12
19030.00 9.477496e-12
19040.00 9.409762e-12
19050.00 9.342419e-12
19060.00 9.275460e-12
19070.00 9.208893e-12
19080.00 9.142577e-12
19090.00 9.076435e-12
19100.00 9.010684e-12
19110.00 8.945311e-12
19120.00 8.879861e-12
19130.00 8.814711e-12
19140.00 8.749938e-12
19150.00 8.681974e-12
19160.00 8.613074e-12
19170.00 8.533021e-12
19180.00 8.489234e-12
19190.00 8.863324e-12
19200.00 8.966716e-12
19210.00 8.775254e-12
19220.00 8.653620e-12
19230.00 8.599379e-12
19240.00 8.616880e-12
19250.00 8.627921e-12
19260.00 8.484108e-12
19270.00 8.337599e-12
19280.00 8.295502e-12
19290.00 8.264585e-12
19300.00 8.213787e-12
19310.00 8.165809e-12
19320.00 8.180356e-12
19330.00 8.029134e-12
19340.00 7.839543e-12
19350.00 7.904372e-12
19360.00 7.905161e-12
19370.00 7.818292e-12
19380.00 7.839997e-12
19390.00 7.793381e-12
19400.00 7.746619e-12
19410.00 7.742576e-12
19420.00 7.662188e-12
19430.00 7.598162e-12
19440.00 7.591507e-12
19450.00 7.668298e-12
19460.00 7.631460e-12
19470.00 7.605614e-12
19480.00 7.686910e-12
19490.00 7.535477e-12
19500.00 7.406064e-12
19510.00 7.377320e-12
19520.00 7.367333e-12
19530.00 7.311639e-12
19540.00 7.241412e-12
19550.00 7.242160e-12
19560.00 7.220881e-12
19570.00 7.084191e-12
19580.00 7.012029e-12
19590.00 7.032896e-12
19600.00 6.957976e-12
19610.00 7.002923e-12
19620.00 7.012749e-12
19630.00 6.822603e-12
19640.00 6.724275e-12
19650.00 6.677815e-12
19660.00 6.679614e-12
19670.00 6.623969e-12
19680.00 6.516952e-12
19690.00 6.450103e-12
19700.00 6.396143e-12
19710.00 6.341862e-12
19720.00 6.300389e-12
19730.00 6.250297e-12
19740.00 6.153342e-12
19750.00 6.131299e-12
19760.00 6.027772e-12
19770.00 6.029358e-12
19780.00 5.972562e-12
19790.00 5.873600e-12
19800.00 5.944056e-12
19810.00 5.952447e-12
19820.00 5.705495e-12
19830.00 5.553929e-12
19840.00 5.536062e-12
19850.00 5.329058e-12
19860.00 5.205865e-12
19870.00 5.118862e-12
19880.00 4.970122e-12
19890.00 4.854193e-12
19900.00 4.878920e-12
19910.00 4.930943e-12
19920.00 4.927454e-12
19930.00 4.880302e-12
19940.00 4.841115e-12
19950.00 4.712750e-12
19960.00 4.581059e-12
19970.00 4.642463e-12
19980.00 4.716418e-12
19990.00 4.683355e-12
20000.00 4.608846e-12
20010.00 4.592134e-12
20020.00 4.613511e-12
20030.00 4.521316e-12
20040.00 4.521690e-12
20050.00 4.542216e-12
20060.00 4.446706e-12
20070.00 4.406381e-12
20080.00 4.392589e-12
20090.00 4.344820e-12
20100.00 4.365943e-12
20110.00 4.401491e-12
20120.00 4.382117e-12
20130.00 4.391163e-12
20140.00 4.375873e-12
20150.00 4.331259e-12
20160.00 4.360945e-12
20170.00 4.579139e-12
20180.00 4.612183e-12
20190.00 4.395129e-12
20200.00 4.314474e-12
20210.00 4.339377e-12
20220.00 4.334878e-12
20230.00 4.328497e-12
20240.00 4.339006e-12
20250.00 4.309154e-12
20260.00 4.329196e-12
20270.00 4.355990e-12
20280.00 4.307325e-12
20290.00 4.283047e-12
20300.00 4.264950e-12
20310.00 4.244070e-12
20320.00 4.245405e-12
20330.00 4.214351e-12
20340.00 4.160894e-12
20350.00 4.151007e-12
20360.00 4.128531e-12
20370.00 4.086390e-12
20380.00 4.063063e-12
20390.00 4.052699e-12
20400.00 4.036334e-12
20410.00 4.022217e-12
20420.00 4.025834e-12
20430.00 4.033326e-12
20440.00 4.021566e-12
20450.00 3.978247e-12
20460.00 3.960396e-12
20470.00 3.931230e-12
20480.00 3.869266e-12
20490.00 3.846050e-12
20500.00 3.854541e-12
20510.00 3.844541e-12
20520.00 3.796630e-12
20530.00 3.745522e-12
20540.00 3.734796e-12
20550.00 3.719810e-12
20560.00 3.687565e-12
20570.00 3.666331e-12
20580.00 3.670133e-12
20590.00 3.638594e-12
20600.00 3.559198e-12
20610.00 3.551652e-12
20620.00 3.553818e-12
20630.00 3.492475e-12
20640.00 3.452903e-12
20650.00 3.423567e-12
20660.00 3.394227e-12
20670.00 3.368880e-12
20680.00 3.353794e-12
20690.00 3.330961e-12
20700.00 3.288930e-12
20710.00 3.251215e-12
20720.00 3.211563e-12
20730.00 3.181810e-12
20740.00 3.142269e-12
20750.00 3.107790e-12
20760.00 3.116965e-12
20770.00 3.104932e-12
20780.00 3.097095e-12
20790.00 3.100048e-12
20800.00 3.040879e-12
20810.00 2.993177e-12
20820.00 2.995203e-12
20830.00 2.978180e-12
20840.00 2.943655e-12
20850.00 2.937884e-12
20860.00 2.914370e-12
20870.00 2.830128e-12
20880.00 2.798389e-12
20890.00 2.806178e-12
20900.00 2.778538e-12
20910.00 2.766537e-12
20920.00 2.771197e-12
20930.00 2.729118e-12
20940.00 2.675841e-12
20950.00 2.659029e-12
20960.00 2.650814e-12
20970.00 2.630227e-12
20980.00 2.595634e-12
20990.00 2.578578e-12
21000.00 2.545741e-12
21010.00 2.521230e-12
21020.00 2.495580e-12
21030.00 2.454782e-12
21040.00 2.466885e-12
21050.00 2.461856e-12
21060.00 2.425026e-12
21070.00 2.415905e-12
21080.00 2.369329e-12
21090.00 2.337969e-12
21100.00 2.353377e-12
21110.00 2.328476e-12
21120.00 2.297354e-12
21130.00 2.286257e-12
21140.00 2.272487e-12
21150.00 2.241457e-12
21160.00 2.204819e-12
21170.00 2.188191e-12
21180.00 2.188501e-12
21190.00 2.172427e-12
21200.00 2.150809e-12
21210.00 2.127616e-12
21220.00 2.100384e-12
21230.00 2.076974e-12
21240.00 2.069282e-12
21250.00 2.066727e-12
21260.00 2.048856e-12
21270.00 1.997187e-12
21280.00 1.968157e-12
21290.00 1.974864e-12
21300.00 1.950194e-12
21310.00 1.923698e-12
21320.00 1.918912e-12
21330.00 1.918803e-12
21340.00 1.899983e-12
21350.00 1.866271e-12
21360.00 1.837044e-12
21370.00 1.815469e-12
21380.00 1.793785e-12
21390.00 1.776393e-12
21400.00 1.771067e-12
21410.00 1.753340e-12
21420.00 1.739011e-12
21430.00 1.726024e-12
21440.00 1.706309e-12
21450.00 1.702849e-12
21460.00 1.684493e-12
21470.00 1.641011e-12
21480.00 1.629119e-12
21490.00 1.638259e-12
21500.00 1.618625e-12
21510.00 1.575880e-12
21520.00 1.552596e-12
21530.00 1.555235e-12
21540.00 1.549505e-12
21550.00 1.542020e-12
21560.00 1.530216e-12
21570.00 1.502753e-12
21580.00 1.480925e-12
21590.00 1.475456e-12
21600.00 1.473062e-12
21610.00 1.461833e-12
21620.00 1.433273e-12
21630.00 1.408467e-12
21640.00 1.395198e-12
21650.00 1.384264e-12
21660.00 1.374445e-12
21670.00 1.360174e-12
21680.00 1.351913e-12
21690.00 1.342169e-12
21700.00 1.333993e-12
21710.00 1.315920e-12
21720.00 1.287324e-12
21730.00 1.274084e-12
21740.00 1.254813e-12
21750.00 1.233892e-12
21760.00 1.230373e-12
21770.00 1.231938e-12
21780.00 1.219968e-12
21790.00 1.211791e-12
21800.00 1.205685e-12
21810.00 1.183841e-12
21820.00 1.155723e-12
21830.00 1.140761e-12
21840.00 1.146190e-12
21850.00 1.148589e-12
21860.00 1.135528e-12
21870.00 1.106126e-12
21880.00 1.081809e-12
21890.00 1.070861e-12
21900.00 1.061727e-12
21910.00 1.060690e-12
21920.00 1.052789e-12
21930.00 1.048690e-12
21940.00 1.038074e-12
21950.00 1.015004e-12
21960.00 1.010868e-12
21970.00 1.003308e-12
21980.00 9.858283e-13
21990.00 9.668078e-13
22000.00 9.580022e-13
22010.00 9.517519e-13
22020.00 9.397778e-13
22030.00 9.396507e-13
22040.00 9.284609e-13
22050.00 9.168199e-13
22060.00 9.121095e-13
22070.00 9.118078e-13
22080.00 8.938753e-13
22090.00 8.694572e-13
22100.00 8.820682e-13
22110.00 8.749652e-13
22120.00 8.518243e-13
22130.00 8.410871e-13
22140.00 8.362314e-13
22150.00 8.280655e-13
22160.00 8.086853e-13
22170.00 7.958571e-13
22180.00 7.998580e-13
22190.00 7.957140e-13
22200.00 7.830821e-13
22210.00 7.873476e-13
22220.00 7.843042e-13
22230.00 7.644736e-13
22240.00 7.469503e-13
22250.00 7.307840e-13
22260.00 7.226258e-13
22270.00 7.287797e-13
22280.00 7.183861e-13
22290.00 7.074225e-13
22300.00 7.089359e-13
22310.00 6.976189e-13
22320.00 6.880621e-13
22330.00 6.867662e-13
22340.00 6.793239e-13
22350.00 6.657199e-13
22360.00 6.614889e-13
22370.00 6.570577e-13
22380.00 6.485720e-13
22390.00 6.436949e-13
22400.00 6.402337e-13
22410.00 6.240543e-13
22420.00 6.126453e-13
22430.00 6.128117e-13
22440.00 6.037915e-13
22450.00 5.991416e-13
22460.00 5.904550e-13
22470.00 5.800649e-13
22480.00 5.758356e-13
22490.00 5.605445e-13
22500.00 5.510604e-13
22510.00 5.488560e-13
22520.00 5.472487e-13
22530.00 5.437186e-13
22540.00 5.330888e-13
22550.00 5.233037e-13
22560.00 5.185301e-13
22570.00 5.183327e-13
22580.00 5.172896e-13
22590.00 5.118357e-13
22600.00 5.018017e-13
22610.00 4.896398e-13
22620.00 4.828469e-13
22630.00 4.788499e-13
22640.00 4.726485e-13
22650.00 4.726240e-13
22660.00 4.705489e-13
22670.00 4.621914e-13
22680.00 4.494950e-13
22690.00 4.402021e-13
22700.00 4.390587e-13
22710.00 4.365913e-13
22720.00 4.320562e-13
22730.00 4.283672e-13
22740.00 4.253110e-13
22750.00 4.190629e-13
22760.00 4.131507e-13
22770.00 4.117092e-13
22780.00 4.038646e-13
22790.00 3.925398e-13
22800.00 3.895890e-13
22810.00 3.881615e-13
22820.00 3.842255e-13
22830.00 3.773754e-13
22840.00 3.689856e-13
22850.00 3.682419e-13
22860.00 3.645728e-13
22870.00 3.589090e-13
22880.00 3.542087e-13
22890.00 3.478200e-13
22900.00 3.447005e-13
22910.00 3.409731e-13
22920.00 3.392620e-13
22930.00 3.372532e-13
22940.00 3.304339e-13
22950.00 3.218455e-13
22960.00 3.175742e-13
22970.00 3.151856e-13
22980.00 3.056285e-13
22990.00 2.993520e-13
23000.00 3.027324e-13
23010.00 3.013203e-13
23020.00 2.974582e-13
23030.00 2.937443e-13
23040.00 2.842628e-13
23050.00 2.819683e-13
23060.00 2.810669e-13
23070.00 2.754565e-13
23080.00 2.757733e-13
23090.00 2.725334e-13
23100.00 2.646158e-13
23110.00 2.578534e-13
23120.00 2.524963e-13
23130.00 2.516055e-13
23140.00 2.504757e-13
23150.00 2.450508e-13
23160.00 2.404222e-13
23170.00 2.393344e-13
23180.00 2.371306e-13
23190.00 2.317808e-13
23200.00 2.289920e-13
23210.00 2.260304e-13
23220.00 2.223428e-13
23230.00 2.175899e-13
23240.00 2.141613e-13
23250.00 2.124652e-13
23260.00 2.069419e-13
23270.00 2.042564e-13
23280.00 2.022844e-13
23290.00 1.988785e-13
23300.00 1.968756e-13
23310.00 1.948060e-13
23320.00 1.919755e-13
23330.00 1.882020e-13
23340.00 1.865413e-13
23350.00 1.862223e-13
23360.00 1.841046e-13
23370.00 1.802350e-13
23380.00 1.746848e-13
23390.00 1.742709e-13
23400.00 1.735804e-13
23410.00 1.677221e-13
23420.00 1.634077e-13
23430.00 1.614714e-13
23440.00 1.571965e-13
23450.00 1.524757e-13
23460.00 1.526467e-13
23470.00 1.518149e-13
23480.00 1.488490e-13
23490.00 1.497377e-13
23500.00 1.486291e-13
23510.00 1.457548e-13
23520.00 1.450565e-13
23530.00 1.419341e-13
23540.00 1.385710e-13
23550.00 1.361716e-13
23560.00 1.326045e-13
23570.00 1.290606e-13
23580.00 1.282072e-13
23590.00 1.275114e-13
23600.00 1.239605e-13
23610.00 1.210385e-13
23620.00 1.210611e-13
23630.00 1.205726e-13
23640.00 1.158968e-13
23650.00 1.123448e-13
23660.00 1.126563e-13
23670.00 1.105437e-13
23680.00 1.063741e-13
23690.00 1.045859e-13
23700.00 1.055912e-13
23710.00 1.045018e-13
23720.00 1.010740e-13
23730.00 9.748138e-14
23740.00 9.525026e-14
23750.00 9.364529e-14
23760.00 9.332516e-14
23770.00 9.256193e-14
23780.00 9.041210e-14
23790.00 8.883527e-14
23800.00 8.806994e-14
23810.00 8.698853e-14
23820.00 8.394180e-14
23830.00 8.193129e-14
23840.00 8.129627e-14
23850.00 7.983056e-14
23860.00 7.752737e-14
23870.00 7.628352e-14
23880.00 7.486020e-14
23890.00 7.369938e-14
23900.00 7.260247e-14
23910.00 7.022805e-14
23920.00 6.874730e-14
23930.00 6.781186e-14
23940.00 6.670970e-14
23950.00 6.541685e-14
23960.00 6.404116e-14
23970.00 6.327739e-14
23980.00 6.176982e-14
23990.00 6.041157e-14
24000.00 5.928663e-14
24010.00 5.809530e-14
24020.00 5.698888e-14
24030.00 5.586210e-14
24040.00 5.574865e-14
24050.00 5.420506e-14
24060.00 5.268212e-14
24070.00 5.071036e-14
24080.00 4.852691e-14
24090.00 4.923694e-14
24100.00 4.933994e-14
24110.00 4.769784e-14
24120.00 4.615091e-14
24130.00 4.439258e-14
24140.00 4.303137e-14
24150.00 4.313800e-14
24160.00 4.255846e-14
24170.00 4.192286e-14
24180.00 4.043161e-14
24190.00 3.850748e-14
24200.00 3.749084e-14
24210.00 3.704326e-14
24220.00 3.742052e-14
24230.00 3.653676e-14
24240.00 3.507277e-14
24250.00 3.515172e-14
24260.00 3.457389e-14
24270.00 3.337457e-14
24280.00 3.258909e-14
24290.00 3.085057e-14
24300.00 2.981140e-14
24310.00 2.984068e-14
24320.00 2.908759e-14
24330.00 2.802541e-14
24340.00 2.739364e-14
24350.00 2.662116e-14
24360.00 2.654373e-14
24370.00 2.643253e-14
24380.00 2.529951e-14
24390.00 2.416845e-14
24400.00 2.363572e-14
24410.00 2.304363e-14
24420.00 2.228914e-14
24430.00 2.168374e-14
24440.00 2.109460e-14
24450.00 2.051387e-14
24460.00 1.995631e-14
24470.00 1.940948e-14
24480.00 1.887326e-14
24490.00 1.834750e-14
24500.00 1.783209e-14
24510.00 1.732690e-14
24520.00 1.683182e-14
24530.00 1.634671e-14
24540.00 1.587146e-14
24550.00 1.540594e-14
24560.00 1.495004e-14
24570.00 1.450364e-14
24580.00 1.406660e-14
24590.00 1.363882e-14
24600.00 1.322018e-14
24610.00 1.281056e-14
24620.00 1.240984e-14
24630.00 1.201790e-14
24640.00 1.163464e-14
24650.00 1.125992e-14
24660.00 1.089365e-14
24670.00 1.053571e-14
24680.00 1.018597e-14
24690.00 9.844344e-15
24700.00 9.510696e-15
24710.00 9.184932e-15
24720.00 8.866934e-15
24730.00 8.556590e-15
24740.00 8.253796e-15
24750.00 7.958439e-15
24760.00 7.670407e-15
24770.00 7.389604e-15
24780.00 7.115917e-15
24790.00 6.849239e-15
24800.00 6.589465e-15
24810.00 6.336492e-15
24820.00 6.090216e-15
24830.00 5.850531e-15
24840.00 5.617333e-15
24850.00 5.390522e-15
24860.00 5.169999e-15
24870.00 4.955659e-15
24880.00 4.747404e-15
24890.00 4.545131e-15
24900.00 4.348745e-15
24910.00 4.158146e-15
24920.00 3.973237e-15
24930.00 3.793920e-15
24940.00 3.620099e-15
24950.00 3.451678e-15
24960.00 3.288562e-15
24970.00 3.130658e-15
24980.00 2.977870e-15
24990.00 2.830106e-15
25000.00 2.687274e-15
