1000.00 8.252539e-14
1010.00 8.873883e-14
1020.00 9.494654e-14
1030.00 1.011793e-13
1040.00 1.074637e-13
1050.00 1.138219e-13
1060.00 1.202734e-13
1070.00 1.268345e-13
1080.00 1.335191e-13
1090.00 1.403386e-13
1100.00 1.473027e-13
1110.00 1.544191e-13
1120.00 1.616942e-13
1130.00 1.692441e-13
1140.00 1.770912e-13
1150.00 1.852524e-13
1160.00 1.937452e-13
1170.00 2.025865e-13
1180.00 2.117935e-13
1190.00 2.213841e-13
1200.00 2.313759e-13
1210.00 2.417866e-13
1220.00 2.526337e-13
1230.00 2.639352e-13
1240.00 2.757008e-13
1250.00 2.879888e-13
1260.00 3.008436e-13
1270.00 3.144753e-13
1280.00 3.289161e-13
1290.00 3.441997e-13
1300.00 3.603615e-13
1310.00 3.774383e-13
1320.00 3.954687e-13
1330.00 4.144931e-13
1340.00 4.345532e-13
1350.00 4.556927e-13
1360.00 4.779570e-13
1370.00 5.013945e-13
1380.00 5.260546e-13
1390.00 5.519878e-13
1400.00 5.792464e-13
1410.00 6.078853e-13
1420.00 6.379615e-13
1430.00 6.695342e-13
1440.00 7.026646e-13
1450.00 7.374177e-13
1460.00 7.738588e-13
1470.00 8.120570e-13
1480.00 8.520848e-13
1490.00 8.940171e-13
1500.00 9.379313e-13
1510.00 9.839099e-13
1520.00 1.032037e-12
1530.00 1.082402e-12
1540.00 1.135100e-12
1550.00 1.190229e-12
1560.00 1.247892e-12
1570.00 1.308197e-12
1580.00 1.371256e-12
1590.00 1.437189e-12
1600.00 1.506124e-12
1610.00 1.578195e-12
1620.00 1.653544e-12
1630.00 1.732323e-12
1640.00 1.814694e-12
1650.00 1.900830e-12
1660.00 1.990917e-12
1670.00 2.085155e-12
1680.00 2.183755e-12
1690.00 2.286950e-12
1700.00 2.394984e-12
1710.00 2.508097e-12
1720.00 2.626588e-12
1730.00 2.750793e-12
1740.00 2.881073e-12
1750.00 3.017823e-12
1760.00 3.161474e-12
1770.00 3.312505e-12
1780.00 3.471439e-12
1790.00 3.638857e-12
1800.00 3.815395e-12
1810.00 4.001790e-12
1820.00 4.198797e-12
1830.00 4.407280e-12
1840.00 4.628197e-12
1850.00 4.862612e-12
1860.00 5.111700e-12
1870.00 5.377124e-12
1880.00 5.662687e-12
1890.00 5.971744e-12
1900.00 6.313048e-12
1910.00 6.664084e-12
1920.00 7.036388e-12
1930.00 7.436667e-12
1940.00 7.873539e-12
1950.00 8.358340e-12
1960.00 8.905079e-12
1970.00 9.498977e-12
1980.00 1.015719e-11
1990.00 1.083794e-11
2000.00 1.179230e-11
2010.00 1.270581e-11
2020.00 1.367469e-11
2030.00 1.462125e-11
2040.00 1.561438e-11
2050.00 1.680669e-11
2060.00 1.811978e-11
2070.00 1.931380e-11
2080.00 2.054251e-11
2090.00 2.187610e-11
2100.00 2.333284e-11
2110.00 2.481932e-11
2120.00 2.631918e-11
2130.00 2.805663e-11
2140.00 2.979842e-11
2150.00 3.124141e-11
2160.00 3.254202e-11
2170.00 3.378760e-11
2180.00 3.492225e-11
2190.00 3.596326e-11
2200.00 3.670427e-11
2210.00 3.737462e-11
2220.00 3.819975e-11
2230.00 3.883966e-11
2240.00 3.945423e-11
2250.00 3.995447e-11
2260.00 4.038707e-11
2270.00 4.081396e-11
2280.00 4.126769e-11
2290.00 4.157359e-11
2300.00 4.186307e-11
2310.00 4.165781e-11
2320.00 4.125292e-11
2330.00 4.118289e-11
2340.00 4.121252e-11
2350.00 4.112006e-11
2360.00 4.102692e-11
2370.00 4.075805e-11
2380.00 4.049854e-11
2390.00 4.000070e-11
2400.00 3.954764e-11
2410.00 3.901632e-11
2420.00 3.828131e-11
2430.00 3.766410e-11
2440.00 3.735744e-11
2450.00 3.704662e-11
2460.00 3.665560e-11
2470.00 3.627579e-11
2480.00 3.599195e-11
2490.00 3.584582e-11
2500.00 3.559223e-11
2510.00 3.536728e-11
2520.00 3.544829e-11
2530.00 3.479951e-11
2540.00 3.335910e-11
2550.00 3.272246e-11
2560.00 3.234282e-11
2570.00 3.205032e-11
2580.00 3.169842e-11
2590.00 3.172915e-11
2600.00 3.169345e-11
2610.00 3.204333e-11
2620.00 3.235816e-11
2630.00 3.312969e-11
2640.00 3.387088e-11
2650.00 3.468757e-11
2660.00 3.571772e-11
2670.00 3.674888e-11
2680.00 3.785123e-11
2690.00 3.885195e-11
2700.00 3.979268e-11
2710.00 4.092008e-11
2720.00 4.236767e-11
2730.00 4.403961e-11
2740.00 4.504008e-11
2750.00 4.582771e-11
2760.00 4.702486e-11
2770.00 4.858808e-11
2780.00 5.032772e-11
2790.00 5.182448e-11
2800.00 5.318917e-11
2810.00 5.466435e-11
2820.00 5.658889e-11
2830.00 5.900882e-11
2840.00 6.185943e-11
2850.00 6.509911e-11
2860.00 6.849733e-11
2870.00 7.178022e-11
2880.00 7.471152e-11
2890.00 7.732519e-11
2900.00 7.984774e-11
2910.00 8.215644e-11
2920.00 8.408042e-11
2930.00 8.563630e-11
2940.00 8.770002e-11
2950.00 9.046315e-11
2960.00 9.254307e-11
2970.00 9.420691e-11
2980.00 9.559602e-11
2990.00 9.690363e-11
3000.00 9.844428e-11
3010.00 9.987500e-11
3020.00 1.006804e-10
3030.00 1.009656e-10
3040.00 1.002738e-10
3050.00 9.900408e-11
3060.00 9.778628e-11
3070.00 9.680397e-11
3080.00 9.651213e-11
3090.00 9.660054e-11
3100.00 9.734645e-11
3110.00 9.850811e-11
3120.00 1.002134e-10
3130.00 1.022040e-10
3140.00 1.041617e-10
3150.00 1.057708e-10
3160.00 1.074910e-10
3170.00 1.088655e-10
3180.00 1.099215e-10
3190.00 1.113298e-10
3200.00 1.126540e-10
3210.00 1.140773e-10
3220.00 1.159255e-10
3230.00 1.176580e-10
3240.00 1.193079e-10
3250.00 1.216042e-10
3260.00 1.229533e-10
3270.00 1.242463e-10
3280.00 1.252062e-10
3290.00 1.264608e-10
3300.00 1.275297e-10
3310.00 1.294759e-10
3320.00 1.314690e-10
3330.00 1.345950e-10
3340.00 1.395555e-10
3350.00 1.451928e-10
3360.00 1.514953e-10
3370.00 1.583642e-10
3380.00 1.661918e-10
3390.00 1.734897e-10
3400.00 1.799057e-10
3410.00 1.866412e-10
3420.00 1.928619e-10
3430.00 1.995186e-10
3440.00 2.067917e-10
3450.00 2.138300e-10
3460.00 2.245979e-10
3470.00 2.205510e-10
3480.00 2.151708e-10
3490.00 2.123128e-10
3500.00 2.108739e-10
3510.00 2.107220e-10
3520.00 2.144798e-10
3530.00 2.137901e-10
3540.00 2.114804e-10
3550.00 2.125848e-10
3560.00 2.144885e-10
3570.00 2.229452e-10
3580.00 2.284799e-10
3590.00 2.298527e-10
3600.00 2.252625e-10
3610.00 2.198604e-10
3620.00 2.109458e-10
3630.00 2.042039e-10
3640.00 2.031217e-10
3650.00 2.054848e-10
3660.00 2.127756e-10
3670.00 2.190251e-10
3680.00 2.178334e-10
3690.00 2.068354e-10
3700.00 1.894994e-10
3710.00 1.747438e-10
3720.00 1.402923e-10
3730.00 1.426316e-10
3740.00 1.337875e-10
3750.00 1.254424e-10
3760.00 1.263247e-10
3770.00 1.183049e-10
3780.00 1.200477e-10
3790.00 1.212326e-10
3800.00 1.232434e-10
3810.00 1.220633e-10
3820.00 1.399383e-10
3830.00 1.634308e-10
3840.00 1.889236e-10
3850.00 2.041178e-10
3860.00 2.543135e-10
3870.00 3.175892e-10
3880.00 3.218205e-10
3890.00 3.684640e-10
3900.00 3.948131e-10
3910.00 4.192646e-10
3920.00 4.276642e-10
3930.00 4.335332e-10
3940.00 4.366257e-10
3950.00 4.381397e-10
3960.00 4.483787e-10
3970.00 4.448269e-10
3980.00 4.408820e-10
3990.00 4.452532e-10
4000.00 4.727758e-10
4010.00 4.818401e-10
4020.00 5.014103e-10
4030.00 5.003066e-10
4040.00 4.962096e-10
4050.00 4.863232e-10
4060.00 4.710130e-10
4070.00 4.548271e-10
4080.00 4.316004e-10
4090.00 4.079768e-10
4100.00 3.860541e-10
4110.00 3.683062e-10
4120.00 3.586870e-10
4130.00 3.553858e-10
4140.00 3.504153e-10
4150.00 3.447222e-10
4160.00 3.377214e-10
4170.00 3.348728e-10
4180.00 3.303507e-10
4190.00 3.295185e-10
4200.00 3.289564e-10
4210.00 3.330365e-10
4220.00 3.364065e-10
4230.00 3.432753e-10
4240.00 3.458294e-10
4250.00 3.474777e-10
4260.00 3.478627e-10
4270.00 3.468604e-10
4280.00 3.485157e-10
4290.00 3.500437e-10
4300.00 3.516582e-10
4310.00 3.498695e-10
4320.00 3.517091e-10
4330.00 3.455666e-10
4340.00 3.397787e-10
4350.00 3.350922e-10
4360.00 3.289115e-10
4370.00 3.264986e-10
4380.00 3.205147e-10
4390.00 3.139730e-10
4400.00 3.094047e-10
4410.00 3.061966e-10
4420.00 3.041779e-10
4430.00 3.058655e-10
4440.00 3.095324e-10
4450.00 3.170990e-10
4460.00 3.176863e-10
4470.00 3.411134e-10
4480.00 3.687998e-10
4490.00 3.964270e-10
4500.00 4.337605e-10
4510.00 4.636130e-10
4520.00 4.716982e-10
4530.00 4.950488e-10
4540.00 5.121715e-10
4550.00 5.395687e-10
4560.00 5.484123e-10
4570.00 5.687630e-10
4580.00 5.902520e-10
4590.00 6.004409e-10
4600.00 6.101557e-10
4610.00 6.122414e-10
4620.00 6.091155e-10
4630.00 6.043787e-10
4640.00 5.947858e-10
4650.00 5.795383e-10
4660.00 5.681950e-10
4670.00 5.477450e-10
4680.00 5.261922e-10
4690.00 5.082023e-10
4700.00 4.869536e-10
4710.00 4.707005e-10
4720.00 4.560353e-10
4730.00 4.436108e-10
4740.00 4.229118e-10
4750.00 4.080799e-10
4760.00 3.886857e-10
4770.00 3.759508e-10
4780.00 3.556453e-10
4790.00 3.485170e-10
4800.00 3.389167e-10
4810.00 3.429060e-10
4820.00 3.477198e-10
4830.00 3.565509e-10
4840.00 3.643133e-10
4850.00 3.616933e-10
4860.00 3.676461e-10
4870.00 3.720127e-10
4880.00 3.760726e-10
4890.00 3.707238e-10
4900.00 3.740190e-10
4910.00 3.876707e-10
4920.00 4.022793e-10
4930.00 4.233111e-10
4940.00 4.348387e-10
4950.00 4.486973e-10
4960.00 4.524500e-10
4970.00 4.501909e-10
4980.00 4.459241e-10
4990.00 4.249430e-10
5000.00 3.986044e-10
5010.00 3.778722e-10
5020.00 3.580928e-10
5030.00 3.441025e-10
5040.00 3.381399e-10
5050.00 3.283091e-10
5060.00 3.307647e-10
5070.00 3.416257e-10
5080.00 3.506828e-10
5090.00 3.659436e-10
5100.00 3.737571e-10
5110.00 3.815238e-10
5120.00 3.890574e-10
5130.00 3.959454e-10
5140.00 4.061389e-10
5150.00 4.148835e-10
5160.00 4.187609e-10
5170.00 4.269666e-10
5180.00 4.324398e-10
5190.00 4.382868e-10
5200.00 4.394084e-10
5210.00 4.487139e-10
5220.00 4.622462e-10
5230.00 4.767470e-10
5240.00 5.000832e-10
5250.00 5.136387e-10
5260.00 5.222398e-10
5270.00 5.364967e-10
5280.00 5.452458e-10
5290.00 5.508956e-10
5300.00 5.677056e-10
5310.00 5.767108e-10
5320.00 5.824351e-10
5330.00 5.920745e-10
5340.00 5.955547e-10
5350.00 5.918476e-10
5360.00 5.856376e-10
5370.00 5.772513e-10
5380.00 5.713282e-10
5390.00 5.663723e-10
5400.00 5.601087e-10
5410.00 5.596342e-10
5420.00 5.515117e-10
5430.00 5.572626e-10
5440.00 5.590178e-10
5450.00 5.731619e-10
5460.00 5.890481e-10
5470.00 5.987661e-10
5480.00 6.017993e-10
5490.00 6.013759e-10
5500.00 5.905803e-10
5510.00 5.819969e-10
5520.00 5.640983e-10
5530.00 5.343590e-10
5540.00 5.066998e-10
5550.00 4.538102e-10
5560.00 4.305708e-10
5570.00 4.259826e-10
5580.00 3.857344e-10
5590.00 3.445954e-10
5600.00 3.265766e-10
5610.00 3.102957e-10
5620.00 2.791477e-10
5630.00 2.622388e-10
5640.00 2.514826e-10
5650.00 2.365308e-10
5660.00 2.252238e-10
5670.00 2.163166e-10
5680.00 2.136152e-10
5690.00 2.165636e-10
5700.00 2.193435e-10
5710.00 2.280996e-10
5720.00 2.391215e-10
5730.00 2.448044e-10
5740.00 2.678143e-10
5750.00 2.960608e-10
5760.00 3.235252e-10
5770.00 3.420246e-10
5780.00 3.653070e-10
5790.00 3.916157e-10
5800.00 4.316970e-10
5810.00 5.011830e-10
5820.00 5.476896e-10
5830.00 5.831193e-10
5840.00 6.078439e-10
5850.00 6.308011e-10
5860.00 6.434445e-10
5870.00 6.417499e-10
5880.00 6.402066e-10
5890.00 6.029518e-10
5900.00 5.880345e-10
5910.00 6.101426e-10
5920.00 6.011999e-10
5930.00 6.260459e-10
5940.00 6.404111e-10
5950.00 6.607875e-10
5960.00 6.606054e-10
5970.00 6.584057e-10
5980.00 6.486132e-10
5990.00 6.385551e-10
6000.00 6.277844e-10
6010.00 6.154461e-10
6020.00 6.029638e-10
6030.00 5.892488e-10
6040.00 5.796589e-10
6050.00 5.660625e-10
6060.00 5.581468e-10
6070.00 5.473377e-10
6080.00 5.370190e-10
6090.00 5.348701e-10
6100.00 5.279074e-10
6110.00 5.221303e-10
6120.00 5.178331e-10
6130.00 5.164639e-10
6140.00 5.127711e-10
6150.00 5.166006e-10
6160.00 5.185985e-10
6170.00 5.260269e-10
6180.00 5.376800e-10
6190.00 5.532218e-10
6200.00 5.692305e-10
6210.00 5.784175e-10
6220.00 5.843357e-10
6230.00 5.876995e-10
6240.00 5.833214e-10
6250.00 5.805147e-10
6260.00 5.703654e-10
6270.00 5.630204e-10
6280.00 5.557735e-10
6290.00 5.465027e-10
6300.00 5.409249e-10
6310.00 5.328540e-10
6320.00 5.311150e-10
6330.00 5.267423e-10
6340.00 5.292341e-10
6350.00 5.336498e-10
6360.00 5.370348e-10
6370.00 5.399618e-10
6380.00 5.419460e-10
6390.00 5.501019e-10
6400.00 5.484366e-10
6410.00 5.532802e-10
6420.00 5.602329e-10
6430.00 5.670958e-10
6440.00 5.679056e-10
6450.00 5.658811e-10
6460.00 5.643976e-10
6470.00 5.617474e-10
6480.00 5.577368e-10
6490.00 5.528685e-10
6500.00 5.495471e-10
6510.00 5.438037e-10
6520.00 5.404863e-10
6530.00 5.398054e-10
6540.00 5.416721e-10
6550.00 5.481611e-10
6560.00 5.600897e-10
6570.00 5.646518e-10
6580.00 5.724022e-10
6590.00 5.442491e-10
6600.00 5.169487e-10
6610.00 4.975018e-10
6620.00 4.816877e-10
6630.00 4.699768e-10
6640.00 4.603793e-10
6650.00 4.523907e-10
6660.00 4.450705e-10
6670.00 4.368221e-10
6680.00 4.267742e-10
6690.00 4.167846e-10
6700.00 4.070515e-10
6710.00 3.943108e-10
6720.00 3.830849e-10
6730.00 3.781893e-10
6740.00 3.740777e-10
6750.00 3.679952e-10
6760.00 3.647944e-10
6770.00 3.659311e-10
6780.00 3.617540e-10
6790.00 3.557784e-10
6800.00 3.499765e-10
6810.00 3.413321e-10
6820.00 3.318298e-10
6830.00 3.231724e-10
6840.00 3.176005e-10
6850.00 3.138092e-10
6860.00 3.103009e-10
6870.00 3.096133e-10
6880.00 3.087231e-10
6890.00 3.104623e-10
6900.00 3.127245e-10
6910.00 3.174978e-10
6920.00 3.234710e-10
6930.00 3.304227e-10
6940.00 3.402190e-10
6950.00 3.472904e-10
6960.00 3.497132e-10
6970.00 3.553309e-10
6980.00 3.531424e-10
6990.00 3.534770e-10
7000.00 3.533369e-10
7010.00 3.460496e-10
7020.00 3.415001e-10
7030.00 3.410301e-10
7040.00 3.383156e-10
7050.00 3.392647e-10
7060.00 3.427206e-10
7070.00 3.471822e-10
7080.00 3.513808e-10
7090.00 3.541898e-10
7100.00 3.583321e-10
7110.00 3.632231e-10
7120.00 3.669248e-10
7130.00 3.768059e-10
7140.00 3.789642e-10
7150.00 3.868970e-10
7160.00 3.957384e-10
7170.00 4.019562e-10
7180.00 4.087191e-10
7190.00 4.122477e-10
7200.00 4.305216e-10
7210.00 4.439733e-10
7220.00 4.587895e-10
7230.00 4.645671e-10
7240.00 4.689794e-10
7250.00 4.763562e-10
7260.00 4.686054e-10
7270.00 4.727902e-10
7280.00 4.708002e-10
7290.00 4.606701e-10
7300.00 4.556306e-10
7310.00 4.536259e-10
7320.00 4.400118e-10
7330.00 4.320818e-10
7340.00 4.244930e-10
7350.00 4.186916e-10
7360.00 4.104093e-10
7370.00 4.052963e-10
7380.00 4.029179e-10
7390.00 3.952836e-10
7400.00 3.882413e-10
7410.00 3.845102e-10
7420.00 3.732229e-10
7430.00 3.707087e-10
7440.00 3.677635e-10
7450.00 3.664160e-10
7460.00 3.477638e-10
7470.00 3.367116e-10
7480.00 3.268075e-10
7490.00 3.113167e-10
7500.00 2.982147e-10
7510.00 2.983840e-10
7520.00 3.017561e-10
7530.00 2.977547e-10
7540.00 2.859319e-10
7550.00 2.698151e-10
7560.00 2.635177e-10
7570.00 2.547285e-10
7580.00 2.552393e-10
7590.00 2.521223e-10
7600.00 2.494573e-10
7610.00 2.473147e-10
7620.00 2.539002e-10
7630.00 2.621219e-10
7640.00 2.706423e-10
7650.00 2.849007e-10
7660.00 2.987322e-10
7670.00 3.194914e-10
7680.00 3.359681e-10
7690.00 3.404260e-10
7700.00 3.678730e-10
7710.00 3.772289e-10
7720.00 3.430039e-10
7730.00 3.458308e-10
7740.00 3.478698e-10
7750.00 3.477290e-10
7760.00 3.406910e-10
7770.00 3.429566e-10
7780.00 3.532352e-10
7790.00 3.615164e-10
7800.00 3.628207e-10
7810.00 3.623231e-10
7820.00 3.527748e-10
7830.00 3.439673e-10
7840.00 3.372677e-10
7850.00 3.455152e-10
7860.00 3.579842e-10
7870.00 3.627387e-10
7880.00 3.485875e-10
7890.00 3.257142e-10
7900.00 3.177362e-10
7910.00 3.028157e-10
7920.00 3.032488e-10
7930.00 2.906181e-10
7940.00 2.772510e-10
7950.00 2.732911e-10
7960.00 2.645173e-10
7970.00 2.602894e-10
7980.00 2.541218e-10
7990.00 2.492615e-10
8000.00 2.474229e-10
8010.00 2.408510e-10
8020.00 2.298728e-10
8030.00 2.247853e-10
8040.00 2.118068e-10
8050.00 2.062390e-10
8060.00 2.044761e-10
8070.00 1.923560e-10
8080.00 1.812430e-10
8090.00 1.766547e-10
8100.00 1.730179e-10
8110.00 1.746585e-10
8120.00 1.662948e-10
8130.00 1.578064e-10
8140.00 1.417009e-10
8150.00 1.038477e-10
8160.00 1.050493e-10
8170.00 8.860558e-11
8180.00 7.052360e-11
8190.00 7.591283e-11
8200.00 6.762038e-11
8210.00 5.857009e-11
8220.00 5.348823e-11
8230.00 5.141583e-11
8240.00 5.946904e-11
8250.00 4.423083e-11
8260.00 6.472760e-11
8270.00 6.525696e-11
8280.00 6.099492e-11
8290.00 7.482912e-11
8300.00 8.607612e-11
8310.00 7.069476e-11
8320.00 9.140782e-11
8330.00 1.021592e-10
8340.00 1.048688e-10
8350.00 1.066349e-10
8360.00 1.175644e-10
8370.00 1.301193e-10
8380.00 1.563039e-10
8390.00 1.573083e-10
8400.00 1.625312e-10
8410.00 2.175469e-10
8420.00 2.377068e-10
8430.00 2.715139e-10
8440.00 2.912001e-10
8450.00 3.358187e-10
8460.00 3.499638e-10
8470.00 4.069512e-10
8480.00 4.323207e-10
8490.00 4.517511e-10
8500.00 4.807409e-10
8510.00 5.372808e-10
8520.00 5.826085e-10
8530.00 6.646196e-10
8540.00 6.754482e-10
8550.00 6.922317e-10
8560.00 7.217179e-10
8570.00 7.551896e-10
8580.00 7.611620e-10
8590.00 7.942844e-10
8600.00 8.277086e-10
8610.00 8.642056e-10
8620.00 8.540437e-10
8630.00 8.398244e-10
8640.00 8.196439e-10
8650.00 7.693195e-10
8660.00 7.386804e-10
8670.00 7.290528e-10
8680.00 7.194643e-10
8690.00 7.091558e-10
8700.00 6.880410e-10
8710.00 6.880795e-10
8720.00 7.038448e-10
8730.00 6.810460e-10
8740.00 6.687694e-10
8750.00 6.281666e-10
8760.00 6.005469e-10
8770.00 6.012095e-10
8780.00 5.277330e-10
8790.00 4.899141e-10
8800.00 4.681149e-10
8810.00 4.174094e-10
8820.00 3.907913e-10
8830.00 3.513821e-10
8840.00 3.148444e-10
8850.00 3.058554e-10
8860.00 2.785795e-10
8870.00 2.472832e-10
8880.00 2.407831e-10
8890.00 2.126734e-10
8900.00 2.087935e-10
8910.00 2.267146e-10
8920.00 2.315998e-10
8930.00 2.231134e-10
8940.00 2.118744e-10
8950.00 2.322032e-10
8960.00 2.502144e-10
8970.00 2.348197e-10
8980.00 2.355803e-10
8990.00 2.347517e-10
9000.00 2.234592e-10
9010.00 2.245124e-10
9020.00 2.244489e-10
9030.00 2.196002e-10
9040.00 2.164340e-10
9050.00 2.141677e-10
9060.00 2.132870e-10
9070.00 2.270349e-10
9080.00 2.363242e-10
9090.00 2.342780e-10
9100.00 2.198141e-10
9110.00 2.001511e-10
9120.00 2.105929e-10
9130.00 2.158945e-10
9140.00 2.189901e-10
9150.00 2.138189e-10
9160.00 2.103513e-10
9170.00 2.118077e-10
9180.00 2.146751e-10
9190.00 2.130634e-10
9200.00 2.214912e-10
9210.00 2.197746e-10
9220.00 2.051686e-10
9230.00 1.849283e-10
9240.00 2.031188e-10
9250.00 1.971595e-10
9260.00 2.040356e-10
9270.00 1.983125e-10
9280.00 1.930213e-10
9290.00 2.058111e-10
9300.00 2.341778e-10
9310.00 1.824598e-10
9320.00 1.904042e-10
9330.00 1.869243e-10
9340.00 1.961445e-10
9350.00 1.741803e-10
9360.00 1.756510e-10
9370.00 1.758899e-10
9380.00 1.652385e-10
9390.00 1.780533e-10
9400.00 1.908227e-10
9410.00 1.909912e-10
9420.00 1.853989e-10
9430.00 1.945577e-10
9440.00 1.929545e-10
9450.00 1.957333e-10
9460.00 1.904200e-10
9470.00 1.900684e-10
9480.00 1.963360e-10
9490.00 1.852477e-10
9500.00 1.781268e-10
9510.00 1.835801e-10
9520.00 1.823396e-10
9530.00 1.866065e-10
9540.00 1.686853e-10
9550.00 1.699459e-10
9560.00 1.692325e-10
9570.00 1.581936e-10
9580.00 1.351887e-10
9590.00 1.199147e-10
9600.00 1.180421e-10
9610.00 1.291153e-10
9620.00 1.187595e-10
9630.00 1.457293e-10
9640.00 1.378747e-10
9650.00 1.052844e-10
9660.00 1.077124e-10
9670.00 1.115143e-10
9680.00 1.231876e-10
9690.00 1.321705e-10
9700.00 1.394852e-10
9710.00 1.401906e-10
9720.00 1.339151e-10
9730.00 1.319163e-10
9740.00 1.357775e-10
9750.00 1.456094e-10
9760.00 1.524411e-10
9770.00 1.530784e-10
9780.00 1.503196e-10
9790.00 1.483207e-10
9800.00 1.467238e-10
9810.00 1.405628e-10
9820.00 1.321282e-10
9830.00 1.280181e-10
9840.00 1.266775e-10
9850.00 1.251807e-10
9860.00 1.263733e-10
9870.00 1.297620e-10
9880.00 1.315670e-10
9890.00 1.306208e-10
9900.00 1.287809e-10
9910.00 1.291532e-10
9920.00 1.303339e-10
9930.00 1.310806e-10
9940.00 1.317846e-10
9950.00 1.304325e-10
9960.00 1.301085e-10
9970.00 1.291133e-10
9980.00 1.279845e-10
9990.00 1.266806e-10
10000.00 1.256996e-10
10010.00 1.218642e-10
10020.00 1.171092e-10
10030.00 1.110712e-10
10040.00 1.080927e-10
10050.00 1.031356e-10
10060.00 1.014506e-10
10070.00 9.805403e-11
10080.00 9.171482e-11
10090.00 8.975613e-11
10100.00 8.508704e-11
10110.00 8.391917e-11
10120.00 8.133343e-11
10130.00 8.217195e-11
10140.00 8.098516e-11
10150.00 7.932250e-11
10160.00 7.581346e-11
10170.00 7.352626e-11
10180.00 7.631767e-11
10190.00 7.648933e-11
10200.00 7.678795e-11
10210.00 7.814067e-11
10220.00 7.073527e-11
10230.00 6.277902e-11
10240.00 5.527511e-11
10250.00 5.925818e-11
10260.00 4.958313e-11
10270.00 4.448319e-11
10280.00 3.979879e-11
10290.00 3.941444e-11
10300.00 3.602242e-11
10310.00 3.543195e-11
10320.00 3.197654e-11
10330.00 3.044365e-11
10340.00 3.547834e-11
10350.00 3.178997e-11
10360.00 2.568977e-11
10370.00 2.390236e-11
10380.00 2.317169e-11
10390.00 2.184845e-11
10400.00 1.767488e-11
10410.00 2.051272e-11
10420.00 2.395969e-11
10430.00 1.926354e-11
10440.00 2.003605e-11
10450.00 2.536613e-11
10460.00 2.962584e-11
10470.00 2.967721e-11
10480.00 3.051386e-11
10490.00 2.105198e-11
10500.00 2.761340e-11
10510.00 3.307697e-11
10520.00 3.546138e-11
10530.00 3.744598e-11
10540.00 3.911316e-11
10550.00 4.129812e-11
10560.00 4.438826e-11
10570.00 4.705446e-11
10580.00 4.801711e-11
10590.00 4.957644e-11
10600.00 5.369405e-11
10610.00 6.095135e-11
10620.00 6.847023e-11
10630.00 7.518046e-11
10640.00 8.044763e-11
10650.00 8.412365e-11
10660.00 8.892110e-11
10670.00 9.370095e-11
10680.00 9.752363e-11
10690.00 1.014439e-10
10700.00 1.071090e-10
10710.00 1.107209e-10
10720.00 1.093586e-10
10730.00 1.069432e-10
10740.00 1.102345e-10
10750.00 1.140450e-10
10760.00 1.142256e-10
10770.00 1.151895e-10
10780.00 1.168298e-10
10790.00 1.183403e-10
10800.00 1.202519e-10
10810.00 1.239354e-10
10820.00 1.260098e-10
10830.00 1.236004e-10
10840.00 1.230123e-10
10850.00 1.268143e-10
10860.00 1.287696e-10
10870.00 1.271677e-10
10880.00 1.260107e-10
10890.00 1.263240e-10
10900.00 1.257910e-10
10910.00 1.234498e-10
10920.00 1.205967e-10
10930.00 1.184241e-10
10940.00 1.170595e-10
10950.00 1.156097e-10
10960.00 1.138781e-10
10970.00 1.129190e-10
10980.00 1.117028e-10
10990.00 1.096205e-10
11000.00 1.076118e-10
11010.00 1.056814e-10
11020.00 1.047009e-10
11030.00 1.048309e-10
11040.00 1.037414e-10
11050.00 1.021548e-10
11060.00 1.014309e-10
11070.00 9.937645e-11
11080.00 9.728661e-11
11090.00 9.518503e-11
11100.00 9.290028e-11
11110.00 9.219529e-11
11120.00 9.073062e-11
11130.00 8.911804e-11
11140.00 8.765574e-11
11150.00 8.662922e-11
11160.00 8.706507e-11
11170.00 8.682106e-11
11180.00 8.590286e-11
11190.00 8.667783e-11
11200.00 8.887515e-11
11210.00 8.758612e-11
11220.00 8.591634e-11
11230.00 8.708672e-11
11240.00 8.742738e-11
11250.00 8.554593e-11
11260.00 8.478926e-11
11270.00 8.452423e-11
11280.00 8.318170e-11
11290.00 8.294475e-11
11300.00 8.273189e-11
11310.00 8.060036e-11
11320.00 7.831051e-11
11330.00 7.721485e-11
11340.00 7.579195e-11
11350.00 7.454810e-11
11360.00 7.424850e-11
11370.00 7.349847e-11
11380.00 7.205244e-11
11390.00 7.111126e-11
11400.00 7.029803e-11
11410.00 6.841185e-11
11420.00 6.668578e-11
11430.00 6.620299e-11
11440.00 6.545930e-11
11450.00 6.483136e-11
11460.00 6.524600e-11
11470.00 6.471531e-11
11480.00 6.268515e-11
11490.00 6.116151e-11
11500.00 6.085913e-11
11510.00 6.146845e-11
11520.00 6.120035e-11
11530.00 5.924019e-11
11540.00 5.736549e-11
11550.00 5.624657e-11
11560.00 5.528632e-11
11570.00 5.535209e-11
11580.00 5.666400e-11
11590.00 5.629583e-11
11600.00 5.529200e-11
11610.00 5.415116e-11
11620.00 5.306077e-11
11630.00 5.285576e-11
11640.00 5.307497e-11
11650.00 5.361940e-11
11660.00 5.345172e-11
11670.00 5.448641e-11
11680.00 5.486802e-11
11690.00 5.402312e-11
11700.00 5.364878e-11
11710.00 5.340951e-11
11720.00 5.344531e-11
11730.00 5.352543e-11
11740.00 5.297115e-11
11750.00 5.232259e-11
11760.00 5.187986e-11
11770.00 5.205021e-11
11780.00 5.284356e-11
11790.00 5.320499e-11
11800.00 5.340649e-11
11810.00 5.384469e-11
11820.00 5.422196e-11
11830.00 5.435131e-11
11840.00 5.391329e-11
11850.00 5.311949e-11
11860.00 5.256735e-11
11870.00 5.253924e-11
11880.00 5.289452e-11
11890.00 5.321170e-11
11900.00 5.311798e-11
11910.00 5.277383e-11
11920.00 5.283886e-11
11930.00 5.315398e-11
11940.00 5.300555e-11
11950.00 5.298377e-11
11960.00 5.321993e-11
11970.00 5.260478e-11
11980.00 5.200046e-11
11990.00 5.211264e-11
12000.00 5.130657e-11
12010.00 5.030501e-11
12020.00 5.001969e-11
12030.00 4.960807e-11
12040.00 4.883863e-11
12050.00 4.831787e-11
12060.00 4.742414e-11
12070.00 4.633131e-11
12080.00 4.606876e-11
12090.00 4.567454e-11
12100.00 4.486924e-11
12110.00 4.365649e-11
12120.00 4.263039e-11
12130.00 4.257886e-11
12140.00 4.418966e-11
12150.00 4.442859e-11
12160.00 4.307714e-11
12170.00 4.178047e-11
12180.00 4.105851e-11
12190.00 4.202563e-11
12200.00 4.340279e-11
12210.00 4.382546e-11
12220.00 4.246752e-11
12230.00 4.090961e-11
12240.00 3.988997e-11
12250.00 3.981779e-11
12260.00 3.969354e-11
12270.00 3.979174e-11
12280.00 4.080794e-11
12290.00 4.078241e-11
12300.00 4.019139e-11
12310.00 4.051777e-11
12320.00 4.098324e-11
12330.00 4.071255e-11
12340.00 4.021226e-11
12350.00 4.003410e-11
12360.00 4.021923e-11
12370.00 4.032158e-11
12380.00 3.993228e-11
12390.00 3.929863e-11
12400.00 3.847946e-11
12410.00 3.800609e-11
12420.00 3.888299e-11
12430.00 3.988343e-11
12440.00 3.936337e-11
12450.00 3.829731e-11
12460.00 3.771960e-11
12470.00 3.749992e-11
12480.00 3.761025e-11
12490.00 3.771280e-11
12500.00 3.769115e-11
12510.00 3.797013e-11
12520.00 3.814403e-11
12530.00 3.707028e-11
12540.00 3.610258e-11
12550.00 3.597161e-11
12560.00 3.703291e-11
12570.00 3.790755e-11
12580.00 3.654055e-11
12590.00 3.623239e-11
12600.00 3.669878e-11
12610.00 3.741094e-11
12620.00 3.796452e-11
12630.00 3.762810e-11
12640.00 3.806909e-11
12650.00 3.788919e-11
12660.00 3.691790e-11
12670.00 3.670850e-11
12680.00 3.697602e-11
12690.00 3.716823e-11
12700.00 3.692379e-11
12710.00 3.642364e-11
12720.00 3.668757e-11
12730.00 3.707522e-11
12740.00 3.688085e-11
12750.00 3.732333e-11
12760.00 3.806663e-11
12770.00 3.796830e-11
12780.00 3.706139e-11
12790.00 3.597421e-11
12800.00 3.532151e-11
12810.00 3.510736e-11
12820.00 3.508496e-11
12830.00 3.530707e-11
12840.00 3.506923e-11
12850.00 3.433556e-11
12860.00 3.436311e-11
12870.00 3.505295e-11
12880.00 3.533194e-11
12890.00 3.527235e-11
12900.00 3.531153e-11
12910.00 3.503667e-11
12920.00 3.445340e-11
12930.00 3.410719e-11
12940.00 3.363387e-11
12950.00 3.302687e-11
12960.00 3.274179e-11
12970.00 3.215559e-11
12980.00 3.152955e-11
12990.00 3.182423e-11
13000.00 3.230877e-11
13010.00 3.197412e-11
13020.00 3.123670e-11
13030.00 3.053495e-11
13040.00 3.036892e-11
13050.00 3.109611e-11
13060.00 3.196038e-11
13070.00 3.155578e-11
13080.00 3.038177e-11
13090.00 2.992964e-11
13100.00 2.989366e-11
13110.00 2.992357e-11
13120.00 2.966142e-11
13130.00 2.925719e-11
13140.00 2.905107e-11
13150.00 2.864875e-11
13160.00 2.821765e-11
13170.00 2.735691e-11
13180.00 2.732773e-11
13190.00 2.756270e-11
13200.00 2.711440e-11
13210.00 2.691080e-11
13220.00 2.704692e-11
13230.00 2.711038e-11
13240.00 2.778322e-11
13250.00 2.808297e-11
13260.00 2.799252e-11
13270.00 2.815869e-11
13280.00 2.776560e-11
13290.00 2.710339e-11
13300.00 2.623919e-11
13310.00 2.565717e-11
13320.00 2.607400e-11
13330.00 2.658118e-11
13340.00 2.646790e-11
13350.00 2.626155e-11
13360.00 2.617252e-11
13370.00 2.618726e-11
13380.00 2.547072e-11
13390.00 2.391807e-11
13400.00 2.287704e-11
13410.00 2.253809e-11
13420.00 2.229179e-11
13430.00 2.210007e-11
13440.00 2.193715e-11
13450.00 2.179320e-11
13460.00 2.166536e-11
13470.00 2.154926e-11
13480.00 2.144243e-11
13490.00 2.134249e-11
13500.00 2.124771e-11
13510.00 2.115803e-11
13520.00 2.107051e-11
13530.00 2.098515e-11
13540.00 2.090129e-11
13550.00 2.081757e-11
13560.00 2.073292e-11
13570.00 2.064781e-11
13580.00 2.056276e-11
13590.00 2.047748e-11
13600.00 2.039207e-11
13610.00 2.030672e-11
13620.00 2.022045e-11
13630.00 2.013294e-11
13640.00 2.004540e-11
13650.00 1.995725e-11
13660.00 1.986715e-11
13670.00 1.977706e-11
13680.00 1.968944e-11
13690.00 1.961719e-11
13700.00 1.954680e-11
13710.00 1.947641e-11
13720.00 1.938862e-11
13730.00 1.929798e-11
13740.00 1.920682e-11
13750.00 1.910720e-11
13760.00 1.900392e-11
13770.00 1.889912e-11
13780.00 1.878505e-11
13790.00 1.866373e-11
13800.00 1.853961e-11
13810.00 1.840708e-11
13820.00 1.826458e-11
13830.00 1.811672e-11
13840.00 1.795442e-11
13850.00 1.776870e-11
13860.00 1.757345e-11
13870.00 1.737854e-11
13880.00 1.718381e-11
13890.00 1.699017e-11
13900.00 1.679969e-11
13910.00 1.661293e-11
13920.00 1.643002e-11
13930.00 1.625289e-11
13940.00 1.608068e-11
13950.00 1.591028e-11
13960.00 1.574108e-11
13970.00 1.557384e-11
13980.00 1.541043e-11
13990.00 1.525413e-11
14000.00 1.510966e-11
14010.00 1.497943e-11
14020.00 1.488098e-11
14030.00 1.480295e-11
14040.00 1.464647e-11
14050.00 1.456601e-11
14060.00 1.465264e-11
14070.00 1.464994e-11
14080.00 1.449759e-11
14090.00 1.438565e-11
14100.00 1.428845e-11
14110.00 1.442559e-11
14120.00 1.486010e-11
14130.00 1.563340e-11
14140.00 1.505902e-11
14150.00 1.347071e-11
14160.00 1.316545e-11
14170.00 1.290097e-11
14180.00 1.235791e-11
14190.00 1.249664e-11
14200.00 1.160108e-11
14210.00 1.140090e-11
14220.00 1.244241e-11
14230.00 1.313532e-11
14240.00 1.296570e-11
14250.00 1.248290e-11
14260.00 1.275754e-11
14270.00 1.321822e-11
14280.00 1.371548e-11
14290.00 1.438962e-11
14300.00 1.451561e-11
14310.00 1.423401e-11
14320.00 1.436589e-11
14330.00 1.468725e-11
14340.00 1.540729e-11
14350.00 1.601449e-11
14360.00 1.598963e-11
14370.00 1.581574e-11
14380.00 1.562725e-11
14390.00 1.519440e-11
14400.00 1.484391e-11
14410.00 1.511589e-11
14420.00 1.580813e-11
14430.00 1.631174e-11
14440.00 1.630170e-11
14450.00 1.592177e-11
14460.00 1.570967e-11
14470.00 1.587144e-11
14480.00 1.602636e-11
14490.00 1.569309e-11
14500.00 1.518403e-11
14510.00 1.509719e-11
14520.00 1.518298e-11
14530.00 1.439424e-11
14540.00 1.369378e-11
14550.00 1.412714e-11
14560.00 1.417966e-11
14570.00 1.435456e-11
14580.00 1.513057e-11
14590.00 1.491767e-11
14600.00 1.387201e-11
14610.00 1.316902e-11
14620.00 1.345208e-11
14630.00 1.404632e-11
14640.00 1.380308e-11
14650.00 1.390105e-11
14660.00 1.447243e-11
14670.00 1.482684e-11
14680.00 1.476336e-11
14690.00 1.419900e-11
14700.00 1.426678e-11
14710.00 1.534552e-11
14720.00 1.506767e-11
14730.00 1.423102e-11
14740.00 1.441899e-11
14750.00 1.424589e-11
14760.00 1.391293e-11
14770.00 1.423554e-11
14780.00 1.457155e-11
14790.00 1.461719e-11
14800.00 1.435903e-11
14810.00 1.394402e-11
14820.00 1.396984e-11
14830.00 1.458942e-11
14840.00 1.493077e-11
14850.00 1.472432e-11
14860.00 1.461220e-11
14870.00 1.455397e-11
14880.00 1.460176e-11
14890.00 1.485110e-11
14900.00 1.496070e-11
14910.00 1.486981e-11
14920.00 1.472324e-11
14930.00 1.463551e-11
14940.00 1.458949e-11
14950.00 1.451915e-11
14960.00 1.457738e-11
14970.00 1.465216e-11
14980.00 1.454625e-11
14990.00 1.437883e-11
15000.00 1.432739e-11
15010.00 1.446442e-11
15020.00 1.420666e-11
15030.00 1.353401e-11
15040.00 1.335750e-11
15050.00 1.373493e-11
15060.00 1.392935e-11
15070.00 1.359376e-11
15080.00 1.333918e-11
15090.00 1.339921e-11
15100.00 1.315804e-11
15110.00 1.307088e-11
15120.00 1.332749e-11
15130.00 1.318625e-11
15140.00 1.318444e-11
15150.00 1.260958e-11
15160.00 1.230087e-11
15170.00 1.241324e-11
15180.00 1.217438e-11
15190.00 1.209694e-11
15200.00 1.239852e-11
15210.00 1.236199e-11
15220.00 1.160228e-11
15230.00 1.153856e-11
15240.00 1.166223e-11
15250.00 1.189619e-11
15260.00 1.212305e-11
15270.00 1.201375e-11
15280.00 1.140973e-11
15290.00 1.119119e-11
15300.00 1.142889e-11
15310.00 1.183577e-11
15320.00 1.199355e-11
15330.00 1.132292e-11
15340.00 1.103760e-11
15350.00 1.176132e-11
15360.00 1.255792e-11
15370.00 1.259765e-11
15380.00 1.181805e-11
15390.00 1.099642e-11
15400.00 1.079881e-11
15410.00 1.097355e-11
15420.00 1.100932e-11
15430.00 1.080933e-11
15440.00 1.066524e-11
15450.00 1.073327e-11
15460.00 1.068255e-11
15470.00 1.043601e-11
15480.00 1.032580e-11
15490.00 1.017662e-11
15500.00 9.959699e-12
15510.00 1.016950e-11
15520.00 1.038192e-11
15530.00 9.984414e-12
15540.00 9.469709e-12
15550.00 9.469814e-12
15560.00 9.668476e-12
15570.00 9.756560e-12
15580.00 9.772518e-12
15590.00 9.753732e-12
15600.00 9.674140e-12
15610.00 9.607083e-12
15620.00 9.481798e-12
15630.00 9.515200e-12
15640.00 1.012113e-11
15650.00 1.033391e-11
15660.00 9.790891e-12
15670.00 9.294120e-12
15680.00 9.598186e-12
15690.00 1.034873e-11
15700.00 1.060127e-11
15710.00 1.054414e-11
15720.00 1.047831e-11
15730.00 1.006652e-11
15740.00 9.865085e-12
15750.00 9.749877e-12
15760.00 9.603480e-12
15770.00 9.449310e-12
15780.00 9.393623e-12
15790.00 9.598032e-12
15800.00 9.716530e-12
15810.00 9.654146e-12
15820.00 9.593661e-12
15830.00 9.426194e-12
15840.00 8.941624e-12
15850.00 8.863212e-12
15860.00 9.272429e-12
15870.00 9.454582e-12
15880.00 9.294072e-12
15890.00 9.080332e-12
15900.00 9.119000e-12
15910.00 9.301160e-12
15920.00 9.434358e-12
15930.00 9.565978e-12
15940.00 9.499801e-12
15950.00 9.213230e-12
15960.00 9.092937e-12
15970.00 9.047174e-12
15980.00 8.853623e-12
15990.00 8.815186e-12
16000.00 8.938628e-12
16010.00 8.978448e-12
16020.00 9.017661e-12
16030.00 9.141487e-12
16040.00 9.289930e-12
16050.00 9.219696e-12
16060.00 8.963357e-12
16070.00 8.773312e-12
16080.00 8.674054e-12
16090.00 8.700711e-12
16100.00 8.724113e-12
16110.00 8.630742e-12
16120.00 8.914688e-12
16130.00 9.205450e-12
16140.00 8.789758e-12
16150.00 8.493724e-12
16160.00 8.976514e-12
16170.00 9.243895e-12
16180.00 8.991815e-12
16190.00 8.540696e-12
16200.00 8.442304e-12
16210.00 8.492600e-12
16220.00 8.348549e-12
16230.00 8.494876e-12
16240.00 8.355358e-12
16250.00 7.741773e-12
16260.00 7.569048e-12
16270.00 7.863993e-12
16280.00 8.046746e-12
16290.00 8.203577e-12
16300.00 8.033680e-12
16310.00 7.763101e-12
16320.00 7.997142e-12
16330.00 8.092496e-12
16340.00 7.944192e-12
16350.00 7.872994e-12
16360.00 7.650790e-12
16370.00 7.483052e-12
16380.00 7.536811e-12
16390.00 7.559641e-12
16400.00 7.520114e-12
16410.00 7.478149e-12
16420.00 7.497047e-12
16430.00 7.583825e-12
16440.00 7.553886e-12
16450.00 7.376049e-12
16460.00 7.221006e-12
16470.00 7.198163e-12
16480.00 7.240358e-12
16490.00 7.250917e-12
16500.00 7.328204e-12
16510.00 7.357920e-12
16520.00 7.073953e-12
16530.00 6.705438e-12
16540.00 6.749316e-12
16550.00 7.000779e-12
16560.00 6.933925e-12
16570.00 6.911035e-12
16580.00 7.105470e-12
16590.00 7.123746e-12
16600.00 6.968709e-12
16610.00 6.935063e-12
16620.00 6.991581e-12
16630.00 6.838460e-12
16640.00 6.482145e-12
16650.00 6.374065e-12
16660.00 6.678515e-12
16670.00 6.759608e-12
16680.00 6.789346e-12
16690.00 7.000311e-12
16700.00 6.579178e-12
16710.00 6.960092e-12
16720.00 7.720054e-12
16730.00 7.443643e-12
16740.00 7.226069e-12
16750.00 7.366859e-12
16760.00 7.473002e-12
16770.00 7.653779e-12
16780.00 7.822091e-12
16790.00 7.910399e-12
16800.00 8.081050e-12
16810.00 8.091623e-12
16820.00 7.842162e-12
16830.00 7.581925e-12
16840.00 7.482849e-12
16850.00 7.484120e-12
16860.00 7.443329e-12
16870.00 7.472178e-12
16880.00 7.723127e-12
16890.00 7.834689e-12
16900.00 7.658256e-12
16910.00 7.626502e-12
16920.00 7.620817e-12
16930.00 7.361789e-12
16940.00 7.167351e-12
16950.00 7.167652e-12
16960.00 7.175131e-12
16970.00 7.114590e-12
16980.00 6.973989e-12
16990.00 6.867752e-12
17000.00 6.854725e-12
17010.00 6.805818e-12
17020.00 6.706944e-12
17030.00 6.667075e-12
17040.00 6.663594e-12
17050.00 6.704878e-12
17060.00 6.789258e-12
17070.00 6.813643e-12
17080.00 6.777775e-12
17090.00 6.641154e-12
17100.00 6.600029e-12
17110.00 6.574824e-12
17120.00 6.350666e-12
17130.00 6.250231e-12
17140.00 6.251429e-12
17150.00 6.220221e-12
17160.00 6.196323e-12
17170.00 6.071906e-12
17180.00 6.150623e-12
17190.00 6.316700e-12
17200.00 6.311982e-12
17210.00 6.118871e-12
17220.00 5.895592e-12
17230.00 6.238947e-12
17240.00 6.144879e-12
17250.00 5.868003e-12
17260.00 6.038450e-12
17270.00 5.897709e-12
17280.00 5.901621e-12
17290.00 5.862125e-12
17300.00 5.821230e-12
17310.00 5.748163e-12
17320.00 5.785656e-12
17330.00 5.803450e-12
17340.00 5.538366e-12
17350.00 5.412653e-12
17360.00 5.438305e-12
17370.00 5.440171e-12
17380.00 5.461743e-12
17390.00 5.555598e-12
17400.00 5.671128e-12
17410.00 5.700305e-12
17420.00 5.569680e-12
17430.00 5.426373e-12
17440.00 5.525785e-12
17450.00 5.801938e-12
17460.00 5.837069e-12
17470.00 5.469310e-12
17480.00 5.144581e-12
17490.00 5.101226e-12
17500.00 5.027746e-12
17510.00 4.953644e-12
17520.00 5.009280e-12
17530.00 5.027752e-12
17540.00 5.015446e-12
17550.00 4.991340e-12
17560.00 4.872831e-12
17570.00 4.828994e-12
17580.00 4.987911e-12
17590.00 5.110113e-12
17600.00 5.066171e-12
17610.00 4.932566e-12
17620.00 4.832973e-12
17630.00 4.802488e-12
17640.00 4.773332e-12
17650.00 4.796024e-12
17660.00 4.656555e-12
17670.00 4.342810e-12
17680.00 4.257691e-12
17690.00 4.488955e-12
17700.00 4.791670e-12
17710.00 4.840073e-12
17720.00 4.714208e-12
17730.00 4.728182e-12
17740.00 4.766653e-12
17750.00 4.703123e-12
17760.00 4.629261e-12
17770.00 4.461054e-12
17780.00 4.534361e-12
17790.00 4.763413e-12
17800.00 4.476663e-12
17810.00 4.020709e-12
17820.00 3.979166e-12
17830.00 4.090629e-12
17840.00 4.186580e-12
17850.00 4.147291e-12
17860.00 3.999379e-12
17870.00 4.012133e-12
17880.00 4.170538e-12
17890.00 4.272941e-12
17900.00 4.497826e-12
17910.00 5.080784e-12
17920.00 5.139562e-12
17930.00 4.417156e-12
17940.00 3.855630e-12
17950.00 3.679853e-12
17960.00 3.712824e-12
17970.00 3.902206e-12
17980.00 3.998416e-12
17990.00 3.986288e-12
18000.00 3.966863e-12
18010.00 3.944425e-12
18020.00 3.920296e-12
18030.00 3.895030e-12
18040.00 3.868969e-12
18050.00 3.843117e-12
18060.00 3.817974e-12
18070.00 3.793471e-12
18080.00 3.769189e-12
18090.00 3.745050e-12
18100.00 3.721278e-12
18110.00 3.697990e-12
18120.00 3.674926e-12
18130.00 3.651950e-12
18140.00 3.629096e-12
18150.00 3.606664e-12
18160.00 3.585026e-12
18170.00 3.563660e-12
18180.00 3.542373e-12
18190.00 3.521165e-12
18200.00 3.500036e-12
18210.00 3.479309e-12
18220.00 3.458912e-12
18230.00 3.438621e-12
18240.00 3.418406e-12
18250.00 3.398267e-12
18260.00 3.378202e-12
18270.00 3.357259e-12
18280.00 3.335824e-12
18290.00 3.314398e-12
18300.00 3.293055e-12
18310.00 3.271794e-12
18320.00 3.250574e-12
18330.00 3.229024e-12
18340.00 3.207278e-12
18350.00 3.185564e-12
18360.00 3.163936e-12
18370.00 3.142393e-12
18380.00 3.120856e-12
18390.00 3.099055e-12
18400.00 3.077059e-12
18410.00 3.055085e-12
18420.00 3.033201e-12
18430.00 3.011405e-12
18440.00 2.989602e-12
18450.00 2.967585e-12
18460.00 2.945388e-12
18470.00 2.923216e-12
18480.00 2.901134e-12
18490.00 2.879144e-12
18500.00 2.857154e-12
18510.00 2.834995e-12
18520.00 2.812687e-12
18530.00 2.790416e-12
18540.00 2.768237e-12
18550.00 2.746151e-12
18560.00 2.724115e-12
18570.00 2.702022e-12
18580.00 2.679896e-12
18590.00 2.657836e-12
18600.00 2.635871e-12
18610.00 2.613998e-12
18620.00 2.592200e-12
18630.00 2.570393e-12
18640.00 2.548605e-12
18650.00 2.526898e-12
18660.00 2.505285e-12
18670.00 2.483764e-12
18680.00 2.462330e-12
18690.00 2.440856e-12
18700.00 2.419399e-12
18710.00 2.398028e-12
18720.00 2.376750e-12
18730.00 2.355565e-12
18740.00 2.334472e-12
18750.00 2.313260e-12
18760.00 2.292045e-12
18770.00 2.270912e-12
18780.00 2.249873e-12
18790.00 2.228927e-12
18800.00 2.208064e-12
18810.00 2.187080e-12
18820.00 2.166085e-12
18830.00 2.145169e-12
18840.00 2.124347e-12
18850.00 2.103619e-12
18860.00 2.082930e-12
18870.00 2.062028e-12
18880.00 2.041025e-12
18890.00 2.020083e-12
18900.00 1.999238e-12
18910.00 1.978489e-12
18920.00 1.957716e-12
18930.00 1.936631e-12
18940.00 1.915326e-12
18950.00 1.894065e-12
18960.00 1.872904e-12
18970.00 1.851842e-12
18980.00 1.831285e-12
18990.00 1.811973e-12
19000.00 1.793726e-12
19010.00 1.775732e-12
19020.00 1.757820e-12
19030.00 1.739986e-12
19040.00 1.722222e-12
19050.00 1.704528e-12
19060.00 1.686914e-12
19070.00 1.669356e-12
19080.00 1.651762e-12
19090.00 1.634068e-12
19100.00 1.616379e-12
19110.00 1.598702e-12
19120.00 1.580774e-12
19130.00 1.562709e-12
19140.00 1.544265e-12
19150.00 1.522974e-12
19160.00 1.498536e-12
19170.00 1.466729e-12
19180.00 1.487508e-12
19190.00 1.890301e-12
19200.00 2.131471e-12
19210.00 2.018250e-12
19220.00 1.916435e-12
19230.00 1.897079e-12
19240.00 1.965109e-12
19250.00 2.039168e-12
19260.00 1.948384e-12
19270.00 1.827273e-12
19280.00 1.814528e-12
19290.00 1.831895e-12
19300.00 1.831032e-12
19310.00 1.831892e-12
19320.00 1.882401e-12
19330.00 1.789520e-12
19340.00 1.644101e-12
19350.00 1.701136e-12
19360.00 1.768354e-12
19370.00 1.760191e-12
19380.00 1.797389e-12
19390.00 1.819676e-12
19400.00 1.825097e-12
19410.00 1.846172e-12
19420.00 1.832854e-12
19430.00 1.812624e-12
19440.00 1.856211e-12
19450.00 1.953254e-12
19460.00 2.013837e-12
19470.00 2.058329e-12
19480.00 2.120173e-12
19490.00 2.085768e-12
19500.00 1.985884e-12
19510.00 1.964089e-12
19520.00 1.988168e-12
19530.00 1.987451e-12
19540.00 1.973365e-12
19550.00 1.994312e-12
19560.00 2.005363e-12
19570.00 1.941314e-12
19580.00 1.891497e-12
19590.00 1.916571e-12
19600.00 1.933986e-12
19610.00 1.996337e-12
19620.00 2.045104e-12
19630.00 1.930553e-12
19640.00 1.822693e-12
19650.00 1.800896e-12
19660.00 1.835302e-12
19670.00 1.826614e-12
19680.00 1.750393e-12
19690.00 1.699599e-12
19700.00 1.674151e-12
19710.00 1.651666e-12
19720.00 1.643841e-12
19730.00 1.628175e-12
19740.00 1.553059e-12
19750.00 1.559441e-12
19760.00 1.480075e-12
19770.00 1.513955e-12
19780.00 1.496330e-12
19790.00 1.414886e-12
19800.00 1.531705e-12
19810.00 1.601828e-12
19820.00 1.366171e-12
19830.00 1.177577e-12
19840.00 1.140230e-12
19850.00 9.579323e-13
19860.00 7.997107e-13
19870.00 6.957034e-13
19880.00 5.519710e-13
19890.00 4.398240e-13
19900.00 4.712483e-13
19910.00 5.746885e-13
19920.00 6.336936e-13
19930.00 6.332040e-13
19940.00 5.955683e-13
19950.00 4.897435e-13
19960.00 3.882286e-13
19970.00 4.361337e-13
19980.00 5.627416e-13
19990.00 6.037767e-13
20000.00 5.738895e-13
20010.00 5.760177e-13
20020.00 6.048072e-13
20030.00 5.942975e-13
20040.00 5.990880e-13
20050.00 6.364897e-13
20060.00 6.083976e-13
20070.00 5.694919e-13
20080.00 5.721508e-13
20090.00 5.772037e-13
20100.00 6.275126e-13
20110.00 7.132000e-13
20120.00 7.621110e-13
20130.00 8.064261e-13
20140.00 8.349534e-13
20150.00 8.346461e-13
20160.00 9.277290e-13
20170.00 1.237810e-12
20180.00 1.388363e-12
20190.00 1.178156e-12
20200.00 1.049619e-12
20210.00 1.104654e-12
20220.00 1.154187e-12
20230.00 1.192284e-12
20240.00 1.254298e-12
20250.00 1.262207e-12
20260.00 1.332740e-12
20270.00 1.425345e-12
20280.00 1.409973e-12
20290.00 1.411074e-12
20300.00 1.426422e-12
20310.00 1.440051e-12
20320.00 1.482555e-12
20330.00 1.485754e-12
20340.00 1.452805e-12
20350.00 1.465105e-12
20360.00 1.475810e-12
20370.00 1.460937e-12
20380.00 1.461277e-12
20390.00 1.483358e-12
20400.00 1.505693e-12
20410.00 1.531743e-12
20420.00 1.578212e-12
20430.00 1.632931e-12
20440.00 1.661794e-12
20450.00 1.656914e-12
20460.00 1.653585e-12
20470.00 1.644181e-12
20480.00 1.610109e-12
20490.00 1.601079e-12
20500.00 1.638752e-12
20510.00 1.666990e-12
20520.00 1.647776e-12
20530.00 1.614518e-12
20540.00 1.614260e-12
20550.00 1.630315e-12
20560.00 1.630896e-12
20570.00 1.638732e-12
20580.00 1.666698e-12
20590.00 1.660577e-12
20600.00 1.603959e-12
20610.00 1.595279e-12
20620.00 1.624039e-12
20630.00 1.592685e-12
20640.00 1.551047e-12
20650.00 1.533719e-12
20660.00 1.522477e-12
20670.00 1.517826e-12
20680.00 1.527806e-12
20690.00 1.529541e-12
20700.00 1.499345e-12
20710.00 1.466591e-12
20720.00 1.432216e-12
20730.00 1.413256e-12
20740.00 1.380313e-12
20750.00 1.352602e-12
20760.00 1.403039e-12
20770.00 1.429658e-12
20780.00 1.457852e-12
20790.00 1.506257e-12
20800.00 1.447085e-12
20810.00 1.387863e-12
20820.00 1.418807e-12
20830.00 1.433715e-12
20840.00 1.415044e-12
20850.00 1.431918e-12
20860.00 1.424390e-12
20870.00 1.327246e-12
20880.00 1.281629e-12
20890.00 1.311373e-12
20900.00 1.320421e-12
20910.00 1.333094e-12
20920.00 1.362381e-12
20930.00 1.340373e-12
20940.00 1.284942e-12
20950.00 1.267764e-12
20960.00 1.282007e-12
20970.00 1.282690e-12
20980.00 1.264769e-12
20990.00 1.249084e-12
21000.00 1.232410e-12
21010.00 1.211702e-12
21020.00 1.189545e-12
21030.00 1.171395e-12
21040.00 1.193042e-12
21050.00 1.224811e-12
21060.00 1.217447e-12
21070.00 1.201120e-12
21080.00 1.168169e-12
21090.00 1.141202e-12
21100.00 1.169334e-12
21110.00 1.180342e-12
21120.00 1.158387e-12
21130.00 1.157752e-12
21140.00 1.162918e-12
21150.00 1.139007e-12
21160.00 1.098777e-12
21170.00 1.089561e-12
21180.00 1.118220e-12
21190.00 1.128739e-12
21200.00 1.118827e-12
21210.00 1.101996e-12
21220.00 1.076156e-12
21230.00 1.055668e-12
21240.00 1.070386e-12
21250.00 1.102947e-12
21260.00 1.104114e-12
21270.00 1.024207e-12
21280.00 9.798469e-13
21290.00 1.022862e-12
21300.00 1.010732e-12
21310.00 9.819601e-13
21320.00 1.000185e-12
21330.00 1.037107e-12
21340.00 1.034928e-12
21350.00 9.926170e-13
21360.00 9.515486e-13
21370.00 9.272918e-13
21380.00 9.084208e-13
21390.00 9.002933e-13
21400.00 9.121346e-13
21410.00 9.131089e-13
21420.00 9.101129e-13
21430.00 9.091073e-13
21440.00 9.052984e-13
21450.00 9.136710e-13
21460.00 9.024617e-13
21470.00 8.548587e-13
21480.00 8.392546e-13
21490.00 8.698308e-13
21500.00 8.680109e-13
21510.00 8.142135e-13
21520.00 7.775895e-13
21530.00 7.928786e-13
21540.00 8.220302e-13
21550.00 8.376630e-13
21560.00 8.367705e-13
21570.00 8.108286e-13
21580.00 7.848740e-13
21590.00 7.910119e-13
21600.00 8.144726e-13
21610.00 8.186425e-13
21620.00 7.864251e-13
21630.00 7.476243e-13
21640.00 7.333198e-13
21650.00 7.344874e-13
21660.00 7.382306e-13
21670.00 7.357906e-13
21680.00 7.411449e-13
21690.00 7.486467e-13
21700.00 7.564208e-13
21710.00 7.404821e-13
21720.00 6.922083e-13
21730.00 6.749617e-13
21740.00 6.512060e-13
21750.00 6.186399e-13
21760.00 6.337110e-13
21770.00 6.725150e-13
21780.00 6.757989e-13
21790.00 6.827919e-13
21800.00 6.972043e-13
21810.00 6.670509e-13
21820.00 6.093780e-13
21830.00 5.860450e-13
21840.00 6.277975e-13
21850.00 6.724231e-13
21860.00 6.706763e-13
21870.00 6.159936e-13
21880.00 5.636514e-13
21890.00 5.478236e-13
21900.00 5.513740e-13
21910.00 5.719551e-13
21920.00 5.874049e-13
21930.00 6.003795e-13
21940.00 5.971226e-13
21950.00 5.711809e-13
21960.00 5.660442e-13
21970.00 5.707692e-13
21980.00 5.507272e-13
21990.00 5.212636e-13
22000.00 5.103597e-13
22010.00 5.135268e-13
22020.00 5.173390e-13
22030.00 5.277376e-13
22040.00 5.330711e-13
22050.00 5.268964e-13
22060.00 5.361746e-13
22070.00 5.513476e-13
22080.00 5.332831e-13
22090.00 5.018677e-13
22100.00 5.243063e-13
22110.00 5.461527e-13
22120.00 5.135586e-13
22130.00 4.898080e-13
22140.00 4.939704e-13
22150.00 4.919091e-13
22160.00 4.604391e-13
22170.00 4.385146e-13
22180.00 4.664140e-13
22190.00 4.886549e-13
22200.00 4.813862e-13
22210.00 5.146625e-13
22220.00 5.397642e-13
22230.00 5.013509e-13
22240.00 4.544794e-13
22250.00 4.137964e-13
22260.00 4.036851e-13
22270.00 4.538270e-13
22280.00 4.514873e-13
22290.00 4.350651e-13
22300.00 4.656872e-13
22310.00 4.553929e-13
22320.00 4.424992e-13
22330.00 4.626476e-13
22340.00 4.647501e-13
22350.00 4.393684e-13
22360.00 4.423712e-13
22370.00 4.527005e-13
22380.00 4.499111e-13
22390.00 4.548621e-13
22400.00 4.625174e-13
22410.00 4.341189e-13
22420.00 4.092674e-13
22430.00 4.194760e-13
22440.00 4.230106e-13
22450.00 4.215877e-13
22460.00 4.142541e-13
22470.00 4.002220e-13
22480.00 3.901050e-13
22490.00 3.658972e-13
22500.00 3.432818e-13
22510.00 3.503411e-13
22520.00 3.704876e-13
22530.00 3.799639e-13
22540.00 3.678960e-13
22550.00 3.487976e-13
22560.00 3.485420e-13
22570.00 3.692872e-13
22580.00 3.925219e-13
22590.00 3.975968e-13
22600.00 3.788537e-13
22610.00 3.492513e-13
22620.00 3.333075e-13
22630.00 3.340108e-13
22640.00 3.377077e-13
22650.00 3.558680e-13
22660.00 3.740519e-13
22670.00 3.633532e-13
22680.00 3.269846e-13
22690.00 2.996764e-13
22700.00 3.097069e-13
22710.00 3.264748e-13
22720.00 3.322749e-13
22730.00 3.388570e-13
22740.00 3.492544e-13
22750.00 3.441426e-13
22760.00 3.365445e-13
22770.00 3.529750e-13
22780.00 3.394499e-13
22790.00 2.997313e-13
22800.00 3.013403e-13
22810.00 3.199026e-13
22820.00 3.266403e-13
22830.00 3.141301e-13
22840.00 2.891435e-13
22850.00 3.041793e-13
22860.00 3.124338e-13
22870.00 3.062777e-13
22880.00 3.009133e-13
22890.00 2.901579e-13
22900.00 2.913908e-13
22910.00 2.970031e-13
22920.00 3.101931e-13
22930.00 3.218539e-13
22940.00 3.102765e-13
22950.00 2.845002e-13
22960.00 2.738866e-13
22970.00 2.725304e-13
22980.00 2.507964e-13
22990.00 2.353160e-13
23000.00 2.592798e-13
23010.00 2.872201e-13
23020.00 2.931319e-13
23030.00 2.846643e-13
23040.00 2.641299e-13
23050.00 2.563205e-13
23060.00 2.674545e-13
23070.00 2.724446e-13
23080.00 2.821400e-13
23090.00 2.880559e-13
23100.00 2.655081e-13
23110.00 2.353722e-13
23120.00 2.198447e-13
23130.00 2.276912e-13
23140.00 2.419602e-13
23150.00 2.357221e-13
23160.00 2.247989e-13
23170.00 2.329171e-13
23180.00 2.415881e-13
23190.00 2.314765e-13
23200.00 2.277437e-13
23210.00 2.286010e-13
23220.00 2.235350e-13
23230.00 2.096249e-13
23240.00 2.026161e-13
23250.00 2.107422e-13
23260.00 1.919685e-13
23270.00 1.886650e-13
23280.00 1.956344e-13
23290.00 1.918766e-13
23300.00 1.972116e-13
23310.00 2.039887e-13
23320.00 2.041327e-13
23330.00 1.945608e-13
23340.00 2.010834e-13
23350.00 2.227791e-13
23360.00 2.313442e-13
23370.00 2.207554e-13
23380.00 1.950630e-13
23390.00 2.047491e-13
23400.00 2.210665e-13
23410.00 1.997329e-13
23420.00 1.763658e-13
23430.00 1.708416e-13
23440.00 1.559245e-13
23450.00 1.368945e-13
23460.00 1.463051e-13
23470.00 1.635093e-13
23480.00 1.703603e-13
23490.00 1.890468e-13
23500.00 2.075433e-13
23510.00 2.113403e-13
23520.00 2.155589e-13
23530.00 2.136861e-13
23540.00 2.013111e-13
23550.00 1.905921e-13
23560.00 1.765724e-13
23570.00 1.628022e-13
23580.00 1.660642e-13
23590.00 1.763924e-13
23600.00 1.698695e-13
23610.00 1.600225e-13
23620.00 1.721240e-13
23630.00 1.857708e-13
23640.00 1.681007e-13
23650.00 1.460729e-13
23660.00 1.549864e-13
23670.00 1.579579e-13
23680.00 1.355248e-13
23690.00 1.287419e-13
23700.00 1.558027e-13
23710.00 1.716468e-13
23720.00 1.542078e-13
23730.00 1.258097e-13
23740.00 1.118255e-13
23750.00 1.101532e-13
23760.00 1.267430e-13
23770.00 1.416549e-13
23780.00 1.362860e-13
23790.00 1.343637e-13
23800.00 1.449799e-13
23810.00 1.534228e-13
23820.00 1.326423e-13
23830.00 1.203142e-13
23840.00 1.303354e-13
23850.00 1.323867e-13
23860.00 1.193390e-13
23870.00 1.181824e-13
23880.00 1.182083e-13
23890.00 1.208904e-13
23900.00 1.235935e-13
23910.00 1.108947e-13
23920.00 1.036677e-13
23930.00 1.071644e-13
23940.00 1.109633e-13
23950.00 1.110217e-13
23960.00 1.102660e-13
23970.00 1.135242e-13
23980.00 1.125571e-13
23990.00 1.085162e-13
24000.00 1.074683e-13
24010.00 1.073301e-13
24020.00 1.071901e-13
24030.00 1.110284e-13
24040.00 1.200174e-13
24050.00 1.213122e-13
24060.00 1.087931e-13
24070.00 8.976961e-14
24080.00 7.561477e-14
24090.00 9.034498e-14
24100.00 1.159372e-13
24110.00 1.153866e-13
24120.00 9.928510e-14
24130.00 8.201461e-14
24140.00 7.304642e-14
24150.00 8.507768e-14
24160.00 9.987857e-14
24170.00 1.049103e-13
24180.00 9.418589e-14
24190.00 7.078297e-14
24200.00 6.004117e-14
24210.00 6.859015e-14
24220.00 9.512602e-14
24230.00 1.019312e-13
24240.00 8.819732e-14
24250.00 1.039221e-13
24260.00 1.147548e-13
24270.00 1.052725e-13
24280.00 1.021632e-13
24290.00 7.524269e-14
24300.00 6.082593e-14
24310.00 7.913059e-14
24320.00 8.182430e-14
24330.00 7.110700e-14
24340.00 7.004822e-14
24350.00 6.692527e-14
24360.00 8.332613e-14
24370.00 1.029013e-13
24380.00 9.224620e-14
24390.00 7.389283e-14
24400.00 7.132154e-14
24410.00 7.166416e-14
24420.00 6.710321e-14
24430.00 6.425043e-14
24440.00 6.233615e-14
24450.00 6.156733e-14
24460.00 6.080142e-14
24470.00 6.003807e-14
24480.00 5.927731e-14
24490.00 5.851911e-14
24500.00 5.776348e-14
24510.00 5.701042e-14
24520.00 5.625992e-14
24530.00 5.551199e-14
24540.00 5.476662e-14
24550.00 5.402381e-14
24560.00 5.328356e-14
24570.00 5.254587e-14
24580.00 5.181074e-14
24590.00 5.107816e-14
24600.00 5.034814e-14
24610.00 4.962066e-14
24620.00 4.889574e-14
24630.00 4.817337e-14
24640.00 4.745354e-14
24650.00 4.673627e-14
24660.00 4.602154e-14
24670.00 4.530936e-14
24680.00 4.459972e-14
24690.00 4.389262e-14
24700.00 4.318806e-14
24710.00 4.248604e-14
24720.00 4.178657e-14
24730.00 4.108963e-14
24740.00 4.039521e-14
24750.00 3.970335e-14
24760.00 3.901400e-14
24770.00 3.832720e-14
24780.00 3.764292e-14
24790.00 3.696117e-14
24800.00 3.628195e-14
24810.00 3.560526e-14
24820.00 3.493110e-14
24830.00 3.425946e-14
24840.00 3.359034e-14
24850.00 3.292375e-14
24860.00 3.225968e-14
24870.00 3.159812e-14
24880.00 3.093909e-14
24890.00 3.028258e-14
24900.00 2.962858e-14
24910.00 2.897710e-14
24920.00 2.832814e-14
24930.00 2.768169e-14
24940.00 2.703774e-14
24950.00 2.639632e-14
24960.00 2.575740e-14
24970.00 2.512099e-14
24980.00 2.448710e-14
24990.00 2.385571e-14
25000.00 2.322683e-14
