1000.00 2.234689e-15
1010.00 2.442032e-15
1020.00 2.650608e-15
1030.00 2.861097e-15
1040.00 3.074135e-15
1050.00 3.290303e-15
1060.00 3.533780e-15
1070.00 3.929822e-15
1080.00 4.335297e-15
1090.00 4.750649e-15
1100.00 5.176317e-15
1110.00 5.612723e-15
1120.00 6.060264e-15
1130.00 6.523616e-15
1140.00 7.004173e-15
1150.00 7.503192e-15
1160.00 8.021940e-15
1170.00 8.561709e-15
1180.00 9.123798e-15
1190.00 9.709581e-15
1200.00 1.032043e-14
1210.00 1.095773e-14
1220.00 1.162290e-14
1230.00 1.231741e-14
1240.00 1.304233e-14
1250.00 1.380107e-14
1260.00 1.459650e-14
1270.00 1.543972e-14
1280.00 1.633340e-14
1290.00 1.728037e-14
1300.00 1.828355e-14
1310.00 1.934599e-14
1320.00 2.047089e-14
1330.00 2.166157e-14
1340.00 2.292152e-14
1350.00 2.425434e-14
1360.00 2.566386e-14
1370.00 2.715406e-14
1380.00 2.872914e-14
1390.00 3.039337e-14
1400.00 3.215124e-14
1410.00 3.400748e-14
1420.00 3.596701e-14
1430.00 3.803500e-14
1440.00 4.021682e-14
1450.00 4.251812e-14
1460.00 4.494483e-14
1470.00 4.750311e-14
1480.00 5.019947e-14
1490.00 5.304067e-14
1500.00 5.603388e-14
1510.00 5.918656e-14
1520.00 6.250657e-14
1530.00 6.600222e-14
1540.00 6.968223e-14
1550.00 7.355594e-14
1560.00 7.763296e-14
1570.00 8.192361e-14
1580.00 8.643850e-14
1590.00 9.118923e-14
1600.00 9.618788e-14
1610.00 1.014474e-13
1620.00 1.069814e-13
1630.00 1.128046e-13
1640.00 1.189326e-13
1650.00 1.253822e-13
1660.00 1.321712e-13
1670.00 1.393188e-13
1680.00 1.468458e-13
1690.00 1.547743e-13
1700.00 1.631283e-13
1710.00 1.719314e-13
1720.00 1.812126e-13
1730.00 1.910033e-13
1740.00 2.013382e-13
1750.00 2.122545e-13
1760.00 2.237935e-13
1770.00 2.360002e-13
1780.00 2.489245e-13
1790.00 2.626211e-13
1800.00 2.771505e-13
1810.00 2.925817e-13
1820.00 3.089868e-13
1830.00 3.264479e-13
1840.00 3.450559e-13
1850.00 3.649118e-13
1860.00 3.861279e-13
1870.00 4.088561e-13
1880.00 4.334157e-13
1890.00 4.601001e-13
1900.00 4.896289e-13
1910.00 5.202989e-13
1920.00 5.530378e-13
1930.00 5.884148e-13
1940.00 6.271690e-13
1950.00 6.702730e-13
1960.00 7.189440e-13
1970.00 7.720920e-13
1980.00 8.312060e-13
1990.00 8.929640e-13
2000.00 9.782427e-13
2010.00 1.061256e-12
2020.00 1.150044e-12
2030.00 1.238140e-12
2040.00 1.331396e-12
2050.00 1.443016e-12
2060.00 1.566599e-12
2070.00 1.681504e-12
2080.00 1.801019e-12
2090.00 1.931429e-12
2100.00 2.074579e-12
2110.00 2.222363e-12
2120.00 2.373394e-12
2130.00 2.548091e-12
2140.00 2.725611e-12
2150.00 2.878075e-12
2160.00 3.019440e-12
2170.00 3.157614e-12
2180.00 3.287254e-12
2190.00 3.409802e-12
2200.00 3.505379e-12
2210.00 3.595449e-12
2220.00 3.701726e-12
2230.00 3.791368e-12
2240.00 3.879721e-12
2250.00 3.957931e-12
2260.00 4.030420e-12
2270.00 4.103281e-12
2280.00 4.179813e-12
2290.00 4.242263e-12
2300.00 4.303819e-12
2310.00 4.314908e-12
2320.00 4.305180e-12
2330.00 4.330363e-12
2340.00 4.366331e-12
2350.00 4.389658e-12
2360.00 4.413107e-12
2370.00 4.417707e-12
2380.00 4.423233e-12
2390.00 4.402447e-12
2400.00 4.386142e-12
2410.00 4.360667e-12
2420.00 4.311685e-12
2430.00 4.275143e-12
2440.00 4.273384e-12
2450.00 4.270949e-12
2460.00 4.258984e-12
2470.00 4.247972e-12
2480.00 4.247937e-12
2490.00 4.264108e-12
2500.00 4.267473e-12
2510.00 4.274172e-12
2520.00 4.318067e-12
2530.00 4.272873e-12
2540.00 4.128789e-12
2550.00 4.082487e-12
2560.00 4.067579e-12
2570.00 4.063300e-12
2580.00 4.051176e-12
2590.00 4.087972e-12
2600.00 4.116552e-12
2610.00 4.195901e-12
2620.00 4.271730e-12
2630.00 4.409391e-12
2640.00 4.545038e-12
2650.00 4.692926e-12
2660.00 4.872155e-12
2670.00 5.054263e-12
2680.00 5.249027e-12
2690.00 5.432573e-12
2700.00 5.610461e-12
2710.00 5.817592e-12
2720.00 6.073816e-12
2730.00 6.366483e-12
2740.00 6.565885e-12
2750.00 6.737033e-12
2760.00 6.971457e-12
2770.00 7.264235e-12
2780.00 7.588231e-12
2790.00 7.880439e-12
2800.00 8.156975e-12
2810.00 8.454923e-12
2820.00 8.827651e-12
2830.00 9.284288e-12
2840.00 9.816661e-12
2850.00 1.042001e-11
2860.00 1.105887e-11
2870.00 1.168948e-11
2880.00 1.227270e-11
2890.00 1.281282e-11
2900.00 1.334647e-11
2910.00 1.385270e-11
2920.00 1.430166e-11
2930.00 1.469456e-11
2940.00 1.518151e-11
2950.00 1.579839e-11
2960.00 1.630498e-11
2970.00 1.674570e-11
2980.00 1.714407e-11
2990.00 1.753384e-11
3000.00 1.797213e-11
3010.00 1.839703e-11
3020.00 1.871228e-11
3030.00 1.893459e-11
3040.00 1.897493e-11
3050.00 1.890449e-11
3060.00 1.884166e-11
3070.00 1.882234e-11
3080.00 1.893700e-11
3090.00 1.912789e-11
3100.00 1.945253e-11
3110.00 1.986580e-11
3120.00 2.039613e-11
3130.00 2.099364e-11
3140.00 2.159415e-11
3150.00 2.213158e-11
3160.00 2.270112e-11
3170.00 2.320620e-11
3180.00 2.365078e-11
3190.00 2.417873e-11
3200.00 2.469668e-11
3210.00 2.524478e-11
3220.00 2.589658e-11
3230.00 2.653299e-11
3240.00 2.716103e-11
3250.00 2.794789e-11
3260.00 2.852821e-11
3270.00 2.910469e-11
3280.00 2.961157e-11
3290.00 3.019665e-11
3300.00 3.074629e-11
3310.00 3.151808e-11
3320.00 3.231434e-11
3330.00 3.340520e-11
3340.00 3.497488e-11
3350.00 3.674434e-11
3360.00 3.871617e-11
3370.00 4.087052e-11
3380.00 4.331461e-11
3390.00 4.566491e-11
3400.00 4.782445e-11
3410.00 5.010962e-11
3420.00 5.229750e-11
3430.00 5.464513e-11
3440.00 5.720680e-11
3450.00 5.975059e-11
3460.00 6.339444e-11
3470.00 6.288391e-11
3480.00 6.197438e-11
3490.00 6.177555e-11
3500.00 6.198523e-11
3510.00 6.257689e-11
3520.00 6.434915e-11
3530.00 6.480527e-11
3540.00 6.476990e-11
3550.00 6.578544e-11
3560.00 6.706723e-11
3570.00 7.044133e-11
3580.00 7.294837e-11
3590.00 7.416002e-11
3600.00 7.344749e-11
3610.00 7.244653e-11
3620.00 7.024893e-11
3630.00 6.873002e-11
3640.00 6.909838e-11
3650.00 7.065398e-11
3660.00 7.395030e-11
3670.00 7.694654e-11
3680.00 7.735948e-11
3690.00 7.425479e-11
3700.00 6.877559e-11
3710.00 6.411693e-11
3720.00 5.204346e-11
3730.00 5.349661e-11
3740.00 5.073663e-11
3750.00 4.810197e-11
3760.00 4.898190e-11
3770.00 4.638697e-11
3780.00 4.760020e-11
3790.00 4.861305e-11
3800.00 4.997935e-11
3810.00 5.006358e-11
3820.00 5.804935e-11
3830.00 6.856995e-11
3840.00 8.017506e-11
3850.00 8.761943e-11
3860.00 1.104254e-10
3870.00 1.394947e-10
3880.00 1.429913e-10
3890.00 1.656175e-10
3900.00 1.795265e-10
3910.00 1.928681e-10
3920.00 1.990305e-10
3930.00 2.041228e-10
3940.00 2.079879e-10
3950.00 2.111579e-10
3960.00 2.186299e-10
3970.00 2.194425e-10
3980.00 2.200403e-10
3990.00 2.248085e-10
4000.00 2.414645e-10
4010.00 2.489148e-10
4020.00 2.619630e-10
4030.00 2.643156e-10
4040.00 2.650479e-10
4050.00 2.625924e-10
4060.00 2.570430e-10
4070.00 2.508105e-10
4080.00 2.404428e-10
4090.00 2.295583e-10
4100.00 2.193431e-10
4110.00 2.112454e-10
4120.00 2.076224e-10
4130.00 2.075445e-10
4140.00 2.064013e-10
4150.00 2.047278e-10
4160.00 2.021616e-10
4170.00 2.019762e-10
4180.00 2.006866e-10
4190.00 2.015497e-10
4200.00 2.025025e-10
4210.00 2.062529e-10
4220.00 2.095171e-10
4230.00 2.149217e-10
4240.00 2.175826e-10
4250.00 2.196143e-10
4260.00 2.207828e-10
4270.00 2.210001e-10
4280.00 2.228447e-10
4290.00 2.245486e-10
4300.00 2.262495e-10
4310.00 2.256973e-10
4320.00 2.274241e-10
4330.00 2.239237e-10
4340.00 2.205802e-10
4350.00 2.178851e-10
4360.00 2.141558e-10
4370.00 2.128225e-10
4380.00 2.091083e-10
4390.00 2.049784e-10
4400.00 2.020897e-10
4410.00 2.000467e-10
4420.00 1.987412e-10
4430.00 1.998202e-10
4440.00 2.021557e-10
4450.00 2.070008e-10
4460.00 2.072536e-10
4470.00 2.223626e-10
4480.00 2.401868e-10
4490.00 2.579032e-10
4500.00 2.818524e-10
4510.00 3.008514e-10
4520.00 3.056576e-10
4530.00 3.202930e-10
4540.00 3.308264e-10
4550.00 3.479186e-10
4560.00 3.529790e-10
4570.00 3.653860e-10
4580.00 3.784504e-10
4590.00 3.842099e-10
4600.00 3.896240e-10
4610.00 3.901380e-10
4620.00 3.873234e-10
4630.00 3.834899e-10
4640.00 3.765932e-10
4650.00 3.661524e-10
4660.00 3.582205e-10
4670.00 3.445993e-10
4680.00 3.303528e-10
4690.00 3.184103e-10
4700.00 3.044943e-10
4710.00 2.937693e-10
4720.00 2.840957e-10
4730.00 2.758748e-10
4740.00 2.625720e-10
4750.00 2.529780e-10
4760.00 2.406186e-10
4770.00 2.324392e-10
4780.00 2.196322e-10
4790.00 2.150083e-10
4800.00 2.088944e-10
4810.00 2.111835e-10
4820.00 2.139997e-10
4830.00 2.193056e-10
4840.00 2.239711e-10
4850.00 2.222740e-10
4860.00 2.258660e-10
4870.00 2.285024e-10
4880.00 2.309696e-10
4890.00 2.276773e-10
4900.00 2.297119e-10
4910.00 2.381257e-10
4920.00 2.471469e-10
4930.00 2.601361e-10
4940.00 2.673066e-10
4950.00 2.759313e-10
4960.00 2.783603e-10
4970.00 2.771050e-10
4980.00 2.746242e-10
4990.00 2.618521e-10
5000.00 2.457708e-10
5010.00 2.331360e-10
5020.00 2.210788e-10
5030.00 2.125864e-10
5040.00 2.090484e-10
5050.00 2.031143e-10
5060.00 2.047794e-10
5070.00 2.116541e-10
5080.00 2.174189e-10
5090.00 2.270382e-10
5100.00 2.320432e-10
5110.00 2.370205e-10
5120.00 2.418526e-10
5130.00 2.462808e-10
5140.00 2.527617e-10
5150.00 2.583357e-10
5160.00 2.608698e-10
5170.00 2.660888e-10
5180.00 2.695914e-10
5190.00 2.733107e-10
5200.00 2.740642e-10
5210.00 2.799008e-10
5220.00 2.883508e-10
5230.00 2.973780e-10
5240.00 3.118843e-10
5250.00 3.202538e-10
5260.00 3.254946e-10
5270.00 3.342165e-10
5280.00 3.394589e-10
5290.00 3.427227e-10
5300.00 3.528721e-10
5310.00 3.581074e-10
5320.00 3.612477e-10
5330.00 3.667584e-10
5340.00 3.683979e-10
5350.00 3.655483e-10
5360.00 3.611212e-10
5370.00 3.553285e-10
5380.00 3.510314e-10
5390.00 3.473070e-10
5400.00 3.427625e-10
5410.00 3.417396e-10
5420.00 3.360303e-10
5430.00 3.387512e-10
5440.00 3.390086e-10
5450.00 3.467333e-10
5460.00 3.554456e-10
5470.00 3.603770e-10
5480.00 3.612470e-10
5490.00 3.600218e-10
5500.00 3.525911e-10
5510.00 3.465008e-10
5520.00 3.348984e-10
5530.00 3.163382e-10
5540.00 2.991005e-10
5550.00 2.671026e-10
5560.00 2.526838e-10
5570.00 2.492568e-10
5580.00 2.250408e-10
5590.00 2.004461e-10
5600.00 1.894032e-10
5610.00 1.794292e-10
5620.00 1.609420e-10
5630.00 1.507491e-10
5640.00 1.441434e-10
5650.00 1.351798e-10
5660.00 1.283468e-10
5670.00 1.229186e-10
5680.00 1.210395e-10
5690.00 1.223654e-10
5700.00 1.235909e-10
5710.00 1.281699e-10
5720.00 1.339957e-10
5730.00 1.368089e-10
5740.00 1.492668e-10
5750.00 1.645723e-10
5760.00 1.793672e-10
5770.00 1.891315e-10
5780.00 2.014878e-10
5790.00 2.154509e-10
5800.00 2.369072e-10
5810.00 2.743597e-10
5820.00 2.990868e-10
5830.00 3.176680e-10
5840.00 3.303512e-10
5850.00 3.420260e-10
5860.00 3.480775e-10
5870.00 3.463734e-10
5880.00 3.447693e-10
5890.00 3.239941e-10
5900.00 3.152972e-10
5910.00 3.264587e-10
5920.00 3.210058e-10
5930.00 3.335913e-10
5940.00 3.405650e-10
5950.00 3.507147e-10
5960.00 3.499485e-10
5970.00 3.481324e-10
5980.00 3.423300e-10
5990.00 3.364230e-10
6000.00 3.301766e-10
6010.00 3.231428e-10
6020.00 3.160712e-10
6030.00 3.083909e-10
6040.00 3.029036e-10
6050.00 2.953554e-10
6060.00 2.908017e-10
6070.00 2.847678e-10
6080.00 2.790173e-10
6090.00 2.775327e-10
6100.00 2.735687e-10
6110.00 2.702392e-10
6120.00 2.676937e-10
6130.00 2.666764e-10
6140.00 2.644733e-10
6150.00 2.661607e-10
6160.00 2.669118e-10
6170.00 2.704633e-10
6180.00 2.761879e-10
6190.00 2.839073e-10
6200.00 2.918619e-10
6210.00 2.963183e-10
6220.00 2.991040e-10
6230.00 3.005890e-10
6240.00 2.981249e-10
6250.00 2.964768e-10
6260.00 2.910932e-10
6270.00 2.871562e-10
6280.00 2.832833e-10
6290.00 2.783927e-10
6300.00 2.753962e-10
6310.00 2.711426e-10
6320.00 2.701214e-10
6330.00 2.677701e-10
6340.00 2.689164e-10
6350.00 2.710461e-10
6360.00 2.726579e-10
6370.00 2.740431e-10
6380.00 2.749560e-10
6390.00 2.790053e-10
6400.00 2.780791e-10
6410.00 2.804593e-10
6420.00 2.839135e-10
6430.00 2.873270e-10
6440.00 2.876791e-10
6450.00 2.866015e-10
6460.00 2.858042e-10
6470.00 2.844220e-10
6480.00 2.823570e-10
6490.00 2.798636e-10
6500.00 2.781587e-10
6510.00 2.752331e-10
6520.00 2.735403e-10
6530.00 2.731864e-10
6540.00 2.741260e-10
6550.00 2.774092e-10
6560.00 2.834490e-10
6570.00 2.857650e-10
6580.00 2.896985e-10
6590.00 2.754639e-10
6600.00 2.616628e-10
6610.00 2.518382e-10
6620.00 2.438538e-10
6630.00 2.379480e-10
6640.00 2.331134e-10
6650.00 2.290946e-10
6660.00 2.254153e-10
6670.00 2.212667e-10
6680.00 2.162071e-10
6690.00 2.111768e-10
6700.00 2.062765e-10
6710.00 1.998513e-10
6720.00 1.941930e-10
6730.00 1.917431e-10
6740.00 1.896907e-10
6750.00 1.866386e-10
6760.00 1.850477e-10
6770.00 1.856573e-10
6780.00 1.835708e-10
6790.00 1.805710e-10
6800.00 1.776583e-10
6810.00 1.733013e-10
6820.00 1.685069e-10
6830.00 1.641396e-10
6840.00 1.613379e-10
6850.00 1.594395e-10
6860.00 1.576837e-10
6870.00 1.573604e-10
6880.00 1.569332e-10
6890.00 1.578420e-10
6900.00 1.590161e-10
6910.00 1.614667e-10
6920.00 1.645271e-10
6930.00 1.680849e-10
6940.00 1.730896e-10
6950.00 1.767076e-10
6960.00 1.779591e-10
6970.00 1.808352e-10
6980.00 1.797370e-10
6990.00 1.799209e-10
7000.00 1.798612e-10
7010.00 1.761611e-10
7020.00 1.738524e-10
7030.00 1.736183e-10
7040.00 1.722396e-10
7050.00 1.727241e-10
7060.00 1.744830e-10
7070.00 1.767519e-10
7080.00 1.788849e-10
7090.00 1.803085e-10
7100.00 1.824088e-10
7110.00 1.848882e-10
7120.00 1.867600e-10
7130.00 1.917746e-10
7140.00 1.928564e-10
7150.00 1.968744e-10
7160.00 2.013520e-10
7170.00 2.044920e-10
7180.00 2.079066e-10
7190.00 2.096733e-10
7200.00 2.189362e-10
7210.00 2.257425e-10
7220.00 2.332384e-10
7230.00 2.361354e-10
7240.00 2.383356e-10
7250.00 2.420393e-10
7260.00 2.380546e-10
7270.00 2.401317e-10
7280.00 2.390703e-10
7290.00 2.338750e-10
7300.00 2.312640e-10
7310.00 2.301924e-10
7320.00 2.232298e-10
7330.00 2.191519e-10
7340.00 2.152476e-10
7350.00 2.122497e-10
7360.00 2.079947e-10
7370.00 2.053464e-10
7380.00 2.040832e-10
7390.00 2.001580e-10
7400.00 1.965334e-10
7410.00 1.945855e-10
7420.00 1.888148e-10
7430.00 1.874835e-10
7440.00 1.859340e-10
7450.00 1.851919e-10
7460.00 1.757061e-10
7470.00 1.700642e-10
7480.00 1.650049e-10
7490.00 1.571286e-10
7500.00 1.504622e-10
7510.00 1.504933e-10
7520.00 1.521383e-10
7530.00 1.500653e-10
7540.00 1.440526e-10
7550.00 1.358814e-10
7560.00 1.326589e-10
7570.00 1.281845e-10
7580.00 1.283910e-10
7590.00 1.267729e-10
7600.00 1.253825e-10
7610.00 1.242553e-10
7620.00 1.275119e-10
7630.00 1.315867e-10
7640.00 1.358075e-10
7650.00 1.429025e-10
7660.00 1.497770e-10
7670.00 1.601170e-10
7680.00 1.683025e-10
7690.00 1.704621e-10
7700.00 1.841259e-10
7710.00 1.887263e-10
7720.00 1.715284e-10
7730.00 1.728658e-10
7740.00 1.738080e-10
7750.00 1.736603e-10
7760.00 1.700693e-10
7770.00 1.711234e-10
7780.00 1.761726e-10
7790.00 1.802212e-10
7800.00 1.807893e-10
7810.00 1.804592e-10
7820.00 1.756233e-10
7830.00 1.711603e-10
7840.00 1.677495e-10
7850.00 1.717727e-10
7860.00 1.778898e-10
7870.00 1.801693e-10
7880.00 1.730606e-10
7890.00 1.616302e-10
7900.00 1.575984e-10
7910.00 1.501284e-10
7920.00 1.502736e-10
7930.00 1.439479e-10
7940.00 1.372635e-10
7950.00 1.352406e-10
7960.00 1.308384e-10
7970.00 1.286878e-10
7980.00 1.255808e-10
7990.00 1.231223e-10
8000.00 1.221582e-10
8010.00 1.188591e-10
8020.00 1.133897e-10
8030.00 1.108297e-10
8040.00 1.043833e-10
8050.00 1.015933e-10
8060.00 1.006794e-10
8070.00 9.466895e-11
8080.00 8.915952e-11
8090.00 8.686338e-11
8100.00 8.503704e-11
8110.00 8.580502e-11
8120.00 8.165977e-11
8130.00 7.745698e-11
8140.00 6.952099e-11
8150.00 5.092694e-11
8160.00 5.149347e-11
8170.00 4.341386e-11
8180.00 3.453907e-11
8190.00 3.716215e-11
8200.00 3.308820e-11
8210.00 2.864717e-11
8220.00 2.615018e-11
8230.00 2.512606e-11
8240.00 2.904891e-11
8250.00 2.159614e-11
8260.00 3.159024e-11
8270.00 3.183486e-11
8280.00 2.974288e-11
8290.00 3.647317e-11
8300.00 4.193724e-11
8310.00 3.442854e-11
8320.00 4.449690e-11
8330.00 4.970947e-11
8340.00 5.100626e-11
8350.00 5.184336e-11
8360.00 5.713285e-11
8370.00 6.320758e-11
8380.00 7.589516e-11
8390.00 7.635084e-11
8400.00 7.885286e-11
8410.00 1.054999e-10
8420.00 1.152285e-10
8430.00 1.315617e-10
8440.00 1.410422e-10
8450.00 1.625858e-10
8460.00 1.693641e-10
8470.00 1.968619e-10
8480.00 2.090483e-10
8490.00 2.183543e-10
8500.00 2.322715e-10
8510.00 2.594829e-10
8520.00 2.812596e-10
8530.00 3.207207e-10
8540.00 3.258140e-10
8550.00 3.337746e-10
8560.00 3.478515e-10
8570.00 3.638373e-10
8580.00 3.665677e-10
8590.00 3.823654e-10
8600.00 3.982963e-10
8610.00 4.156925e-10
8620.00 4.106409e-10
8630.00 4.036435e-10
8640.00 3.937881e-10
8650.00 3.694640e-10
8660.00 3.546096e-10
8670.00 3.498500e-10
8680.00 3.451129e-10
8690.00 3.400346e-10
8700.00 3.297812e-10
8710.00 3.296708e-10
8720.00 3.370928e-10
8730.00 3.260469e-10
8740.00 3.200455e-10
8750.00 3.004983e-10
8760.00 2.871748e-10
8770.00 2.873808e-10
8780.00 2.521618e-10
8790.00 2.340014e-10
8800.00 2.235036e-10
8810.00 1.992179e-10
8820.00 1.864428e-10
8830.00 1.675772e-10
8840.00 1.500951e-10
8850.00 1.457547e-10
8860.00 1.327062e-10
8870.00 1.177533e-10
8880.00 1.146149e-10
8890.00 1.011964e-10
8900.00 9.931310e-11
8910.00 1.077971e-10
8920.00 1.100788e-10
8930.00 1.060058e-10
8940.00 1.006285e-10
8950.00 1.102427e-10
8960.00 1.187500e-10
8970.00 1.114027e-10
8980.00 1.117224e-10
8990.00 1.112886e-10
9000.00 1.058964e-10
9010.00 1.063566e-10
9020.00 1.062878e-10
9030.00 1.039538e-10
9040.00 1.024179e-10
9050.00 1.013087e-10
9060.00 1.008556e-10
9070.00 1.073178e-10
9080.00 1.116686e-10
9090.00 1.106620e-10
9100.00 1.037927e-10
9110.00 9.447438e-11
9120.00 9.936765e-11
9130.00 1.018329e-10
9140.00 1.032564e-10
9150.00 1.007824e-10
9160.00 9.911295e-11
9170.00 9.976390e-11
9180.00 1.010790e-10
9190.00 1.002848e-10
9200.00 1.042151e-10
9210.00 1.033713e-10
9220.00 9.646764e-11
9230.00 8.692065e-11
9240.00 9.543749e-11
9250.00 9.260529e-11
9260.00 9.580189e-11
9270.00 9.308255e-11
9280.00 9.056783e-11
9290.00 9.653573e-11
9300.00 1.098035e-10
9310.00 8.552421e-11
9320.00 8.921755e-11
9330.00 8.755713e-11
9340.00 9.184478e-11
9350.00 8.153239e-11
9360.00 8.219297e-11
9370.00 8.227705e-11
9380.00 7.726849e-11
9390.00 8.323296e-11
9400.00 8.917223e-11
9410.00 8.922112e-11
9420.00 8.657978e-11
9430.00 9.082657e-11
9440.00 9.004825e-11
9450.00 9.131473e-11
9460.00 8.880657e-11
9470.00 8.861326e-11
9480.00 9.150517e-11
9490.00 8.630896e-11
9500.00 8.296403e-11
9510.00 8.547595e-11
9520.00 8.487062e-11
9530.00 8.682840e-11
9540.00 7.846415e-11
9550.00 7.902479e-11
9560.00 7.866765e-11
9570.00 7.351243e-11
9580.00 6.280181e-11
9590.00 5.568840e-11
9600.00 5.480117e-11
9610.00 5.992275e-11
9620.00 5.509894e-11
9630.00 6.759013e-11
9640.00 6.392681e-11
9650.00 4.880055e-11
9660.00 4.991013e-11
9670.00 5.165547e-11
9680.00 5.704477e-11
9690.00 6.118522e-11
9700.00 6.455115e-11
9710.00 6.485725e-11
9720.00 6.193463e-11
9730.00 6.099119e-11
9740.00 6.275686e-11
9750.00 6.728028e-11
9760.00 7.041514e-11
9770.00 7.068764e-11
9780.00 6.939229e-11
9790.00 6.844850e-11
9800.00 6.769074e-11
9810.00 6.482850e-11
9820.00 6.091978e-11
9830.00 5.900676e-11
9840.00 5.837106e-11
9850.00 5.766384e-11
9860.00 5.819556e-11
9870.00 5.973800e-11
9880.00 6.055065e-11
9890.00 6.009711e-11
9900.00 5.923277e-11
9910.00 5.938625e-11
9920.00 5.991120e-11
9930.00 6.023648e-11
9940.00 6.054193e-11
9950.00 5.990301e-11
9960.00 5.973647e-11
9970.00 5.926204e-11
9980.00 5.872656e-11
9990.00 5.811115e-11
10000.00 5.764417e-11
10010.00 5.586893e-11
10020.00 5.367329e-11
10030.00 5.089108e-11
10040.00 4.951200e-11
10050.00 4.722767e-11
10060.00 4.644257e-11
10070.00 4.487468e-11
10080.00 4.196142e-11
10090.00 4.105344e-11
10100.00 3.890667e-11
10110.00 3.836164e-11
10120.00 3.716900e-11
10130.00 3.754145e-11
10140.00 3.698874e-11
10150.00 3.621903e-11
10160.00 3.460696e-11
10170.00 3.355342e-11
10180.00 3.481742e-11
10190.00 3.488589e-11
10200.00 3.501225e-11
10210.00 3.561904e-11
10220.00 3.223438e-11
10230.00 2.860071e-11
10240.00 2.517508e-11
10250.00 2.698167e-11
10260.00 2.257012e-11
10270.00 2.024303e-11
10280.00 1.810629e-11
10290.00 1.792649e-11
10300.00 1.637923e-11
10310.00 1.610632e-11
10320.00 1.453161e-11
10330.00 1.383121e-11
10340.00 1.611420e-11
10350.00 1.443501e-11
10360.00 1.166191e-11
10370.00 1.084756e-11
10380.00 1.051313e-11
10390.00 9.910094e-12
10400.00 8.014873e-12
10410.00 9.299226e-12
10420.00 1.085897e-11
10430.00 8.728254e-12
10440.00 9.075862e-12
10450.00 1.148720e-11
10460.00 1.341267e-11
10470.00 1.343237e-11
10480.00 1.380741e-11
10490.00 9.523420e-12
10500.00 1.248837e-11
10510.00 1.495540e-11
10520.00 1.602928e-11
10530.00 1.692193e-11
10540.00 1.767073e-11
10550.00 1.865301e-11
10560.00 2.004352e-11
10570.00 2.124194e-11
10580.00 2.167090e-11
10590.00 2.236889e-11
10600.00 2.422051e-11
10610.00 2.748711e-11
10620.00 3.086998e-11
10630.00 3.388663e-11
10640.00 3.625151e-11
10650.00 3.789837e-11
10660.00 4.004948e-11
10670.00 4.219162e-11
10680.00 4.390178e-11
10690.00 4.565502e-11
10700.00 4.819249e-11
10710.00 4.980511e-11
10720.00 4.918001e-11
10730.00 4.808173e-11
10740.00 4.954913e-11
10750.00 5.124919e-11
10760.00 5.131760e-11
10770.00 5.173780e-11
10780.00 5.246163e-11
10790.00 5.312682e-11
10800.00 5.397166e-11
10810.00 5.561127e-11
10820.00 5.652823e-11
10830.00 5.543380e-11
10840.00 5.515665e-11
10850.00 5.684752e-11
10860.00 5.771005e-11
10870.00 5.697835e-11
10880.00 5.644627e-11
10890.00 5.657297e-11
10900.00 5.632075e-11
10910.00 5.525922e-11
10920.00 5.396921e-11
10930.00 5.298427e-11
10940.00 5.236122e-11
10950.00 5.170046e-11
10960.00 5.091396e-11
10970.00 5.047322e-11
10980.00 4.991782e-11
10990.00 4.897570e-11
11000.00 4.806700e-11
11010.00 4.719363e-11
11020.00 4.674486e-11
11030.00 4.679197e-11
11040.00 4.629488e-11
11050.00 4.557625e-11
11060.00 4.524281e-11
11070.00 4.431614e-11
11080.00 4.337418e-11
11090.00 4.242742e-11
11100.00 4.139951e-11
11110.00 4.107591e-11
11120.00 4.041413e-11
11130.00 3.968676e-11
11140.00 3.902667e-11
11150.00 3.856087e-11
11160.00 3.874611e-11
11170.00 3.862878e-11
11180.00 3.821162e-11
11190.00 3.854764e-11
11200.00 3.951596e-11
11210.00 3.893411e-11
11220.00 3.818332e-11
11230.00 3.869482e-11
11240.00 3.883754e-11
11250.00 3.799332e-11
11260.00 3.764892e-11
11270.00 3.752291e-11
11280.00 3.691882e-11
11290.00 3.680554e-11
11300.00 3.670301e-11
11310.00 3.574955e-11
11320.00 3.472633e-11
11330.00 3.423301e-11
11340.00 3.359484e-11
11350.00 3.303634e-11
11360.00 3.289643e-11
11370.00 3.255710e-11
11380.00 3.190970e-11
11390.00 3.148610e-11
11400.00 3.111935e-11
11410.00 3.027789e-11
11420.00 2.950766e-11
11430.00 2.928779e-11
11440.00 2.895263e-11
11450.00 2.866881e-11
11460.00 2.884606e-11
11470.00 2.860540e-11
11480.00 2.770219e-11
11490.00 2.702318e-11
11500.00 2.688395e-11
11510.00 2.714743e-11
11520.00 2.702338e-11
11530.00 2.615242e-11
11540.00 2.531954e-11
11550.00 2.482054e-11
11560.00 2.439175e-11
11570.00 2.441574e-11
11580.00 2.498928e-11
11590.00 2.482182e-11
11600.00 2.437422e-11
11610.00 2.386643e-11
11620.00 2.338109e-11
11630.00 2.328602e-11
11640.00 2.337785e-11
11650.00 2.361288e-11
11660.00 2.353428e-11
11670.00 2.398501e-11
11680.00 2.414814e-11
11690.00 2.377153e-11
11700.00 2.360208e-11
11710.00 2.349213e-11
11720.00 2.350320e-11
11730.00 2.353376e-11
11740.00 2.328545e-11
11750.00 2.299580e-11
11760.00 2.279672e-11
11770.00 2.286708e-11
11780.00 2.321106e-11
11790.00 2.336525e-11
11800.00 2.344915e-11
11810.00 2.363695e-11
11820.00 2.379794e-11
11830.00 2.385008e-11
11840.00 2.365329e-11
11850.00 2.330054e-11
11860.00 2.305391e-11
11870.00 2.303715e-11
11880.00 2.318849e-11
11890.00 2.332308e-11
11900.00 2.327756e-11
11910.00 2.312235e-11
11920.00 2.314645e-11
11930.00 2.328008e-11
11940.00 2.321068e-11
11950.00 2.319678e-11
11960.00 2.329579e-11
11970.00 2.302221e-11
11980.00 2.275347e-11
11990.00 2.279831e-11
12000.00 2.244148e-11
12010.00 2.199931e-11
12020.00 2.187049e-11
12030.00 2.168651e-11
12040.00 2.134621e-11
12050.00 2.111471e-11
12060.00 2.072035e-11
12070.00 2.023917e-11
12080.00 2.012080e-11
12090.00 1.994500e-11
12100.00 1.958978e-11
12110.00 1.905685e-11
12120.00 1.860557e-11
12130.00 1.857973e-11
12140.00 1.927915e-11
12150.00 1.937991e-11
12160.00 1.878704e-11
12170.00 1.821828e-11
12180.00 1.790028e-11
12190.00 1.831865e-11
12200.00 1.891560e-11
12210.00 1.909643e-11
12220.00 1.850146e-11
12230.00 1.781960e-11
12240.00 1.737242e-11
12250.00 1.733793e-11
12260.00 1.728081e-11
12270.00 1.732055e-11
12280.00 1.775980e-11
12290.00 1.774561e-11
12300.00 1.748542e-11
12310.00 1.762437e-11
12320.00 1.782377e-11
12330.00 1.770301e-11
12340.00 1.748247e-11
12350.00 1.740204e-11
12360.00 1.747954e-11
12370.00 1.752105e-11
12380.00 1.734895e-11
12390.00 1.707076e-11
12400.00 1.671211e-11
12410.00 1.650374e-11
12420.00 1.688169e-11
12430.00 1.731315e-11
12440.00 1.708454e-11
12450.00 1.661908e-11
12460.00 1.636566e-11
12470.00 1.626766e-11
12480.00 1.631282e-11
12490.00 1.635460e-11
12500.00 1.634253e-11
12510.00 1.646079e-11
12520.00 1.653347e-11
12530.00 1.606544e-11
12540.00 1.564350e-11
12550.00 1.558423e-11
12560.00 1.604142e-11
12570.00 1.641764e-11
12580.00 1.582305e-11
12590.00 1.568708e-11
12600.00 1.588646e-11
12610.00 1.619216e-11
12620.00 1.642914e-11
12630.00 1.628096e-11
12640.00 1.646915e-11
12650.00 1.638874e-11
12660.00 1.596609e-11
12670.00 1.587303e-11
12680.00 1.598620e-11
12690.00 1.606679e-11
12700.00 1.595863e-11
12710.00 1.574000e-11
12720.00 1.585159e-11
12730.00 1.601661e-11
12740.00 1.593017e-11
12750.00 1.611881e-11
12760.00 1.643729e-11
12770.00 1.639233e-11
12780.00 1.599833e-11
12790.00 1.552666e-11
12800.00 1.524263e-11
12810.00 1.514791e-11
12820.00 1.513596e-11
12830.00 1.522948e-11
12840.00 1.512461e-11
12850.00 1.480597e-11
12860.00 1.481563e-11
12870.00 1.511080e-11
12880.00 1.522880e-11
12890.00 1.520086e-11
12900.00 1.521549e-11
12910.00 1.509482e-11
12920.00 1.484134e-11
12930.00 1.469005e-11
12940.00 1.448406e-11
12950.00 1.422058e-11
12960.00 1.409578e-11
12970.00 1.384140e-11
12980.00 1.356995e-11
12990.00 1.369480e-11
13000.00 1.390131e-11
13010.00 1.375534e-11
13020.00 1.343617e-11
13030.00 1.313244e-11
13040.00 1.305917e-11
13050.00 1.336998e-11
13060.00 1.373962e-11
13070.00 1.356376e-11
13080.00 1.305729e-11
13090.00 1.286117e-11
13100.00 1.284390e-11
13110.00 1.285496e-11
13120.00 1.274056e-11
13130.00 1.256517e-11
13140.00 1.247492e-11
13150.00 1.230046e-11
13160.00 1.211369e-11
13170.00 1.174256e-11
13180.00 1.172843e-11
13190.00 1.182766e-11
13200.00 1.163369e-11
13210.00 1.154476e-11
13220.00 1.160158e-11
13230.00 1.162723e-11
13240.00 1.191419e-11
13250.00 1.204111e-11
13260.00 1.200072e-11
13270.00 1.207034e-11
13280.00 1.190025e-11
13290.00 1.161488e-11
13300.00 1.124305e-11
13310.00 1.099220e-11
13320.00 1.116931e-11
13330.00 1.138507e-11
13340.00 1.133506e-11
13350.00 1.124522e-11
13360.00 1.120563e-11
13370.00 1.121049e-11
13380.00 1.090234e-11
13390.00 1.023642e-11
13400.00 9.789613e-12
13410.00 9.643335e-12
13420.00 9.536724e-12
13430.00 9.453493e-12
13440.00 9.382603e-12
13450.00 9.319848e-12
13460.00 9.264007e-12
13470.00 9.213195e-12
13480.00 9.166363e-12
13490.00 9.122499e-12
13500.00 9.080849e-12
13510.00 9.041384e-12
13520.00 9.002863e-12
13530.00 8.965284e-12
13540.00 8.928348e-12
13550.00 8.891488e-12
13560.00 8.854245e-12
13570.00 8.816813e-12
13580.00 8.779416e-12
13590.00 8.741942e-12
13600.00 8.704419e-12
13610.00 8.666938e-12
13620.00 8.629073e-12
13630.00 8.590691e-12
13640.00 8.552309e-12
13650.00 8.513676e-12
13660.00 8.474226e-12
13670.00 8.434796e-12
13680.00 8.396429e-12
13690.00 8.364625e-12
13700.00 8.333632e-12
13710.00 8.302646e-12
13720.00 8.264250e-12
13730.00 8.224653e-12
13740.00 8.184840e-12
13750.00 8.141444e-12
13760.00 8.096497e-12
13770.00 8.050915e-12
13780.00 8.001402e-12
13790.00 7.948815e-12
13800.00 7.895042e-12
13810.00 7.837713e-12
13820.00 7.776153e-12
13830.00 7.712323e-12
13840.00 7.642368e-12
13850.00 7.562469e-12
13860.00 7.478519e-12
13870.00 7.394744e-12
13880.00 7.311067e-12
13890.00 7.227878e-12
13900.00 7.146051e-12
13910.00 7.065824e-12
13920.00 6.987258e-12
13930.00 6.911167e-12
13940.00 6.837192e-12
13950.00 6.764000e-12
13960.00 6.691340e-12
13970.00 6.619528e-12
13980.00 6.549363e-12
13990.00 6.482237e-12
14000.00 6.420157e-12
14010.00 6.364138e-12
14020.00 6.321636e-12
14030.00 6.287818e-12
14040.00 6.220687e-12
14050.00 6.185862e-12
14060.00 6.221991e-12
14070.00 6.220190e-12
14080.00 6.154864e-12
14090.00 6.106697e-12
14100.00 6.064806e-12
14110.00 6.122382e-12
14120.00 6.306139e-12
14130.00 6.633618e-12
14140.00 6.389240e-12
14150.00 5.714765e-12
14160.00 5.584695e-12
14170.00 5.471944e-12
14180.00 5.241071e-12
14190.00 5.299376e-12
14200.00 4.919105e-12
14210.00 4.833739e-12
14220.00 5.274787e-12
14230.00 5.567982e-12
14240.00 5.495536e-12
14250.00 5.290375e-12
14260.00 5.406235e-12
14270.00 5.600909e-12
14280.00 5.811040e-12
14290.00 6.096068e-12
14300.00 6.148842e-12
14310.00 6.028972e-12
14320.00 6.084245e-12
14330.00 6.219745e-12
14340.00 6.524042e-12
14350.00 6.780507e-12
14360.00 6.769332e-12
14370.00 6.695078e-12
14380.00 6.614663e-12
14390.00 6.430839e-12
14400.00 6.281906e-12
14410.00 6.396412e-12
14420.00 6.688711e-12
14430.00 6.901156e-12
14440.00 6.896270e-12
14450.00 6.734921e-12
14460.00 6.644591e-12
14470.00 6.712395e-12
14480.00 6.777296e-12
14490.00 6.635756e-12
14500.00 6.419921e-12
14510.00 6.382628e-12
14520.00 6.418318e-12
14530.00 6.084347e-12
14540.00 5.787750e-12
14550.00 5.970380e-12
14560.00 5.992044e-12
14570.00 6.065415e-12
14580.00 6.392750e-12
14590.00 6.302246e-12
14600.00 5.859973e-12
14610.00 5.562521e-12
14620.00 5.681593e-12
14630.00 5.932063e-12
14640.00 5.828837e-12
14650.00 5.869703e-12
14660.00 6.110442e-12
14670.00 6.259547e-12
14680.00 6.232220e-12
14690.00 5.993471e-12
14700.00 6.021573e-12
14710.00 6.476335e-12
14720.00 6.358538e-12
14730.00 6.004977e-12
14740.00 6.083789e-12
14750.00 6.010251e-12
14760.00 5.869298e-12
14770.00 6.004902e-12
14780.00 6.146134e-12
14790.00 6.164882e-12
14800.00 6.055511e-12
14810.00 5.880019e-12
14820.00 5.890435e-12
14830.00 6.151190e-12
14840.00 6.294606e-12
14850.00 6.207082e-12
14860.00 6.159325e-12
14870.00 6.134299e-12
14880.00 6.153958e-12
14890.00 6.258554e-12
14900.00 6.304249e-12
14910.00 6.265464e-12
14920.00 6.203227e-12
14930.00 6.165790e-12
14940.00 6.145933e-12
14950.00 6.115834e-12
14960.00 6.139895e-12
14970.00 6.170928e-12
14980.00 6.125858e-12
14990.00 6.054897e-12
15000.00 6.032786e-12
15010.00 6.090030e-12
15020.00 5.981062e-12
15030.00 5.697453e-12
15040.00 5.622736e-12
15050.00 5.781188e-12
15060.00 5.862593e-12
15070.00 5.720937e-12
15080.00 5.613388e-12
15090.00 5.638248e-12
15100.00 5.536369e-12
15110.00 5.499305e-12
15120.00 5.606870e-12
15130.00 5.547060e-12
15140.00 5.545904e-12
15150.00 5.303726e-12
15160.00 5.173518e-12
15170.00 5.220417e-12
15180.00 5.119611e-12
15190.00 5.086691e-12
15200.00 5.213151e-12
15210.00 5.197438e-12
15220.00 4.877696e-12
15230.00 4.850580e-12
15240.00 4.902236e-12
15250.00 5.000246e-12
15260.00 5.095262e-12
15270.00 5.048988e-12
15280.00 4.794823e-12
15290.00 4.702675e-12
15300.00 4.802245e-12
15310.00 4.972887e-12
15320.00 5.038852e-12
15330.00 4.756794e-12
15340.00 4.636632e-12
15350.00 4.940332e-12
15360.00 5.274609e-12
15370.00 5.290960e-12
15380.00 4.963219e-12
15390.00 4.617873e-12
15400.00 4.534606e-12
15410.00 4.607697e-12
15420.00 4.622427e-12
15430.00 4.538180e-12
15440.00 4.477412e-12
15450.00 4.505699e-12
15460.00 4.484134e-12
15470.00 4.380384e-12
15480.00 4.333866e-12
15490.00 4.270997e-12
15500.00 4.179711e-12
15510.00 4.267502e-12
15520.00 4.356387e-12
15530.00 4.189344e-12
15540.00 3.973149e-12
15550.00 3.972963e-12
15560.00 4.056077e-12
15570.00 4.092794e-12
15580.00 4.099255e-12
15590.00 4.091146e-12
15600.00 4.057532e-12
15610.00 4.029180e-12
15620.00 3.976416e-12
15630.00 3.990202e-12
15640.00 4.244066e-12
15650.00 4.333054e-12
15660.00 4.105138e-12
15670.00 3.896641e-12
15680.00 4.023908e-12
15690.00 4.338327e-12
15700.00 4.443960e-12
15710.00 4.419777e-12
15720.00 4.391953e-12
15730.00 4.219129e-12
15740.00 4.134489e-12
15750.00 4.085994e-12
15760.00 4.024432e-12
15770.00 3.959623e-12
15780.00 3.936087e-12
15790.00 4.021535e-12
15800.00 4.070982e-12
15810.00 4.044642e-12
15820.00 4.019101e-12
15830.00 3.948748e-12
15840.00 3.745573e-12
15850.00 3.712545e-12
15860.00 3.883767e-12
15870.00 3.959869e-12
15880.00 3.892455e-12
15890.00 3.802758e-12
15900.00 3.818770e-12
15910.00 3.894871e-12
15920.00 3.950463e-12
15930.00 4.005390e-12
15940.00 3.977497e-12
15950.00 3.857334e-12
15960.00 3.806800e-12
15970.00 3.787469e-12
15980.00 3.706273e-12
15990.00 3.690020e-12
16000.00 3.741525e-12
16010.00 3.758027e-12
16020.00 3.774275e-12
16030.00 3.825934e-12
16040.00 3.887894e-12
16050.00 3.858335e-12
16060.00 3.750900e-12
16070.00 3.671216e-12
16080.00 3.629527e-12
16090.00 3.640530e-12
16100.00 3.650170e-12
16110.00 3.610956e-12
16120.00 3.729601e-12
16130.00 3.851093e-12
16140.00 3.677039e-12
16150.00 3.553055e-12
16160.00 3.754864e-12
16170.00 3.866557e-12
16180.00 3.760967e-12
16190.00 3.572141e-12
16200.00 3.530855e-12
16210.00 3.551754e-12
16220.00 3.491378e-12
16230.00 3.552436e-12
16240.00 3.493962e-12
16250.00 3.237259e-12
16260.00 3.164916e-12
16270.00 3.288124e-12
16280.00 3.364417e-12
16290.00 3.429863e-12
16300.00 3.358713e-12
16310.00 3.245475e-12
16320.00 3.343201e-12
16330.00 3.382946e-12
16340.00 3.320836e-12
16350.00 3.290961e-12
16360.00 3.197972e-12
16370.00 3.127753e-12
16380.00 3.150117e-12
16390.00 3.159557e-12
16400.00 3.142931e-12
16410.00 3.125293e-12
16420.00 3.133089e-12
16430.00 3.169255e-12
16440.00 3.156642e-12
16450.00 3.082232e-12
16460.00 3.017348e-12
16470.00 3.007713e-12
16480.00 3.025252e-12
16490.00 3.029572e-12
16500.00 3.061772e-12
16510.00 3.074097e-12
16520.00 2.955370e-12
16530.00 2.801330e-12
16540.00 2.819581e-12
16550.00 2.924549e-12
16560.00 2.896539e-12
16570.00 2.886896e-12
16580.00 2.968034e-12
16590.00 2.975586e-12
16600.00 2.910750e-12
16610.00 2.896620e-12
16620.00 2.920149e-12
16630.00 2.856121e-12
16640.00 2.707234e-12
16650.00 2.662027e-12
16660.00 2.789106e-12
16670.00 2.822902e-12
16680.00 2.835251e-12
16690.00 2.923279e-12
16700.00 2.747351e-12
16710.00 2.906345e-12
16720.00 3.223609e-12
16730.00 3.108120e-12
16740.00 3.017198e-12
16750.00 3.075915e-12
16760.00 3.120165e-12
16770.00 3.195575e-12
16780.00 3.265775e-12
16790.00 3.302574e-12
16800.00 3.373747e-12
16810.00 3.378091e-12
16820.00 3.273879e-12
16830.00 3.165171e-12
16840.00 3.123752e-12
16850.00 3.124218e-12
16860.00 3.107130e-12
16870.00 3.119115e-12
16880.00 3.223805e-12
16890.00 3.270314e-12
16900.00 3.196611e-12
16910.00 3.183298e-12
16920.00 3.180870e-12
16930.00 3.072700e-12
16940.00 2.991493e-12
16950.00 2.991567e-12
16960.00 2.994638e-12
16970.00 2.969323e-12
16980.00 2.910596e-12
16990.00 2.866214e-12
17000.00 2.860731e-12
17010.00 2.840278e-12
17020.00 2.798973e-12
17030.00 2.782295e-12
17040.00 2.780803e-12
17050.00 2.797992e-12
17060.00 2.833165e-12
17070.00 2.843303e-12
17080.00 2.828298e-12
17090.00 2.771252e-12
17100.00 2.754056e-12
17110.00 2.743505e-12
17120.00 2.649938e-12
17130.00 2.607999e-12
17140.00 2.608469e-12
17150.00 2.595418e-12
17160.00 2.585419e-12
17170.00 2.533480e-12
17180.00 2.566298e-12
17190.00 2.635566e-12
17200.00 2.633572e-12
17210.00 2.552976e-12
17220.00 2.459794e-12
17230.00 2.603028e-12
17240.00 2.563759e-12
17250.00 2.448221e-12
17260.00 2.519314e-12
17270.00 2.460576e-12
17280.00 2.462190e-12
17290.00 2.445695e-12
17300.00 2.428617e-12
17310.00 2.398118e-12
17320.00 2.413745e-12
17330.00 2.421154e-12
17340.00 2.310550e-12
17350.00 2.258092e-12
17360.00 2.268783e-12
17370.00 2.269550e-12
17380.00 2.278539e-12
17390.00 2.317685e-12
17400.00 2.365872e-12
17410.00 2.378035e-12
17420.00 2.323534e-12
17430.00 2.263743e-12
17440.00 2.305209e-12
17450.00 2.420407e-12
17460.00 2.435056e-12
17470.00 2.281635e-12
17480.00 2.146163e-12
17490.00 2.128074e-12
17500.00 2.097419e-12
17510.00 2.066504e-12
17520.00 2.089713e-12
17530.00 2.097419e-12
17540.00 2.092286e-12
17550.00 2.082231e-12
17560.00 2.032793e-12
17570.00 2.014509e-12
17580.00 2.080807e-12
17590.00 2.131789e-12
17600.00 2.113462e-12
17610.00 2.057730e-12
17620.00 2.016188e-12
17630.00 2.003476e-12
17640.00 1.991319e-12
17650.00 2.000792e-12
17660.00 1.942616e-12
17670.00 1.811735e-12
17680.00 1.776233e-12
17690.00 1.872721e-12
17700.00 1.999018e-12
17710.00 2.019222e-12
17720.00 1.966723e-12
17730.00 1.972564e-12
17740.00 1.988626e-12
17750.00 1.962134e-12
17760.00 1.931332e-12
17770.00 1.861168e-12
17780.00 1.891766e-12
17790.00 1.987343e-12
17800.00 1.867723e-12
17810.00 1.677506e-12
17820.00 1.660188e-12
17830.00 1.706707e-12
17840.00 1.746756e-12
17850.00 1.730380e-12
17860.00 1.668682e-12
17870.00 1.674019e-12
17880.00 1.740130e-12
17890.00 1.782876e-12
17900.00 1.876729e-12
17910.00 2.119993e-12
17920.00 2.144543e-12
17930.00 1.843132e-12
17940.00 1.608845e-12
17950.00 1.535517e-12
17960.00 1.549295e-12
17970.00 1.628341e-12
17980.00 1.668510e-12
17990.00 1.663472e-12
18000.00 1.655388e-12
18010.00 1.646048e-12
18020.00 1.636002e-12
18030.00 1.625483e-12
18040.00 1.614630e-12
18050.00 1.603866e-12
18060.00 1.593397e-12
18070.00 1.583197e-12
18080.00 1.573088e-12
18090.00 1.563039e-12
18100.00 1.553143e-12
18110.00 1.543451e-12
18120.00 1.533851e-12
18130.00 1.524288e-12
18140.00 1.514775e-12
18150.00 1.505440e-12
18160.00 1.496436e-12
18170.00 1.487546e-12
18180.00 1.478688e-12
18190.00 1.469864e-12
18200.00 1.461073e-12
18210.00 1.452450e-12
18220.00 1.443965e-12
18230.00 1.435523e-12
18240.00 1.427114e-12
18250.00 1.418736e-12
18260.00 1.410390e-12
18270.00 1.401677e-12
18280.00 1.392759e-12
18290.00 1.383845e-12
18300.00 1.374965e-12
18310.00 1.366119e-12
18320.00 1.357290e-12
18330.00 1.348324e-12
18340.00 1.339276e-12
18350.00 1.330242e-12
18360.00 1.321243e-12
18370.00 1.312279e-12
18380.00 1.303318e-12
18390.00 1.294247e-12
18400.00 1.285093e-12
18410.00 1.275950e-12
18420.00 1.266844e-12
18430.00 1.257774e-12
18440.00 1.248702e-12
18450.00 1.239540e-12
18460.00 1.230302e-12
18470.00 1.221075e-12
18480.00 1.211886e-12
18490.00 1.202734e-12
18500.00 1.193583e-12
18510.00 1.184361e-12
18520.00 1.175076e-12
18530.00 1.165807e-12
18540.00 1.156576e-12
18550.00 1.147383e-12
18560.00 1.138212e-12
18570.00 1.129016e-12
18580.00 1.119806e-12
18590.00 1.110624e-12
18600.00 1.101480e-12
18610.00 1.092376e-12
18620.00 1.083302e-12
18630.00 1.074224e-12
18640.00 1.065154e-12
18650.00 1.056117e-12
18660.00 1.047120e-12
18670.00 1.038161e-12
18680.00 1.029238e-12
18690.00 1.020297e-12
18700.00 1.011365e-12
18710.00 1.002466e-12
18720.00 9.936073e-13
18730.00 9.847863e-13
18740.00 9.760038e-13
18750.00 9.671709e-13
18760.00 9.583367e-13
18770.00 9.495367e-13
18780.00 9.407758e-13
18790.00 9.320525e-13
18800.00 9.233643e-13
18810.00 9.146250e-13
18820.00 9.058808e-13
18830.00 8.971688e-13
18840.00 8.884959e-13
18850.00 8.798621e-13
18860.00 8.712443e-13
18870.00 8.625365e-13
18880.00 8.537860e-13
18890.00 8.450614e-13
18900.00 8.363766e-13
18910.00 8.277309e-13
18920.00 8.190748e-13
18930.00 8.102880e-13
18940.00 8.014091e-13
18950.00 7.925476e-13
18960.00 7.837273e-13
18970.00 7.749483e-13
18980.00 7.663801e-13
18990.00 7.583322e-13
19000.00 7.507299e-13
19010.00 7.432323e-13
19020.00 7.357689e-13
19030.00 7.283384e-13
19040.00 7.209358e-13
19050.00 7.135625e-13
19060.00 7.062220e-13
19070.00 6.989053e-13
19080.00 6.915722e-13
19090.00 6.841969e-13
19100.00 6.768236e-13
19110.00 6.694546e-13
19120.00 6.619799e-13
19130.00 6.544471e-13
19140.00 6.467556e-13
19150.00 6.378711e-13
19160.00 6.276673e-13
19170.00 6.143763e-13
19180.00 6.231123e-13
19190.00 7.918821e-13
19200.00 8.929591e-13
19210.00 8.455705e-13
19220.00 8.029560e-13
19230.00 7.948892e-13
19240.00 8.234381e-13
19250.00 8.545172e-13
19260.00 8.165188e-13
19270.00 7.658060e-13
19280.00 7.605062e-13
19290.00 7.678278e-13
19300.00 7.675086e-13
19310.00 7.679123e-13
19320.00 7.891298e-13
19330.00 7.502354e-13
19340.00 6.893097e-13
19350.00 7.132629e-13
19360.00 7.414899e-13
19370.00 7.381098e-13
19380.00 7.537524e-13
19390.00 7.631439e-13
19400.00 7.654631e-13
19410.00 7.743484e-13
19420.00 7.688090e-13
19430.00 7.603686e-13
19440.00 7.787005e-13
19450.00 8.194610e-13
19460.00 8.449301e-13
19470.00 8.636511e-13
19480.00 8.896552e-13
19490.00 8.752731e-13
19500.00 8.334107e-13
19510.00 8.243160e-13
19520.00 8.344757e-13
19530.00 8.342278e-13
19540.00 8.283692e-13
19550.00 8.372168e-13
19560.00 8.419111e-13
19570.00 8.150746e-13
19580.00 7.942111e-13
19590.00 8.047926e-13
19600.00 8.121596e-13
19610.00 8.383998e-13
19620.00 8.589392e-13
19630.00 8.108830e-13
19640.00 7.656315e-13
19650.00 7.565276e-13
19660.00 7.710340e-13
19670.00 7.674381e-13
19680.00 7.354651e-13
19690.00 7.141736e-13
19700.00 7.035306e-13
19710.00 6.941311e-13
19720.00 6.908919e-13
19730.00 6.843569e-13
19740.00 6.528312e-13
19750.00 6.555616e-13
19760.00 6.222434e-13
19770.00 6.365337e-13
19780.00 6.291698e-13
19790.00 5.949692e-13
19800.00 6.441406e-13
19810.00 6.736805e-13
19820.00 5.746141e-13
19830.00 4.953283e-13
19840.00 4.796559e-13
19850.00 4.030005e-13
19860.00 3.364628e-13
19870.00 2.927266e-13
19880.00 2.322674e-13
19890.00 1.850910e-13
19900.00 1.983308e-13
19910.00 2.418843e-13
19920.00 2.667405e-13
19930.00 2.665558e-13
19940.00 2.507328e-13
19950.00 2.061975e-13
19960.00 1.634698e-13
19970.00 1.836562e-13
19980.00 2.369904e-13
19990.00 2.542927e-13
20000.00 2.417253e-13
20010.00 2.426420e-13
20020.00 2.547908e-13
20030.00 2.503844e-13
20040.00 2.524242e-13
20050.00 2.682062e-13
20060.00 2.563906e-13
20070.00 2.400158e-13
20080.00 2.411573e-13
20090.00 2.433083e-13
20100.00 2.645382e-13
20110.00 3.006874e-13
20120.00 3.213371e-13
20130.00 3.400526e-13
20140.00 3.521133e-13
20150.00 3.520155e-13
20160.00 3.913090e-13
20170.00 5.221458e-13
20180.00 5.857072e-13
20190.00 4.970733e-13
20200.00 4.428831e-13
20210.00 4.661485e-13
20220.00 4.870957e-13
20230.00 5.032208e-13
20240.00 5.294446e-13
20250.00 5.328336e-13
20260.00 5.626621e-13
20270.00 6.018158e-13
20280.00 5.953826e-13
20290.00 5.959050e-13
20300.00 6.024452e-13
20310.00 6.082604e-13
20320.00 6.262751e-13
20330.00 6.276882e-13
20340.00 6.138290e-13
20350.00 6.190874e-13
20360.00 6.236733e-13
20370.00 6.174495e-13
20380.00 6.176556e-13
20390.00 6.270522e-13
20400.00 6.365590e-13
20410.00 6.476384e-13
20420.00 6.673548e-13
20430.00 6.905645e-13
20440.00 7.028434e-13
20450.00 7.008523e-13
20460.00 6.995178e-13
20470.00 6.956130e-13
20480.00 6.812700e-13
20490.00 6.775214e-13
20500.00 6.935374e-13
20510.00 7.055635e-13
20520.00 6.975069e-13
20530.00 6.835030e-13
20540.00 6.834682e-13
20550.00 6.903413e-13
20560.00 6.906634e-13
20570.00 6.940589e-13
20580.00 7.059818e-13
20590.00 7.034684e-13
20600.00 6.795591e-13
20610.00 6.759579e-13
20620.00 6.882219e-13
20630.00 6.750122e-13
20640.00 6.574403e-13
20650.00 6.501703e-13
20660.00 6.454793e-13
20670.00 6.435820e-13
20680.00 6.478895e-13
20690.00 6.487010e-13
20700.00 6.359697e-13
20710.00 6.221501e-13
20720.00 6.076399e-13
20730.00 5.996675e-13
20740.00 5.857598e-13
20750.00 5.740694e-13
20760.00 5.955482e-13
20770.00 6.069209e-13
20780.00 6.189658e-13
20790.00 6.395958e-13
20800.00 6.145463e-13
20810.00 5.894690e-13
20820.00 6.026868e-13
20830.00 6.090961e-13
20840.00 6.012398e-13
20850.00 6.084863e-13
20860.00 6.053645e-13
20870.00 5.641506e-13
20880.00 5.448308e-13
20890.00 5.575472e-13
20900.00 5.614667e-13
20910.00 5.669293e-13
20920.00 5.794602e-13
20930.00 5.701749e-13
20940.00 5.466674e-13
20950.00 5.394309e-13
20960.00 5.455644e-13
20970.00 5.459279e-13
20980.00 5.383733e-13
20990.00 5.317683e-13
21000.00 5.247416e-13
21010.00 5.159950e-13
21020.00 5.066292e-13
21030.00 4.989679e-13
21040.00 5.082590e-13
21050.00 5.218662e-13
21060.00 5.188010e-13
21070.00 5.119156e-13
21080.00 4.979424e-13
21090.00 4.865167e-13
21100.00 4.985811e-13
21110.00 5.033467e-13
21120.00 4.940553e-13
21130.00 4.938561e-13
21140.00 4.961319e-13
21150.00 4.860024e-13
21160.00 4.689054e-13
21170.00 4.650412e-13
21180.00 4.773439e-13
21190.00 4.819064e-13
21200.00 4.777462e-13
21210.00 4.706301e-13
21220.00 4.596642e-13
21230.00 4.509815e-13
21240.00 4.573391e-13
21250.00 4.713233e-13
21260.00 4.718952e-13
21270.00 4.378110e-13
21280.00 4.189140e-13
21290.00 4.373729e-13
21300.00 4.322543e-13
21310.00 4.200159e-13
21320.00 4.278792e-13
21330.00 4.437454e-13
21340.00 4.428840e-13
21350.00 4.248460e-13
21360.00 4.073348e-13
21370.00 3.970155e-13
21380.00 3.889996e-13
21390.00 3.855828e-13
21400.00 3.907187e-13
21410.00 3.912011e-13
21420.00 3.899826e-13
21430.00 3.896173e-13
21440.00 3.880501e-13
21450.00 3.917056e-13
21460.00 3.869657e-13
21470.00 3.666169e-13
21480.00 3.599869e-13
21490.00 3.731667e-13
21500.00 3.724505e-13
21510.00 3.494278e-13
21520.00 3.337688e-13
21530.00 3.403915e-13
21540.00 3.529691e-13
21550.00 3.597456e-13
21560.00 3.594270e-13
21570.00 3.483465e-13
21580.00 3.372569e-13
21590.00 3.399560e-13
21600.00 3.501030e-13
21610.00 3.519600e-13
21620.00 3.381712e-13
21630.00 3.215461e-13
21640.00 3.154526e-13
21650.00 3.160140e-13
21660.00 3.176846e-13
21670.00 3.166945e-13
21680.00 3.190597e-13
21690.00 3.223509e-13
21700.00 3.257609e-13
21710.00 3.189585e-13
21720.00 2.982226e-13
21730.00 2.908492e-13
21740.00 2.806676e-13
21750.00 2.666843e-13
21760.00 2.732354e-13
21770.00 2.900242e-13
21780.00 2.914988e-13
21790.00 2.945746e-13
21800.00 3.008534e-13
21810.00 2.879004e-13
21820.00 2.630626e-13
21830.00 2.530419e-13
21840.00 2.711259e-13
21850.00 2.904587e-13
21860.00 2.897647e-13
21870.00 2.661950e-13
21880.00 2.436274e-13
21890.00 2.368364e-13
21900.00 2.384223e-13
21910.00 2.473750e-13
21920.00 2.541120e-13
21930.00 2.597811e-13
21940.00 2.584283e-13
21950.00 2.472552e-13
21960.00 2.450857e-13
21970.00 2.471863e-13
21980.00 2.385598e-13
21990.00 2.258476e-13
22000.00 2.211731e-13
22010.00 2.225961e-13
22020.00 2.242996e-13
22030.00 2.288605e-13
22040.00 2.312267e-13
22050.00 2.286013e-13
22060.00 2.326810e-13
22070.00 2.393216e-13
22080.00 2.315349e-13
22090.00 2.179469e-13
22100.00 2.277456e-13
22110.00 2.372920e-13
22120.00 2.231842e-13
22130.00 2.129142e-13
22140.00 2.147758e-13
22150.00 2.139320e-13
22160.00 2.002950e-13
22170.00 1.908049e-13
22180.00 2.029950e-13
22190.00 2.127280e-13
22200.00 2.096166e-13
22210.00 2.241633e-13
22220.00 2.351564e-13
22230.00 2.184770e-13
22240.00 1.981026e-13
22250.00 1.804161e-13
22260.00 1.760534e-13
22270.00 1.979731e-13
22280.00 1.970044e-13
22290.00 1.898890e-13
22300.00 2.033087e-13
22310.00 1.988678e-13
22320.00 1.932895e-13
22330.00 2.021454e-13
22340.00 2.031196e-13
22350.00 1.920793e-13
22360.00 1.934456e-13
22370.00 1.980176e-13
22380.00 1.968526e-13
22390.00 1.990748e-13
22400.00 2.024827e-13
22410.00 1.901045e-13
22420.00 1.792732e-13
22430.00 1.837979e-13
22440.00 1.854005e-13
22450.00 1.848308e-13
22460.00 1.816690e-13
22470.00 1.755672e-13
22480.00 1.711801e-13
22490.00 1.606056e-13
22500.00 1.507244e-13
22510.00 1.538705e-13
22520.00 1.627685e-13
22530.00 1.669831e-13
22540.00 1.617295e-13
22550.00 1.533814e-13
22560.00 1.533170e-13
22570.00 1.624935e-13
22580.00 1.727720e-13
22590.00 1.750616e-13
22600.00 1.668625e-13
22610.00 1.538741e-13
22620.00 1.468973e-13
22630.00 1.472554e-13
22640.00 1.489342e-13
22650.00 1.569953e-13
22660.00 1.650724e-13
22670.00 1.604048e-13
22680.00 1.443985e-13
22690.00 1.323840e-13
22700.00 1.368619e-13
22710.00 1.443215e-13
22720.00 1.469365e-13
22730.00 1.498996e-13
22740.00 1.545535e-13
22750.00 1.523453e-13
22760.00 1.490350e-13
22770.00 1.563671e-13
22780.00 1.504299e-13
22790.00 1.328767e-13
22800.00 1.336389e-13
22810.00 1.419233e-13
22820.00 1.449663e-13
22830.00 1.394663e-13
22840.00 1.284213e-13
22850.00 1.351505e-13
22860.00 1.388712e-13
22870.00 1.361873e-13
22880.00 1.338539e-13
22890.00 1.291200e-13
22900.00 1.297195e-13
22910.00 1.322704e-13
22920.00 1.381997e-13
22930.00 1.434525e-13
22940.00 1.383483e-13
22950.00 1.269067e-13
22960.00 1.222224e-13
22970.00 1.216676e-13
22980.00 1.120114e-13
22990.00 1.051415e-13
23000.00 1.158978e-13
23010.00 1.284418e-13
23020.00 1.311418e-13
23030.00 1.274085e-13
23040.00 1.182694e-13
23050.00 1.148230e-13
23060.00 1.198637e-13
23070.00 1.221545e-13
23080.00 1.265583e-13
23090.00 1.292705e-13
23100.00 1.192061e-13
23110.00 1.057245e-13
23120.00 9.879562e-14
23130.00 1.023695e-13
23140.00 1.088360e-13
23150.00 1.060803e-13
23160.00 1.012130e-13
23170.00 1.049186e-13
23180.00 1.088774e-13
23190.00 1.043715e-13
23200.00 1.027391e-13
23210.00 1.031772e-13
23220.00 1.009413e-13
23230.00 9.470784e-14
23240.00 9.158799e-14
23250.00 9.531018e-14
23260.00 8.686471e-14
23270.00 8.541450e-14
23280.00 8.861655e-14
23290.00 8.696060e-14
23300.00 8.942636e-14
23310.00 9.254950e-14
23320.00 9.266535e-14
23330.00 8.836884e-14
23340.00 9.138205e-14
23350.00 1.012983e-13
23360.00 1.052523e-13
23370.00 1.004921e-13
23380.00 8.884742e-14
23390.00 9.331336e-14
23400.00 1.008088e-13
23410.00 9.113420e-14
23420.00 8.052019e-14
23430.00 7.804506e-14
23440.00 7.127370e-14
23450.00 6.261326e-14
23460.00 6.695889e-14
23470.00 7.487926e-14
23480.00 7.806573e-14
23490.00 8.668370e-14
23500.00 9.522589e-14
23510.00 9.703073e-14
23520.00 9.903222e-14
23530.00 9.823658e-14
23540.00 9.260914e-14
23550.00 8.773703e-14
23560.00 8.133832e-14
23570.00 7.504645e-14
23580.00 7.660309e-14
23590.00 8.142421e-14
23600.00 7.846848e-14
23610.00 7.397251e-14
23620.00 7.962384e-14
23630.00 8.599930e-14
23640.00 7.787641e-14
23650.00 6.772177e-14
23660.00 7.190809e-14
23670.00 7.334224e-14
23680.00 6.297429e-14
23690.00 5.986876e-14
23700.00 7.250945e-14
23710.00 7.994621e-14
23720.00 7.188114e-14
23730.00 5.869115e-14
23740.00 5.220993e-14
23750.00 5.147155e-14
23760.00 5.927279e-14
23770.00 6.630230e-14
23780.00 6.384361e-14
23790.00 6.299728e-14
23800.00 6.803392e-14
23810.00 7.205922e-14
23820.00 6.235450e-14
23830.00 5.661004e-14
23840.00 6.138100e-14
23850.00 6.240444e-14
23860.00 5.630643e-14
23870.00 5.581320e-14
23880.00 5.587865e-14
23890.00 5.720162e-14
23900.00 5.853777e-14
23910.00 5.257507e-14
23920.00 4.919782e-14
23930.00 5.090875e-14
23940.00 5.276740e-14
23950.00 5.284987e-14
23960.00 5.254520e-14
23970.00 5.415529e-14
23980.00 5.375170e-14
23990.00 5.187845e-14
24000.00 5.143413e-14
24010.00 5.142538e-14
24020.00 5.141638e-14
24030.00 5.331858e-14
24040.00 5.770225e-14
24050.00 5.839335e-14
24060.00 5.242976e-14
24070.00 4.331419e-14
24080.00 3.652907e-14
24090.00 4.369932e-14
24100.00 5.614866e-14
24110.00 5.595325e-14
24120.00 4.820755e-14
24130.00 3.987413e-14
24140.00 3.556116e-14
24150.00 4.147418e-14
24160.00 4.875598e-14
24170.00 5.128330e-14
24180.00 4.610567e-14
24190.00 3.469900e-14
24200.00 2.947585e-14
24210.00 3.372230e-14
24220.00 4.683847e-14
24230.00 5.026526e-14
24240.00 4.355960e-14
24250.00 5.140605e-14
24260.00 5.685463e-14
24270.00 5.224068e-14
24280.00 5.078072e-14
24290.00 3.746193e-14
24300.00 3.033524e-14
24310.00 3.953195e-14
24320.00 4.094898e-14
24330.00 3.564862e-14
24340.00 3.518113e-14
24350.00 3.367429e-14
24360.00 4.200477e-14
24370.00 5.197101e-14
24380.00 4.667941e-14
24390.00 3.746544e-14
24400.00 3.623394e-14
24410.00 3.648202e-14
24420.00 3.423086e-14
24430.00 3.284464e-14
24440.00 3.193442e-14
24450.00 3.160946e-14
24460.00 3.128569e-14
24470.00 3.096295e-14
24480.00 3.064124e-14
24490.00 3.032054e-14
24500.00 3.000087e-14
24510.00 2.968222e-14
24520.00 2.936459e-14
24530.00 2.904799e-14
24540.00 2.873240e-14
24550.00 2.841783e-14
24560.00 2.810428e-14
24570.00 2.779175e-14
24580.00 2.748024e-14
24590.00 2.716974e-14
24600.00 2.686026e-14
24610.00 2.655181e-14
24620.00 2.624436e-14
24630.00 2.593793e-14
24640.00 2.563251e-14
24650.00 2.532811e-14
24660.00 2.502473e-14
24670.00 2.472236e-14
24680.00 2.442099e-14
24690.00 2.412065e-14
24700.00 2.382131e-14
24710.00 2.352299e-14
24720.00 2.322568e-14
24730.00 2.292938e-14
24740.00 2.263409e-14
24750.00 2.233981e-14
24760.00 2.204654e-14
24770.00 2.175427e-14
24780.00 2.146302e-14
24790.00 2.117278e-14
24800.00 2.088354e-14
24810.00 2.059531e-14
24820.00 2.030808e-14
24830.00 2.002187e-14
24840.00 1.973666e-14
24850.00 1.945246e-14
24860.00 1.916926e-14
24870.00 1.888706e-14
24880.00 1.860587e-14
24890.00 1.832569e-14
24900.00 1.804651e-14
24910.00 1.776834e-14
24920.00 1.749116e-14
24930.00 1.721499e-14
24940.00 1.693983e-14
24950.00 1.666566e-14
24960.00 1.639249e-14
24970.00 1.612033e-14
24980.00 1.584917e-14
24990.00 1.557901e-14
25000.00 1.530986e-14
