1000.00 7.931412e-14
1010.00 8.536610e-14
1020.00 9.141515e-14
1030.00 9.749032e-14
1040.00 1.036168e-13
1050.00 1.098161e-13
1060.00 1.161068e-13
1070.00 1.225044e-13
1080.00 1.290222e-13
1090.00 1.356715e-13
1100.00 1.424614e-13
1110.00 1.493996e-13
1120.00 1.564920e-13
1130.00 1.638513e-13
1140.00 1.714988e-13
1150.00 1.794515e-13
1160.00 1.877261e-13
1170.00 1.963393e-13
1180.00 2.053077e-13
1190.00 2.146487e-13
1200.00 2.243797e-13
1210.00 2.345175e-13
1220.00 2.450796e-13
1230.00 2.560833e-13
1240.00 2.675381e-13
1250.00 2.795005e-13
1260.00 2.920139e-13
1270.00 3.052821e-13
1280.00 3.193365e-13
1290.00 3.342102e-13
1300.00 3.499373e-13
1310.00 3.665539e-13
1320.00 3.840974e-13
1330.00 4.026072e-13
1340.00 4.221238e-13
1350.00 4.426898e-13
1360.00 4.643493e-13
1370.00 4.871494e-13
1380.00 5.111380e-13
1390.00 5.363643e-13
1400.00 5.628793e-13
1410.00 5.907361e-13
1420.00 6.199902e-13
1430.00 6.506992e-13
1440.00 6.829227e-13
1450.00 7.167233e-13
1460.00 7.521643e-13
1470.00 7.893149e-13
1480.00 8.282428e-13
1490.00 8.690221e-13
1500.00 9.117289e-13
1510.00 9.564413e-13
1520.00 1.003243e-12
1530.00 1.052219e-12
1540.00 1.103462e-12
1550.00 1.157068e-12
1560.00 1.213137e-12
1570.00 1.271774e-12
1580.00 1.333087e-12
1590.00 1.397193e-12
1600.00 1.464217e-12
1610.00 1.534287e-12
1620.00 1.607543e-12
1630.00 1.684132e-12
1640.00 1.764212e-12
1650.00 1.847950e-12
1660.00 1.935527e-12
1670.00 2.027136e-12
1680.00 2.122985e-12
1690.00 2.223297e-12
1700.00 2.328311e-12
1710.00 2.438260e-12
1720.00 2.553435e-12
1730.00 2.674160e-12
1740.00 2.800788e-12
1750.00 2.933701e-12
1760.00 3.073319e-12
1770.00 3.220106e-12
1780.00 3.374572e-12
1790.00 3.537279e-12
1800.00 3.708848e-12
1810.00 3.889992e-12
1820.00 4.081446e-12
1830.00 4.284049e-12
1840.00 4.498732e-12
1850.00 4.726527e-12
1860.00 4.968578e-12
1870.00 5.226501e-12
1880.00 5.503989e-12
1890.00 5.804304e-12
1900.00 6.135952e-12
1910.00 6.477048e-12
1920.00 6.838805e-12
1930.00 7.227738e-12
1940.00 7.652229e-12
1950.00 8.123279e-12
1960.00 8.654521e-12
1970.00 9.231575e-12
1980.00 9.871112e-12
1990.00 1.053253e-11
2000.00 1.145983e-11
2010.00 1.234740e-11
2020.00 1.328876e-11
2030.00 1.420840e-11
2040.00 1.517327e-11
2050.00 1.633167e-11
2060.00 1.760740e-11
2070.00 1.876740e-11
2080.00 1.996106e-11
2090.00 2.125663e-11
2100.00 2.267182e-11
2110.00 2.411585e-11
2120.00 2.557287e-11
2130.00 2.726071e-11
2140.00 2.895273e-11
2150.00 3.035439e-11
2160.00 3.161770e-11
2170.00 3.282751e-11
2180.00 3.392953e-11
2190.00 3.494057e-11
2200.00 3.566012e-11
2210.00 3.631103e-11
2220.00 3.711230e-11
2230.00 3.773363e-11
2240.00 3.833034e-11
2250.00 3.881598e-11
2260.00 3.923592e-11
2270.00 3.965031e-11
2280.00 4.009080e-11
2290.00 4.038768e-11
2300.00 4.066863e-11
2310.00 4.046896e-11
2320.00 4.007539e-11
2330.00 4.000714e-11
2340.00 4.003572e-11
2350.00 3.994571e-11
2360.00 3.985508e-11
2370.00 3.959375e-11
2380.00 3.934154e-11
2390.00 3.885781e-11
2400.00 3.841763e-11
2410.00 3.790144e-11
2420.00 3.718739e-11
2430.00 3.658781e-11
2440.00 3.628992e-11
2450.00 3.598801e-11
2460.00 3.560821e-11
2470.00 3.523933e-11
2480.00 3.496370e-11
2490.00 3.482185e-11
2500.00 3.457564e-11
2510.00 3.435726e-11
2520.00 3.443614e-11
2530.00 3.380608e-11
2540.00 3.240700e-11
2550.00 3.178875e-11
2560.00 3.142018e-11
2570.00 3.113630e-11
2580.00 3.079471e-11
2590.00 3.082486e-11
2600.00 3.079050e-11
2610.00 3.113076e-11
2620.00 3.143700e-11
2630.00 3.218698e-11
2640.00 3.290751e-11
2650.00 3.370145e-11
2660.00 3.470282e-11
2670.00 3.570524e-11
2680.00 3.677688e-11
2690.00 3.774985e-11
2700.00 3.866457e-11
2710.00 3.976075e-11
2720.00 4.116813e-11
2730.00 4.279359e-11
2740.00 4.376668e-11
2750.00 4.453300e-11
2760.00 4.569737e-11
2770.00 4.721755e-11
2780.00 4.890931e-11
2790.00 5.036514e-11
2800.00 5.169274e-11
2810.00 5.312782e-11
2820.00 5.499978e-11
2830.00 5.735337e-11
2840.00 6.012577e-11
2850.00 6.327655e-11
2860.00 6.658169e-11
2870.00 6.977497e-11
2880.00 7.262677e-11
2890.00 7.516999e-11
2900.00 7.762486e-11
2910.00 7.987211e-11
2920.00 8.174560e-11
2930.00 8.326132e-11
2940.00 8.527099e-11
2950.00 8.796100e-11
2960.00 8.998701e-11
2970.00 9.160860e-11
2980.00 9.296320e-11
2990.00 9.423883e-11
3000.00 9.574121e-11
3010.00 9.713695e-11
3020.00 9.792470e-11
3030.00 9.820662e-11
3040.00 9.753836e-11
3050.00 9.630786e-11
3060.00 9.512784e-11
3070.00 9.417695e-11
3080.00 9.389782e-11
3090.00 9.398860e-11
3100.00 9.471937e-11
3110.00 9.585483e-11
3120.00 9.751944e-11
3130.00 9.946206e-11
3140.00 1.013730e-10
3150.00 1.029449e-10
3160.00 1.046252e-10
3170.00 1.059694e-10
3180.00 1.070038e-10
3190.00 1.083813e-10
3200.00 1.096773e-10
3210.00 1.110700e-10
3220.00 1.128767e-10
3230.00 1.145711e-10
3240.00 1.161854e-10
3250.00 1.184295e-10
3260.00 1.197516e-10
3270.00 1.210192e-10
3280.00 1.219628e-10
3290.00 1.231936e-10
3300.00 1.242439e-10
3310.00 1.261490e-10
3320.00 1.281004e-10
3330.00 1.311562e-10
3340.00 1.360003e-10
3350.00 1.415048e-10
3360.00 1.476587e-10
3370.00 1.543659e-10
3380.00 1.620087e-10
3390.00 1.691366e-10
3400.00 1.754060e-10
3410.00 1.819881e-10
3420.00 1.880695e-10
3430.00 1.945773e-10
3440.00 2.016876e-10
3450.00 2.085703e-10
3460.00 2.190925e-10
3470.00 2.151638e-10
3480.00 2.099340e-10
3490.00 2.071643e-10
3500.00 2.057792e-10
3510.00 2.056500e-10
3520.00 2.093369e-10
3530.00 2.086835e-10
3540.00 2.064487e-10
3550.00 2.075469e-10
3560.00 2.094259e-10
3570.00 2.177044e-10
3580.00 2.231312e-10
3590.00 2.244945e-10
3600.00 2.200336e-10
3610.00 2.147788e-10
3620.00 2.060915e-10
3630.00 1.995256e-10
3640.00 1.984891e-10
3650.00 2.008196e-10
3660.00 2.079671e-10
3670.00 2.140986e-10
3680.00 2.129569e-10
3690.00 2.022273e-10
3700.00 1.852980e-10
3710.00 1.708886e-10
3720.00 1.372127e-10
3730.00 1.395165e-10
3740.00 1.308806e-10
3750.00 1.227311e-10
3760.00 1.236087e-10
3770.00 1.157751e-10
3780.00 1.174946e-10
3790.00 1.186688e-10
3800.00 1.206517e-10
3810.00 1.195113e-10
3820.00 1.370297e-10
3830.00 1.600542e-10
3840.00 1.850441e-10
3850.00 1.999522e-10
3860.00 2.491564e-10
3870.00 3.111905e-10
3880.00 3.153792e-10
3890.00 3.611386e-10
3900.00 3.870176e-10
3910.00 4.110441e-10
3920.00 4.193390e-10
3930.00 4.251553e-10
3940.00 4.282510e-10
3950.00 4.298000e-10
3960.00 4.399108e-10
3970.00 4.364927e-10
3980.00 4.326884e-10
3990.00 4.370459e-10
4000.00 4.641330e-10
4010.00 4.731043e-10
4020.00 4.923949e-10
4030.00 4.913854e-10
4040.00 4.874341e-10
4050.00 4.777924e-10
4060.00 4.628169e-10
4070.00 4.469748e-10
4080.00 4.242063e-10
4090.00 4.010395e-10
4100.00 3.795369e-10
4110.00 3.621317e-10
4120.00 3.527132e-10
4130.00 3.495039e-10
4140.00 3.446493e-10
4150.00 3.390803e-10
4160.00 3.322211e-10
4170.00 3.294426e-10
4180.00 3.250141e-10
4190.00 3.242124e-10
4200.00 3.236727e-10
4210.00 3.276974e-10
4220.00 3.310199e-10
4230.00 3.377815e-10
4240.00 3.402942e-10
4250.00 3.419121e-10
4260.00 3.422833e-10
4270.00 3.412861e-10
4280.00 3.429005e-10
4290.00 3.443863e-10
4300.00 3.459537e-10
4310.00 3.441701e-10
4320.00 3.459526e-10
4330.00 3.398810e-10
4340.00 3.341564e-10
4350.00 3.295131e-10
4360.00 3.233991e-10
4370.00 3.209882e-10
4380.00 3.150650e-10
4390.00 3.085929e-10
4400.00 3.040595e-10
4410.00 3.008618e-10
4420.00 2.988315e-10
4430.00 3.004404e-10
4440.00 3.039906e-10
4450.00 3.113669e-10
4460.00 3.118866e-10
4470.00 3.348230e-10
4480.00 3.619285e-10
4490.00 3.889632e-10
4500.00 4.255065e-10
4510.00 4.546952e-10
4520.00 4.625251e-10
4530.00 4.853147e-10
4540.00 5.019877e-10
4550.00 5.287187e-10
4560.00 5.372590e-10
4570.00 5.570633e-10
4580.00 5.779705e-10
4590.00 5.878031e-10
4600.00 5.971648e-10
4610.00 5.990550e-10
4620.00 5.958443e-10
4630.00 5.910581e-10
4640.00 5.815250e-10
4650.00 5.664682e-10
4660.00 5.552334e-10
4670.00 5.351066e-10
4680.00 5.139126e-10
4690.00 4.962080e-10
4700.00 4.753312e-10
4710.00 4.593403e-10
4720.00 4.449068e-10
4730.00 4.326663e-10
4740.00 4.123641e-10
4750.00 3.977922e-10
4760.00 3.787822e-10
4770.00 3.662705e-10
4780.00 3.463920e-10
4790.00 3.393554e-10
4800.00 3.299163e-10
4810.00 3.337076e-10
4820.00 3.382991e-10
4830.00 3.467956e-10
4840.00 3.542484e-10
4850.00 3.516045e-10
4860.00 3.572938e-10
4870.00 3.614393e-10
4880.00 3.652849e-10
4890.00 3.599923e-10
4900.00 3.630948e-10
4910.00 3.762473e-10
4920.00 3.903218e-10
4930.00 4.106202e-10
4940.00 4.216918e-10
4950.00 4.350186e-10
4960.00 4.385438e-10
4970.00 4.362427e-10
4980.00 4.319989e-10
4990.00 4.115700e-10
5000.00 3.859648e-10
5010.00 3.658007e-10
5020.00 3.465695e-10
5030.00 3.329503e-10
5040.00 3.271043e-10
5050.00 3.175210e-10
5060.00 3.198235e-10
5070.00 3.302518e-10
5080.00 3.389333e-10
5090.00 3.536073e-10
5100.00 3.610819e-10
5110.00 3.685102e-10
5120.00 3.757120e-10
5130.00 3.822899e-10
5140.00 3.920583e-10
5150.00 4.004269e-10
5160.00 4.040982e-10
5170.00 4.119467e-10
5180.00 4.171595e-10
5190.00 4.227339e-10
5200.00 4.237524e-10
5210.00 4.326650e-10
5220.00 4.456533e-10
5230.00 4.595753e-10
5240.00 4.820137e-10
5250.00 4.950246e-10
5260.00 5.032624e-10
5270.00 5.169528e-10
5280.00 5.253385e-10
5290.00 5.307416e-10
5300.00 5.469000e-10
5310.00 5.555431e-10
5320.00 5.610300e-10
5330.00 5.702925e-10
5340.00 5.736265e-10
5350.00 5.700426e-10
5360.00 5.640527e-10
5370.00 5.559709e-10
5380.00 5.502655e-10
5390.00 5.454954e-10
5400.00 5.394691e-10
5410.00 5.390219e-10
5420.00 5.312111e-10
5430.00 5.367659e-10
5440.00 5.384748e-10
5450.00 5.521203e-10
5460.00 5.674477e-10
5470.00 5.768361e-10
5480.00 5.797872e-10
5490.00 5.794102e-10
5500.00 5.690408e-10
5510.00 5.608033e-10
5520.00 5.435893e-10
5530.00 5.149633e-10
5540.00 4.883392e-10
5550.00 4.373944e-10
5560.00 4.150229e-10
5570.00 4.106274e-10
5580.00 3.718545e-10
5590.00 3.322177e-10
5600.00 3.148666e-10
5610.00 2.991887e-10
5620.00 2.691726e-10
5630.00 2.528834e-10
5640.00 2.425254e-10
5650.00 2.281193e-10
5660.00 2.172263e-10
5670.00 2.086465e-10
5680.00 2.060512e-10
5690.00 2.089053e-10
5700.00 2.115966e-10
5710.00 2.200531e-10
5720.00 2.306958e-10
5730.00 2.361880e-10
5740.00 2.583979e-10
5750.00 2.856617e-10
5760.00 3.121724e-10
5770.00 3.300337e-10
5780.00 3.525111e-10
5790.00 3.779098e-10
5800.00 4.166006e-10
5810.00 4.836703e-10
5820.00 5.285660e-10
5830.00 5.627733e-10
5840.00 5.866497e-10
5850.00 6.088209e-10
5860.00 6.210381e-10
5870.00 6.194163e-10
5880.00 6.179401e-10
5890.00 5.819931e-10
5900.00 5.676060e-10
5910.00 5.889578e-10
5920.00 5.803369e-10
5930.00 6.043323e-10
5940.00 6.182108e-10
5950.00 6.378928e-10
5960.00 6.377288e-10
5970.00 6.356171e-10
5980.00 6.261751e-10
5990.00 6.164764e-10
6000.00 6.060895e-10
6010.00 5.941888e-10
6020.00 5.821489e-10
6030.00 5.689183e-10
6040.00 5.596704e-10
6050.00 5.465537e-10
6060.00 5.389217e-10
6070.00 5.284956e-10
6080.00 5.185428e-10
6090.00 5.164785e-10
6100.00 5.097659e-10
6110.00 5.041980e-10
6120.00 5.000591e-10
6130.00 4.987476e-10
6140.00 4.951923e-10
6150.00 4.989015e-10
6160.00 5.008421e-10
6170.00 5.080273e-10
6180.00 5.192934e-10
6190.00 5.343159e-10
6200.00 5.497901e-10
6210.00 5.586762e-10
6220.00 5.644055e-10
6230.00 5.676678e-10
6240.00 5.634523e-10
6250.00 5.607544e-10
6260.00 5.509637e-10
6270.00 5.438817e-10
6280.00 5.368942e-10
6290.00 5.279511e-10
6300.00 5.225754e-10
6310.00 5.147910e-10
6320.00 5.131237e-10
6330.00 5.089117e-10
6340.00 5.113320e-10
6350.00 5.156113e-10
6360.00 5.188951e-10
6370.00 5.217364e-10
6380.00 5.236671e-10
6390.00 5.315615e-10
6400.00 5.299660e-10
6410.00 5.346604e-10
6420.00 5.413931e-10
6430.00 5.480396e-10
6440.00 5.488367e-10
6450.00 5.468945e-10
6460.00 5.454752e-10
6470.00 5.429283e-10
6480.00 5.390664e-10
6490.00 5.343752e-10
6500.00 5.311793e-10
6510.00 5.256419e-10
6520.00 5.224494e-10
6530.00 5.218054e-10
6540.00 5.236240e-10
6550.00 5.299113e-10
6560.00 5.414574e-10
6570.00 5.458828e-10
6580.00 5.533907e-10
6590.00 5.261871e-10
6600.00 4.998065e-10
6610.00 4.810177e-10
6620.00 4.657404e-10
6630.00 4.544297e-10
6640.00 4.451622e-10
6650.00 4.374497e-10
6660.00 4.303832e-10
6670.00 4.224188e-10
6680.00 4.127137e-10
6690.00 4.030644e-10
6700.00 3.936627e-10
6710.00 3.813518e-10
6720.00 3.705051e-10
6730.00 3.657805e-10
6740.00 3.618140e-10
6750.00 3.559408e-10
6760.00 3.528547e-10
6770.00 3.539642e-10
6780.00 3.499333e-10
6790.00 3.441627e-10
6800.00 3.385597e-10
6810.00 3.302065e-10
6820.00 3.210229e-10
6830.00 3.126562e-10
6840.00 3.072741e-10
6850.00 3.036145e-10
6860.00 3.002286e-10
6870.00 2.995717e-10
6880.00 2.987186e-10
6890.00 3.004098e-10
6900.00 3.026071e-10
6910.00 3.072345e-10
6920.00 3.130232e-10
6930.00 3.197592e-10
6940.00 3.292484e-10
6950.00 3.361010e-10
6960.00 3.384549e-10
6970.00 3.439012e-10
6980.00 3.417924e-10
6990.00 3.421255e-10
7000.00 3.419992e-10
7010.00 3.349547e-10
7020.00 3.305600e-10
7030.00 3.301140e-10
7040.00 3.274951e-10
7050.00 3.284227e-10
7060.00 3.317769e-10
7070.00 3.361049e-10
7080.00 3.401786e-10
7090.00 3.429071e-10
7100.00 3.469266e-10
7110.00 3.516711e-10
7120.00 3.552644e-10
7130.00 3.648410e-10
7140.00 3.669403e-10
7150.00 3.746310e-10
7160.00 3.832021e-10
7170.00 3.892329e-10
7180.00 3.957920e-10
7190.00 3.992191e-10
7200.00 4.169262e-10
7210.00 4.299641e-10
7220.00 4.443240e-10
7230.00 4.499308e-10
7240.00 4.542156e-10
7250.00 4.613717e-10
7260.00 4.538761e-10
7270.00 4.579409e-10
7280.00 4.560247e-10
7290.00 4.462236e-10
7300.00 4.413531e-10
7310.00 4.394221e-10
7320.00 4.262447e-10
7330.00 4.185730e-10
7340.00 4.112317e-10
7350.00 4.056213e-10
7360.00 3.976073e-10
7370.00 3.926633e-10
7380.00 3.903685e-10
7390.00 3.829812e-10
7400.00 3.761671e-10
7410.00 3.725610e-10
7420.00 3.616330e-10
7430.00 3.592056e-10
7440.00 3.563602e-10
7450.00 3.550629e-10
7460.00 3.369966e-10
7470.00 3.262942e-10
7480.00 3.167040e-10
7490.00 3.016991e-10
7500.00 2.890088e-10
7510.00 2.891795e-10
7520.00 2.924544e-10
7530.00 2.885830e-10
7540.00 2.771308e-10
7550.00 2.615160e-10
7560.00 2.554182e-10
7570.00 2.469048e-10
7580.00 2.474056e-10
7590.00 2.443898e-10
7600.00 2.418119e-10
7610.00 2.397405e-10
7620.00 2.461299e-10
7630.00 2.541057e-10
7640.00 2.623713e-10
7650.00 2.762002e-10
7660.00 2.896156e-10
7670.00 3.097482e-10
7680.00 3.257297e-10
7690.00 3.300590e-10
7700.00 3.566781e-10
7710.00 3.657573e-10
7720.00 3.325804e-10
7730.00 3.353286e-10
7740.00 3.373132e-10
7750.00 3.371840e-10
7760.00 3.303665e-10
7770.00 3.325705e-10
7780.00 3.425453e-10
7790.00 3.505834e-10
7800.00 3.518557e-10
7810.00 3.513808e-10
7820.00 3.421281e-10
7830.00 3.335935e-10
7840.00 3.271029e-10
7850.00 3.351089e-10
7860.00 3.472097e-10
7870.00 3.518284e-10
7880.00 3.381099e-10
7890.00 3.159308e-10
7900.00 3.081988e-10
7910.00 2.937323e-10
7920.00 2.941585e-10
7930.00 2.819122e-10
7940.00 2.689511e-10
7950.00 2.651152e-10
7960.00 2.566092e-10
7970.00 2.525128e-10
7980.00 2.465345e-10
7990.00 2.418243e-10
8000.00 2.400453e-10
8010.00 2.336742e-10
8020.00 2.230276e-10
8030.00 2.180960e-10
8040.00 2.055078e-10
8050.00 2.001097e-10
8060.00 1.984031e-10
8070.00 1.866466e-10
8080.00 1.758670e-10
8090.00 1.714183e-10
8100.00 1.678925e-10
8110.00 1.694879e-10
8120.00 1.613750e-10
8130.00 1.531407e-10
8140.00 1.375141e-10
8150.00 1.007813e-10
8160.00 1.019494e-10
8170.00 8.599260e-11
8180.00 6.844517e-11
8190.00 7.367697e-11
8200.00 6.563006e-11
8210.00 5.684725e-11
8220.00 5.191587e-11
8230.00 4.990535e-11
8240.00 5.772307e-11
8250.00 4.293306e-11
8260.00 6.282964e-11
8270.00 6.334467e-11
8280.00 5.920866e-11
8290.00 7.263906e-11
8300.00 8.355854e-11
8310.00 6.862828e-11
8320.00 8.873757e-11
8330.00 9.917671e-11
8340.00 1.018090e-10
8350.00 1.035257e-10
8360.00 1.141385e-10
8370.00 1.263300e-10
8380.00 1.517548e-10
8390.00 1.527328e-10
8400.00 1.578067e-10
8410.00 2.112270e-10
8420.00 2.308055e-10
8430.00 2.636358e-10
8440.00 2.827561e-10
8450.00 3.260868e-10
8460.00 3.398280e-10
8470.00 3.951721e-10
8480.00 4.198147e-10
8490.00 4.386910e-10
8500.00 4.668511e-10
8510.00 5.217667e-10
8520.00 5.657957e-10
8530.00 6.454516e-10
8540.00 6.559796e-10
8550.00 6.722911e-10
8560.00 7.009403e-10
8570.00 7.334608e-10
8580.00 7.392754e-10
8590.00 7.714586e-10
8600.00 8.039365e-10
8610.00 8.393991e-10
8620.00 8.295432e-10
8630.00 8.157464e-10
8640.00 7.961588e-10
8650.00 7.472890e-10
8660.00 7.175396e-10
8670.00 7.081998e-10
8680.00 6.988976e-10
8690.00 6.888953e-10
8700.00 6.683954e-10
8710.00 6.684441e-10
8720.00 6.837710e-10
8730.00 6.616338e-10
8740.00 6.497181e-10
8750.00 6.102824e-10
8760.00 5.834587e-10
8770.00 5.841123e-10
8780.00 5.127340e-10
8790.00 4.759979e-10
8800.00 4.548256e-10
8810.00 4.055662e-10
8820.00 3.797096e-10
8830.00 3.414236e-10
8840.00 3.059265e-10
8850.00 2.971970e-10
8860.00 2.706977e-10
8870.00 2.402908e-10
8880.00 2.339783e-10
8890.00 2.066663e-10
8900.00 2.028994e-10
8910.00 2.203182e-10
8920.00 2.250692e-10
8930.00 2.168256e-10
8940.00 2.059066e-10
8950.00 2.256665e-10
8960.00 2.431745e-10
8970.00 2.282167e-10
8980.00 2.289596e-10
8990.00 2.281579e-10
9000.00 2.171861e-10
9010.00 2.182132e-10
9020.00 2.181548e-10
9030.00 2.134455e-10
9040.00 2.103714e-10
9050.00 2.081718e-10
9060.00 2.073190e-10
9070.00 2.206856e-10
9080.00 2.297188e-10
9090.00 2.277333e-10
9100.00 2.136768e-10
9110.00 1.945657e-10
9120.00 2.047195e-10
9130.00 2.098764e-10
9140.00 2.128889e-10
9150.00 2.078650e-10
9160.00 2.044972e-10
9170.00 2.059161e-10
9180.00 2.087070e-10
9190.00 2.071432e-10
9200.00 2.153400e-10
9210.00 2.136744e-10
9220.00 1.994768e-10
9230.00 1.798007e-10
9240.00 1.974898e-10
9250.00 1.916986e-10
9260.00 1.983872e-10
9270.00 1.928254e-10
9280.00 1.876834e-10
9290.00 2.001224e-10
9300.00 2.277085e-10
9310.00 1.774218e-10
9320.00 1.851496e-10
9330.00 1.817684e-10
9340.00 1.907372e-10
9350.00 1.693809e-10
9360.00 1.708136e-10
9370.00 1.710485e-10
9380.00 1.606925e-10
9390.00 1.731573e-10
9400.00 1.855783e-10
9410.00 1.857448e-10
9420.00 1.803087e-10
9430.00 1.892188e-10
9440.00 1.876622e-10
9450.00 1.903676e-10
9460.00 1.852026e-10
9470.00 1.848632e-10
9480.00 1.909620e-10
9490.00 1.801797e-10
9500.00 1.732561e-10
9510.00 1.785627e-10
9520.00 1.773587e-10
9530.00 1.815117e-10
9540.00 1.640820e-10
9550.00 1.653105e-10
9560.00 1.646188e-10
9570.00 1.538830e-10
9580.00 1.315068e-10
9590.00 1.166504e-10
9600.00 1.148304e-10
9610.00 1.256041e-10
9620.00 1.155314e-10
9630.00 1.417701e-10
9640.00 1.341308e-10
9650.00 1.024269e-10
9660.00 1.047903e-10
9670.00 1.084906e-10
9680.00 1.198491e-10
9690.00 1.285901e-10
9700.00 1.357086e-10
9710.00 1.363967e-10
9720.00 1.302928e-10
9730.00 1.283498e-10
9740.00 1.321083e-10
9750.00 1.416765e-10
9760.00 1.483257e-10
9770.00 1.489477e-10
9780.00 1.462653e-10
9790.00 1.443223e-10
9800.00 1.427703e-10
9810.00 1.367771e-10
9820.00 1.285714e-10
9830.00 1.245735e-10
9840.00 1.232706e-10
9850.00 1.218156e-10
9860.00 1.229778e-10
9870.00 1.262771e-10
9880.00 1.280352e-10
9890.00 1.271160e-10
9900.00 1.253271e-10
9910.00 1.256912e-10
9920.00 1.268418e-10
9930.00 1.275702e-10
9940.00 1.282569e-10
9950.00 1.269427e-10
9960.00 1.266289e-10
9970.00 1.256620e-10
9980.00 1.245649e-10
9990.00 1.232974e-10
10000.00 1.223441e-10
10010.00 1.186125e-10
10020.00 1.139859e-10
10030.00 1.081103e-10
10040.00 1.052126e-10
10050.00 1.003889e-10
10060.00 9.874988e-11
10070.00 9.544489e-11
10080.00 8.927552e-11
10090.00 8.736997e-11
10100.00 8.282603e-11
10110.00 8.169015e-11
10120.00 7.917417e-11
10130.00 7.999132e-11
10140.00 7.883707e-11
10150.00 7.721939e-11
10160.00 7.380428e-11
10170.00 7.157861e-11
10180.00 7.429690e-11
10190.00 7.446492e-11
10200.00 7.475656e-11
10210.00 7.607443e-11
10220.00 6.886565e-11
10230.00 6.112045e-11
10240.00 5.381543e-11
10250.00 5.769401e-11
10260.00 4.827491e-11
10270.00 4.331005e-11
10280.00 3.874965e-11
10290.00 3.837588e-11
10300.00 3.507365e-11
10310.00 3.449914e-11
10320.00 3.113507e-11
10330.00 2.964286e-11
10340.00 3.454553e-11
10350.00 3.095449e-11
10360.00 2.501491e-11
10370.00 2.327471e-11
10380.00 2.256350e-11
10390.00 2.127523e-11
10400.00 1.721136e-11
10410.00 1.997501e-11
10420.00 2.333189e-11
10430.00 1.875900e-11
10440.00 1.951151e-11
10450.00 2.470233e-11
10460.00 2.885089e-11
10470.00 2.890125e-11
10480.00 2.971636e-11
10490.00 2.050200e-11
10500.00 2.689230e-11
10510.00 3.221357e-11
10520.00 3.453613e-11
10530.00 3.646935e-11
10540.00 3.809348e-11
10550.00 4.022193e-11
10560.00 4.323202e-11
10570.00 4.582928e-11
10580.00 4.676738e-11
10590.00 4.828666e-11
10600.00 5.229772e-11
10610.00 5.936694e-11
10620.00 6.669112e-11
10630.00 7.322778e-11
10640.00 7.835898e-11
10650.00 8.194051e-11
10660.00 8.661435e-11
10670.00 9.127122e-11
10680.00 9.499578e-11
10690.00 9.881552e-11
10700.00 1.043350e-10
10710.00 1.078545e-10
10720.00 1.065286e-10
10730.00 1.041768e-10
10740.00 1.073840e-10
10750.00 1.110973e-10
10760.00 1.112744e-10
10770.00 1.122145e-10
10780.00 1.138138e-10
10790.00 1.152865e-10
10800.00 1.171500e-10
10810.00 1.207397e-10
10820.00 1.227619e-10
10830.00 1.204158e-10
10840.00 1.198442e-10
10850.00 1.235495e-10
10860.00 1.254558e-10
10870.00 1.238965e-10
10880.00 1.227704e-10
10890.00 1.230769e-10
10900.00 1.225590e-10
10910.00 1.202791e-10
10920.00 1.175005e-10
10930.00 1.153849e-10
10940.00 1.140564e-10
10950.00 1.126451e-10
10960.00 1.109589e-10
10970.00 1.100255e-10
10980.00 1.088417e-10
10990.00 1.068137e-10
11000.00 1.048576e-10
11010.00 1.029775e-10
11020.00 1.020232e-10
11030.00 1.021510e-10
11040.00 1.010903e-10
11050.00 9.954524e-11
11060.00 9.884080e-11
11070.00 9.683973e-11
11080.00 9.480415e-11
11090.00 9.275712e-11
11100.00 9.053159e-11
11110.00 8.984538e-11
11120.00 8.841898e-11
11130.00 8.684830e-11
11140.00 8.542407e-11
11150.00 8.442450e-11
11160.00 8.485015e-11
11170.00 8.461313e-11
11180.00 8.371909e-11
11190.00 8.447514e-11
11200.00 8.661749e-11
11210.00 8.536205e-11
11220.00 8.373550e-11
11230.00 8.487690e-11
11240.00 8.520974e-11
11250.00 8.337690e-11
11260.00 8.264013e-11
11270.00 8.238257e-11
11280.00 8.107489e-11
11290.00 8.084472e-11
11300.00 8.063800e-11
11310.00 7.856115e-11
11320.00 7.632996e-11
11330.00 7.526273e-11
11340.00 7.387649e-11
11350.00 7.266476e-11
11360.00 7.237334e-11
11370.00 7.164293e-11
11380.00 7.023413e-11
11390.00 6.931730e-11
11400.00 6.852523e-11
11410.00 6.668720e-11
11420.00 6.500524e-11
11430.00 6.453521e-11
11440.00 6.381085e-11
11450.00 6.319929e-11
11460.00 6.360407e-11
11470.00 6.308731e-11
11480.00 6.110877e-11
11490.00 5.962399e-11
11500.00 5.932975e-11
11510.00 5.992430e-11
11520.00 5.966347e-11
11530.00 5.775305e-11
11540.00 5.592591e-11
11550.00 5.483555e-11
11560.00 5.389987e-11
11570.00 5.396448e-11
11580.00 5.524398e-11
11590.00 5.488552e-11
11600.00 5.390732e-11
11610.00 5.279552e-11
11620.00 5.173288e-11
11630.00 5.153345e-11
11640.00 5.174762e-11
11650.00 5.227890e-11
11660.00 5.211586e-11
11670.00 5.312516e-11
11680.00 5.349770e-11
11690.00 5.267435e-11
11700.00 5.230981e-11
11710.00 5.207697e-11
11720.00 5.211231e-11
11730.00 5.219088e-11
11740.00 5.165086e-11
11750.00 5.101890e-11
11760.00 5.058763e-11
11770.00 5.075418e-11
11780.00 5.152821e-11
11790.00 5.188108e-11
11800.00 5.207800e-11
11810.00 5.250575e-11
11820.00 5.287407e-11
11830.00 5.300065e-11
11840.00 5.257396e-11
11850.00 5.180031e-11
11860.00 5.126231e-11
11870.00 5.123532e-11
11880.00 5.158221e-11
11890.00 5.189195e-11
11900.00 5.180098e-11
11910.00 5.146578e-11
11920.00 5.152964e-11
11930.00 5.183737e-11
11940.00 5.169303e-11
11950.00 5.167221e-11
11960.00 5.190295e-11
11970.00 5.130344e-11
11980.00 5.071448e-11
11990.00 5.082430e-11
12000.00 5.003855e-11
12010.00 4.906214e-11
12020.00 4.878427e-11
12030.00 4.838321e-11
12040.00 4.763315e-11
12050.00 4.712561e-11
12060.00 4.625429e-11
12070.00 4.518879e-11
12080.00 4.493307e-11
12090.00 4.454892e-11
12100.00 4.376381e-11
12110.00 4.258127e-11
12120.00 4.158077e-11
12130.00 4.153084e-11
12140.00 4.310233e-11
12150.00 4.333571e-11
12160.00 4.201782e-11
12170.00 4.075337e-11
12180.00 4.004946e-11
12190.00 4.099313e-11
12200.00 4.233678e-11
12210.00 4.274940e-11
12220.00 4.142512e-11
12230.00 3.990575e-11
12240.00 3.891144e-11
12250.00 3.884131e-11
12260.00 3.872041e-11
12270.00 3.881650e-11
12280.00 3.980810e-11
12290.00 3.978348e-11
12300.00 3.920724e-11
12310.00 3.952593e-11
12320.00 3.998030e-11
12330.00 3.971653e-11
12340.00 3.922877e-11
12350.00 3.905526e-11
12360.00 3.923616e-11
12370.00 3.933630e-11
12380.00 3.895680e-11
12390.00 3.833891e-11
12400.00 3.754001e-11
12410.00 3.707848e-11
12420.00 3.793426e-11
12430.00 3.891056e-11
12440.00 3.840348e-11
12450.00 3.736368e-11
12460.00 3.680032e-11
12470.00 3.658626e-11
12480.00 3.669417e-11
12490.00 3.679449e-11
12500.00 3.677363e-11
12510.00 3.704608e-11
12520.00 3.721602e-11
12530.00 3.616865e-11
12540.00 3.522474e-11
12550.00 3.509720e-11
12560.00 3.613296e-11
12570.00 3.698660e-11
12580.00 3.565307e-11
12590.00 3.535265e-11
12600.00 3.580796e-11
12610.00 3.650308e-11
12620.00 3.704349e-11
12630.00 3.671549e-11
12640.00 3.714604e-11
12650.00 3.697077e-11
12660.00 3.602327e-11
12670.00 3.581919e-11
12680.00 3.608048e-11
12690.00 3.626829e-11
12700.00 3.603001e-11
12710.00 3.554221e-11
12720.00 3.580000e-11
12730.00 3.617851e-11
12740.00 3.598909e-11
12750.00 3.642111e-11
12760.00 3.714670e-11
12770.00 3.705100e-11
12780.00 3.616625e-11
12790.00 3.510556e-11
12800.00 3.446885e-11
12810.00 3.426011e-11
12820.00 3.423847e-11
12830.00 3.445545e-11
12840.00 3.422357e-11
12850.00 3.350782e-11
12860.00 3.353493e-11
12870.00 3.420836e-11
12880.00 3.448086e-11
12890.00 3.442294e-11
12900.00 3.446139e-11
12910.00 3.419338e-11
12920.00 3.362436e-11
12930.00 3.328671e-11
12940.00 3.282498e-11
12950.00 3.223279e-11
12960.00 3.195477e-11
12970.00 3.138287e-11
12980.00 3.077206e-11
12990.00 3.105986e-11
13000.00 3.153297e-11
13010.00 3.120656e-11
13020.00 3.048702e-11
13030.00 2.980231e-11
13040.00 2.964045e-11
13050.00 3.035040e-11
13060.00 3.119413e-11
13070.00 3.079943e-11
13080.00 2.965374e-11
13090.00 2.921264e-11
13100.00 2.917769e-11
13110.00 2.920707e-11
13120.00 2.895137e-11
13130.00 2.855700e-11
13140.00 2.835600e-11
13150.00 2.796347e-11
13160.00 2.754285e-11
13170.00 2.670286e-11
13180.00 2.667454e-11
13190.00 2.690406e-11
13200.00 2.646663e-11
13210.00 2.626806e-11
13220.00 2.640109e-11
13230.00 2.646320e-11
13240.00 2.712013e-11
13250.00 2.741289e-11
13260.00 2.732476e-11
13270.00 2.748713e-11
13280.00 2.710359e-11
13290.00 2.645732e-11
13300.00 2.561387e-11
13310.00 2.504588e-11
13320.00 2.545293e-11
13330.00 2.594817e-11
13340.00 2.583775e-11
13350.00 2.563647e-11
13360.00 2.554970e-11
13370.00 2.556424e-11
13380.00 2.486490e-11
13390.00 2.334930e-11
13400.00 2.233316e-11
13410.00 2.200240e-11
13420.00 2.176208e-11
13430.00 2.157504e-11
13440.00 2.141611e-11
13450.00 2.127571e-11
13460.00 2.115102e-11
13470.00 2.103780e-11
13480.00 2.093362e-11
13490.00 2.083618e-11
13500.00 2.074377e-11
13510.00 2.065633e-11
13520.00 2.057099e-11
13530.00 2.048778e-11
13540.00 2.040602e-11
13550.00 2.032440e-11
13560.00 2.024187e-11
13570.00 2.015888e-11
13580.00 2.007596e-11
13590.00 1.999282e-11
13600.00 1.990953e-11
13610.00 1.982631e-11
13620.00 1.974220e-11
13630.00 1.965686e-11
13640.00 1.957150e-11
13650.00 1.948554e-11
13660.00 1.939767e-11
13670.00 1.930982e-11
13680.00 1.922438e-11
13690.00 1.915393e-11
13700.00 1.908532e-11
13710.00 1.901668e-11
13720.00 1.893107e-11
13730.00 1.884267e-11
13740.00 1.875376e-11
13750.00 1.865659e-11
13760.00 1.855584e-11
13770.00 1.845361e-11
13780.00 1.834233e-11
13790.00 1.822397e-11
13800.00 1.810287e-11
13810.00 1.797356e-11
13820.00 1.783450e-11
13830.00 1.769021e-11
13840.00 1.753183e-11
13850.00 1.735057e-11
13860.00 1.716001e-11
13870.00 1.696977e-11
13880.00 1.677970e-11
13890.00 1.659071e-11
13900.00 1.640479e-11
13910.00 1.622250e-11
13920.00 1.604398e-11
13930.00 1.587108e-11
13940.00 1.570300e-11
13950.00 1.553668e-11
13960.00 1.537154e-11
13970.00 1.520829e-11
13980.00 1.504880e-11
13990.00 1.489624e-11
14000.00 1.475524e-11
14010.00 1.462814e-11
14020.00 1.453207e-11
14030.00 1.445594e-11
14040.00 1.430320e-11
14050.00 1.422470e-11
14060.00 1.430936e-11
14070.00 1.430680e-11
14080.00 1.415809e-11
14090.00 1.404883e-11
14100.00 1.395399e-11
14110.00 1.408798e-11
14120.00 1.451239e-11
14130.00 1.526768e-11
14140.00 1.470680e-11
14150.00 1.315570e-11
14160.00 1.285765e-11
14170.00 1.259941e-11
14180.00 1.206909e-11
14190.00 1.220465e-11
14200.00 1.133007e-11
14210.00 1.113462e-11
14220.00 1.215186e-11
14230.00 1.282865e-11
14240.00 1.266305e-11
14250.00 1.219158e-11
14260.00 1.245986e-11
14270.00 1.290986e-11
14280.00 1.339558e-11
14290.00 1.405406e-11
14300.00 1.417717e-11
14310.00 1.390221e-11
14320.00 1.403108e-11
14330.00 1.434501e-11
14340.00 1.504835e-11
14350.00 1.564148e-11
14360.00 1.561727e-11
14370.00 1.544750e-11
14380.00 1.526346e-11
14390.00 1.484076e-11
14400.00 1.449849e-11
14410.00 1.476421e-11
14420.00 1.544041e-11
14430.00 1.593238e-11
14440.00 1.592265e-11
14450.00 1.555162e-11
14460.00 1.534452e-11
14470.00 1.550259e-11
14480.00 1.565399e-11
14490.00 1.532852e-11
14500.00 1.483136e-11
14510.00 1.474660e-11
14520.00 1.483046e-11
14530.00 1.406010e-11
14540.00 1.337596e-11
14550.00 1.379933e-11
14560.00 1.385068e-11
14570.00 1.402158e-11
14580.00 1.477966e-11
14590.00 1.457176e-11
14600.00 1.355040e-11
14610.00 1.286376e-11
14620.00 1.314032e-11
14630.00 1.372085e-11
14640.00 1.348331e-11
14650.00 1.357906e-11
14660.00 1.413726e-11
14670.00 1.448353e-11
14680.00 1.442159e-11
14690.00 1.387034e-11
14700.00 1.393661e-11
14710.00 1.499045e-11
14720.00 1.471909e-11
14730.00 1.390186e-11
14740.00 1.408554e-11
14750.00 1.391649e-11
14760.00 1.359129e-11
14770.00 1.390650e-11
14780.00 1.423480e-11
14790.00 1.427944e-11
14800.00 1.402730e-11
14810.00 1.362194e-11
14820.00 1.364722e-11
14830.00 1.425255e-11
14840.00 1.458608e-11
14850.00 1.438446e-11
14860.00 1.427498e-11
14870.00 1.421815e-11
14880.00 1.426489e-11
14890.00 1.450854e-11
14900.00 1.461567e-11
14910.00 1.452693e-11
14920.00 1.438380e-11
14930.00 1.429814e-11
14940.00 1.425325e-11
14950.00 1.418458e-11
14960.00 1.424152e-11
14970.00 1.431465e-11
14980.00 1.421122e-11
14990.00 1.404771e-11
15000.00 1.399751e-11
15010.00 1.413144e-11
15020.00 1.387967e-11
15030.00 1.322255e-11
15040.00 1.305015e-11
15050.00 1.341895e-11
15060.00 1.360895e-11
15070.00 1.328113e-11
15080.00 1.303245e-11
15090.00 1.309116e-11
15100.00 1.285558e-11
15110.00 1.277047e-11
15120.00 1.302123e-11
15130.00 1.288328e-11
15140.00 1.288156e-11
15150.00 1.231995e-11
15160.00 1.201838e-11
15170.00 1.212822e-11
15180.00 1.189488e-11
15190.00 1.181925e-11
15200.00 1.211397e-11
15210.00 1.207832e-11
15220.00 1.133608e-11
15230.00 1.127387e-11
15240.00 1.139474e-11
15250.00 1.162337e-11
15260.00 1.184507e-11
15270.00 1.173832e-11
15280.00 1.114819e-11
15290.00 1.093470e-11
15300.00 1.116699e-11
15310.00 1.156459e-11
15320.00 1.171880e-11
15330.00 1.106357e-11
15340.00 1.078482e-11
15350.00 1.149200e-11
15360.00 1.227040e-11
15370.00 1.230927e-11
15380.00 1.154755e-11
15390.00 1.074477e-11
15400.00 1.055172e-11
15410.00 1.072250e-11
15420.00 1.075748e-11
15430.00 1.056210e-11
15440.00 1.042134e-11
15450.00 1.048786e-11
15460.00 1.043833e-11
15470.00 1.019746e-11
15480.00 1.008981e-11
15490.00 9.944069e-12
15500.00 9.732138e-12
15510.00 9.937177e-12
15520.00 1.014478e-11
15530.00 9.756385e-12
15540.00 9.253469e-12
15550.00 9.253602e-12
15560.00 9.447753e-12
15570.00 9.533860e-12
15580.00 9.549483e-12
15590.00 9.531165e-12
15600.00 9.453416e-12
15610.00 9.387917e-12
15620.00 9.265523e-12
15630.00 9.298192e-12
15640.00 9.890338e-12
15650.00 1.009830e-11
15660.00 9.567689e-12
15670.00 9.082273e-12
15680.00 9.379439e-12
15690.00 1.011290e-11
15700.00 1.035973e-11
15710.00 1.030393e-11
15720.00 1.023964e-11
15730.00 9.837248e-12
15740.00 9.640437e-12
15750.00 9.527882e-12
15760.00 9.384844e-12
15770.00 9.234208e-12
15780.00 9.179820e-12
15790.00 9.379607e-12
15800.00 9.495443e-12
15810.00 9.434505e-12
15820.00 9.375423e-12
15830.00 9.211791e-12
15840.00 8.738275e-12
15850.00 8.661672e-12
15860.00 9.061609e-12
15870.00 9.239648e-12
15880.00 9.082811e-12
15890.00 8.873960e-12
15900.00 8.911769e-12
15910.00 9.089822e-12
15920.00 9.220018e-12
15930.00 9.348676e-12
15940.00 9.284029e-12
15950.00 9.003994e-12
15960.00 8.886467e-12
15970.00 8.841765e-12
15980.00 8.652629e-12
15990.00 8.615092e-12
16000.00 8.735754e-12
16010.00 8.774702e-12
16020.00 8.813042e-12
16030.00 8.934088e-12
16040.00 9.079193e-12
16050.00 9.010573e-12
16060.00 8.760078e-12
16070.00 8.574364e-12
16080.00 8.477375e-12
16090.00 8.503459e-12
16100.00 8.526351e-12
16110.00 8.435125e-12
16120.00 8.712653e-12
16130.00 8.996857e-12
16140.00 8.590607e-12
16150.00 8.301298e-12
16160.00 8.773179e-12
16170.00 9.034526e-12
16180.00 8.788180e-12
16190.00 8.347299e-12
16200.00 8.251156e-12
16210.00 8.300341e-12
16220.00 8.159573e-12
16230.00 8.302604e-12
16240.00 8.166270e-12
16250.00 7.566589e-12
16260.00 7.397796e-12
16270.00 7.686086e-12
16280.00 7.864726e-12
16290.00 8.018023e-12
16300.00 7.851995e-12
16310.00 7.587554e-12
16320.00 7.816323e-12
16330.00 7.909540e-12
16340.00 7.764609e-12
16350.00 7.695039e-12
16360.00 7.477884e-12
16370.00 7.313951e-12
16380.00 7.366516e-12
16390.00 7.388850e-12
16400.00 7.350231e-12
16410.00 7.309237e-12
16420.00 7.327723e-12
16430.00 7.412566e-12
16440.00 7.383312e-12
16450.00 7.209518e-12
16460.00 7.057988e-12
16470.00 7.035683e-12
16480.00 7.076942e-12
16490.00 7.087277e-12
16500.00 7.162840e-12
16510.00 7.191899e-12
16520.00 6.914355e-12
16530.00 6.554172e-12
16540.00 6.597076e-12
16550.00 6.842885e-12
16560.00 6.777554e-12
16570.00 6.755196e-12
16580.00 6.945263e-12
16590.00 6.963141e-12
16600.00 6.811618e-12
16610.00 6.778748e-12
16620.00 6.834007e-12
16630.00 6.684353e-12
16640.00 6.336082e-12
16650.00 6.230452e-12
16660.00 6.528059e-12
16670.00 6.607340e-12
16680.00 6.636422e-12
16690.00 6.842652e-12
16700.00 6.431018e-12
16710.00 6.803370e-12
16720.00 7.546239e-12
16730.00 7.276072e-12
16740.00 7.063401e-12
16750.00 7.201040e-12
16760.00 7.304816e-12
16770.00 7.481543e-12
16780.00 7.646077e-12
16790.00 7.732415e-12
16800.00 7.899246e-12
16810.00 7.909602e-12
16820.00 7.665763e-12
16830.00 7.411393e-12
16840.00 7.314572e-12
16850.00 7.315823e-12
16860.00 7.275967e-12
16870.00 7.304188e-12
16880.00 7.549500e-12
16890.00 7.658577e-12
16900.00 7.486131e-12
16910.00 7.455103e-12
16920.00 7.449565e-12
16930.00 7.196375e-12
16940.00 7.006317e-12
16950.00 7.006624e-12
16960.00 7.013943e-12
16970.00 6.954781e-12
16980.00 6.817353e-12
16990.00 6.713518e-12
17000.00 6.700796e-12
17010.00 6.653001e-12
17020.00 6.556360e-12
17030.00 6.517400e-12
17040.00 6.514011e-12
17050.00 6.554381e-12
17060.00 6.636880e-12
17070.00 6.660732e-12
17080.00 6.625682e-12
17090.00 6.492139e-12
17100.00 6.451949e-12
17110.00 6.427322e-12
17120.00 6.208206e-12
17130.00 6.110036e-12
17140.00 6.111219e-12
17150.00 6.080723e-12
17160.00 6.057372e-12
17170.00 5.935756e-12
17180.00 6.012721e-12
17190.00 6.175086e-12
17200.00 6.170485e-12
17210.00 5.981715e-12
17220.00 5.763452e-12
17230.00 6.099122e-12
17240.00 6.007173e-12
17250.00 5.736513e-12
17260.00 5.903152e-12
17270.00 5.765575e-12
17280.00 5.769409e-12
17290.00 5.730810e-12
17300.00 5.690841e-12
17310.00 5.619421e-12
17320.00 5.656084e-12
17330.00 5.673490e-12
17340.00 5.414352e-12
17350.00 5.291463e-12
17360.00 5.316551e-12
17370.00 5.318385e-12
17380.00 5.339483e-12
17390.00 5.431246e-12
17400.00 5.544200e-12
17410.00 5.572734e-12
17420.00 5.445042e-12
17430.00 5.304952e-12
17440.00 5.402149e-12
17450.00 5.672132e-12
17460.00 5.706487e-12
17470.00 5.346965e-12
17480.00 5.029508e-12
17490.00 4.987130e-12
17500.00 4.915303e-12
17510.00 4.842867e-12
17520.00 4.897267e-12
17530.00 4.915334e-12
17540.00 4.903311e-12
17550.00 4.879753e-12
17560.00 4.763900e-12
17570.00 4.721051e-12
17580.00 4.876424e-12
17590.00 4.995903e-12
17600.00 4.952951e-12
17610.00 4.822339e-12
17620.00 4.724980e-12
17630.00 4.695184e-12
17640.00 4.666687e-12
17650.00 4.688879e-12
17660.00 4.552533e-12
17670.00 4.245803e-12
17680.00 4.162592e-12
17690.00 4.388697e-12
17700.00 4.684659e-12
17710.00 4.731989e-12
17720.00 4.608941e-12
17730.00 4.622611e-12
17740.00 4.660230e-12
17750.00 4.598125e-12
17760.00 4.525919e-12
17770.00 4.361473e-12
17780.00 4.433151e-12
17790.00 4.657097e-12
17800.00 4.376753e-12
17810.00 3.930982e-12
17820.00 3.890371e-12
17830.00 3.999352e-12
17840.00 4.093169e-12
17850.00 4.054763e-12
17860.00 3.910156e-12
17870.00 3.922631e-12
17880.00 4.077509e-12
17890.00 4.177634e-12
17900.00 4.397509e-12
17910.00 4.967472e-12
17920.00 5.024946e-12
17930.00 4.318656e-12
17940.00 3.769657e-12
17950.00 3.597804e-12
17960.00 3.630046e-12
17970.00 3.815210e-12
17980.00 3.909281e-12
17990.00 3.897428e-12
18000.00 3.878442e-12
18010.00 3.856509e-12
18020.00 3.832924e-12
18030.00 3.808226e-12
18040.00 3.782751e-12
18050.00 3.757479e-12
18060.00 3.732901e-12
18070.00 3.708950e-12
18080.00 3.685214e-12
18090.00 3.661617e-12
18100.00 3.638379e-12
18110.00 3.615615e-12
18120.00 3.593070e-12
18130.00 3.570610e-12
18140.00 3.548269e-12
18150.00 3.526342e-12
18160.00 3.505191e-12
18170.00 3.484304e-12
18180.00 3.463495e-12
18190.00 3.442764e-12
18200.00 3.422110e-12
18210.00 3.401849e-12
18220.00 3.381909e-12
18230.00 3.362074e-12
18240.00 3.342314e-12
18250.00 3.322627e-12
18260.00 3.303013e-12
18270.00 3.282539e-12
18280.00 3.261585e-12
18290.00 3.240640e-12
18300.00 3.219776e-12
18310.00 3.198992e-12
18320.00 3.178247e-12
18330.00 3.157181e-12
18340.00 3.135923e-12
18350.00 3.114695e-12
18360.00 3.093552e-12
18370.00 3.072491e-12
18380.00 3.051437e-12
18390.00 3.030124e-12
18400.00 3.008621e-12
18410.00 2.987140e-12
18420.00 2.965746e-12
18430.00 2.944437e-12
18440.00 2.923122e-12
18450.00 2.901599e-12
18460.00 2.879898e-12
18470.00 2.858222e-12
18480.00 2.836635e-12
18490.00 2.815136e-12
18500.00 2.793639e-12
18510.00 2.771975e-12
18520.00 2.750166e-12
18530.00 2.728392e-12
18540.00 2.706708e-12
18550.00 2.685116e-12
18560.00 2.663573e-12
18570.00 2.641975e-12
18580.00 2.620343e-12
18590.00 2.598776e-12
18600.00 2.577301e-12
18610.00 2.555916e-12
18620.00 2.534606e-12
18630.00 2.513286e-12
18640.00 2.491984e-12
18650.00 2.470762e-12
18660.00 2.449630e-12
18670.00 2.428591e-12
18680.00 2.407635e-12
18690.00 2.386640e-12
18700.00 2.365663e-12
18710.00 2.344768e-12
18720.00 2.323966e-12
18730.00 2.303253e-12
18740.00 2.282631e-12
18750.00 2.261891e-12
18760.00 2.241149e-12
18770.00 2.220488e-12
18780.00 2.199918e-12
18790.00 2.179439e-12
18800.00 2.159042e-12
18810.00 2.138525e-12
18820.00 2.117998e-12
18830.00 2.097548e-12
18840.00 2.077191e-12
18850.00 2.056925e-12
18860.00 2.036697e-12
18870.00 2.016261e-12
18880.00 1.995725e-12
18890.00 1.975250e-12
18900.00 1.954869e-12
18910.00 1.934582e-12
18920.00 1.914272e-12
18930.00 1.893656e-12
18940.00 1.872826e-12
18950.00 1.852039e-12
18960.00 1.831349e-12
18970.00 1.810755e-12
18980.00 1.790656e-12
18990.00 1.771774e-12
19000.00 1.753933e-12
19010.00 1.736339e-12
19020.00 1.718826e-12
19030.00 1.701389e-12
19040.00 1.684020e-12
19050.00 1.666720e-12
19060.00 1.649498e-12
19070.00 1.632332e-12
19080.00 1.615128e-12
19090.00 1.597828e-12
19100.00 1.580533e-12
19110.00 1.563249e-12
19120.00 1.545720e-12
19130.00 1.528056e-12
19140.00 1.510022e-12
19150.00 1.489205e-12
19160.00 1.465310e-12
19170.00 1.434209e-12
19180.00 1.454529e-12
19190.00 1.848392e-12
19200.00 2.084217e-12
19210.00 1.973507e-12
19220.00 1.873951e-12
19230.00 1.855026e-12
19240.00 1.921549e-12
19250.00 1.993967e-12
19260.00 1.905198e-12
19270.00 1.786772e-12
19280.00 1.774310e-12
19290.00 1.791294e-12
19300.00 1.790452e-12
19310.00 1.791293e-12
19320.00 1.840685e-12
19330.00 1.749863e-12
19340.00 1.607668e-12
19350.00 1.663439e-12
19360.00 1.729169e-12
19370.00 1.721187e-12
19380.00 1.757563e-12
19390.00 1.779357e-12
19400.00 1.784660e-12
19410.00 1.805269e-12
19420.00 1.792247e-12
19430.00 1.772466e-12
19440.00 1.815089e-12
19450.00 1.909982e-12
19460.00 1.969225e-12
19470.00 2.012733e-12
19480.00 2.073208e-12
19490.00 2.039566e-12
19500.00 1.941896e-12
19510.00 1.920585e-12
19520.00 1.944131e-12
19530.00 1.943431e-12
19540.00 1.929659e-12
19550.00 1.950143e-12
19560.00 1.960951e-12
19570.00 1.898321e-12
19580.00 1.849608e-12
19590.00 1.874128e-12
19600.00 1.891158e-12
19610.00 1.952130e-12
19620.00 1.999818e-12
19630.00 1.887805e-12
19640.00 1.782334e-12
19650.00 1.761020e-12
19660.00 1.794665e-12
19670.00 1.786172e-12
19680.00 1.711638e-12
19690.00 1.661969e-12
19700.00 1.637087e-12
19710.00 1.615100e-12
19720.00 1.607450e-12
19730.00 1.592130e-12
19740.00 1.518678e-12
19750.00 1.524919e-12
19760.00 1.447312e-12
19770.00 1.480442e-12
19780.00 1.463208e-12
19790.00 1.383568e-12
19800.00 1.497802e-12
19810.00 1.566373e-12
19820.00 1.335933e-12
19830.00 1.151513e-12
19840.00 1.114993e-12
19850.00 9.367316e-13
19860.00 7.820115e-13
19870.00 6.803067e-13
19880.00 5.397555e-13
19890.00 4.300906e-13
19900.00 4.608197e-13
19910.00 5.619710e-13
19920.00 6.196706e-13
19930.00 6.191921e-13
19940.00 5.823895e-13
19950.00 4.789066e-13
19960.00 3.796381e-13
19970.00 4.264834e-13
19980.00 5.502902e-13
19990.00 5.904176e-13
20000.00 5.611918e-13
20010.00 5.632732e-13
20020.00 5.914260e-13
20030.00 5.811490e-13
20040.00 5.858338e-13
20050.00 6.224083e-13
20060.00 5.949379e-13
20070.00 5.568932e-13
20080.00 5.594935e-13
20090.00 5.644349e-13
20100.00 6.136311e-13
20110.00 6.974228e-13
20120.00 7.452526e-13
20130.00 7.885879e-13
20140.00 8.164839e-13
20150.00 8.161843e-13
20160.00 9.072084e-13
20170.00 1.210430e-12
20180.00 1.357654e-12
20190.00 1.152098e-12
20200.00 1.026404e-12
20210.00 1.080222e-12
20220.00 1.128660e-12
20230.00 1.165915e-12
20240.00 1.226558e-12
20250.00 1.234293e-12
20260.00 1.303266e-12
20270.00 1.393823e-12
20280.00 1.378792e-12
20290.00 1.379868e-12
20300.00 1.394878e-12
20310.00 1.408206e-12
20320.00 1.449771e-12
20330.00 1.452899e-12
20340.00 1.420680e-12
20350.00 1.432708e-12
20360.00 1.443177e-12
20370.00 1.428633e-12
20380.00 1.428965e-12
20390.00 1.450558e-12
20400.00 1.472401e-12
20410.00 1.497875e-12
20420.00 1.543318e-12
20430.00 1.596828e-12
20440.00 1.625052e-12
20450.00 1.620281e-12
20460.00 1.617026e-12
20470.00 1.607831e-12
20480.00 1.574512e-12
20490.00 1.565682e-12
20500.00 1.602523e-12
20510.00 1.630137e-12
20520.00 1.611349e-12
20530.00 1.578827e-12
20540.00 1.578574e-12
20550.00 1.594274e-12
20560.00 1.594844e-12
20570.00 1.602507e-12
20580.00 1.629855e-12
20590.00 1.623870e-12
20600.00 1.568504e-12
20610.00 1.560016e-12
20620.00 1.588141e-12
20630.00 1.557481e-12
20640.00 1.516763e-12
20650.00 1.499819e-12
20660.00 1.488826e-12
20670.00 1.484278e-12
20680.00 1.494038e-12
20690.00 1.495735e-12
20700.00 1.466207e-12
20710.00 1.434177e-12
20720.00 1.400562e-12
20730.00 1.382021e-12
20740.00 1.349807e-12
20750.00 1.322709e-12
20760.00 1.372032e-12
20770.00 1.398063e-12
20780.00 1.425634e-12
20790.00 1.472969e-12
20800.00 1.415107e-12
20810.00 1.357193e-12
20820.00 1.387453e-12
20830.00 1.402032e-12
20840.00 1.383774e-12
20850.00 1.400276e-12
20860.00 1.392914e-12
20870.00 1.297918e-12
20880.00 1.253309e-12
20890.00 1.282396e-12
20900.00 1.291244e-12
20910.00 1.303638e-12
20920.00 1.332278e-12
20930.00 1.310757e-12
20940.00 1.256551e-12
20950.00 1.239753e-12
20960.00 1.253682e-12
20970.00 1.254349e-12
20980.00 1.236825e-12
20990.00 1.221486e-12
21000.00 1.205182e-12
21010.00 1.184932e-12
21020.00 1.163265e-12
21030.00 1.145516e-12
21040.00 1.166684e-12
21050.00 1.197752e-12
21060.00 1.190551e-12
21070.00 1.174585e-12
21080.00 1.142363e-12
21090.00 1.115992e-12
21100.00 1.143502e-12
21110.00 1.154267e-12
21120.00 1.132797e-12
21130.00 1.132176e-12
21140.00 1.137229e-12
21150.00 1.113847e-12
21160.00 1.074506e-12
21170.00 1.065494e-12
21180.00 1.093519e-12
21190.00 1.103807e-12
21200.00 1.094114e-12
21210.00 1.077656e-12
21220.00 1.052386e-12
21230.00 1.032351e-12
21240.00 1.046744e-12
21250.00 1.078586e-12
21260.00 1.079728e-12
21270.00 1.001586e-12
21280.00 9.582061e-13
21290.00 1.000272e-12
21300.00 9.884108e-13
21310.00 9.602739e-13
21320.00 9.780968e-13
21330.00 1.014204e-12
21340.00 1.012073e-12
21350.00 9.706963e-13
21360.00 9.305357e-13
21370.00 9.068145e-13
21380.00 8.883604e-13
21390.00 8.804124e-13
21400.00 8.919926e-13
21410.00 8.929458e-13
21420.00 8.900162e-13
21430.00 8.890329e-13
21440.00 8.853086e-13
21450.00 8.934968e-13
21460.00 8.825354e-13
21470.00 8.359835e-13
21480.00 8.207243e-13
21490.00 8.506260e-13
21500.00 8.488465e-13
21510.00 7.962370e-13
21520.00 7.604217e-13
21530.00 7.753736e-13
21540.00 8.038820e-13
21550.00 8.191698e-13
21560.00 8.182975e-13
21570.00 7.929282e-13
21580.00 7.675471e-13
21590.00 7.735494e-13
21600.00 7.964933e-13
21610.00 8.005711e-13
21620.00 7.690653e-13
21630.00 7.311213e-13
21640.00 7.171325e-13
21650.00 7.182743e-13
21660.00 7.219358e-13
21670.00 7.195502e-13
21680.00 7.247865e-13
21690.00 7.321228e-13
21700.00 7.397251e-13
21710.00 7.241391e-13
21720.00 6.769309e-13
21730.00 6.600652e-13
21740.00 6.368341e-13
21750.00 6.049870e-13
21760.00 6.197257e-13
21770.00 6.576736e-13
21780.00 6.608854e-13
21790.00 6.677244e-13
21800.00 6.818190e-13
21810.00 6.523313e-13
21820.00 5.959314e-13
21830.00 5.731135e-13
21840.00 6.139450e-13
21850.00 6.575863e-13
21860.00 6.558783e-13
21870.00 6.024025e-13
21880.00 5.512154e-13
21890.00 5.357370e-13
21900.00 5.392094e-13
21910.00 5.593367e-13
21920.00 5.744461e-13
21930.00 5.871347e-13
21940.00 5.839500e-13
21950.00 5.585808e-13
21960.00 5.535576e-13
21970.00 5.581788e-13
21980.00 5.385792e-13
21990.00 5.097658e-13
22000.00 4.991027e-13
22010.00 5.022002e-13
22020.00 5.059287e-13
22030.00 5.160982e-13
22040.00 5.213144e-13
22050.00 5.152762e-13
22060.00 5.243502e-13
22070.00 5.391888e-13
22080.00 5.215231e-13
22090.00 4.908008e-13
22100.00 5.127449e-13
22110.00 5.341099e-13
22120.00 5.022348e-13
22130.00 4.790083e-13
22140.00 4.830792e-13
22150.00 4.810638e-13
22160.00 4.502878e-13
22170.00 4.288470e-13
22180.00 4.561317e-13
22190.00 4.778825e-13
22200.00 4.707746e-13
22210.00 5.033177e-13
22220.00 5.278664e-13
22230.00 4.903002e-13
22240.00 4.444622e-13
22250.00 4.046763e-13
22260.00 3.947880e-13
22270.00 4.438252e-13
22280.00 4.415375e-13
22290.00 4.254774e-13
22300.00 4.554252e-13
22310.00 4.453581e-13
22320.00 4.327489e-13
22330.00 4.524537e-13
22340.00 4.545103e-13
22350.00 4.296881e-13
22360.00 4.326252e-13
22370.00 4.427273e-13
22380.00 4.399998e-13
22390.00 4.448422e-13
22400.00 4.523293e-13
22410.00 4.245567e-13
22420.00 4.002530e-13
22430.00 4.102371e-13
22440.00 4.136943e-13
22450.00 4.123032e-13
22460.00 4.051315e-13
22470.00 3.914088e-13
22480.00 3.815150e-13
22490.00 3.578407e-13
22500.00 3.357235e-13
22510.00 3.426278e-13
22520.00 3.623312e-13
22530.00 3.715992e-13
22540.00 3.597975e-13
22550.00 3.411198e-13
22560.00 3.408703e-13
22570.00 3.611593e-13
22580.00 3.838830e-13
22590.00 3.888468e-13
22600.00 3.705165e-13
22610.00 3.415660e-13
22620.00 3.259735e-13
22630.00 3.266617e-13
22640.00 3.302777e-13
22650.00 3.480389e-13
22660.00 3.658232e-13
22670.00 3.553604e-13
22680.00 3.197923e-13
22690.00 2.930851e-13
22700.00 3.028954e-13
22710.00 3.192949e-13
22720.00 3.249680e-13
22730.00 3.314059e-13
22740.00 3.415752e-13
22750.00 3.365762e-13
22760.00 3.291457e-13
22770.00 3.452155e-13
22780.00 3.319882e-13
22790.00 2.931432e-13
22800.00 2.947173e-13
22810.00 3.128720e-13
22820.00 3.194623e-13
22830.00 3.072276e-13
22840.00 2.827904e-13
22850.00 2.974963e-13
22860.00 3.055701e-13
22870.00 2.995497e-13
22880.00 2.943037e-13
22890.00 2.837850e-13
22900.00 2.849913e-13
22910.00 2.904810e-13
22920.00 3.033819e-13
22930.00 3.147872e-13
22940.00 3.034646e-13
22950.00 2.782547e-13
22960.00 2.678746e-13
22970.00 2.665488e-13
22980.00 2.452922e-13
22990.00 2.301521e-13
23000.00 2.535905e-13
23010.00 2.809183e-13
23020.00 2.867012e-13
23030.00 2.784198e-13
23040.00 2.583365e-13
23050.00 2.506989e-13
23060.00 2.615894e-13
23070.00 2.664706e-13
23080.00 2.759541e-13
23090.00 2.817409e-13
23100.00 2.596880e-13
23110.00 2.302133e-13
23120.00 2.150267e-13
23130.00 2.227018e-13
23140.00 2.366587e-13
23150.00 2.305578e-13
23160.00 2.198745e-13
23170.00 2.278155e-13
23180.00 2.362971e-13
23190.00 2.264077e-13
23200.00 2.227572e-13
23210.00 2.235964e-13
23220.00 2.186419e-13
23230.00 2.050368e-13
23240.00 1.981819e-13
23250.00 2.061308e-13
23260.00 1.877686e-13
23270.00 1.845379e-13
23280.00 1.913555e-13
23290.00 1.876805e-13
23300.00 1.928993e-13
23310.00 1.995288e-13
23320.00 1.996703e-13
23330.00 1.903083e-13
23340.00 1.966890e-13
23350.00 2.179113e-13
23360.00 2.262900e-13
23370.00 2.159333e-13
23380.00 1.908028e-13
23390.00 2.002781e-13
23400.00 2.162399e-13
23410.00 1.953728e-13
23420.00 1.725164e-13
23430.00 1.671135e-13
23440.00 1.525225e-13
23450.00 1.339081e-13
23460.00 1.431141e-13
23470.00 1.599436e-13
23480.00 1.666460e-13
23490.00 1.849258e-13
23500.00 2.030199e-13
23510.00 2.067350e-13
23520.00 2.108626e-13
23530.00 2.090316e-13
23540.00 1.969270e-13
23550.00 1.864422e-13
23560.00 1.727286e-13
23570.00 1.592589e-13
23580.00 1.624507e-13
23590.00 1.725550e-13
23600.00 1.661748e-13
23610.00 1.565427e-13
23620.00 1.683818e-13
23630.00 1.817330e-13
23640.00 1.644477e-13
23650.00 1.428994e-13
23660.00 1.516201e-13
23670.00 1.545278e-13
23680.00 1.325825e-13
23690.00 1.259476e-13
23700.00 1.524219e-13
23710.00 1.679232e-13
23720.00 1.508634e-13
23730.00 1.230818e-13
23740.00 1.094015e-13
23750.00 1.077662e-13
23760.00 1.239972e-13
23770.00 1.385869e-13
23780.00 1.333351e-13
23790.00 1.314553e-13
23800.00 1.418427e-13
23810.00 1.501039e-13
23820.00 1.297738e-13
23830.00 1.177131e-13
23840.00 1.275185e-13
23850.00 1.295264e-13
23860.00 1.167615e-13
23870.00 1.156306e-13
23880.00 1.156569e-13
23890.00 1.182819e-13
23900.00 1.209277e-13
23910.00 1.085037e-13
23920.00 1.014332e-13
23930.00 1.048555e-13
23940.00 1.085734e-13
23950.00 1.086315e-13
23960.00 1.078929e-13
23970.00 1.110820e-13
23980.00 1.101366e-13
23990.00 1.061837e-13
24000.00 1.051592e-13
24010.00 1.050250e-13
24020.00 1.048889e-13
24030.00 1.086459e-13
24040.00 1.174431e-13
24050.00 1.187113e-13
24060.00 1.064617e-13
24070.00 8.784681e-14
24080.00 7.399591e-14
24090.00 8.841165e-14
24100.00 1.134575e-13
24110.00 1.129199e-13
24120.00 9.716369e-14
24130.00 8.026319e-14
24140.00 7.148733e-14
24150.00 8.326278e-14
24160.00 9.774913e-14
24170.00 1.026749e-13
24180.00 9.218013e-14
24190.00 6.927647e-14
24200.00 5.876408e-14
24210.00 6.713211e-14
24220.00 9.310518e-14
24230.00 9.976711e-14
24240.00 8.632607e-14
24250.00 1.017187e-13
24260.00 1.123234e-13
24270.00 1.030435e-13
24280.00 1.000016e-13
24290.00 7.365183e-14
24300.00 5.954081e-14
24310.00 7.746005e-14
24320.00 8.009817e-14
24330.00 6.960813e-14
24340.00 6.857284e-14
24350.00 6.551683e-14
24360.00 8.157401e-14
24370.00 1.007394e-13
24380.00 9.030986e-14
24390.00 7.234317e-14
24400.00 6.982711e-14
24410.00 7.016401e-14
24420.00 6.569987e-14
24430.00 6.290808e-14
24440.00 6.103511e-14
24450.00 6.028365e-14
24460.00 5.953505e-14
24470.00 5.878896e-14
24480.00 5.804538e-14
24490.00 5.730433e-14
24500.00 5.656578e-14
24510.00 5.582975e-14
24520.00 5.509622e-14
24530.00 5.436520e-14
24540.00 5.363669e-14
24550.00 5.291068e-14
24560.00 5.218718e-14
24570.00 5.146618e-14
24580.00 5.074768e-14
24590.00 5.003168e-14
24600.00 4.931818e-14
24610.00 4.860717e-14
24620.00 4.789866e-14
24630.00 4.719265e-14
24640.00 4.648912e-14
24650.00 4.578810e-14
24660.00 4.508955e-14
24670.00 4.439349e-14
24680.00 4.369993e-14
24690.00 4.300885e-14
24700.00 4.232026e-14
24710.00 4.163415e-14
24720.00 4.095052e-14
24730.00 4.026938e-14
24740.00 3.959071e-14
24750.00 3.891452e-14
24760.00 3.824082e-14
24770.00 3.756958e-14
24780.00 3.690083e-14
24790.00 3.623454e-14
24800.00 3.557073e-14
24810.00 3.490939e-14
24820.00 3.425052e-14
24830.00 3.359412e-14
24840.00 3.294019e-14
24850.00 3.228873e-14
24860.00 3.163973e-14
24870.00 3.099320e-14
24880.00 3.034913e-14
24890.00 2.970752e-14
24900.00 2.906838e-14
24910.00 2.843169e-14
24920.00 2.779747e-14
24930.00 2.716571e-14
24940.00 2.653640e-14
24950.00 2.590955e-14
24960.00 2.528515e-14
24970.00 2.466320e-14
24980.00 2.404372e-14
24990.00 2.342668e-14
25000.00 2.281211e-14
