1000.00 4.025142e-15
1010.00 4.527211e-15
1020.00 5.036268e-15
1030.00 5.552998e-15
1040.00 6.078243e-15
1050.00 6.612907e-15
1060.00 7.157910e-15
1070.00 7.714139e-15
1080.00 8.282442e-15
1090.00 8.863596e-15
1100.00 9.458319e-15
1110.00 1.006724e-14
1120.00 1.069092e-14
1130.00 1.133734e-14
1140.00 1.200843e-14
1150.00 1.270583e-14
1160.00 1.343121e-14
1170.00 1.418627e-14
1180.00 1.497270e-14
1190.00 1.579226e-14
1200.00 1.664673e-14
1210.00 1.753789e-14
1220.00 1.846757e-14
1230.00 1.943762e-14
1240.00 2.044931e-14
1250.00 2.150752e-14
1260.00 2.261622e-14
1270.00 2.379197e-14
1280.00 2.503818e-14
1290.00 2.635840e-14
1300.00 2.775631e-14
1310.00 2.923584e-14
1320.00 3.080099e-14
1330.00 3.245601e-14
1340.00 3.420532e-14
1350.00 3.605352e-14
1360.00 3.800544e-14
1370.00 4.006619e-14
1380.00 4.224103e-14
1390.00 4.453541e-14
1400.00 4.695500e-14
1410.00 4.950576e-14
1420.00 5.219388e-14
1430.00 5.502591e-14
1440.00 5.800857e-14
1450.00 6.114897e-14
1460.00 6.445453e-14
1470.00 6.793299e-14
1480.00 7.159243e-14
1490.00 7.544144e-14
1500.00 7.948878e-14
1510.00 8.374381e-14
1520.00 8.821632e-14
1530.00 9.291662e-14
1540.00 9.785563e-14
1550.00 1.030448e-13
1560.00 1.084961e-13
1570.00 1.142223e-13
1580.00 1.202366e-13
1590.00 1.265532e-13
1600.00 1.331870e-13
1610.00 1.401541e-13
1620.00 1.474714e-13
1630.00 1.551569e-13
1640.00 1.632299e-13
1650.00 1.717111e-13
1660.00 1.806226e-13
1670.00 1.899879e-13
1680.00 1.998328e-13
1690.00 2.101847e-13
1700.00 2.210728e-13
1710.00 2.325266e-13
1720.00 2.445815e-13
1730.00 2.572769e-13
1740.00 2.706553e-13
1750.00 2.847632e-13
1760.00 2.996515e-13
1770.00 3.153764e-13
1780.00 3.319996e-13
1790.00 3.495891e-13
1800.00 3.682199e-13
1810.00 3.879776e-13
1820.00 4.089520e-13
1830.00 4.312444e-13
1840.00 4.549679e-13
1850.00 4.802477e-13
1860.00 5.072228e-13
1870.00 5.360833e-13
1880.00 5.672370e-13
1890.00 6.010554e-13
1900.00 6.384619e-13
1910.00 6.772214e-13
1920.00 7.185313e-13
1930.00 7.631174e-13
1940.00 8.119194e-13
1950.00 8.661721e-13
1960.00 9.274168e-13
1970.00 9.942128e-13
1980.00 1.068448e-12
1990.00 1.145819e-12
2000.00 1.253052e-12
2010.00 1.357022e-12
2020.00 1.468007e-12
2030.00 1.577733e-12
2040.00 1.693653e-12
2050.00 1.832505e-12
2060.00 1.986055e-12
2070.00 2.128111e-12
2080.00 2.275518e-12
2090.00 2.436182e-12
2100.00 2.612359e-12
2110.00 2.793783e-12
2120.00 2.978693e-12
2130.00 3.192652e-12
2140.00 3.409453e-12
2150.00 3.594265e-12
2160.00 3.764648e-12
2170.00 3.930521e-12
2180.00 4.085266e-12
2190.00 4.230729e-12
2200.00 4.342333e-12
2210.00 4.446785e-12
2220.00 4.570938e-12
2230.00 4.674209e-12
2240.00 4.775585e-12
2250.00 4.864198e-12
2260.00 4.945535e-12
2270.00 5.027098e-12
2280.00 5.112918e-12
2290.00 5.181299e-12
2300.00 5.248401e-12
2310.00 5.253872e-12
2320.00 5.234042e-12
2330.00 5.256677e-12
2340.00 5.292340e-12
2350.00 5.312620e-12
2360.00 5.333013e-12
2370.00 5.330625e-12
2380.00 5.329387e-12
2390.00 5.296521e-12
2400.00 5.269161e-12
2410.00 5.230907e-12
2420.00 5.164631e-12
2430.00 5.113452e-12
2440.00 5.103990e-12
2450.00 5.093774e-12
2460.00 5.072263e-12
2470.00 5.051970e-12
2480.00 5.044798e-12
2490.00 5.056890e-12
2500.00 5.053807e-12
2510.00 5.054703e-12
2520.00 5.099550e-12
2530.00 5.039230e-12
2540.00 4.862635e-12
2550.00 4.801553e-12
2560.00 4.777535e-12
2570.00 4.766074e-12
2580.00 4.745479e-12
2590.00 4.782191e-12
2600.00 4.809232e-12
2610.00 4.895461e-12
2620.00 4.977386e-12
2630.00 5.131076e-12
2640.00 5.282052e-12
2650.00 5.446871e-12
2660.00 5.647625e-12
2670.00 5.851227e-12
2680.00 6.068974e-12
2690.00 6.273250e-12
2700.00 6.470515e-12
2710.00 6.701007e-12
2720.00 6.987440e-12
2730.00 7.315068e-12
2740.00 7.534898e-12
2750.00 7.721849e-12
2760.00 7.980821e-12
2770.00 8.305928e-12
2780.00 8.665946e-12
2790.00 8.988889e-12
2800.00 9.293262e-12
2810.00 9.621330e-12
2820.00 1.003367e-11
2830.00 1.054035e-11
2840.00 1.113180e-11
2850.00 1.180232e-11
2860.00 1.251155e-11
2870.00 1.320988e-11
2880.00 1.385321e-11
2890.00 1.444657e-11
2900.00 1.503137e-11
2910.00 1.558411e-11
2920.00 1.607133e-11
2930.00 1.649464e-11
2940.00 1.702257e-11
2950.00 1.769496e-11
2960.00 1.824259e-11
2970.00 1.871550e-11
2980.00 1.914022e-11
2990.00 1.955455e-11
3000.00 2.002217e-11
3010.00 2.047399e-11
3020.00 2.080306e-11
3030.00 2.102834e-11
3040.00 2.105140e-11
3050.00 2.095174e-11
3060.00 2.086081e-11
3070.00 2.081829e-11
3080.00 2.092401e-11
3090.00 2.111377e-11
3100.00 2.145074e-11
3110.00 2.188479e-11
3120.00 2.244693e-11
3130.00 2.308195e-11
3140.00 2.371914e-11
3150.00 2.428599e-11
3160.00 2.488707e-11
3170.00 2.541654e-11
3180.00 2.587892e-11
3190.00 2.643170e-11
3200.00 2.697265e-11
3210.00 2.754563e-11
3220.00 2.823071e-11
3230.00 2.889792e-11
3240.00 2.955493e-11
3250.00 3.038356e-11
3260.00 3.098650e-11
3270.00 3.158432e-11
3280.00 3.210579e-11
3290.00 3.271118e-11
3300.00 3.327731e-11
3310.00 3.408282e-11
3320.00 3.491355e-11
3330.00 3.606101e-11
3340.00 3.772310e-11
3350.00 3.959783e-11
3360.00 4.168745e-11
3370.00 4.397011e-11
3380.00 4.656059e-11
3390.00 4.904622e-11
3400.00 5.132325e-11
3410.00 5.373147e-11
3420.00 5.603176e-11
3430.00 5.849958e-11
3440.00 6.119261e-11
3450.00 6.386249e-11
3460.00 6.770322e-11
3470.00 6.710492e-11
3480.00 6.608241e-11
3490.00 6.581899e-11
3500.00 6.599118e-11
3510.00 6.656972e-11
3520.00 6.840266e-11
3530.00 6.883509e-11
3540.00 6.874549e-11
3550.00 6.977088e-11
3560.00 7.107725e-11
3570.00 7.459768e-11
3580.00 7.719558e-11
3590.00 7.842036e-11
3600.00 7.761026e-11
3610.00 7.649722e-11
3620.00 7.412336e-11
3630.00 7.246887e-11
3640.00 7.280555e-11
3650.00 7.439202e-11
3660.00 7.780811e-11
3670.00 8.090429e-11
3680.00 8.128210e-11
3690.00 7.796629e-11
3700.00 7.216383e-11
3710.00 6.722993e-11
3720.00 5.453340e-11
3730.00 5.601845e-11
3740.00 5.309293e-11
3750.00 5.030256e-11
3760.00 5.118902e-11
3770.00 4.844546e-11
3780.00 4.968024e-11
3790.00 5.070463e-11
3800.00 5.209633e-11
3810.00 5.215094e-11
3820.00 6.043150e-11
3830.00 7.133907e-11
3840.00 8.336097e-11
3850.00 9.104495e-11
3860.00 1.146723e-10
3870.00 1.447716e-10
3880.00 1.483112e-10
3890.00 1.716765e-10
3900.00 1.859842e-10
3910.00 1.996884e-10
3920.00 2.059489e-10
3930.00 2.110964e-10
3940.00 2.149707e-10
3950.00 2.181238e-10
3960.00 2.257158e-10
3970.00 2.264294e-10
3980.00 2.269223e-10
3990.00 2.317150e-10
4000.00 2.487512e-10
4010.00 2.562933e-10
4020.00 2.695911e-10
4030.00 2.718768e-10
4040.00 2.724975e-10
4050.00 2.698450e-10
4060.00 2.640204e-10
4070.00 2.575031e-10
4080.00 2.467510e-10
4090.00 2.354813e-10
4100.00 2.249106e-10
4110.00 2.165217e-10
4120.00 2.127272e-10
4130.00 2.125694e-10
4140.00 2.113241e-10
4150.00 2.095400e-10
4160.00 2.068467e-10
4170.00 2.065936e-10
4180.00 2.052146e-10
4190.00 2.060402e-10
4200.00 2.069602e-10
4210.00 2.107416e-10
4220.00 2.140275e-10
4230.00 2.195013e-10
4240.00 2.221741e-10
4250.00 2.242065e-10
4260.00 2.253598e-10
4270.00 2.255448e-10
4280.00 2.273928e-10
4290.00 2.290993e-10
4300.00 2.308046e-10
4310.00 2.302138e-10
4320.00 2.319495e-10
4330.00 2.283565e-10
4340.00 2.249263e-10
4350.00 2.221597e-10
4360.00 2.183410e-10
4370.00 2.169673e-10
4380.00 2.131682e-10
4390.00 2.089475e-10
4400.00 2.059938e-10
4410.00 2.039036e-10
4420.00 2.025669e-10
4430.00 2.036617e-10
4440.00 2.060383e-10
4450.00 2.109738e-10
4460.00 2.112300e-10
4470.00 2.266285e-10
4480.00 2.447953e-10
4490.00 2.628537e-10
4500.00 2.872662e-10
4510.00 3.066352e-10
4520.00 3.115403e-10
4530.00 3.264653e-10
4540.00 3.372110e-10
4550.00 3.546440e-10
4560.00 3.598143e-10
4570.00 3.724751e-10
4580.00 3.858079e-10
4590.00 3.916954e-10
4600.00 3.972318e-10
4610.00 3.977733e-10
4620.00 3.949215e-10
4630.00 3.910308e-10
4640.00 3.840164e-10
4650.00 3.733872e-10
4660.00 3.653158e-10
4670.00 3.514411e-10
4680.00 3.369270e-10
4690.00 3.247612e-10
4700.00 3.105808e-10
4710.00 2.996537e-10
4720.00 2.897975e-10
4730.00 2.814217e-10
4740.00 2.678602e-10
4750.00 2.580805e-10
4760.00 2.454781e-10
4770.00 2.371386e-10
4780.00 2.240766e-10
4790.00 2.193621e-10
4800.00 2.131265e-10
4810.00 2.154633e-10
4820.00 2.183369e-10
4830.00 2.237500e-10
4840.00 2.285089e-10
4850.00 2.267754e-10
4860.00 2.304372e-10
4870.00 2.331233e-10
4880.00 2.356358e-10
4890.00 2.322715e-10
4900.00 2.343411e-10
4910.00 2.429172e-10
4920.00 2.521116e-10
4930.00 2.653521e-10
4940.00 2.726557e-10
4950.00 2.814411e-10
4960.00 2.839058e-10
4970.00 2.826118e-10
4980.00 2.800675e-10
4990.00 2.670280e-10
5000.00 2.506147e-10
5010.00 2.377169e-10
5020.00 2.254091e-10
5030.00 2.167366e-10
5040.00 2.131156e-10
5050.00 2.070520e-10
5060.00 2.087347e-10
5070.00 2.157269e-10
5080.00 2.215864e-10
5090.00 2.313727e-10
5100.00 2.364551e-10
5110.00 2.415083e-10
5120.00 2.464123e-10
5130.00 2.509039e-10
5140.00 2.574854e-10
5150.00 2.631419e-10
5160.00 2.657010e-10
5170.00 2.709939e-10
5180.00 2.745379e-10
5190.00 2.783018e-10
5200.00 2.790453e-10
5210.00 2.849637e-10
5220.00 2.935414e-10
5230.00 3.027053e-10
5240.00 3.174444e-10
5250.00 3.259356e-10
5260.00 3.312415e-10
5270.00 3.400889e-10
5280.00 3.453949e-10
5290.00 3.486871e-10
5300.00 3.589841e-10
5310.00 3.642809e-10
5320.00 3.674467e-10
5330.00 3.730229e-10
5340.00 3.746618e-10
5350.00 3.717356e-10
5360.00 3.672062e-10
5370.00 3.612894e-10
5380.00 3.568941e-10
5390.00 3.530820e-10
5400.00 3.484372e-10
5410.00 3.473729e-10
5420.00 3.415456e-10
5430.00 3.442872e-10
5440.00 3.445252e-10
5450.00 3.523514e-10
5460.00 3.611804e-10
5470.00 3.661666e-10
5480.00 3.670259e-10
5490.00 3.657565e-10
5500.00 3.581835e-10
5510.00 3.519730e-10
5520.00 3.401646e-10
5530.00 3.212911e-10
5540.00 3.037631e-10
5550.00 2.712482e-10
5560.00 2.565883e-10
5570.00 2.530913e-10
5580.00 2.284872e-10
5590.00 2.035018e-10
5600.00 1.922773e-10
5610.00 1.821393e-10
5620.00 1.633614e-10
5630.00 1.530044e-10
5640.00 1.462894e-10
5650.00 1.371823e-10
5660.00 1.302385e-10
5670.00 1.247210e-10
5680.00 1.228051e-10
5690.00 1.241409e-10
5700.00 1.253745e-10
5710.00 1.300096e-10
5720.00 1.359085e-10
5730.00 1.387510e-10
5740.00 1.513739e-10
5750.00 1.668823e-10
5760.00 1.818705e-10
5770.00 1.917558e-10
5780.00 2.042675e-10
5790.00 2.184060e-10
5800.00 2.401377e-10
5810.00 2.780792e-10
5820.00 3.031178e-10
5830.00 3.219244e-10
5840.00 3.347517e-10
5850.00 3.465555e-10
5860.00 3.526604e-10
5870.00 3.509075e-10
5880.00 3.492565e-10
5890.00 3.281869e-10
5900.00 3.193543e-10
5910.00 3.306360e-10
5920.00 3.250905e-10
5930.00 3.378131e-10
5940.00 3.448519e-10
5950.00 3.551062e-10
5960.00 3.543076e-10
5970.00 3.524470e-10
5980.00 3.465517e-10
5990.00 3.405519e-10
6000.00 3.342099e-10
6010.00 3.270723e-10
6020.00 3.198979e-10
6030.00 3.121089e-10
6040.00 3.065405e-10
6050.00 2.988878e-10
6060.00 2.942665e-10
6070.00 2.881485e-10
6080.00 2.823182e-10
6090.00 2.808052e-10
6100.00 2.767843e-10
6110.00 2.734061e-10
6120.00 2.708217e-10
6130.00 2.697841e-10
6140.00 2.675473e-10
6150.00 2.692468e-10
6160.00 2.699995e-10
6170.00 2.735855e-10
6180.00 2.793698e-10
6190.00 2.871720e-10
6200.00 2.952124e-10
6210.00 2.997146e-10
6220.00 3.025274e-10
6230.00 3.040249e-10
6240.00 3.015287e-10
6250.00 2.998582e-10
6260.00 2.944102e-10
6270.00 2.904259e-10
6280.00 2.865068e-10
6290.00 2.815588e-10
6300.00 2.785270e-10
6310.00 2.742242e-10
6320.00 2.731909e-10
6330.00 2.708127e-10
6340.00 2.719722e-10
6350.00 2.741266e-10
6360.00 2.757576e-10
6370.00 2.771598e-10
6380.00 2.780845e-10
6390.00 2.821817e-10
6400.00 2.812471e-10
6410.00 2.836570e-10
6420.00 2.871534e-10
6430.00 2.906090e-10
6440.00 2.909684e-10
6450.00 2.898822e-10
6460.00 2.890796e-10
6470.00 2.876859e-10
6480.00 2.856016e-10
6490.00 2.830841e-10
6500.00 2.813644e-10
6510.00 2.784100e-10
6520.00 2.767029e-10
6530.00 2.763502e-10
6540.00 2.773064e-10
6550.00 2.806333e-10
6560.00 2.867495e-10
6570.00 2.890988e-10
6580.00 2.930848e-10
6590.00 2.786903e-10
6600.00 2.647338e-10
6610.00 2.548001e-10
6620.00 2.467279e-10
6630.00 2.407585e-10
6640.00 2.358728e-10
6650.00 2.318124e-10
6660.00 2.280956e-10
6670.00 2.239036e-10
6680.00 2.187895e-10
6690.00 2.137050e-10
6700.00 2.087517e-10
6710.00 2.022551e-10
6720.00 1.965342e-10
6730.00 1.940603e-10
6740.00 1.919885e-10
6750.00 1.889048e-10
6760.00 1.872999e-10
6770.00 1.879223e-10
6780.00 1.858157e-10
6790.00 1.827845e-10
6800.00 1.798413e-10
6810.00 1.754357e-10
6820.00 1.705872e-10
6830.00 1.661708e-10
6840.00 1.633391e-10
6850.00 1.614216e-10
6860.00 1.596485e-10
6870.00 1.593256e-10
6880.00 1.588975e-10
6890.00 1.598221e-10
6900.00 1.610153e-10
6910.00 1.635010e-10
6920.00 1.666045e-10
6930.00 1.702118e-10
6940.00 1.752843e-10
6950.00 1.789527e-10
6960.00 1.802247e-10
6970.00 1.831420e-10
6980.00 1.820342e-10
6990.00 1.822248e-10
7000.00 1.821687e-10
7010.00 1.784251e-10
7020.00 1.760906e-10
7030.00 1.758573e-10
7040.00 1.744646e-10
7050.00 1.749590e-10
7060.00 1.767441e-10
7070.00 1.790459e-10
7080.00 1.812101e-10
7090.00 1.826556e-10
7100.00 1.847867e-10
7110.00 1.873017e-10
7120.00 1.892012e-10
7130.00 1.942846e-10
7140.00 1.953837e-10
7150.00 1.994575e-10
7160.00 2.039972e-10
7170.00 2.071815e-10
7180.00 2.106441e-10
7190.00 2.124371e-10
7200.00 2.218251e-10
7210.00 2.287243e-10
7220.00 2.363222e-10
7230.00 2.392606e-10
7240.00 2.414928e-10
7250.00 2.452484e-10
7260.00 2.412136e-10
7270.00 2.433209e-10
7280.00 2.422481e-10
7290.00 2.369861e-10
7300.00 2.343427e-10
7310.00 2.332590e-10
7320.00 2.262057e-10
7330.00 2.220754e-10
7340.00 2.181208e-10
7350.00 2.150848e-10
7360.00 2.107745e-10
7370.00 2.080923e-10
7380.00 2.068138e-10
7390.00 2.028374e-10
7400.00 1.991656e-10
7410.00 1.971928e-10
7420.00 1.913459e-10
7430.00 1.899978e-10
7440.00 1.884286e-10
7450.00 1.876775e-10
7460.00 1.780651e-10
7470.00 1.723483e-10
7480.00 1.672218e-10
7490.00 1.592402e-10
7500.00 1.524848e-10
7510.00 1.525168e-10
7520.00 1.541845e-10
7530.00 1.520841e-10
7540.00 1.459909e-10
7550.00 1.377100e-10
7560.00 1.344446e-10
7570.00 1.299101e-10
7580.00 1.301197e-10
7590.00 1.284799e-10
7600.00 1.270711e-10
7610.00 1.259288e-10
7620.00 1.292293e-10
7630.00 1.333592e-10
7640.00 1.376370e-10
7650.00 1.448275e-10
7660.00 1.517947e-10
7670.00 1.622740e-10
7680.00 1.705698e-10
7690.00 1.727585e-10
7700.00 1.866063e-10
7710.00 1.912685e-10
7720.00 1.738389e-10
7730.00 1.751941e-10
7740.00 1.761488e-10
7750.00 1.759990e-10
7760.00 1.723595e-10
7770.00 1.734275e-10
7780.00 1.785444e-10
7790.00 1.826473e-10
7800.00 1.832227e-10
7810.00 1.828878e-10
7820.00 1.779866e-10
7830.00 1.734632e-10
7840.00 1.700062e-10
7850.00 1.740831e-10
7860.00 1.802821e-10
7870.00 1.825919e-10
7880.00 1.753872e-10
7890.00 1.638028e-10
7900.00 1.597164e-10
7910.00 1.521456e-10
7920.00 1.522923e-10
7930.00 1.458814e-10
7940.00 1.391069e-10
7950.00 1.370564e-10
7960.00 1.325948e-10
7970.00 1.304150e-10
7980.00 1.272659e-10
7990.00 1.247742e-10
8000.00 1.237968e-10
8010.00 1.204532e-10
8020.00 1.149100e-10
8030.00 1.123154e-10
8040.00 1.057824e-10
8050.00 1.029548e-10
8060.00 1.020283e-10
8070.00 9.593710e-11
8080.00 9.035364e-11
8090.00 8.802657e-11
8100.00 8.617550e-11
8110.00 8.695354e-11
8120.00 8.275256e-11
8130.00 7.849334e-11
8140.00 7.045097e-11
8150.00 5.160808e-11
8160.00 5.218206e-11
8170.00 4.399429e-11
8180.00 3.500076e-11
8190.00 3.765881e-11
8200.00 3.353033e-11
8210.00 2.902988e-11
8220.00 2.649947e-11
8230.00 2.546161e-11
8240.00 2.943678e-11
8250.00 2.188444e-11
8260.00 3.201187e-11
8270.00 3.225968e-11
8280.00 3.013972e-11
8290.00 3.695970e-11
8300.00 4.249656e-11
8310.00 3.488763e-11
8320.00 4.509014e-11
8330.00 5.037208e-11
8340.00 5.168603e-11
8350.00 5.253416e-11
8360.00 5.789399e-11
8370.00 6.404948e-11
8380.00 7.690590e-11
8390.00 7.736745e-11
8400.00 7.990256e-11
8410.00 1.069041e-10
8420.00 1.167619e-10
8430.00 1.333122e-10
8440.00 1.429184e-10
8450.00 1.647482e-10
8460.00 1.716163e-10
8470.00 1.994792e-10
8480.00 2.118272e-10
8490.00 2.212563e-10
8500.00 2.353579e-10
8510.00 2.629303e-10
8520.00 2.849956e-10
8530.00 3.249801e-10
8540.00 3.301402e-10
8550.00 3.382058e-10
8560.00 3.524687e-10
8570.00 3.686659e-10
8580.00 3.714316e-10
8590.00 3.874381e-10
8600.00 4.035793e-10
8610.00 4.212054e-10
8620.00 4.160858e-10
8630.00 4.089946e-10
8640.00 3.990077e-10
8650.00 3.743603e-10
8660.00 3.593082e-10
8670.00 3.544846e-10
8680.00 3.496840e-10
8690.00 3.445377e-10
8700.00 3.341477e-10
8710.00 3.340351e-10
8720.00 3.415545e-10
8730.00 3.303618e-10
8740.00 3.242801e-10
8750.00 3.044736e-10
8760.00 2.909732e-10
8770.00 2.911813e-10
8780.00 2.554959e-10
8790.00 2.370948e-10
8800.00 2.264578e-10
8810.00 2.018507e-10
8820.00 1.889062e-10
8830.00 1.697910e-10
8840.00 1.520777e-10
8850.00 1.476795e-10
8860.00 1.344585e-10
8870.00 1.193078e-10
8880.00 1.161277e-10
8890.00 1.025319e-10
8900.00 1.006235e-10
8910.00 1.092191e-10
8920.00 1.115308e-10
8930.00 1.074037e-10
8940.00 1.019553e-10
8950.00 1.116961e-10
8960.00 1.203153e-10
8970.00 1.128709e-10
8980.00 1.131946e-10
8990.00 1.127548e-10
9000.00 1.072913e-10
9010.00 1.077574e-10
9020.00 1.076874e-10
9030.00 1.053225e-10
9040.00 1.037661e-10
9050.00 1.026420e-10
9060.00 1.021828e-10
9070.00 1.087298e-10
9080.00 1.131375e-10
9090.00 1.121175e-10
9100.00 1.051577e-10
9110.00 9.571655e-11
9120.00 1.006739e-10
9130.00 1.031715e-10
9140.00 1.046134e-10
9150.00 1.021066e-10
9160.00 1.004150e-10
9170.00 1.010744e-10
9180.00 1.024064e-10
9190.00 1.016017e-10
9200.00 1.055833e-10
9210.00 1.047282e-10
9220.00 9.773370e-11
9230.00 8.806128e-11
9240.00 9.668965e-11
9250.00 9.382009e-11
9260.00 9.705845e-11
9270.00 9.430321e-11
9280.00 9.175532e-11
9290.00 9.780130e-11
9300.00 1.112428e-10
9310.00 8.664501e-11
9320.00 9.038661e-11
9330.00 8.870419e-11
9340.00 9.304784e-11
9350.00 8.260018e-11
9360.00 8.326928e-11
9370.00 8.335427e-11
9380.00 7.827999e-11
9390.00 8.432233e-11
9400.00 9.033919e-11
9410.00 9.038849e-11
9420.00 8.771245e-11
9430.00 9.201462e-11
9440.00 9.122590e-11
9450.00 9.250878e-11
9460.00 8.996759e-11
9470.00 8.977163e-11
9480.00 9.270118e-11
9490.00 8.743681e-11
9500.00 8.404802e-11
9510.00 8.659256e-11
9520.00 8.597919e-11
9530.00 8.796239e-11
9540.00 7.948871e-11
9550.00 8.005655e-11
9560.00 7.969452e-11
9570.00 7.447191e-11
9580.00 6.362135e-11
9590.00 5.641500e-11
9600.00 5.551608e-11
9610.00 6.070435e-11
9620.00 5.581750e-11
9630.00 6.847147e-11
9640.00 6.476025e-11
9650.00 4.943669e-11
9660.00 5.056063e-11
9670.00 5.232861e-11
9680.00 5.778804e-11
9690.00 6.198231e-11
9700.00 6.539196e-11
9710.00 6.570192e-11
9720.00 6.274111e-11
9730.00 6.178526e-11
9740.00 6.357380e-11
9750.00 6.815598e-11
9760.00 7.133153e-11
9770.00 7.160745e-11
9780.00 7.029502e-11
9790.00 6.933887e-11
9800.00 6.857112e-11
9810.00 6.567152e-11
9820.00 6.171185e-11
9830.00 5.977385e-11
9840.00 5.912977e-11
9850.00 5.841325e-11
9860.00 5.895177e-11
9870.00 6.051413e-11
9880.00 6.133722e-11
9890.00 6.087768e-11
9900.00 6.000200e-11
9910.00 6.015735e-11
9920.00 6.068900e-11
9930.00 6.101840e-11
9940.00 6.132770e-11
9950.00 6.068037e-11
9960.00 6.051156e-11
9970.00 6.003085e-11
9980.00 5.948831e-11
9990.00 5.886481e-11
10000.00 5.839166e-11
10010.00 5.659330e-11
10020.00 5.436909e-11
10030.00 5.155072e-11
10040.00 5.015367e-11
10050.00 4.783965e-11
10060.00 4.704429e-11
10070.00 4.545600e-11
10080.00 4.250493e-11
10090.00 4.158510e-11
10100.00 3.941046e-11
10110.00 3.885830e-11
10120.00 3.765015e-11
10130.00 3.802736e-11
10140.00 3.746741e-11
10150.00 3.668769e-11
10160.00 3.505469e-11
10170.00 3.398746e-11
10180.00 3.526774e-11
10190.00 3.533704e-11
10200.00 3.546496e-11
10210.00 3.607953e-11
10220.00 3.265107e-11
10230.00 2.897036e-11
10240.00 2.550041e-11
10250.00 2.733030e-11
10260.00 2.286171e-11
10270.00 2.050452e-11
10280.00 1.834015e-11
10290.00 1.815799e-11
10300.00 1.659072e-11
10310.00 1.631426e-11
10320.00 1.471919e-11
10330.00 1.400974e-11
10340.00 1.632215e-11
10350.00 1.462127e-11
10360.00 1.181235e-11
10370.00 1.098749e-11
10380.00 1.064873e-11
10390.00 1.003789e-11
10400.00 8.118216e-12
10410.00 9.419120e-12
10420.00 1.099895e-11
10430.00 8.840753e-12
10440.00 9.192823e-12
10450.00 1.163522e-11
10460.00 1.358547e-11
10470.00 1.360541e-11
10480.00 1.398524e-11
10490.00 9.646073e-12
10500.00 1.264918e-11
10510.00 1.514794e-11
10520.00 1.623563e-11
10530.00 1.713975e-11
10540.00 1.789815e-11
10550.00 1.889303e-11
10560.00 2.030140e-11
10570.00 2.151520e-11
10580.00 2.194965e-11
10590.00 2.265657e-11
10600.00 2.453198e-11
10610.00 2.784053e-11
10620.00 3.126684e-11
10630.00 3.432221e-11
10640.00 3.671742e-11
10650.00 3.838538e-11
10660.00 4.056408e-11
10670.00 4.273367e-11
10680.00 4.446572e-11
10690.00 4.624141e-11
10700.00 4.881139e-11
10710.00 5.044463e-11
10720.00 4.981142e-11
10730.00 4.869897e-11
10740.00 5.018511e-11
10750.00 5.190691e-11
10760.00 5.197611e-11
10770.00 5.240162e-11
10780.00 5.313465e-11
10790.00 5.380828e-11
10800.00 5.466387e-11
10810.00 5.632442e-11
10820.00 5.725304e-11
10830.00 5.614448e-11
10840.00 5.586369e-11
10850.00 5.757614e-11
10860.00 5.844963e-11
10870.00 5.770845e-11
10880.00 5.716947e-11
10890.00 5.729770e-11
10900.00 5.704215e-11
10910.00 5.596693e-11
10920.00 5.466032e-11
10930.00 5.366268e-11
10940.00 5.303157e-11
10950.00 5.236226e-11
10960.00 5.156561e-11
10970.00 5.111915e-11
10980.00 5.055656e-11
10990.00 4.960230e-11
11000.00 4.868190e-11
11010.00 4.779728e-11
11020.00 4.734270e-11
11030.00 4.739033e-11
11040.00 4.688681e-11
11050.00 4.615892e-11
11060.00 4.582115e-11
11070.00 4.488255e-11
11080.00 4.392848e-11
11090.00 4.296956e-11
11100.00 4.192845e-11
11110.00 4.160065e-11
11120.00 4.093035e-11
11130.00 4.019362e-11
11140.00 3.952505e-11
11150.00 3.905323e-11
11160.00 3.924078e-11
11170.00 3.912189e-11
11180.00 3.869935e-11
11190.00 3.903959e-11
11200.00 4.002021e-11
11210.00 3.943087e-11
11220.00 3.867045e-11
11230.00 3.918841e-11
11240.00 3.933289e-11
11250.00 3.847785e-11
11260.00 3.812899e-11
11270.00 3.800132e-11
11280.00 3.738946e-11
11290.00 3.727469e-11
11300.00 3.717080e-11
11310.00 3.620513e-11
11320.00 3.516882e-11
11330.00 3.466916e-11
11340.00 3.402280e-11
11350.00 3.345714e-11
11360.00 3.331540e-11
11370.00 3.297170e-11
11380.00 3.231601e-11
11390.00 3.188696e-11
11400.00 3.151550e-11
11410.00 3.066328e-11
11420.00 2.988320e-11
11430.00 2.966048e-11
11440.00 2.932102e-11
11450.00 2.903354e-11
11460.00 2.921300e-11
11470.00 2.896923e-11
11480.00 2.805450e-11
11490.00 2.736681e-11
11500.00 2.722576e-11
11510.00 2.749256e-11
11520.00 2.736690e-11
11530.00 2.648482e-11
11540.00 2.564132e-11
11550.00 2.513594e-11
11560.00 2.470167e-11
11570.00 2.472592e-11
11580.00 2.530671e-11
11590.00 2.513708e-11
11600.00 2.468376e-11
11610.00 2.416949e-11
11620.00 2.367796e-11
11630.00 2.358164e-11
11640.00 2.367461e-11
11650.00 2.391258e-11
11660.00 2.383295e-11
11670.00 2.428937e-11
11680.00 2.445454e-11
11690.00 2.407311e-11
11700.00 2.390148e-11
11710.00 2.379010e-11
11720.00 2.380128e-11
11730.00 2.383219e-11
11740.00 2.358069e-11
11750.00 2.328734e-11
11760.00 2.308570e-11
11770.00 2.315692e-11
11780.00 2.350523e-11
11790.00 2.366133e-11
11800.00 2.374627e-11
11810.00 2.393641e-11
11820.00 2.409941e-11
11830.00 2.415218e-11
11840.00 2.395287e-11
11850.00 2.359561e-11
11860.00 2.334581e-11
11870.00 2.332882e-11
11880.00 2.348204e-11
11890.00 2.361830e-11
11900.00 2.357217e-11
11910.00 2.341496e-11
11920.00 2.343934e-11
11930.00 2.357463e-11
11940.00 2.350432e-11
11950.00 2.349020e-11
11960.00 2.359044e-11
11970.00 2.331336e-11
11980.00 2.304120e-11
11990.00 2.308656e-11
12000.00 2.272520e-11
12010.00 2.227741e-11
12020.00 2.214693e-11
12030.00 2.196059e-11
12040.00 2.161596e-11
12050.00 2.138150e-11
12060.00 2.098213e-11
12070.00 2.049485e-11
12080.00 2.037497e-11
12090.00 2.019690e-11
12100.00 1.983717e-11
12110.00 1.929748e-11
12120.00 1.884048e-11
12130.00 1.881429e-11
12140.00 1.952251e-11
12150.00 1.962452e-11
12160.00 1.902414e-11
12170.00 1.844817e-11
12180.00 1.812614e-11
12190.00 1.854978e-11
12200.00 1.915422e-11
12210.00 1.933730e-11
12220.00 1.873481e-11
12230.00 1.804432e-11
12240.00 1.759147e-11
12250.00 1.755653e-11
12260.00 1.749867e-11
12270.00 1.753889e-11
12280.00 1.798365e-11
12290.00 1.796926e-11
12300.00 1.770576e-11
12310.00 1.784644e-11
12320.00 1.804833e-11
12330.00 1.792603e-11
12340.00 1.770269e-11
12350.00 1.762122e-11
12360.00 1.769967e-11
12370.00 1.774168e-11
12380.00 1.756739e-11
12390.00 1.728568e-11
12400.00 1.692248e-11
12410.00 1.671147e-11
12420.00 1.709416e-11
12430.00 1.753102e-11
12440.00 1.729952e-11
12450.00 1.682818e-11
12460.00 1.657155e-11
12470.00 1.647229e-11
12480.00 1.651800e-11
12490.00 1.656029e-11
12500.00 1.654804e-11
12510.00 1.666777e-11
12520.00 1.674134e-11
12530.00 1.626740e-11
12540.00 1.584015e-11
12550.00 1.578010e-11
12560.00 1.624303e-11
12570.00 1.662395e-11
12580.00 1.602186e-11
12590.00 1.588417e-11
12600.00 1.608603e-11
12610.00 1.639555e-11
12620.00 1.663548e-11
12630.00 1.648543e-11
12640.00 1.667597e-11
12650.00 1.659452e-11
12660.00 1.616654e-11
12670.00 1.607230e-11
12680.00 1.618687e-11
12690.00 1.626844e-11
12700.00 1.615890e-11
12710.00 1.593752e-11
12720.00 1.605049e-11
12730.00 1.621755e-11
12740.00 1.613002e-11
12750.00 1.632100e-11
12760.00 1.664346e-11
12770.00 1.659790e-11
12780.00 1.619894e-11
12790.00 1.572134e-11
12800.00 1.543372e-11
12810.00 1.533781e-11
12820.00 1.532568e-11
12830.00 1.542036e-11
12840.00 1.531416e-11
12850.00 1.499150e-11
12860.00 1.500127e-11
12870.00 1.530011e-11
12880.00 1.541958e-11
12890.00 1.539126e-11
12900.00 1.540606e-11
12910.00 1.528386e-11
12920.00 1.502719e-11
12930.00 1.487398e-11
12940.00 1.466540e-11
12950.00 1.439861e-11
12960.00 1.427223e-11
12970.00 1.401465e-11
12980.00 1.373978e-11
12990.00 1.386617e-11
13000.00 1.407525e-11
13010.00 1.392744e-11
13020.00 1.360426e-11
13030.00 1.329672e-11
13040.00 1.322251e-11
13050.00 1.353718e-11
13060.00 1.391144e-11
13070.00 1.373337e-11
13080.00 1.322055e-11
13090.00 1.302195e-11
13100.00 1.300446e-11
13110.00 1.301563e-11
13120.00 1.289979e-11
13130.00 1.272221e-11
13140.00 1.263081e-11
13150.00 1.245415e-11
13160.00 1.226503e-11
13170.00 1.188925e-11
13180.00 1.187493e-11
13190.00 1.197538e-11
13200.00 1.177898e-11
13210.00 1.168893e-11
13220.00 1.174644e-11
13230.00 1.177239e-11
13240.00 1.206292e-11
13250.00 1.219141e-11
13260.00 1.215050e-11
13270.00 1.222098e-11
13280.00 1.204876e-11
13290.00 1.175982e-11
13300.00 1.138332e-11
13310.00 1.112934e-11
13320.00 1.130864e-11
13330.00 1.152708e-11
13340.00 1.147644e-11
13350.00 1.138546e-11
13360.00 1.134537e-11
13370.00 1.135027e-11
13380.00 1.103826e-11
13390.00 1.036403e-11
13400.00 9.911645e-12
13410.00 9.763530e-12
13420.00 9.655577e-12
13430.00 9.571299e-12
13440.00 9.499515e-12
13450.00 9.435971e-12
13460.00 9.379425e-12
13470.00 9.327970e-12
13480.00 9.280544e-12
13490.00 9.236122e-12
13500.00 9.193941e-12
13510.00 9.153981e-12
13520.00 9.114963e-12
13530.00 9.076903e-12
13540.00 9.039499e-12
13550.00 9.002171e-12
13560.00 8.964453e-12
13570.00 8.926546e-12
13580.00 8.888674e-12
13590.00 8.850725e-12
13600.00 8.812721e-12
13610.00 8.774765e-12
13620.00 8.736425e-12
13630.00 8.697554e-12
13640.00 8.658683e-12
13650.00 8.619561e-12
13660.00 8.579615e-12
13670.00 8.539683e-12
13680.00 8.500826e-12
13690.00 8.468618e-12
13700.00 8.437227e-12
13710.00 8.405849e-12
13720.00 8.366965e-12
13730.00 8.326872e-12
13740.00 8.286556e-12
13750.00 8.242608e-12
13760.00 8.197096e-12
13770.00 8.150941e-12
13780.00 8.100799e-12
13790.00 8.047549e-12
13800.00 7.993098e-12
13810.00 7.935051e-12
13820.00 7.872715e-12
13830.00 7.808082e-12
13840.00 7.737254e-12
13850.00 7.656349e-12
13860.00 7.571359e-12
13870.00 7.486529e-12
13880.00 7.401811e-12
13890.00 7.317582e-12
13900.00 7.234729e-12
13910.00 7.153503e-12
13920.00 7.073953e-12
13930.00 6.996910e-12
13940.00 6.922007e-12
13950.00 6.847901e-12
13960.00 6.774332e-12
13970.00 6.701622e-12
13980.00 6.630580e-12
13990.00 6.562615e-12
14000.00 6.499758e-12
14010.00 6.443038e-12
14020.00 6.400002e-12
14030.00 6.365758e-12
14040.00 6.297789e-12
14050.00 6.262525e-12
14060.00 6.299095e-12
14070.00 6.297266e-12
14080.00 6.231123e-12
14090.00 6.182353e-12
14100.00 6.139937e-12
14110.00 6.198219e-12
14120.00 6.384246e-12
14130.00 6.715774e-12
14140.00 6.468362e-12
14150.00 5.785529e-12
14160.00 5.653841e-12
14170.00 5.539690e-12
14180.00 5.305953e-12
14190.00 5.364974e-12
14200.00 4.979990e-12
14210.00 4.893563e-12
14220.00 5.340064e-12
14230.00 5.636881e-12
14240.00 5.563532e-12
14250.00 5.355828e-12
14260.00 5.473116e-12
14270.00 5.670193e-12
14280.00 5.882917e-12
14290.00 6.171463e-12
14300.00 6.224884e-12
14310.00 6.103525e-12
14320.00 6.159475e-12
14330.00 6.296644e-12
14340.00 6.604697e-12
14350.00 6.864326e-12
14360.00 6.853005e-12
14370.00 6.777827e-12
14380.00 6.696410e-12
14390.00 6.510309e-12
14400.00 6.359529e-12
14410.00 6.475442e-12
14420.00 6.771347e-12
14430.00 6.986406e-12
14440.00 6.981454e-12
14450.00 6.818106e-12
14460.00 6.726654e-12
14470.00 6.795289e-12
14480.00 6.860984e-12
14490.00 6.717690e-12
14500.00 6.499183e-12
14510.00 6.461423e-12
14520.00 6.497546e-12
14530.00 6.159447e-12
14540.00 5.859183e-12
14550.00 6.044061e-12
14560.00 6.065986e-12
14570.00 6.140257e-12
14580.00 6.471624e-12
14590.00 6.379996e-12
14600.00 5.932262e-12
14610.00 5.631135e-12
14620.00 5.751670e-12
14630.00 6.005222e-12
14640.00 5.900718e-12
14650.00 5.942082e-12
14660.00 6.185783e-12
14670.00 6.336720e-12
14680.00 6.309050e-12
14690.00 6.067352e-12
14700.00 6.095795e-12
14710.00 6.556156e-12
14720.00 6.436900e-12
14730.00 6.078976e-12
14740.00 6.158753e-12
14750.00 6.084302e-12
14760.00 5.941607e-12
14770.00 6.078875e-12
14780.00 6.221842e-12
14790.00 6.240814e-12
14800.00 6.130090e-12
14810.00 5.952431e-12
14820.00 5.962969e-12
14830.00 6.226930e-12
14840.00 6.372105e-12
14850.00 6.283496e-12
14860.00 6.235146e-12
14870.00 6.209806e-12
14880.00 6.229701e-12
14890.00 6.335578e-12
14900.00 6.381829e-12
14910.00 6.342560e-12
14920.00 6.279551e-12
14930.00 6.241647e-12
14940.00 6.221540e-12
14950.00 6.191065e-12
14960.00 6.215416e-12
14970.00 6.246825e-12
14980.00 6.201194e-12
14990.00 6.129354e-12
15000.00 6.106966e-12
15010.00 6.164908e-12
15020.00 6.054593e-12
15030.00 5.767493e-12
15040.00 5.691851e-12
15050.00 5.852245e-12
15060.00 5.934645e-12
15070.00 5.791242e-12
15080.00 5.682367e-12
15090.00 5.707527e-12
15100.00 5.604390e-12
15110.00 5.566865e-12
15120.00 5.675746e-12
15130.00 5.615196e-12
15140.00 5.614021e-12
15150.00 5.368863e-12
15160.00 5.237051e-12
15170.00 5.284521e-12
15180.00 5.182471e-12
15190.00 5.149143e-12
15200.00 5.277149e-12
15210.00 5.261239e-12
15220.00 4.937568e-12
15230.00 4.910114e-12
15240.00 4.962399e-12
15250.00 5.061607e-12
15260.00 5.157784e-12
15270.00 5.110938e-12
15280.00 4.853649e-12
15290.00 4.760367e-12
15300.00 4.861153e-12
15310.00 5.033884e-12
15320.00 5.100653e-12
15330.00 4.815131e-12
15340.00 4.693491e-12
15350.00 5.000910e-12
15360.00 5.339281e-12
15370.00 5.355827e-12
15380.00 5.024064e-12
15390.00 4.674479e-12
15400.00 4.590187e-12
15410.00 4.664169e-12
15420.00 4.679075e-12
15430.00 4.593792e-12
15440.00 4.532275e-12
15450.00 4.560904e-12
15460.00 4.539070e-12
15470.00 4.434045e-12
15480.00 4.386954e-12
15490.00 4.323310e-12
15500.00 4.230902e-12
15510.00 4.319764e-12
15520.00 4.409733e-12
15530.00 4.240640e-12
15540.00 4.021794e-12
15550.00 4.021603e-12
15560.00 4.105730e-12
15570.00 4.142893e-12
15580.00 4.149430e-12
15590.00 4.141217e-12
15600.00 4.107187e-12
15610.00 4.078485e-12
15620.00 4.025072e-12
15630.00 4.039023e-12
15640.00 4.295988e-12
15650.00 4.386061e-12
15660.00 4.155353e-12
15670.00 3.944302e-12
15680.00 4.073121e-12
15690.00 4.391381e-12
15700.00 4.498303e-12
15710.00 4.473820e-12
15720.00 4.445651e-12
15730.00 4.270710e-12
15740.00 4.185031e-12
15750.00 4.135940e-12
15760.00 4.073621e-12
15770.00 4.008017e-12
15780.00 3.984190e-12
15790.00 4.070678e-12
15800.00 4.120724e-12
15810.00 4.094059e-12
15820.00 4.068202e-12
15830.00 3.996986e-12
15840.00 3.791326e-12
15850.00 3.757890e-12
15860.00 3.931200e-12
15870.00 4.008228e-12
15880.00 3.939987e-12
15890.00 3.849190e-12
15900.00 3.865394e-12
15910.00 3.942421e-12
15920.00 3.998687e-12
15930.00 4.054282e-12
15940.00 4.026045e-12
15950.00 3.904411e-12
15960.00 3.853257e-12
15970.00 3.833687e-12
15980.00 3.751497e-12
15990.00 3.735041e-12
16000.00 3.787171e-12
16010.00 3.803871e-12
16020.00 3.820313e-12
16030.00 3.872599e-12
16040.00 3.935311e-12
16050.00 3.905388e-12
16060.00 3.796639e-12
16070.00 3.715980e-12
16080.00 3.673779e-12
16090.00 3.684914e-12
16100.00 3.694667e-12
16110.00 3.654971e-12
16120.00 3.775059e-12
16130.00 3.898027e-12
16140.00 3.721849e-12
16150.00 3.596352e-12
16160.00 3.800616e-12
16170.00 3.913665e-12
16180.00 3.806786e-12
16190.00 3.615656e-12
16200.00 3.573864e-12
16210.00 3.595014e-12
16220.00 3.533899e-12
16230.00 3.595698e-12
16240.00 3.536508e-12
16250.00 3.276676e-12
16260.00 3.203450e-12
16270.00 3.328154e-12
16280.00 3.405373e-12
16290.00 3.471613e-12
16300.00 3.399593e-12
16310.00 3.284973e-12
16320.00 3.383886e-12
16330.00 3.424112e-12
16340.00 3.361242e-12
16350.00 3.331001e-12
16360.00 3.236877e-12
16370.00 3.165801e-12
16380.00 3.188434e-12
16390.00 3.197986e-12
16400.00 3.181155e-12
16410.00 3.163299e-12
16420.00 3.171186e-12
16430.00 3.207790e-12
16440.00 3.195021e-12
16450.00 3.119703e-12
16460.00 3.054027e-12
16470.00 3.044272e-12
16480.00 3.062022e-12
16490.00 3.066391e-12
16500.00 3.098979e-12
16510.00 3.111451e-12
16520.00 2.991279e-12
16530.00 2.835366e-12
16540.00 2.853834e-12
16550.00 2.960075e-12
16560.00 2.931722e-12
16570.00 2.921959e-12
16580.00 3.004080e-12
16590.00 3.011722e-12
16600.00 2.946095e-12
16610.00 2.931790e-12
16620.00 2.955602e-12
16630.00 2.890794e-12
16640.00 2.740097e-12
16650.00 2.694339e-12
16660.00 2.822957e-12
16670.00 2.857161e-12
16680.00 2.869656e-12
16690.00 2.958750e-12
16700.00 2.780685e-12
16710.00 2.941606e-12
16720.00 3.262715e-12
16730.00 3.145822e-12
16740.00 3.053794e-12
16750.00 3.113221e-12
16760.00 3.158004e-12
16770.00 3.234326e-12
16780.00 3.305374e-12
16790.00 3.342615e-12
16800.00 3.414649e-12
16810.00 3.419042e-12
16820.00 3.313564e-12
16830.00 3.203536e-12
16840.00 3.161610e-12
16850.00 3.162079e-12
16860.00 3.144781e-12
16870.00 3.156908e-12
16880.00 3.262863e-12
16890.00 3.309933e-12
16900.00 3.235335e-12
16910.00 3.221857e-12
16920.00 3.219396e-12
16930.00 3.109913e-12
16940.00 3.027720e-12
16950.00 3.027792e-12
16960.00 3.030896e-12
16970.00 3.005272e-12
16980.00 2.945831e-12
16990.00 2.900909e-12
17000.00 2.895358e-12
17010.00 2.874654e-12
17020.00 2.832847e-12
17030.00 2.815964e-12
17040.00 2.814450e-12
17050.00 2.831844e-12
17060.00 2.867441e-12
17070.00 2.877699e-12
17080.00 2.862509e-12
17090.00 2.804771e-12
17100.00 2.787365e-12
17110.00 2.776682e-12
17120.00 2.681982e-12
17130.00 2.639533e-12
17140.00 2.640007e-12
17150.00 2.626796e-12
17160.00 2.616672e-12
17170.00 2.564102e-12
17180.00 2.597315e-12
17190.00 2.667417e-12
17200.00 2.665397e-12
17210.00 2.583824e-12
17220.00 2.489514e-12
17230.00 2.634476e-12
17240.00 2.594730e-12
17250.00 2.477794e-12
17260.00 2.549743e-12
17270.00 2.490294e-12
17280.00 2.491924e-12
17290.00 2.475227e-12
17300.00 2.457941e-12
17310.00 2.427071e-12
17320.00 2.442884e-12
17330.00 2.450380e-12
17340.00 2.338439e-12
17350.00 2.285345e-12
17360.00 2.296162e-12
17370.00 2.296938e-12
17380.00 2.306032e-12
17390.00 2.345648e-12
17400.00 2.394414e-12
17410.00 2.406722e-12
17420.00 2.351561e-12
17430.00 2.291046e-12
17440.00 2.333010e-12
17450.00 2.449594e-12
17460.00 2.464419e-12
17470.00 2.309144e-12
17480.00 2.172038e-12
17490.00 2.153728e-12
17500.00 2.122701e-12
17510.00 2.091412e-12
17520.00 2.114898e-12
17530.00 2.122694e-12
17540.00 2.117498e-12
17550.00 2.107318e-12
17560.00 2.057284e-12
17570.00 2.038777e-12
17580.00 2.105871e-12
17590.00 2.157466e-12
17600.00 2.138916e-12
17610.00 2.082511e-12
17620.00 2.040466e-12
17630.00 2.027599e-12
17640.00 2.015293e-12
17650.00 2.024879e-12
17660.00 1.966000e-12
17670.00 1.833542e-12
17680.00 1.797610e-12
17690.00 1.895257e-12
17700.00 2.023073e-12
17710.00 2.043517e-12
17720.00 1.990384e-12
17730.00 1.996294e-12
17740.00 2.012547e-12
17750.00 1.985734e-12
17760.00 1.954560e-12
17770.00 1.883550e-12
17780.00 1.914513e-12
17790.00 2.011238e-12
17800.00 1.890177e-12
17810.00 1.697672e-12
17820.00 1.680143e-12
17830.00 1.727220e-12
17840.00 1.767749e-12
17850.00 1.751173e-12
17860.00 1.688732e-12
17870.00 1.694133e-12
17880.00 1.761036e-12
17890.00 1.804293e-12
17900.00 1.899272e-12
17910.00 2.145455e-12
17920.00 2.170298e-12
17930.00 1.865265e-12
17940.00 1.628163e-12
17950.00 1.553953e-12
17960.00 1.567894e-12
17970.00 1.647887e-12
17980.00 1.688537e-12
17990.00 1.683436e-12
18000.00 1.675254e-12
18010.00 1.665800e-12
18020.00 1.655632e-12
18030.00 1.644984e-12
18040.00 1.634000e-12
18050.00 1.623104e-12
18060.00 1.612509e-12
18070.00 1.602184e-12
18080.00 1.591952e-12
18090.00 1.581781e-12
18100.00 1.571765e-12
18110.00 1.561954e-12
18120.00 1.552237e-12
18130.00 1.542558e-12
18140.00 1.532931e-12
18150.00 1.523481e-12
18160.00 1.514368e-12
18170.00 1.505369e-12
18180.00 1.496404e-12
18190.00 1.487472e-12
18200.00 1.478574e-12
18210.00 1.469846e-12
18220.00 1.461257e-12
18230.00 1.452714e-12
18240.00 1.444202e-12
18250.00 1.435722e-12
18260.00 1.427274e-12
18270.00 1.418456e-12
18280.00 1.409429e-12
18290.00 1.400406e-12
18300.00 1.391418e-12
18310.00 1.382466e-12
18320.00 1.373529e-12
18330.00 1.364454e-12
18340.00 1.355297e-12
18350.00 1.346152e-12
18360.00 1.337044e-12
18370.00 1.327972e-12
18380.00 1.318902e-12
18390.00 1.309720e-12
18400.00 1.300457e-12
18410.00 1.291203e-12
18420.00 1.281986e-12
18430.00 1.272806e-12
18440.00 1.263624e-12
18450.00 1.254351e-12
18460.00 1.245002e-12
18470.00 1.235662e-12
18480.00 1.226362e-12
18490.00 1.217100e-12
18500.00 1.207837e-12
18510.00 1.198504e-12
18520.00 1.189107e-12
18530.00 1.179725e-12
18540.00 1.170382e-12
18550.00 1.161079e-12
18560.00 1.151796e-12
18570.00 1.142490e-12
18580.00 1.133169e-12
18590.00 1.123875e-12
18600.00 1.114621e-12
18610.00 1.105406e-12
18620.00 1.096224e-12
18630.00 1.087036e-12
18640.00 1.077857e-12
18650.00 1.068711e-12
18660.00 1.059604e-12
18670.00 1.050537e-12
18680.00 1.041506e-12
18690.00 1.032458e-12
18700.00 1.023417e-12
18710.00 1.014412e-12
18720.00 1.005447e-12
18730.00 9.965188e-13
18740.00 9.876308e-13
18750.00 9.786918e-13
18760.00 9.697507e-13
18770.00 9.608452e-13
18780.00 9.519781e-13
18790.00 9.431502e-13
18800.00 9.343571e-13
18810.00 9.255124e-13
18820.00 9.166628e-13
18830.00 9.078460e-13
18840.00 8.990690e-13
18850.00 8.903305e-13
18860.00 8.816094e-13
18870.00 8.727975e-13
18880.00 8.639416e-13
18890.00 8.551115e-13
18900.00 8.463220e-13
18910.00 8.375729e-13
18920.00 8.288127e-13
18930.00 8.199205e-13
18940.00 8.109347e-13
18950.00 8.019671e-13
18960.00 7.930414e-13
18970.00 7.841561e-13
18980.00 7.754853e-13
18990.00 7.673403e-13
19000.00 7.596465e-13
19010.00 7.520595e-13
19020.00 7.445061e-13
19030.00 7.369862e-13
19040.00 7.294949e-13
19050.00 7.220329e-13
19060.00 7.146051e-13
19070.00 7.072004e-13
19080.00 6.997790e-13
19090.00 6.923153e-13
19100.00 6.848536e-13
19110.00 6.773962e-13
19120.00 6.698319e-13
19130.00 6.622089e-13
19140.00 6.544252e-13
19150.00 6.454344e-13
19160.00 6.351087e-13
19170.00 6.216593e-13
19180.00 6.304980e-13
19190.00 8.012666e-13
19200.00 9.035406e-13
19210.00 8.555892e-13
19220.00 8.124690e-13
19230.00 8.043052e-13
19240.00 8.331907e-13
19250.00 8.646371e-13
19260.00 8.261869e-13
19270.00 7.748728e-13
19280.00 7.695087e-13
19290.00 7.769162e-13
19300.00 7.765922e-13
19310.00 7.769993e-13
19320.00 7.984669e-13
19330.00 7.591116e-13
19340.00 6.974636e-13
19350.00 7.216991e-13
19360.00 7.502585e-13
19370.00 7.468372e-13
19380.00 7.626641e-13
19390.00 7.721653e-13
19400.00 7.745111e-13
19410.00 7.834997e-13
19420.00 7.778939e-13
19430.00 7.693530e-13
19440.00 7.879000e-13
19450.00 8.291409e-13
19460.00 8.549090e-13
19470.00 8.738499e-13
19480.00 9.001599e-13
19490.00 8.856068e-13
19500.00 8.432485e-13
19510.00 8.340455e-13
19520.00 8.443233e-13
19530.00 8.440712e-13
19540.00 8.381421e-13
19550.00 8.470923e-13
19560.00 8.518411e-13
19570.00 8.246868e-13
19580.00 8.035761e-13
19590.00 8.142812e-13
19600.00 8.217334e-13
19610.00 8.482816e-13
19620.00 8.690619e-13
19630.00 8.204380e-13
19640.00 7.746522e-13
19650.00 7.654394e-13
19660.00 7.801154e-13
19670.00 7.764756e-13
19680.00 7.441255e-13
19690.00 7.225818e-13
19700.00 7.118124e-13
19710.00 7.023007e-13
19720.00 6.990226e-13
19730.00 6.924093e-13
19740.00 6.605116e-13
19750.00 6.632729e-13
19760.00 6.295618e-13
19770.00 6.440191e-13
19780.00 6.365675e-13
19790.00 6.019637e-13
19800.00 6.517120e-13
19810.00 6.815980e-13
19820.00 5.813663e-13
19830.00 5.011479e-13
19840.00 4.852907e-13
19850.00 4.077340e-13
19860.00 3.404141e-13
19870.00 2.961638e-13
19880.00 2.349943e-13
19890.00 1.872636e-13
19900.00 2.006586e-13
19910.00 2.447227e-13
19920.00 2.698702e-13
19930.00 2.696828e-13
19940.00 2.536737e-13
19950.00 2.086157e-13
19960.00 1.653866e-13
19970.00 1.858093e-13
19980.00 2.397683e-13
19990.00 2.572730e-13
20000.00 2.445578e-13
20010.00 2.454848e-13
20020.00 2.577754e-13
20030.00 2.533170e-13
20040.00 2.553802e-13
20050.00 2.713465e-13
20060.00 2.593921e-13
20070.00 2.428251e-13
20080.00 2.439795e-13
20090.00 2.461552e-13
20100.00 2.676330e-13
20110.00 3.042046e-13
20120.00 3.250952e-13
20130.00 3.440288e-13
20140.00 3.562298e-13
20150.00 3.561302e-13
20160.00 3.958822e-13
20170.00 5.282471e-13
20180.00 5.925500e-13
20190.00 5.028796e-13
20200.00 4.480555e-13
20210.00 4.715916e-13
20220.00 4.927825e-13
20230.00 5.090949e-13
20240.00 5.356237e-13
20250.00 5.390511e-13
20260.00 5.692265e-13
20270.00 6.088358e-13
20280.00 6.023262e-13
20290.00 6.028535e-13
20300.00 6.094687e-13
20310.00 6.153504e-13
20320.00 6.335738e-13
20330.00 6.350020e-13
20340.00 6.209800e-13
20350.00 6.262984e-13
20360.00 6.309363e-13
20370.00 6.246387e-13
20380.00 6.248458e-13
20390.00 6.343505e-13
20400.00 6.439665e-13
20410.00 6.551734e-13
20420.00 6.751177e-13
20430.00 6.985960e-13
20440.00 7.110163e-13
20450.00 7.090008e-13
20460.00 7.076488e-13
20470.00 7.036968e-13
20480.00 6.891858e-13
20490.00 6.853920e-13
20500.00 7.015926e-13
20510.00 7.137566e-13
20520.00 7.056047e-13
20530.00 6.914369e-13
20540.00 6.914001e-13
20550.00 6.983514e-13
20560.00 6.986756e-13
20570.00 7.021087e-13
20580.00 7.141687e-13
20590.00 7.116238e-13
20600.00 6.874360e-13
20610.00 6.837914e-13
20620.00 6.961959e-13
20630.00 6.828315e-13
20640.00 6.650545e-13
20650.00 6.576987e-13
20660.00 6.529518e-13
20670.00 6.510311e-13
20680.00 6.553868e-13
20690.00 6.562061e-13
20700.00 6.433258e-13
20710.00 6.293449e-13
20720.00 6.146654e-13
20730.00 6.065993e-13
20740.00 5.925294e-13
20750.00 5.807024e-13
20760.00 6.024279e-13
20770.00 6.139304e-13
20780.00 6.261128e-13
20790.00 6.469795e-13
20800.00 6.216391e-13
20810.00 5.962709e-13
20820.00 6.096396e-13
20830.00 6.161213e-13
20840.00 6.081728e-13
20850.00 6.155013e-13
20860.00 6.123418e-13
20870.00 5.706513e-13
20880.00 5.511074e-13
20890.00 5.639689e-13
20900.00 5.679320e-13
20910.00 5.734560e-13
20920.00 5.861296e-13
20930.00 5.767358e-13
20940.00 5.529564e-13
20950.00 5.456351e-13
20960.00 5.518376e-13
20970.00 5.522037e-13
20980.00 5.445607e-13
20990.00 5.378784e-13
21000.00 5.307695e-13
21010.00 5.219209e-13
21020.00 5.124461e-13
21030.00 5.046955e-13
21040.00 5.140917e-13
21050.00 5.278535e-13
21060.00 5.247517e-13
21070.00 5.177859e-13
21080.00 5.036509e-13
21090.00 4.920927e-13
21100.00 5.042939e-13
21110.00 5.091127e-13
21120.00 4.997134e-13
21130.00 4.995104e-13
21140.00 5.018108e-13
21150.00 4.915638e-13
21160.00 4.742697e-13
21170.00 4.703599e-13
21180.00 4.828019e-13
21190.00 4.874150e-13
21200.00 4.832058e-13
21210.00 4.760069e-13
21220.00 4.649143e-13
21230.00 4.561309e-13
21240.00 4.625597e-13
21250.00 4.767021e-13
21260.00 4.772790e-13
21270.00 4.428044e-13
21280.00 4.236906e-13
21290.00 4.423586e-13
21300.00 4.371802e-13
21310.00 4.248009e-13
21320.00 4.327525e-13
21330.00 4.487978e-13
21340.00 4.479252e-13
21350.00 4.296804e-13
21360.00 4.119686e-13
21370.00 4.015305e-13
21380.00 3.934222e-13
21390.00 3.899652e-13
21400.00 3.951581e-13
21410.00 3.956447e-13
21420.00 3.944110e-13
21430.00 3.940401e-13
21440.00 3.924539e-13
21450.00 3.961494e-13
21460.00 3.913544e-13
21470.00 3.707735e-13
21480.00 3.640671e-13
21490.00 3.773949e-13
21500.00 3.766693e-13
21510.00 3.533844e-13
21520.00 3.375470e-13
21530.00 3.442433e-13
21540.00 3.569620e-13
21550.00 3.638138e-13
21560.00 3.634902e-13
21570.00 3.522832e-13
21580.00 3.410670e-13
21590.00 3.437953e-13
21600.00 3.540555e-13
21610.00 3.559321e-13
21620.00 3.419864e-13
21630.00 3.251725e-13
21640.00 3.190090e-13
21650.00 3.195756e-13
21660.00 3.212637e-13
21670.00 3.202612e-13
21680.00 3.226518e-13
21690.00 3.259789e-13
21700.00 3.294258e-13
21710.00 3.225455e-13
21720.00 3.015753e-13
21730.00 2.941178e-13
21740.00 2.838206e-13
21750.00 2.696792e-13
21760.00 2.763026e-13
21770.00 2.932787e-13
21780.00 2.947687e-13
21790.00 2.978776e-13
21800.00 3.042256e-13
21810.00 2.911262e-13
21820.00 2.660089e-13
21830.00 2.558750e-13
21840.00 2.741602e-13
21850.00 2.937081e-13
21860.00 2.930051e-13
21870.00 2.691707e-13
21880.00 2.463497e-13
21890.00 2.394818e-13
21900.00 2.410843e-13
21910.00 2.501358e-13
21920.00 2.569468e-13
21930.00 2.626780e-13
21940.00 2.613089e-13
21950.00 2.500102e-13
21960.00 2.478153e-13
21970.00 2.499382e-13
21980.00 2.412145e-13
21990.00 2.283598e-13
22000.00 2.236321e-13
22010.00 2.250699e-13
22020.00 2.267913e-13
22030.00 2.314017e-13
22040.00 2.337931e-13
22050.00 2.311375e-13
22060.00 2.352612e-13
22070.00 2.419743e-13
22080.00 2.341001e-13
22090.00 2.203605e-13
22100.00 2.302666e-13
22110.00 2.399174e-13
22120.00 2.256524e-13
22130.00 2.152677e-13
22140.00 2.171489e-13
22150.00 2.162946e-13
22160.00 2.025059e-13
22170.00 1.929100e-13
22180.00 2.052335e-13
22190.00 2.150727e-13
22200.00 2.119258e-13
22210.00 2.266317e-13
22220.00 2.377445e-13
22230.00 2.208803e-13
22240.00 2.002807e-13
22250.00 1.823988e-13
22260.00 1.779872e-13
22270.00 2.001465e-13
22280.00 1.991660e-13
22290.00 1.919715e-13
22300.00 2.055372e-13
22310.00 2.010464e-13
22320.00 1.954059e-13
22330.00 2.043576e-13
22340.00 2.053413e-13
22350.00 1.941791e-13
22360.00 1.955591e-13
22370.00 2.001799e-13
22380.00 1.990009e-13
22390.00 2.012463e-13
22400.00 2.046901e-13
22410.00 1.921757e-13
22420.00 1.812253e-13
22430.00 1.857982e-13
22440.00 1.874171e-13
22450.00 1.868400e-13
22460.00 1.836427e-13
22470.00 1.774735e-13
22480.00 1.730376e-13
22490.00 1.623474e-13
22500.00 1.523579e-13
22510.00 1.555372e-13
22520.00 1.645305e-13
22530.00 1.687895e-13
22540.00 1.634781e-13
22550.00 1.550387e-13
22560.00 1.549725e-13
22570.00 1.642470e-13
22580.00 1.746352e-13
22590.00 1.769482e-13
22600.00 1.686596e-13
22610.00 1.555303e-13
22620.00 1.484773e-13
22630.00 1.488382e-13
22640.00 1.505341e-13
22650.00 1.586806e-13
22660.00 1.668431e-13
22670.00 1.621243e-13
22680.00 1.459453e-13
22690.00 1.338012e-13
22700.00 1.383260e-13
22710.00 1.458643e-13
22720.00 1.485062e-13
22730.00 1.514997e-13
22740.00 1.562021e-13
22750.00 1.539692e-13
22760.00 1.506223e-13
22770.00 1.580314e-13
22780.00 1.520297e-13
22790.00 1.342887e-13
22800.00 1.350580e-13
22810.00 1.434292e-13
22820.00 1.465033e-13
22830.00 1.409439e-13
22840.00 1.297808e-13
22850.00 1.365801e-13
22860.00 1.403390e-13
22870.00 1.376255e-13
22880.00 1.352664e-13
22890.00 1.304814e-13
22900.00 1.310861e-13
22910.00 1.336627e-13
22920.00 1.396532e-13
22930.00 1.449600e-13
22940.00 1.398009e-13
22950.00 1.282380e-13
22960.00 1.235034e-13
22970.00 1.229417e-13
22980.00 1.131833e-13
22990.00 1.062406e-13
23000.00 1.171082e-13
23010.00 1.297820e-13
23020.00 1.325089e-13
23030.00 1.287355e-13
23040.00 1.195000e-13
23050.00 1.160166e-13
23060.00 1.211085e-13
23070.00 1.234219e-13
23080.00 1.278702e-13
23090.00 1.306092e-13
23100.00 1.204393e-13
23110.00 1.068171e-13
23120.00 9.981564e-14
23130.00 1.034253e-13
23140.00 1.099574e-13
23150.00 1.071722e-13
23160.00 1.022537e-13
23170.00 1.059963e-13
23180.00 1.099946e-13
23190.00 1.054413e-13
23200.00 1.037911e-13
23210.00 1.042324e-13
23220.00 1.019726e-13
23230.00 9.567430e-14
23240.00 9.252149e-14
23250.00 9.628062e-14
23260.00 8.774807e-14
23270.00 8.628214e-14
23280.00 8.951561e-14
23290.00 8.784186e-14
23300.00 9.033151e-14
23310.00 9.348509e-14
23320.00 9.360101e-14
23330.00 8.926001e-14
23340.00 9.230249e-14
23350.00 1.023174e-13
23360.00 1.063098e-13
23370.00 1.015004e-13
23380.00 8.973776e-14
23390.00 9.424721e-14
23400.00 1.018164e-13
23410.00 9.204388e-14
23420.00 8.132281e-14
23430.00 7.882192e-14
23440.00 7.198219e-14
23450.00 6.323479e-14
23460.00 6.762262e-14
23470.00 7.562043e-14
23480.00 7.883735e-14
23490.00 8.753926e-14
23500.00 9.616434e-14
23510.00 9.798552e-14
23520.00 1.000053e-13
23530.00 9.920032e-14
23540.00 9.351623e-14
23550.00 8.859504e-14
23560.00 8.213256e-14
23570.00 7.577805e-14
23580.00 7.734866e-14
23590.00 8.221546e-14
23600.00 7.922976e-14
23610.00 7.468896e-14
23620.00 8.039372e-14
23630.00 8.682937e-14
23640.00 7.862680e-14
23650.00 6.837313e-14
23660.00 7.259849e-14
23670.00 7.404514e-14
23680.00 6.357673e-14
23690.00 6.044044e-14
23700.00 7.320048e-14
23710.00 8.070672e-14
23720.00 7.256357e-14
23730.00 5.924732e-14
23740.00 5.270372e-14
23750.00 5.195737e-14
23760.00 5.983113e-14
23770.00 6.692559e-14
23780.00 6.444255e-14
23790.00 6.358704e-14
23800.00 6.866947e-14
23810.00 7.273090e-14
23820.00 6.293448e-14
23830.00 5.713543e-14
23840.00 6.194939e-14
23850.00 6.298099e-14
23860.00 5.682545e-14
23870.00 5.632648e-14
23880.00 5.639131e-14
23890.00 5.772516e-14
23900.00 5.907223e-14
23910.00 5.305390e-14
23920.00 4.964478e-14
23930.00 5.137008e-14
23940.00 5.324434e-14
23950.00 5.332630e-14
23960.00 5.301763e-14
23970.00 5.464089e-14
23980.00 5.423236e-14
23990.00 5.234108e-14
24000.00 5.189150e-14
24010.00 5.188137e-14
24020.00 5.187097e-14
24030.00 5.378860e-14
24040.00 5.820939e-14
24050.00 5.890500e-14
24060.00 5.288773e-14
24070.00 4.369135e-14
24080.00 3.684613e-14
24090.00 4.407739e-14
24100.00 5.663283e-14
24110.00 5.643411e-14
24120.00 4.862045e-14
24130.00 4.021446e-14
24140.00 3.586362e-14
24150.00 4.182565e-14
24160.00 4.916766e-14
24170.00 5.171471e-14
24180.00 4.649206e-14
24190.00 3.498868e-14
24200.00 2.972096e-14
24210.00 3.400161e-14
24220.00 4.722484e-14
24230.00 5.067818e-14
24240.00 4.391593e-14
24250.00 5.182476e-14
24260.00 5.731569e-14
24270.00 5.266244e-14
24280.00 5.118884e-14
24290.00 3.776161e-14
24300.00 3.057677e-14
24310.00 3.984518e-14
24320.00 4.127183e-14
24330.00 3.592828e-14
24340.00 3.545572e-14
24350.00 3.393574e-14
24360.00 4.232916e-14
24370.00 5.237017e-14
24380.00 4.703595e-14
24390.00 3.774997e-14
24400.00 3.650752e-14
24410.00 3.675583e-14
24420.00 3.448621e-14
24430.00 3.308813e-14
24440.00 3.216965e-14
24450.00 3.184078e-14
24460.00 3.151312e-14
24470.00 3.118650e-14
24480.00 3.086092e-14
24490.00 3.053637e-14
24500.00 3.021286e-14
24510.00 2.989037e-14
24520.00 2.956893e-14
24530.00 2.924852e-14
24540.00 2.892914e-14
24550.00 2.861079e-14
24560.00 2.829348e-14
24570.00 2.797720e-14
24580.00 2.766195e-14
24590.00 2.734773e-14
24600.00 2.703453e-14
24610.00 2.672237e-14
24620.00 2.641124e-14
24630.00 2.610113e-14
24640.00 2.579206e-14
24650.00 2.548401e-14
24660.00 2.517699e-14
24670.00 2.487099e-14
24680.00 2.456602e-14
24690.00 2.426207e-14
24700.00 2.395916e-14
24710.00 2.365727e-14
24720.00 2.335639e-14
24730.00 2.305655e-14
24740.00 2.275772e-14
24750.00 2.245992e-14
24760.00 2.216315e-14
24770.00 2.186739e-14
24780.00 2.157266e-14
24790.00 2.127894e-14
24800.00 2.098625e-14
24810.00 2.069458e-14
24820.00 2.040393e-14
24830.00 2.011430e-14
24840.00 1.982568e-14
24850.00 1.953809e-14
24860.00 1.925151e-14
24870.00 1.896595e-14
24880.00 1.868141e-14
24890.00 1.839789e-14
24900.00 1.811537e-14
24910.00 1.783389e-14
24920.00 1.755341e-14
24930.00 1.727395e-14
24940.00 1.699551e-14
24950.00 1.671808e-14
24960.00 1.644167e-14
24970.00 1.616628e-14
24980.00 1.589189e-14
24990.00 1.561852e-14
25000.00 1.534616e-14
