1000.00 1.516841e-14
1010.00 1.649451e-14
1020.00 1.782604e-14
1030.00 1.916790e-14
1040.00 2.052449e-14
1050.00 2.189978e-14
1060.00 2.329724e-14
1070.00 2.471997e-14
1080.00 2.617065e-14
1090.00 2.765157e-14
1100.00 2.916470e-14
1110.00 3.071171e-14
1120.00 3.229395e-14
1130.00 3.393488e-14
1140.00 3.563933e-14
1150.00 3.741119e-14
1160.00 3.925435e-14
1170.00 4.117269e-14
1180.00 4.317013e-14
1190.00 4.525073e-14
1200.00 4.741854e-14
1210.00 4.967760e-14
1220.00 5.203199e-14
1230.00 5.448585e-14
1240.00 5.704165e-14
1250.00 5.971190e-14
1260.00 6.250636e-14
1270.00 6.546935e-14
1280.00 6.860832e-14
1290.00 7.193114e-14
1300.00 7.544605e-14
1310.00 7.916167e-14
1320.00 8.308694e-14
1330.00 8.723114e-14
1340.00 9.160406e-14
1350.00 9.621588e-14
1360.00 1.010772e-13
1370.00 1.061993e-13
1380.00 1.115935e-13
1390.00 1.172720e-13
1400.00 1.232469e-13
1410.00 1.295311e-13
1420.00 1.361381e-13
1430.00 1.430817e-13
1440.00 1.503767e-13
1450.00 1.580380e-13
1460.00 1.660815e-13
1470.00 1.745237e-13
1480.00 1.833815e-13
1490.00 1.926731e-13
1500.00 2.024171e-13
1510.00 2.126329e-13
1520.00 2.233411e-13
1530.00 2.345631e-13
1540.00 2.463216e-13
1550.00 2.586405e-13
1560.00 2.715447e-13
1570.00 2.850602e-13
1580.00 2.992144e-13
1590.00 3.140366e-13
1600.00 3.295573e-13
1610.00 3.458095e-13
1620.00 3.628279e-13
1630.00 3.806495e-13
1640.00 3.993137e-13
1650.00 4.188628e-13
1660.00 4.393420e-13
1670.00 4.607999e-13
1680.00 4.832886e-13
1690.00 5.068645e-13
1700.00 5.315874e-13
1710.00 5.575164e-13
1720.00 5.847244e-13
1730.00 6.132928e-13
1740.00 6.433094e-13
1750.00 6.748699e-13
1760.00 7.080790e-13
1770.00 7.430535e-13
1780.00 7.799199e-13
1790.00 8.188192e-13
1800.00 8.599058e-13
1810.00 9.033584e-13
1820.00 9.493600e-13
1830.00 9.981208e-13
1840.00 1.049874e-12
1850.00 1.104878e-12
1860.00 1.163418e-12
1870.00 1.225893e-12
1880.00 1.293196e-12
1890.00 1.366120e-12
1900.00 1.446703e-12
1910.00 1.529821e-12
1920.00 1.618143e-12
1930.00 1.713244e-12
1940.00 1.817158e-12
1950.00 1.932552e-12
1960.00 2.062743e-12
1970.00 2.204387e-12
1980.00 2.361543e-12
1990.00 2.524573e-12
2000.00 2.752113e-12
2010.00 2.971012e-12
2020.00 3.203777e-12
2030.00 3.432256e-12
2040.00 3.672639e-12
2050.00 3.960977e-12
2060.00 4.279055e-12
2070.00 4.570310e-12
2080.00 4.871051e-12
2090.00 5.198031e-12
2100.00 5.555776e-12
2110.00 5.922205e-12
2120.00 6.293485e-12
2130.00 6.723388e-12
2140.00 7.156296e-12
2150.00 7.519289e-12
2160.00 7.849662e-12
2170.00 8.168324e-12
2180.00 8.461655e-12
2190.00 8.733722e-12
2200.00 8.934137e-12
2210.00 9.118385e-12
2220.00 9.341483e-12
2230.00 9.520375e-12
2240.00 9.694036e-12
2250.00 9.840531e-12
2260.00 9.971187e-12
2270.00 1.010122e-11
2280.00 1.023871e-11
2290.00 1.034028e-11
2300.00 1.043843e-11
2310.00 1.041356e-11
2320.00 1.033871e-11
2330.00 1.034776e-11
2340.00 1.038214e-11
2350.00 1.038603e-11
2360.00 1.038993e-11
2370.00 1.034939e-11
2380.00 1.031118e-11
2390.00 1.021208e-11
2400.00 1.012407e-11
2410.00 1.001564e-11
2420.00 9.854337e-12
2430.00 9.722697e-12
2440.00 9.670857e-12
2450.00 9.617789e-12
2460.00 9.543693e-12
2470.00 9.472244e-12
2480.00 9.425656e-12
2490.00 9.415118e-12
2500.00 9.376352e-12
2510.00 9.345059e-12
2520.00 9.394824e-12
2530.00 9.251032e-12
2540.00 8.895399e-12
2550.00 8.752704e-12
2560.00 8.678210e-12
2570.00 8.626838e-12
2580.00 8.559230e-12
2590.00 8.594972e-12
2600.00 8.613018e-12
2610.00 8.736446e-12
2620.00 8.851221e-12
2630.00 9.092232e-12
2640.00 9.326622e-12
2650.00 9.583583e-12
2660.00 9.901602e-12
2670.00 1.022221e-11
2680.00 1.056504e-11
2690.00 1.088194e-11
2700.00 1.118434e-11
2710.00 1.154168e-11
2720.00 1.199235e-11
2730.00 1.251014e-11
2740.00 1.284040e-11
2750.00 1.311234e-11
2760.00 1.350405e-11
2770.00 1.400435e-11
2780.00 1.455958e-11
2790.00 1.504864e-11
2800.00 1.550309e-11
2810.00 1.599353e-11
2820.00 1.661992e-11
2830.00 1.739739e-11
2840.00 1.830860e-11
2850.00 1.934277e-11
2860.00 2.043262e-11
2870.00 2.149685e-11
2880.00 2.246414e-11
2890.00 2.334361e-11
2900.00 2.420289e-11
2910.00 2.500440e-11
2920.00 2.569528e-11
2930.00 2.627921e-11
2940.00 2.702485e-11
2950.00 2.799353e-11
2960.00 2.875845e-11
2970.00 2.940036e-11
2980.00 2.996205e-11
2990.00 3.050332e-11
3000.00 3.112333e-11
3010.00 3.171425e-11
3020.00 3.211130e-11
3030.00 3.234563e-11
3040.00 3.226805e-11
3050.00 3.200328e-11
3060.00 3.175337e-11
3070.00 3.157834e-11
3080.00 3.162835e-11
3090.00 3.180432e-11
3100.00 3.219981e-11
3110.00 3.273750e-11
3120.00 3.346216e-11
3130.00 3.428980e-11
3140.00 3.511470e-11
3150.00 3.582984e-11
3160.00 3.659011e-11
3170.00 3.723996e-11
3180.00 3.778710e-11
3190.00 3.846176e-11
3200.00 3.911436e-11
3210.00 3.980849e-11
3220.00 4.065906e-11
3230.00 4.147789e-11
3240.00 4.227626e-11
3250.00 4.331355e-11
3260.00 4.402288e-11
3270.00 4.471986e-11
3280.00 4.530406e-11
3290.00 4.600205e-11
3300.00 4.664000e-11
3310.00 4.760774e-11
3320.00 4.860376e-11
3330.00 5.003223e-11
3340.00 5.216243e-11
3350.00 5.457107e-11
3360.00 5.725844e-11
3370.00 6.019178e-11
3380.00 6.352518e-11
3390.00 6.669345e-11
3400.00 6.955758e-11
3410.00 7.257949e-11
3420.00 7.543571e-11
3430.00 7.849746e-11
3440.00 8.183974e-11
3450.00 8.512873e-11
3460.00 8.995125e-11
3470.00 8.886328e-11
3480.00 8.722206e-11
3490.00 8.658984e-11
3500.00 8.653257e-11
3510.00 8.700634e-11
3520.00 8.911070e-11
3530.00 8.938251e-11
3540.00 8.897648e-11
3550.00 9.001110e-11
3560.00 9.140000e-11
3570.00 9.561746e-11
3580.00 9.862878e-11
3590.00 9.987151e-11
3600.00 9.852277e-11
3610.00 9.679887e-11
3620.00 9.349535e-11
3630.00 9.111695e-11
3640.00 9.124887e-11
3650.00 9.294107e-11
3660.00 9.690083e-11
3670.00 1.004380e-10
3680.00 1.005885e-10
3690.00 9.618117e-11
3700.00 8.874323e-11
3710.00 8.241637e-11
3720.00 6.664256e-11
3730.00 6.824352e-11
3740.00 6.447798e-11
3750.00 6.089930e-11
3760.00 6.178028e-11
3770.00 5.828815e-11
3780.00 5.958936e-11
3790.00 6.063091e-11
3800.00 6.210392e-11
3810.00 6.197882e-11
3820.00 7.160081e-11
3830.00 8.426751e-11
3840.00 9.816982e-11
3850.00 1.068952e-10
3860.00 1.342310e-10
3870.00 1.689564e-10
3880.00 1.725710e-10
3890.00 1.991650e-10
3900.00 2.151255e-10
3910.00 2.302973e-10
3920.00 2.368216e-10
3930.00 2.420335e-10
3940.00 2.457612e-10
3950.00 2.486470e-10
3960.00 2.565642e-10
3970.00 2.566434e-10
3980.00 2.564779e-10
3990.00 2.611658e-10
4000.00 2.795973e-10
4010.00 2.872954e-10
4020.00 3.013981e-10
4030.00 3.031602e-10
4040.00 3.030753e-10
4050.00 2.993743e-10
4060.00 2.921968e-10
4070.00 2.843055e-10
4080.00 2.718033e-10
4090.00 2.588059e-10
4100.00 2.466492e-10
4110.00 2.369488e-10
4120.00 2.323225e-10
4130.00 2.316951e-10
4140.00 2.299040e-10
4150.00 2.275520e-10
4160.00 2.242403e-10
4170.00 2.235986e-10
4180.00 2.217608e-10
4190.00 2.223259e-10
4200.00 2.230104e-10
4210.00 2.267918e-10
4220.00 2.300506e-10
4230.00 2.356693e-10
4240.00 2.382904e-10
4250.00 2.402379e-10
4260.00 2.412580e-10
4270.00 2.412573e-10
4280.00 2.430504e-10
4290.00 2.447055e-10
4300.00 2.463724e-10
4310.00 2.456025e-10
4320.00 2.473285e-10
4330.00 2.433872e-10
4340.00 2.396358e-10
4350.00 2.366065e-10
4360.00 2.324707e-10
4370.00 2.309510e-10
4380.00 2.268616e-10
4390.00 2.223352e-10
4400.00 2.191676e-10
4410.00 2.169286e-10
4420.00 2.155000e-10
4430.00 2.166664e-10
4440.00 2.192048e-10
4450.00 2.244739e-10
4460.00 2.247722e-10
4470.00 2.411934e-10
4480.00 2.605743e-10
4490.00 2.798550e-10
4500.00 3.059185e-10
4510.00 3.266307e-10
4520.00 3.319509e-10
4530.00 3.479617e-10
4540.00 3.595345e-10
4550.00 3.782549e-10
4560.00 3.839118e-10
4570.00 3.975748e-10
4580.00 4.119722e-10
4590.00 4.184334e-10
4600.00 4.245298e-10
4610.00 4.252951e-10
4620.00 4.224348e-10
4630.00 4.184628e-10
4640.00 4.111445e-10
4650.00 3.999486e-10
4660.00 3.914831e-10
4670.00 3.767875e-10
4680.00 3.613910e-10
4690.00 3.484982e-10
4700.00 3.334283e-10
4710.00 3.218356e-10
4720.00 3.113795e-10
4730.00 3.025013e-10
4740.00 2.880343e-10
4750.00 2.776186e-10
4760.00 2.641519e-10
4770.00 2.552587e-10
4780.00 2.412695e-10
4790.00 2.362574e-10
4800.00 2.295986e-10
4810.00 2.321689e-10
4820.00 2.353138e-10
4830.00 2.411923e-10
4840.00 2.463624e-10
4850.00 2.445287e-10
4860.00 2.485078e-10
4870.00 2.514305e-10
4880.00 2.541618e-10
4890.00 2.505496e-10
4900.00 2.527940e-10
4910.00 2.620533e-10
4920.00 2.719755e-10
4930.00 2.862579e-10
4940.00 2.941310e-10
4950.00 3.035975e-10
4960.00 3.062406e-10
4970.00 3.048248e-10
4980.00 3.020565e-10
4990.00 2.879665e-10
5000.00 2.702378e-10
5010.00 2.563001e-10
5020.00 2.429988e-10
5030.00 2.336170e-10
5040.00 2.296797e-10
5050.00 2.231094e-10
5060.00 2.248851e-10
5070.00 2.323777e-10
5080.00 2.386460e-10
5090.00 2.491389e-10
5100.00 2.545623e-10
5110.00 2.599509e-10
5120.00 2.651758e-10
5130.00 2.699540e-10
5140.00 2.769776e-10
5150.00 2.830032e-10
5160.00 2.856956e-10
5170.00 2.913258e-10
5180.00 2.950742e-10
5190.00 2.990580e-10
5200.00 2.997958e-10
5210.00 3.060931e-10
5220.00 3.152454e-10
5230.00 3.250251e-10
5240.00 3.407885e-10
5250.00 3.498424e-10
5260.00 3.554778e-10
5270.00 3.649146e-10
5280.00 3.705527e-10
5290.00 3.740330e-10
5300.00 3.850299e-10
5310.00 3.906665e-10
5320.00 3.940214e-10
5330.00 3.999651e-10
5340.00 4.016907e-10
5350.00 3.985267e-10
5360.00 3.936487e-10
5370.00 3.872877e-10
5380.00 3.825622e-10
5390.00 3.784658e-10
5400.00 3.734803e-10
5410.00 3.723358e-10
5420.00 3.660891e-10
5430.00 3.690300e-10
5440.00 3.692898e-10
5450.00 3.776861e-10
5460.00 3.871600e-10
5470.00 3.925173e-10
5480.00 3.934529e-10
5490.00 3.921086e-10
5500.00 3.840076e-10
5510.00 3.773683e-10
5520.00 3.647274e-10
5530.00 3.445104e-10
5540.00 3.257349e-10
5550.00 2.908857e-10
5560.00 2.751817e-10
5570.00 2.714484e-10
5580.00 2.450753e-10
5590.00 2.182900e-10
5600.00 2.062629e-10
5610.00 1.953997e-10
5620.00 1.752655e-10
5630.00 1.641635e-10
5640.00 1.569677e-10
5650.00 1.472039e-10
5660.00 1.397599e-10
5670.00 1.338455e-10
5680.00 1.317953e-10
5690.00 1.332344e-10
5700.00 1.345637e-10
5710.00 1.395435e-10
5720.00 1.458798e-10
5730.00 1.489354e-10
5740.00 1.624894e-10
5750.00 1.791413e-10
5760.00 1.952350e-10
5770.00 2.058510e-10
5780.00 2.192864e-10
5790.00 2.344684e-10
5800.00 2.578020e-10
5810.00 2.985380e-10
5820.00 3.254222e-10
5830.00 3.456157e-10
5840.00 3.593895e-10
5850.00 3.720641e-10
5860.00 3.786198e-10
5870.00 3.767387e-10
5880.00 3.749665e-10
5890.00 3.523458e-10
5900.00 3.428625e-10
5910.00 3.549738e-10
5920.00 3.490189e-10
5930.00 3.626763e-10
5940.00 3.702313e-10
5950.00 3.812379e-10
5960.00 3.803780e-10
5970.00 3.783779e-10
5980.00 3.720460e-10
5990.00 3.656019e-10
6000.00 3.587904e-10
6010.00 3.511250e-10
6020.00 3.434200e-10
6030.00 3.350554e-10
6040.00 3.290748e-10
6050.00 3.208566e-10
6060.00 3.158928e-10
6070.00 3.093223e-10
6080.00 3.030607e-10
6090.00 3.014337e-10
6100.00 2.971145e-10
6110.00 2.934853e-10
6120.00 2.907083e-10
6130.00 2.895915e-10
6140.00 2.871877e-10
6150.00 2.890090e-10
6160.00 2.898140e-10
6170.00 2.936601e-10
6180.00 2.998657e-10
6190.00 3.082370e-10
6200.00 3.168639e-10
6210.00 3.216928e-10
6220.00 3.247083e-10
6230.00 3.263120e-10
6240.00 3.236293e-10
6250.00 3.218328e-10
6260.00 3.159819e-10
6270.00 3.117022e-10
6280.00 3.074924e-10
6290.00 3.021786e-10
6300.00 2.989213e-10
6310.00 2.943000e-10
6320.00 2.931877e-10
6330.00 2.906319e-10
6340.00 2.918729e-10
6350.00 2.941814e-10
6360.00 2.959282e-10
6370.00 2.974294e-10
6380.00 2.984182e-10
6390.00 3.028113e-10
6400.00 3.018047e-10
6410.00 3.043870e-10
6420.00 3.081351e-10
6430.00 3.118394e-10
6440.00 3.122212e-10
6450.00 3.110518e-10
6460.00 3.101869e-10
6470.00 3.086874e-10
6480.00 3.064471e-10
6490.00 3.037420e-10
6500.00 3.018931e-10
6510.00 2.987194e-10
6520.00 2.968839e-10
6530.00 2.965017e-10
6540.00 2.975238e-10
6550.00 3.010894e-10
6560.00 3.076475e-10
6570.00 3.101640e-10
6580.00 3.144364e-10
6590.00 2.989894e-10
6600.00 2.840127e-10
6610.00 2.733520e-10
6620.00 2.646887e-10
6630.00 2.582813e-10
6640.00 2.530368e-10
6650.00 2.486777e-10
6660.00 2.446872e-10
6670.00 2.401872e-10
6680.00 2.346981e-10
6690.00 2.292409e-10
6700.00 2.239246e-10
6710.00 2.169529e-10
6720.00 2.108135e-10
6730.00 2.081571e-10
6740.00 2.059321e-10
6750.00 2.026218e-10
6760.00 2.008978e-10
6770.00 2.015627e-10
6780.00 1.993005e-10
6790.00 1.960467e-10
6800.00 1.928874e-10
6810.00 1.881598e-10
6820.00 1.829572e-10
6830.00 1.782182e-10
6840.00 1.751789e-10
6850.00 1.731202e-10
6860.00 1.712163e-10
6870.00 1.708678e-10
6880.00 1.704064e-10
6890.00 1.713958e-10
6900.00 1.726731e-10
6910.00 1.753366e-10
6920.00 1.786623e-10
6930.00 1.825283e-10
6940.00 1.879654e-10
6950.00 1.918968e-10
6960.00 1.932583e-10
6970.00 1.963840e-10
6980.00 1.951936e-10
6990.00 1.953955e-10
7000.00 1.953327e-10
7010.00 1.913162e-10
7020.00 1.888106e-10
7030.00 1.885581e-10
7040.00 1.870624e-10
7050.00 1.875901e-10
7060.00 1.895017e-10
7070.00 1.919673e-10
7080.00 1.942852e-10
7090.00 1.958326e-10
7100.00 1.981149e-10
7110.00 2.008087e-10
7120.00 2.028428e-10
7130.00 2.082902e-10
7140.00 2.094659e-10
7150.00 2.138307e-10
7160.00 2.186947e-10
7170.00 2.221057e-10
7180.00 2.258150e-10
7190.00 2.277344e-10
7200.00 2.377955e-10
7210.00 2.451885e-10
7220.00 2.533302e-10
7230.00 2.564769e-10
7240.00 2.588667e-10
7250.00 2.628892e-10
7260.00 2.585611e-10
7270.00 2.608168e-10
7280.00 2.596637e-10
7290.00 2.540205e-10
7300.00 2.511840e-10
7310.00 2.500195e-10
7320.00 2.424566e-10
7330.00 2.380267e-10
7340.00 2.337854e-10
7350.00 2.305285e-10
7360.00 2.259061e-10
7370.00 2.230288e-10
7380.00 2.216559e-10
7390.00 2.173916e-10
7400.00 2.134538e-10
7410.00 2.113370e-10
7420.00 2.050684e-10
7430.00 2.036214e-10
7440.00 2.019372e-10
7450.00 2.011299e-10
7460.00 1.908264e-10
7470.00 1.846978e-10
7480.00 1.792019e-10
7490.00 1.706465e-10
7500.00 1.634054e-10
7510.00 1.634378e-10
7520.00 1.652231e-10
7530.00 1.629704e-10
7540.00 1.564394e-10
7550.00 1.475641e-10
7560.00 1.440634e-10
7570.00 1.392030e-10
7580.00 1.394260e-10
7590.00 1.376674e-10
7600.00 1.361562e-10
7610.00 1.349309e-10
7620.00 1.384658e-10
7630.00 1.428893e-10
7640.00 1.474710e-10
7650.00 1.551737e-10
7660.00 1.626368e-10
7670.00 1.738627e-10
7680.00 1.827489e-10
7690.00 1.850919e-10
7700.00 1.999261e-10
7710.00 2.049189e-10
7720.00 1.862433e-10
7730.00 1.876933e-10
7740.00 1.887140e-10
7750.00 1.885515e-10
7760.00 1.846504e-10
7770.00 1.857925e-10
7780.00 1.912723e-10
7790.00 1.956655e-10
7800.00 1.962799e-10
7810.00 1.959191e-10
7820.00 1.906665e-10
7830.00 1.858189e-10
7840.00 1.821138e-10
7850.00 1.864790e-10
7860.00 1.931173e-10
7870.00 1.955895e-10
7880.00 1.878701e-10
7890.00 1.754593e-10
7900.00 1.710803e-10
7910.00 1.629692e-10
7920.00 1.631246e-10
7930.00 1.562561e-10
7940.00 1.489982e-10
7950.00 1.468004e-10
7960.00 1.420201e-10
7970.00 1.396840e-10
7980.00 1.363097e-10
7990.00 1.336395e-10
8000.00 1.325912e-10
8010.00 1.290088e-10
8020.00 1.230707e-10
8030.00 1.202906e-10
8040.00 1.132924e-10
8050.00 1.102630e-10
8060.00 1.092696e-10
8070.00 1.027451e-10
8080.00 9.676437e-11
8090.00 9.427123e-11
8100.00 9.228796e-11
8110.00 9.312019e-11
8120.00 8.862046e-11
8130.00 8.405836e-11
8140.00 7.544507e-11
8150.00 5.526587e-11
8160.00 5.587998e-11
8170.00 4.711151e-11
8180.00 3.748037e-11
8190.00 4.032633e-11
8200.00 3.590505e-11
8210.00 3.108556e-11
8220.00 2.837568e-11
8230.00 2.726407e-11
8240.00 3.152033e-11
8250.00 2.343321e-11
8260.00 3.427702e-11
8270.00 3.454203e-11
8280.00 3.227176e-11
8290.00 3.957380e-11
8300.00 4.550182e-11
8310.00 3.735444e-11
8320.00 4.827787e-11
8330.00 5.393270e-11
8340.00 5.533899e-11
8350.00 5.624651e-11
8360.00 6.198451e-11
8370.00 6.857425e-11
8380.00 8.233816e-11
8390.00 8.283148e-11
8400.00 8.554481e-11
8410.00 1.144519e-10
8420.00 1.250045e-10
8430.00 1.427218e-10
8440.00 1.530046e-10
8450.00 1.763733e-10
8460.00 1.837243e-10
8470.00 2.135510e-10
8480.00 2.267678e-10
8490.00 2.368599e-10
8500.00 2.519535e-10
8510.00 2.814674e-10
8520.00 3.050855e-10
8530.00 3.478854e-10
8540.00 3.534059e-10
8550.00 3.620365e-10
8560.00 3.773009e-10
8570.00 3.946354e-10
8580.00 3.975923e-10
8590.00 4.147223e-10
8600.00 4.319962e-10
8610.00 4.508592e-10
8620.00 4.453750e-10
8630.00 4.377806e-10
8640.00 4.270869e-10
8650.00 4.007013e-10
8660.00 3.845866e-10
8670.00 3.794201e-10
8680.00 3.742784e-10
8690.00 3.687667e-10
8700.00 3.576428e-10
8710.00 3.575190e-10
8720.00 3.655638e-10
8730.00 3.535811e-10
8740.00 3.470687e-10
8750.00 3.258674e-10
8760.00 3.114156e-10
8770.00 3.116355e-10
8780.00 2.734409e-10
8790.00 2.537451e-10
8800.00 2.423589e-10
8810.00 2.160220e-10
8820.00 2.021670e-10
8830.00 1.817084e-10
8840.00 1.627502e-10
8850.00 1.580420e-10
8860.00 1.438920e-10
8870.00 1.276772e-10
8880.00 1.242730e-10
8890.00 1.097226e-10
8900.00 1.076794e-10
8910.00 1.168767e-10
8920.00 1.193494e-10
8930.00 1.149320e-10
8940.00 1.091007e-10
8950.00 1.195231e-10
8960.00 1.287452e-10
8970.00 1.207782e-10
8980.00 1.211234e-10
8990.00 1.206518e-10
9000.00 1.148047e-10
9010.00 1.153024e-10
9020.00 1.152265e-10
9030.00 1.126951e-10
9040.00 1.110287e-10
9050.00 1.098251e-10
9060.00 1.093327e-10
9070.00 1.163369e-10
9080.00 1.210520e-10
9090.00 1.199595e-10
9100.00 1.125119e-10
9110.00 1.024096e-10
9120.00 1.077128e-10
9130.00 1.103840e-10
9140.00 1.119257e-10
9150.00 1.092429e-10
9160.00 1.074321e-10
9170.00 1.081365e-10
9180.00 1.095608e-10
9190.00 1.086989e-10
9200.00 1.129577e-10
9210.00 1.120419e-10
9220.00 1.045581e-10
9230.00 9.420950e-11
9240.00 1.034394e-10
9250.00 1.003687e-10
9260.00 1.038322e-10
9270.00 1.008839e-10
9280.00 9.815732e-11
9290.00 1.046243e-10
9300.00 1.190025e-10
9310.00 9.268819e-11
9320.00 9.668993e-11
9330.00 9.488942e-11
9340.00 9.953511e-11
9350.00 8.835829e-11
9360.00 8.907327e-11
9370.00 8.916343e-11
9380.00 8.373488e-11
9390.00 9.019763e-11
9400.00 9.663280e-11
9410.00 9.668483e-11
9420.00 9.382156e-11
9430.00 9.842263e-11
9440.00 9.757817e-11
9450.00 9.894954e-11
9460.00 9.623069e-11
9470.00 9.602034e-11
9480.00 9.915290e-11
9490.00 9.352140e-11
9500.00 8.989608e-11
9510.00 9.261696e-11
9520.00 9.196015e-11
9530.00 9.408058e-11
9540.00 8.501678e-11
9550.00 8.562345e-11
9560.00 8.523558e-11
9570.00 7.964912e-11
9580.00 6.804378e-11
9590.00 6.033602e-11
9600.00 5.937415e-11
9610.00 6.492246e-11
9620.00 5.969558e-11
9630.00 7.322813e-11
9640.00 6.925855e-11
9650.00 5.287019e-11
9660.00 5.407176e-11
9670.00 5.596209e-11
9680.00 6.180010e-11
9690.00 6.628506e-11
9700.00 6.993083e-11
9710.00 7.026178e-11
9720.00 6.709496e-11
9730.00 6.607226e-11
9740.00 6.798437e-11
9750.00 7.288391e-11
9760.00 7.627912e-11
9770.00 7.657355e-11
9780.00 7.516957e-11
9790.00 7.414654e-11
9800.00 7.332499e-11
9810.00 7.022379e-11
9820.00 6.598916e-11
9830.00 6.391634e-11
9840.00 6.322714e-11
9850.00 6.246049e-11
9860.00 6.303584e-11
9870.00 6.470595e-11
9880.00 6.558556e-11
9890.00 6.509368e-11
9900.00 6.415688e-11
9910.00 6.432250e-11
9920.00 6.489046e-11
9930.00 6.524218e-11
9940.00 6.557239e-11
9950.00 6.487976e-11
9960.00 6.469878e-11
9970.00 6.418432e-11
9980.00 6.360377e-11
9990.00 6.293666e-11
10000.00 6.243032e-11
10010.00 6.050712e-11
10020.00 5.812865e-11
10030.00 5.511498e-11
10040.00 5.362094e-11
10050.00 5.114657e-11
10060.00 5.029586e-11
10070.00 4.859742e-11
10080.00 4.544207e-11
10090.00 4.445836e-11
10100.00 4.213315e-11
10110.00 4.154253e-11
10120.00 4.025063e-11
10130.00 4.065359e-11
10140.00 4.005469e-11
10150.00 3.922082e-11
10160.00 3.747480e-11
10170.00 3.633362e-11
10180.00 3.770201e-11
10190.00 3.777581e-11
10200.00 3.791230e-11
10210.00 3.856899e-11
10220.00 3.490371e-11
10230.00 3.096884e-11
10240.00 2.725933e-11
10250.00 2.921521e-11
10260.00 2.443826e-11
10270.00 2.191836e-11
10280.00 1.960461e-11
10290.00 1.940975e-11
10300.00 1.773430e-11
10310.00 1.743866e-11
10320.00 1.573356e-11
10330.00 1.497510e-11
10340.00 1.744672e-11
10350.00 1.562855e-11
10360.00 1.262603e-11
10370.00 1.174427e-11
10380.00 1.138208e-11
10390.00 1.072911e-11
10400.00 8.677183e-12
10410.00 1.006758e-11
10420.00 1.175610e-11
10430.00 9.449268e-12
10440.00 9.825495e-12
10450.00 1.243590e-11
10460.00 1.452026e-11
10470.00 1.454147e-11
10480.00 1.494732e-11
10490.00 1.030958e-11
10500.00 1.351917e-11
10510.00 1.618967e-11
10520.00 1.735203e-11
10530.00 1.831819e-11
10540.00 1.912861e-11
10550.00 2.019175e-11
10560.00 2.169678e-11
10570.00 2.299385e-11
10580.00 2.345799e-11
10590.00 2.421333e-11
10600.00 2.621741e-11
10610.00 2.975306e-11
10620.00 3.341453e-11
10630.00 3.667951e-11
10640.00 3.923896e-11
10650.00 4.102118e-11
10660.00 4.334917e-11
10670.00 4.566742e-11
10680.00 4.751806e-11
10690.00 4.941530e-11
10700.00 5.216132e-11
10710.00 5.390628e-11
10720.00 5.322925e-11
10730.00 5.204011e-11
10740.00 5.362786e-11
10750.00 5.546740e-11
10760.00 5.554097e-11
10770.00 5.599528e-11
10780.00 5.677819e-11
10790.00 5.749763e-11
10800.00 5.841149e-11
10810.00 6.018548e-11
10820.00 6.117734e-11
10830.00 5.999240e-11
10840.00 5.969195e-11
10850.00 6.152135e-11
10860.00 6.245427e-11
10870.00 6.166190e-11
10880.00 6.108558e-11
10890.00 6.122219e-11
10900.00 6.094873e-11
10910.00 5.979948e-11
10920.00 5.840301e-11
10930.00 5.733667e-11
10940.00 5.666197e-11
10950.00 5.594648e-11
10960.00 5.509494e-11
10970.00 5.461756e-11
10980.00 5.401611e-11
10990.00 5.299620e-11
11000.00 5.201249e-11
11010.00 5.106700e-11
11020.00 5.058099e-11
11030.00 5.063156e-11
11040.00 5.009326e-11
11050.00 4.931527e-11
11060.00 4.895408e-11
11070.00 4.795101e-11
11080.00 4.693140e-11
11090.00 4.590663e-11
11100.00 4.479406e-11
11110.00 4.444357e-11
11120.00 4.372718e-11
11130.00 4.293984e-11
11140.00 4.222530e-11
11150.00 4.172099e-11
11160.00 4.192108e-11
11170.00 4.179379e-11
11180.00 4.134212e-11
11190.00 4.170534e-11
11200.00 4.275264e-11
11210.00 4.212279e-11
11220.00 4.131019e-11
11230.00 4.186324e-11
11240.00 4.201731e-11
11250.00 4.110365e-11
11260.00 4.073073e-11
11270.00 4.059409e-11
11280.00 3.994023e-11
11290.00 3.981738e-11
11300.00 3.970614e-11
11310.00 3.867436e-11
11320.00 3.756714e-11
11330.00 3.703316e-11
11340.00 3.634250e-11
11350.00 3.573805e-11
11360.00 3.558643e-11
11370.00 3.521907e-11
11380.00 3.451847e-11
11390.00 3.405997e-11
11400.00 3.366298e-11
11410.00 3.275248e-11
11420.00 3.191905e-11
11430.00 3.168097e-11
11440.00 3.131818e-11
11450.00 3.101093e-11
11460.00 3.120242e-11
11470.00 3.094186e-11
11480.00 2.996465e-11
11490.00 2.922996e-11
11500.00 2.907913e-11
11510.00 2.936390e-11
11520.00 2.922950e-11
11530.00 2.828722e-11
11540.00 2.738615e-11
11550.00 2.684621e-11
11560.00 2.638223e-11
11570.00 2.640796e-11
11580.00 2.702810e-11
11590.00 2.684677e-11
11600.00 2.636246e-11
11610.00 2.581305e-11
11620.00 2.528793e-11
11630.00 2.518491e-11
11640.00 2.528404e-11
11650.00 2.553804e-11
11660.00 2.545284e-11
11670.00 2.594013e-11
11680.00 2.611636e-11
11690.00 2.570885e-11
11700.00 2.552541e-11
11710.00 2.540631e-11
11720.00 2.541808e-11
11730.00 2.545094e-11
11740.00 2.518220e-11
11750.00 2.486879e-11
11760.00 2.465331e-11
11770.00 2.472921e-11
11780.00 2.510102e-11
11790.00 2.526756e-11
11800.00 2.535812e-11
11810.00 2.556101e-11
11820.00 2.573491e-11
11830.00 2.579111e-11
11840.00 2.557812e-11
11850.00 2.519647e-11
11860.00 2.492959e-11
11870.00 2.491128e-11
11880.00 2.507475e-11
11890.00 2.522010e-11
11900.00 2.517070e-11
11910.00 2.500267e-11
11920.00 2.502856e-11
11930.00 2.517287e-11
11940.00 2.509765e-11
11950.00 2.508242e-11
11960.00 2.518931e-11
11970.00 2.489330e-11
11980.00 2.460254e-11
11990.00 2.465084e-11
12000.00 2.426485e-11
12010.00 2.378658e-11
12020.00 2.364712e-11
12030.00 2.344802e-11
12040.00 2.307991e-11
12050.00 2.282945e-11
12060.00 2.240290e-11
12070.00 2.188249e-11
12080.00 2.175436e-11
12090.00 2.156412e-11
12100.00 2.117991e-11
12110.00 2.060357e-11
12120.00 2.011552e-11
12130.00 2.008744e-11
12140.00 2.084347e-11
12150.00 2.095226e-11
12160.00 2.031114e-11
12170.00 1.969610e-11
12180.00 1.935216e-11
12190.00 1.980434e-11
12200.00 2.044954e-11
12210.00 2.064489e-11
12220.00 2.000153e-11
12230.00 1.926425e-11
12240.00 1.878068e-11
12250.00 1.874328e-11
12260.00 1.868140e-11
12270.00 1.872422e-11
12280.00 1.919893e-11
12290.00 1.918345e-11
12300.00 1.890204e-11
12310.00 1.905213e-11
12320.00 1.926753e-11
12330.00 1.913687e-11
12340.00 1.889833e-11
12350.00 1.881126e-11
12360.00 1.889489e-11
12370.00 1.893963e-11
12380.00 1.875346e-11
12390.00 1.845263e-11
12400.00 1.806481e-11
12410.00 1.783945e-11
12420.00 1.824787e-11
12430.00 1.871411e-11
12440.00 1.846688e-11
12450.00 1.796364e-11
12460.00 1.768959e-11
12470.00 1.758353e-11
12480.00 1.763223e-11
12490.00 1.767727e-11
12500.00 1.766410e-11
12510.00 1.779179e-11
12520.00 1.787023e-11
12530.00 1.736423e-11
12540.00 1.690808e-11
12550.00 1.684389e-11
12560.00 1.733793e-11
12570.00 1.774442e-11
12580.00 1.710166e-11
12590.00 1.695460e-11
12600.00 1.716996e-11
12610.00 1.750025e-11
12620.00 1.775624e-11
12630.00 1.759598e-11
12640.00 1.779925e-11
12650.00 1.771222e-11
12660.00 1.725532e-11
12670.00 1.715464e-11
12680.00 1.727683e-11
12690.00 1.736379e-11
12700.00 1.724679e-11
12710.00 1.701040e-11
12720.00 1.713088e-11
12730.00 1.730910e-11
12740.00 1.721557e-11
12750.00 1.741931e-11
12760.00 1.776337e-11
12770.00 1.771466e-11
12780.00 1.728876e-11
12790.00 1.677893e-11
12800.00 1.647188e-11
12810.00 1.636942e-11
12820.00 1.635639e-11
12830.00 1.645734e-11
12840.00 1.634391e-11
12850.00 1.599947e-11
12860.00 1.600981e-11
12870.00 1.632865e-11
12880.00 1.645606e-11
12890.00 1.642575e-11
12900.00 1.644145e-11
12910.00 1.631095e-11
12920.00 1.603695e-11
12930.00 1.587336e-11
12940.00 1.565068e-11
12950.00 1.536588e-11
12960.00 1.523092e-11
12970.00 1.495596e-11
12980.00 1.466255e-11
12990.00 1.479735e-11
13000.00 1.502039e-11
13010.00 1.486257e-11
13020.00 1.451762e-11
13030.00 1.418935e-11
13040.00 1.411009e-11
13050.00 1.444580e-11
13060.00 1.484510e-11
13070.00 1.465500e-11
13080.00 1.410769e-11
13090.00 1.389570e-11
13100.00 1.387695e-11
13110.00 1.388880e-11
13120.00 1.376511e-11
13130.00 1.357554e-11
13140.00 1.347794e-11
13150.00 1.328936e-11
13160.00 1.308750e-11
13170.00 1.268645e-11
13180.00 1.267110e-11
13190.00 1.277821e-11
13200.00 1.256858e-11
13210.00 1.247242e-11
13220.00 1.253373e-11
13230.00 1.256135e-11
13240.00 1.287128e-11
13250.00 1.300832e-11
13260.00 1.296459e-11
13270.00 1.303972e-11
13280.00 1.285589e-11
13290.00 1.254752e-11
13300.00 1.214575e-11
13310.00 1.187470e-11
13320.00 1.206594e-11
13330.00 1.229894e-11
13340.00 1.224485e-11
13350.00 1.214771e-11
13360.00 1.210488e-11
13370.00 1.211004e-11
13380.00 1.177708e-11
13390.00 1.105767e-11
13400.00 1.057495e-11
13410.00 1.041687e-11
13420.00 1.030164e-11
13430.00 1.021167e-11
13440.00 1.013503e-11
13450.00 1.006718e-11
13460.00 1.000680e-11
13470.00 9.951849e-12
13480.00 9.901197e-12
13490.00 9.853751e-12
13500.00 9.808699e-12
13510.00 9.766016e-12
13520.00 9.724345e-12
13530.00 9.683686e-12
13540.00 9.643733e-12
13550.00 9.603857e-12
13560.00 9.563568e-12
13570.00 9.523078e-12
13580.00 9.482629e-12
13590.00 9.442096e-12
13600.00 9.401500e-12
13610.00 9.360960e-12
13620.00 9.320009e-12
13630.00 9.278491e-12
13640.00 9.236981e-12
13650.00 9.195198e-12
13660.00 9.152528e-12
13670.00 9.109886e-12
13680.00 9.068390e-12
13690.00 9.033989e-12
13700.00 9.000453e-12
13710.00 8.966932e-12
13720.00 8.925408e-12
13730.00 8.882591e-12
13740.00 8.839545e-12
13750.00 8.792615e-12
13760.00 8.744016e-12
13770.00 8.694740e-12
13780.00 8.641211e-12
13790.00 8.584364e-12
13800.00 8.526240e-12
13810.00 8.464274e-12
13820.00 8.397742e-12
13830.00 8.328758e-12
13840.00 8.253160e-12
13850.00 8.166822e-12
13860.00 8.076112e-12
13870.00 7.985598e-12
13880.00 7.895181e-12
13890.00 7.805302e-12
13900.00 7.716890e-12
13910.00 7.630210e-12
13920.00 7.545324e-12
13930.00 7.463106e-12
13940.00 7.383179e-12
13950.00 7.304097e-12
13960.00 7.225588e-12
13970.00 7.148000e-12
13980.00 7.072186e-12
13990.00 6.999661e-12
14000.00 6.932582e-12
14010.00 6.872050e-12
14020.00 6.826115e-12
14030.00 6.789556e-12
14040.00 6.717028e-12
14050.00 6.679383e-12
14060.00 6.718353e-12
14070.00 6.716367e-12
14080.00 6.645790e-12
14090.00 6.593740e-12
14100.00 6.548469e-12
14110.00 6.610595e-12
14120.00 6.808964e-12
14130.00 7.162512e-12
14140.00 6.898607e-12
14150.00 6.170323e-12
14160.00 6.029848e-12
14170.00 5.908074e-12
14180.00 5.658766e-12
14190.00 5.721681e-12
14200.00 5.311075e-12
14210.00 5.218875e-12
14220.00 5.695030e-12
14230.00 6.011547e-12
14240.00 5.933293e-12
14250.00 5.711756e-12
14260.00 5.836808e-12
14270.00 6.046951e-12
14280.00 6.273777e-12
14290.00 6.581462e-12
14300.00 6.638398e-12
14310.00 6.508945e-12
14320.00 6.568579e-12
14330.00 6.714824e-12
14340.00 7.043302e-12
14350.00 7.320131e-12
14360.00 7.308022e-12
14370.00 7.227815e-12
14380.00 7.140960e-12
14390.00 6.942470e-12
14400.00 6.781648e-12
14410.00 6.905219e-12
14420.00 7.220727e-12
14430.00 7.450026e-12
14440.00 7.444705e-12
14450.00 7.270485e-12
14460.00 7.172924e-12
14470.00 7.246077e-12
14480.00 7.316095e-12
14490.00 7.163259e-12
14500.00 6.930224e-12
14510.00 6.889925e-12
14520.00 6.928411e-12
14530.00 6.567858e-12
14540.00 6.247654e-12
14550.00 6.444758e-12
14560.00 6.468104e-12
14570.00 6.547266e-12
14580.00 6.900562e-12
14590.00 6.802827e-12
14600.00 6.325389e-12
14610.00 6.004277e-12
14620.00 6.132768e-12
14630.00 6.403089e-12
14640.00 6.291629e-12
14650.00 6.335702e-12
14660.00 6.595514e-12
14670.00 6.756417e-12
14680.00 6.726879e-12
14690.00 6.469142e-12
14700.00 6.499436e-12
14710.00 6.990247e-12
14720.00 6.863059e-12
14730.00 6.481407e-12
14740.00 6.566432e-12
14750.00 6.487022e-12
14760.00 6.334849e-12
14770.00 6.481172e-12
14780.00 6.633566e-12
14790.00 6.653761e-12
14800.00 6.535678e-12
14810.00 6.346232e-12
14820.00 6.357437e-12
14830.00 6.638826e-12
14840.00 6.793570e-12
14850.00 6.699068e-12
14860.00 6.647487e-12
14870.00 6.620438e-12
14880.00 6.641615e-12
14890.00 6.754460e-12
14900.00 6.803736e-12
14910.00 6.761837e-12
14920.00 6.694630e-12
14930.00 6.654187e-12
14940.00 6.632719e-12
14950.00 6.600197e-12
14960.00 6.626124e-12
14970.00 6.659575e-12
14980.00 6.610897e-12
14990.00 6.534279e-12
15000.00 6.510379e-12
15010.00 6.572116e-12
15020.00 6.454484e-12
15030.00 6.148390e-12
15040.00 6.067723e-12
15050.00 6.238678e-12
15060.00 6.326488e-12
15070.00 6.173586e-12
15080.00 6.057493e-12
15090.00 6.084284e-12
15100.00 5.974309e-12
15110.00 5.934279e-12
15120.00 6.050317e-12
15130.00 5.985739e-12
15140.00 5.984457e-12
15150.00 5.723095e-12
15160.00 5.582558e-12
15170.00 5.633132e-12
15180.00 5.524324e-12
15190.00 5.488770e-12
15200.00 5.625192e-12
15210.00 5.608204e-12
15220.00 5.263162e-12
15230.00 5.233872e-12
15240.00 5.289578e-12
15250.00 5.395301e-12
15260.00 5.497792e-12
15270.00 5.447829e-12
15280.00 5.173555e-12
15290.00 5.074100e-12
15300.00 5.181503e-12
15310.00 5.365591e-12
15320.00 5.436733e-12
15330.00 5.132372e-12
15340.00 5.002693e-12
15350.00 5.330339e-12
15360.00 5.690972e-12
15370.00 5.708580e-12
15380.00 5.354939e-12
15390.00 4.982307e-12
15400.00 4.892440e-12
15410.00 4.971269e-12
15420.00 4.987132e-12
15430.00 4.896210e-12
15440.00 4.830619e-12
15450.00 4.861109e-12
15460.00 4.837814e-12
15470.00 4.725853e-12
15480.00 4.675639e-12
15490.00 4.607785e-12
15500.00 4.509273e-12
15510.00 4.603960e-12
15520.00 4.699825e-12
15530.00 4.519586e-12
15540.00 4.286323e-12
15550.00 4.286099e-12
15560.00 4.375737e-12
15570.00 4.415322e-12
15580.00 4.422266e-12
15590.00 4.413492e-12
15600.00 4.377204e-12
15610.00 4.346593e-12
15620.00 4.289647e-12
15630.00 4.304493e-12
15640.00 4.578326e-12
15650.00 4.674296e-12
15660.00 4.428404e-12
15670.00 4.203464e-12
15680.00 4.340726e-12
15690.00 4.679873e-12
15700.00 4.793794e-12
15710.00 4.767680e-12
15720.00 4.737637e-12
15730.00 4.551184e-12
15740.00 4.459856e-12
15750.00 4.407519e-12
15760.00 4.341087e-12
15770.00 4.271153e-12
15780.00 4.245740e-12
15790.00 4.337885e-12
15800.00 4.391196e-12
15810.00 4.362758e-12
15820.00 4.335182e-12
15830.00 4.259272e-12
15840.00 4.040097e-12
15850.00 4.004446e-12
15860.00 4.189106e-12
15870.00 4.271167e-12
15880.00 4.198429e-12
15890.00 4.101656e-12
15900.00 4.118902e-12
15910.00 4.200960e-12
15920.00 4.260895e-12
15930.00 4.320114e-12
15940.00 4.290003e-12
15950.00 4.160374e-12
15960.00 4.105846e-12
15970.00 4.084973e-12
15980.00 3.997375e-12
15990.00 3.979821e-12
16000.00 4.035348e-12
16010.00 4.053121e-12
16020.00 4.070621e-12
16030.00 4.126313e-12
16040.00 4.193111e-12
16050.00 4.161208e-12
16060.00 4.045315e-12
16070.00 3.959353e-12
16080.00 3.914368e-12
16090.00 3.926212e-12
16100.00 3.936585e-12
16110.00 3.894270e-12
16120.00 4.022201e-12
16130.00 4.153199e-12
16140.00 3.965467e-12
16150.00 3.831736e-12
16160.00 4.049349e-12
16170.00 4.169776e-12
16180.00 4.055883e-12
16190.00 3.852227e-12
16200.00 3.807682e-12
16210.00 3.830196e-12
16220.00 3.765064e-12
16230.00 3.830886e-12
16240.00 3.767806e-12
16250.00 3.490963e-12
16260.00 3.412930e-12
16270.00 3.545772e-12
16280.00 3.628021e-12
16290.00 3.698573e-12
16300.00 3.621826e-12
16310.00 3.499697e-12
16320.00 3.605057e-12
16330.00 3.647893e-12
16340.00 3.580896e-12
16350.00 3.548661e-12
16360.00 3.448370e-12
16370.00 3.372632e-12
16380.00 3.396726e-12
16390.00 3.406885e-12
16400.00 3.388938e-12
16410.00 3.369899e-12
16420.00 3.378284e-12
16430.00 3.417261e-12
16440.00 3.403639e-12
16450.00 3.323388e-12
16460.00 3.253408e-12
16470.00 3.242999e-12
16480.00 3.261891e-12
16490.00 3.266528e-12
16500.00 3.301227e-12
16510.00 3.314497e-12
16520.00 3.186465e-12
16530.00 3.020362e-12
16540.00 3.040021e-12
16550.00 3.153177e-12
16560.00 3.122958e-12
16570.00 3.112543e-12
16580.00 3.200004e-12
16590.00 3.208127e-12
16600.00 3.138204e-12
16610.00 3.122951e-12
16620.00 3.148300e-12
16630.00 3.079250e-12
16640.00 2.918714e-12
16650.00 2.869958e-12
16660.00 3.006945e-12
16670.00 3.043362e-12
16680.00 3.056657e-12
16690.00 3.151539e-12
16700.00 2.961856e-12
16710.00 3.133245e-12
16720.00 3.475257e-12
16730.00 3.350732e-12
16740.00 3.252693e-12
16750.00 3.315973e-12
16760.00 3.363656e-12
16770.00 3.444929e-12
16780.00 3.520585e-12
16790.00 3.560233e-12
16800.00 3.636937e-12
16810.00 3.641598e-12
16820.00 3.529234e-12
16830.00 3.412027e-12
16840.00 3.367356e-12
16850.00 3.367839e-12
16860.00 3.349397e-12
16870.00 3.362296e-12
16880.00 3.475126e-12
16890.00 3.525239e-12
16900.00 3.445771e-12
16910.00 3.431398e-12
16920.00 3.428759e-12
16930.00 3.312140e-12
16940.00 3.224584e-12
16950.00 3.224644e-12
16960.00 3.227934e-12
16970.00 3.200626e-12
16980.00 3.137305e-12
16990.00 3.089447e-12
17000.00 3.083519e-12
17010.00 3.061454e-12
17020.00 3.016914e-12
17030.00 2.998918e-12
17040.00 2.997290e-12
17050.00 3.015799e-12
17060.00 3.053691e-12
17070.00 3.064599e-12
17080.00 3.048407e-12
17090.00 2.986903e-12
17100.00 2.968350e-12
17110.00 2.956959e-12
17120.00 2.856094e-12
17130.00 2.810876e-12
17140.00 2.811364e-12
17150.00 2.797281e-12
17160.00 2.786486e-12
17170.00 2.730490e-12
17180.00 2.765843e-12
17190.00 2.840478e-12
17200.00 2.838311e-12
17210.00 2.751432e-12
17220.00 2.650990e-12
17230.00 2.805340e-12
17240.00 2.763001e-12
17250.00 2.638467e-12
17260.00 2.715068e-12
17270.00 2.651749e-12
17280.00 2.653471e-12
17290.00 2.635677e-12
17300.00 2.617257e-12
17310.00 2.584373e-12
17320.00 2.601196e-12
17330.00 2.609164e-12
17340.00 2.489955e-12
17350.00 2.433408e-12
17360.00 2.444913e-12
17370.00 2.445724e-12
17380.00 2.455395e-12
17390.00 2.497562e-12
17400.00 2.549473e-12
17410.00 2.562564e-12
17420.00 2.503817e-12
17430.00 2.439372e-12
17440.00 2.484039e-12
17450.00 2.608156e-12
17460.00 2.623925e-12
17470.00 2.458587e-12
17480.00 2.312594e-12
17490.00 2.293088e-12
17500.00 2.260040e-12
17510.00 2.226714e-12
17520.00 2.251708e-12
17530.00 2.259996e-12
17540.00 2.254450e-12
17550.00 2.243600e-12
17560.00 2.190318e-12
17570.00 2.170602e-12
17580.00 2.242022e-12
17590.00 2.296939e-12
17600.00 2.277177e-12
17610.00 2.217114e-12
17620.00 2.172339e-12
17630.00 2.158628e-12
17640.00 2.145516e-12
17650.00 2.155708e-12
17660.00 2.093014e-12
17670.00 1.951987e-12
17680.00 1.913724e-12
17690.00 2.017667e-12
17700.00 2.153726e-12
17710.00 2.175478e-12
17720.00 2.118902e-12
17730.00 2.125182e-12
17740.00 2.142471e-12
17750.00 2.113915e-12
17760.00 2.080717e-12
17770.00 2.005112e-12
17780.00 2.038063e-12
17790.00 2.141016e-12
17800.00 2.012133e-12
17810.00 1.807197e-12
17820.00 1.788527e-12
17830.00 1.838630e-12
17840.00 1.881762e-12
17850.00 1.864107e-12
17860.00 1.797629e-12
17870.00 1.803367e-12
17880.00 1.874573e-12
17890.00 1.920608e-12
17900.00 2.021698e-12
17910.00 2.283737e-12
17920.00 2.310167e-12
17930.00 1.985465e-12
17940.00 1.733073e-12
17950.00 1.654071e-12
17960.00 1.668901e-12
17970.00 1.754038e-12
17980.00 1.797295e-12
17990.00 1.791856e-12
18000.00 1.783136e-12
18010.00 1.773063e-12
18020.00 1.762229e-12
18030.00 1.750885e-12
18040.00 1.739184e-12
18050.00 1.727577e-12
18060.00 1.716289e-12
18070.00 1.705290e-12
18080.00 1.694389e-12
18090.00 1.683554e-12
18100.00 1.672883e-12
18110.00 1.662431e-12
18120.00 1.652080e-12
18130.00 1.641768e-12
18140.00 1.631512e-12
18150.00 1.621445e-12
18160.00 1.611736e-12
18170.00 1.602148e-12
18180.00 1.592598e-12
18190.00 1.583082e-12
18200.00 1.573603e-12
18210.00 1.564304e-12
18220.00 1.555154e-12
18230.00 1.546051e-12
18240.00 1.536984e-12
18250.00 1.527951e-12
18260.00 1.518950e-12
18270.00 1.509556e-12
18280.00 1.499940e-12
18290.00 1.490329e-12
18300.00 1.480755e-12
18310.00 1.471218e-12
18320.00 1.461699e-12
18330.00 1.452033e-12
18340.00 1.442279e-12
18350.00 1.432538e-12
18360.00 1.422836e-12
18370.00 1.413173e-12
18380.00 1.403513e-12
18390.00 1.393734e-12
18400.00 1.383867e-12
18410.00 1.374011e-12
18420.00 1.364195e-12
18430.00 1.354418e-12
18440.00 1.344638e-12
18450.00 1.334762e-12
18460.00 1.324806e-12
18470.00 1.314860e-12
18480.00 1.304955e-12
18490.00 1.295090e-12
18500.00 1.285227e-12
18510.00 1.275287e-12
18520.00 1.265280e-12
18530.00 1.255289e-12
18540.00 1.245340e-12
18550.00 1.235432e-12
18560.00 1.225548e-12
18570.00 1.215637e-12
18580.00 1.205712e-12
18590.00 1.195816e-12
18600.00 1.185962e-12
18610.00 1.176149e-12
18620.00 1.166371e-12
18630.00 1.156588e-12
18640.00 1.146814e-12
18650.00 1.137076e-12
18660.00 1.127380e-12
18670.00 1.117725e-12
18680.00 1.108110e-12
18690.00 1.098475e-12
18700.00 1.088850e-12
18710.00 1.079261e-12
18720.00 1.069715e-12
18730.00 1.060211e-12
18740.00 1.050747e-12
18750.00 1.041229e-12
18760.00 1.031710e-12
18770.00 1.022229e-12
18780.00 1.012788e-12
18790.00 1.003390e-12
18800.00 9.940291e-13
18810.00 9.846125e-13
18820.00 9.751909e-13
18830.00 9.658049e-13
18840.00 9.564609e-13
18850.00 9.471588e-13
18860.00 9.378748e-13
18870.00 9.284937e-13
18880.00 9.190666e-13
18890.00 9.096673e-13
18900.00 9.003107e-13
18910.00 8.909967e-13
18920.00 8.816722e-13
18930.00 8.722067e-13
18940.00 8.626426e-13
18950.00 8.530968e-13
18960.00 8.435956e-13
18970.00 8.341391e-13
18980.00 8.249096e-13
18990.00 8.162401e-13
19000.00 8.080498e-13
19010.00 7.999740e-13
19020.00 7.919345e-13
19030.00 7.839299e-13
19040.00 7.759553e-13
19050.00 7.680129e-13
19060.00 7.601060e-13
19070.00 7.522250e-13
19080.00 7.443259e-13
19090.00 7.363814e-13
19100.00 7.284396e-13
19110.00 7.205028e-13
19120.00 7.124521e-13
19130.00 7.043386e-13
19140.00 6.960550e-13
19150.00 6.864872e-13
19160.00 6.754997e-13
19170.00 6.611902e-13
19180.00 6.705862e-13
19190.00 8.522063e-13
19200.00 9.609751e-13
19210.00 9.099697e-13
19220.00 8.641015e-13
19230.00 8.554132e-13
19240.00 8.861277e-13
19250.00 9.195645e-13
19260.00 8.786658e-13
19270.00 8.240855e-13
19280.00 8.183750e-13
19290.00 8.262469e-13
19300.00 8.258964e-13
19310.00 8.263231e-13
19320.00 8.491475e-13
19330.00 8.072872e-13
19340.00 7.417217e-13
19350.00 7.674898e-13
19360.00 7.978544e-13
19370.00 7.942111e-13
19380.00 8.110353e-13
19390.00 8.211329e-13
19400.00 8.236204e-13
19410.00 8.331733e-13
19420.00 8.272051e-13
19430.00 8.181166e-13
19440.00 8.378327e-13
19450.00 8.816806e-13
19460.00 9.090744e-13
19470.00 9.292081e-13
19480.00 9.571774e-13
19490.00 9.416948e-13
19500.00 8.966471e-13
19510.00 8.868540e-13
19520.00 8.977757e-13
19530.00 8.975005e-13
19540.00 8.911895e-13
19550.00 9.006990e-13
19560.00 9.057405e-13
19570.00 8.768612e-13
19580.00 8.544083e-13
19590.00 8.657831e-13
19600.00 8.737004e-13
19610.00 9.019204e-13
19620.00 9.240067e-13
19630.00 8.723016e-13
19640.00 8.236148e-13
19650.00 8.138133e-13
19660.00 8.294105e-13
19670.00 8.255339e-13
19680.00 7.911327e-13
19690.00 7.682224e-13
19700.00 7.567658e-13
19710.00 7.466480e-13
19720.00 7.431562e-13
19730.00 7.361195e-13
19740.00 7.022023e-13
19750.00 7.051319e-13
19760.00 6.692878e-13
19770.00 6.846515e-13
19780.00 6.767242e-13
19790.00 6.399320e-13
19800.00 6.928123e-13
19810.00 7.245763e-13
19820.00 6.180198e-13
19830.00 5.327393e-13
19840.00 5.158779e-13
19850.00 4.334292e-13
19860.00 3.618638e-13
19870.00 3.148226e-13
19880.00 2.497971e-13
19890.00 1.990580e-13
19900.00 2.132948e-13
19910.00 2.601315e-13
19920.00 2.868598e-13
19930.00 2.866582e-13
19940.00 2.696390e-13
19950.00 2.217433e-13
19960.00 1.757923e-13
19970.00 1.974982e-13
19980.00 2.548494e-13
19990.00 2.734527e-13
20000.00 2.599355e-13
20010.00 2.609185e-13
20020.00 2.739793e-13
20030.00 2.692382e-13
20040.00 2.714286e-13
20050.00 2.883957e-13
20060.00 2.756876e-13
20070.00 2.580775e-13
20080.00 2.593020e-13
20090.00 2.616120e-13
20100.00 2.844358e-13
20110.00 3.233004e-13
20120.00 3.454993e-13
20130.00 3.656178e-13
20140.00 3.785809e-13
20150.00 3.784715e-13
20160.00 4.207134e-13
20170.00 5.613753e-13
20180.00 6.297050e-13
20190.00 5.344069e-13
20200.00 4.761412e-13
20210.00 5.011478e-13
20220.00 5.236617e-13
20230.00 5.409911e-13
20240.00 5.691765e-13
20250.00 5.728131e-13
20260.00 6.048727e-13
20270.00 6.469560e-13
20280.00 6.400327e-13
20290.00 6.405867e-13
20300.00 6.476096e-13
20310.00 6.538528e-13
20320.00 6.732098e-13
20330.00 6.747207e-13
20340.00 6.598152e-13
20350.00 6.654595e-13
20360.00 6.703806e-13
20370.00 6.636827e-13
20380.00 6.638961e-13
20390.00 6.739880e-13
20400.00 6.841979e-13
20410.00 6.960978e-13
20420.00 7.172806e-13
20430.00 7.422176e-13
20440.00 7.554054e-13
20450.00 7.532558e-13
20460.00 7.518123e-13
20470.00 7.476061e-13
20480.00 7.321821e-13
20490.00 7.281435e-13
20500.00 7.453469e-13
20510.00 7.582624e-13
20520.00 7.495943e-13
20530.00 7.345349e-13
20540.00 7.344881e-13
20550.00 7.418649e-13
20560.00 7.422015e-13
20570.00 7.458400e-13
20580.00 7.586430e-13
20590.00 7.559312e-13
20600.00 7.302302e-13
20610.00 7.263501e-13
20620.00 7.395191e-13
20630.00 7.253145e-13
20640.00 7.064239e-13
20650.00 6.986029e-13
20660.00 6.935532e-13
20670.00 6.915053e-13
20680.00 6.961240e-13
20690.00 6.969865e-13
20700.00 6.832982e-13
20710.00 6.684410e-13
20720.00 6.528422e-13
20730.00 6.442678e-13
20740.00 6.293170e-13
20750.00 6.167487e-13
20760.00 6.398153e-13
20770.00 6.520242e-13
20780.00 6.649549e-13
20790.00 6.871080e-13
20800.00 6.601883e-13
20810.00 6.332394e-13
20820.00 6.474295e-13
20830.00 6.543052e-13
20840.00 6.458565e-13
20850.00 6.536313e-13
20860.00 6.502684e-13
20870.00 6.059885e-13
20880.00 5.852274e-13
20890.00 5.988778e-13
20900.00 6.030790e-13
20910.00 6.089375e-13
20920.00 6.223876e-13
20930.00 6.124052e-13
20940.00 5.871479e-13
20950.00 5.793668e-13
20960.00 5.859454e-13
20970.00 5.863269e-13
20980.00 5.782044e-13
20990.00 5.711022e-13
21000.00 5.635469e-13
21010.00 5.541450e-13
21020.00 5.440783e-13
21030.00 5.358424e-13
21040.00 5.458115e-13
21050.00 5.604153e-13
21060.00 5.571149e-13
21070.00 5.497124e-13
21080.00 5.346990e-13
21090.00 5.224215e-13
21100.00 5.353676e-13
21110.00 5.404763e-13
21120.00 5.304909e-13
21130.00 5.302684e-13
21140.00 5.327033e-13
21150.00 5.218185e-13
21160.00 5.034533e-13
21170.00 4.992962e-13
21180.00 5.124966e-13
21190.00 5.173865e-13
21200.00 5.129115e-13
21210.00 5.052631e-13
21220.00 4.934819e-13
21230.00 4.841522e-13
21240.00 4.909691e-13
21250.00 5.059730e-13
21260.00 5.065782e-13
21270.00 4.699809e-13
21280.00 4.496875e-13
21290.00 4.694943e-13
21300.00 4.639916e-13
21310.00 4.508467e-13
21320.00 4.592792e-13
21330.00 4.763013e-13
21340.00 4.753682e-13
21350.00 4.559991e-13
21360.00 4.371960e-13
21370.00 4.261125e-13
21380.00 4.175017e-13
21390.00 4.138270e-13
21400.00 4.193314e-13
21410.00 4.198415e-13
21420.00 4.185260e-13
21430.00 4.181262e-13
21440.00 4.164367e-13
21450.00 4.203517e-13
21460.00 4.152574e-13
21470.00 3.934134e-13
21480.00 3.862915e-13
21490.00 4.004268e-13
21500.00 3.996507e-13
21510.00 3.749393e-13
21520.00 3.581302e-13
21530.00 3.652292e-13
21540.00 3.787172e-13
21550.00 3.859805e-13
21560.00 3.856311e-13
21570.00 3.737354e-13
21580.00 3.618303e-13
21590.00 3.647189e-13
21600.00 3.755973e-13
21610.00 3.775820e-13
21620.00 3.627821e-13
21630.00 3.449400e-13
21640.00 3.383963e-13
21650.00 3.389917e-13
21660.00 3.407766e-13
21670.00 3.397075e-13
21680.00 3.422375e-13
21690.00 3.457606e-13
21700.00 3.494108e-13
21710.00 3.421073e-13
21720.00 3.198598e-13
21730.00 3.119446e-13
21740.00 3.010181e-13
21750.00 2.860148e-13
21760.00 2.930344e-13
21770.00 3.110330e-13
21780.00 3.126076e-13
21790.00 3.158991e-13
21800.00 3.226253e-13
21810.00 3.087281e-13
21820.00 2.820870e-13
21830.00 2.713357e-13
21840.00 2.907204e-13
21850.00 3.114433e-13
21860.00 3.106921e-13
21870.00 2.854138e-13
21880.00 2.612107e-13
21890.00 2.539237e-13
21900.00 2.556180e-13
21910.00 2.652101e-13
21920.00 2.724266e-13
21930.00 2.784977e-13
21940.00 2.770408e-13
21950.00 2.650567e-13
21960.00 2.627246e-13
21970.00 2.649700e-13
21980.00 2.557167e-13
21990.00 2.420843e-13
22000.00 2.370679e-13
22010.00 2.385872e-13
22020.00 2.404072e-13
22030.00 2.452895e-13
22040.00 2.478193e-13
22050.00 2.449994e-13
22060.00 2.493654e-13
22070.00 2.564756e-13
22080.00 2.481244e-13
22090.00 2.335568e-13
22100.00 2.440509e-13
22110.00 2.542742e-13
22120.00 2.391505e-13
22130.00 2.281397e-13
22140.00 2.301284e-13
22150.00 2.292182e-13
22160.00 2.146009e-13
22170.00 2.044275e-13
22180.00 2.174820e-13
22190.00 2.279034e-13
22200.00 2.245638e-13
22210.00 2.401412e-13
22220.00 2.519108e-13
22230.00 2.340366e-13
22240.00 2.122051e-13
22250.00 1.932542e-13
22260.00 1.885757e-13
22270.00 2.120483e-13
22280.00 2.110047e-13
22290.00 2.033778e-13
22300.00 2.177444e-13
22310.00 2.129820e-13
22320.00 2.070016e-13
22330.00 2.164794e-13
22340.00 2.175161e-13
22350.00 2.056871e-13
22360.00 2.071440e-13
22370.00 2.120333e-13
22380.00 2.107794e-13
22390.00 2.131523e-13
22400.00 2.167944e-13
22410.00 2.035349e-13
22420.00 1.919324e-13
22430.00 1.967705e-13
22440.00 1.984798e-13
22450.00 1.978637e-13
22460.00 1.944727e-13
22470.00 1.879348e-13
22480.00 1.832326e-13
22490.00 1.719081e-13
22500.00 1.613260e-13
22510.00 1.646880e-13
22520.00 1.742058e-13
22530.00 1.787105e-13
22540.00 1.730821e-13
22550.00 1.641424e-13
22560.00 1.640679e-13
22570.00 1.738819e-13
22580.00 1.848743e-13
22590.00 1.873177e-13
22600.00 1.785383e-13
22610.00 1.646353e-13
22620.00 1.571650e-13
22630.00 1.575425e-13
22640.00 1.593329e-13
22650.00 1.679506e-13
22660.00 1.765849e-13
22670.00 1.715855e-13
22680.00 1.544577e-13
22690.00 1.416010e-13
22700.00 1.463852e-13
22710.00 1.543580e-13
22720.00 1.571489e-13
22730.00 1.603117e-13
22740.00 1.652825e-13
22750.00 1.629147e-13
22760.00 1.593684e-13
22770.00 1.672023e-13
22780.00 1.608473e-13
22790.00 1.420729e-13
22800.00 1.428821e-13
22810.00 1.517333e-13
22820.00 1.549803e-13
22830.00 1.490943e-13
22840.00 1.372811e-13
22850.00 1.444686e-13
22860.00 1.484395e-13
22870.00 1.455645e-13
22880.00 1.430643e-13
22890.00 1.379988e-13
22900.00 1.386336e-13
22910.00 1.413536e-13
22920.00 1.476835e-13
22930.00 1.532900e-13
22940.00 1.478292e-13
22950.00 1.355974e-13
22960.00 1.305865e-13
22970.00 1.299877e-13
22980.00 1.196657e-13
22990.00 1.123212e-13
23000.00 1.238062e-13
23010.00 1.371996e-13
23020.00 1.400772e-13
23030.00 1.360830e-13
23040.00 1.263156e-13
23050.00 1.226287e-13
23060.00 1.280058e-13
23070.00 1.304458e-13
23080.00 1.351419e-13
23090.00 1.380312e-13
23100.00 1.272783e-13
23110.00 1.128780e-13
23120.00 1.054749e-13
23130.00 1.092848e-13
23140.00 1.161821e-13
23150.00 1.132345e-13
23160.00 1.080332e-13
23170.00 1.119826e-13
23180.00 1.162016e-13
23190.00 1.113865e-13
23200.00 1.096385e-13
23210.00 1.100999e-13
23220.00 1.077080e-13
23230.00 1.010510e-13
23240.00 9.771666e-14
23250.00 1.016821e-13
23260.00 9.266668e-14
23270.00 9.111437e-14
23280.00 9.452452e-14
23290.00 9.275272e-14
23300.00 9.537708e-14
23310.00 9.870211e-14
23320.00 9.881971e-14
23330.00 9.423205e-14
23340.00 9.743920e-14
23350.00 1.080061e-13
23360.00 1.122149e-13
23370.00 1.071330e-13
23380.00 9.471273e-14
23390.00 9.946709e-14
23400.00 1.074500e-13
23410.00 9.713164e-14
23420.00 8.581340e-14
23430.00 8.316997e-14
23440.00 7.594894e-14
23450.00 6.671585e-14
23460.00 7.134130e-14
23470.00 7.977455e-14
23480.00 8.316362e-14
23490.00 9.233782e-14
23500.00 1.014299e-13
23510.00 1.033449e-13
23520.00 1.054691e-13
23530.00 1.046140e-13
23540.00 9.861398e-14
23550.00 9.341888e-14
23560.00 8.659934e-14
23570.00 7.989446e-14
23580.00 8.154538e-14
23590.00 8.667078e-14
23600.00 8.351810e-14
23610.00 7.872659e-14
23620.00 8.473430e-14
23630.00 9.151159e-14
23640.00 8.286123e-14
23650.00 7.205070e-14
23660.00 7.649820e-14
23670.00 7.801734e-14
23680.00 6.698285e-14
23690.00 6.367418e-14
23700.00 7.711164e-14
23710.00 8.501301e-14
23720.00 7.642997e-14
23730.00 6.239972e-14
23740.00 5.550395e-14
23750.00 5.471397e-14
23760.00 6.300083e-14
23770.00 7.046591e-14
23780.00 6.784641e-14
23790.00 6.694063e-14
23800.00 7.228556e-14
23810.00 7.655497e-14
23820.00 6.623823e-14
23830.00 6.012998e-14
23840.00 6.519102e-14
23850.00 6.627122e-14
23860.00 5.978919e-14
23870.00 5.925928e-14
23880.00 5.932251e-14
23890.00 6.072054e-14
23900.00 6.213217e-14
23910.00 5.579725e-14
23920.00 5.220725e-14
23930.00 5.401680e-14
23940.00 5.598258e-14
23950.00 5.606366e-14
23960.00 5.573400e-14
23970.00 5.743507e-14
23980.00 5.700027e-14
23990.00 5.500720e-14
24000.00 5.452944e-14
24010.00 5.451346e-14
24020.00 5.449712e-14
24030.00 5.650616e-14
24040.00 6.114409e-14
24050.00 6.186840e-14
24060.00 5.554262e-14
24070.00 4.587976e-14
24080.00 3.868753e-14
24090.00 4.627515e-14
24100.00 5.945010e-14
24110.00 5.923491e-14
24120.00 5.102770e-14
24130.00 4.220071e-14
24140.00 3.763061e-14
24150.00 4.388125e-14
24160.00 5.157795e-14
24170.00 5.424333e-14
24180.00 4.875935e-14
24190.00 3.669043e-14
24200.00 3.116259e-14
24210.00 3.564633e-14
24220.00 4.950279e-14
24230.00 5.311574e-14
24240.00 4.602211e-14
24250.00 5.430292e-14
24260.00 6.004820e-14
24270.00 5.516543e-14
24280.00 5.361423e-14
24290.00 3.954514e-14
24300.00 3.201630e-14
24310.00 4.171492e-14
24320.00 4.320204e-14
24330.00 3.760287e-14
24340.00 3.710254e-14
24350.00 3.550639e-14
24360.00 4.428123e-14
24370.00 5.477644e-14
24380.00 4.918902e-14
24390.00 3.947138e-14
24400.00 3.816579e-14
24410.00 3.841876e-14
24420.00 3.604013e-14
24430.00 3.457288e-14
24440.00 3.360709e-14
24450.00 3.325739e-14
24460.00 3.290898e-14
24470.00 3.256167e-14
24480.00 3.221546e-14
24490.00 3.187037e-14
24500.00 3.152638e-14
24510.00 3.118349e-14
24520.00 3.084171e-14
24530.00 3.050103e-14
24540.00 3.016145e-14
24550.00 2.982298e-14
24560.00 2.948560e-14
24570.00 2.914933e-14
24580.00 2.881415e-14
24590.00 2.848008e-14
24600.00 2.814710e-14
24610.00 2.781523e-14
24620.00 2.748445e-14
24630.00 2.715477e-14
24640.00 2.682618e-14
24650.00 2.649870e-14
24660.00 2.617231e-14
24670.00 2.584701e-14
24680.00 2.552282e-14
24690.00 2.519971e-14
24700.00 2.487769e-14
24710.00 2.455677e-14
24720.00 2.423695e-14
24730.00 2.391822e-14
24740.00 2.360057e-14
24750.00 2.328402e-14
24760.00 2.296856e-14
24770.00 2.265419e-14
24780.00 2.234092e-14
24790.00 2.202873e-14
24800.00 2.171763e-14
24810.00 2.140761e-14
24820.00 2.109870e-14
24830.00 2.079087e-14
24840.00 2.048412e-14
24850.00 2.017845e-14
24860.00 1.987389e-14
24870.00 1.957040e-14
24880.00 1.926800e-14
24890.00 1.896669e-14
24900.00 1.866646e-14
24910.00 1.836731e-14
24920.00 1.806926e-14
24930.00 1.777228e-14
24940.00 1.747638e-14
24950.00 1.718157e-14
24960.00 1.688785e-14
24970.00 1.659521e-14
24980.00 1.630364e-14
24990.00 1.601317e-14
25000.00 1.572377e-14
