1000.00 1.610096e-13
1010.00 1.725155e-13
1020.00 1.840111e-13
1030.00 1.955591e-13
1040.00 2.072122e-13
1050.00 2.190150e-13
1060.00 2.310051e-13
1070.00 2.432142e-13
1080.00 2.556685e-13
1090.00 2.683903e-13
1100.00 2.813975e-13
1110.00 2.947049e-13
1120.00 3.083242e-13
1130.00 3.224769e-13
1140.00 3.372043e-13
1150.00 3.525386e-13
1160.00 3.685123e-13
1170.00 3.851573e-13
1180.00 4.025060e-13
1190.00 4.205919e-13
1200.00 4.394486e-13
1210.00 4.591091e-13
1220.00 4.796071e-13
1230.00 5.009764e-13
1240.00 5.232358e-13
1250.00 5.464955e-13
1260.00 5.708402e-13
1270.00 5.966687e-13
1280.00 6.240423e-13
1290.00 6.530251e-13
1300.00 6.836845e-13
1310.00 7.160905e-13
1320.00 7.503185e-13
1330.00 7.864433e-13
1340.00 8.245464e-13
1350.00 8.647105e-13
1360.00 9.070234e-13
1370.00 9.515759e-13
1380.00 9.984644e-13
1390.00 1.047785e-12
1400.00 1.099639e-12
1410.00 1.154130e-12
1420.00 1.211368e-12
1430.00 1.271467e-12
1440.00 1.334544e-12
1450.00 1.400722e-12
1460.00 1.470129e-12
1470.00 1.542897e-12
1480.00 1.619164e-12
1490.00 1.699073e-12
1500.00 1.782776e-12
1510.00 1.870426e-12
1520.00 1.962189e-12
1530.00 2.058234e-12
1540.00 2.158744e-12
1550.00 2.263906e-12
1560.00 2.373919e-12
1570.00 2.488989e-12
1580.00 2.609333e-12
1590.00 2.735178e-12
1600.00 2.866770e-12
1610.00 3.004365e-12
1620.00 3.148238e-12
1630.00 3.298678e-12
1640.00 3.455996e-12
1650.00 3.620524e-12
1660.00 3.792616e-12
1670.00 3.972652e-12
1680.00 4.161044e-12
1690.00 4.358232e-12
1700.00 4.564684e-12
1710.00 4.780860e-12
1720.00 5.007332e-12
1730.00 5.244742e-12
1740.00 5.493780e-12
1750.00 5.755198e-12
1760.00 6.029827e-12
1770.00 6.318575e-12
1780.00 6.622449e-12
1790.00 6.942553e-12
1800.00 7.280108e-12
1810.00 7.636516e-12
1820.00 8.013225e-12
1830.00 8.411890e-12
1840.00 8.834328e-12
1850.00 9.282584e-12
1860.00 9.758893e-12
1870.00 1.026645e-11
1880.00 1.081250e-11
1890.00 1.140345e-11
1900.00 1.205604e-11
1910.00 1.272726e-11
1920.00 1.343915e-11
1930.00 1.420449e-11
1940.00 1.503979e-11
1950.00 1.596668e-11
1960.00 1.701191e-11
1970.00 1.814728e-11
1980.00 1.940554e-11
1990.00 2.070690e-11
2000.00 2.253102e-11
2010.00 2.427710e-11
2020.00 2.612900e-11
2030.00 2.793822e-11
2040.00 2.983636e-11
2050.00 3.211505e-11
2060.00 3.462443e-11
2070.00 3.690616e-11
2080.00 3.925402e-11
2090.00 4.180211e-11
2100.00 4.458530e-11
2110.00 4.742500e-11
2120.00 5.029000e-11
2130.00 5.360859e-11
2140.00 5.693505e-11
2150.00 5.969015e-11
2160.00 6.217276e-11
2170.00 6.454971e-11
2180.00 6.671421e-11
2190.00 6.869931e-11
2200.00 7.011079e-11
2210.00 7.138677e-11
2220.00 7.295787e-11
2230.00 7.417462e-11
2240.00 7.534241e-11
2250.00 7.629134e-11
2260.00 7.711052e-11
2270.00 7.791824e-11
2280.00 7.877659e-11
2290.00 7.935225e-11
2300.00 7.989599e-11
2310.00 7.949507e-11
2320.00 7.871283e-11
2330.00 7.856925e-11
2340.00 7.861534e-11
2350.00 7.842818e-11
2360.00 7.823928e-11
2370.00 7.771488e-11
2380.00 7.720808e-11
2390.00 7.624658e-11
2400.00 7.537042e-11
2410.00 7.434495e-11
2420.00 7.293126e-11
2430.00 7.174216e-11
2440.00 7.114437e-11
2450.00 7.053847e-11
2460.00 6.977972e-11
2470.00 6.904219e-11
2480.00 6.848715e-11
2490.00 6.819390e-11
2500.00 6.769596e-11
2510.00 6.725225e-11
2520.00 6.738999e-11
2530.00 6.614018e-11
2540.00 6.338636e-11
2550.00 6.216040e-11
2560.00 6.142275e-11
2570.00 6.085054e-11
2580.00 6.016548e-11
2590.00 6.020645e-11
2600.00 6.012096e-11
2610.00 6.076632e-11
2620.00 6.134441e-11
2630.00 6.278727e-11
2640.00 6.417126e-11
2650.00 6.569689e-11
2660.00 6.762519e-11
2670.00 6.955360e-11
2680.00 7.161485e-11
2690.00 7.348198e-11
2700.00 7.523375e-11
2710.00 7.733644e-11
2720.00 8.004195e-11
2730.00 8.316844e-11
2740.00 8.502433e-11
2750.00 8.647649e-11
2760.00 8.869923e-11
2770.00 9.160971e-11
2780.00 9.484954e-11
2790.00 9.762831e-11
2800.00 1.001553e-10
2810.00 1.028871e-10
2820.00 1.064611e-10
2830.00 1.109626e-10
2840.00 1.162684e-10
2850.00 1.222994e-10
2860.00 1.286213e-10
2870.00 1.347195e-10
2880.00 1.401511e-10
2890.00 1.449806e-10
2900.00 1.496331e-10
2910.00 1.538791e-10
2920.00 1.573993e-10
2930.00 1.602256e-10
2940.00 1.639973e-10
2950.00 1.690707e-10
2960.00 1.728609e-10
2970.00 1.758685e-10
2980.00 1.783587e-10
2990.00 1.806926e-10
3000.00 1.834564e-10
3010.00 1.860108e-10
3020.00 1.873965e-10
3030.00 1.878114e-10
3040.00 1.864081e-10
3050.00 1.839310e-10
3060.00 1.815520e-10
3070.00 1.796116e-10
3080.00 1.789525e-10
3090.00 1.789971e-10
3100.00 1.802579e-10
3110.00 1.822846e-10
3120.00 1.853122e-10
3130.00 1.888613e-10
3140.00 1.923431e-10
3150.00 1.951751e-10
3160.00 1.982061e-10
3170.00 2.005940e-10
3180.00 2.023902e-10
3190.00 2.048302e-10
3200.00 2.071102e-10
3210.00 2.095671e-10
3220.00 2.127982e-10
3230.00 2.158102e-10
3240.00 2.186642e-10
3250.00 2.226958e-10
3260.00 2.249856e-10
3270.00 2.271672e-10
3280.00 2.287348e-10
3290.00 2.308357e-10
3300.00 2.325925e-10
3310.00 2.359428e-10
3320.00 2.393709e-10
3330.00 2.448522e-10
3340.00 2.536560e-10
3350.00 2.636715e-10
3360.00 2.748739e-10
3370.00 2.870810e-10
3380.00 3.009999e-10
3390.00 3.139329e-10
3400.00 3.252451e-10
3410.00 3.371108e-10
3420.00 3.480227e-10
3430.00 3.596973e-10
3440.00 3.724572e-10
3450.00 3.847669e-10
3460.00 3.977466e-10
3470.00 4.111475e-10
3480.00 4.236720e-10
3490.00 4.350427e-10
3500.00 4.464480e-10
3510.00 4.588235e-10
3520.00 4.707225e-10
3530.00 4.801884e-10
3540.00 4.867892e-10
3550.00 4.921065e-10
3560.00 4.972604e-10
3570.00 5.010376e-10
3580.00 5.016327e-10
3590.00 4.992411e-10
3600.00 4.948776e-10
3610.00 4.876121e-10
3620.00 4.779684e-10
3630.00 4.668523e-10
3640.00 4.542021e-10
3650.00 4.415007e-10
3660.00 4.287176e-10
3670.00 4.156260e-10
3680.00 4.033892e-10
3690.00 3.926341e-10
3700.00 3.829192e-10
3710.00 3.729020e-10
3720.00 3.629749e-10
3730.00 3.563617e-10
3740.00 3.529480e-10
3750.00 3.525220e-10
3760.00 3.544815e-10
3770.00 3.597142e-10
3780.00 3.705351e-10
3790.00 3.891836e-10
3800.00 4.178022e-10
3810.00 4.575203e-10
3820.00 5.022511e-10
3830.00 5.518055e-10
3840.00 6.024127e-10
3850.00 6.552464e-10
3860.00 7.118382e-10
3870.00 7.707874e-10
3880.00 8.349185e-10
3890.00 9.024847e-10
3900.00 9.714449e-10
3910.00 1.046981e-09
3920.00 1.121136e-09
3930.00 1.177503e-09
3940.00 1.201862e-09
3950.00 1.239080e-09
3960.00 1.302767e-09
3970.00 1.369877e-09
3980.00 1.423979e-09
3990.00 1.452653e-09
4000.00 1.464695e-09
4010.00 1.475268e-09
4020.00 1.463345e-09
4030.00 1.410418e-09
4040.00 1.319402e-09
4050.00 1.219475e-09
4060.00 1.138166e-09
4070.00 1.079600e-09
4080.00 1.030254e-09
4090.00 9.706900e-10
4100.00 9.260934e-10
4110.00 9.109977e-10
4120.00 8.827728e-10
4130.00 8.400626e-10
4140.00 8.088054e-10
4150.00 7.868204e-10
4160.00 7.861136e-10
4170.00 7.947782e-10
4180.00 7.993559e-10
4190.00 7.951315e-10
4200.00 7.767088e-10
4210.00 7.692685e-10
4220.00 7.711080e-10
4230.00 7.744985e-10
4240.00 7.912410e-10
4250.00 8.215037e-10
4260.00 8.671757e-10
4270.00 9.089564e-10
4280.00 9.289700e-10
4290.00 9.194534e-10
4300.00 8.820863e-10
4310.00 8.340721e-10
4320.00 8.120968e-10
4330.00 8.375185e-10
4340.00 8.611258e-10
4350.00 8.592640e-10
4360.00 8.305013e-10
4370.00 7.782690e-10
4380.00 7.523242e-10
4390.00 7.600488e-10
4400.00 7.709222e-10
4410.00 7.652837e-10
4420.00 7.353206e-10
4430.00 7.007232e-10
4440.00 6.971978e-10
4450.00 7.155081e-10
4460.00 7.374122e-10
4470.00 7.623736e-10
4480.00 7.950554e-10
4490.00 8.478653e-10
4500.00 9.324269e-10
4510.00 1.045465e-09
4520.00 1.158614e-09
4530.00 1.265529e-09
4540.00 1.375673e-09
4550.00 1.480211e-09
4560.00 1.583956e-09
4570.00 1.687633e-09
4580.00 1.785042e-09
4590.00 1.870568e-09
4600.00 1.940543e-09
4610.00 1.997819e-09
4620.00 2.041213e-09
4630.00 2.068338e-09
4640.00 2.070852e-09
4650.00 2.054381e-09
4660.00 2.026686e-09
4670.00 2.005087e-09
4680.00 2.013954e-09
4690.00 2.015021e-09
4700.00 1.978713e-09
4710.00 1.916539e-09
4720.00 1.816281e-09
4730.00 1.707233e-09
4740.00 1.617653e-09
4750.00 1.528731e-09
4760.00 1.440875e-09
4770.00 1.360159e-09
4780.00 1.280006e-09
4790.00 1.202119e-09
4800.00 1.136226e-09
4810.00 1.084731e-09
4820.00 1.060899e-09
4830.00 1.088167e-09
4840.00 1.147913e-09
4850.00 1.196921e-09
4860.00 1.223629e-09
4870.00 1.201198e-09
4880.00 1.130882e-09
4890.00 1.081267e-09
4900.00 1.068035e-09
4910.00 1.101218e-09
4920.00 1.210679e-09
4930.00 1.374984e-09
4940.00 1.564737e-09
4950.00 1.768412e-09
4960.00 1.938023e-09
4970.00 2.044895e-09
4980.00 2.090274e-09
4990.00 2.059995e-09
5000.00 1.983462e-09
5010.00 1.855311e-09
5020.00 1.680693e-09
5030.00 1.511310e-09
5040.00 1.364494e-09
5050.00 1.268895e-09
5060.00 1.227303e-09
5070.00 1.217297e-09
5080.00 1.232612e-09
5090.00 1.277835e-09
5100.00 1.328398e-09
5110.00 1.368324e-09
5120.00 1.391159e-09
5130.00 1.387419e-09
5140.00 1.389437e-09
5150.00 1.386626e-09
5160.00 1.381197e-09
5170.00 1.374519e-09
5180.00 1.354893e-09
5190.00 1.344808e-09
5200.00 1.344093e-09
5210.00 1.364821e-09
5220.00 1.417925e-09
5230.00 1.496307e-09
5240.00 1.598130e-09
5250.00 1.697866e-09
5260.00 1.770010e-09
5270.00 1.831900e-09
5280.00 1.887960e-09
5290.00 1.941321e-09
5300.00 1.997915e-09
5310.00 2.038754e-09
5320.00 2.059257e-09
5330.00 2.068471e-09
5340.00 2.083493e-09
5350.00 2.098097e-09
5360.00 2.105782e-09
5370.00 2.106329e-09
5380.00 2.091517e-09
5390.00 2.069424e-09
5400.00 2.036117e-09
5410.00 1.990426e-09
5420.00 1.932416e-09
5430.00 1.882570e-09
5440.00 1.864873e-09
5450.00 1.877164e-09
5460.00 1.922358e-09
5470.00 1.990771e-09
5480.00 2.061871e-09
5490.00 2.126959e-09
5500.00 2.182978e-09
5510.00 2.202868e-09
5520.00 2.181686e-09
5530.00 2.142692e-09
5540.00 2.081491e-09
5550.00 2.013196e-09
5560.00 1.959130e-09
5570.00 1.916537e-09
5580.00 1.888519e-09
5590.00 1.877690e-09
5600.00 1.878017e-09
5610.00 1.877289e-09
5620.00 1.871620e-09
5630.00 1.850866e-09
5640.00 1.795247e-09
5650.00 1.700551e-09
5660.00 1.569333e-09
5670.00 1.410501e-09
5680.00 1.244119e-09
5690.00 1.090926e-09
5700.00 9.680662e-10
5710.00 8.956659e-10
5720.00 8.735999e-10
5730.00 8.988051e-10
5740.00 9.714693e-10
5750.00 1.079144e-09
5760.00 1.220432e-09
5770.00 1.385462e-09
5780.00 1.557343e-09
5790.00 1.724898e-09
5800.00 1.872523e-09
5810.00 2.000118e-09
5820.00 2.110189e-09
5830.00 2.200501e-09
5840.00 2.272548e-09
5850.00 2.314455e-09
5860.00 2.310929e-09
5870.00 2.236820e-09
5880.00 2.150125e-09
5890.00 2.111954e-09
5900.00 2.104450e-09
5910.00 2.141035e-09
5920.00 2.171494e-09
5930.00 2.156571e-09
5940.00 2.131151e-09
5950.00 2.099812e-09
5960.00 2.059743e-09
5970.00 2.012814e-09
5980.00 1.962655e-09
5990.00 1.917217e-09
6000.00 1.871695e-09
6010.00 1.815449e-09
6020.00 1.753470e-09
6030.00 1.691780e-09
6040.00 1.640006e-09
6050.00 1.613366e-09
6060.00 1.610744e-09
6070.00 1.617629e-09
6080.00 1.625498e-09
6090.00 1.619039e-09
6100.00 1.587038e-09
6110.00 1.540707e-09
6120.00 1.492114e-09
6130.00 1.455772e-09
6140.00 1.447371e-09
6150.00 1.467573e-09
6160.00 1.506915e-09
6170.00 1.548016e-09
6180.00 1.579029e-09
6190.00 1.590742e-09
6200.00 1.571876e-09
6210.00 1.520195e-09
6220.00 1.443104e-09
6230.00 1.352173e-09
6240.00 1.260616e-09
6250.00 1.184039e-09
6260.00 1.124152e-09
6270.00 1.082556e-09
6280.00 1.057406e-09
6290.00 1.046167e-09
6300.00 1.049384e-09
6310.00 1.059805e-09
6320.00 1.077312e-09
6330.00 1.104873e-09
6340.00 1.148042e-09
6350.00 1.210187e-09
6360.00 1.283574e-09
6370.00 1.355112e-09
6380.00 1.414757e-09
6390.00 1.464051e-09
6400.00 1.512490e-09
6410.00 1.555686e-09
6420.00 1.586407e-09
6430.00 1.603860e-09
6440.00 1.603567e-09
6450.00 1.592516e-09
6460.00 1.567700e-09
6470.00 1.517602e-09
6480.00 1.450371e-09
6490.00 1.371635e-09
6500.00 1.291814e-09
6510.00 1.231305e-09
6520.00 1.192155e-09
6530.00 1.182501e-09
6540.00 1.191205e-09
6550.00 1.214508e-09
6560.00 1.279453e-09
6570.00 1.369128e-09
6580.00 1.481448e-09
6590.00 1.600206e-09
6600.00 1.690004e-09
6610.00 1.758595e-09
6620.00 1.811252e-09
6630.00 1.853475e-09
6640.00 1.879628e-09
6650.00 1.882770e-09
6660.00 1.873743e-09
6670.00 1.859247e-09
6680.00 1.841658e-09
6690.00 1.819564e-09
6700.00 1.790760e-09
6710.00 1.753139e-09
6720.00 1.715242e-09
6730.00 1.685763e-09
6740.00 1.666719e-09
6750.00 1.659748e-09
6760.00 1.631498e-09
6770.00 1.558366e-09
6780.00 1.473182e-09
6790.00 1.393339e-09
6800.00 1.342930e-09
6810.00 1.346589e-09
6820.00 1.358645e-09
6830.00 1.351759e-09
6840.00 1.329118e-09
6850.00 1.291087e-09
6860.00 1.249202e-09
6870.00 1.208814e-09
6880.00 1.179347e-09
6890.00 1.162983e-09
6900.00 1.155402e-09
6910.00 1.168888e-09
6920.00 1.210460e-09
6930.00 1.272709e-09
6940.00 1.354910e-09
6950.00 1.444783e-09
6960.00 1.516898e-09
6970.00 1.574208e-09
6980.00 1.623879e-09
6990.00 1.657922e-09
7000.00 1.688219e-09
7010.00 1.717200e-09
7020.00 1.725239e-09
7030.00 1.717295e-09
7040.00 1.701096e-09
7050.00 1.666768e-09
7060.00 1.622699e-09
7070.00 1.566014e-09
7080.00 1.480139e-09
7090.00 1.387606e-09
7100.00 1.318747e-09
7110.00 1.280933e-09
7120.00 1.272142e-09
7130.00 1.277159e-09
7140.00 1.278559e-09
7150.00 1.275684e-09
7160.00 1.279356e-09
7170.00 1.286768e-09
7180.00 1.287286e-09
7190.00 1.292120e-09
7200.00 1.309877e-09
7210.00 1.334696e-09
7220.00 1.368737e-09
7230.00 1.407359e-09
7240.00 1.435905e-09
7250.00 1.448773e-09
7260.00 1.452848e-09
7270.00 1.447864e-09
7280.00 1.428731e-09
7290.00 1.409807e-09
7300.00 1.391984e-09
7310.00 1.364984e-09
7320.00 1.341360e-09
7330.00 1.324095e-09
7340.00 1.306452e-09
7350.00 1.294960e-09
7360.00 1.292166e-09
7370.00 1.293326e-09
7380.00 1.300840e-09
7390.00 1.314404e-09
7400.00 1.332525e-09
7410.00 1.349266e-09
7420.00 1.358278e-09
7430.00 1.370667e-09
7440.00 1.376855e-09
7450.00 1.372054e-09
7460.00 1.370426e-09
7470.00 1.363369e-09
7480.00 1.342737e-09
7490.00 1.319272e-09
7500.00 1.294773e-09
7510.00 1.270019e-09
7520.00 1.245907e-09
7530.00 1.221721e-09
7540.00 1.196965e-09
7550.00 1.170521e-09
7560.00 1.142969e-09
7570.00 1.115703e-09
7580.00 1.088759e-09
7590.00 1.062072e-09
7600.00 1.036212e-09
7610.00 1.010593e-09
7620.00 9.776393e-10
7630.00 9.476176e-10
7640.00 9.340589e-10
7650.00 9.431460e-10
7660.00 9.706194e-10
7670.00 1.014321e-09
7680.00 1.060054e-09
7690.00 1.102904e-09
7700.00 1.158289e-09
7710.00 1.213674e-09
7720.00 1.243995e-09
7730.00 1.257285e-09
7740.00 1.260523e-09
7750.00 1.250150e-09
7760.00 1.235857e-09
7770.00 1.230086e-09
7780.00 1.228657e-09
7790.00 1.214023e-09
7800.00 1.202237e-09
7810.00 1.204787e-09
7820.00 1.198153e-09
7830.00 1.194231e-09
7840.00 1.213876e-09
7850.00 1.230193e-09
7860.00 1.229433e-09
7870.00 1.217411e-09
7880.00 1.188611e-09
7890.00 1.162344e-09
7900.00 1.144016e-09
7910.00 1.130572e-09
7920.00 1.130795e-09
7930.00 1.124556e-09
7940.00 1.113212e-09
7950.00 1.094608e-09
7960.00 1.055931e-09
7970.00 1.027666e-09
7980.00 1.015410e-09
7990.00 1.007130e-09
8000.00 1.004516e-09
8010.00 9.923182e-10
8020.00 9.727578e-10
8030.00 9.503831e-10
8040.00 9.188836e-10
8050.00 8.890783e-10
8060.00 8.698734e-10
8070.00 8.584385e-10
8080.00 8.518830e-10
8090.00 8.545731e-10
8100.00 8.650694e-10
8110.00 8.637635e-10
8120.00 8.499108e-10
8130.00 8.347711e-10
8140.00 8.251736e-10
8150.00 8.317402e-10
8160.00 8.303456e-10
8170.00 7.976512e-10
8180.00 7.484043e-10
8190.00 7.002706e-10
8200.00 6.512813e-10
8210.00 5.968452e-10
8220.00 5.381398e-10
8230.00 4.849235e-10
8240.00 4.448106e-10
8250.00 4.033817e-10
8260.00 3.649055e-10
8270.00 3.366535e-10
8280.00 3.107844e-10
8290.00 2.902826e-10
8300.00 2.778481e-10
8310.00 2.698524e-10
8320.00 2.713107e-10
8330.00 2.788563e-10
8340.00 2.891639e-10
8350.00 3.048381e-10
8360.00 3.261633e-10
8370.00 3.545494e-10
8380.00 3.754845e-10
8390.00 3.960600e-10
8400.00 4.269332e-10
8410.00 4.513716e-10
8420.00 4.647620e-10
8430.00 4.700574e-10
8440.00 4.771490e-10
8450.00 5.073665e-10
8460.00 5.581244e-10
8470.00 5.987817e-10
8480.00 6.369334e-10
8490.00 6.922017e-10
8500.00 7.490866e-10
8510.00 8.079059e-10
8520.00 8.706598e-10
8530.00 9.331350e-10
8540.00 1.014386e-09
8550.00 1.107945e-09
8560.00 1.170581e-09
8570.00 1.203142e-09
8580.00 1.242611e-09
8590.00 1.297931e-09
8600.00 1.344761e-09
8610.00 1.362366e-09
8620.00 1.357412e-09
8630.00 1.357079e-09
8640.00 1.376444e-09
8650.00 1.386518e-09
8660.00 1.367459e-09
8670.00 1.338994e-09
8680.00 1.319324e-09
8690.00 1.311595e-09
8700.00 1.295028e-09
8710.00 1.260415e-09
8720.00 1.237296e-09
8730.00 1.224062e-09
8740.00 1.200927e-09
8750.00 1.169620e-09
8760.00 1.136343e-09
8770.00 1.121807e-09
8780.00 1.116435e-09
8790.00 1.092461e-09
8800.00 1.040633e-09
8810.00 9.877809e-10
8820.00 9.638803e-10
8830.00 9.421767e-10
8840.00 9.081533e-10
8850.00 8.663677e-10
8860.00 8.168491e-10
8870.00 7.742855e-10
8880.00 7.433887e-10
8890.00 7.045634e-10
8900.00 6.746276e-10
8910.00 6.760476e-10
8920.00 6.848600e-10
8930.00 6.911993e-10
8940.00 6.892729e-10
8950.00 6.776631e-10
8960.00 6.653473e-10
8970.00 6.495969e-10
8980.00 6.350042e-10
8990.00 6.277462e-10
9000.00 6.308412e-10
9010.00 6.298316e-10
9020.00 6.151428e-10
9030.00 5.916065e-10
9040.00 5.684395e-10
9050.00 5.617979e-10
9060.00 5.505448e-10
9070.00 5.316479e-10
9080.00 5.227207e-10
9090.00 5.329392e-10
9100.00 5.649505e-10
9110.00 5.888508e-10
9120.00 6.028265e-10
9130.00 6.183479e-10
9140.00 6.379158e-10
9150.00 6.565826e-10
9160.00 6.542207e-10
9170.00 6.381750e-10
9180.00 6.160954e-10
9190.00 5.842675e-10
9200.00 5.455068e-10
9210.00 4.860208e-10
9220.00 4.283540e-10
9230.00 4.081981e-10
9240.00 4.094103e-10
9250.00 4.214854e-10
9260.00 4.367362e-10
9270.00 4.655809e-10
9280.00 5.005541e-10
9290.00 5.159253e-10
9300.00 5.147540e-10
9310.00 4.876144e-10
9320.00 4.564365e-10
9330.00 4.464030e-10
9340.00 4.534937e-10
9350.00 4.671730e-10
9360.00 4.868459e-10
9370.00 5.106273e-10
9380.00 5.091745e-10
9390.00 4.889716e-10
9400.00 4.915182e-10
9410.00 4.994148e-10
9420.00 5.094384e-10
9430.00 5.170182e-10
9440.00 4.975605e-10
9450.00 4.835992e-10
9460.00 4.962333e-10
9470.00 5.278635e-10
9480.00 5.455961e-10
9490.00 5.404315e-10
9500.00 5.349315e-10
9510.00 5.373802e-10
9520.00 5.369264e-10
9530.00 5.320950e-10
9540.00 5.137277e-10
9550.00 5.105032e-10
9560.00 5.504552e-10
9570.00 5.942234e-10
9580.00 6.197882e-10
9590.00 6.154939e-10
9600.00 5.992904e-10
9610.00 6.081101e-10
9620.00 6.407562e-10
9630.00 6.628247e-10
9640.00 6.683859e-10
9650.00 6.660349e-10
9660.00 6.348152e-10
9670.00 6.178148e-10
9680.00 6.152415e-10
9690.00 6.214714e-10
9700.00 6.290117e-10
9710.00 6.350416e-10
9720.00 6.412815e-10
9730.00 6.535089e-10
9740.00 6.700911e-10
9750.00 6.873303e-10
9760.00 7.085713e-10
9770.00 7.209840e-10
9780.00 7.136749e-10
9790.00 7.052876e-10
9800.00 7.060893e-10
9810.00 7.083094e-10
9820.00 7.133711e-10
9830.00 7.199113e-10
9840.00 7.250065e-10
9850.00 7.298287e-10
9860.00 7.345112e-10
9870.00 7.406504e-10
9880.00 7.448434e-10
9890.00 7.373102e-10
9900.00 7.390086e-10
9910.00 7.386936e-10
9920.00 7.324084e-10
9930.00 7.475055e-10
9940.00 7.468896e-10
9950.00 7.317017e-10
9960.00 7.225448e-10
9970.00 7.186228e-10
9980.00 6.828990e-10
9990.00 6.155495e-10
10000.00 5.664149e-10
10010.00 5.228252e-10
10020.00 4.658573e-10
10030.00 4.120022e-10
10040.00 3.675575e-10
10050.00 3.554757e-10
10060.00 4.075959e-10
10070.00 4.887326e-10
10080.00 5.180334e-10
10090.00 5.254594e-10
10100.00 5.411544e-10
10110.00 5.414753e-10
10120.00 5.334073e-10
10130.00 5.302165e-10
10140.00 5.308211e-10
10150.00 5.272304e-10
10160.00 5.279862e-10
10170.00 5.357310e-10
10180.00 5.619364e-10
10190.00 5.712010e-10
10200.00 5.459834e-10
10210.00 5.263941e-10
10220.00 5.174092e-10
10230.00 5.097204e-10
10240.00 4.945819e-10
10250.00 4.802975e-10
10260.00 4.579342e-10
10270.00 4.387730e-10
10280.00 4.254430e-10
10290.00 3.981207e-10
10300.00 3.695676e-10
10310.00 3.489586e-10
10320.00 3.362978e-10
10330.00 3.378450e-10
10340.00 3.129447e-10
10350.00 2.810492e-10
10360.00 2.684866e-10
10370.00 2.456178e-10
10380.00 2.204278e-10
10390.00 2.014670e-10
10400.00 1.937778e-10
10410.00 1.926224e-10
10420.00 2.014905e-10
10430.00 2.070824e-10
10440.00 2.063686e-10
10450.00 2.113319e-10
10460.00 2.167452e-10
10470.00 2.171403e-10
10480.00 2.185458e-10
10490.00 2.240585e-10
10500.00 2.326199e-10
10510.00 2.467940e-10
10520.00 2.673262e-10
10530.00 2.813280e-10
10540.00 2.930930e-10
10550.00 3.099412e-10
10560.00 3.356330e-10
10570.00 3.564936e-10
10580.00 3.611102e-10
10590.00 3.734886e-10
10600.00 4.070688e-10
10610.00 4.651589e-10
10620.00 5.225372e-10
10630.00 5.734751e-10
10640.00 6.132044e-10
10650.00 6.408677e-10
10660.00 6.789878e-10
10670.00 7.163517e-10
10680.00 7.454761e-10
10690.00 7.754280e-10
10700.00 8.235317e-10
10710.00 8.532497e-10
10720.00 8.371777e-10
10730.00 8.101560e-10
10740.00 8.501923e-10
10750.00 8.863366e-10
10760.00 8.740685e-10
10770.00 8.893199e-10
10780.00 9.025057e-10
10790.00 9.162389e-10
10800.00 9.254412e-10
10810.00 9.652023e-10
10820.00 9.949384e-10
10830.00 9.465742e-10
10840.00 9.432745e-10
10850.00 1.002669e-09
10860.00 1.011793e-09
10870.00 9.857291e-10
10880.00 9.803518e-10
10890.00 9.925151e-10
10900.00 9.895568e-10
10910.00 9.653971e-10
10920.00 9.443919e-10
10930.00 9.269280e-10
10940.00 9.220339e-10
10950.00 9.122129e-10
10960.00 8.928774e-10
10970.00 8.945423e-10
10980.00 8.843099e-10
10990.00 8.654745e-10
11000.00 8.531016e-10
11010.00 8.358605e-10
11020.00 8.297171e-10
11030.00 8.378020e-10
11040.00 8.258677e-10
11050.00 8.124432e-10
11060.00 8.121366e-10
11070.00 7.927788e-10
11080.00 7.778395e-10
11090.00 7.619113e-10
11100.00 7.435619e-10
11110.00 7.409710e-10
11120.00 7.290737e-10
11130.00 7.169453e-10
11140.00 7.061305e-10
11150.00 6.990150e-10
11160.00 7.044796e-10
11170.00 7.028099e-10
11180.00 6.952144e-10
11190.00 7.035473e-10
11200.00 7.264067e-10
11210.00 7.112111e-10
11220.00 6.953919e-10
11230.00 7.131225e-10
11240.00 7.172393e-10
11250.00 6.945189e-10
11260.00 6.931940e-10
11270.00 6.961525e-10
11280.00 6.767338e-10
11290.00 6.819897e-10
11300.00 6.855788e-10
11310.00 6.608813e-10
11320.00 6.387614e-10
11330.00 6.416972e-10
11340.00 6.228728e-10
11350.00 6.122565e-10
11360.00 6.185509e-10
11370.00 6.099173e-10
11380.00 5.951298e-10
11390.00 5.882159e-10
11400.00 5.915248e-10
11410.00 5.651318e-10
11420.00 5.500738e-10
11430.00 5.576545e-10
11440.00 5.451386e-10
11450.00 5.373274e-10
11460.00 5.523832e-10
11470.00 5.455036e-10
11480.00 5.217168e-10
11490.00 5.121559e-10
11500.00 5.097772e-10
11510.00 5.213323e-10
11520.00 5.191619e-10
11530.00 4.974936e-10
11540.00 4.828445e-10
11550.00 4.759092e-10
11560.00 4.666418e-10
11570.00 4.686936e-10
11580.00 4.846438e-10
11590.00 4.784506e-10
11600.00 4.701822e-10
11610.00 4.608292e-10
11620.00 4.520105e-10
11630.00 4.516577e-10
11640.00 4.543284e-10
11650.00 4.597653e-10
11660.00 4.582378e-10
11670.00 4.687069e-10
11680.00 4.720389e-10
11690.00 4.639026e-10
11700.00 4.619551e-10
11710.00 4.602724e-10
11720.00 4.614865e-10
11730.00 4.635731e-10
11740.00 4.577738e-10
11750.00 4.526531e-10
11760.00 4.488461e-10
11770.00 4.508842e-10
11780.00 4.618277e-10
11790.00 4.630650e-10
11800.00 4.646842e-10
11810.00 4.707817e-10
11820.00 4.735782e-10
11830.00 4.771131e-10
11840.00 4.718234e-10
11850.00 4.639262e-10
11860.00 4.596346e-10
11870.00 4.603888e-10
11880.00 4.660491e-10
11890.00 4.690555e-10
11900.00 4.696789e-10
11910.00 4.624400e-10
11920.00 4.663030e-10
11930.00 4.730546e-10
11940.00 4.673840e-10
11950.00 4.672426e-10
11960.00 4.776361e-10
11970.00 4.643516e-10
11980.00 4.585508e-10
11990.00 4.693290e-10
12000.00 4.544518e-10
12010.00 4.463055e-10
12020.00 4.473813e-10
12030.00 4.436887e-10
12040.00 4.352434e-10
12050.00 4.334698e-10
12060.00 4.246023e-10
12070.00 4.136812e-10
12080.00 4.144064e-10
12090.00 4.107710e-10
12100.00 4.035980e-10
12110.00 3.923967e-10
12120.00 3.836818e-10
12130.00 3.847167e-10
12140.00 4.012356e-10
12150.00 4.024203e-10
12160.00 3.892218e-10
12170.00 3.780137e-10
12180.00 3.723975e-10
12190.00 3.831320e-10
12200.00 3.967381e-10
12210.00 4.006954e-10
12220.00 3.859329e-10
12230.00 3.718226e-10
12240.00 3.626987e-10
12250.00 3.650609e-10
12260.00 3.633795e-10
12270.00 3.625618e-10
12280.00 3.791967e-10
12290.00 3.751982e-10
12300.00 3.661022e-10
12310.00 3.743072e-10
12320.00 3.805079e-10
12330.00 3.751150e-10
12340.00 3.703452e-10
12350.00 3.693679e-10
12360.00 3.725487e-10
12370.00 3.764197e-10
12380.00 3.687876e-10
12390.00 3.658392e-10
12400.00 3.574252e-10
12410.00 3.466690e-10
12420.00 3.647438e-10
12430.00 3.794521e-10
12440.00 3.649781e-10
12450.00 3.559224e-10
12460.00 3.523924e-10
12470.00 3.496431e-10
12480.00 3.535522e-10
12490.00 3.544594e-10
12500.00 3.529438e-10
12510.00 3.571087e-10
12520.00 3.635524e-10
12530.00 3.459683e-10
12540.00 3.391966e-10
12550.00 3.373977e-10
12560.00 3.518488e-10
12570.00 3.632954e-10
12580.00 3.418593e-10
12590.00 3.434036e-10
12600.00 3.487044e-10
12610.00 3.562915e-10
12620.00 3.619445e-10
12630.00 3.576612e-10
12640.00 3.633645e-10
12650.00 3.612555e-10
12660.00 3.515949e-10
12670.00 3.507814e-10
12680.00 3.541331e-10
12690.00 3.562377e-10
12700.00 3.538381e-10
12710.00 3.487045e-10
12720.00 3.528462e-10
12730.00 3.576221e-10
12740.00 3.538135e-10
12750.00 3.599447e-10
12760.00 3.693994e-10
12770.00 3.673610e-10
12780.00 3.573683e-10
12790.00 3.460014e-10
12800.00 3.407737e-10
12810.00 3.404756e-10
12820.00 3.390469e-10
12830.00 3.449679e-10
12840.00 3.428229e-10
12850.00 3.293753e-10
12860.00 3.339760e-10
12870.00 3.450075e-10
12880.00 3.455905e-10
12890.00 3.429089e-10
12900.00 3.473264e-10
12910.00 3.443252e-10
12920.00 3.334139e-10
12930.00 3.374706e-10
12940.00 3.293563e-10
12950.00 3.214646e-10
12960.00 3.250436e-10
12970.00 3.156477e-10
12980.00 3.063990e-10
12990.00 3.151872e-10
13000.00 3.223465e-10
13010.00 3.152685e-10
13020.00 3.086423e-10
13030.00 3.005316e-10
13040.00 2.992980e-10
13050.00 3.094412e-10
13060.00 3.209671e-10
13070.00 3.137634e-10
13080.00 2.997063e-10
13090.00 2.977473e-10
13100.00 2.980615e-10
13110.00 2.989599e-10
13120.00 2.960607e-10
13130.00 2.920848e-10
13140.00 2.906385e-10
13150.00 2.866009e-10
13160.00 2.825435e-10
13170.00 2.736878e-10
13180.00 2.746225e-10
13190.00 2.774756e-10
13200.00 2.723769e-10
13210.00 2.708856e-10
13220.00 2.730837e-10
13230.00 2.731529e-10
13240.00 2.821188e-10
13250.00 2.846991e-10
13260.00 2.824414e-10
13270.00 2.869713e-10
13280.00 2.809380e-10
13290.00 2.750105e-10
13300.00 2.653219e-10
13310.00 2.574129e-10
13320.00 2.668427e-10
13330.00 2.735930e-10
13340.00 2.683148e-10
13350.00 2.689316e-10
13360.00 2.651807e-10
13370.00 2.710556e-10
13380.00 2.633256e-10
13390.00 2.382239e-10
13400.00 2.338603e-10
13410.00 2.308145e-10
13420.00 2.286889e-10
13430.00 2.270108e-10
13440.00 2.255987e-10
13450.00 2.243079e-10
13460.00 2.232681e-10
13470.00 2.222417e-10
13480.00 2.213928e-10
13490.00 2.205449e-10
13500.00 2.197778e-10
13510.00 2.190613e-10
13520.00 2.183456e-10
13530.00 2.176645e-10
13540.00 2.169907e-10
13550.00 2.163175e-10
13560.00 2.156264e-10
13570.00 2.149317e-10
13580.00 2.142377e-10
13590.00 2.135380e-10
13600.00 2.128354e-10
13610.00 2.121335e-10
13620.00 2.114178e-10
13630.00 2.106862e-10
13640.00 2.099556e-10
13650.00 2.092152e-10
13660.00 2.084514e-10
13670.00 2.076884e-10
13680.00 2.069525e-10
13690.00 2.063921e-10
13700.00 2.058323e-10
13710.00 2.052730e-10
13720.00 2.045002e-10
13730.00 2.037204e-10
13740.00 2.029414e-10
13750.00 2.020464e-10
13760.00 2.011228e-10
13770.00 2.002006e-10
13780.00 1.991445e-10
13790.00 1.980112e-10
13800.00 1.968798e-10
13810.00 1.956309e-10
13820.00 1.942477e-10
13830.00 1.928669e-10
13840.00 1.913228e-10
13850.00 1.893969e-10
13860.00 1.874746e-10
13870.00 1.855521e-10
13880.00 1.836248e-10
13890.00 1.817013e-10
13900.00 1.798167e-10
13910.00 1.779805e-10
13920.00 1.761476e-10
13930.00 1.744198e-10
13940.00 1.727241e-10
13950.00 1.710351e-10
13960.00 1.693603e-10
13970.00 1.676896e-10
13980.00 1.660772e-10
13990.00 1.645061e-10
14000.00 1.631212e-10
14010.00 1.618287e-10
14020.00 1.608038e-10
14030.00 1.607865e-10
14040.00 1.582322e-10
14050.00 1.576174e-10
14060.00 1.596804e-10
14070.00 1.594576e-10
14080.00 1.573227e-10
14090.00 1.566192e-10
14100.00 1.552513e-10
14110.00 1.573378e-10
14120.00 1.624802e-10
14130.00 1.727151e-10
14140.00 1.638995e-10
14150.00 1.451498e-10
14160.00 1.440199e-10
14170.00 1.410622e-10
14180.00 1.348635e-10
14190.00 1.374313e-10
14200.00 1.262434e-10
14210.00 1.252152e-10
14220.00 1.385147e-10
14230.00 1.458333e-10
14240.00 1.427228e-10
14250.00 1.361960e-10
14260.00 1.414280e-10
14270.00 1.466350e-10
14280.00 1.517443e-10
14290.00 1.614637e-10
14300.00 1.615403e-10
14310.00 1.555808e-10
14320.00 1.604802e-10
14330.00 1.615059e-10
14340.00 1.730573e-10
14350.00 1.811227e-10
14360.00 1.767190e-10
14370.00 1.762578e-10
14380.00 1.748012e-10
14390.00 1.691030e-10
14400.00 1.619696e-10
14410.00 1.696745e-10
14420.00 1.776974e-10
14430.00 1.854600e-10
14440.00 1.829237e-10
14450.00 1.770128e-10
14460.00 1.747516e-10
14470.00 1.783669e-10
14480.00 1.828763e-10
14490.00 1.752059e-10
14500.00 1.692080e-10
14510.00 1.681664e-10
14520.00 1.764958e-10
14530.00 1.588605e-10
14540.00 1.497663e-10
14550.00 1.642087e-10
14560.00 1.583511e-10
14570.00 1.612502e-10
14580.00 1.752270e-10
14590.00 1.691062e-10
14600.00 1.550052e-10
14610.00 1.474524e-10
14620.00 1.532466e-10
14630.00 1.611417e-10
14640.00 1.561000e-10
14650.00 1.583367e-10
14660.00 1.656383e-10
14670.00 1.693965e-10
14680.00 1.682372e-10
14690.00 1.612509e-10
14700.00 1.631099e-10
14710.00 1.769537e-10
14720.00 1.717865e-10
14730.00 1.613497e-10
14740.00 1.659828e-10
14750.00 1.630482e-10
14760.00 1.583149e-10
14770.00 1.642810e-10
14780.00 1.682051e-10
14790.00 1.684524e-10
14800.00 1.651678e-10
14810.00 1.588957e-10
14820.00 1.595798e-10
14830.00 1.705930e-10
14840.00 1.743210e-10
14850.00 1.678629e-10
14860.00 1.697900e-10
14870.00 1.675255e-10
14880.00 1.680314e-10
14890.00 1.739026e-10
14900.00 1.731897e-10
14910.00 1.729373e-10
14920.00 1.699481e-10
14930.00 1.697622e-10
14940.00 1.704434e-10
14950.00 1.670105e-10
14960.00 1.707511e-10
14970.00 1.711199e-10
14980.00 1.692255e-10
14990.00 1.676846e-10
15000.00 1.651849e-10
15010.00 1.719407e-10
15020.00 1.664177e-10
15030.00 1.549100e-10
15040.00 1.552694e-10
15050.00 1.624118e-10
15060.00 1.648699e-10
15070.00 1.580031e-10
15080.00 1.555706e-10
15090.00 1.586245e-10
15100.00 1.535419e-10
15110.00 1.532269e-10
15120.00 1.579964e-10
15130.00 1.545888e-10
15140.00 1.559388e-10
15150.00 1.475254e-10
15160.00 1.447663e-10
15170.00 1.468095e-10
15180.00 1.434606e-10
15190.00 1.429541e-10
15200.00 1.471782e-10
15210.00 1.462721e-10
15220.00 1.362810e-10
15230.00 1.368359e-10
15240.00 1.385193e-10
15250.00 1.415933e-10
15260.00 1.446300e-10
15270.00 1.431888e-10
15280.00 1.339299e-10
15290.00 1.325091e-10
15300.00 1.364241e-10
15310.00 1.419037e-10
15320.00 1.459152e-10
15330.00 1.318350e-10
15340.00 1.289231e-10
15350.00 1.427676e-10
15360.00 1.531741e-10
15370.00 1.530649e-10
15380.00 1.394227e-10
15390.00 1.281076e-10
15400.00 1.290682e-10
15410.00 1.327235e-10
15420.00 1.330435e-10
15430.00 1.289865e-10
15440.00 1.267384e-10
15450.00 1.304386e-10
15460.00 1.295829e-10
15470.00 1.230040e-10
15480.00 1.259472e-10
15490.00 1.228790e-10
15500.00 1.169248e-10
15510.00 1.243932e-10
15520.00 1.279872e-10
15530.00 1.195522e-10
15540.00 1.117202e-10
15550.00 1.152069e-10
15560.00 1.176268e-10
15570.00 1.184229e-10
15580.00 1.185289e-10
15590.00 1.184818e-10
15600.00 1.171941e-10
15610.00 1.168077e-10
15620.00 1.148239e-10
15630.00 1.151599e-10
15640.00 1.247776e-10
15650.00 1.263899e-10
15660.00 1.182452e-10
15670.00 1.125983e-10
15680.00 1.177078e-10
15690.00 1.275326e-10
15700.00 1.298114e-10
15710.00 1.287559e-10
15720.00 1.280537e-10
15730.00 1.225032e-10
15740.00 1.205293e-10
15750.00 1.193139e-10
15760.00 1.175031e-10
15770.00 1.155937e-10
15780.00 1.148725e-10
15790.00 1.185308e-10
15800.00 1.198302e-10
15810.00 1.183894e-10
15820.00 1.180659e-10
15830.00 1.170498e-10
15840.00 1.074655e-10
15850.00 1.080743e-10
15860.00 1.167397e-10
15870.00 1.171667e-10
15880.00 1.148157e-10
15890.00 1.102994e-10
15900.00 1.130016e-10
15910.00 1.159181e-10
15920.00 1.160012e-10
15930.00 1.199668e-10
15940.00 1.185622e-10
15950.00 1.117158e-10
15960.00 1.131118e-10
15970.00 1.136311e-10
15980.00 1.074581e-10
15990.00 1.099921e-10
16000.00 1.116464e-10
16010.00 1.115036e-10
16020.00 1.120990e-10
16030.00 1.137203e-10
16040.00 1.170490e-10
16050.00 1.149647e-10
16060.00 1.109000e-10
16070.00 1.092292e-10
16080.00 1.077523e-10
16090.00 1.088962e-10
16100.00 1.094796e-10
16110.00 1.067402e-10
16120.00 1.123680e-10
16130.00 1.166839e-10
16140.00 1.088177e-10
16150.00 1.055085e-10
16160.00 1.137678e-10
16170.00 1.163760e-10
16180.00 1.123552e-10
16190.00 1.065157e-10
16200.00 1.059868e-10
16210.00 1.068744e-10
16220.00 1.047558e-10
16230.00 1.072041e-10
16240.00 1.049278e-10
16250.00 9.630206e-11
16260.00 9.504061e-11
16270.00 9.996537e-11
16280.00 1.016981e-10
16290.00 1.043560e-10
16300.00 1.012346e-10
16310.00 9.631212e-11
16320.00 1.026295e-10
16330.00 1.028545e-10
16340.00 9.948336e-11
16350.00 1.007566e-10
16360.00 9.586251e-11
16370.00 9.383001e-11
16380.00 9.653671e-11
16390.00 9.566348e-11
16400.00 9.563471e-11
16410.00 9.466399e-11
16420.00 9.475191e-11
16430.00 9.767175e-11
16440.00 9.601468e-11
16450.00 9.362804e-11
16460.00 9.090940e-11
16470.00 9.170630e-11
16480.00 9.299966e-11
16490.00 9.144211e-11
16500.00 9.416124e-11
16510.00 9.520543e-11
16520.00 9.001229e-11
16530.00 8.286479e-11
16540.00 8.640275e-11
16550.00 9.189674e-11
16560.00 8.726410e-11
16570.00 8.808810e-11
16580.00 9.221582e-11
16590.00 9.143931e-11
16600.00 8.859287e-11
16610.00 8.885273e-11
16620.00 9.027152e-11
16630.00 8.767453e-11
16640.00 8.221308e-11
16650.00 8.149293e-11
16660.00 8.672448e-11
16670.00 8.695962e-11
16680.00 8.740461e-11
16690.00 9.051671e-11
16700.00 8.389208e-11
16710.00 9.047607e-11
16720.00 1.008654e-10
16730.00 9.534398e-11
16740.00 9.288918e-11
16750.00 9.541577e-11
16760.00 9.663224e-11
16770.00 9.923726e-11
16780.00 1.014691e-10
16790.00 1.022429e-10
16800.00 1.051645e-10
16810.00 1.050943e-10
16820.00 1.009019e-10
16830.00 9.742460e-11
16840.00 9.669188e-11
16850.00 9.734890e-11
16860.00 9.628236e-11
16870.00 9.599066e-11
16880.00 1.016790e-10
16890.00 1.032312e-10
16900.00 9.718199e-11
16910.00 9.977975e-11
16920.00 1.006517e-10
16930.00 9.365688e-11
16940.00 9.294449e-11
16950.00 9.346819e-11
16960.00 9.356484e-11
16970.00 9.314534e-11
16980.00 9.013464e-11
16990.00 8.905414e-11
17000.00 8.986821e-11
17010.00 8.891677e-11
17020.00 8.678098e-11
17030.00 8.740992e-11
17040.00 8.667762e-11
17050.00 8.768019e-11
17060.00 8.930541e-11
17070.00 8.904157e-11
17080.00 8.920415e-11
17090.00 8.603038e-11
17100.00 8.657950e-11
17110.00 8.667036e-11
17120.00 8.224555e-11
17130.00 8.185357e-11
17140.00 8.210714e-11
17150.00 8.152450e-11
17160.00 8.142617e-11
17170.00 7.935512e-11
17180.00 8.103181e-11
17190.00 8.333918e-11
17200.00 8.295041e-11
17210.00 8.011074e-11
17220.00 7.717847e-11
17230.00 8.284915e-11
17240.00 8.066091e-11
17250.00 7.677649e-11
17260.00 8.006109e-11
17270.00 7.728399e-11
17280.00 7.798466e-11
17290.00 7.720696e-11
17300.00 7.684270e-11
17310.00 7.550478e-11
17320.00 7.656377e-11
17330.00 7.752877e-11
17340.00 7.178001e-11
17350.00 7.131735e-11
17360.00 7.223974e-11
17370.00 7.179964e-11
17380.00 7.213387e-11
17390.00 7.373318e-11
17400.00 7.556868e-11
17410.00 7.616571e-11
17420.00 7.353108e-11
17430.00 7.046235e-11
17440.00 7.316486e-11
17450.00 7.849509e-11
17460.00 7.962734e-11
17470.00 7.019208e-11
17480.00 6.661097e-11
17490.00 6.939947e-11
17500.00 6.560497e-11
17510.00 6.544140e-11
17520.00 6.734614e-11
17530.00 6.665490e-11
17540.00 6.667195e-11
17550.00 6.706346e-11
17560.00 6.403751e-11
17570.00 6.362508e-11
17580.00 6.731494e-11
17590.00 6.860829e-11
17600.00 6.752644e-11
17610.00 6.535886e-11
17620.00 6.418866e-11
17630.00 6.412614e-11
17640.00 6.350423e-11
17650.00 6.437819e-11
17660.00 6.198650e-11
17670.00 5.718035e-11
17680.00 5.674414e-11
17690.00 6.053688e-11
17700.00 6.464862e-11
17710.00 6.477346e-11
17720.00 6.281036e-11
17730.00 6.333792e-11
17740.00 6.389029e-11
17750.00 6.284129e-11
17760.00 6.187260e-11
17770.00 5.937394e-11
17780.00 6.092357e-11
17790.00 6.482167e-11
17800.00 5.935351e-11
17810.00 5.235302e-11
17820.00 5.351461e-11
17830.00 5.513725e-11
17840.00 5.668510e-11
17850.00 5.584945e-11
17860.00 5.274174e-11
17870.00 5.376286e-11
17880.00 5.683188e-11
17890.00 5.754749e-11
17900.00 5.822631e-11
17910.00 7.330376e-11
17920.00 7.159460e-11
17930.00 5.446006e-11
17940.00 5.164812e-11
17950.00 4.803072e-11
17960.00 4.982312e-11
17970.00 5.391839e-11
17980.00 5.391158e-11
17990.00 5.370350e-11
18000.00 5.344987e-11
18010.00 5.314247e-11
18020.00 5.283603e-11
18030.00 5.249794e-11
18040.00 5.215803e-11
18050.00 5.181924e-11
18060.00 5.149567e-11
18070.00 5.117871e-11
18080.00 5.086277e-11
18090.00 5.054783e-11
18100.00 5.023882e-11
18110.00 4.993746e-11
18120.00 4.963705e-11
18130.00 4.933760e-11
18140.00 4.903911e-11
18150.00 4.874695e-11
18160.00 4.846755e-11
18170.00 4.818901e-11
18180.00 4.791133e-11
18190.00 4.763453e-11
18200.00 4.735859e-11
18210.00 4.708862e-11
18220.00 4.682263e-11
18230.00 4.655747e-11
18240.00 4.629314e-11
18250.00 4.602963e-11
18260.00 4.576694e-11
18270.00 4.549001e-11
18280.00 4.520738e-11
18290.00 4.492569e-11
18300.00 4.464491e-11
18310.00 4.436507e-11
18320.00 4.408616e-11
18330.00 4.380063e-11
18340.00 4.351293e-11
18350.00 4.322620e-11
18360.00 4.294045e-11
18370.00 4.265567e-11
18380.00 4.237188e-11
18390.00 4.208151e-11
18400.00 4.178917e-11
18410.00 4.149784e-11
18420.00 4.120754e-11
18430.00 4.091828e-11
18440.00 4.063003e-11
18450.00 4.033557e-11
18460.00 4.003943e-11
18470.00 3.974437e-11
18480.00 3.945037e-11
18490.00 3.915745e-11
18500.00 3.886559e-11
18510.00 3.856832e-11
18520.00 3.826980e-11
18530.00 3.797239e-11
18540.00 3.767610e-11
18550.00 3.738092e-11
18560.00 3.708685e-11
18570.00 3.679035e-11
18580.00 3.649379e-11
18590.00 3.619834e-11
18600.00 3.590403e-11
18610.00 3.561084e-11
18620.00 3.531878e-11
18630.00 3.502571e-11
18640.00 3.473307e-11
18650.00 3.444157e-11
18660.00 3.415120e-11
18670.00 3.386198e-11
18680.00 3.357388e-11
18690.00 3.328458e-11
18700.00 3.299571e-11
18710.00 3.270798e-11
18720.00 3.242140e-11
18730.00 3.213596e-11
18740.00 3.185167e-11
18750.00 3.156512e-11
18760.00 3.127873e-11
18770.00 3.099352e-11
18780.00 3.070946e-11
18790.00 3.042656e-11
18800.00 3.014481e-11
18810.00 2.986054e-11
18820.00 2.957642e-11
18830.00 2.929347e-11
18840.00 2.901171e-11
18850.00 2.873113e-11
18860.00 2.845171e-11
18870.00 2.816704e-11
18880.00 2.788191e-11
18890.00 2.759799e-11
18900.00 2.731529e-11
18910.00 2.703379e-11
18920.00 2.675351e-11
18930.00 2.646452e-11
18940.00 2.617438e-11
18950.00 2.588552e-11
18960.00 2.559792e-11
18970.00 2.531159e-11
18980.00 2.502652e-11
18990.00 2.477279e-11
19000.00 2.452705e-11
19010.00 2.428235e-11
19020.00 2.403872e-11
19030.00 2.379614e-11
19040.00 2.355428e-11
19050.00 2.331338e-11
19060.00 2.307352e-11
19070.00 2.283473e-11
19080.00 2.259489e-11
19090.00 2.235268e-11
19100.00 2.211154e-11
19110.00 2.187148e-11
19120.00 2.162499e-11
19130.00 2.137807e-11
19140.00 2.113228e-11
19150.00 2.082859e-11
19160.00 2.050372e-11
19170.00 1.998815e-11
19180.00 2.006961e-11
19190.00 2.712631e-11
19200.00 2.968599e-11
19210.00 2.730425e-11
19220.00 2.608118e-11
19230.00 2.598565e-11
19240.00 2.710110e-11
19250.00 2.810955e-11
19260.00 2.648152e-11
19270.00 2.479410e-11
19280.00 2.488257e-11
19290.00 2.515977e-11
19300.00 2.509216e-11
19310.00 2.506922e-11
19320.00 2.612629e-11
19330.00 2.430344e-11
19340.00 2.179701e-11
19350.00 2.372182e-11
19360.00 2.453095e-11
19370.00 2.379891e-11
19380.00 2.497442e-11
19390.00 2.494420e-11
19400.00 2.490748e-11
19410.00 2.562719e-11
19420.00 2.498428e-11
19430.00 2.462699e-11
19440.00 2.529406e-11
19450.00 2.746467e-11
19460.00 2.759152e-11
19470.00 2.791446e-11
19480.00 3.018320e-11
19490.00 2.821888e-11
19500.00 2.664159e-11
19510.00 2.689758e-11
19520.00 2.749639e-11
19530.00 2.725161e-11
19540.00 2.673283e-11
19550.00 2.752466e-11
19560.00 2.790743e-11
19570.00 2.613324e-11
19580.00 2.555345e-11
19590.00 2.671466e-11
19600.00 2.607362e-11
19610.00 2.769149e-11
19620.00 2.864950e-11
19630.00 2.580520e-11
19640.00 2.469189e-11
19650.00 2.456094e-11
19660.00 2.535219e-11
19670.00 2.503822e-11
19680.00 2.372590e-11
19690.00 2.318032e-11
19700.00 2.287828e-11
19710.00 2.256445e-11
19720.00 2.249560e-11
19730.00 2.225350e-11
19740.00 2.108351e-11
19750.00 2.138214e-11
19760.00 2.006447e-11
19770.00 2.082414e-11
19780.00 2.042092e-11
19790.00 1.916798e-11
19800.00 2.130323e-11
19810.00 2.219905e-11
19820.00 1.794011e-11
19830.00 1.558280e-11
19840.00 1.592432e-11
19850.00 1.240765e-11
19860.00 1.057925e-11
19870.00 9.478201e-12
19880.00 7.095330e-12
19890.00 5.371172e-12
19900.00 6.547215e-12
19910.00 8.294950e-12
19920.00 8.892620e-12
19930.00 8.576920e-12
19940.00 8.422806e-12
19950.00 6.385637e-12
19960.00 4.261263e-12
19970.00 6.213770e-12
19980.00 8.442667e-12
19990.00 8.398601e-12
20000.00 7.463155e-12
20010.00 7.759804e-12
20020.00 8.876055e-12
20030.00 7.539689e-12
20040.00 8.199861e-12
20050.00 9.299791e-12
20060.00 7.868427e-12
20070.00 7.633688e-12
20080.00 7.977497e-12
20090.00 7.570228e-12
20100.00 8.682351e-12
20110.00 1.011905e-11
20120.00 1.033755e-11
20130.00 1.118983e-11
20140.00 1.149816e-11
20150.00 1.114462e-11
20160.00 1.246444e-11
20170.00 1.806498e-11
20180.00 1.948714e-11
20190.00 1.520454e-11
20200.00 1.401437e-11
20210.00 1.523955e-11
20220.00 1.579137e-11
20230.00 1.629996e-11
20240.00 1.720104e-11
20250.00 1.716389e-11
20260.00 1.829036e-11
20270.00 1.957973e-11
20280.00 1.909686e-11
20290.00 1.918363e-11
20300.00 1.941420e-11
20310.00 1.957666e-11
20320.00 2.026763e-11
20330.00 2.018332e-11
20340.00 1.955580e-11
20350.00 1.997258e-11
20360.00 2.008372e-11
20370.00 1.971391e-11
20380.00 1.979719e-11
20390.00 2.019519e-11
20400.00 2.044506e-11
20410.00 2.074870e-11
20420.00 2.149024e-11
20430.00 2.233002e-11
20440.00 2.269216e-11
20450.00 2.226341e-11
20460.00 2.246802e-11
20470.00 2.238523e-11
20480.00 2.146831e-11
20490.00 2.152552e-11
20500.00 2.238806e-11
20510.00 2.278037e-11
20520.00 2.219830e-11
20530.00 2.152611e-11
20540.00 2.189036e-11
20550.00 2.214320e-11
20560.00 2.194462e-11
20570.00 2.202920e-11
20580.00 2.276850e-11
20590.00 2.257824e-11
20600.00 2.111679e-11
20610.00 2.154921e-11
20620.00 2.224041e-11
20630.00 2.123383e-11
20640.00 2.080104e-11
20650.00 2.063753e-11
20660.00 2.046919e-11
20670.00 2.040472e-11
20680.00 2.061614e-11
20690.00 2.061367e-11
20700.00 2.008021e-11
20710.00 1.965824e-11
20720.00 1.917595e-11
20730.00 1.896174e-11
20740.00 1.846933e-11
20750.00 1.811154e-11
20760.00 1.897538e-11
20770.00 1.924373e-11
20780.00 1.962975e-11
20790.00 2.032246e-11
20800.00 1.924242e-11
20810.00 1.847939e-11
20820.00 1.913883e-11
20830.00 1.924948e-11
20840.00 1.884963e-11
20850.00 1.928103e-11
20860.00 1.919345e-11
20870.00 1.731820e-11
20880.00 1.697280e-11
20890.00 1.779149e-11
20900.00 1.756031e-11
20910.00 1.779062e-11
20920.00 1.851866e-11
20930.00 1.784310e-11
20940.00 1.682039e-11
20950.00 1.689200e-11
20960.00 1.722268e-11
20970.00 1.717437e-11
20980.00 1.669235e-11
20990.00 1.674359e-11
21000.00 1.630348e-11
21010.00 1.611518e-11
21020.00 1.588645e-11
21030.00 1.517778e-11
21040.00 1.612458e-11
21050.00 1.653458e-11
21060.00 1.593559e-11
21070.00 1.621119e-11
21080.00 1.528731e-11
21090.00 1.484130e-11
21100.00 1.589718e-11
21110.00 1.565257e-11
21120.00 1.520016e-11
21130.00 1.539494e-11
21140.00 1.550035e-11
21150.00 1.503454e-11
21160.00 1.437588e-11
21170.00 1.437331e-11
21180.00 1.493275e-11
21190.00 1.494454e-11
21200.00 1.476645e-11
21210.00 1.453025e-11
21220.00 1.415159e-11
21230.00 1.389668e-11
21240.00 1.417465e-11
21250.00 1.462843e-11
21260.00 1.455372e-11
21270.00 1.330220e-11
21280.00 1.282549e-11
21290.00 1.359235e-11
21300.00 1.325943e-11
21310.00 1.285579e-11
21320.00 1.321544e-11
21330.00 1.374164e-11
21340.00 1.359961e-11
21350.00 1.291766e-11
21360.00 1.238830e-11
21370.00 1.212849e-11
21380.00 1.185906e-11
21390.00 1.174107e-11
21400.00 1.206233e-11
21410.00 1.192529e-11
21420.00 1.190978e-11
21430.00 1.194090e-11
21440.00 1.171718e-11
21450.00 1.209951e-11
21460.00 1.191925e-11
21470.00 1.078050e-11
21480.00 1.083245e-11
21490.00 1.168731e-11
21500.00 1.143955e-11
21510.00 1.029273e-11
21520.00 9.887886e-12
21530.00 1.048766e-11
21540.00 1.076167e-11
21550.00 1.096590e-11
21560.00 1.099789e-11
21570.00 1.040430e-11
21580.00 1.002701e-11
21590.00 1.029951e-11
21600.00 1.069546e-11
21610.00 1.073391e-11
21620.00 1.006383e-11
21630.00 9.537722e-12
21640.00 9.477572e-12
21650.00 9.510081e-12
21660.00 9.585958e-12
21670.00 9.473704e-12
21680.00 9.609004e-12
21690.00 9.679957e-12
21700.00 9.814761e-12
21710.00 9.526793e-12
21720.00 8.783117e-12
21730.00 8.688350e-12
21740.00 8.329135e-12
21750.00 7.891724e-12
21760.00 8.205092e-12
21770.00 8.741118e-12
21780.00 8.683489e-12
21790.00 8.789905e-12
21800.00 8.986249e-12
21810.00 8.478172e-12
21820.00 7.680024e-12
21830.00 7.464412e-12
21840.00 8.168421e-12
21850.00 8.738213e-12
21860.00 8.602179e-12
21870.00 7.708957e-12
21880.00 7.038742e-12
21890.00 6.980538e-12
21900.00 7.003502e-12
21910.00 7.404123e-12
21920.00 7.481410e-12
21930.00 7.736898e-12
21940.00 7.680631e-12
21950.00 7.022854e-12
21960.00 7.268585e-12
21970.00 7.347689e-12
21980.00 6.940701e-12
21990.00 6.450730e-12
22000.00 6.455761e-12
22010.00 6.584270e-12
22020.00 6.425938e-12
22030.00 6.855902e-12
22040.00 6.730456e-12
22050.00 6.577655e-12
22060.00 6.772656e-12
22070.00 7.192129e-12
22080.00 6.706216e-12
22090.00 5.876428e-12
22100.00 6.959745e-12
22110.00 7.021108e-12
22120.00 6.236957e-12
22130.00 6.096609e-12
22140.00 6.264112e-12
22150.00 6.253415e-12
22160.00 5.636807e-12
22170.00 5.364237e-12
22180.00 5.999890e-12
22190.00 6.194502e-12
22200.00 5.921717e-12
22210.00 6.576420e-12
22220.00 6.829203e-12
22230.00 6.143527e-12
22240.00 5.576601e-12
22250.00 5.076729e-12
22260.00 5.023177e-12
22270.00 5.784123e-12
22280.00 5.599205e-12
22290.00 5.376035e-12
22300.00 5.872865e-12
22310.00 5.621682e-12
22320.00 5.467985e-12
22330.00 5.798285e-12
22340.00 5.763374e-12
22350.00 5.355891e-12
22360.00 5.505062e-12
22370.00 5.640705e-12
22380.00 5.527659e-12
22390.00 5.631381e-12
22400.00 5.820511e-12
22410.00 5.219546e-12
22420.00 4.905992e-12
22430.00 5.312445e-12
22440.00 5.140246e-12
22450.00 5.240582e-12
22460.00 5.080843e-12
22470.00 4.806382e-12
22480.00 4.924220e-12
22490.00 4.319859e-12
22500.00 4.085445e-12
22510.00 4.325010e-12
22520.00 4.604018e-12
22530.00 4.754980e-12
22540.00 4.427720e-12
22550.00 4.150291e-12
22560.00 4.207139e-12
22570.00 4.574807e-12
22580.00 4.885722e-12
22590.00 4.891638e-12
22600.00 4.574920e-12
22610.00 4.101579e-12
22620.00 3.998398e-12
22630.00 4.089563e-12
22640.00 4.020964e-12
22650.00 4.393300e-12
22660.00 4.618643e-12
22670.00 4.385247e-12
22680.00 3.826881e-12
22690.00 3.509680e-12
22700.00 3.791704e-12
22710.00 3.975098e-12
22720.00 4.001815e-12
22730.00 4.089963e-12
22740.00 4.224488e-12
22750.00 4.112035e-12
22760.00 4.020925e-12
22770.00 4.274039e-12
22780.00 4.024675e-12
22790.00 3.493654e-12
22800.00 3.618649e-12
22810.00 3.864246e-12
22820.00 3.907641e-12
22830.00 3.711727e-12
22840.00 3.383968e-12
22850.00 3.678264e-12
22860.00 3.730842e-12
22870.00 3.614367e-12
22880.00 3.574107e-12
22890.00 3.387075e-12
22900.00 3.473067e-12
22910.00 3.504878e-12
22920.00 3.708411e-12
22930.00 3.885714e-12
22940.00 3.640148e-12
22950.00 3.231441e-12
22960.00 3.198001e-12
22970.00 3.329749e-12
22980.00 2.812575e-12
22990.00 2.583187e-12
23000.00 3.232522e-12
23010.00 3.445641e-12
23020.00 3.430800e-12
23030.00 3.426385e-12
23040.00 2.874067e-12
23050.00 2.993982e-12
23060.00 3.246016e-12
23070.00 3.043878e-12
23080.00 3.412195e-12
23090.00 3.434164e-12
23100.00 2.991115e-12
23110.00 2.653006e-12
23120.00 2.447440e-12
23130.00 2.687007e-12
23140.00 2.902717e-12
23150.00 2.677549e-12
23160.00 2.528014e-12
23170.00 2.742184e-12
23180.00 2.839176e-12
23190.00 2.601139e-12
23200.00 2.629551e-12
23210.00 2.636581e-12
23220.00 2.561680e-12
23230.00 2.365785e-12
23240.00 2.309492e-12
23250.00 2.441625e-12
23260.00 2.143739e-12
23270.00 2.158339e-12
23280.00 2.251202e-12
23290.00 2.177639e-12
23300.00 2.262064e-12
23310.00 2.336843e-12
23320.00 2.319988e-12
23330.00 2.187583e-12
23340.00 2.302664e-12
23350.00 2.578441e-12
23360.00 2.636537e-12
23370.00 2.477122e-12
23380.00 2.103426e-12
23390.00 2.361820e-12
23400.00 2.586528e-12
23410.00 2.154750e-12
23420.00 1.910112e-12
23430.00 1.965533e-12
23440.00 1.713371e-12
23450.00 1.394674e-12
23460.00 1.716908e-12
23470.00 1.907172e-12
23480.00 1.808877e-12
23490.00 2.231531e-12
23500.00 2.383443e-12
23510.00 2.289390e-12
23520.00 2.495405e-12
23530.00 2.358741e-12
23540.00 2.181777e-12
23550.00 2.137050e-12
23560.00 1.918225e-12
23570.00 1.695344e-12
23580.00 1.863861e-12
23590.00 2.055840e-12
23600.00 1.816724e-12
23610.00 1.665590e-12
23620.00 1.961697e-12
23630.00 2.180691e-12
23640.00 1.743105e-12
23650.00 1.471731e-12
23660.00 1.810209e-12
23670.00 1.760036e-12
23680.00 1.369589e-12
23690.00 1.360661e-12
23700.00 1.813446e-12
23710.00 1.919501e-12
23720.00 1.626879e-12
23730.00 1.296551e-12
23740.00 1.192125e-12
23750.00 1.191803e-12
23760.00 1.415468e-12
23770.00 1.561073e-12
23780.00 1.455633e-12
23790.00 1.449125e-12
23800.00 1.588738e-12
23810.00 1.668854e-12
23820.00 1.376677e-12
23830.00 1.272112e-12
23840.00 1.426643e-12
23850.00 1.419269e-12
23860.00 1.243366e-12
23870.00 1.270775e-12
23880.00 1.259138e-12
23890.00 1.297043e-12
23900.00 1.345317e-12
23910.00 1.125418e-12
23920.00 1.084865e-12
23930.00 1.155771e-12
23940.00 1.188797e-12
23950.00 1.177442e-12
23960.00 1.143931e-12
23970.00 1.242239e-12
23980.00 1.171598e-12
23990.00 1.129633e-12
24000.00 1.136784e-12
24010.00 1.124898e-12
24020.00 1.129055e-12
24030.00 1.124708e-12
24040.00 1.361676e-12
24050.00 1.250432e-12
24060.00 1.137780e-12
24070.00 9.058983e-13
24080.00 6.106501e-13
24090.00 1.048659e-12
24100.00 1.335776e-12
24110.00 1.165921e-12
24120.00 1.013286e-12
24130.00 7.956330e-13
24140.00 6.773373e-13
24150.00 9.597530e-13
24160.00 1.052633e-12
24170.00 1.128075e-12
24180.00 9.543979e-13
24190.00 6.453725e-13
24200.00 5.933154e-13
24210.00 7.070391e-13
24220.00 1.071375e-12
24230.00 1.052038e-12
24240.00 8.463143e-13
24250.00 1.121036e-12
24260.00 1.187825e-12
24270.00 1.049333e-12
24280.00 1.039935e-12
24290.00 7.057213e-13
24300.00 5.962219e-13
24310.00 8.491727e-13
24320.00 8.307018e-13
24330.00 6.973520e-13
24340.00 7.115205e-13
24350.00 6.702548e-13
24360.00 8.826080e-13
24370.00 1.084449e-12
24380.00 8.955738e-13
24390.00 6.972675e-13
24400.00 7.256099e-13
24410.00 7.266302e-13
24420.00 6.569133e-13
24430.00 6.425656e-13
24440.00 6.302524e-13
24450.00 6.167543e-13
24460.00 6.085131e-13
24470.00 6.003219e-13
24480.00 5.921807e-13
24490.00 5.840894e-13
24500.00 5.760479e-13
24510.00 5.680562e-13
24520.00 5.601143e-13
24530.00 5.522221e-13
24540.00 5.443796e-13
24550.00 5.365867e-13
24560.00 5.288435e-13
24570.00 5.211498e-13
24580.00 5.135057e-13
24590.00 5.059110e-13
24600.00 4.983657e-13
24610.00 4.908698e-13
24620.00 4.834232e-13
24630.00 4.760259e-13
24640.00 4.686780e-13
24650.00 4.613792e-13
24660.00 4.541296e-13
24670.00 4.469291e-13
24680.00 4.397777e-13
24690.00 4.326753e-13
24700.00 4.256219e-13
24710.00 4.186175e-13
24720.00 4.116619e-13
24730.00 4.047552e-13
24740.00 3.978974e-13
24750.00 3.910883e-13
24760.00 3.843279e-13
24770.00 3.776162e-13
24780.00 3.709530e-13
24790.00 3.643385e-13
24800.00 3.577726e-13
24810.00 3.512551e-13
24820.00 3.447861e-13
24830.00 3.383654e-13
24840.00 3.319932e-13
24850.00 3.256692e-13
24860.00 3.193935e-13
24870.00 3.131660e-13
24880.00 3.069866e-13
24890.00 3.008554e-13
24900.00 2.947723e-13
24910.00 2.887372e-13
24920.00 2.827500e-13
24930.00 2.768107e-13
24940.00 2.709194e-13
24950.00 2.650759e-13
24960.00 2.592802e-13
24970.00 2.535323e-13
24980.00 2.478320e-13
24990.00 2.421793e-13
25000.00 2.365743e-13
