1000.00 1.374887e-15
1010.00 1.727396e-15
1020.00 2.126670e-15
1030.00 2.575497e-15
1040.00 3.076860e-15
1050.00 3.633923e-15
1060.00 4.250021e-15
1070.00 4.928653e-15
1080.00 5.673459e-15
1090.00 6.488214e-15
1100.00 7.376810e-15
1110.00 8.343249e-15
1120.00 9.400907e-15
1130.00 1.055839e-14
1140.00 1.182323e-14
1150.00 1.320337e-14
1160.00 1.470713e-14
1170.00 1.634323e-14
1180.00 1.812082e-14
1190.00 2.004945e-14
1200.00 2.213908e-14
1210.00 2.440009e-14
1220.00 2.684327e-14
1230.00 2.947983e-14
1240.00 3.232122e-14
1250.00 3.538551e-14
1260.00 3.869066e-14
1270.00 4.227994e-14
1280.00 4.617431e-14
1290.00 5.039650e-14
1300.00 5.497132e-14
1310.00 5.992514e-14
1320.00 6.528607e-14
1330.00 7.108389e-14
1340.00 7.735041e-14
1350.00 8.411918e-14
1360.00 9.142597e-14
1370.00 9.930863e-14
1380.00 1.078075e-13
1390.00 1.169650e-13
1400.00 1.268262e-13
1410.00 1.374390e-13
1420.00 1.488537e-13
1430.00 1.611241e-13
1440.00 1.743085e-13
1450.00 1.884714e-13
1460.00 2.036709e-13
1470.00 2.199739e-13
1480.00 2.374516e-13
1490.00 2.561788e-13
1500.00 2.762352e-13
1510.00 2.977047e-13
1520.00 3.206760e-13
1530.00 3.452436e-13
1540.00 3.715069e-13
1550.00 3.995719e-13
1560.00 4.295503e-13
1570.00 4.615610e-13
1580.00 4.957298e-13
1590.00 5.321910e-13
1600.00 5.710867e-13
1610.00 6.125686e-13
1620.00 6.568156e-13
1630.00 7.039908e-13
1640.00 7.542733e-13
1650.00 8.078605e-13
1660.00 8.649626e-13
1670.00 9.258071e-13
1680.00 9.906372e-13
1690.00 1.059715e-12
1700.00 1.133322e-12
1710.00 1.211748e-12
1720.00 1.295326e-12
1730.00 1.384420e-12
1740.00 1.479427e-12
1750.00 1.580781e-12
1760.00 1.688953e-12
1770.00 1.804466e-12
1780.00 1.927890e-12
1790.00 2.059868e-12
1800.00 2.201130e-12
1810.00 2.352401e-12
1820.00 2.514531e-12
1830.00 2.688460e-12
1840.00 2.875235e-12
1850.00 3.076018e-12
1860.00 3.292104e-12
1870.00 3.524963e-12
1880.00 3.776400e-12
1890.00 4.048368e-12
1900.00 4.343490e-12
1910.00 4.661805e-12
1920.00 5.006557e-12
1930.00 5.380824e-12
1940.00 5.794108e-12
1950.00 6.284766e-12
1960.00 6.845594e-12
1970.00 7.578406e-12
1980.00 7.872219e-12
1990.00 8.477410e-12
2000.00 9.206197e-12
2010.00 1.011089e-11
2020.00 1.124948e-11
2030.00 1.267084e-11
2040.00 1.366674e-11
2050.00 1.525051e-11
2060.00 1.556936e-11
2070.00 2.316159e-11
2080.00 1.912238e-11
2090.00 2.258748e-11
2100.00 2.055696e-11
2110.00 2.328384e-11
2120.00 2.856456e-11
2130.00 2.998056e-11
2140.00 2.581354e-11
2150.00 3.061276e-11
2160.00 3.258891e-11
2170.00 3.763815e-11
2180.00 3.649687e-11
2190.00 3.954824e-11
2200.00 4.845141e-11
2210.00 4.451087e-11
2220.00 4.167702e-11
2230.00 4.526232e-11
2240.00 4.574863e-11
2250.00 4.729499e-11
2260.00 4.713190e-11
2270.00 4.938549e-11
2280.00 5.394075e-11
2290.00 5.243195e-11
2300.00 5.123110e-11
2310.00 5.182260e-11
2320.00 5.792184e-11
2330.00 5.673307e-11
2340.00 5.590638e-11
2350.00 5.444717e-11
2360.00 6.077477e-11
2370.00 5.477888e-11
2380.00 4.334975e-11
2390.00 5.388342e-11
2400.00 6.660252e-11
2410.00 5.774706e-11
2420.00 5.584797e-11
2430.00 5.293500e-11
2440.00 5.485355e-11
2450.00 4.834657e-11
2460.00 4.899497e-11
2470.00 4.945476e-11
2480.00 4.702102e-11
2490.00 4.696271e-11
2500.00 5.430975e-11
2510.00 5.480694e-11
2520.00 5.866492e-11
2530.00 5.724006e-11
2540.00 5.844123e-11
2550.00 6.084672e-11
2560.00 6.441580e-11
2570.00 5.854554e-11
2580.00 5.487705e-11
2590.00 4.526079e-11
2600.00 3.542995e-11
2610.00 5.031029e-11
2620.00 5.564171e-11
2630.00 5.507100e-11
2640.00 5.531721e-11
2650.00 6.138186e-11
2660.00 5.894368e-11
2670.00 7.439683e-11
2680.00 6.891591e-11
2690.00 8.749470e-11
2700.00 9.271570e-11
2710.00 9.795214e-11
2720.00 1.115913e-10
2730.00 1.092144e-10
2740.00 1.154868e-10
2750.00 1.136539e-10
2760.00 1.177648e-10
2770.00 1.211160e-10
2780.00 1.306293e-10
2790.00 1.268140e-10
2800.00 7.716338e-11
2810.00 1.010448e-10
2820.00 1.295373e-10
2830.00 1.411211e-10
2840.00 1.476770e-10
2850.00 1.387692e-10
2860.00 1.392780e-10
2870.00 1.658348e-10
2880.00 1.874724e-10
2890.00 2.282231e-10
2900.00 2.560926e-10
2910.00 2.784408e-10
2920.00 2.975901e-10
2930.00 2.859061e-10
2940.00 2.748462e-10
2950.00 2.668505e-10
2960.00 2.730371e-10
2970.00 2.580634e-10
2980.00 2.562255e-10
2990.00 2.319304e-10
3000.00 2.539207e-10
3010.00 2.467036e-10
3020.00 2.585881e-10
3030.00 2.591906e-10
3040.00 2.538157e-10
3050.00 2.533517e-10
3060.00 2.634538e-10
3070.00 2.561189e-10
3080.00 2.668688e-10
3090.00 2.625669e-10
3100.00 2.530453e-10
3110.00 2.824828e-10
3120.00 3.081364e-10
3130.00 3.363257e-10
3140.00 3.378128e-10
3150.00 3.664226e-10
3160.00 3.942453e-10
3170.00 4.082174e-10
3180.00 4.246195e-10
3190.00 3.979008e-10
3200.00 4.013239e-10
3210.00 4.026728e-10
3220.00 3.987177e-10
3230.00 3.785855e-10
3240.00 3.957930e-10
3250.00 3.919771e-10
3260.00 4.105809e-10
3270.00 4.294543e-10
3280.00 4.366488e-10
3290.00 4.278514e-10
3300.00 4.558396e-10
3310.00 4.345752e-10
3320.00 4.628663e-10
3330.00 4.762238e-10
3340.00 5.001489e-10
3350.00 5.231896e-10
3360.00 6.195188e-10
3370.00 6.377256e-10
3380.00 7.425856e-10
3390.00 8.392965e-10
3400.00 8.811380e-10
3410.00 9.340624e-10
3420.00 9.711118e-10
3430.00 1.023487e-09
3440.00 9.922658e-10
3450.00 9.359277e-10
3460.00 1.008364e-09
3470.00 9.801974e-10
3480.00 1.054103e-09
3490.00 1.088534e-09
3500.00 1.092809e-09
3510.00 1.128583e-09
3520.00 1.171623e-09
3530.00 1.144030e-09
3540.00 1.133425e-09
3550.00 1.187563e-09
3560.00 1.345541e-09
3570.00 1.310822e-09
3580.00 1.304670e-09
3590.00 1.298647e-09
3600.00 1.330665e-09
3610.00 1.379644e-09
3620.00 1.314983e-09
3630.00 1.204001e-09
3640.00 1.065407e-09
3650.00 9.191734e-10
3660.00 8.128838e-10
3670.00 7.412545e-10
3680.00 7.014704e-10
3690.00 7.027428e-10
3700.00 7.118327e-10
3710.00 6.984067e-10
3720.00 7.440724e-10
3730.00 7.677531e-10
3740.00 8.065518e-10
3750.00 8.742668e-10
3760.00 9.579282e-10
3770.00 1.066037e-09
3780.00 1.199679e-09
3790.00 1.347277e-09
3800.00 1.497010e-09
3810.00 1.689401e-09
3820.00 1.876941e-09
3830.00 2.137777e-09
3840.00 2.453108e-09
3850.00 2.811425e-09
3860.00 3.164203e-09
3870.00 3.428015e-09
3880.00 3.681433e-09
3890.00 3.911431e-09
3900.00 3.999757e-09
3910.00 4.113265e-09
3920.00 4.279158e-09
3930.00 4.364267e-09
3940.00 4.324562e-09
3950.00 4.373727e-09
3960.00 4.363931e-09
3970.00 4.326897e-09
3980.00 4.212177e-09
3990.00 4.080190e-09
4000.00 3.928609e-09
4010.00 3.784049e-09
4020.00 3.639451e-09
4030.00 3.522622e-09
4040.00 3.415873e-09
4050.00 3.279866e-09
4060.00 3.189003e-09
4070.00 3.111784e-09
4080.00 3.054213e-09
4090.00 3.024150e-09
4100.00 3.001313e-09
4110.00 3.032062e-09
4120.00 3.036000e-09
4130.00 3.017735e-09
4140.00 3.001546e-09
4150.00 3.025937e-09
4160.00 3.018399e-09
4170.00 3.037220e-09
4180.00 3.080715e-09
4190.00 3.123997e-09
4200.00 3.127056e-09
4210.00 3.164974e-09
4220.00 3.196006e-09
4230.00 3.200623e-09
4240.00 3.193540e-09
4250.00 3.201381e-09
4260.00 3.190678e-09
4270.00 3.184031e-09
4280.00 3.145716e-09
4290.00 3.045609e-09
4300.00 2.884967e-09
4310.00 2.719541e-09
4320.00 2.595743e-09
4330.00 2.522347e-09
4340.00 2.488276e-09
4350.00 2.470833e-09
4360.00 2.458734e-09
4370.00 2.440166e-09
4380.00 2.500889e-09
4390.00 2.574262e-09
4400.00 2.648188e-09
4410.00 2.719301e-09
4420.00 2.769915e-09
4430.00 2.805777e-09
4440.00 2.919003e-09
4450.00 3.069620e-09
4460.00 3.199811e-09
4470.00 3.329018e-09
4480.00 3.461539e-09
4490.00 3.599449e-09
4500.00 3.752208e-09
4510.00 3.939162e-09
4520.00 4.113708e-09
4530.00 4.251003e-09
4540.00 4.370201e-09
4550.00 4.471658e-09
4560.00 4.550395e-09
4570.00 4.614777e-09
4580.00 4.647019e-09
4590.00 4.671504e-09
4600.00 4.652100e-09
4610.00 4.603482e-09
4620.00 4.520332e-09
4630.00 4.421506e-09
4640.00 4.264385e-09
4650.00 4.079252e-09
4660.00 3.878399e-09
4670.00 3.706487e-09
4680.00 3.575508e-09
4690.00 3.456066e-09
4700.00 3.337542e-09
4710.00 3.199806e-09
4720.00 3.025972e-09
4730.00 2.850098e-09
4740.00 2.700238e-09
4750.00 2.560769e-09
4760.00 2.461878e-09
4770.00 2.421772e-09
4780.00 2.385107e-09
4790.00 2.359027e-09
4800.00 2.363836e-09
4810.00 2.372134e-09
4820.00 2.358164e-09
4830.00 2.406398e-09
4840.00 2.488648e-09
4850.00 2.546849e-09
4860.00 2.611035e-09
4870.00 2.622096e-09
4880.00 2.564816e-09
4890.00 2.519179e-09
4900.00 2.502757e-09
4910.00 2.498869e-09
4920.00 2.589360e-09
4930.00 2.712444e-09
4940.00 2.862869e-09
4950.00 3.026882e-09
4960.00 3.160154e-09
4970.00 3.227465e-09
4980.00 3.279912e-09
4990.00 3.274044e-09
5000.00 3.267804e-09
5010.00 3.229536e-09
5020.00 3.147467e-09
5030.00 3.063414e-09
5040.00 3.021328e-09
5050.00 2.975984e-09
5060.00 2.979559e-09
5070.00 3.022168e-09
5080.00 3.066027e-09
5090.00 3.092705e-09
5100.00 3.155069e-09
5110.00 3.195202e-09
5120.00 3.218897e-09
5130.00 3.231709e-09
5140.00 3.287622e-09
5150.00 3.341073e-09
5160.00 3.388613e-09
5170.00 3.443604e-09
5180.00 3.503593e-09
5190.00 3.575118e-09
5200.00 3.639915e-09
5210.00 3.731605e-09
5220.00 3.821178e-09
5230.00 3.920575e-09
5240.00 4.020379e-09
5250.00 4.071041e-09
5260.00 4.076819e-09
5270.00 4.096643e-09
5280.00 4.115850e-09
5290.00 4.113192e-09
5300.00 4.139945e-09
5310.00 4.147915e-09
5320.00 4.116791e-09
5330.00 4.081413e-09
5340.00 4.047139e-09
5350.00 4.019187e-09
5360.00 4.000294e-09
5370.00 4.015882e-09
5380.00 3.999924e-09
5390.00 4.009874e-09
5400.00 3.993914e-09
5410.00 3.960216e-09
5420.00 3.890413e-09
5430.00 3.857113e-09
5440.00 3.817258e-09
5450.00 3.801393e-09
5460.00 3.808056e-09
5470.00 3.849945e-09
5480.00 3.868605e-09
5490.00 3.900032e-09
5500.00 3.941017e-09
5510.00 3.942104e-09
5520.00 3.897525e-09
5530.00 3.849183e-09
5540.00 3.768051e-09
5550.00 3.685096e-09
5560.00 3.611004e-09
5570.00 3.545014e-09
5580.00 3.492663e-09
5590.00 3.449481e-09
5600.00 3.407841e-09
5610.00 3.358750e-09
5620.00 3.320159e-09
5630.00 3.245843e-09
5640.00 3.152247e-09
5650.00 3.007859e-09
5660.00 2.845275e-09
5670.00 2.676470e-09
5680.00 2.539337e-09
5690.00 2.447625e-09
5700.00 2.417340e-09
5710.00 2.466851e-09
5720.00 2.576250e-09
5730.00 2.705182e-09
5740.00 2.835044e-09
5750.00 2.986919e-09
5760.00 3.128113e-09
5770.00 3.262197e-09
5780.00 3.395304e-09
5790.00 3.531491e-09
5800.00 3.622465e-09
5810.00 3.641753e-09
5820.00 3.710486e-09
5830.00 3.770169e-09
5840.00 3.814138e-09
5850.00 3.840828e-09
5860.00 3.893856e-09
5870.00 3.816104e-09
5880.00 3.715999e-09
5890.00 3.660420e-09
5900.00 3.625864e-09
5910.00 3.611342e-09
5920.00 3.609173e-09
5930.00 3.562152e-09
5940.00 3.506709e-09
5950.00 3.447582e-09
5960.00 3.407433e-09
5970.00 3.353062e-09
5980.00 3.298210e-09
5990.00 3.260744e-09
6000.00 3.227687e-09
6010.00 3.162033e-09
6020.00 3.098679e-09
6030.00 3.026623e-09
6040.00 2.948917e-09
6050.00 2.896285e-09
6060.00 2.871200e-09
6070.00 2.850140e-09
6080.00 2.831781e-09
6090.00 2.789185e-09
6100.00 2.715280e-09
6110.00 2.617936e-09
6120.00 2.499049e-09
6130.00 2.394869e-09
6140.00 2.320018e-09
6150.00 2.289671e-09
6160.00 2.296107e-09
6170.00 2.331518e-09
6180.00 2.370471e-09
6190.00 2.412397e-09
6200.00 2.414773e-09
6210.00 2.404190e-09
6220.00 2.362178e-09
6230.00 2.318581e-09
6240.00 2.275759e-09
6250.00 2.254489e-09
6260.00 2.243162e-09
6270.00 2.263022e-09
6280.00 2.297484e-09
6290.00 2.333113e-09
6300.00 2.392457e-09
6310.00 2.445848e-09
6320.00 2.494645e-09
6330.00 2.550696e-09
6340.00 2.610830e-09
6350.00 2.665883e-09
6360.00 2.727053e-09
6370.00 2.774393e-09
6380.00 2.796054e-09
6390.00 2.811372e-09
6400.00 2.826686e-09
6410.00 2.843254e-09
6420.00 2.845335e-09
6430.00 2.836160e-09
6440.00 2.804443e-09
6450.00 2.761216e-09
6460.00 2.715053e-09
6470.00 2.652229e-09
6480.00 2.597170e-09
6490.00 2.554641e-09
6500.00 2.518343e-09
6510.00 2.496484e-09
6520.00 2.495067e-09
6530.00 2.503030e-09
6540.00 2.518628e-09
6550.00 2.537376e-09
6560.00 2.590373e-09
6570.00 2.653143e-09
6580.00 2.736354e-09
6590.00 2.822288e-09
6600.00 2.880238e-09
6610.00 2.915470e-09
6620.00 2.938434e-09
6630.00 2.948382e-09
6640.00 2.933010e-09
6650.00 2.920836e-09
6660.00 2.892301e-09
6670.00 2.862486e-09
6680.00 2.836189e-09
6690.00 2.794345e-09
6700.00 2.726960e-09
6710.00 2.651908e-09
6720.00 2.582246e-09
6730.00 2.529315e-09
6740.00 2.487751e-09
6750.00 2.465290e-09
6760.00 2.446519e-09
6770.00 2.390599e-09
6780.00 2.315382e-09
6790.00 2.240784e-09
6800.00 2.187249e-09
6810.00 2.166262e-09
6820.00 2.156114e-09
6830.00 2.137461e-09
6840.00 2.113919e-09
6850.00 2.081210e-09
6860.00 2.064589e-09
6870.00 2.067409e-09
6880.00 2.072679e-09
6890.00 2.090770e-09
6900.00 2.115490e-09
6910.00 2.137477e-09
6920.00 2.173153e-09
6930.00 2.228263e-09
6940.00 2.290887e-09
6950.00 2.346608e-09
6960.00 2.402647e-09
6970.00 2.437306e-09
6980.00 2.459099e-09
6990.00 2.451338e-09
7000.00 2.437740e-09
7010.00 2.426768e-09
7020.00 2.398740e-09
7030.00 2.366823e-09
7040.00 2.346122e-09
7050.00 2.320781e-09
7060.00 2.283720e-09
7070.00 2.245418e-09
7080.00 2.181647e-09
7090.00 2.107098e-09
7100.00 2.063136e-09
7110.00 2.043496e-09
7120.00 2.044210e-09
7130.00 2.054755e-09
7140.00 2.070715e-09
7150.00 2.069936e-09
7160.00 2.071517e-09
7170.00 2.074802e-09
7180.00 2.066100e-09
7190.00 2.065355e-09
7200.00 2.062492e-09
7210.00 2.061497e-09
7220.00 2.071380e-09
7230.00 2.092114e-09
7240.00 2.096406e-09
7250.00 2.100882e-09
7260.00 2.103640e-09
7270.00 2.106986e-09
7280.00 2.098024e-09
7290.00 2.083096e-09
7300.00 2.071206e-09
7310.00 2.057928e-09
7320.00 2.037279e-09
7330.00 2.024718e-09
7340.00 2.014032e-09
7350.00 2.009108e-09
7360.00 1.996480e-09
7370.00 1.990732e-09
7380.00 1.996357e-09
7390.00 1.989194e-09
7400.00 1.982156e-09
7410.00 1.973469e-09
7420.00 1.965710e-09
7430.00 1.963267e-09
7440.00 1.962611e-09
7450.00 1.952869e-09
7460.00 1.940568e-09
7470.00 1.919829e-09
7480.00 1.892225e-09
7490.00 1.861678e-09
7500.00 1.836372e-09
7510.00 1.809577e-09
7520.00 1.804202e-09
7530.00 1.791974e-09
7540.00 1.760049e-09
7550.00 1.740814e-09
7560.00 1.712359e-09
7570.00 1.685045e-09
7580.00 1.677776e-09
7590.00 1.665215e-09
7600.00 1.656043e-09
7610.00 1.646234e-09
7620.00 1.641098e-09
7630.00 1.623809e-09
7640.00 1.628825e-09
7650.00 1.638145e-09
7660.00 1.670961e-09
7670.00 1.704901e-09
7680.00 1.739108e-09
7690.00 1.779874e-09
7700.00 1.824683e-09
7710.00 1.854162e-09
7720.00 1.888476e-09
7730.00 1.904338e-09
7740.00 1.903946e-09
7750.00 1.890090e-09
7760.00 1.884636e-09
7770.00 1.859770e-09
7780.00 1.837550e-09
7790.00 1.804315e-09
7800.00 1.791176e-09
7810.00 1.777632e-09
7820.00 1.764062e-09
7830.00 1.747672e-09
7840.00 1.745344e-09
7850.00 1.726533e-09
7860.00 1.707555e-09
7870.00 1.675991e-09
7880.00 1.629695e-09
7890.00 1.596685e-09
7900.00 1.573476e-09
7910.00 1.544697e-09
7920.00 1.524399e-09
7930.00 1.501946e-09
7940.00 1.459645e-09
7950.00 1.413339e-09
7960.00 1.359416e-09
7970.00 1.307978e-09
7980.00 1.280011e-09
7990.00 1.245210e-09
8000.00 1.235954e-09
8010.00 1.220550e-09
8020.00 1.187001e-09
8030.00 1.171089e-09
8040.00 1.151922e-09
8050.00 1.138874e-09
8060.00 1.119986e-09
8070.00 1.124251e-09
8080.00 1.107261e-09
8090.00 1.118917e-09
8100.00 1.118665e-09
8110.00 1.124410e-09
8120.00 1.115369e-09
8130.00 1.112538e-09
8140.00 1.106816e-09
8150.00 1.101328e-09
8160.00 1.098115e-09
8170.00 1.059246e-09
8180.00 1.027191e-09
8190.00 9.703582e-10
8200.00 9.341909e-10
8210.00 8.796016e-10
8220.00 8.383893e-10
8230.00 7.864076e-10
8240.00 7.537950e-10
8250.00 7.228360e-10
8260.00 7.068108e-10
8270.00 6.930119e-10
8280.00 7.030934e-10
8290.00 7.179202e-10
8300.00 7.229303e-10
8310.00 7.228542e-10
8320.00 7.297337e-10
8330.00 7.327297e-10
8340.00 7.419794e-10
8350.00 7.640853e-10
8360.00 7.790965e-10
8370.00 8.214506e-10
8380.00 8.374549e-10
8390.00 8.630644e-10
8400.00 9.030301e-10
8410.00 9.422877e-10
8420.00 9.757272e-10
8430.00 1.004299e-09
8440.00 1.041902e-09
8450.00 1.083990e-09
8460.00 1.147418e-09
8470.00 1.187429e-09
8480.00 1.230822e-09
8490.00 1.291733e-09
8500.00 1.358749e-09
8510.00 1.414759e-09
8520.00 1.461817e-09
8530.00 1.516833e-09
8540.00 1.564022e-09
8550.00 1.629703e-09
8560.00 1.676312e-09
8570.00 1.710412e-09
8580.00 1.737375e-09
8590.00 1.787024e-09
8600.00 1.802215e-09
8610.00 1.800161e-09
8620.00 1.773255e-09
8630.00 1.762047e-09
8640.00 1.765500e-09
8650.00 1.765974e-09
8660.00 1.751928e-09
8670.00 1.709856e-09
8680.00 1.683996e-09
8690.00 1.671861e-09
8700.00 1.648658e-09
8710.00 1.607917e-09
8720.00 1.588273e-09
8730.00 1.562262e-09
8740.00 1.512265e-09
8750.00 1.470948e-09
8760.00 1.423866e-09
8770.00 1.394968e-09
8780.00 1.366819e-09
8790.00 1.340507e-09
8800.00 1.287723e-09
8810.00 1.243288e-09
8820.00 1.228081e-09
8830.00 1.230698e-09
8840.00 1.209907e-09
8850.00 1.166235e-09
8860.00 1.111694e-09
8870.00 1.058117e-09
8880.00 9.988094e-10
8890.00 9.516324e-10
8900.00 9.211134e-10
8910.00 9.146075e-10
8920.00 9.264426e-10
8930.00 9.362609e-10
8940.00 9.057377e-10
8950.00 8.952602e-10
8960.00 8.855223e-10
8970.00 8.803237e-10
8980.00 8.696870e-10
8990.00 8.902683e-10
9000.00 9.048389e-10
9010.00 9.085395e-10
9020.00 8.978721e-10
9030.00 8.905854e-10
9040.00 8.771783e-10
9050.00 8.977771e-10
9060.00 8.999650e-10
9070.00 8.911811e-10
9080.00 8.735007e-10
9090.00 8.796784e-10
9100.00 8.672260e-10
9110.00 8.463080e-10
9120.00 8.189533e-10
9130.00 8.146360e-10
9140.00 8.157939e-10
9150.00 8.366441e-10
9160.00 8.589385e-10
9170.00 8.691269e-10
9180.00 8.869288e-10
9190.00 8.736662e-10
9200.00 8.157296e-10
9210.00 7.646125e-10
9220.00 7.151589e-10
9230.00 6.787339e-10
9240.00 6.619598e-10
9250.00 6.817566e-10
9260.00 6.941160e-10
9270.00 7.178616e-10
9280.00 7.452547e-10
9290.00 7.471906e-10
9300.00 7.571792e-10
9310.00 7.469301e-10
9320.00 7.186116e-10
9330.00 7.018112e-10
9340.00 6.971288e-10
9350.00 6.892613e-10
9360.00 6.963387e-10
9370.00 7.094645e-10
9380.00 7.338428e-10
9390.00 7.301332e-10
9400.00 7.182136e-10
9410.00 7.280409e-10
9420.00 7.347612e-10
9430.00 7.258124e-10
9440.00 7.009355e-10
9450.00 6.802501e-10
9460.00 6.852249e-10
9470.00 7.114960e-10
9480.00 7.182115e-10
9490.00 7.109625e-10
9500.00 7.150081e-10
9510.00 7.119653e-10
9520.00 6.963032e-10
9530.00 6.997329e-10
9540.00 6.759531e-10
9550.00 6.738477e-10
9560.00 6.992475e-10
9570.00 7.108082e-10
9580.00 7.311109e-10
9590.00 7.400890e-10
9600.00 7.199867e-10
9610.00 7.131581e-10
9620.00 7.451584e-10
9630.00 7.674737e-10
9640.00 7.707553e-10
9650.00 7.672007e-10
9660.00 7.526559e-10
9670.00 7.353227e-10
9680.00 7.062856e-10
9690.00 7.013000e-10
9700.00 7.204588e-10
9710.00 7.394800e-10
9720.00 7.506279e-10
9730.00 7.451772e-10
9740.00 7.583532e-10
9750.00 7.843188e-10
9760.00 8.057599e-10
9770.00 8.074150e-10
9780.00 7.894776e-10
9790.00 7.888582e-10
9800.00 7.764588e-10
9810.00 7.710263e-10
9820.00 7.862743e-10
9830.00 7.825995e-10
9840.00 7.658933e-10
9850.00 7.571799e-10
9860.00 7.520204e-10
9870.00 7.558509e-10
9880.00 7.803019e-10
9890.00 7.798605e-10
9900.00 7.739643e-10
9910.00 7.832022e-10
9920.00 7.751277e-10
9930.00 7.748680e-10
9940.00 7.767109e-10
9950.00 7.763429e-10
9960.00 7.628590e-10
9970.00 7.516084e-10
9980.00 7.252977e-10
9990.00 6.825062e-10
10000.00 6.395095e-10
10010.00 5.978866e-10
10020.00 5.647956e-10
10030.00 5.365456e-10
10040.00 5.088789e-10
10050.00 4.925398e-10
10060.00 5.320485e-10
10070.00 5.905631e-10
10080.00 6.037974e-10
10090.00 6.104115e-10
10100.00 6.129666e-10
10110.00 6.013086e-10
10120.00 5.989035e-10
10130.00 5.997360e-10
10140.00 6.033129e-10
10150.00 6.032245e-10
10160.00 5.958687e-10
10170.00 5.906228e-10
10180.00 5.990573e-10
10190.00 6.045136e-10
10200.00 5.928227e-10
10210.00 5.823353e-10
10220.00 5.636829e-10
10230.00 5.507700e-10
10240.00 5.440965e-10
10250.00 5.305971e-10
10260.00 5.102129e-10
10270.00 4.841521e-10
10280.00 4.637502e-10
10290.00 4.401127e-10
10300.00 4.194625e-10
10310.00 4.074489e-10
10320.00 3.951811e-10
10330.00 3.933173e-10
10340.00 3.677236e-10
10350.00 3.319587e-10
10360.00 3.177238e-10
10370.00 3.024846e-10
10380.00 2.839751e-10
10390.00 2.723690e-10
10400.00 2.701211e-10
10410.00 2.641436e-10
10420.00 2.659631e-10
10430.00 2.688679e-10
10440.00 2.683911e-10
10450.00 2.769142e-10
10460.00 2.838981e-10
10470.00 2.960134e-10
10480.00 3.163873e-10
10490.00 3.346436e-10
10500.00 3.487628e-10
10510.00 3.643873e-10
10520.00 3.862010e-10
10530.00 4.038663e-10
10540.00 4.219591e-10
10550.00 4.387880e-10
10560.00 4.570570e-10
10570.00 4.703551e-10
10580.00 4.759699e-10
10590.00 4.881921e-10
10600.00 5.147446e-10
10610.00 5.620984e-10
10620.00 6.131013e-10
10630.00 6.576639e-10
10640.00 6.860006e-10
10650.00 7.091607e-10
10660.00 7.429194e-10
10670.00 7.682286e-10
10680.00 7.913660e-10
10690.00 8.120388e-10
10700.00 8.439378e-10
10710.00 8.653425e-10
10720.00 8.587171e-10
10730.00 8.455887e-10
10740.00 8.654954e-10
10750.00 8.871264e-10
10760.00 8.831590e-10
10770.00 8.980348e-10
10780.00 9.006194e-10
10790.00 8.890015e-10
10800.00 8.951519e-10
10810.00 9.232120e-10
10820.00 9.305881e-10
10830.00 8.985264e-10
10840.00 8.957274e-10
10850.00 9.293953e-10
10860.00 9.326510e-10
10870.00 9.095025e-10
10880.00 9.007130e-10
10890.00 9.103971e-10
10900.00 9.005342e-10
10910.00 8.719015e-10
10920.00 8.662902e-10
10930.00 8.578987e-10
10940.00 8.378900e-10
10950.00 8.334931e-10
10960.00 8.239465e-10
10970.00 8.164531e-10
10980.00 8.038596e-10
10990.00 7.870355e-10
11000.00 7.833705e-10
11010.00 7.746969e-10
11020.00 7.596765e-10
11030.00 7.555122e-10
11040.00 7.583629e-10
11050.00 7.661447e-10
11060.00 7.534053e-10
11070.00 7.227599e-10
11080.00 7.079149e-10
11090.00 6.942350e-10
11100.00 6.808800e-10
11110.00 6.788038e-10
11120.00 6.681397e-10
11130.00 6.586915e-10
11140.00 6.460483e-10
11150.00 6.393437e-10
11160.00 6.479089e-10
11170.00 6.368069e-10
11180.00 6.255677e-10
11190.00 6.401762e-10
11200.00 6.499908e-10
11210.00 6.270011e-10
11220.00 6.241372e-10
11230.00 6.454834e-10
11240.00 6.436610e-10
11250.00 6.198593e-10
11260.00 6.153718e-10
11270.00 6.221619e-10
11280.00 6.018123e-10
11290.00 6.032891e-10
11300.00 6.101131e-10
11310.00 5.852664e-10
11320.00 5.657733e-10
11330.00 5.704563e-10
11340.00 5.558267e-10
11350.00 5.428621e-10
11360.00 5.404779e-10
11370.00 5.331453e-10
11380.00 5.272825e-10
11390.00 5.266302e-10
11400.00 5.228278e-10
11410.00 4.990135e-10
11420.00 4.886846e-10
11430.00 4.966726e-10
11440.00 4.896455e-10
11450.00 4.878645e-10
11460.00 4.931122e-10
11470.00 4.772861e-10
11480.00 4.745620e-10
11490.00 4.741893e-10
11500.00 4.660798e-10
11510.00 4.731791e-10
11520.00 4.705683e-10
11530.00 4.524120e-10
11540.00 4.402341e-10
11550.00 4.351542e-10
11560.00 4.282781e-10
11570.00 4.233022e-10
11580.00 4.361943e-10
11590.00 4.355849e-10
11600.00 4.265450e-10
11610.00 4.206942e-10
11620.00 4.086089e-10
11630.00 4.060468e-10
11640.00 4.095118e-10
11650.00 4.131645e-10
11660.00 4.136048e-10
11670.00 4.189543e-10
11680.00 4.187809e-10
11690.00 4.123997e-10
11700.00 4.139075e-10
11710.00 4.175822e-10
11720.00 4.175505e-10
11730.00 4.092768e-10
11740.00 3.984747e-10
11750.00 3.991653e-10
11760.00 3.996677e-10
11770.00 3.955850e-10
11780.00 4.000630e-10
11790.00 4.083084e-10
11800.00 4.115473e-10
11810.00 4.071075e-10
11820.00 4.019863e-10
11830.00 4.078659e-10
11840.00 4.108704e-10
11850.00 3.996697e-10
11860.00 3.862357e-10
11870.00 3.872998e-10
11880.00 3.924640e-10
11890.00 3.970831e-10
11900.00 4.002725e-10
11910.00 3.902189e-10
11920.00 3.934296e-10
11930.00 4.004035e-10
11940.00 3.951240e-10
11950.00 3.924595e-10
11960.00 3.950250e-10
11970.00 3.813856e-10
11980.00 3.755563e-10
11990.00 3.801337e-10
12000.00 3.704523e-10
12010.00 3.627389e-10
12020.00 3.619916e-10
12030.00 3.618636e-10
12040.00 3.589564e-10
12050.00 3.663428e-10
12060.00 3.568419e-10
12070.00 3.439746e-10
12080.00 3.477502e-10
12090.00 3.470539e-10
12100.00 3.427520e-10
12110.00 3.337637e-10
12120.00 3.305152e-10
12130.00 3.279130e-10
12140.00 3.363533e-10
12150.00 3.447973e-10
12160.00 3.338963e-10
12170.00 3.188622e-10
12180.00 3.131487e-10
12190.00 3.257324e-10
12200.00 3.370693e-10
12210.00 3.347767e-10
12220.00 3.239301e-10
12230.00 3.147982e-10
12240.00 3.085224e-10
12250.00 3.057568e-10
12260.00 3.029123e-10
12270.00 3.068034e-10
12280.00 3.189619e-10
12290.00 3.126824e-10
12300.00 3.098962e-10
12310.00 3.231059e-10
12320.00 3.215885e-10
12330.00 3.108524e-10
12340.00 3.121455e-10
12350.00 3.127535e-10
12360.00 3.124499e-10
12370.00 3.143107e-10
12380.00 3.108106e-10
12390.00 3.177110e-10
12400.00 3.166801e-10
12410.00 3.017425e-10
12420.00 3.069412e-10
12430.00 3.120613e-10
12440.00 3.020731e-10
12450.00 3.017942e-10
12460.00 2.934839e-10
12470.00 2.815215e-10
12480.00 2.920711e-10
12490.00 2.962470e-10
12500.00 2.903574e-10
12510.00 2.908123e-10
12520.00 3.008932e-10
12530.00 2.988659e-10
12540.00 2.915419e-10
12550.00 2.853848e-10
12560.00 2.924880e-10
12570.00 2.948394e-10
12580.00 2.870683e-10
12590.00 2.898958e-10
12600.00 2.848846e-10
12610.00 2.863718e-10
12620.00 2.942005e-10
12630.00 2.924409e-10
12640.00 2.981529e-10
12650.00 2.994920e-10
12660.00 2.831371e-10
12670.00 2.811404e-10
12680.00 2.882927e-10
12690.00 2.868835e-10
12700.00 2.843555e-10
12710.00 2.835931e-10
12720.00 2.885529e-10
12730.00 2.904623e-10
12740.00 2.848993e-10
12750.00 2.830180e-10
12760.00 2.846087e-10
12770.00 2.869985e-10
12780.00 2.796893e-10
12790.00 2.709449e-10
12800.00 2.728915e-10
12810.00 2.707414e-10
12820.00 2.649036e-10
12830.00 2.695775e-10
12840.00 2.671789e-10
12850.00 2.583831e-10
12860.00 2.603200e-10
12870.00 2.673045e-10
12880.00 2.699755e-10
12890.00 2.670492e-10
12900.00 2.671153e-10
12910.00 2.594756e-10
12920.00 2.476182e-10
12930.00 2.456479e-10
12940.00 2.437256e-10
12950.00 2.466320e-10
12960.00 2.504988e-10
12970.00 2.426707e-10
12980.00 2.330365e-10
12990.00 2.363558e-10
13000.00 2.423688e-10
13010.00 2.396651e-10
13020.00 2.388935e-10
13030.00 2.364411e-10
13040.00 2.299283e-10
13050.00 2.313390e-10
13060.00 2.405223e-10
13070.00 2.425195e-10
13080.00 2.411663e-10
13090.00 2.362629e-10
13100.00 2.237410e-10
13110.00 2.226792e-10
13120.00 2.221328e-10
13130.00 2.183366e-10
13140.00 2.183540e-10
13150.00 2.188688e-10
13160.00 2.208856e-10
13170.00 2.159469e-10
13180.00 2.160312e-10
13190.00 2.171674e-10
13200.00 2.139442e-10
13210.00 2.127022e-10
13220.00 2.134798e-10
13230.00 2.130929e-10
13240.00 2.175604e-10
13250.00 2.185382e-10
13260.00 2.168801e-10
13270.00 2.189164e-10
13280.00 2.152101e-10
13290.00 2.115692e-10
13300.00 2.058975e-10
13310.00 2.012013e-10
13320.00 2.058931e-10
13330.00 2.091268e-10
13340.00 2.058618e-10
13350.00 2.057819e-10
13360.00 2.033499e-10
13370.00 2.061008e-10
13380.00 2.015356e-10
13390.00 1.876566e-10
13400.00 1.849263e-10
13410.00 1.829076e-10
13420.00 1.813855e-10
13430.00 1.801059e-10
13440.00 1.789710e-10
13450.00 1.779032e-10
13460.00 1.769713e-10
13470.00 1.760487e-10
13480.00 1.752223e-10
13490.00 1.743982e-10
13500.00 1.736187e-10
13510.00 1.728677e-10
13520.00 1.721187e-10
13530.00 1.713896e-10
13540.00 1.706659e-10
13550.00 1.699440e-10
13560.00 1.692143e-10
13570.00 1.684843e-10
13580.00 1.677563e-10
13590.00 1.670268e-10
13600.00 1.662973e-10
13610.00 1.655699e-10
13620.00 1.648367e-10
13630.00 1.640969e-10
13640.00 1.633591e-10
13650.00 1.626180e-10
13660.00 1.618662e-10
13670.00 1.611164e-10
13680.00 1.603825e-10
13690.00 1.597412e-10
13700.00 1.591016e-10
13710.00 1.584636e-10
13720.00 1.577167e-10
13730.00 1.569678e-10
13740.00 1.562211e-10
13750.00 1.554161e-10
13760.00 1.545983e-10
13770.00 1.537829e-10
13780.00 1.529007e-10
13790.00 1.519809e-10
13800.00 1.510642e-10
13810.00 1.500894e-10
13820.00 1.490482e-10
13830.00 1.480107e-10
13840.00 1.468922e-10
13850.00 1.455820e-10
13860.00 1.442765e-10
13870.00 1.429742e-10
13880.00 1.416724e-10
13890.00 1.403754e-10
13900.00 1.391014e-10
13910.00 1.378546e-10
13920.00 1.366125e-10
13930.00 1.354263e-10
13940.00 1.342591e-10
13950.00 1.330980e-10
13960.00 1.319469e-10
13970.00 1.308004e-10
13980.00 1.296860e-10
13990.00 1.285949e-10
14000.00 1.275995e-10
14010.00 1.266525e-10
14020.00 1.258414e-10
14030.00 1.255340e-10
14040.00 1.239653e-10
14050.00 1.233639e-10
14060.00 1.240931e-10
14070.00 1.236874e-10
14080.00 1.223360e-10
14090.00 1.216956e-10
14100.00 1.207286e-10
14110.00 1.214679e-10
14120.00 1.237106e-10
14130.00 1.284534e-10
14140.00 1.238227e-10
14150.00 1.143280e-10
14160.00 1.134938e-10
14170.00 1.117668e-10
14180.00 1.084594e-10
14190.00 1.094413e-10
14200.00 1.037118e-10
14210.00 1.029455e-10
14220.00 1.091513e-10
14230.00 1.124354e-10
14240.00 1.106505e-10
14250.00 1.072145e-10
14260.00 1.094785e-10
14270.00 1.117246e-10
14280.00 1.139178e-10
14290.00 1.183280e-10
14300.00 1.180835e-10
14310.00 1.149367e-10
14320.00 1.170134e-10
14330.00 1.172265e-10
14340.00 1.224815e-10
14350.00 1.260550e-10
14360.00 1.236610e-10
14370.00 1.231544e-10
14380.00 1.221747e-10
14390.00 1.191785e-10
14400.00 1.155078e-10
14410.00 1.188907e-10
14420.00 1.224154e-10
14430.00 1.258075e-10
14440.00 1.243206e-10
14450.00 1.212438e-10
14460.00 1.198963e-10
14470.00 1.213200e-10
14480.00 1.231604e-10
14490.00 1.192742e-10
14500.00 1.161828e-10
14510.00 1.154216e-10
14520.00 1.190468e-10
14530.00 1.105299e-10
14540.00 1.060211e-10
14550.00 1.124927e-10
14560.00 1.094995e-10
14570.00 1.105841e-10
14580.00 1.168072e-10
14590.00 1.136978e-10
14600.00 1.069025e-10
14610.00 1.031527e-10
14620.00 1.055744e-10
14630.00 1.089580e-10
14640.00 1.063762e-10
14650.00 1.071479e-10
14660.00 1.102427e-10
14670.00 1.117043e-10
14680.00 1.109101e-10
14690.00 1.074533e-10
14700.00 1.080450e-10
14710.00 1.141004e-10
14720.00 1.114814e-10
14730.00 1.064730e-10
14740.00 1.083221e-10
14750.00 1.067339e-10
14760.00 1.043353e-10
14770.00 1.067823e-10
14780.00 1.083000e-10
14790.00 1.081551e-10
14800.00 1.064197e-10
14810.00 1.033453e-10
14820.00 1.034037e-10
14830.00 1.080943e-10
14840.00 1.095089e-10
14850.00 1.063635e-10
14860.00 1.069718e-10
14870.00 1.057088e-10
14880.00 1.056830e-10
14890.00 1.080434e-10
14900.00 1.074728e-10
14910.00 1.071079e-10
14920.00 1.055318e-10
14930.00 1.051997e-10
14940.00 1.052514e-10
14950.00 1.034884e-10
14960.00 1.048891e-10
14970.00 1.048030e-10
14980.00 1.037233e-10
14990.00 1.028015e-10
15000.00 1.014623e-10
15010.00 1.041733e-10
15020.00 1.015158e-10
15030.00 9.625680e-11
15040.00 9.617866e-11
15050.00 9.904905e-11
15060.00 9.987773e-11
15070.00 9.666227e-11
15080.00 9.537506e-11
15090.00 9.646247e-11
15100.00 9.403532e-11
15110.00 9.366945e-11
15120.00 9.549231e-11
15130.00 9.379642e-11
15140.00 9.414636e-11
15150.00 9.031272e-11
15160.00 8.890874e-11
15170.00 8.955996e-11
15180.00 8.790939e-11
15190.00 8.747410e-11
15200.00 8.905141e-11
15210.00 8.844573e-11
15220.00 8.398992e-11
15230.00 8.401170e-11
15240.00 8.451033e-11
15250.00 8.559419e-11
15260.00 8.665898e-11
15270.00 8.583617e-11
15280.00 8.173072e-11
15290.00 8.092607e-11
15300.00 8.235876e-11
15310.00 8.444154e-11
15320.00 8.590482e-11
15330.00 7.981876e-11
15340.00 7.840137e-11
15350.00 8.395479e-11
15360.00 8.806393e-11
15370.00 8.780177e-11
15380.00 8.193932e-11
15390.00 7.705633e-11
15400.00 7.725298e-11
15410.00 7.855906e-11
15420.00 7.848908e-11
15430.00 7.662146e-11
15440.00 7.550129e-11
15450.00 7.681986e-11
15460.00 7.627179e-11
15470.00 7.338910e-11
15480.00 7.439593e-11
15490.00 7.295347e-11
15500.00 7.034265e-11
15510.00 7.318476e-11
15520.00 7.444879e-11
15530.00 7.084428e-11
15540.00 6.749434e-11
15550.00 6.871762e-11
15560.00 6.950759e-11
15570.00 6.964244e-11
15580.00 6.949976e-11
15590.00 6.929614e-11
15600.00 6.859680e-11
15610.00 6.825949e-11
15620.00 6.728620e-11
15630.00 6.723936e-11
15640.00 7.088136e-11
15650.00 7.133516e-11
15660.00 6.792182e-11
15670.00 6.550720e-11
15680.00 6.734804e-11
15690.00 7.104192e-11
15700.00 7.175348e-11
15710.00 7.115205e-11
15720.00 7.069106e-11
15730.00 6.833209e-11
15740.00 6.737947e-11
15750.00 6.672591e-11
15760.00 6.584219e-11
15770.00 6.492284e-11
15780.00 6.446804e-11
15790.00 6.571373e-11
15800.00 6.604150e-11
15810.00 6.530839e-11
15820.00 6.500892e-11
15830.00 6.444331e-11
15840.00 6.058233e-11
15850.00 6.064982e-11
15860.00 6.380696e-11
15870.00 6.379906e-11
15880.00 6.272903e-11
15890.00 6.083598e-11
15900.00 6.169946e-11
15910.00 6.264145e-11
15920.00 6.250422e-11
15930.00 6.383919e-11
15940.00 6.313695e-11
15950.00 6.038067e-11
15960.00 6.074281e-11
15970.00 6.077333e-11
15980.00 5.828750e-11
15990.00 5.907800e-11
16000.00 5.953605e-11
16010.00 5.932017e-11
16020.00 5.938056e-11
16030.00 5.982303e-11
16040.00 6.089940e-11
16050.00 5.996069e-11
16060.00 5.829040e-11
16070.00 5.751205e-11
16080.00 5.680795e-11
16090.00 5.707329e-11
16100.00 5.713106e-11
16110.00 5.596639e-11
16120.00 5.787764e-11
16130.00 5.930140e-11
16140.00 5.626267e-11
16150.00 5.489876e-11
16160.00 5.775774e-11
16170.00 5.854968e-11
16180.00 5.692981e-11
16190.00 5.465567e-11
16200.00 5.431235e-11
16210.00 5.448211e-11
16220.00 5.356634e-11
16230.00 5.429878e-11
16240.00 5.332949e-11
16250.00 5.008405e-11
16260.00 4.948889e-11
16270.00 5.110866e-11
16280.00 5.158275e-11
16290.00 5.238489e-11
16300.00 5.112745e-11
16310.00 4.923453e-11
16320.00 5.133371e-11
16330.00 5.126888e-11
16340.00 4.993347e-11
16350.00 5.024079e-11
16360.00 4.837540e-11
16370.00 4.752226e-11
16380.00 4.833470e-11
16390.00 4.789042e-11
16400.00 4.774275e-11
16410.00 4.726682e-11
16420.00 4.716118e-11
16430.00 4.804049e-11
16440.00 4.732796e-11
16450.00 4.636505e-11
16460.00 4.529069e-11
16470.00 4.543364e-11
16480.00 4.574704e-11
16490.00 4.507858e-11
16500.00 4.588073e-11
16510.00 4.610579e-11
16520.00 4.419624e-11
16530.00 4.162623e-11
16540.00 4.270739e-11
16550.00 4.444994e-11
16560.00 4.274715e-11
16570.00 4.290004e-11
16580.00 4.417003e-11
16590.00 4.377897e-11
16600.00 4.269147e-11
16610.00 4.265303e-11
16620.00 4.300383e-11
16630.00 4.200701e-11
16640.00 4.005531e-11
16650.00 3.969421e-11
16660.00 4.131839e-11
16670.00 4.127390e-11
16680.00 4.129915e-11
16690.00 4.220829e-11
16700.00 3.989235e-11
16710.00 4.194704e-11
16720.00 4.524825e-11
16730.00 4.330213e-11
16740.00 4.237022e-11
16750.00 4.307440e-11
16760.00 4.334720e-11
16770.00 4.407219e-11
16780.00 4.467266e-11
16790.00 4.479638e-11
16800.00 4.561682e-11
16810.00 4.546443e-11
16820.00 4.397927e-11
16830.00 4.273041e-11
16840.00 4.237048e-11
16850.00 4.245863e-11
16860.00 4.199315e-11
16870.00 4.177747e-11
16880.00 4.347444e-11
16890.00 4.384481e-11
16900.00 4.179265e-11
16910.00 4.249687e-11
16920.00 4.265068e-11
16930.00 4.031280e-11
16940.00 3.996923e-11
16950.00 4.001672e-11
16960.00 3.992944e-11
16970.00 3.968018e-11
16980.00 3.861926e-11
16990.00 3.816637e-11
17000.00 3.830684e-11
17010.00 3.789627e-11
17020.00 3.711873e-11
17030.00 3.720250e-11
17040.00 3.686401e-11
17050.00 3.706322e-11
17060.00 3.745364e-11
17070.00 3.726052e-11
17080.00 3.719909e-11
17090.00 3.611414e-11
17100.00 3.617330e-11
17110.00 3.609202e-11
17120.00 3.463382e-11
17130.00 3.440871e-11
17140.00 3.438045e-11
17150.00 3.409869e-11
17160.00 3.396445e-11
17170.00 3.323501e-11
17180.00 3.363757e-11
17190.00 3.422800e-11
17200.00 3.400686e-11
17210.00 3.305250e-11
17220.00 3.207420e-11
17230.00 3.366559e-11
17240.00 3.291120e-11
17250.00 3.165594e-11
17260.00 3.253075e-11
17270.00 3.160869e-11
17280.00 3.171694e-11
17290.00 3.138908e-11
17300.00 3.118399e-11
17310.00 3.069396e-11
17320.00 3.090756e-11
17330.00 3.109272e-11
17340.00 2.931948e-11
17350.00 2.909148e-11
17360.00 2.926647e-11
17370.00 2.904582e-11
17380.00 2.904988e-11
17390.00 2.941881e-11
17400.00 2.985406e-11
17410.00 2.993154e-11
17420.00 2.908193e-11
17430.00 2.811156e-11
17440.00 2.879296e-11
17450.00 3.022000e-11
17460.00 3.044736e-11
17470.00 2.767551e-11
17480.00 2.657264e-11
17490.00 2.727378e-11
17500.00 2.611602e-11
17510.00 2.598449e-11
17520.00 2.643397e-11
17530.00 2.615428e-11
17540.00 2.607363e-11
17550.00 2.609766e-11
17560.00 2.517037e-11
17570.00 2.497273e-11
17580.00 2.591259e-11
17590.00 2.618563e-11
17600.00 2.580204e-11
17610.00 2.512106e-11
17620.00 2.471692e-11
17630.00 2.461804e-11
17640.00 2.436649e-11
17650.00 2.452415e-11
17660.00 2.379170e-11
17670.00 2.240628e-11
17680.00 2.221163e-11
17690.00 2.316182e-11
17700.00 2.419384e-11
17710.00 2.414735e-11
17720.00 2.353981e-11
17730.00 2.360272e-11
17740.00 2.367188e-11
17750.00 2.331309e-11
17760.00 2.297716e-11
17770.00 2.223598e-11
17780.00 2.257156e-11
17790.00 2.352694e-11
17800.00 2.200515e-11
17810.00 2.008641e-11
17820.00 2.032139e-11
17830.00 2.067612e-11
17840.00 2.100959e-11
17850.00 2.071921e-11
17860.00 1.983826e-11
17870.00 2.003417e-11
17880.00 2.076010e-11
17890.00 2.087381e-11
17900.00 2.097740e-11
17910.00 2.478843e-11
17920.00 2.426883e-11
17930.00 1.979714e-11
17940.00 1.900900e-11
17950.00 1.801881e-11
17960.00 1.841039e-11
17970.00 1.938503e-11
17980.00 1.931551e-11
17990.00 1.919533e-11
18000.00 1.906411e-11
18010.00 1.891987e-11
18020.00 1.877643e-11
18030.00 1.862562e-11
18040.00 1.847497e-11
18050.00 1.832519e-11
18060.00 1.817981e-11
18070.00 1.803663e-11
18080.00 1.789428e-11
18090.00 1.775275e-11
18100.00 1.761325e-11
18110.00 1.747619e-11
18120.00 1.733991e-11
18130.00 1.720441e-11
18140.00 1.706969e-11
18150.00 1.693705e-11
18160.00 1.680805e-11
18170.00 1.667978e-11
18180.00 1.655223e-11
18190.00 1.642541e-11
18200.00 1.629931e-11
18210.00 1.617514e-11
18220.00 1.605244e-11
18230.00 1.593043e-11
18240.00 1.580912e-11
18250.00 1.568849e-11
18260.00 1.556856e-11
18270.00 1.544573e-11
18280.00 1.532207e-11
18290.00 1.519914e-11
18300.00 1.507693e-11
18310.00 1.495545e-11
18320.00 1.483469e-11
18330.00 1.471289e-11
18340.00 1.459108e-11
18350.00 1.447002e-11
18360.00 1.434969e-11
18370.00 1.423009e-11
18380.00 1.411122e-11
18390.00 1.399135e-11
18400.00 1.387152e-11
18410.00 1.375244e-11
18420.00 1.363410e-11
18430.00 1.351650e-11
18440.00 1.339963e-11
18450.00 1.328186e-11
18460.00 1.316422e-11
18470.00 1.304732e-11
18480.00 1.293117e-11
18490.00 1.281576e-11
18500.00 1.270109e-11
18510.00 1.258572e-11
18520.00 1.247057e-11
18530.00 1.235617e-11
18540.00 1.224251e-11
18550.00 1.212961e-11
18560.00 1.201744e-11
18570.00 1.190524e-11
18580.00 1.179351e-11
18590.00 1.168253e-11
18600.00 1.157229e-11
18610.00 1.146278e-11
18620.00 1.135401e-11
18630.00 1.124550e-11
18640.00 1.113758e-11
18650.00 1.103039e-11
18660.00 1.092392e-11
18670.00 1.081818e-11
18680.00 1.071315e-11
18690.00 1.060835e-11
18700.00 1.050412e-11
18710.00 1.040059e-11
18720.00 1.029780e-11
18730.00 1.019570e-11
18740.00 1.009431e-11
18750.00 9.992927e-12
18760.00 9.892035e-12
18770.00 9.791862e-12
18780.00 9.692388e-12
18790.00 9.593612e-12
18800.00 9.495541e-12
18810.00 9.397401e-12
18820.00 9.299756e-12
18830.00 9.202810e-12
18840.00 9.106562e-12
18850.00 9.011006e-12
18860.00 8.916141e-12
18870.00 8.820654e-12
18880.00 8.725530e-12
18890.00 8.631105e-12
18900.00 8.537371e-12
18910.00 8.444336e-12
18920.00 8.351985e-12
18930.00 8.258335e-12
18940.00 8.164916e-12
18950.00 8.072201e-12
18960.00 7.980186e-12
18970.00 7.888868e-12
18980.00 7.798242e-12
18990.00 7.714222e-12
19000.00 7.632179e-12
19010.00 7.550737e-12
19020.00 7.469901e-12
19030.00 7.389660e-12
19040.00 7.309956e-12
19050.00 7.230825e-12
19060.00 7.152288e-12
19070.00 7.074337e-12
19080.00 6.996575e-12
19090.00 6.918744e-12
19100.00 6.841505e-12
19110.00 6.764857e-12
19120.00 6.687372e-12
19130.00 6.610195e-12
19140.00 6.533618e-12
19150.00 6.446544e-12
19160.00 6.355948e-12
19170.00 6.230176e-12
19180.00 6.216350e-12
19190.00 7.498939e-12
19200.00 7.940770e-12
19210.00 7.466871e-12
19220.00 7.209113e-12
19230.00 7.159942e-12
19240.00 7.332876e-12
19250.00 7.485210e-12
19260.00 7.156324e-12
19270.00 6.818486e-12
19280.00 6.804183e-12
19290.00 6.823989e-12
19300.00 6.781536e-12
19310.00 6.747292e-12
19320.00 6.906543e-12
19330.00 6.550728e-12
19340.00 6.075263e-12
19350.00 6.388912e-12
19360.00 6.503260e-12
19370.00 6.344984e-12
19380.00 6.523132e-12
19390.00 6.488704e-12
19400.00 6.453291e-12
19410.00 6.549912e-12
19420.00 6.409031e-12
19430.00 6.318429e-12
19440.00 6.405327e-12
19450.00 6.750702e-12
19460.00 6.742881e-12
19470.00 6.768627e-12
19480.00 7.126407e-12
19490.00 6.761336e-12
19500.00 6.464075e-12
19510.00 6.478766e-12
19520.00 6.551142e-12
19530.00 6.481128e-12
19540.00 6.365525e-12
19550.00 6.469667e-12
19560.00 6.504935e-12
19570.00 6.181515e-12
19580.00 6.057861e-12
19590.00 6.222432e-12
19600.00 6.089201e-12
19610.00 6.327501e-12
19620.00 6.456300e-12
19630.00 5.963964e-12
19640.00 5.756105e-12
19650.00 5.708734e-12
19660.00 5.810647e-12
19670.00 5.733793e-12
19680.00 5.497006e-12
19690.00 5.384401e-12
19700.00 5.311317e-12
19710.00 5.236760e-12
19720.00 5.201474e-12
19730.00 5.138961e-12
19740.00 4.930529e-12
19750.00 4.954120e-12
19760.00 4.724344e-12
19770.00 4.820322e-12
19780.00 4.734651e-12
19790.00 4.517638e-12
19800.00 4.825960e-12
19810.00 4.941197e-12
19820.00 4.263516e-12
19830.00 3.881408e-12
19840.00 3.913783e-12
19850.00 3.358711e-12
19860.00 3.063297e-12
19870.00 2.879748e-12
19880.00 2.504153e-12
19890.00 2.229935e-12
19900.00 2.391790e-12
19910.00 2.637914e-12
19920.00 2.711316e-12
19930.00 2.648772e-12
19940.00 2.610502e-12
19950.00 2.295044e-12
19960.00 1.968833e-12
19970.00 2.241432e-12
19980.00 2.552543e-12
19990.00 2.531114e-12
20000.00 2.380635e-12
20010.00 2.409088e-12
20020.00 2.555315e-12
20030.00 2.348671e-12
20040.00 2.428874e-12
20050.00 2.571196e-12
20060.00 2.353008e-12
20070.00 2.305655e-12
20080.00 2.340226e-12
20090.00 2.268938e-12
20100.00 2.411032e-12
20110.00 2.597475e-12
20120.00 2.613076e-12
20130.00 2.716462e-12
20140.00 2.743920e-12
20150.00 2.679979e-12
20160.00 2.846196e-12
20170.00 3.596975e-12
20180.00 3.772807e-12
20190.00 3.172163e-12
20200.00 2.994391e-12
20210.00 3.143772e-12
20220.00 3.201524e-12
20230.00 3.253046e-12
20240.00 3.356589e-12
20250.00 3.334499e-12
20260.00 3.466846e-12
20270.00 3.619755e-12
20280.00 3.538140e-12
20290.00 3.531808e-12
20300.00 3.544277e-12
20310.00 3.547733e-12
20320.00 3.619744e-12
20330.00 3.590879e-12
20340.00 3.492126e-12
20350.00 3.528191e-12
20360.00 3.524824e-12
20370.00 3.460074e-12
20380.00 3.453330e-12
20390.00 3.486442e-12
20400.00 3.500572e-12
20410.00 3.521310e-12
20420.00 3.596709e-12
20430.00 3.683774e-12
20440.00 3.710739e-12
20450.00 3.639435e-12
20460.00 3.646798e-12
20470.00 3.618691e-12
20480.00 3.488481e-12
20490.00 3.478140e-12
20500.00 3.565816e-12
20510.00 3.595782e-12
20520.00 3.507772e-12
20530.00 3.409503e-12
20540.00 3.436178e-12
20550.00 3.449288e-12
20560.00 3.408518e-12
20570.00 3.401569e-12
20580.00 3.471953e-12
20590.00 3.432357e-12
20600.00 3.243960e-12
20610.00 3.278130e-12
20620.00 3.342099e-12
20630.00 3.208714e-12
20640.00 3.142542e-12
20650.00 3.107798e-12
20660.00 3.072709e-12
20670.00 3.049691e-12
20680.00 3.058175e-12
20690.00 3.042304e-12
20700.00 2.966566e-12
20710.00 2.903891e-12
20720.00 2.834889e-12
20730.00 2.796279e-12
20740.00 2.726994e-12
20750.00 2.673100e-12
20760.00 2.754303e-12
20770.00 2.769406e-12
20780.00 2.797218e-12
20790.00 2.858190e-12
20800.00 2.726159e-12
20810.00 2.629396e-12
20820.00 2.686573e-12
20830.00 2.684362e-12
20840.00 2.627563e-12
20850.00 2.659647e-12
20860.00 2.636400e-12
20870.00 2.424499e-12
20880.00 2.375152e-12
20890.00 2.448107e-12
20900.00 2.410883e-12
20910.00 2.421873e-12
20920.00 2.484243e-12
20930.00 2.401367e-12
20940.00 2.283466e-12
20950.00 2.278376e-12
20960.00 2.299665e-12
20970.00 2.282295e-12
20980.00 2.221210e-12
20990.00 2.214224e-12
21000.00 2.158022e-12
21010.00 2.127361e-12
21020.00 2.092890e-12
21030.00 2.011168e-12
21040.00 2.093219e-12
21050.00 2.121867e-12
21060.00 2.051625e-12
21070.00 2.067042e-12
21080.00 1.966034e-12
21090.00 1.911949e-12
21100.00 2.002616e-12
21110.00 1.968021e-12
21120.00 1.913869e-12
21130.00 1.921550e-12
21140.00 1.920677e-12
21150.00 1.866021e-12
21160.00 1.793720e-12
21170.00 1.783204e-12
21180.00 1.824945e-12
21190.00 1.815632e-12
21200.00 1.788871e-12
21210.00 1.756970e-12
21220.00 1.712295e-12
21230.00 1.679218e-12
21240.00 1.694624e-12
21250.00 1.725701e-12
21260.00 1.709046e-12
21270.00 1.587359e-12
21280.00 1.535616e-12
21290.00 1.594420e-12
21300.00 1.555703e-12
21310.00 1.511084e-12
21320.00 1.533526e-12
21330.00 1.570224e-12
21340.00 1.548679e-12
21350.00 1.480728e-12
21360.00 1.426447e-12
21370.00 1.395651e-12
21380.00 1.364278e-12
21390.00 1.345980e-12
21400.00 1.364848e-12
21410.00 1.345047e-12
21420.00 1.335546e-12
21430.00 1.329975e-12
21440.00 1.303321e-12
21450.00 1.326826e-12
21460.00 1.303928e-12
21470.00 1.202936e-12
21480.00 1.199625e-12
21490.00 1.261279e-12
21500.00 1.233529e-12
21510.00 1.133933e-12
21520.00 1.094433e-12
21530.00 1.135057e-12
21540.00 1.149522e-12
21550.00 1.158332e-12
21560.00 1.153540e-12
21570.00 1.100006e-12
21580.00 1.063723e-12
21590.00 1.077922e-12
21600.00 1.101442e-12
21610.00 1.097371e-12
21620.00 1.039382e-12
21630.00 9.928231e-13
21640.00 9.818058e-13
21650.00 9.778174e-13
21660.00 9.770786e-13
21670.00 9.623411e-13
21680.00 9.660228e-13
21690.00 9.649062e-13
21700.00 9.684482e-13
21710.00 9.411242e-13
21720.00 8.809990e-13
21730.00 8.682539e-13
21740.00 8.366239e-13
21750.00 7.996946e-13
21760.00 8.164741e-13
21770.00 8.488137e-13
21780.00 8.390262e-13
21790.00 8.407979e-13
21800.00 8.487928e-13
21810.00 8.078466e-13
21820.00 7.472772e-13
21830.00 7.272734e-13
21840.00 7.702448e-13
21850.00 8.036403e-13
21860.00 7.889636e-13
21870.00 7.234925e-13
21880.00 6.735856e-13
21890.00 6.649038e-13
21900.00 6.616646e-13
21910.00 6.833167e-13
21920.00 6.835342e-13
21930.00 6.953455e-13
21940.00 6.867925e-13
21950.00 6.394975e-13
21960.00 6.506620e-13
21970.00 6.510501e-13
21980.00 6.205423e-13
21990.00 5.850918e-13
22000.00 5.811011e-13
22010.00 5.848515e-13
22020.00 5.707086e-13
22030.00 5.930783e-13
22040.00 5.810253e-13
22050.00 5.674076e-13
22060.00 5.750805e-13
22070.00 5.962365e-13
22080.00 5.626431e-13
22090.00 5.088060e-13
22100.00 5.694456e-13
22110.00 5.688881e-13
22120.00 5.185207e-13
22130.00 5.063930e-13
22140.00 5.123113e-13
22150.00 5.078236e-13
22160.00 4.684636e-13
22170.00 4.492301e-13
22180.00 4.819302e-13
22190.00 4.892652e-13
22200.00 4.701717e-13
22210.00 5.032244e-13
22220.00 5.135010e-13
22230.00 4.716692e-13
22240.00 4.368308e-13
22250.00 4.060418e-13
22260.00 3.998850e-13
22270.00 4.378702e-13
22280.00 4.244998e-13
22290.00 4.092190e-13
22300.00 4.324001e-13
22310.00 4.157340e-13
22320.00 4.043698e-13
22330.00 4.184220e-13
22340.00 4.133131e-13
22350.00 3.889982e-13
22360.00 3.935414e-13
22370.00 3.973239e-13
22380.00 3.884227e-13
22390.00 3.905464e-13
22400.00 3.969112e-13
22410.00 3.637956e-13
22420.00 3.453013e-13
22430.00 3.624766e-13
22440.00 3.511007e-13
22450.00 3.531077e-13
22460.00 3.424962e-13
22470.00 3.264833e-13
22480.00 3.293926e-13
22490.00 2.979603e-13
22500.00 2.843572e-13
22510.00 2.931370e-13
22520.00 3.036333e-13
22530.00 3.080548e-13
22540.00 2.903950e-13
22550.00 2.752207e-13
22560.00 2.754170e-13
22570.00 2.896364e-13
22580.00 3.011154e-13
22590.00 2.988327e-13
22600.00 2.822673e-13
22610.00 2.590022e-13
22620.00 2.522145e-13
22630.00 2.539485e-13
22640.00 2.487479e-13
22650.00 2.625206e-13
22660.00 2.698355e-13
22670.00 2.576140e-13
22680.00 2.318657e-13
22690.00 2.165212e-13
22700.00 2.262472e-13
22710.00 2.317652e-13
22720.00 2.307784e-13
22730.00 2.322924e-13
22740.00 2.356483e-13
22750.00 2.290284e-13
22760.00 2.233353e-13
22770.00 2.313439e-13
22780.00 2.194586e-13
22790.00 1.967135e-13
22800.00 1.997300e-13
22810.00 2.073433e-13
22820.00 2.070989e-13
22830.00 1.977466e-13
22840.00 1.835331e-13
22850.00 1.928300e-13
22860.00 1.929860e-13
22870.00 1.868774e-13
22880.00 1.836410e-13
22890.00 1.750878e-13
22900.00 1.765273e-13
22910.00 1.759881e-13
22920.00 1.815733e-13
22930.00 1.861380e-13
22940.00 1.757507e-13
22950.00 1.598035e-13
22960.00 1.570858e-13
22970.00 1.600826e-13
22980.00 1.408537e-13
22990.00 1.316561e-13
23000.00 1.521693e-13
23010.00 1.577931e-13
23020.00 1.557612e-13
23030.00 1.540917e-13
23040.00 1.345306e-13
23050.00 1.370556e-13
23060.00 1.437866e-13
23070.00 1.358959e-13
23080.00 1.462015e-13
23090.00 1.454425e-13
23100.00 1.301638e-13
23110.00 1.183601e-13
23120.00 1.108037e-13
23130.00 1.169363e-13
23140.00 1.222433e-13
23150.00 1.142161e-13
23160.00 1.085590e-13
23170.00 1.137360e-13
23180.00 1.153855e-13
23190.00 1.072497e-13
23200.00 1.069268e-13
23210.00 1.059881e-13
23220.00 1.027280e-13
23230.00 9.610191e-14
23240.00 9.347699e-14
23250.00 9.611127e-14
23260.00 8.686890e-14
23270.00 8.629310e-14
23280.00 8.783669e-14
23290.00 8.488256e-14
23300.00 8.617320e-14
23310.00 8.718051e-14
23320.00 8.576605e-14
23330.00 8.136974e-14
23340.00 8.340637e-14
23350.00 8.949983e-14
23360.00 8.997688e-14
23370.00 8.498382e-14
23380.00 7.474154e-14
23390.00 8.024427e-14
23400.00 8.482159e-14
23410.00 7.341361e-14
23420.00 6.668907e-14
23430.00 6.721494e-14
23440.00 6.047113e-14
23450.00 5.228502e-14
23460.00 5.908677e-14
23470.00 6.273182e-14
23480.00 5.973998e-14
23490.00 6.854148e-14
23500.00 7.112802e-14
23510.00 6.821471e-14
23520.00 7.192918e-14
23530.00 6.811999e-14
23540.00 6.350539e-14
23550.00 6.178980e-14
23560.00 5.641971e-14
23570.00 5.105836e-14
23580.00 5.390829e-14
23590.00 5.718020e-14
23600.00 5.161266e-14
23610.00 4.791770e-14
23620.00 5.321318e-14
23630.00 5.687643e-14
23640.00 4.761136e-14
23650.00 4.174133e-14
23660.00 4.768399e-14
23670.00 4.611938e-14
23680.00 3.817804e-14
23690.00 3.749500e-14
23700.00 4.533423e-14
23710.00 4.668181e-14
23720.00 4.079252e-14
23730.00 3.434231e-14
23740.00 3.201734e-14
23750.00 3.155940e-14
23760.00 3.499017e-14
23770.00 3.700594e-14
23780.00 3.471219e-14
23790.00 3.412337e-14
23800.00 3.597091e-14
23810.00 3.679565e-14
23820.00 3.153993e-14
23830.00 2.941125e-14
23840.00 3.144909e-14
23850.00 3.088832e-14
23860.00 2.770969e-14
23870.00 2.772820e-14
23880.00 2.714703e-14
23890.00 2.732071e-14
23900.00 2.764057e-14
23910.00 2.399843e-14
23920.00 2.304594e-14
23930.00 2.371592e-14
23940.00 2.382751e-14
23950.00 2.330801e-14
23960.00 2.248825e-14
23970.00 2.349521e-14
23980.00 2.217964e-14
23990.00 2.127570e-14
24000.00 2.104056e-14
24010.00 2.055757e-14
24020.00 2.028990e-14
24030.00 1.991598e-14
24040.00 2.259641e-14
24050.00 2.086115e-14
24060.00 1.914666e-14
24070.00 1.601882e-14
24080.00 1.220328e-14
24090.00 1.718517e-14
24100.00 2.026997e-14
24110.00 1.798439e-14
24120.00 1.594956e-14
24130.00 1.323004e-14
24140.00 1.168343e-14
24150.00 1.457592e-14
24160.00 1.533512e-14
24170.00 1.588424e-14
24180.00 1.378601e-14
24190.00 1.033113e-14
24200.00 9.605603e-15
24210.00 1.057680e-14
24220.00 1.402293e-14
24230.00 1.359075e-14
24240.00 1.135601e-14
24250.00 1.378271e-14
24260.00 1.417405e-14
24270.00 1.263937e-14
24280.00 1.232922e-14
24290.00 9.087127e-15
24300.00 7.938396e-15
24310.00 1.000324e-14
24320.00 9.656778e-15
24330.00 8.338709e-15
24340.00 8.295460e-15
24350.00 7.792739e-15
24360.00 9.367169e-15
24370.00 1.080638e-14
24380.00 9.115040e-15
24390.00 7.399723e-15
24400.00 7.467883e-15
24410.00 7.325802e-15
24420.00 6.662105e-15
24430.00 6.420452e-15
24440.00 6.198842e-15
24450.00 5.973817e-15
24460.00 5.790361e-15
24470.00 5.611113e-15
24480.00 5.436003e-15
24490.00 5.264968e-15
24500.00 5.097947e-15
24510.00 4.934872e-15
24520.00 4.775681e-15
24530.00 4.620313e-15
24540.00 4.468704e-15
24550.00 4.320794e-15
24560.00 4.176521e-15
24570.00 4.035825e-15
24580.00 3.898646e-15
24590.00 3.764925e-15
24600.00 3.634604e-15
24610.00 3.507623e-15
24620.00 3.383925e-15
24630.00 3.263454e-15
24640.00 3.146154e-15
24650.00 3.031966e-15
24660.00 2.920837e-15
24670.00 2.812712e-15
24680.00 2.707535e-15
24690.00 2.605255e-15
24700.00 2.505815e-15
24710.00 2.409166e-15
24720.00 2.315254e-15
24730.00 2.224028e-15
24740.00 2.135436e-15
24750.00 2.049427e-15
24760.00 1.965952e-15
24770.00 1.884962e-15
24780.00 1.806407e-15
24790.00 1.730238e-15
24800.00 1.656408e-15
24810.00 1.584870e-15
24820.00 1.515576e-15
24830.00 1.448479e-15
24840.00 1.383535e-15
24850.00 1.320699e-15
24860.00 1.259923e-15
24870.00 1.201165e-15
24880.00 1.144381e-15
24890.00 1.089527e-15
24900.00 1.036561e-15
24910.00 9.854400e-16
24920.00 9.361226e-16
24930.00 8.885678e-16
24940.00 8.427338e-16
24950.00 7.985807e-16
24960.00 7.560695e-16
24970.00 7.151596e-16
24980.00 6.758134e-16
24990.00 6.379918e-16
25000.00 6.016571e-16
