1000.00 2.617741e-15
1010.00 3.043088e-15
1020.00 3.502997e-15
1030.00 3.999287e-15
1040.00 4.541979e-15
1050.00 5.126961e-15
1060.00 5.757397e-15
1070.00 6.446151e-15
1080.00 7.186428e-15
1090.00 7.983222e-15
1100.00 8.851621e-15
1110.00 9.782147e-15
1120.00 1.078225e-14
1130.00 1.186848e-14
1140.00 1.302876e-14
1150.00 1.427371e-14
1160.00 1.562044e-14
1170.00 1.705434e-14
1180.00 1.859014e-14
1190.00 2.024424e-14
1200.00 2.199984e-14
1210.00 2.387664e-14
1220.00 2.588892e-14
1230.00 2.801811e-14
1240.00 3.028984e-14
1250.00 3.272093e-14
1260.00 3.529609e-14
1270.00 3.806506e-14
1280.00 4.104539e-14
1290.00 4.420814e-14
1300.00 4.761743e-14
1310.00 5.127541e-14
1320.00 5.515096e-14
1330.00 5.932917e-14
1340.00 6.379778e-14
1350.00 6.852445e-14
1360.00 7.362069e-14
1370.00 7.905363e-14
1380.00 8.479113e-14
1390.00 9.097773e-14
1400.00 9.755208e-14
1410.00 1.044842e-13
1420.00 1.119596e-13
1430.00 1.198788e-13
1440.00 1.282167e-13
1450.00 1.372090e-13
1460.00 1.467064e-13
1470.00 1.566918e-13
1480.00 1.674632e-13
1490.00 1.788064e-13
1500.00 1.907170e-13
1510.00 2.035686e-13
1520.00 2.170650e-13
1530.00 2.312426e-13
1540.00 2.464985e-13
1550.00 2.625017e-13
1560.00 2.793223e-13
1570.00 2.973759e-13
1580.00 3.162954e-13
1590.00 3.361956e-13
1600.00 3.575051e-13
1610.00 3.798184e-13
1620.00 4.033095e-13
1630.00 4.284125e-13
1640.00 4.546818e-13
1650.00 4.823693e-13
1660.00 5.119053e-13
1670.00 5.428007e-13
1680.00 5.754122e-13
1690.00 6.101519e-13
1700.00 6.464818e-13
1710.00 6.848960e-13
1720.00 7.257672e-13
1730.00 7.685147e-13
1740.00 8.138286e-13
1750.00 8.620236e-13
1760.00 9.124619e-13
1770.00 9.661051e-13
1780.00 1.023163e-12
1790.00 1.082933e-12
1800.00 1.146764e-12
1810.00 1.214687e-12
1820.00 1.285937e-12
1830.00 1.362407e-12
1840.00 1.443847e-12
1850.00 1.529422e-12
1860.00 1.621814e-12
1870.00 1.720310e-12
1880.00 1.824014e-12
1890.00 1.936743e-12
1900.00 2.057030e-12
1910.00 2.183946e-12
1920.00 2.322901e-12
1930.00 2.471227e-12
1940.00 2.628019e-12
1950.00 2.800832e-12
1960.00 2.985128e-12
1970.00 3.180150e-12
1980.00 3.396053e-12
1990.00 3.625571e-12
2000.00 3.868305e-12
2010.00 4.136905e-12
2020.00 4.420615e-12
2030.00 4.720405e-12
2040.00 5.047717e-12
2050.00 5.390628e-12
2060.00 5.750765e-12
2070.00 6.135183e-12
2080.00 6.532635e-12
2090.00 6.944500e-12
2100.00 7.370467e-12
2110.00 7.803092e-12
2120.00 8.241837e-12
2130.00 8.678973e-12
2140.00 9.113916e-12
2150.00 9.542782e-12
2160.00 9.954750e-12
2170.00 1.035662e-11
2180.00 1.074141e-11
2190.00 1.110126e-11
2200.00 1.144729e-11
2210.00 1.177155e-11
2220.00 1.207225e-11
2230.00 1.236033e-11
2240.00 1.262937e-11
2250.00 1.288249e-11
2260.00 1.312738e-11
2270.00 1.336062e-11
2280.00 1.358707e-11
2290.00 1.381055e-11
2300.00 1.403085e-11
2310.00 1.425192e-11
2320.00 1.447465e-11
2330.00 1.470151e-11
2340.00 1.493425e-11
2350.00 1.517208e-11
2360.00 1.541948e-11
2370.00 1.567582e-11
2380.00 1.593955e-11
2390.00 1.621666e-11
2400.00 1.650430e-11
2410.00 1.680082e-11
2420.00 1.711334e-11
2430.00 1.743709e-11
2440.00 1.777072e-11
2450.00 1.812221e-11
2460.00 1.848519e-11
2470.00 1.885872e-11
2480.00 1.925155e-11
2490.00 1.889191e-11
2500.00 1.781402e-11
2510.00 1.569288e-11
2520.00 1.476999e-11
2530.00 1.636212e-11
2540.00 1.975103e-11
2550.00 2.279381e-11
2560.00 2.510247e-11
2570.00 2.587292e-11
2580.00 2.816416e-11
2590.00 2.631910e-11
2600.00 2.758111e-11
2610.00 2.888286e-11
2620.00 2.605661e-11
2630.00 2.593258e-11
2640.00 2.476130e-11
2650.00 2.273149e-11
2660.00 2.442291e-11
2670.00 2.385554e-11
2680.00 2.622660e-11
2690.00 3.223558e-11
2700.00 4.320909e-11
2710.00 5.561140e-11
2720.00 6.729415e-11
2730.00 7.589594e-11
2740.00 7.800209e-11
2750.00 7.462869e-11
2760.00 7.668104e-11
2770.00 7.392687e-11
2780.00 7.730841e-11
2790.00 7.578550e-11
2800.00 8.151576e-11
2810.00 8.043910e-11
2820.00 7.802964e-11
2830.00 7.742610e-11
2840.00 7.611586e-11
2850.00 7.445942e-11
2860.00 7.694281e-11
2870.00 7.645081e-11
2880.00 7.846686e-11
2890.00 8.174571e-11
2900.00 8.431408e-11
2910.00 9.263797e-11
2920.00 9.690754e-11
2930.00 1.024539e-10
2940.00 1.047592e-10
2950.00 1.045164e-10
2960.00 1.055648e-10
2970.00 1.029444e-10
2980.00 1.011714e-10
2990.00 9.974756e-11
3000.00 9.543482e-11
3010.00 9.182038e-11
3020.00 9.080176e-11
3030.00 8.631099e-11
3040.00 8.720280e-11
3050.00 9.205418e-11
3060.00 9.286398e-11
3070.00 9.474462e-11
3080.00 9.426314e-11
3090.00 9.658984e-11
3100.00 9.919676e-11
3110.00 9.578007e-11
3120.00 1.017868e-10
3130.00 1.090047e-10
3140.00 1.092326e-10
3150.00 1.144394e-10
3160.00 1.167652e-10
3170.00 1.200917e-10
3180.00 1.242409e-10
3190.00 1.332930e-10
3200.00 1.335823e-10
3210.00 1.397529e-10
3220.00 1.328162e-10
3230.00 1.307175e-10
3240.00 1.230440e-10
3250.00 1.239187e-10
3260.00 1.213763e-10
3270.00 1.190847e-10
3280.00 1.161676e-10
3290.00 1.169429e-10
3300.00 1.158016e-10
3310.00 1.200154e-10
3320.00 1.241936e-10
3330.00 1.335365e-10
3340.00 1.345270e-10
3350.00 1.439167e-10
3360.00 1.437678e-10
3370.00 1.461852e-10
3380.00 1.497301e-10
3390.00 1.511871e-10
3400.00 1.553255e-10
3410.00 1.658830e-10
3420.00 1.673570e-10
3430.00 1.744641e-10
3440.00 1.842504e-10
3450.00 1.915870e-10
3460.00 1.975049e-10
3470.00 1.956946e-10
3480.00 2.076820e-10
3490.00 2.102046e-10
3500.00 2.131789e-10
3510.00 2.134362e-10
3520.00 2.190831e-10
3530.00 2.290556e-10
3540.00 2.456336e-10
3550.00 2.623462e-10
3560.00 2.685036e-10
3570.00 2.653023e-10
3580.00 2.697658e-10
3590.00 2.841018e-10
3600.00 2.994393e-10
3610.00 3.024022e-10
3620.00 3.022789e-10
3630.00 3.034994e-10
3640.00 2.951040e-10
3650.00 2.928280e-10
3660.00 3.025435e-10
3670.00 3.165286e-10
3680.00 3.282247e-10
3690.00 3.411832e-10
3700.00 3.624056e-10
3710.00 3.732658e-10
3720.00 3.831227e-10
3730.00 3.877916e-10
3740.00 3.833933e-10
3750.00 3.686771e-10
3760.00 3.392733e-10
3770.00 3.264799e-10
3780.00 2.897841e-10
3790.00 2.608643e-10
3800.00 2.271851e-10
3810.00 2.085049e-10
3820.00 1.920888e-10
3830.00 1.851022e-10
3840.00 1.842228e-10
3850.00 1.980293e-10
3860.00 2.173732e-10
3870.00 2.366340e-10
3880.00 2.602703e-10
3890.00 2.973792e-10
3900.00 3.404301e-10
3910.00 3.767670e-10
3920.00 4.032563e-10
3930.00 4.358032e-10
3940.00 4.615925e-10
3950.00 4.887818e-10
3960.00 5.045962e-10
3970.00 5.203808e-10
3980.00 5.234445e-10
3990.00 5.380459e-10
4000.00 5.383798e-10
4010.00 5.255647e-10
4020.00 5.076444e-10
4030.00 4.803696e-10
4040.00 4.495600e-10
4050.00 4.231548e-10
4060.00 3.906652e-10
4070.00 3.542897e-10
4080.00 3.659198e-10
4090.00 3.471932e-10
4100.00 3.323220e-10
4110.00 3.308704e-10
4120.00 3.131526e-10
4130.00 2.972024e-10
4140.00 2.935195e-10
4150.00 2.992567e-10
4160.00 2.950122e-10
4170.00 2.982248e-10
4180.00 2.857568e-10
4190.00 2.824395e-10
4200.00 2.907610e-10
4210.00 2.982460e-10
4220.00 3.026056e-10
4230.00 3.238134e-10
4240.00 3.171232e-10
4250.00 3.083917e-10
4260.00 3.137708e-10
4270.00 3.378813e-10
4280.00 3.285454e-10
4290.00 3.306789e-10
4300.00 3.290222e-10
4310.00 3.261069e-10
4320.00 3.298698e-10
4330.00 3.178353e-10
4340.00 3.267392e-10
4350.00 3.136397e-10
4360.00 3.092196e-10
4370.00 3.013360e-10
4380.00 2.803913e-10
4390.00 2.461320e-10
4400.00 2.368594e-10
4410.00 2.256454e-10
4420.00 2.059043e-10
4430.00 2.004269e-10
4440.00 1.894391e-10
4450.00 1.910346e-10
4460.00 1.937415e-10
4470.00 1.962956e-10
4480.00 2.009970e-10
4490.00 2.118957e-10
4500.00 2.264652e-10
4510.00 2.476223e-10
4520.00 2.685459e-10
4530.00 2.962322e-10
4540.00 3.245715e-10
4550.00 3.425622e-10
4560.00 3.656396e-10
4570.00 3.902277e-10
4580.00 4.162185e-10
4590.00 4.458083e-10
4600.00 4.588687e-10
4610.00 4.844010e-10
4620.00 4.918265e-10
4630.00 4.821545e-10
4640.00 4.668434e-10
4650.00 4.595541e-10
4660.00 4.451249e-10
4670.00 4.305722e-10
4680.00 4.114034e-10
4690.00 3.818101e-10
4700.00 3.541940e-10
4710.00 3.059159e-10
4720.00 2.803431e-10
4730.00 2.503475e-10
4740.00 2.279408e-10
4750.00 2.223728e-10
4760.00 2.176661e-10
4770.00 2.143594e-10
4780.00 2.100120e-10
4790.00 2.072965e-10
4800.00 2.131404e-10
4810.00 2.162140e-10
4820.00 2.165558e-10
4830.00 2.229115e-10
4840.00 2.327251e-10
4850.00 2.439562e-10
4860.00 2.549160e-10
4870.00 2.510315e-10
4880.00 2.556815e-10
4890.00 2.612334e-10
4900.00 2.660803e-10
4910.00 2.742683e-10
4920.00 2.812261e-10
4930.00 2.927393e-10
4940.00 3.005321e-10
4950.00 3.159190e-10
4960.00 3.167575e-10
4970.00 3.143386e-10
4980.00 3.160280e-10
4990.00 3.049192e-10
5000.00 2.854689e-10
5010.00 2.690410e-10
5020.00 2.434893e-10
5030.00 2.262805e-10
5040.00 2.039481e-10
5050.00 1.965158e-10
5060.00 1.911933e-10
5070.00 1.907038e-10
5080.00 1.849959e-10
5090.00 1.818741e-10
5100.00 1.790591e-10
5110.00 1.790718e-10
5120.00 1.867751e-10
5130.00 1.865285e-10
5140.00 1.846081e-10
5150.00 1.869022e-10
5160.00 1.856229e-10
5170.00 1.922540e-10
5180.00 1.990369e-10
5190.00 2.124094e-10
5200.00 2.219733e-10
5210.00 2.328702e-10
5220.00 2.356176e-10
5230.00 2.509257e-10
5240.00 2.757389e-10
5250.00 2.838263e-10
5260.00 3.007328e-10
5270.00 2.974005e-10
5280.00 3.073791e-10
5290.00 3.372824e-10
5300.00 3.428900e-10
5310.00 3.349625e-10
5320.00 3.687233e-10
5330.00 3.703289e-10
5340.00 3.713915e-10
5350.00 3.729403e-10
5360.00 3.736434e-10
5370.00 3.652686e-10
5380.00 3.664326e-10
5390.00 3.703044e-10
5400.00 3.658160e-10
5410.00 4.007667e-10
5420.00 4.040549e-10
5430.00 4.031470e-10
5440.00 4.125560e-10
5450.00 4.522419e-10
5460.00 4.766794e-10
5470.00 4.906099e-10
5480.00 5.400072e-10
5490.00 5.414923e-10
5500.00 5.646796e-10
5510.00 5.849185e-10
5520.00 5.949258e-10
5530.00 5.980006e-10
5540.00 5.673895e-10
5550.00 5.708060e-10
5560.00 5.611393e-10
5570.00 5.574671e-10
5580.00 5.533494e-10
5590.00 5.047166e-10
5600.00 4.880252e-10
5610.00 4.599767e-10
5620.00 4.261961e-10
5630.00 4.033816e-10
5640.00 3.848895e-10
5650.00 3.578075e-10
5660.00 3.335912e-10
5670.00 3.127382e-10
5680.00 2.831197e-10
5690.00 2.780623e-10
5700.00 2.718856e-10
5710.00 2.862319e-10
5720.00 2.879260e-10
5730.00 3.000448e-10
5740.00 3.210441e-10
5750.00 3.234081e-10
5760.00 3.371066e-10
5770.00 3.414081e-10
5780.00 3.751130e-10
5790.00 4.086813e-10
5800.00 4.230681e-10
5810.00 4.540430e-10
5820.00 4.782908e-10
5830.00 5.101771e-10
5840.00 5.101543e-10
5850.00 5.275089e-10
5860.00 5.310640e-10
5870.00 5.561142e-10
5880.00 5.429082e-10
5890.00 5.011972e-10
5900.00 3.852079e-10
5910.00 4.700114e-10
5920.00 4.815567e-10
5930.00 4.753704e-10
5940.00 4.236312e-10
5950.00 4.120405e-10
5960.00 3.981305e-10
5970.00 3.878026e-10
5980.00 3.674592e-10
5990.00 3.626538e-10
6000.00 3.571484e-10
6010.00 3.301626e-10
6020.00 3.365149e-10
6030.00 3.313256e-10
6040.00 3.331186e-10
6050.00 3.331758e-10
6060.00 3.481187e-10
6070.00 3.621801e-10
6080.00 3.583468e-10
6090.00 3.666172e-10
6100.00 3.513326e-10
6110.00 3.556395e-10
6120.00 3.547528e-10
6130.00 3.430082e-10
6140.00 3.493544e-10
6150.00 3.750061e-10
6160.00 3.660876e-10
6170.00 3.551832e-10
6180.00 3.352260e-10
6190.00 3.400062e-10
6200.00 3.442709e-10
6210.00 3.348946e-10
6220.00 3.271812e-10
6230.00 3.431918e-10
6240.00 3.399117e-10
6250.00 3.322669e-10
6260.00 3.501563e-10
6270.00 3.343754e-10
6280.00 3.187122e-10
6290.00 3.128815e-10
6300.00 3.115851e-10
6310.00 3.053795e-10
6320.00 3.072027e-10
6330.00 3.079793e-10
6340.00 3.160903e-10
6350.00 3.313105e-10
6360.00 3.453623e-10
6370.00 3.539554e-10
6380.00 3.753387e-10
6390.00 3.832758e-10
6400.00 4.057191e-10
6410.00 4.248824e-10
6420.00 4.357680e-10
6430.00 4.524266e-10
6440.00 4.754936e-10
6450.00 4.901361e-10
6460.00 5.006367e-10
6470.00 5.157017e-10
6480.00 5.260097e-10
6490.00 5.285083e-10
6500.00 5.404255e-10
6510.00 5.451494e-10
6520.00 5.404915e-10
6530.00 5.371072e-10
6540.00 5.323212e-10
6550.00 5.276403e-10
6560.00 5.195873e-10
6570.00 5.085137e-10
6580.00 4.920121e-10
6590.00 4.803594e-10
6600.00 4.687892e-10
6610.00 4.493178e-10
6620.00 4.322779e-10
6630.00 4.110806e-10
6640.00 3.965944e-10
6650.00 3.770074e-10
6660.00 3.576817e-10
6670.00 3.415766e-10
6680.00 3.253214e-10
6690.00 3.119739e-10
6700.00 2.961048e-10
6710.00 2.827950e-10
6720.00 2.718421e-10
6730.00 2.647436e-10
6740.00 2.528229e-10
6750.00 2.451793e-10
6760.00 2.339939e-10
6770.00 2.277580e-10
6780.00 2.091708e-10
6790.00 2.110312e-10
6800.00 2.024254e-10
6810.00 1.950330e-10
6820.00 1.967234e-10
6830.00 1.881661e-10
6840.00 1.852801e-10
6850.00 1.892824e-10
6860.00 1.871025e-10
6870.00 1.767052e-10
6880.00 1.767834e-10
6890.00 1.730087e-10
6900.00 1.769439e-10
6910.00 1.776403e-10
6920.00 1.793499e-10
6930.00 1.820130e-10
6940.00 1.835622e-10
6950.00 1.819705e-10
6960.00 1.799908e-10
6970.00 1.794744e-10
6980.00 1.793984e-10
6990.00 1.777676e-10
7000.00 1.747131e-10
7010.00 1.770472e-10
7020.00 1.773935e-10
7030.00 1.742234e-10
7040.00 1.755653e-10
7050.00 1.704796e-10
7060.00 1.678436e-10
7070.00 1.722159e-10
7080.00 1.679693e-10
7090.00 1.683804e-10
7100.00 1.682893e-10
7110.00 1.674805e-10
7120.00 1.664769e-10
7130.00 1.706736e-10
7140.00 1.739964e-10
7150.00 1.775105e-10
7160.00 1.765282e-10
7170.00 1.740007e-10
7180.00 1.743907e-10
7190.00 1.810362e-10
7200.00 1.885881e-10
7210.00 1.913819e-10
7220.00 1.881166e-10
7230.00 1.853341e-10
7240.00 1.865153e-10
7250.00 1.912396e-10
7260.00 1.944674e-10
7270.00 2.055354e-10
7280.00 2.079140e-10
7290.00 2.071317e-10
7300.00 2.081267e-10
7310.00 2.129497e-10
7320.00 2.175237e-10
7330.00 2.217235e-10
7340.00 2.224839e-10
7350.00 2.246373e-10
7360.00 2.260598e-10
7370.00 2.262516e-10
7380.00 2.283273e-10
7390.00 2.283031e-10
7400.00 2.286017e-10
7410.00 2.292516e-10
7420.00 2.260387e-10
7430.00 2.299683e-10
7440.00 2.286150e-10
7450.00 2.207964e-10
7460.00 2.207765e-10
7470.00 2.201197e-10
7480.00 2.176348e-10
7490.00 2.125869e-10
7500.00 1.810833e-10
7510.00 1.771969e-10
7520.00 1.917590e-10
7530.00 1.757216e-10
7540.00 1.768283e-10
7550.00 1.778521e-10
7560.00 1.699168e-10
7570.00 1.716119e-10
7580.00 1.737941e-10
7590.00 1.728769e-10
7600.00 1.773913e-10
7610.00 1.805565e-10
7620.00 1.739536e-10
7630.00 1.393501e-10
7640.00 1.627974e-10
7650.00 1.810592e-10
7660.00 1.733593e-10
7670.00 1.863712e-10
7680.00 2.012729e-10
7690.00 2.211654e-10
7700.00 2.277332e-10
7710.00 2.314828e-10
7720.00 2.407594e-10
7730.00 2.428442e-10
7740.00 2.362062e-10
7750.00 2.430725e-10
7760.00 2.423658e-10
7770.00 2.329821e-10
7780.00 2.345683e-10
7790.00 2.351396e-10
7800.00 2.337472e-10
7810.00 2.212391e-10
7820.00 2.174280e-10
7830.00 2.184135e-10
7840.00 2.056741e-10
7850.00 2.032988e-10
7860.00 2.022164e-10
7870.00 1.940134e-10
7880.00 1.841770e-10
7890.00 1.815910e-10
7900.00 1.738822e-10
7910.00 1.685207e-10
7920.00 1.640438e-10
7930.00 1.612237e-10
7940.00 1.551646e-10
7950.00 1.514555e-10
7960.00 1.430946e-10
7970.00 1.441870e-10
7980.00 1.427586e-10
7990.00 1.353295e-10
8000.00 1.310608e-10
8010.00 1.336479e-10
8020.00 1.322566e-10
8030.00 1.237240e-10
8040.00 1.259184e-10
8050.00 1.220927e-10
8060.00 1.202999e-10
8070.00 1.207192e-10
8080.00 1.179908e-10
8090.00 1.108255e-10
8100.00 1.048968e-10
8110.00 1.067811e-10
8120.00 9.655286e-11
8130.00 9.633207e-11
8140.00 9.005582e-11
8150.00 8.912491e-11
8160.00 8.415268e-11
8170.00 7.687719e-11
8180.00 7.868087e-11
8190.00 7.110021e-11
8200.00 6.742143e-11
8210.00 6.476024e-11
8220.00 6.081908e-11
8230.00 5.465539e-11
8240.00 5.030846e-11
8250.00 4.673712e-11
8260.00 3.813551e-11
8270.00 3.721165e-11
8280.00 3.554327e-11
8290.00 3.799405e-11
8300.00 3.918433e-11
8310.00 3.746088e-11
8320.00 3.899671e-11
8330.00 4.358229e-11
8340.00 4.353683e-11
8350.00 4.957284e-11
8360.00 5.770034e-11
8370.00 5.952671e-11
8380.00 6.632100e-11
8390.00 7.366163e-11
8400.00 7.779078e-11
8410.00 8.540816e-11
8420.00 9.661687e-11
8430.00 1.023535e-10
8440.00 1.069489e-10
8450.00 1.100020e-10
8460.00 1.146412e-10
8470.00 1.187191e-10
8480.00 1.286904e-10
8490.00 1.437944e-10
8500.00 1.489328e-10
8510.00 1.511913e-10
8520.00 1.524501e-10
8530.00 1.549180e-10
8540.00 1.620331e-10
8550.00 1.795692e-10
8560.00 1.946272e-10
8570.00 1.976794e-10
8580.00 1.916199e-10
8590.00 1.876740e-10
8600.00 1.855352e-10
8610.00 1.978303e-10
8620.00 2.061098e-10
8630.00 2.075372e-10
8640.00 2.012757e-10
8650.00 2.005027e-10
8660.00 2.029110e-10
8670.00 1.999352e-10
8680.00 2.002609e-10
8690.00 2.079682e-10
8700.00 2.054467e-10
8710.00 1.977853e-10
8720.00 1.964281e-10
8730.00 2.034626e-10
8740.00 2.044998e-10
8750.00 2.009153e-10
8760.00 2.066095e-10
8770.00 2.031685e-10
8780.00 1.941537e-10
8790.00 1.899369e-10
8800.00 1.998385e-10
8810.00 2.088357e-10
8820.00 2.009195e-10
8830.00 1.919542e-10
8840.00 1.825615e-10
8850.00 1.730111e-10
8860.00 1.748974e-10
8870.00 1.721787e-10
8880.00 1.789334e-10
8890.00 1.759989e-10
8900.00 1.615943e-10
8910.00 1.507325e-10
8920.00 1.502771e-10
8930.00 1.537162e-10
8940.00 1.497987e-10
8950.00 1.447269e-10
8960.00 1.448251e-10
8970.00 1.413803e-10
8980.00 1.378535e-10
8990.00 1.349035e-10
9000.00 1.324011e-10
9010.00 1.314163e-10
9020.00 1.238949e-10
9030.00 1.200215e-10
9040.00 1.216987e-10
9050.00 1.200994e-10
9060.00 1.177226e-10
9070.00 1.197572e-10
9080.00 1.184650e-10
9090.00 1.159133e-10
9100.00 1.173538e-10
9110.00 1.133215e-10
9120.00 1.100803e-10
9130.00 1.113000e-10
9140.00 1.108792e-10
9150.00 1.113023e-10
9160.00 1.084090e-10
9170.00 1.082607e-10
9180.00 1.051111e-10
9190.00 9.522999e-11
9200.00 9.447341e-11
9210.00 9.343884e-11
9220.00 9.488423e-11
9230.00 9.618791e-11
9240.00 1.051213e-10
9250.00 1.093863e-10
9260.00 9.579301e-11
9270.00 8.757239e-11
9280.00 8.548745e-11
9290.00 8.353372e-11
9300.00 8.429283e-11
9310.00 8.871797e-11
9320.00 9.796278e-11
9330.00 8.901104e-11
9340.00 8.220687e-11
9350.00 7.546331e-11
9360.00 7.628189e-11
9370.00 7.474201e-11
9380.00 8.069284e-11
9390.00 8.774366e-11
9400.00 1.013079e-10
9410.00 9.321180e-11
9420.00 7.713722e-11
9430.00 7.681119e-11
9440.00 7.471587e-11
9450.00 7.659296e-11
9460.00 8.433972e-11
9470.00 8.452779e-11
9480.00 8.294931e-11
9490.00 8.059198e-11
9500.00 7.986138e-11
9510.00 7.682158e-11
9520.00 7.877909e-11
9530.00 7.203524e-11
9540.00 7.594126e-11
9550.00 8.723919e-11
9560.00 8.089597e-11
9570.00 7.757690e-11
9580.00 7.644073e-11
9590.00 7.140861e-11
9600.00 7.056944e-11
9610.00 7.015686e-11
9620.00 7.201879e-11
9630.00 7.099909e-11
9640.00 6.704676e-11
9650.00 6.604526e-11
9660.00 6.427347e-11
9670.00 6.306376e-11
9680.00 6.362765e-11
9690.00 6.253080e-11
9700.00 6.285770e-11
9710.00 6.333069e-11
9720.00 6.832215e-11
9730.00 7.153768e-11
9740.00 6.542601e-11
9750.00 6.316313e-11
9760.00 6.682363e-11
9770.00 6.660808e-11
9780.00 6.965644e-11
9790.00 7.044796e-11
9800.00 6.932372e-11
9810.00 7.761546e-11
9820.00 7.515487e-11
9830.00 6.880968e-11
9840.00 7.216724e-11
9850.00 7.608576e-11
9860.00 8.048480e-11
9870.00 7.739406e-11
9880.00 7.565972e-11
9890.00 8.704605e-11
9900.00 8.362630e-11
9910.00 7.710041e-11
9920.00 7.744143e-11
9930.00 7.786605e-11
9940.00 7.909105e-11
9950.00 7.636403e-11
9960.00 7.408492e-11
9970.00 6.727460e-11
9980.00 7.650455e-11
9990.00 7.090472e-11
10000.00 6.829089e-11
10010.00 6.756842e-11
10020.00 6.926657e-11
10030.00 7.339106e-11
10040.00 6.870134e-11
10050.00 6.611756e-11
10060.00 6.569699e-11
10070.00 6.528027e-11
10080.00 6.486589e-11
10090.00 6.445389e-11
10100.00 6.404564e-11
10110.00 6.363971e-11
10120.00 6.323610e-11
10130.00 6.283614e-11
10140.00 6.243845e-11
10150.00 6.204305e-11
10160.00 6.165120e-11
10170.00 6.126156e-11
10180.00 6.087418e-11
10190.00 6.049026e-11
10200.00 6.010850e-11
10210.00 5.972896e-11
10220.00 5.935279e-11
10230.00 5.897873e-11
10240.00 5.860684e-11
10250.00 5.823826e-11
10260.00 5.787174e-11
10270.00 5.750735e-11
10280.00 5.714617e-11
10290.00 5.678702e-11
10300.00 5.642995e-11
10310.00 5.607602e-11
10320.00 5.572407e-11
10330.00 5.537417e-11
10340.00 5.502733e-11
10350.00 5.468241e-11
10360.00 5.433953e-11
10370.00 5.399962e-11
10380.00 5.366161e-11
10390.00 5.332557e-11
10400.00 5.299243e-11
10410.00 5.266116e-11
10420.00 5.233182e-11
10430.00 5.200533e-11
10440.00 5.168064e-11
10450.00 5.135786e-11
10460.00 5.103785e-11
10470.00 5.071962e-11
10480.00 5.040325e-11
10490.00 5.008958e-11
10500.00 4.977766e-11
10510.00 4.946759e-11
10520.00 4.916014e-11
10530.00 4.885438e-11
10540.00 4.855042e-11
10550.00 4.824904e-11
10560.00 4.794933e-11
10570.00 4.765138e-11
10580.00 4.735595e-11
10590.00 4.706215e-11
10600.00 4.677007e-11
10610.00 4.648044e-11
10620.00 4.619242e-11
10630.00 4.590609e-11
10640.00 4.562217e-11
10650.00 4.533980e-11
10660.00 4.505910e-11
10670.00 4.478075e-11
10680.00 4.450391e-11
10690.00 4.422872e-11
10700.00 4.395581e-11
10710.00 4.368439e-11
10720.00 4.341459e-11
10730.00 4.314701e-11
10740.00 4.288090e-11
10750.00 4.261636e-11
10760.00 4.235400e-11
10770.00 4.209308e-11
10780.00 4.183371e-11
10790.00 4.157647e-11
10800.00 4.132062e-11
10810.00 4.106630e-11
10820.00 4.081406e-11
10830.00 4.056318e-11
10840.00 4.031381e-11
10850.00 4.006646e-11
10860.00 3.982046e-11
10870.00 3.957592e-11
10880.00 3.933336e-11
10890.00 3.909212e-11
10900.00 3.885232e-11
10910.00 3.861446e-11
10920.00 3.837788e-11
10930.00 3.814273e-11
10940.00 3.790946e-11
10950.00 3.767743e-11
10960.00 3.744682e-11
10970.00 3.721806e-11
10980.00 3.699052e-11
10990.00 3.676435e-11
11000.00 3.653998e-11
11010.00 3.631682e-11
11020.00 3.609499e-11
11030.00 3.587494e-11
11040.00 3.565607e-11
11050.00 3.543851e-11
11060.00 3.522267e-11
11070.00 3.500799e-11
11080.00 3.479462e-11
11090.00 3.458292e-11
11100.00 3.437235e-11
11110.00 3.416305e-11
11120.00 3.395541e-11
11130.00 3.374886e-11
11140.00 3.354357e-11
11150.00 3.333988e-11
11160.00 3.313728e-11
11170.00 3.293591e-11
11180.00 3.273611e-11
11190.00 3.253737e-11
11200.00 3.233984e-11
11210.00 3.214384e-11
11220.00 3.194889e-11
11230.00 3.175512e-11
11240.00 3.156284e-11
11250.00 3.137159e-11
11260.00 3.118151e-11
11270.00 3.099288e-11
11280.00 3.080525e-11
11290.00 3.061878e-11
11300.00 3.043373e-11
11310.00 3.024966e-11
11320.00 3.006672e-11
11330.00 2.988517e-11
11340.00 2.970458e-11
11350.00 2.952510e-11
11360.00 2.934698e-11
11370.00 2.916981e-11
11380.00 2.899372e-11
11390.00 2.881896e-11
11400.00 2.864512e-11
11410.00 2.847237e-11
11420.00 2.830090e-11
11430.00 2.813033e-11
11440.00 2.796082e-11
11450.00 2.779258e-11
11460.00 2.762523e-11
11470.00 2.745891e-11
11480.00 2.729383e-11
11490.00 2.712963e-11
11500.00 2.696644e-11
11510.00 2.680446e-11
11520.00 2.664334e-11
11530.00 2.648320e-11
11540.00 2.632426e-11
11550.00 2.616614e-11
11560.00 2.600902e-11
11570.00 2.585304e-11
11580.00 2.569789e-11
11590.00 2.554370e-11
11600.00 2.539064e-11
11610.00 2.523838e-11
11620.00 2.508707e-11
11630.00 2.493687e-11
11640.00 2.478746e-11
11650.00 2.463897e-11
11660.00 2.449157e-11
11670.00 2.434494e-11
11680.00 2.419922e-11
11690.00 2.405456e-11
11700.00 2.391066e-11
11710.00 2.376765e-11
11720.00 2.362568e-11
11730.00 2.348445e-11
11740.00 2.334411e-11
11750.00 2.320478e-11
11760.00 2.306617e-11
11770.00 2.292843e-11
11780.00 2.279167e-11
11790.00 2.265563e-11
11800.00 2.252045e-11
11810.00 2.238623e-11
11820.00 2.225271e-11
11830.00 2.212003e-11
11840.00 2.198829e-11
11850.00 2.185723e-11
11860.00 2.172701e-11
11870.00 2.159770e-11
11880.00 2.146907e-11
11890.00 2.134124e-11
11900.00 2.121433e-11
11910.00 2.108806e-11
11920.00 2.096260e-11
11930.00 2.083802e-11
11940.00 2.071409e-11
11950.00 2.059093e-11
11960.00 2.046865e-11
11970.00 2.034700e-11
11980.00 2.022610e-11
11990.00 2.010607e-11
12000.00 1.998665e-11
12010.00 1.986799e-11
12020.00 1.975015e-11
12030.00 1.963293e-11
12040.00 1.951643e-11
12050.00 1.940077e-11
12060.00 1.928569e-11
12070.00 1.917134e-11
12080.00 1.905778e-11
12090.00 1.894481e-11
12100.00 1.883257e-11
12110.00 1.872109e-11
12120.00 1.861018e-11
12130.00 1.849999e-11
12140.00 1.839054e-11
12150.00 1.828166e-11
12160.00 1.817348e-11
12170.00 1.806604e-11
12180.00 1.795914e-11
12190.00 1.785293e-11
12200.00 1.774746e-11
12210.00 1.764250e-11
12220.00 1.753824e-11
12230.00 1.743468e-11
12240.00 1.733164e-11
12250.00 1.722928e-11
12260.00 1.712760e-11
12270.00 1.702645e-11
12280.00 1.692594e-11
12290.00 1.682611e-11
12300.00 1.672679e-11
12310.00 1.662811e-11
12320.00 1.653009e-11
12330.00 1.643257e-11
12340.00 1.633569e-11
12350.00 1.623945e-11
12360.00 1.614370e-11
12370.00 1.604856e-11
12380.00 1.595407e-11
12390.00 1.586006e-11
12400.00 1.576665e-11
12410.00 1.567387e-11
12420.00 1.558155e-11
12430.00 1.548984e-11
12440.00 1.539873e-11
12450.00 1.530809e-11
12460.00 1.521802e-11
12470.00 1.512857e-11
12480.00 1.503956e-11
12490.00 1.495113e-11
12500.00 1.486329e-11
12510.00 1.477588e-11
12520.00 1.468906e-11
12530.00 1.460279e-11
12540.00 1.451696e-11
12550.00 1.443169e-11
12560.00 1.434698e-11
12570.00 1.426271e-11
12580.00 1.417897e-11
12590.00 1.409578e-11
12600.00 1.401302e-11
12610.00 1.393080e-11
12620.00 1.384911e-11
12630.00 1.376782e-11
12640.00 1.368708e-11
12650.00 1.360686e-11
12660.00 1.352704e-11
12670.00 1.344775e-11
12680.00 1.336896e-11
12690.00 1.329057e-11
12700.00 1.321270e-11
12710.00 1.313533e-11
12720.00 1.305834e-11
12730.00 1.298187e-11
12740.00 1.290588e-11
12750.00 1.283028e-11
12760.00 1.275518e-11
12770.00 1.268054e-11
12780.00 1.260630e-11
12790.00 1.253254e-11
12800.00 1.245924e-11
12810.00 1.238632e-11
12820.00 1.231387e-11
12830.00 1.224189e-11
12840.00 1.217026e-11
12850.00 1.209912e-11
12860.00 1.202842e-11
12870.00 1.195807e-11
12880.00 1.188820e-11
12890.00 1.181875e-11
12900.00 1.174966e-11
12910.00 1.168102e-11
12920.00 1.161282e-11
12930.00 1.154496e-11
12940.00 1.147756e-11
12950.00 1.141057e-11
12960.00 1.134391e-11
12970.00 1.127770e-11
12980.00 1.121191e-11
12990.00 1.114643e-11
13000.00 1.108141e-11
13010.00 1.101678e-11
13020.00 1.095247e-11
13030.00 1.088860e-11
13040.00 1.082511e-11
13050.00 1.076195e-11
13060.00 1.069921e-11
13070.00 1.063686e-11
13080.00 1.057480e-11
13090.00 1.051318e-11
13100.00 1.045193e-11
13110.00 1.039099e-11
13120.00 1.033045e-11
13130.00 1.027029e-11
13140.00 1.021042e-11
13150.00 1.015096e-11
13160.00 1.009186e-11
13170.00 1.003305e-11
13180.00 9.974646e-12
13190.00 9.916589e-12
13200.00 9.858822e-12
13210.00 9.801448e-12
13220.00 9.744417e-12
13230.00 9.687670e-12
13240.00 9.631310e-12
13250.00 9.575287e-12
13260.00 9.519542e-12
13270.00 9.464177e-12
13280.00 9.409142e-12
13290.00 9.354380e-12
13300.00 9.299993e-12
13310.00 9.245928e-12
13320.00 9.192132e-12
13330.00 9.138702e-12
13340.00 9.085590e-12
13350.00 9.032741e-12
13360.00 8.980255e-12
13370.00 8.928078e-12
13380.00 8.876159e-12
13390.00 8.824596e-12
13400.00 8.773337e-12
13410.00 8.722332e-12
13420.00 8.671677e-12
13430.00 8.621318e-12
13440.00 8.571209e-12
13450.00 8.521445e-12
13460.00 8.471971e-12
13470.00 8.422742e-12
13480.00 8.373852e-12
13490.00 8.325247e-12
13500.00 8.276882e-12
13510.00 8.228853e-12
13520.00 8.181101e-12
13530.00 8.133585e-12
13540.00 8.086397e-12
13550.00 8.039481e-12
13560.00 7.992797e-12
13570.00 7.946438e-12
13580.00 7.900343e-12
13590.00 7.854477e-12
13600.00 7.808930e-12
13610.00 7.763644e-12
13620.00 7.718580e-12
13630.00 7.673830e-12
13640.00 7.629336e-12
13650.00 7.585061e-12
13660.00 7.541095e-12
13670.00 7.497379e-12
13680.00 7.453878e-12
13690.00 7.410681e-12
13700.00 7.367728e-12
13710.00 7.324988e-12
13720.00 7.282546e-12
13730.00 7.240343e-12
13740.00 7.198349e-12
13750.00 7.156648e-12
13760.00 7.115183e-12
13770.00 7.073921e-12
13780.00 7.032949e-12
13790.00 6.992206e-12
13800.00 6.951663e-12
13810.00 6.911407e-12
13820.00 6.871374e-12
13830.00 6.831539e-12
13840.00 6.791984e-12
13850.00 6.752649e-12
13860.00 6.713507e-12
13870.00 6.674642e-12
13880.00 6.635992e-12
13890.00 6.597532e-12
13900.00 6.559343e-12
13910.00 6.521365e-12
13920.00 6.483574e-12
13930.00 6.446050e-12
13940.00 6.408734e-12
13950.00 6.371599e-12
13960.00 6.334729e-12
13970.00 6.298060e-12
13980.00 6.261572e-12
13990.00 6.225343e-12
14000.00 6.189311e-12
14010.00 6.153457e-12
14020.00 6.117857e-12
14030.00 6.082451e-12
14040.00 6.047219e-12
14050.00 6.012238e-12
14060.00 5.977446e-12
14070.00 5.942825e-12
14080.00 5.908452e-12
14090.00 5.874263e-12
14100.00 5.840243e-12
14110.00 5.806466e-12
14120.00 5.772871e-12
14130.00 5.739440e-12
14140.00 5.706250e-12
14150.00 5.673237e-12
14160.00 5.640384e-12
14170.00 5.607768e-12
14180.00 5.575327e-12
14190.00 5.543044e-12
14200.00 5.510994e-12
14210.00 5.479114e-12
14220.00 5.447390e-12
14230.00 5.415894e-12
14240.00 5.384566e-12
14250.00 5.353391e-12
14260.00 5.322441e-12
14270.00 5.291654e-12
14280.00 5.261018e-12
14290.00 5.230604e-12
14300.00 5.200349e-12
14310.00 5.170242e-12
14320.00 5.140353e-12
14330.00 5.110622e-12
14340.00 5.081035e-12
14350.00 5.051663e-12
14360.00 5.022445e-12
14370.00 4.993370e-12
14380.00 4.964506e-12
14390.00 4.935791e-12
14400.00 4.907217e-12
14410.00 4.878852e-12
14420.00 4.850632e-12
14430.00 4.822553e-12
14440.00 4.794676e-12
14450.00 4.766944e-12
14460.00 4.739348e-12
14470.00 4.711952e-12
14480.00 4.684698e-12
14490.00 4.657578e-12
14500.00 4.630657e-12
14510.00 4.603873e-12
14520.00 4.577219e-12
14530.00 4.550761e-12
14540.00 4.524437e-12
14550.00 4.498243e-12
14560.00 4.472241e-12
14570.00 4.446372e-12
14580.00 4.420628e-12
14590.00 4.395073e-12
14600.00 4.369649e-12
14610.00 4.344348e-12
14620.00 4.319235e-12
14630.00 4.294248e-12
14640.00 4.269382e-12
14650.00 4.244700e-12
14660.00 4.220143e-12
14670.00 4.195705e-12
14680.00 4.171448e-12
14690.00 4.147313e-12
14700.00 4.123295e-12
14710.00 4.099456e-12
14720.00 4.075735e-12
14730.00 4.052130e-12
14740.00 4.028700e-12
14750.00 4.005387e-12
14760.00 3.982188e-12
14770.00 3.959161e-12
14780.00 3.936248e-12
14790.00 3.913447e-12
14800.00 3.890816e-12
14810.00 3.868297e-12
14820.00 3.845887e-12
14830.00 3.823644e-12
14840.00 3.801512e-12
14850.00 3.779487e-12
14860.00 3.757626e-12
14870.00 3.735873e-12
14880.00 3.714226e-12
14890.00 3.692741e-12
14900.00 3.671360e-12
14910.00 3.650084e-12
14920.00 3.628968e-12
14930.00 3.607955e-12
14940.00 3.587043e-12
14950.00 3.566288e-12
14960.00 3.545636e-12
14970.00 3.525083e-12
14980.00 3.504684e-12
14990.00 3.484385e-12
15000.00 3.464184e-12
15010.00 3.444136e-12
15020.00 3.424184e-12
15030.00 3.404329e-12
15040.00 3.384624e-12
15050.00 3.365015e-12
15060.00 3.345500e-12
15070.00 3.326133e-12
15080.00 3.306858e-12
15090.00 3.287678e-12
15100.00 3.268641e-12
15110.00 3.249697e-12
15120.00 3.230846e-12
15130.00 3.212135e-12
15140.00 3.193515e-12
15150.00 3.174986e-12
15160.00 3.156596e-12
15170.00 3.138295e-12
15180.00 3.120083e-12
15190.00 3.102006e-12
15200.00 3.084019e-12
15210.00 3.066118e-12
15220.00 3.048351e-12
15230.00 3.030671e-12
15240.00 3.013077e-12
15250.00 2.995614e-12
15260.00 2.978235e-12
15270.00 2.960942e-12
15280.00 2.943778e-12
15290.00 2.926696e-12
15300.00 2.909699e-12
15310.00 2.892828e-12
15320.00 2.876038e-12
15330.00 2.859332e-12
15340.00 2.842749e-12
15350.00 2.826245e-12
15360.00 2.809825e-12
15370.00 2.793524e-12
15380.00 2.777303e-12
15390.00 2.761164e-12
15400.00 2.745142e-12
15410.00 2.729197e-12
15420.00 2.713333e-12
15430.00 2.697585e-12
15440.00 2.681913e-12
15450.00 2.666320e-12
15460.00 2.650840e-12
15470.00 2.635436e-12
15480.00 2.620110e-12
15490.00 2.604895e-12
15500.00 2.589753e-12
15510.00 2.574689e-12
15520.00 2.559733e-12
15530.00 2.544850e-12
15540.00 2.530043e-12
15550.00 2.515342e-12
15560.00 2.500712e-12
15570.00 2.486158e-12
15580.00 2.471707e-12
15590.00 2.457328e-12
15600.00 2.443022e-12
15610.00 2.428819e-12
15620.00 2.414684e-12
15630.00 2.400622e-12
15640.00 2.386660e-12
15650.00 2.372766e-12
15660.00 2.358945e-12
15670.00 2.345221e-12
15680.00 2.331565e-12
15690.00 2.317979e-12
15700.00 2.304489e-12
15710.00 2.291066e-12
15720.00 2.277711e-12
15730.00 2.264452e-12
15740.00 2.251256e-12
15750.00 2.238130e-12
15760.00 2.225097e-12
15770.00 2.212126e-12
15780.00 2.199224e-12
15790.00 2.186413e-12
15800.00 2.173663e-12
15810.00 2.160981e-12
15820.00 2.148388e-12
15830.00 2.135855e-12
15840.00 2.123389e-12
15850.00 2.111011e-12
15860.00 2.098693e-12
15870.00 2.086439e-12
15880.00 2.074272e-12
15890.00 2.062163e-12
15900.00 2.050119e-12
15910.00 2.038158e-12
15920.00 2.026256e-12
15930.00 2.014417e-12
15940.00 2.002660e-12
15950.00 1.990960e-12
15960.00 1.979322e-12
15970.00 1.967766e-12
15980.00 1.956267e-12
15990.00 1.944827e-12
16000.00 1.933467e-12
16010.00 1.922163e-12
16020.00 1.910919e-12
16030.00 1.899753e-12
16040.00 1.888641e-12
16050.00 1.877588e-12
16060.00 1.866612e-12
16070.00 1.855690e-12
16080.00 1.844826e-12
16090.00 1.834036e-12
16100.00 1.823299e-12
16110.00 1.812620e-12
16120.00 1.802015e-12
16130.00 1.791461e-12
16140.00 1.780965e-12
16150.00 1.770539e-12
16160.00 1.760166e-12
16170.00 1.749847e-12
16180.00 1.739600e-12
16190.00 1.729402e-12
16200.00 1.719260e-12
16210.00 1.709187e-12
16220.00 1.699163e-12
16230.00 1.689194e-12
16240.00 1.679293e-12
16250.00 1.669439e-12
16260.00 1.659640e-12
16270.00 1.649907e-12
16280.00 1.640221e-12
16290.00 1.630590e-12
16300.00 1.621022e-12
16310.00 1.611502e-12
16320.00 1.602033e-12
16330.00 1.592629e-12
16340.00 1.583271e-12
16350.00 1.573964e-12
16360.00 1.564720e-12
16370.00 1.555520e-12
16380.00 1.546372e-12
16390.00 1.537285e-12
16400.00 1.528243e-12
16410.00 1.519251e-12
16420.00 1.510319e-12
16430.00 1.501429e-12
16440.00 1.492591e-12
16450.00 1.483810e-12
16460.00 1.475074e-12
16470.00 1.466385e-12
16480.00 1.457755e-12
16490.00 1.449166e-12
16500.00 1.440627e-12
16510.00 1.432144e-12
16520.00 1.423701e-12
16530.00 1.415306e-12
16540.00 1.406968e-12
16550.00 1.398670e-12
16560.00 1.390417e-12
16570.00 1.382220e-12
16580.00 1.374063e-12
16590.00 1.365953e-12
16600.00 1.357895e-12
16610.00 1.349877e-12
16620.00 1.341905e-12
16630.00 1.333984e-12
16640.00 1.326102e-12
16650.00 1.318266e-12
16660.00 1.310481e-12
16670.00 1.302735e-12
16680.00 1.295031e-12
16690.00 1.287379e-12
16700.00 1.279763e-12
16710.00 1.272192e-12
16720.00 1.264670e-12
16730.00 1.257184e-12
16740.00 1.249742e-12
16750.00 1.242348e-12
16760.00 1.234990e-12
16770.00 1.227674e-12
16780.00 1.220406e-12
16790.00 1.213174e-12
16800.00 1.205983e-12
16810.00 1.198839e-12
16820.00 1.191730e-12
16830.00 1.184662e-12
16840.00 1.177640e-12
16850.00 1.170652e-12
16860.00 1.163704e-12
16870.00 1.156802e-12
16880.00 1.149932e-12
16890.00 1.143103e-12
16900.00 1.136319e-12
16910.00 1.129567e-12
16920.00 1.122855e-12
16930.00 1.116186e-12
16940.00 1.109549e-12
16950.00 1.102952e-12
16960.00 1.096396e-12
16970.00 1.089873e-12
16980.00 1.083387e-12
16990.00 1.076944e-12
17000.00 1.070532e-12
17010.00 1.064158e-12
17020.00 1.057824e-12
17030.00 1.051521e-12
17040.00 1.045256e-12
17050.00 1.039031e-12
17060.00 1.032836e-12
17070.00 1.026677e-12
17080.00 1.020558e-12
17090.00 1.014469e-12
17100.00 1.008416e-12
17110.00 1.002401e-12
17120.00 9.964157e-13
17130.00 9.904660e-13
17140.00 9.845541e-13
17150.00 9.786708e-13
17160.00 9.728228e-13
17170.00 9.670119e-13
17180.00 9.612292e-13
17190.00 9.554812e-13
17200.00 9.497696e-13
17210.00 9.440858e-13
17220.00 9.384360e-13
17230.00 9.328219e-13
17240.00 9.272352e-13
17250.00 9.216820e-13
17260.00 9.161640e-13
17270.00 9.106727e-13
17280.00 9.052147e-13
17290.00 8.997909e-13
17300.00 8.943935e-13
17310.00 8.890289e-13
17320.00 8.836979e-13
17330.00 8.783928e-13
17340.00 8.731200e-13
17350.00 8.678801e-13
17360.00 8.626658e-13
17370.00 8.574833e-13
17380.00 8.523331e-13
17390.00 8.472080e-13
17400.00 8.421143e-13
17410.00 8.370522e-13
17420.00 8.320148e-13
17430.00 8.270083e-13
17440.00 8.220330e-13
17450.00 8.170818e-13
17460.00 8.121611e-13
17470.00 8.072710e-13
17480.00 8.024046e-13
17490.00 7.975683e-13
17500.00 7.927620e-13
17510.00 7.879791e-13
17520.00 7.832257e-13
17530.00 7.785016e-13
17540.00 7.738006e-13
17550.00 7.691287e-13
17560.00 7.644856e-13
17570.00 7.598651e-13
17580.00 7.552734e-13
17590.00 7.507099e-13
17600.00 7.461687e-13
17610.00 7.416557e-13
17620.00 7.371705e-13
17630.00 7.327072e-13
17640.00 7.282717e-13
17650.00 7.238634e-13
17660.00 7.194766e-13
17670.00 7.151174e-13
17680.00 7.107848e-13
17690.00 7.064732e-13
17700.00 7.021889e-13
17710.00 6.979307e-13
17720.00 6.936932e-13
17730.00 6.894825e-13
17740.00 6.852974e-13
17750.00 6.811327e-13
17760.00 6.769944e-13
17770.00 6.728811e-13
17780.00 6.687880e-13
17790.00 6.647209e-13
17800.00 6.606783e-13
17810.00 6.566557e-13
17820.00 6.526585e-13
17830.00 6.486855e-13
17840.00 6.447318e-13
17850.00 6.408035e-13
17860.00 6.368988e-13
17870.00 6.330132e-13
17880.00 6.291525e-13
17890.00 6.253149e-13
17900.00 6.214962e-13
17910.00 6.177021e-13
17920.00 6.139306e-13
17930.00 6.101776e-13
17940.00 6.064488e-13
17950.00 6.027423e-13
17960.00 5.990540e-13
17970.00 5.953894e-13
17980.00 5.917468e-13
17990.00 5.881219e-13
18000.00 5.845207e-13
18010.00 5.809407e-13
18020.00 5.773785e-13
18030.00 5.738393e-13
18040.00 5.703212e-13
18050.00 5.668203e-13
18060.00 5.633422e-13
18070.00 5.598848e-13
18080.00 5.564443e-13
18090.00 5.530263e-13
18100.00 5.496285e-13
18110.00 5.462474e-13
18120.00 5.428885e-13
18130.00 5.395493e-13
18140.00 5.362266e-13
18150.00 5.329258e-13
18160.00 5.296443e-13
18170.00 5.263790e-13
18180.00 5.231353e-13
18190.00 5.199104e-13
18200.00 5.167017e-13
18210.00 5.135139e-13
18220.00 5.103450e-13
18230.00 5.071916e-13
18240.00 5.040592e-13
18250.00 5.009450e-13
18260.00 4.978462e-13
18270.00 4.947680e-13
18280.00 4.917077e-13
18290.00 4.886626e-13
18300.00 4.856377e-13
18310.00 4.826304e-13
18320.00 4.796382e-13
18330.00 4.766657e-13
18340.00 4.737105e-13
18350.00 4.707699e-13
18360.00 4.678491e-13
18370.00 4.649452e-13
18380.00 4.620556e-13
18390.00 4.591856e-13
18400.00 4.563319e-13
18410.00 4.534925e-13
18420.00 4.506722e-13
18430.00 4.478682e-13
18440.00 4.450781e-13
18450.00 4.423068e-13
18460.00 4.395515e-13
18470.00 4.368098e-13
18480.00 4.340866e-13
18490.00 4.313792e-13
18500.00 4.286852e-13
18510.00 4.260095e-13
18520.00 4.233492e-13
18530.00 4.207019e-13
18540.00 4.180729e-13
18550.00 4.154586e-13
18560.00 4.128576e-13
18570.00 4.102742e-13
18580.00 4.077056e-13
18590.00 4.051497e-13
18600.00 4.026113e-13
18610.00 4.000875e-13
18620.00 3.975762e-13
18630.00 3.950820e-13
18640.00 3.926022e-13
18650.00 3.901345e-13
18660.00 3.876841e-13
18670.00 3.852474e-13
18680.00 3.828229e-13
18690.00 3.804151e-13
18700.00 3.780209e-13
18710.00 3.756387e-13
18720.00 3.732731e-13
18730.00 3.709207e-13
18740.00 3.685801e-13
18750.00 3.662557e-13
18760.00 3.639445e-13
18770.00 3.616448e-13
18780.00 3.593611e-13
18790.00 3.570903e-13
18800.00 3.548308e-13
18810.00 3.525871e-13
18820.00 3.503560e-13
18830.00 3.481361e-13
18840.00 3.459317e-13
18850.00 3.437396e-13
18860.00 3.415586e-13
18870.00 3.393928e-13
18880.00 3.372392e-13
18890.00 3.350963e-13
18900.00 3.329684e-13
18910.00 3.308526e-13
18920.00 3.287474e-13
18930.00 3.266570e-13
18940.00 3.245781e-13
18950.00 3.225098e-13
18960.00 3.204561e-13
18970.00 3.184139e-13
18980.00 3.163819e-13
18990.00 3.143643e-13
19000.00 3.123579e-13
19010.00 3.103616e-13
19020.00 3.083796e-13
19030.00 3.064085e-13
19040.00 3.044472e-13
19050.00 3.025000e-13
19060.00 3.005636e-13
19070.00 2.986369e-13
19080.00 2.967241e-13
19090.00 2.948217e-13
19100.00 2.929290e-13
19110.00 2.910498e-13
19120.00 2.891810e-13
19130.00 2.873217e-13
19140.00 2.854757e-13
19150.00 2.836398e-13
19160.00 2.818133e-13
19170.00 2.799999e-13
19180.00 2.781965e-13
19190.00 2.764021e-13
19200.00 2.746208e-13
19210.00 2.728492e-13
19220.00 2.710866e-13
19230.00 2.693368e-13
19240.00 2.675965e-13
19250.00 2.658651e-13
19260.00 2.641463e-13
19270.00 2.624368e-13
19280.00 2.607361e-13
19290.00 2.590477e-13
19300.00 2.573684e-13
19310.00 2.556978e-13
19320.00 2.540394e-13
19330.00 2.523899e-13
19340.00 2.507489e-13
19350.00 2.491198e-13
19360.00 2.474997e-13
19370.00 2.458878e-13
19380.00 2.442878e-13
19390.00 2.426964e-13
19400.00 2.411131e-13
19410.00 2.395415e-13
19420.00 2.379784e-13
19430.00 2.364232e-13
19440.00 2.348796e-13
19450.00 2.333443e-13
19460.00 2.318168e-13
19470.00 2.303006e-13
19480.00 2.287928e-13
19490.00 2.272924e-13
19500.00 2.258034e-13
19510.00 2.243224e-13
19520.00 2.228487e-13
19530.00 2.213862e-13
19540.00 2.199316e-13
19550.00 2.184843e-13
19560.00 2.170480e-13
19570.00 2.156192e-13
19580.00 2.141978e-13
19590.00 2.127871e-13
19600.00 2.113839e-13
19610.00 2.099879e-13
19620.00 2.086026e-13
19630.00 2.072243e-13
19640.00 2.058534e-13
19650.00 2.044928e-13
19660.00 2.031394e-13
19670.00 2.017929e-13
19680.00 2.004567e-13
19690.00 1.991275e-13
19700.00 1.978052e-13
19710.00 1.964929e-13
19720.00 1.951877e-13
19730.00 1.938891e-13
19740.00 1.926004e-13
19750.00 1.913186e-13
19760.00 1.900434e-13
19770.00 1.887779e-13
19780.00 1.875190e-13
19790.00 1.862668e-13
19800.00 1.850241e-13
19810.00 1.837879e-13
19820.00 1.825582e-13
19830.00 1.813378e-13
19840.00 1.801239e-13
19850.00 1.789164e-13
19860.00 1.777181e-13
19870.00 1.765261e-13
19880.00 1.753403e-13
19890.00 1.741637e-13
19900.00 1.729933e-13
19910.00 1.718289e-13
19920.00 1.706735e-13
19930.00 1.695241e-13
19940.00 1.683809e-13
19950.00 1.672464e-13
19960.00 1.661179e-13
19970.00 1.649953e-13
19980.00 1.638815e-13
19990.00 1.627734e-13
20000.00 1.616711e-13
20010.00 1.605775e-13
20020.00 1.594895e-13
20030.00 1.584072e-13
20040.00 1.573334e-13
20050.00 1.562652e-13
20060.00 1.552026e-13
20070.00 1.541483e-13
20080.00 1.530995e-13
20090.00 1.520563e-13
20100.00 1.510212e-13
20110.00 1.499914e-13
20120.00 1.489672e-13
20130.00 1.479510e-13
20140.00 1.469400e-13
20150.00 1.459344e-13
20160.00 1.449367e-13
20170.00 1.439443e-13
20180.00 1.429571e-13
20190.00 1.419776e-13
20200.00 1.410032e-13
20210.00 1.400341e-13
20220.00 1.390725e-13
20230.00 1.381159e-13
20240.00 1.371646e-13
20250.00 1.362206e-13
20260.00 1.352816e-13
20270.00 1.343476e-13
20280.00 1.334210e-13
20290.00 1.324991e-13
20300.00 1.315824e-13
20310.00 1.306727e-13
20320.00 1.297678e-13
20330.00 1.288679e-13
20340.00 1.279749e-13
20350.00 1.270867e-13
20360.00 1.262034e-13
20370.00 1.253268e-13
20380.00 1.244550e-13
20390.00 1.235879e-13
20400.00 1.227275e-13
20410.00 1.218717e-13
20420.00 1.210206e-13
20430.00 1.201761e-13
20440.00 1.193361e-13
20450.00 1.185007e-13
20460.00 1.176719e-13
20470.00 1.168474e-13
20480.00 1.160275e-13
20490.00 1.152139e-13
20500.00 1.144047e-13
20510.00 1.136000e-13
20520.00 1.128015e-13
20530.00 1.120074e-13
20540.00 1.112176e-13
20550.00 1.104339e-13
20560.00 1.096544e-13
20570.00 1.088794e-13
20580.00 1.081103e-13
20590.00 1.073452e-13
20600.00 1.065846e-13
20610.00 1.058297e-13
20620.00 1.050790e-13
20630.00 1.043325e-13
20640.00 1.035918e-13
20650.00 1.028551e-13
20660.00 1.021225e-13
20670.00 1.013956e-13
20680.00 1.006726e-13
20690.00 9.995378e-14
20700.00 9.924046e-14
20710.00 9.853099e-14
20720.00 9.782561e-14
20730.00 9.712563e-14
20740.00 9.642944e-14
20750.00 9.573729e-14
20760.00 9.505044e-14
20770.00 9.436731e-14
20780.00 9.368816e-14
20790.00 9.301421e-14
20800.00 9.234391e-14
20810.00 9.167754e-14
20820.00 9.101626e-14
20830.00 9.035857e-14
20840.00 8.970476e-14
20850.00 8.905593e-14
20860.00 8.841064e-14
20870.00 8.776916e-14
20880.00 8.713259e-14
20890.00 8.649948e-14
20900.00 8.587012e-14
20910.00 8.524557e-14
20920.00 8.462444e-14
20930.00 8.400700e-14
20940.00 8.339428e-14
20950.00 8.278490e-14
20960.00 8.217918e-14
20970.00 8.157807e-14
20980.00 8.098025e-14
20990.00 8.038603e-14
21000.00 7.979635e-14
21010.00 7.920989e-14
21020.00 7.862699e-14
21030.00 7.804851e-14
21040.00 7.747323e-14
21050.00 7.690142e-14
21060.00 7.633399e-14
21070.00 7.576967e-14
21080.00 7.520878e-14
21090.00 7.465218e-14
21100.00 7.409864e-14
21110.00 7.354849e-14
21120.00 7.300253e-14
21130.00 7.245958e-14
21140.00 7.191998e-14
21150.00 7.138448e-14
21160.00 7.085194e-14
21170.00 7.032270e-14
21180.00 6.979747e-14
21190.00 6.927517e-14
21200.00 6.875610e-14
21210.00 6.824099e-14
21220.00 6.772872e-14
21230.00 6.721966e-14
21240.00 6.671447e-14
21250.00 6.621210e-14
21260.00 6.571286e-14
21270.00 6.521742e-14
21280.00 6.472474e-14
21290.00 6.423517e-14
21300.00 6.374930e-14
21310.00 6.326617e-14
21320.00 6.278608e-14
21330.00 6.230964e-14
21340.00 6.183586e-14
21350.00 6.136509e-14
21360.00 6.089791e-14
21370.00 6.043334e-14
21380.00 5.997173e-14
21390.00 5.951362e-14
21400.00 5.905810e-14
21410.00 5.860550e-14
21420.00 5.815633e-14
21430.00 5.770969e-14
21440.00 5.726593e-14
21450.00 5.682553e-14
21460.00 5.638762e-14
21470.00 5.595255e-14
21480.00 5.552077e-14
21490.00 5.509144e-14
21500.00 5.466492e-14
21510.00 5.424161e-14
21520.00 5.382071e-14
21530.00 5.340255e-14
21540.00 5.298756e-14
21550.00 5.257494e-14
21560.00 5.216503e-14
21570.00 5.175821e-14
21580.00 5.135372e-14
21590.00 5.095190e-14
21600.00 5.055312e-14
21610.00 5.015662e-14
21620.00 4.976274e-14
21630.00 4.937185e-14
21640.00 4.898321e-14
21650.00 4.859714e-14
21660.00 4.821400e-14
21670.00 4.783306e-14
21680.00 4.745467e-14
21690.00 4.707915e-14
21700.00 4.670579e-14
21710.00 4.633494e-14
21720.00 4.596689e-14
21730.00 4.560097e-14
21740.00 4.523752e-14
21750.00 4.487682e-14
21760.00 4.451822e-14
21770.00 4.416204e-14
21780.00 4.380856e-14
21790.00 4.345713e-14
21800.00 4.310810e-14
21810.00 4.276171e-14
21820.00 4.241735e-14
21830.00 4.207533e-14
21840.00 4.173591e-14
21850.00 4.139847e-14
21860.00 4.106335e-14
21870.00 4.073077e-14
21880.00 4.040013e-14
21890.00 4.007178e-14
21900.00 3.974591e-14
21910.00 3.942196e-14
21920.00 3.910026e-14
21930.00 3.878100e-14
21940.00 3.846362e-14
21950.00 3.814845e-14
21960.00 3.783568e-14
21970.00 3.752474e-14
21980.00 3.721600e-14
21990.00 3.690959e-14
22000.00 3.660499e-14
22010.00 3.630253e-14
22020.00 3.600237e-14
22030.00 3.570401e-14
22040.00 3.540775e-14
22050.00 3.511373e-14
22060.00 3.482147e-14
22070.00 3.453128e-14
22080.00 3.424330e-14
22090.00 3.395704e-14
22100.00 3.367283e-14
22110.00 3.339077e-14
22120.00 3.311041e-14
22130.00 3.283207e-14
22140.00 3.255582e-14
22150.00 3.228125e-14
22160.00 3.200866e-14
22170.00 3.173813e-14
22180.00 3.146925e-14
22190.00 3.120231e-14
22200.00 3.093739e-14
22210.00 3.067408e-14
22220.00 3.041270e-14
22230.00 3.015330e-14
22240.00 2.989548e-14
22250.00 2.963954e-14
22260.00 2.938556e-14
22270.00 2.913312e-14
22280.00 2.888254e-14
22290.00 2.863387e-14
22300.00 2.838671e-14
22310.00 2.814139e-14
22320.00 2.789793e-14
22330.00 2.765597e-14
22340.00 2.741583e-14
22350.00 2.717749e-14
22360.00 2.694063e-14
22370.00 2.670554e-14
22380.00 2.647224e-14
22390.00 2.624039e-14
22400.00 2.601028e-14
22410.00 2.578192e-14
22420.00 2.555498e-14
22430.00 2.532976e-14
22440.00 2.510626e-14
22450.00 2.488414e-14
22460.00 2.466371e-14
22470.00 2.444498e-14
22480.00 2.422760e-14
22490.00 2.401188e-14
22500.00 2.379782e-14
22510.00 2.358510e-14
22520.00 2.337402e-14
22530.00 2.316455e-14
22540.00 2.295639e-14
22550.00 2.274984e-14
22560.00 2.254488e-14
22570.00 2.234121e-14
22580.00 2.213912e-14
22590.00 2.193858e-14
22600.00 2.173931e-14
22610.00 2.154160e-14
22620.00 2.134541e-14
22630.00 2.115047e-14
22640.00 2.095704e-14
22650.00 2.076512e-14
22660.00 2.057442e-14
22670.00 2.038523e-14
22680.00 2.019749e-14
22690.00 2.001094e-14
22700.00 1.982589e-14
22710.00 1.964226e-14
22720.00 1.945982e-14
22730.00 1.927882e-14
22740.00 1.909923e-14
22750.00 1.892080e-14
22760.00 1.874379e-14
22770.00 1.856815e-14
22780.00 1.839366e-14
22790.00 1.822057e-14
22800.00 1.804882e-14
22810.00 1.787820e-14
22820.00 1.770895e-14
22830.00 1.754103e-14
22840.00 1.737420e-14
22850.00 1.720873e-14
22860.00 1.704454e-14
22870.00 1.688144e-14
22880.00 1.671967e-14
22890.00 1.655915e-14
22900.00 1.639971e-14
22910.00 1.624158e-14
22920.00 1.608468e-14
22930.00 1.592881e-14
22940.00 1.577425e-14
22950.00 1.562089e-14
22960.00 1.546855e-14
22970.00 1.531748e-14
22980.00 1.516760e-14
22990.00 1.501872e-14
23000.00 1.487109e-14
23010.00 1.472462e-14
23020.00 1.457912e-14
23030.00 1.443486e-14
23040.00 1.429173e-14
23050.00 1.414958e-14
23060.00 1.400862e-14
23070.00 1.386878e-14
23080.00 1.372988e-14
23090.00 1.359217e-14
23100.00 1.345555e-14
23110.00 1.331986e-14
23120.00 1.318534e-14
23130.00 1.305187e-14
23140.00 1.291934e-14
23150.00 1.278793e-14
23160.00 1.265757e-14
23170.00 1.252812e-14
23180.00 1.239979e-14
23190.00 1.227247e-14
23200.00 1.214604e-14
23210.00 1.202072e-14
23220.00 1.189640e-14
23230.00 1.177293e-14
23240.00 1.165056e-14
23250.00 1.152917e-14
23260.00 1.140861e-14
23270.00 1.128913e-14
23280.00 1.117062e-14
23290.00 1.105293e-14
23300.00 1.093629e-14
23310.00 1.082060e-14
23320.00 1.070571e-14
23330.00 1.059186e-14
23340.00 1.047892e-14
23350.00 1.036679e-14
23360.00 1.025568e-14
23370.00 1.014546e-14
23380.00 1.003603e-14
23390.00 9.927589e-15
23400.00 9.820031e-15
23410.00 9.713246e-15
23420.00 9.607441e-15
23430.00 9.502495e-15
23440.00 9.398306e-15
23450.00 9.295081e-15
23460.00 9.192695e-15
23470.00 9.091055e-15
23480.00 8.990358e-15
23490.00 8.890486e-15
23500.00 8.791344e-15
23510.00 8.693130e-15
23520.00 8.595722e-15
23530.00 8.499030e-15
23540.00 8.403250e-15
23550.00 8.308256e-15
23560.00 8.213966e-15
23570.00 8.120572e-15
23580.00 8.027949e-15
23590.00 7.936017e-15
23600.00 7.844962e-15
23610.00 7.754663e-15
23620.00 7.665041e-15
23630.00 7.576282e-15
23640.00 7.488261e-15
23650.00 7.400906e-15
23660.00 7.314396e-15
23670.00 7.228610e-15
23680.00 7.143475e-15
23690.00 7.059173e-15
23700.00 6.975578e-15
23710.00 6.892622e-15
23720.00 6.810483e-15
23730.00 6.729037e-15
23740.00 6.648217e-15
23750.00 6.568198e-15
23760.00 6.488858e-15
23770.00 6.410131e-15
23780.00 6.332193e-15
23790.00 6.254918e-15
23800.00 6.178245e-15
23810.00 6.102345e-15
23820.00 6.027093e-15
23830.00 5.952433e-15
23840.00 5.878532e-15
23850.00 5.805264e-15
23860.00 5.732578e-15
23870.00 5.660635e-15
23880.00 5.589313e-15
23890.00 5.518558e-15
23900.00 5.448537e-15
23910.00 5.379121e-15
23920.00 5.310263e-15
23930.00 5.242122e-15
23940.00 5.174575e-15
23950.00 5.107576e-15
23960.00 5.041280e-15
23970.00 4.975564e-15
23980.00 4.910387e-15
23990.00 4.845897e-15
24000.00 4.781977e-15
24010.00 4.718584e-15
24020.00 4.655867e-15
24030.00 4.593706e-15
24040.00 4.532061e-15
24050.00 4.471080e-15
24060.00 4.410643e-15
24070.00 4.350711e-15
24080.00 4.291431e-15
24090.00 4.232684e-15
24100.00 4.174431e-15
24110.00 4.116818e-15
24120.00 4.059726e-15
24130.00 4.003119e-15
24140.00 3.947140e-15
24150.00 3.891668e-15
24160.00 3.836674e-15
24170.00 3.782294e-15
24180.00 3.728411e-15
24190.00 3.674996e-15
24200.00 3.622184e-15
24210.00 3.569858e-15
24220.00 3.517991e-15
24230.00 3.466713e-15
24240.00 3.415912e-15
24250.00 3.365560e-15
24260.00 3.315787e-15
24270.00 3.266480e-15
24280.00 3.217612e-15
24290.00 3.169314e-15
24300.00 3.121468e-15
24310.00 3.074055e-15
24320.00 3.027199e-15
24330.00 2.980786e-15
24340.00 2.934799e-15
24350.00 2.889355e-15
24360.00 2.844347e-15
24370.00 2.799753e-15
24380.00 2.755693e-15
24390.00 2.712059e-15
24400.00 2.668831e-15
24410.00 2.626127e-15
24420.00 2.583839e-15
24430.00 2.541949e-15
24440.00 2.500571e-15
24450.00 2.459601e-15
24460.00 2.419020e-15
24470.00 2.378942e-15
24480.00 2.339262e-15
24490.00 2.299963e-15
24500.00 2.261159e-15
24510.00 2.222742e-15
24520.00 2.184699e-15
24530.00 2.147138e-15
24540.00 2.109958e-15
24550.00 2.073145e-15
24560.00 2.036803e-15
24570.00 2.000833e-15
24580.00 1.965223e-15
24590.00 1.930074e-15
24600.00 1.895289e-15
24610.00 1.860856e-15
24620.00 1.826876e-15
24630.00 1.793251e-15
24640.00 1.759971e-15
24650.00 1.727134e-15
24660.00 1.694644e-15
24670.00 1.662491e-15
24680.00 1.630773e-15
24690.00 1.599394e-15
24700.00 1.568345e-15
24710.00 1.537721e-15
24720.00 1.507428e-15
24730.00 1.477461e-15
24740.00 1.447908e-15
24750.00 1.418679e-15
24760.00 1.389767e-15
24770.00 1.361263e-15
24780.00 1.333074e-15
24790.00 1.305195e-15
24800.00 1.277717e-15
24810.00 1.250547e-15
24820.00 1.223681e-15
24830.00 1.197204e-15
24840.00 1.171030e-15
24850.00 1.145152e-15
24860.00 1.119657e-15
24870.00 1.094457e-15
24880.00 1.069548e-15
24890.00 1.045011e-15
24900.00 1.020763e-15
24910.00 9.968003e-16
24920.00 9.732025e-16
24930.00 9.498863e-16
24940.00 9.268491e-16
24950.00 9.041689e-16
24960.00 8.817638e-16
24970.00 8.596315e-16
24980.00 8.378484e-16
24990.00 8.163341e-16
25000.00 7.950869e-16
