1000.00 1.430818e-22
1010.00 1.571381e-21
1020.00 5.077613e-21
1030.00 1.169197e-20
1040.00 2.305915e-20
1050.00 4.074193e-20
1060.00 6.678608e-20
1070.00 1.050567e-19
1080.00 1.579719e-19
1090.00 2.295841e-19
1100.00 3.280387e-19
1110.00 4.566118e-19
1120.00 6.232924e-19
1130.00 8.436466e-19
1140.00 1.121555e-18
1150.00 1.472594e-18
1160.00 1.924141e-18
1170.00 2.480041e-18
1180.00 3.170128e-18
1190.00 4.039153e-18
1200.00 5.089782e-18
1210.00 6.377879e-18
1220.00 7.971717e-18
1230.00 9.871102e-18
1240.00 1.217805e-17
1250.00 1.499261e-17
1260.00 1.831323e-17
1270.00 2.233339e-17
1280.00 2.719736e-17
1290.00 3.289357e-17
1300.00 3.977140e-17
1310.00 4.800771e-17
1320.00 5.758256e-17
1330.00 6.911406e-17
1340.00 8.279068e-17
1350.00 9.858669e-17
1360.00 1.175741e-16
1370.00 1.398893e-16
1380.00 1.655124e-16
1390.00 1.962682e-16
1400.00 2.321031e-16
1410.00 2.730325e-16
1420.00 3.221089e-16
1430.00 3.788208e-16
1440.00 4.432839e-16
1450.00 5.205194e-16
1460.00 6.090746e-16
1470.00 7.092892e-16
1480.00 8.293021e-16
1490.00 9.658780e-16
1500.00 1.119810e-15
1510.00 1.304104e-15
1520.00 1.512344e-15
1530.00 1.747056e-15
1540.00 2.026114e-15
1550.00 2.340282e-15
1560.00 2.694496e-15
1570.00 3.112833e-15
1580.00 3.582240e-15
1590.00 4.111765e-15
1600.00 4.733188e-15
1610.00 5.428353e-15
1620.00 6.213158e-15
1630.00 7.128642e-15
1640.00 8.149941e-15
1650.00 9.304121e-15
1660.00 1.064289e-14
1670.00 1.213272e-14
1680.00 1.381863e-14
1690.00 1.576386e-14
1700.00 1.792380e-14
1710.00 2.037191e-14
1720.00 2.318255e-14
1730.00 2.629762e-14
1740.00 2.983569e-14
1750.00 3.388016e-14
1760.00 3.835624e-14
1770.00 4.345375e-14
1780.00 4.925850e-14
1790.00 5.567574e-14
1800.00 6.300812e-14
1810.00 7.132962e-14
1820.00 8.052280e-14
1830.00 9.106951e-14
1840.00 1.030041e-13
1850.00 1.161848e-13
1860.00 1.313799e-13
1870.00 1.485310e-13
1880.00 1.674742e-13
1890.00 1.894373e-13
1900.00 2.141710e-13
1910.00 2.414975e-13
1920.00 2.733832e-13
1930.00 3.092062e-13
1940.00 3.487996e-13
1950.00 3.953009e-13
1960.00 4.473903e-13
1970.00 5.049669e-13
1980.00 5.729666e-13
1990.00 6.488134e-13
2000.00 7.325828e-13
2010.00 8.317912e-13
2020.00 9.417368e-13
2030.00 1.063375e-12
2040.00 1.205965e-12
2050.00 1.363077e-12
2060.00 1.536615e-12
2070.00 1.736710e-12
2080.00 1.955144e-12
2090.00 2.194919e-12
2100.00 2.465215e-12
2110.00 2.756709e-12
2120.00 3.073153e-12
2130.00 3.420851e-12
2140.00 3.790889e-12
2150.00 4.186993e-12
2160.00 4.612125e-12
2170.00 5.059410e-12
2180.00 5.532014e-12
2190.00 6.031206e-12
2200.00 6.552634e-12
2210.00 7.099405e-12
2220.00 7.673433e-12
2230.00 8.271825e-12
2240.00 8.899231e-12
2250.00 9.559194e-12
2260.00 1.024862e-11
2270.00 1.097573e-11
2280.00 1.174488e-11
2290.00 1.255154e-11
2300.00 1.340954e-11
2310.00 1.432200e-11
2320.00 1.528266e-11
2330.00 1.631280e-11
2340.00 1.741196e-11
2350.00 1.857245e-11
2360.00 1.982495e-11
2370.00 2.116294e-11
2380.00 2.257796e-11
2390.00 2.411247e-11
2400.00 2.575100e-11
2410.00 2.748515e-11
2420.00 2.937225e-11
2430.00 3.138436e-11
2440.00 3.351423e-11
2450.00 3.583786e-11
2460.00 3.831045e-11
2470.00 4.092719e-11
2480.00 4.378770e-11
2490.00 5.035364e-11
2500.00 6.057175e-11
2510.00 7.259233e-11
2520.00 7.751064e-11
2530.00 8.266432e-11
2540.00 8.299413e-11
2550.00 7.776456e-11
2560.00 8.313477e-11
2570.00 9.001777e-11
2580.00 8.337323e-11
2590.00 7.888848e-11
2600.00 8.219114e-11
2610.00 8.661208e-11
2620.00 9.541892e-11
2630.00 9.212186e-11
2640.00 8.914729e-11
2650.00 1.017843e-10
2660.00 1.251825e-10
2670.00 1.259313e-10
2680.00 1.302339e-10
2690.00 1.527074e-10
2700.00 1.669755e-10
2710.00 1.802959e-10
2720.00 2.006282e-10
2730.00 2.191268e-10
2740.00 2.365100e-10
2750.00 2.546538e-10
2760.00 2.558107e-10
2770.00 2.448600e-10
2780.00 2.469729e-10
2790.00 2.744660e-10
2800.00 2.941363e-10
2810.00 3.021203e-10
2820.00 3.573807e-10
2830.00 4.195043e-10
2840.00 4.608663e-10
2850.00 5.011712e-10
2860.00 5.203602e-10
2870.00 5.717644e-10
2880.00 6.400738e-10
2890.00 7.281894e-10
2900.00 7.873130e-10
2910.00 8.678602e-10
2920.00 9.376896e-10
2930.00 9.688855e-10
2940.00 1.012648e-09
2950.00 1.057962e-09
2960.00 1.075578e-09
2970.00 1.087858e-09
2980.00 1.122642e-09
2990.00 1.108383e-09
3000.00 1.069988e-09
3010.00 1.047521e-09
3020.00 1.034724e-09
3030.00 1.054269e-09
3040.00 1.112562e-09
3050.00 1.145594e-09
3060.00 1.058469e-09
3070.00 1.061149e-09
3080.00 1.208741e-09
3090.00 1.296690e-09
3100.00 1.270201e-09
3110.00 1.268801e-09
3120.00 1.368247e-09
3130.00 1.471205e-09
3140.00 1.624079e-09
3150.00 1.712273e-09
3160.00 1.723864e-09
3170.00 1.890159e-09
3180.00 2.018888e-09
3190.00 1.962699e-09
3200.00 1.880604e-09
3210.00 1.850135e-09
3220.00 1.730581e-09
3230.00 1.833266e-09
3240.00 2.012885e-09
3250.00 2.028711e-09
3260.00 1.997705e-09
3270.00 2.072633e-09
3280.00 2.291698e-09
3290.00 2.381943e-09
3300.00 2.405155e-09
3310.00 2.449643e-09
3320.00 2.346132e-09
3330.00 2.526364e-09
3340.00 2.925899e-09
3350.00 2.823678e-09
3360.00 2.860284e-09
3370.00 3.013799e-09
3380.00 2.969249e-09
3390.00 2.999281e-09
3400.00 3.250455e-09
3410.00 3.287709e-09
3420.00 3.383357e-09
3430.00 3.545040e-09
3440.00 3.791498e-09
3450.00 4.186875e-09
3460.00 4.546388e-09
3470.00 4.893836e-09
3480.00 4.814466e-09
3490.00 4.631963e-09
3500.00 4.957688e-09
3510.00 5.114384e-09
3520.00 5.307617e-09
3530.00 5.222826e-09
3540.00 5.262184e-09
3550.00 5.281411e-09
3560.00 5.230670e-09
3570.00 5.352021e-09
3580.00 5.531319e-09
3590.00 5.718827e-09
3600.00 6.020676e-09
3610.00 6.251245e-09
3620.00 6.394648e-09
3630.00 6.609042e-09
3640.00 6.782173e-09
3650.00 6.797409e-09
3660.00 6.480486e-09
3670.00 6.336190e-09
3680.00 6.092621e-09
3690.00 5.693734e-09
3700.00 5.567648e-09
3710.00 5.578946e-09
3720.00 5.592459e-09
3730.00 5.533857e-09
3740.00 5.517430e-09
3750.00 5.453573e-09
3760.00 5.539835e-09
3770.00 5.892051e-09
3780.00 6.225964e-09
3790.00 6.305453e-09
3800.00 6.276073e-09
3810.00 6.160801e-09
3820.00 6.013547e-09
3830.00 5.817596e-09
3840.00 5.846662e-09
3850.00 5.862395e-09
3860.00 5.847115e-09
3870.00 5.926225e-09
3880.00 6.177694e-09
3890.00 6.194453e-09
3900.00 6.163919e-09
3910.00 6.163999e-09
3920.00 6.230247e-09
3930.00 6.337800e-09
3940.00 6.507496e-09
3950.00 6.811284e-09
3960.00 6.898255e-09
3970.00 7.023545e-09
3980.00 7.285054e-09
3990.00 7.249649e-09
4000.00 7.157705e-09
4010.00 7.162765e-09
4020.00 7.139543e-09
4030.00 7.221010e-09
4040.00 7.325185e-09
4050.00 7.472822e-09
4060.00 7.455001e-09
4070.00 7.517424e-09
4080.00 7.537911e-09
4090.00 7.544510e-09
4100.00 7.421095e-09
4110.00 7.359499e-09
4120.00 7.190634e-09
4130.00 6.985480e-09
4140.00 6.784079e-09
4150.00 6.654626e-09
4160.00 6.621657e-09
4170.00 6.464392e-09
4180.00 6.340684e-09
4190.00 6.228234e-09
4200.00 6.070441e-09
4210.00 5.836009e-09
4220.00 5.483149e-09
4230.00 5.110669e-09
4240.00 4.928094e-09
4250.00 4.693002e-09
4260.00 4.476348e-09
4270.00 4.287477e-09
4280.00 4.154747e-09
4290.00 3.983487e-09
4300.00 3.849788e-09
4310.00 3.821608e-09
4320.00 4.004466e-09
4330.00 4.323373e-09
4340.00 4.611177e-09
4350.00 4.755883e-09
4360.00 5.021404e-09
4370.00 5.465061e-09
4380.00 5.810961e-09
4390.00 6.057694e-09
4400.00 6.188301e-09
4410.00 6.195309e-09
4420.00 5.953187e-09
4430.00 5.579444e-09
4440.00 5.312412e-09
4450.00 5.202966e-09
4460.00 5.197579e-09
4470.00 5.444588e-09
4480.00 5.683662e-09
4490.00 5.808950e-09
4500.00 5.955586e-09
4510.00 5.992131e-09
4520.00 5.962454e-09
4530.00 5.944396e-09
4540.00 5.885911e-09
4550.00 5.798274e-09
4560.00 5.838065e-09
4570.00 5.919114e-09
4580.00 5.950837e-09
4590.00 5.959001e-09
4600.00 5.984048e-09
4610.00 6.032046e-09
4620.00 6.048166e-09
4630.00 5.995085e-09
4640.00 5.910302e-09
4650.00 5.783601e-09
4660.00 5.720626e-09
4670.00 5.483147e-09
4680.00 5.188691e-09
4690.00 5.030113e-09
4700.00 4.962229e-09
4710.00 4.894548e-09
4720.00 4.895159e-09
4730.00 4.840008e-09
4740.00 4.744771e-09
4750.00 4.654603e-09
4760.00 4.600309e-09
4770.00 4.572447e-09
4780.00 4.547913e-09
4790.00 4.559155e-09
4800.00 4.557491e-09
4810.00 4.653565e-09
4820.00 4.701549e-09
4830.00 4.788868e-09
4840.00 4.828810e-09
4850.00 4.815009e-09
4860.00 4.664216e-09
4870.00 4.469938e-09
4880.00 4.301758e-09
4890.00 4.137460e-09
4900.00 3.937139e-09
4910.00 3.795187e-09
4920.00 3.541998e-09
4930.00 3.334406e-09
4940.00 3.195166e-09
4950.00 3.121849e-09
4960.00 3.066821e-09
4970.00 2.994334e-09
4980.00 2.901153e-09
4990.00 2.834263e-09
5000.00 2.863711e-09
5010.00 2.870363e-09
5020.00 2.957938e-09
5030.00 3.120523e-09
5040.00 3.304619e-09
5050.00 3.453014e-09
5060.00 3.585788e-09
5070.00 3.722659e-09
5080.00 3.791079e-09
5090.00 3.884910e-09
5100.00 4.011797e-09
5110.00 4.135564e-09
5120.00 4.254065e-09
5130.00 4.305979e-09
5140.00 4.360720e-09
5150.00 4.402368e-09
5160.00 4.414597e-09
5170.00 4.399833e-09
5180.00 4.421516e-09
5190.00 4.430294e-09
5200.00 4.441840e-09
5210.00 4.417443e-09
5220.00 4.421236e-09
5230.00 4.397976e-09
5240.00 4.370408e-09
5250.00 4.343346e-09
5260.00 4.288138e-09
5270.00 4.159839e-09
5280.00 4.018642e-09
5290.00 3.864898e-09
5300.00 3.736171e-09
5310.00 3.637728e-09
5320.00 3.543646e-09
5330.00 3.473444e-09
5340.00 3.428616e-09
5350.00 3.440719e-09
5360.00 3.470121e-09
5370.00 3.538873e-09
5380.00 3.562605e-09
5390.00 3.517717e-09
5400.00 3.524793e-09
5410.00 3.551662e-09
5420.00 3.561507e-09
5430.00 3.543899e-09
5440.00 3.519962e-09
5450.00 3.538931e-09
5460.00 3.504274e-09
5470.00 3.475439e-09
5480.00 3.398828e-09
5490.00 3.368836e-09
5500.00 3.347142e-09
5510.00 3.348340e-09
5520.00 3.393017e-09
5530.00 3.419664e-09
5540.00 3.413123e-09
5550.00 3.408746e-09
5560.00 3.451154e-09
5570.00 3.342958e-09
5580.00 3.255930e-09
5590.00 3.216851e-09
5600.00 3.202259e-09
5610.00 3.274259e-09
5620.00 3.293256e-09
5630.00 3.301729e-09
5640.00 3.263450e-09
5650.00 3.257523e-09
5660.00 3.264925e-09
5670.00 3.256356e-09
5680.00 3.269170e-09
5690.00 3.276506e-09
5700.00 3.308492e-09
5710.00 3.300846e-09
5720.00 3.288517e-09
5730.00 3.290734e-09
5740.00 3.260083e-09
5750.00 3.254215e-09
5760.00 3.241413e-09
5770.00 3.234173e-09
5780.00 3.212751e-09
5790.00 3.212553e-09
5800.00 3.218145e-09
5810.00 3.223983e-09
5820.00 3.236734e-09
5830.00 3.242745e-09
5840.00 3.244488e-09
5850.00 3.226117e-09
5860.00 3.218411e-09
5870.00 3.217309e-09
5880.00 3.218456e-09
5890.00 3.223237e-09
5900.00 3.221617e-09
5910.00 3.236316e-09
5920.00 3.286694e-09
5930.00 3.132145e-09
5940.00 3.012275e-09
5950.00 3.164464e-09
5960.00 3.249423e-09
5970.00 3.246864e-09
5980.00 3.242579e-09
5990.00 3.213831e-09
6000.00 3.179832e-09
6010.00 3.160092e-09
6020.00 3.099082e-09
6030.00 3.086003e-09
6040.00 3.054534e-09
6050.00 2.997098e-09
6060.00 2.940554e-09
6070.00 2.899381e-09
6080.00 2.865918e-09
6090.00 2.821230e-09
6100.00 2.765781e-09
6110.00 2.694994e-09
6120.00 2.652217e-09
6130.00 2.588408e-09
6140.00 2.523558e-09
6150.00 2.478147e-09
6160.00 2.392731e-09
6170.00 2.306234e-09
6180.00 2.245267e-09
6190.00 2.209150e-09
6200.00 2.200423e-09
6210.00 2.217485e-09
6220.00 2.240357e-09
6230.00 2.239682e-09
6240.00 2.237786e-09
6250.00 2.228916e-09
6260.00 2.241488e-09
6270.00 2.266390e-09
6280.00 2.261710e-09
6290.00 2.240172e-09
6300.00 2.276830e-09
6310.00 2.300160e-09
6320.00 2.307977e-09
6330.00 2.301467e-09
6340.00 2.307443e-09
6350.00 2.326098e-09
6360.00 2.314701e-09
6370.00 2.288730e-09
6380.00 2.292897e-09
6390.00 2.277912e-09
6400.00 2.248797e-09
6410.00 2.229556e-09
6420.00 2.208738e-09
6430.00 2.191407e-09
6440.00 2.160274e-09
6450.00 2.143094e-09
6460.00 2.101581e-09
6470.00 2.074098e-09
6480.00 2.068225e-09
6490.00 2.034107e-09
6500.00 1.991544e-09
6510.00 1.963188e-09
6520.00 1.932954e-09
6530.00 1.918212e-09
6540.00 1.909642e-09
6550.00 1.902492e-09
6560.00 1.874672e-09
6570.00 1.860369e-09
6580.00 1.848291e-09
6590.00 1.836937e-09
6600.00 1.825796e-09
6610.00 1.812189e-09
6620.00 1.789574e-09
6630.00 1.779170e-09
6640.00 1.756439e-09
6650.00 1.745320e-09
6660.00 1.724494e-09
6670.00 1.714988e-09
6680.00 1.698903e-09
6690.00 1.687469e-09
6700.00 1.659788e-09
6710.00 1.651358e-09
6720.00 1.649210e-09
6730.00 1.636745e-09
6740.00 1.615319e-09
6750.00 1.611965e-09
6760.00 1.599286e-09
6770.00 1.569294e-09
6780.00 1.549017e-09
6790.00 1.531227e-09
6800.00 1.512822e-09
6810.00 1.491597e-09
6820.00 1.485625e-09
6830.00 1.465266e-09
6840.00 1.454423e-09
6850.00 1.434973e-09
6860.00 1.407635e-09
6870.00 1.324294e-09
6880.00 1.156707e-09
6890.00 1.161195e-09
6900.00 1.199029e-09
6910.00 1.204223e-09
6920.00 1.239953e-09
6930.00 1.270410e-09
6940.00 1.297904e-09
6950.00 1.296055e-09
6960.00 1.299555e-09
6970.00 1.309820e-09
6980.00 1.299151e-09
6990.00 1.290721e-09
7000.00 1.277350e-09
7010.00 1.283743e-09
7020.00 1.263410e-09
7030.00 1.253065e-09
7040.00 1.245311e-09
7050.00 1.228588e-09
7060.00 1.228763e-09
7070.00 1.216201e-09
7080.00 1.209712e-09
7090.00 1.208453e-09
7100.00 1.224371e-09
7110.00 1.192046e-09
7120.00 1.185960e-09
7130.00 1.176634e-09
7140.00 1.175705e-09
7150.00 1.182477e-09
7160.00 1.172049e-09
7170.00 1.150521e-09
7180.00 1.126713e-09
7190.00 1.097126e-09
7200.00 1.087866e-09
7210.00 1.098935e-09
7220.00 1.105324e-09
7230.00 1.109959e-09
7240.00 1.080452e-09
7250.00 1.055412e-09
7260.00 1.036443e-09
7270.00 1.024357e-09
7280.00 1.029555e-09
7290.00 1.027986e-09
7300.00 1.011152e-09
7310.00 1.006555e-09
7320.00 9.987591e-10
7330.00 1.011928e-09
7340.00 1.004728e-09
7350.00 9.906577e-10
7360.00 9.848018e-10
7370.00 9.790849e-10
7380.00 9.629754e-10
7390.00 9.435129e-10
7400.00 9.474382e-10
7410.00 9.426143e-10
7420.00 9.206252e-10
7430.00 9.053479e-10
7440.00 8.962724e-10
7450.00 8.855290e-10
7460.00 8.843277e-10
7470.00 8.716674e-10
7480.00 8.615754e-10
7490.00 8.544767e-10
7500.00 8.423919e-10
7510.00 8.294858e-10
7520.00 8.121383e-10
7530.00 7.940531e-10
7540.00 8.460055e-10
7550.00 8.522993e-10
7560.00 8.554698e-10
7570.00 8.482144e-10
7580.00 8.426348e-10
7590.00 8.418288e-10
7600.00 7.793048e-10
7610.00 7.376695e-10
7620.00 7.365809e-10
7630.00 7.487308e-10
7640.00 7.554967e-10
7650.00 7.705192e-10
7660.00 7.936664e-10
7670.00 8.201316e-10
7680.00 8.455199e-10
7690.00 8.566454e-10
7700.00 8.688913e-10
7710.00 8.698283e-10
7720.00 8.783612e-10
7730.00 8.787712e-10
7740.00 8.752678e-10
7750.00 8.829834e-10
7760.00 8.798954e-10
7770.00 8.767584e-10
7780.00 8.874903e-10
7790.00 8.797007e-10
7800.00 8.797018e-10
7810.00 8.753760e-10
7820.00 8.666031e-10
7830.00 8.528819e-10
7840.00 8.453480e-10
7850.00 8.353565e-10
7860.00 8.204670e-10
7870.00 8.117037e-10
7880.00 8.023317e-10
7890.00 7.899792e-10
7900.00 7.764622e-10
7910.00 7.708583e-10
7920.00 7.537912e-10
7930.00 7.435928e-10
7940.00 7.357982e-10
7950.00 7.311119e-10
7960.00 7.241974e-10
7970.00 7.081212e-10
7980.00 6.930798e-10
7990.00 6.850287e-10
8000.00 6.743819e-10
8010.00 6.654330e-10
8020.00 6.535480e-10
8030.00 6.401386e-10
8040.00 6.365381e-10
8050.00 6.351137e-10
8060.00 6.322468e-10
8070.00 6.279573e-10
8080.00 6.185677e-10
8090.00 6.116216e-10
8100.00 5.979207e-10
8110.00 5.911531e-10
8120.00 5.823018e-10
8130.00 5.769195e-10
8140.00 5.671566e-10
8150.00 5.517799e-10
8160.00 5.394110e-10
8170.00 5.225069e-10
8180.00 5.048559e-10
8190.00 4.901899e-10
8200.00 4.848630e-10
8210.00 4.685317e-10
8220.00 4.660282e-10
8230.00 4.440886e-10
8240.00 4.101673e-10
8250.00 4.439585e-10
8260.00 4.433164e-10
8270.00 4.340099e-10
8280.00 4.453028e-10
8290.00 4.326440e-10
8300.00 4.352981e-10
8310.00 4.340964e-10
8320.00 4.289719e-10
8330.00 4.217518e-10
8340.00 4.259955e-10
8350.00 4.201272e-10
8360.00 4.289081e-10
8370.00 4.321120e-10
8380.00 4.382553e-10
8390.00 4.444649e-10
8400.00 4.520821e-10
8410.00 4.527702e-10
8420.00 4.643160e-10
8430.00 4.682366e-10
8440.00 4.731368e-10
8450.00 4.756919e-10
8460.00 4.845353e-10
8470.00 4.878849e-10
8480.00 4.914745e-10
8490.00 4.976869e-10
8500.00 4.950310e-10
8510.00 5.029342e-10
8520.00 4.955623e-10
8530.00 4.973404e-10
8540.00 4.965431e-10
8550.00 4.989887e-10
8560.00 4.962798e-10
8570.00 4.904105e-10
8580.00 4.880474e-10
8590.00 4.855671e-10
8600.00 4.803860e-10
8610.00 4.775695e-10
8620.00 4.752300e-10
8630.00 4.741606e-10
8640.00 4.690161e-10
8650.00 4.728597e-10
8660.00 4.700887e-10
8670.00 4.656515e-10
8680.00 4.578492e-10
8690.00 4.610501e-10
8700.00 4.531868e-10
8710.00 4.523686e-10
8720.00 4.495578e-10
8730.00 4.401606e-10
8740.00 4.448782e-10
8750.00 4.409712e-10
8760.00 4.342214e-10
8770.00 4.297647e-10
8780.00 4.254035e-10
8790.00 4.223126e-10
8800.00 4.149688e-10
8810.00 4.028090e-10
8820.00 3.977561e-10
8830.00 3.872543e-10
8840.00 3.725051e-10
8850.00 3.610952e-10
8860.00 3.526048e-10
8870.00 3.419283e-10
8880.00 3.341695e-10
8890.00 3.179714e-10
8900.00 3.165073e-10
8910.00 3.099105e-10
8920.00 3.094807e-10
8930.00 3.035831e-10
8940.00 3.030744e-10
8950.00 3.041542e-10
8960.00 2.974397e-10
8970.00 2.960621e-10
8980.00 2.852083e-10
8990.00 2.935236e-10
9000.00 2.724477e-10
9010.00 2.778392e-10
9020.00 2.748080e-10
9030.00 2.696469e-10
9040.00 2.753914e-10
9050.00 2.799869e-10
9060.00 2.746361e-10
9070.00 2.743882e-10
9080.00 2.678316e-10
9090.00 2.664042e-10
9100.00 2.657560e-10
9110.00 2.626555e-10
9120.00 2.673335e-10
9130.00 2.651008e-10
9140.00 2.617300e-10
9150.00 2.661622e-10
9160.00 2.640516e-10
9170.00 2.591155e-10
9180.00 2.669725e-10
9190.00 2.647911e-10
9200.00 2.761589e-10
9210.00 2.692443e-10
9220.00 2.754617e-10
9230.00 2.742813e-10
9240.00 2.728187e-10
9250.00 2.672240e-10
9260.00 2.663305e-10
9270.00 2.705330e-10
9280.00 2.655530e-10
9290.00 2.568889e-10
9300.00 2.522844e-10
9310.00 2.393609e-10
9320.00 2.188831e-10
9330.00 1.949287e-10
9340.00 1.898890e-10
9350.00 1.688837e-10
9360.00 1.750149e-10
9370.00 1.680998e-10
9380.00 1.778456e-10
9390.00 1.716423e-10
9400.00 1.969722e-10
9410.00 2.049083e-10
9420.00 1.996514e-10
9430.00 1.906722e-10
9440.00 1.749268e-10
9450.00 1.696952e-10
9460.00 1.732248e-10
9470.00 1.659806e-10
9480.00 1.688793e-10
9490.00 1.719362e-10
9500.00 1.726059e-10
9510.00 1.518708e-10
9520.00 1.717091e-10
9530.00 1.553798e-10
9540.00 1.576173e-10
9550.00 1.633081e-10
9560.00 1.583258e-10
9570.00 1.574730e-10
9580.00 1.488511e-10
9590.00 1.594795e-10
9600.00 1.466053e-10
9610.00 1.519737e-10
9620.00 1.508162e-10
9630.00 1.525133e-10
9640.00 1.500279e-10
9650.00 1.488350e-10
9660.00 1.470084e-10
9670.00 1.528681e-10
9680.00 1.402587e-10
9690.00 1.445631e-10
9700.00 1.421344e-10
9710.00 1.410591e-10
9720.00 1.441480e-10
9730.00 1.381999e-10
9740.00 1.427275e-10
9750.00 1.364032e-10
9760.00 1.347944e-10
9770.00 1.304958e-10
9780.00 1.358084e-10
9790.00 1.313018e-10
9800.00 1.295645e-10
9810.00 1.311766e-10
9820.00 1.252537e-10
9830.00 1.273640e-10
9840.00 1.287547e-10
9850.00 1.293979e-10
9860.00 1.271259e-10
9870.00 1.251324e-10
9880.00 1.225403e-10
9890.00 1.265363e-10
9900.00 1.203095e-10
9910.00 1.211883e-10
9920.00 1.135033e-10
9930.00 1.206664e-10
9940.00 1.117247e-10
9950.00 1.115573e-10
9960.00 1.191005e-10
9970.00 1.130328e-10
9980.00 1.120697e-10
9990.00 1.110065e-10
10000.00 1.164711e-10
10010.00 1.120408e-10
10020.00 1.137837e-10
10030.00 1.217068e-10
10040.00 1.207594e-10
10050.00 1.197917e-10
10060.00 1.188307e-10
10070.00 1.178798e-10
10080.00 1.169354e-10
10090.00 1.159974e-10
10100.00 1.150694e-10
10110.00 1.141477e-10
10120.00 1.132322e-10
10130.00 1.123264e-10
10140.00 1.114267e-10
10150.00 1.105332e-10
10160.00 1.096492e-10
10170.00 1.087711e-10
10180.00 1.078991e-10
10190.00 1.070361e-10
10200.00 1.061790e-10
10210.00 1.053278e-10
10220.00 1.044857e-10
10230.00 1.036491e-10
10240.00 1.028184e-10
10250.00 1.019963e-10
10260.00 1.011798e-10
10270.00 1.003689e-10
10280.00 9.956646e-11
10290.00 9.876944e-11
10300.00 9.797803e-11
10310.00 9.719478e-11
10320.00 9.641683e-11
10330.00 9.564432e-11
10340.00 9.487983e-11
10350.00 9.412046e-11
10360.00 9.336643e-11
10370.00 9.262020e-11
10380.00 9.187896e-11
10390.00 9.114297e-11
10400.00 9.041456e-11
10410.00 8.969103e-11
10420.00 8.897263e-11
10430.00 8.826160e-11
10440.00 8.755536e-11
10450.00 8.685411e-11
10460.00 8.616005e-11
10470.00 8.547065e-11
10480.00 8.478616e-11
10490.00 8.410865e-11
10500.00 8.343572e-11
10510.00 8.276761e-11
10520.00 8.210626e-11
10530.00 8.144934e-11
10540.00 8.079714e-11
10550.00 8.015156e-11
10560.00 7.951032e-11
10570.00 7.887368e-11
10580.00 7.824348e-11
10590.00 7.761751e-11
10600.00 7.699606e-11
10610.00 7.638088e-11
10620.00 7.576982e-11
10630.00 7.516318e-11
10640.00 7.456265e-11
10650.00 7.396615e-11
10660.00 7.337397e-11
10670.00 7.278774e-11
10680.00 7.220544e-11
10690.00 7.162736e-11
10700.00 7.105509e-11
10710.00 7.048664e-11
10720.00 6.992234e-11
10730.00 6.936368e-11
10740.00 6.880876e-11
10750.00 6.825790e-11
10760.00 6.771253e-11
10770.00 6.717081e-11
10780.00 6.663307e-11
10790.00 6.610066e-11
10800.00 6.557183e-11
10810.00 6.504688e-11
10820.00 6.452714e-11
10830.00 6.401087e-11
10840.00 6.349842e-11
10850.00 6.299102e-11
10860.00 6.248704e-11
10870.00 6.198677e-11
10880.00 6.149143e-11
10890.00 6.099942e-11
10900.00 6.051106e-11
10910.00 6.002749e-11
10920.00 5.954717e-11
10930.00 5.907042e-11
10940.00 5.859833e-11
10950.00 5.812941e-11
10960.00 5.766400e-11
10970.00 5.720312e-11
10980.00 5.674534e-11
10990.00 5.629098e-11
11000.00 5.584105e-11
11010.00 5.539414e-11
11020.00 5.495057e-11
11030.00 5.451133e-11
11040.00 5.407503e-11
11050.00 5.364201e-11
11060.00 5.321318e-11
11070.00 5.278723e-11
11080.00 5.236449e-11
11090.00 5.194584e-11
11100.00 5.153000e-11
11110.00 5.111730e-11
11120.00 5.070858e-11
11130.00 5.030261e-11
11140.00 4.989971e-11
11150.00 4.950069e-11
11160.00 4.910434e-11
11170.00 4.871100e-11
11180.00 4.832144e-11
11190.00 4.793450e-11
11200.00 4.755049e-11
11210.00 4.717018e-11
11220.00 4.679241e-11
11230.00 4.641752e-11
11240.00 4.604621e-11
11250.00 4.567740e-11
11260.00 4.531141e-11
11270.00 4.494890e-11
11280.00 4.458884e-11
11290.00 4.423154e-11
11300.00 4.387762e-11
11310.00 4.352609e-11
11320.00 4.317726e-11
11330.00 4.283174e-11
11340.00 4.248853e-11
11350.00 4.214797e-11
11360.00 4.181064e-11
11370.00 4.147556e-11
11380.00 4.114308e-11
11390.00 4.081374e-11
11400.00 4.048661e-11
11410.00 4.016202e-11
11420.00 3.984048e-11
11430.00 3.952109e-11
11440.00 3.920420e-11
11450.00 3.889027e-11
11460.00 3.857846e-11
11470.00 3.826907e-11
11480.00 3.796258e-11
11490.00 3.765816e-11
11500.00 3.735612e-11
11510.00 3.705690e-11
11520.00 3.675968e-11
11530.00 3.646480e-11
11540.00 3.617265e-11
11550.00 3.588247e-11
11560.00 3.559457e-11
11570.00 3.530934e-11
11580.00 3.502603e-11
11590.00 3.474496e-11
11600.00 3.446650e-11
11610.00 3.418989e-11
11620.00 3.391549e-11
11630.00 3.364360e-11
11640.00 3.337356e-11
11650.00 3.310565e-11
11660.00 3.284021e-11
11670.00 3.257656e-11
11680.00 3.231500e-11
11690.00 3.205585e-11
11700.00 3.179844e-11
11710.00 3.154307e-11
11720.00 3.129006e-11
11730.00 3.103874e-11
11740.00 3.078943e-11
11750.00 3.054240e-11
11760.00 3.029703e-11
11770.00 3.005365e-11
11780.00 2.981246e-11
11790.00 2.957290e-11
11800.00 2.933527e-11
11810.00 2.909980e-11
11820.00 2.886592e-11
11830.00 2.863392e-11
11840.00 2.840402e-11
11850.00 2.817567e-11
11860.00 2.794917e-11
11870.00 2.772472e-11
11880.00 2.750177e-11
11890.00 2.728064e-11
11900.00 2.706150e-11
11910.00 2.684384e-11
11920.00 2.662795e-11
11930.00 2.641400e-11
11940.00 2.620148e-11
11950.00 2.599070e-11
11960.00 2.578182e-11
11970.00 2.557433e-11
11980.00 2.536855e-11
11990.00 2.516461e-11
12000.00 2.496205e-11
12010.00 2.476115e-11
12020.00 2.456203e-11
12030.00 2.436426e-11
12040.00 2.416811e-11
12050.00 2.397373e-11
12060.00 2.378063e-11
12070.00 2.358915e-11
12080.00 2.339934e-11
12090.00 2.321083e-11
12100.00 2.302388e-11
12110.00 2.283858e-11
12120.00 2.265452e-11
12130.00 2.247200e-11
12140.00 2.229108e-11
12150.00 2.211140e-11
12160.00 2.193320e-11
12170.00 2.175657e-11
12180.00 2.158113e-11
12190.00 2.140716e-11
12200.00 2.123472e-11
12210.00 2.106344e-11
12220.00 2.089359e-11
12230.00 2.072524e-11
12240.00 2.055801e-11
12250.00 2.039219e-11
12260.00 2.022781e-11
12270.00 2.006455e-11
12280.00 1.990267e-11
12290.00 1.974220e-11
12300.00 1.958279e-11
12310.00 1.942475e-11
12320.00 1.926807e-11
12330.00 1.911245e-11
12340.00 1.895815e-11
12350.00 1.880518e-11
12360.00 1.865325e-11
12370.00 1.850261e-11
12380.00 1.835327e-11
12390.00 1.820495e-11
12400.00 1.805788e-11
12410.00 1.791209e-11
12420.00 1.776727e-11
12430.00 1.762369e-11
12440.00 1.748135e-11
12450.00 1.733997e-11
12460.00 1.719980e-11
12470.00 1.706082e-11
12480.00 1.692280e-11
12490.00 1.678595e-11
12500.00 1.665029e-11
12510.00 1.651553e-11
12520.00 1.638194e-11
12530.00 1.624948e-11
12540.00 1.611792e-11
12550.00 1.598749e-11
12560.00 1.585818e-11
12570.00 1.572973e-11
12580.00 1.560240e-11
12590.00 1.547616e-11
12600.00 1.535076e-11
12610.00 1.522645e-11
12620.00 1.510321e-11
12630.00 1.498079e-11
12640.00 1.485942e-11
12650.00 1.473911e-11
12660.00 1.461959e-11
12670.00 1.450112e-11
12680.00 1.438364e-11
12690.00 1.426697e-11
12700.00 1.415130e-11
12710.00 1.403662e-11
12720.00 1.392272e-11
12730.00 1.380980e-11
12740.00 1.369784e-11
12750.00 1.358664e-11
12760.00 1.347641e-11
12770.00 1.336711e-11
12780.00 1.325854e-11
12790.00 1.315094e-11
12800.00 1.304423e-11
12810.00 1.293825e-11
12820.00 1.283320e-11
12830.00 1.272902e-11
12840.00 1.262555e-11
12850.00 1.252301e-11
12860.00 1.242130e-11
12870.00 1.232029e-11
12880.00 1.222018e-11
12890.00 1.212090e-11
12900.00 1.202229e-11
12910.00 1.192456e-11
12920.00 1.182764e-11
12930.00 1.173138e-11
12940.00 1.163596e-11
12950.00 1.154136e-11
12960.00 1.144738e-11
12970.00 1.135423e-11
12980.00 1.126187e-11
12990.00 1.117013e-11
13000.00 1.107921e-11
13010.00 1.098904e-11
13020.00 1.089948e-11
13030.00 1.081072e-11
13040.00 1.072270e-11
13050.00 1.063528e-11
13060.00 1.054863e-11
13070.00 1.046270e-11
13080.00 1.037735e-11
13090.00 1.029277e-11
13100.00 1.020889e-11
13110.00 1.012557e-11
13120.00 1.004301e-11
13130.00 9.961116e-12
13140.00 9.879786e-12
13150.00 9.799186e-12
13160.00 9.719249e-12
13170.00 9.639856e-12
13180.00 9.561180e-12
13190.00 9.483143e-12
13200.00 9.405638e-12
13210.00 9.328841e-12
13220.00 9.252666e-12
13230.00 9.177004e-12
13240.00 9.102041e-12
13250.00 9.027678e-12
13260.00 8.953826e-12
13270.00 8.880647e-12
13280.00 8.808057e-12
13290.00 8.735966e-12
13300.00 8.664533e-12
13310.00 8.593676e-12
13320.00 8.523299e-12
13330.00 8.453572e-12
13340.00 8.384405e-12
13350.00 8.315709e-12
13360.00 8.247647e-12
13370.00 8.180129e-12
13380.00 8.113073e-12
13390.00 8.046636e-12
13400.00 7.980730e-12
13410.00 7.915273e-12
13420.00 7.850424e-12
13430.00 7.786091e-12
13440.00 7.722197e-12
13450.00 7.658898e-12
13460.00 7.596101e-12
13470.00 7.533734e-12
13480.00 7.471948e-12
13490.00 7.410650e-12
13500.00 7.349773e-12
13510.00 7.289467e-12
13520.00 7.229636e-12
13530.00 7.170213e-12
13540.00 7.111346e-12
13550.00 7.052945e-12
13560.00 6.994942e-12
13570.00 6.937484e-12
13580.00 6.880479e-12
13590.00 6.823863e-12
13600.00 6.767781e-12
13610.00 6.712139e-12
13620.00 6.656878e-12
13630.00 6.602138e-12
13640.00 6.547828e-12
13650.00 6.493889e-12
13660.00 6.440460e-12
13670.00 6.387450e-12
13680.00 6.334802e-12
13690.00 6.282654e-12
13700.00 6.230912e-12
13710.00 6.179525e-12
13720.00 6.128627e-12
13730.00 6.078125e-12
13740.00 6.027968e-12
13750.00 5.978290e-12
13760.00 5.928999e-12
13770.00 5.880045e-12
13780.00 5.831558e-12
13790.00 5.783447e-12
13800.00 5.735668e-12
13810.00 5.688345e-12
13820.00 5.641387e-12
13830.00 5.594752e-12
13840.00 5.548566e-12
13850.00 5.502734e-12
13860.00 5.457218e-12
13870.00 5.412140e-12
13880.00 5.367409e-12
13890.00 5.322986e-12
13900.00 5.278992e-12
13910.00 5.235334e-12
13920.00 5.191976e-12
13930.00 5.149040e-12
13940.00 5.106430e-12
13950.00 5.064115e-12
13960.00 5.022210e-12
13970.00 4.980624e-12
13980.00 4.939325e-12
13990.00 4.898429e-12
14000.00 4.857842e-12
14010.00 4.817536e-12
14020.00 4.777622e-12
14030.00 4.738013e-12
14040.00 4.698676e-12
14050.00 4.659723e-12
14060.00 4.621065e-12
14070.00 4.582675e-12
14080.00 4.544660e-12
14090.00 4.506933e-12
14100.00 4.469467e-12
14110.00 4.432368e-12
14120.00 4.395549e-12
14130.00 4.358985e-12
14140.00 4.322780e-12
14150.00 4.286848e-12
14160.00 4.251164e-12
14170.00 4.215833e-12
14180.00 4.180766e-12
14190.00 4.145943e-12
14200.00 4.111463e-12
14210.00 4.077242e-12
14220.00 4.043259e-12
14230.00 4.009611e-12
14240.00 3.976215e-12
14250.00 3.943051e-12
14260.00 3.910216e-12
14270.00 3.877625e-12
14280.00 3.845261e-12
14290.00 3.813220e-12
14300.00 3.781416e-12
14310.00 3.749833e-12
14320.00 3.718566e-12
14330.00 3.687530e-12
14340.00 3.656710e-12
14350.00 3.626199e-12
14360.00 3.595914e-12
14370.00 3.565838e-12
14380.00 3.536065e-12
14390.00 3.506511e-12
14400.00 3.477163e-12
14410.00 3.448111e-12
14420.00 3.419272e-12
14430.00 3.390633e-12
14440.00 3.362283e-12
14450.00 3.334142e-12
14460.00 3.306197e-12
14470.00 3.278534e-12
14480.00 3.251074e-12
14490.00 3.223805e-12
14500.00 3.196814e-12
14510.00 3.170019e-12
14520.00 3.143412e-12
14530.00 3.117073e-12
14540.00 3.090928e-12
14550.00 3.064965e-12
14560.00 3.039265e-12
14570.00 3.013754e-12
14580.00 2.988420e-12
14590.00 2.963346e-12
14600.00 2.938452e-12
14610.00 2.913733e-12
14620.00 2.889266e-12
14630.00 2.864977e-12
14640.00 2.840859e-12
14650.00 2.816986e-12
14660.00 2.793287e-12
14670.00 2.769753e-12
14680.00 2.746462e-12
14690.00 2.723339e-12
14700.00 2.700377e-12
14710.00 2.677652e-12
14720.00 2.655091e-12
14730.00 2.632687e-12
14740.00 2.610516e-12
14750.00 2.588503e-12
14760.00 2.566644e-12
14770.00 2.545011e-12
14780.00 2.523535e-12
14790.00 2.502208e-12
14800.00 2.481103e-12
14810.00 2.460149e-12
14820.00 2.439341e-12
14830.00 2.418751e-12
14840.00 2.398307e-12
14850.00 2.378007e-12
14860.00 2.357918e-12
14870.00 2.337972e-12
14880.00 2.318168e-12
14890.00 2.298569e-12
14900.00 2.279110e-12
14910.00 2.259787e-12
14920.00 2.240668e-12
14930.00 2.221683e-12
14940.00 2.202833e-12
14950.00 2.184179e-12
14960.00 2.165659e-12
14970.00 2.147268e-12
14980.00 2.129072e-12
14990.00 2.111003e-12
15000.00 2.093062e-12
15010.00 2.075310e-12
15020.00 2.057684e-12
15030.00 2.040181e-12
15040.00 2.022864e-12
15050.00 2.005668e-12
15060.00 1.988595e-12
15070.00 1.971700e-12
15080.00 1.954926e-12
15090.00 1.938271e-12
15100.00 1.921790e-12
15110.00 1.905426e-12
15120.00 1.889179e-12
15130.00 1.873103e-12
15140.00 1.857139e-12
15150.00 1.841291e-12
15160.00 1.825608e-12
15170.00 1.810036e-12
15180.00 1.794576e-12
15190.00 1.779279e-12
15200.00 1.764089e-12
15210.00 1.749009e-12
15220.00 1.734087e-12
15230.00 1.719270e-12
15240.00 1.704560e-12
15250.00 1.690004e-12
15260.00 1.675551e-12
15270.00 1.661203e-12
15280.00 1.647005e-12
15290.00 1.632907e-12
15300.00 1.618912e-12
15310.00 1.605063e-12
15320.00 1.591312e-12
15330.00 1.577661e-12
15340.00 1.564154e-12
15350.00 1.550741e-12
15360.00 1.537428e-12
15370.00 1.524251e-12
15380.00 1.511169e-12
15390.00 1.498183e-12
15400.00 1.485332e-12
15410.00 1.472572e-12
15420.00 1.459907e-12
15430.00 1.447371e-12
15440.00 1.434926e-12
15450.00 1.422574e-12
15460.00 1.410349e-12
15470.00 1.398211e-12
15480.00 1.386164e-12
15490.00 1.374240e-12
15500.00 1.362401e-12
15510.00 1.350652e-12
15520.00 1.339023e-12
15530.00 1.327477e-12
15540.00 1.316018e-12
15550.00 1.304676e-12
15560.00 1.293416e-12
15570.00 1.282241e-12
15580.00 1.271180e-12
15590.00 1.260198e-12
15600.00 1.249300e-12
15610.00 1.238512e-12
15620.00 1.227802e-12
15630.00 1.217174e-12
15640.00 1.206654e-12
15650.00 1.196209e-12
15660.00 1.185845e-12
15670.00 1.175585e-12
15680.00 1.165400e-12
15690.00 1.155293e-12
15700.00 1.145287e-12
15710.00 1.135354e-12
15720.00 1.125499e-12
15730.00 1.115742e-12
15740.00 1.106056e-12
15750.00 1.096445e-12
15760.00 1.086931e-12
15770.00 1.077485e-12
15780.00 1.068113e-12
15790.00 1.058835e-12
15800.00 1.049625e-12
15810.00 1.040486e-12
15820.00 1.031439e-12
15830.00 1.022458e-12
15840.00 1.013547e-12
15850.00 1.004725e-12
15860.00 9.959678e-13
15870.00 9.872787e-13
15880.00 9.786770e-13
15890.00 9.701378e-13
15900.00 9.616654e-13
15910.00 9.532784e-13
15920.00 9.449523e-13
15930.00 9.366910e-13
15940.00 9.285136e-13
15950.00 9.203951e-13
15960.00 9.123408e-13
15970.00 9.043675e-13
15980.00 8.964516e-13
15990.00 8.885987e-13
16000.00 8.808245e-13
16010.00 8.731068e-13
16020.00 8.654503e-13
16030.00 8.578710e-13
16040.00 8.503460e-13
16050.00 8.428815e-13
16060.00 8.354914e-13
16070.00 8.281553e-13
16080.00 8.208779e-13
16090.00 8.136729e-13
16100.00 8.065207e-13
16110.00 7.994260e-13
16120.00 7.924018e-13
16130.00 7.854287e-13
16140.00 7.785120e-13
16150.00 7.716642e-13
16160.00 7.648663e-13
16170.00 7.581235e-13
16180.00 7.514475e-13
16190.00 7.448202e-13
16200.00 7.382471e-13
16210.00 7.317390e-13
16220.00 7.252783e-13
16230.00 7.188706e-13
16240.00 7.125261e-13
16250.00 7.062283e-13
16260.00 6.999820e-13
16270.00 6.937973e-13
16280.00 6.876578e-13
16290.00 6.815689e-13
16300.00 6.755401e-13
16310.00 6.695555e-13
16320.00 6.636202e-13
16330.00 6.577436e-13
16340.00 6.519100e-13
16350.00 6.461247e-13
16360.00 6.403964e-13
16370.00 6.347101e-13
16380.00 6.290710e-13
16390.00 6.234873e-13
16400.00 6.179447e-13
16410.00 6.124483e-13
16420.00 6.070059e-13
16430.00 6.016034e-13
16440.00 5.962462e-13
16450.00 5.909416e-13
16460.00 5.856759e-13
16470.00 5.804545e-13
16480.00 5.752842e-13
16490.00 5.701520e-13
16500.00 5.650632e-13
16510.00 5.600240e-13
16520.00 5.550220e-13
16530.00 5.500622e-13
16540.00 5.451508e-13
16550.00 5.402758e-13
16560.00 5.354421e-13
16570.00 5.306555e-13
16580.00 5.259043e-13
16590.00 5.211935e-13
16600.00 5.165286e-13
16610.00 5.118982e-13
16620.00 5.073074e-13
16630.00 5.027612e-13
16640.00 4.982488e-13
16650.00 4.937749e-13
16660.00 4.893444e-13
16670.00 4.849470e-13
16680.00 4.805873e-13
16690.00 4.762699e-13
16700.00 4.719845e-13
16710.00 4.677360e-13
16720.00 4.635287e-13
16730.00 4.593529e-13
16740.00 4.552130e-13
16750.00 4.511132e-13
16760.00 4.470439e-13
16770.00 4.430099e-13
16780.00 4.390150e-13
16790.00 4.350499e-13
16800.00 4.311192e-13
16810.00 4.272265e-13
16820.00 4.233629e-13
16830.00 4.195329e-13
16840.00 4.157399e-13
16850.00 4.119752e-13
16860.00 4.082436e-13
16870.00 4.045479e-13
16880.00 4.008798e-13
16890.00 3.972439e-13
16900.00 3.936431e-13
16910.00 3.900692e-13
16920.00 3.865268e-13
16930.00 3.830185e-13
16940.00 3.795365e-13
16950.00 3.760852e-13
16960.00 3.726671e-13
16970.00 3.692747e-13
16980.00 3.659124e-13
16990.00 3.625823e-13
17000.00 3.592771e-13
17010.00 3.560016e-13
17020.00 3.527573e-13
17030.00 3.495374e-13
17040.00 3.463464e-13
17050.00 3.431858e-13
17060.00 3.400490e-13
17070.00 3.369404e-13
17080.00 3.338614e-13
17090.00 3.308057e-13
17100.00 3.277775e-13
17110.00 3.247781e-13
17120.00 3.218015e-13
17130.00 3.188517e-13
17140.00 3.159299e-13
17150.00 3.130303e-13
17160.00 3.101569e-13
17170.00 3.073109e-13
17180.00 3.044864e-13
17190.00 3.016876e-13
17200.00 2.989154e-13
17210.00 2.961642e-13
17220.00 2.934381e-13
17230.00 2.907379e-13
17240.00 2.880582e-13
17250.00 2.854029e-13
17260.00 2.827729e-13
17270.00 2.801628e-13
17280.00 2.775767e-13
17290.00 2.750151e-13
17300.00 2.724730e-13
17310.00 2.699542e-13
17320.00 2.674594e-13
17330.00 2.649835e-13
17340.00 2.625305e-13
17350.00 2.601007e-13
17360.00 2.576894e-13
17370.00 2.553005e-13
17380.00 2.529341e-13
17390.00 2.505858e-13
17400.00 2.482593e-13
17410.00 2.459548e-13
17420.00 2.436680e-13
17430.00 2.414024e-13
17440.00 2.391582e-13
17450.00 2.369312e-13
17460.00 2.347250e-13
17470.00 2.325395e-13
17480.00 2.303708e-13
17490.00 2.282225e-13
17500.00 2.260945e-13
17510.00 2.239828e-13
17520.00 2.218909e-13
17530.00 2.198187e-13
17540.00 2.177624e-13
17550.00 2.157255e-13
17560.00 2.137077e-13
17570.00 2.117056e-13
17580.00 2.097224e-13
17590.00 2.077577e-13
17600.00 2.058082e-13
17610.00 2.038773e-13
17620.00 2.019644e-13
17630.00 2.000663e-13
17640.00 1.981864e-13
17650.00 1.963239e-13
17660.00 1.944760e-13
17670.00 1.926457e-13
17680.00 1.908324e-13
17690.00 1.890333e-13
17700.00 1.872514e-13
17710.00 1.854862e-13
17720.00 1.837346e-13
17730.00 1.819999e-13
17740.00 1.802814e-13
17750.00 1.785763e-13
17760.00 1.768876e-13
17770.00 1.752147e-13
17780.00 1.735548e-13
17790.00 1.719110e-13
17800.00 1.702824e-13
17810.00 1.686665e-13
17820.00 1.670664e-13
17830.00 1.654812e-13
17840.00 1.639084e-13
17850.00 1.623508e-13
17860.00 1.608077e-13
17870.00 1.592768e-13
17880.00 1.577608e-13
17890.00 1.562589e-13
17900.00 1.547687e-13
17910.00 1.532932e-13
17920.00 1.518313e-13
17930.00 1.503810e-13
17940.00 1.489449e-13
17950.00 1.475221e-13
17960.00 1.461105e-13
17970.00 1.447127e-13
17980.00 1.433280e-13
17990.00 1.419542e-13
18000.00 1.405941e-13
18010.00 1.392464e-13
18020.00 1.379093e-13
18030.00 1.365857e-13
18040.00 1.352741e-13
18050.00 1.339731e-13
18060.00 1.326849e-13
18070.00 1.314087e-13
18080.00 1.301425e-13
18090.00 1.288891e-13
18100.00 1.276471e-13
18110.00 1.264149e-13
18120.00 1.251952e-13
18130.00 1.239867e-13
18140.00 1.227879e-13
18150.00 1.216010e-13
18160.00 1.204252e-13
18170.00 1.192586e-13
18180.00 1.181038e-13
18190.00 1.169598e-13
18200.00 1.158248e-13
18210.00 1.147012e-13
18220.00 1.135881e-13
18230.00 1.124838e-13
18240.00 1.113907e-13
18250.00 1.103077e-13
18260.00 1.092333e-13
18270.00 1.081698e-13
18280.00 1.071161e-13
18290.00 1.060710e-13
18300.00 1.050364e-13
18310.00 1.040114e-13
18320.00 1.029946e-13
18330.00 1.019882e-13
18340.00 1.009910e-13
18350.00 1.000019e-13
18360.00 9.902296e-14
18370.00 9.805296e-14
18380.00 9.709077e-14
18390.00 9.613852e-14
18400.00 9.519500e-14
18410.00 9.425907e-14
18420.00 9.333285e-14
18430.00 9.241511e-14
18440.00 9.150476e-14
18450.00 9.060390e-14
18460.00 8.971123e-14
18470.00 8.882583e-14
18480.00 8.794965e-14
18490.00 8.708145e-14
18500.00 8.622033e-14
18510.00 8.536823e-14
18520.00 8.452390e-14
18530.00 8.368639e-14
18540.00 8.285770e-14
18550.00 8.203654e-14
18560.00 8.122211e-14
18570.00 8.041621e-14
18580.00 7.961767e-14
18590.00 7.882563e-14
18600.00 7.804198e-14
18610.00 7.726546e-14
18620.00 7.649530e-14
18630.00 7.573328e-14
18640.00 7.497819e-14
18650.00 7.422930e-14
18660.00 7.348838e-14
18670.00 7.275418e-14
18680.00 7.202600e-14
18690.00 7.130561e-14
18700.00 7.059175e-14
18710.00 6.988378e-14
18720.00 6.918336e-14
18730.00 6.848930e-14
18740.00 6.780099e-14
18750.00 6.712006e-14
18760.00 6.644529e-14
18770.00 6.577610e-14
18780.00 6.511414e-14
18790.00 6.445814e-14
18800.00 6.380762e-14
18810.00 6.316410e-14
18820.00 6.252641e-14
18830.00 6.189400e-14
18840.00 6.126848e-14
18850.00 6.064861e-14
18860.00 6.003388e-14
18870.00 5.942583e-14
18880.00 5.882330e-14
18890.00 5.822582e-14
18900.00 5.763481e-14
18910.00 5.704918e-14
18920.00 5.646840e-14
18930.00 5.589402e-14
18940.00 5.532481e-14
18950.00 5.476037e-14
18960.00 5.420213e-14
18970.00 5.364893e-14
18980.00 5.310036e-14
18990.00 5.255783e-14
19000.00 5.202024e-14
19010.00 5.148712e-14
19020.00 5.095991e-14
19030.00 5.043748e-14
19040.00 4.991945e-14
19050.00 4.940715e-14
19060.00 4.889947e-14
19070.00 4.839607e-14
19080.00 4.789828e-14
19090.00 4.740500e-14
19100.00 4.691586e-14
19110.00 4.643219e-14
19120.00 4.595288e-14
19130.00 4.547764e-14
19140.00 4.500773e-14
19150.00 4.454204e-14
19160.00 4.408032e-14
19170.00 4.362377e-14
19180.00 4.317136e-14
19190.00 4.272279e-14
19200.00 4.227927e-14
19210.00 4.183976e-14
19220.00 4.140399e-14
19230.00 4.097316e-14
19240.00 4.054620e-14
19250.00 4.012289e-14
19260.00 3.970439e-14
19270.00 3.928967e-14
19280.00 3.887848e-14
19290.00 3.847198e-14
19300.00 3.806915e-14
19310.00 3.766978e-14
19320.00 3.727497e-14
19330.00 3.688371e-14
19340.00 3.649582e-14
19350.00 3.611239e-14
19360.00 3.573239e-14
19370.00 3.535569e-14
19380.00 3.498330e-14
19390.00 3.461428e-14
19400.00 3.424844e-14
19410.00 3.388683e-14
19420.00 3.352847e-14
19430.00 3.317322e-14
19440.00 3.282208e-14
19450.00 3.247411e-14
19460.00 3.212915e-14
19470.00 3.178819e-14
19480.00 3.145033e-14
19490.00 3.111538e-14
19500.00 3.078436e-14
19510.00 3.045632e-14
19520.00 3.013113e-14
19530.00 2.980974e-14
19540.00 2.949126e-14
19550.00 2.917555e-14
19560.00 2.886354e-14
19570.00 2.855436e-14
19580.00 2.824787e-14
19590.00 2.794499e-14
19600.00 2.764485e-14
19610.00 2.734734e-14
19620.00 2.705335e-14
19630.00 2.676201e-14
19640.00 2.647323e-14
19650.00 2.618788e-14
19660.00 2.590509e-14
19670.00 2.562481e-14
19680.00 2.534785e-14
19690.00 2.507340e-14
19700.00 2.480138e-14
19710.00 2.453259e-14
19720.00 2.426624e-14
19730.00 2.400224e-14
19740.00 2.374141e-14
19750.00 2.348293e-14
19760.00 2.322675e-14
19770.00 2.297364e-14
19780.00 2.272283e-14
19790.00 2.247424e-14
19800.00 2.222865e-14
19810.00 2.198528e-14
19820.00 2.174409e-14
19830.00 2.150581e-14
19840.00 2.126968e-14
19850.00 2.103568e-14
19860.00 2.080451e-14
19870.00 2.057543e-14
19880.00 2.034841e-14
19890.00 2.012415e-14
19900.00 1.990192e-14
19910.00 1.968169e-14
19920.00 1.946415e-14
19930.00 1.924859e-14
19940.00 1.903496e-14
19950.00 1.882396e-14
19960.00 1.861487e-14
19970.00 1.840766e-14
19980.00 1.820301e-14
19990.00 1.800021e-14
20000.00 1.779926e-14
20010.00 1.760079e-14
20020.00 1.740410e-14
20030.00 1.720922e-14
20040.00 1.701675e-14
20050.00 1.682602e-14
20060.00 1.663704e-14
20070.00 1.645039e-14
20080.00 1.626545e-14
20090.00 1.608221e-14
20100.00 1.590123e-14
20110.00 1.572191e-14
20120.00 1.554425e-14
20130.00 1.536878e-14
20140.00 1.519492e-14
20150.00 1.502268e-14
20160.00 1.485258e-14
20170.00 1.468403e-14
20180.00 1.451706e-14
20190.00 1.435215e-14
20200.00 1.418876e-14
20210.00 1.402692e-14
20220.00 1.386706e-14
20230.00 1.370869e-14
20240.00 1.355182e-14
20250.00 1.339689e-14
20260.00 1.324339e-14
20270.00 1.309135e-14
20280.00 1.294120e-14
20290.00 1.279243e-14
20300.00 1.264509e-14
20310.00 1.249958e-14
20320.00 1.235543e-14
20330.00 1.221265e-14
20340.00 1.207164e-14
20350.00 1.193196e-14
20360.00 1.179362e-14
20370.00 1.165699e-14
20380.00 1.152165e-14
20390.00 1.138762e-14
20400.00 1.125525e-14
20410.00 1.112413e-14
20420.00 1.099428e-14
20430.00 1.086605e-14
20440.00 1.073903e-14
20450.00 1.061324e-14
20460.00 1.048902e-14
20470.00 1.036599e-14
20480.00 1.024416e-14
20490.00 1.012384e-14
20500.00 1.000467e-14
20510.00 9.886683e-15
20520.00 9.770157e-15
20530.00 9.654741e-15
20540.00 9.540471e-15
20550.00 9.427624e-15
20560.00 9.315858e-15
20570.00 9.205207e-15
20580.00 9.095935e-15
20590.00 8.987712e-15
20600.00 8.880574e-15
20610.00 8.774771e-15
20620.00 8.669990e-15
20630.00 8.566262e-15
20640.00 8.463830e-15
20650.00 8.362389e-15
20660.00 8.261974e-15
20670.00 8.162815e-15
20680.00 8.064619e-15
20690.00 7.967420e-15
20700.00 7.871437e-15
20710.00 7.776389e-15
20720.00 7.682314e-15
20730.00 7.589416e-15
20740.00 7.497426e-15
20750.00 7.406381e-15
20760.00 7.316477e-15
20770.00 7.227455e-15
20780.00 7.139353e-15
20790.00 7.052355e-15
20800.00 6.966213e-15
20810.00 6.880968e-15
20820.00 6.796792e-15
20830.00 6.713446e-15
20840.00 6.630974e-15
20850.00 6.549535e-15
20860.00 6.468904e-15
20870.00 6.389121e-15
20880.00 6.310339e-15
20890.00 6.232343e-15
20900.00 6.155168e-15
20910.00 6.078968e-15
20920.00 6.003526e-15
20930.00 5.928887e-15
20940.00 5.855187e-15
20950.00 5.782226e-15
20960.00 5.710044e-15
20970.00 5.638773e-15
20980.00 5.568220e-15
20990.00 5.498424e-15
21000.00 5.429508e-15
21010.00 5.361288e-15
21020.00 5.293803e-15
21030.00 5.227174e-15
21040.00 5.161219e-15
21050.00 5.095981e-15
21060.00 5.031567e-15
21070.00 4.967812e-15
21080.00 4.904748e-15
21090.00 4.842488e-15
21100.00 4.780860e-15
21110.00 4.719910e-15
21120.00 4.659735e-15
21130.00 4.600175e-15
21140.00 4.541272e-15
21150.00 4.483121e-15
21160.00 4.425566e-15
21170.00 4.368650e-15
21180.00 4.312458e-15
21190.00 4.256849e-15
21200.00 4.201856e-15
21210.00 4.147568e-15
21220.00 4.093844e-15
21230.00 4.040720e-15
21240.00 3.988276e-15
21250.00 3.936379e-15
21260.00 3.885066e-15
21270.00 3.834410e-15
21280.00 3.784286e-15
21290.00 3.734727e-15
21300.00 3.685805e-15
21310.00 3.637399e-15
21320.00 3.589542e-15
21330.00 3.542301e-15
21340.00 3.495558e-15
21350.00 3.449350e-15
21360.00 3.403738e-15
21370.00 3.358610e-15
21380.00 3.314002e-15
21390.00 3.269968e-15
21400.00 3.226403e-15
21410.00 3.183344e-15
21420.00 3.140841e-15
21430.00 3.098792e-15
21440.00 3.057233e-15
21450.00 3.016212e-15
21460.00 2.975634e-15
21470.00 2.935528e-15
21480.00 2.895944e-15
21490.00 2.856788e-15
21500.00 2.818093e-15
21510.00 2.779901e-15
21520.00 2.742123e-15
21530.00 2.704793e-15
21540.00 2.667948e-15
21550.00 2.631506e-15
21560.00 2.595498e-15
21570.00 2.559960e-15
21580.00 2.524811e-15
21590.00 2.490083e-15
21600.00 2.455811e-15
21610.00 2.421915e-15
21620.00 2.388427e-15
21630.00 2.355380e-15
21640.00 2.322698e-15
21650.00 2.290410e-15
21660.00 2.258549e-15
21670.00 2.227041e-15
21680.00 2.195918e-15
21690.00 2.165205e-15
21700.00 2.134835e-15
21710.00 2.104837e-15
21720.00 2.075237e-15
21730.00 2.045969e-15
21740.00 2.017061e-15
21750.00 1.988537e-15
21760.00 1.960335e-15
21770.00 1.932482e-15
21780.00 1.905000e-15
21790.00 1.877829e-15
21800.00 1.850998e-15
21810.00 1.824524e-15
21820.00 1.798352e-15
21830.00 1.772508e-15
21840.00 1.747011e-15
21850.00 1.721805e-15
21860.00 1.696918e-15
21870.00 1.672366e-15
21880.00 1.648094e-15
21890.00 1.624133e-15
21900.00 1.600493e-15
21910.00 1.577127e-15
21920.00 1.554060e-15
21930.00 1.531305e-15
21940.00 1.508815e-15
21950.00 1.486614e-15
21960.00 1.464713e-15
21970.00 1.443069e-15
21980.00 1.421704e-15
21990.00 1.400631e-15
22000.00 1.379805e-15
22010.00 1.359251e-15
22020.00 1.338978e-15
22030.00 1.318943e-15
22040.00 1.299172e-15
22050.00 1.279672e-15
22060.00 1.260404e-15
22070.00 1.241389e-15
22080.00 1.222636e-15
22090.00 1.204108e-15
22100.00 1.185825e-15
22110.00 1.167794e-15
22120.00 1.149982e-15
22130.00 1.132407e-15
22140.00 1.115075e-15
22150.00 1.097952e-15
22160.00 1.081061e-15
22170.00 1.064404e-15
22180.00 1.047949e-15
22190.00 1.031719e-15
22200.00 1.015714e-15
22210.00 9.999058e-16
22220.00 9.843130e-16
22230.00 9.689385e-16
22240.00 9.537535e-16
22250.00 9.387772e-16
22260.00 9.240116e-16
22270.00 9.094291e-16
22280.00 8.950483e-16
22290.00 8.808705e-16
22300.00 8.668698e-16
22310.00 8.530641e-16
22320.00 8.394542e-16
22330.00 8.260152e-16
22340.00 8.127650e-16
22350.00 7.997032e-16
22360.00 7.868067e-16
22370.00 7.740925e-16
22380.00 7.615602e-16
22390.00 7.491874e-16
22400.00 7.369906e-16
22410.00 7.249692e-16
22420.00 7.131019e-16
22430.00 7.014047e-16
22440.00 6.898762e-16
22450.00 6.784968e-16
22460.00 6.672815e-16
22470.00 6.562290e-16
22480.00 6.453201e-16
22490.00 6.345700e-16
22500.00 6.239767e-16
22510.00 6.135221e-16
22520.00 6.032207e-16
22530.00 5.930701e-16
22540.00 5.830532e-16
22550.00 5.731843e-16
22560.00 5.634609e-16
22570.00 5.538666e-16
22580.00 5.444150e-16
22590.00 5.351034e-16
22600.00 5.259163e-16
22610.00 5.168672e-16
22620.00 5.079525e-16
22630.00 4.991582e-16
22640.00 4.904968e-16
22650.00 4.819650e-16
22660.00 4.735491e-16
22670.00 4.652614e-16
22680.00 4.570985e-16
22690.00 4.490475e-16
22700.00 4.411200e-16
22710.00 4.333126e-16
22720.00 4.256129e-16
22730.00 4.180325e-16
22740.00 4.105674e-16
22750.00 4.032063e-16
22760.00 3.959600e-16
22770.00 3.888249e-16
22780.00 3.817898e-16
22790.00 3.748655e-16
22800.00 3.680480e-16
22810.00 3.613269e-16
22820.00 3.547124e-16
22830.00 3.482007e-16
22840.00 3.417819e-16
22850.00 3.354657e-16
22860.00 3.292485e-16
22870.00 3.231205e-16
22880.00 3.170916e-16
22890.00 3.111575e-16
22900.00 3.053095e-16
22910.00 2.995569e-16
22920.00 2.938953e-16
22930.00 2.883167e-16
22940.00 2.828296e-16
22950.00 2.774303e-16
22960.00 2.721107e-16
22970.00 2.668795e-16
22980.00 2.617322e-16
22990.00 2.566617e-16
23000.00 2.516761e-16
23010.00 2.467712e-16
23020.00 2.419403e-16
23030.00 2.371910e-16
23040.00 2.325190e-16
23050.00 2.279182e-16
23060.00 2.233959e-16
23070.00 2.189479e-16
23080.00 2.145682e-16
23090.00 2.102639e-16
23100.00 2.060311e-16
23110.00 2.018639e-16
23120.00 1.977692e-16
23130.00 1.937430e-16
23140.00 1.897797e-16
23150.00 1.858862e-16
23160.00 1.820582e-16
23170.00 1.782909e-16
23180.00 1.745905e-16
23190.00 1.709530e-16
23200.00 1.673736e-16
23210.00 1.638584e-16
23220.00 1.604037e-16
23230.00 1.570047e-16
23240.00 1.536674e-16
23250.00 1.503878e-16
23260.00 1.471619e-16
23270.00 1.439951e-16
23280.00 1.408836e-16
23290.00 1.378237e-16
23300.00 1.348203e-16
23310.00 1.318700e-16
23320.00 1.289691e-16
23330.00 1.261224e-16
23340.00 1.233265e-16
23350.00 1.205780e-16
23360.00 1.178815e-16
23370.00 1.152336e-16
23380.00 1.126310e-16
23390.00 1.100783e-16
23400.00 1.075721e-16
23410.00 1.051094e-16
23420.00 1.026944e-16
23430.00 1.003238e-16
23440.00 9.799489e-17
23450.00 9.571166e-17
23460.00 9.347090e-17
23470.00 9.127003e-17
23480.00 8.911287e-17
23490.00 8.699630e-17
23500.00 8.491791e-17
23510.00 8.288135e-17
23520.00 8.088354e-17
23530.00 7.892223e-17
23540.00 7.700089e-17
23550.00 7.511657e-17
23560.00 7.326717e-17
23570.00 7.145596e-17
23580.00 6.968008e-17
23590.00 6.793759e-17
23600.00 6.623155e-17
23610.00 6.455923e-17
23620.00 6.291881e-17
23630.00 6.131319e-17
23640.00 5.973971e-17
23650.00 5.819670e-17
23660.00 5.668690e-17
23670.00 5.520774e-17
23680.00 5.375765e-17
23690.00 5.233922e-17
23700.00 5.095000e-17
23710.00 4.958850e-17
23720.00 4.825718e-17
23730.00 4.695366e-17
23740.00 4.567660e-17
23750.00 4.442825e-17
23760.00 4.320639e-17
23770.00 4.200972e-17
23780.00 4.084040e-17
23790.00 3.969626e-17
23800.00 3.857612e-17
23810.00 3.748200e-17
23820.00 3.641181e-17
23830.00 3.536448e-17
23840.00 3.434187e-17
23850.00 3.334200e-17
23860.00 3.236387e-17
23870.00 3.140923e-17
23880.00 3.047618e-17
23890.00 2.956381e-17
23900.00 2.867373e-17
23910.00 2.780414e-17
23920.00 2.695419e-17
23930.00 2.612538e-17
23940.00 2.531601e-17
23950.00 2.452527e-17
23960.00 2.375458e-17
23970.00 2.300230e-17
23980.00 2.226771e-17
23990.00 2.155209e-17
24000.00 2.085392e-17
24010.00 2.017249e-17
24020.00 1.950904e-17
24030.00 1.886207e-17
24040.00 1.823099e-17
24050.00 1.761687e-17
24060.00 1.701835e-17
24070.00 1.643485e-17
24080.00 1.586739e-17
24090.00 1.531465e-17
24100.00 1.477610e-17
24110.00 1.425270e-17
24120.00 1.374319e-17
24130.00 1.324708e-17
24140.00 1.276522e-17
24150.00 1.229647e-17
24160.00 1.184037e-17
24170.00 1.139769e-17
24180.00 1.096735e-17
24190.00 1.054892e-17
24200.00 1.014312e-17
24210.00 9.748912e-18
24220.00 9.365929e-18
24230.00 8.994794e-18
24240.00 8.634562e-18
24250.00 8.284870e-18
24260.00 7.946296e-18
24270.00 7.617946e-18
24280.00 7.299496e-18
24290.00 6.991453e-18
24300.00 6.692990e-18
24310.00 6.403806e-18
24320.00 6.124351e-18
24330.00 5.853861e-18
24340.00 5.592054e-18
24350.00 5.339328e-18
24360.00 5.094976e-18
24370.00 4.858735e-18
24380.00 4.630957e-18
24390.00 4.410985e-18
24400.00 4.198577e-18
24410.00 3.994039e-18
24420.00 3.796766e-18
24430.00 3.606533e-18
24440.00 3.423603e-18
24450.00 3.247418e-18
24460.00 3.077773e-18
24470.00 2.914888e-18
24480.00 2.758253e-18
24490.00 2.607677e-18
24500.00 2.463345e-18
24510.00 2.324790e-18
24520.00 2.191832e-18
24530.00 2.064624e-18
24540.00 1.942741e-18
24550.00 1.826016e-18
24560.00 1.714570e-18
24570.00 1.608017e-18
24580.00 1.506201e-18
24590.00 1.409216e-18
24600.00 1.316711e-18
24610.00 1.228541e-18
24620.00 1.144775e-18
24630.00 1.065095e-18
24640.00 9.893677e-19
24650.00 9.176359e-19
24660.00 8.496160e-19
24670.00 7.851815e-19
24680.00 7.243560e-19
24690.00 6.668849e-19
24700.00 6.126496e-19
24710.00 5.616554e-19
24720.00 5.136752e-19
24730.00 4.685975e-19
24740.00 4.264117e-19
24750.00 3.869157e-19
24760.00 3.500045e-19
24770.00 3.156539e-19
24780.00 2.836846e-19
24790.00 2.539978e-19
24800.00 2.265574e-19
24810.00 2.012051e-19
24820.00 1.778475e-19
24830.00 1.564388e-19
24840.00 1.368395e-19
24850.00 1.189612e-19
24860.00 1.027506e-19
24870.00 8.808457e-20
24880.00 7.487961e-20
24890.00 6.307628e-20
24900.00 5.256649e-20
24910.00 4.327090e-20
24920.00 3.512593e-20
24930.00 2.803633e-20
24940.00 2.192682e-20
24950.00 1.673124e-20
24960.00 1.236536e-20
24970.00 8.757712e-21
24980.00 5.841156e-21
24990.00 3.540670e-21
25000.00 1.788335e-21
