1000.00 2.159032e-19
1010.00 6.374601e-19
1020.00 1.245762e-18
1030.00 2.069839e-18
1040.00 3.198850e-18
1050.00 4.649196e-18
1060.00 6.474090e-18
1070.00 8.851909e-18
1080.00 1.177032e-17
1090.00 1.533080e-17
1100.00 1.984376e-17
1110.00 2.524292e-17
1120.00 3.172219e-17
1130.00 3.977485e-17
1140.00 4.924474e-17
1150.00 6.049511e-17
1160.00 7.425567e-17
1170.00 9.023154e-17
1180.00 1.090843e-16
1190.00 1.318245e-16
1200.00 1.579561e-16
1210.00 1.886471e-16
1220.00 2.252041e-16
1230.00 2.668545e-16
1240.00 3.155992e-16
1250.00 3.730675e-16
1260.00 4.382038e-16
1270.00 5.145970e-16
1280.00 6.042243e-16
1290.00 7.054393e-16
1300.00 8.242905e-16
1310.00 9.625726e-16
1320.00 1.118021e-15
1330.00 1.300648e-15
1340.00 1.511412e-15
1350.00 1.747351e-15
1360.00 2.024725e-15
1370.00 2.342317e-15
1380.00 2.696471e-15
1390.00 3.113156e-15
1400.00 3.586616e-15
1410.00 4.112687e-15
1420.00 4.732196e-15
1430.00 5.430914e-15
1440.00 6.204682e-15
1450.00 7.116761e-15
1460.00 8.138118e-15
1470.00 9.265658e-15
1480.00 1.059615e-14
1490.00 1.207579e-14
1500.00 1.370450e-14
1510.00 1.562857e-14
1520.00 1.775416e-14
1530.00 2.009776e-14
1540.00 2.284753e-14
1550.00 2.587713e-14
1560.00 2.922339e-14
1570.00 3.312394e-14
1580.00 3.741081e-14
1590.00 4.215470e-14
1600.00 4.764985e-14
1610.00 5.367559e-14
1620.00 6.035724e-14
1630.00 6.805116e-14
1640.00 7.647072e-14
1650.00 8.582725e-14
1660.00 9.654114e-14
1670.00 1.082443e-13
1680.00 1.212814e-13
1690.00 1.361317e-13
1700.00 1.523273e-13
1710.00 1.704161e-13
1720.00 1.909191e-13
1730.00 2.132506e-13
1740.00 2.382698e-13
1750.00 2.665075e-13
1760.00 2.972355e-13
1770.00 3.317879e-13
1780.00 3.706372e-13
1790.00 4.128885e-13
1800.00 4.606009e-13
1810.00 5.140682e-13
1820.00 5.722051e-13
1830.00 6.381836e-13
1840.00 7.119075e-13
1850.00 7.920814e-13
1860.00 8.835976e-13
1870.00 9.856003e-13
1880.00 1.096580e-12
1890.00 1.224101e-12
1900.00 1.365905e-12
1910.00 1.520296e-12
1920.00 1.698985e-12
1930.00 1.897204e-12
1940.00 2.113171e-12
1950.00 2.364956e-12
1960.00 2.643388e-12
1970.00 2.946852e-12
1980.00 3.302836e-12
1990.00 3.694704e-12
2000.00 4.121526e-12
2010.00 4.623766e-12
2020.00 5.172838e-12
2030.00 5.772189e-12
2040.00 6.469640e-12
2050.00 7.227570e-12
2060.00 8.053768e-12
2070.00 8.998228e-12
2080.00 1.001471e-11
2090.00 1.111579e-11
2100.00 1.234446e-11
2110.00 1.365009e-11
2120.00 1.504827e-11
2130.00 1.656632e-11
2140.00 1.815733e-11
2150.00 1.983638e-11
2160.00 2.161422e-11
2170.00 2.345554e-11
2180.00 2.537256e-11
2190.00 2.736835e-11
2200.00 2.942056e-11
2210.00 3.154096e-11
2220.00 3.373548e-11
2230.00 3.598893e-11
2240.00 3.831917e-11
2250.00 4.073865e-11
2260.00 4.323119e-11
2270.00 4.582864e-11
2280.00 4.854535e-11
2290.00 5.135894e-11
2300.00 5.432206e-11
2310.00 5.744240e-11
2320.00 6.069014e-11
2330.00 6.414458e-11
2340.00 6.779757e-11
2350.00 7.161319e-11
2360.00 7.570338e-11
2370.00 8.003501e-11
2380.00 8.456889e-11
2390.00 8.945634e-11
2400.00 9.462974e-11
2410.00 1.000498e-10
2420.00 1.059158e-10
2430.00 1.121147e-10
2440.00 1.186107e-10
2450.00 1.256614e-10
2460.00 1.330950e-10
2470.00 1.408836e-10
2480.00 1.493564e-10
2490.00 1.701943e-10
2500.00 2.028828e-10
2510.00 2.409603e-10
2520.00 2.549847e-10
2530.00 2.695175e-10
2540.00 2.681951e-10
2550.00 2.490792e-10
2560.00 2.639420e-10
2570.00 2.832970e-10
2580.00 2.601030e-10
2590.00 2.439804e-10
2600.00 2.520032e-10
2610.00 2.632791e-10
2620.00 2.875719e-10
2630.00 2.752740e-10
2640.00 2.641300e-10
2650.00 2.990299e-10
2660.00 3.646850e-10
2670.00 3.638014e-10
2680.00 3.731022e-10
2690.00 4.338630e-10
2700.00 4.704901e-10
2710.00 5.038539e-10
2720.00 5.560932e-10
2730.00 6.024262e-10
2740.00 6.449501e-10
2750.00 6.888278e-10
2760.00 6.864019e-10
2770.00 6.517674e-10
2780.00 6.521599e-10
2790.00 7.190162e-10
2800.00 7.644678e-10
2810.00 7.790512e-10
2820.00 9.143404e-10
2830.00 1.064926e-09
2840.00 1.160856e-09
2850.00 1.252636e-09
2860.00 1.290604e-09
2870.00 1.407249e-09
2880.00 1.563375e-09
2890.00 1.765111e-09
2900.00 1.894018e-09
2910.00 2.072096e-09
2920.00 2.222065e-09
2930.00 2.278887e-09
2940.00 2.364151e-09
2950.00 2.451704e-09
2960.00 2.474202e-09
2970.00 2.484137e-09
2980.00 2.544888e-09
2990.00 2.494338e-09
3000.00 2.390544e-09
3010.00 2.323525e-09
3020.00 2.278714e-09
3030.00 2.305215e-09
3040.00 2.415421e-09
3050.00 2.469577e-09
3060.00 2.265723e-09
3070.00 2.255568e-09
3080.00 2.551398e-09
3090.00 2.718065e-09
3100.00 2.644171e-09
3110.00 2.623118e-09
3120.00 2.809374e-09
3130.00 3.000221e-09
3140.00 3.289544e-09
3150.00 3.444803e-09
3160.00 3.444856e-09
3170.00 3.751952e-09
3180.00 3.980847e-09
3190.00 3.844460e-09
3200.00 3.659414e-09
3210.00 3.576546e-09
3220.00 3.323629e-09
3230.00 3.498001e-09
3240.00 3.815941e-09
3250.00 3.821245e-09
3260.00 3.738797e-09
3270.00 3.854366e-09
3280.00 4.234790e-09
3290.00 4.373847e-09
3300.00 4.388812e-09
3310.00 4.442144e-09
3320.00 4.228069e-09
3330.00 4.524802e-09
3340.00 5.208239e-09
3350.00 4.995614e-09
3360.00 5.029662e-09
3370.00 5.267618e-09
3380.00 5.158589e-09
3390.00 5.179643e-09
3400.00 5.580068e-09
3410.00 5.610682e-09
3420.00 5.739992e-09
3430.00 5.979157e-09
3440.00 6.357692e-09
3450.00 6.980117e-09
3460.00 7.535944e-09
3470.00 8.065539e-09
3480.00 7.889679e-09
3490.00 7.547758e-09
3500.00 8.033196e-09
3510.00 8.240877e-09
3520.00 8.504817e-09
3530.00 8.322829e-09
3540.00 8.339619e-09
3550.00 8.324524e-09
3560.00 8.199945e-09
3570.00 8.345077e-09
3580.00 8.578573e-09
3590.00 8.822305e-09
3600.00 9.238980e-09
3610.00 9.542539e-09
3620.00 9.710638e-09
3630.00 9.984319e-09
3640.00 1.019325e-08
3650.00 1.016404e-08
3660.00 9.641070e-09
3670.00 9.378981e-09
3680.00 8.973397e-09
3690.00 8.344313e-09
3700.00 8.119353e-09
3710.00 8.096058e-09
3720.00 8.076298e-09
3730.00 7.953204e-09
3740.00 7.891742e-09
3750.00 7.763485e-09
3760.00 7.849282e-09
3770.00 8.309515e-09
3780.00 8.739984e-09
3790.00 8.811187e-09
3800.00 8.730510e-09
3810.00 8.531830e-09
3820.00 8.291042e-09
3830.00 7.985749e-09
3840.00 7.990874e-09
3850.00 7.978041e-09
3860.00 7.923526e-09
3870.00 7.997086e-09
3880.00 8.301905e-09
3890.00 8.290360e-09
3900.00 8.216134e-09
3910.00 8.183417e-09
3920.00 8.238732e-09
3930.00 8.348297e-09
3940.00 8.538840e-09
3950.00 8.903504e-09
3960.00 8.983372e-09
3970.00 9.112676e-09
3980.00 9.417443e-09
3990.00 9.337891e-09
4000.00 9.186672e-09
4010.00 9.160909e-09
4020.00 9.099604e-09
4030.00 9.172012e-09
4040.00 9.273002e-09
4050.00 9.428481e-09
4060.00 9.375190e-09
4070.00 9.423160e-09
4080.00 9.418753e-09
4090.00 9.397399e-09
4100.00 9.215058e-09
4110.00 9.110680e-09
4120.00 8.874847e-09
4130.00 8.596065e-09
4140.00 8.323810e-09
4150.00 8.141433e-09
4160.00 8.078069e-09
4170.00 7.864111e-09
4180.00 7.692303e-09
4190.00 7.535297e-09
4200.00 7.324661e-09
4210.00 7.023141e-09
4220.00 6.581269e-09
4230.00 6.118383e-09
4240.00 5.884808e-09
4250.00 5.590016e-09
4260.00 5.318744e-09
4270.00 5.081873e-09
4280.00 4.912660e-09
4290.00 4.698924e-09
4300.00 4.530514e-09
4310.00 4.486881e-09
4320.00 4.690755e-09
4330.00 5.052799e-09
4340.00 5.377045e-09
4350.00 5.533458e-09
4360.00 5.829546e-09
4370.00 6.330808e-09
4380.00 6.717023e-09
4390.00 6.987322e-09
4400.00 7.122937e-09
4410.00 7.116135e-09
4420.00 6.823913e-09
4430.00 6.382439e-09
4440.00 6.064680e-09
4450.00 5.927835e-09
4460.00 5.909945e-09
4470.00 6.178640e-09
4480.00 6.437386e-09
4490.00 6.566592e-09
4500.00 6.719482e-09
4510.00 6.747904e-09
4520.00 6.701873e-09
4530.00 6.669137e-09
4540.00 6.591335e-09
4550.00 6.481314e-09
4560.00 6.513954e-09
4570.00 6.592505e-09
4580.00 6.616013e-09
4590.00 6.613368e-09
4600.00 6.629511e-09
4610.00 6.671055e-09
4620.00 6.677334e-09
4630.00 6.607393e-09
4640.00 6.502880e-09
4650.00 6.352747e-09
4660.00 6.273062e-09
4670.00 6.002671e-09
4680.00 5.670957e-09
4690.00 5.488655e-09
4700.00 5.405799e-09
4710.00 5.323485e-09
4720.00 5.315643e-09
4730.00 5.247422e-09
4740.00 5.136070e-09
4750.00 5.030596e-09
4760.00 4.964208e-09
4770.00 4.926549e-09
4780.00 4.892629e-09
4790.00 4.897286e-09
4800.00 4.888131e-09
4810.00 4.983719e-09
4820.00 5.027641e-09
4830.00 5.113480e-09
4840.00 5.148596e-09
4850.00 5.126435e-09
4860.00 4.958739e-09
4870.00 4.745403e-09
4880.00 4.560380e-09
4890.00 4.380030e-09
4900.00 4.162140e-09
4910.00 4.006511e-09
4920.00 3.734076e-09
4930.00 3.510422e-09
4940.00 3.359271e-09
4950.00 3.277771e-09
4960.00 3.215692e-09
4970.00 3.135525e-09
4980.00 3.033953e-09
4990.00 2.960133e-09
5000.00 2.987013e-09
5010.00 2.990103e-09
5020.00 3.077402e-09
5030.00 3.242442e-09
5040.00 3.429420e-09
5050.00 3.578956e-09
5060.00 3.711978e-09
5070.00 3.848941e-09
5080.00 3.914912e-09
5090.00 4.006968e-09
5100.00 4.132889e-09
5110.00 4.255335e-09
5120.00 4.372114e-09
5130.00 4.420300e-09
5140.00 4.471309e-09
5150.00 4.508832e-09
5160.00 4.516207e-09
5170.00 4.496022e-09
5180.00 4.513121e-09
5190.00 4.517062e-09
5200.00 4.523851e-09
5210.00 4.494096e-09
5220.00 4.493092e-09
5230.00 4.464664e-09
5240.00 4.431966e-09
5250.00 4.399888e-09
5260.00 4.339428e-09
5270.00 4.205244e-09
5280.00 4.058346e-09
5290.00 3.899122e-09
5300.00 3.765466e-09
5310.00 3.662600e-09
5320.00 3.564356e-09
5330.00 3.490330e-09
5340.00 3.441953e-09
5350.00 3.450794e-09
5360.00 3.476985e-09
5370.00 3.542547e-09
5380.00 3.562993e-09
5390.00 3.514870e-09
5400.00 3.518741e-09
5410.00 3.542380e-09
5420.00 3.549044e-09
5430.00 3.528398e-09
5440.00 3.501526e-09
5450.00 3.517377e-09
5460.00 3.479983e-09
5470.00 3.448460e-09
5480.00 3.369660e-09
5490.00 3.337202e-09
5500.00 3.313045e-09
5510.00 3.311598e-09
5520.00 3.353158e-09
5530.00 3.376883e-09
5540.00 3.367858e-09
5550.00 3.361016e-09
5560.00 3.400313e-09
5570.00 3.291316e-09
5580.00 3.203334e-09
5590.00 3.162654e-09
5600.00 3.146123e-09
5610.00 3.214665e-09
5620.00 3.231146e-09
5630.00 3.237323e-09
5640.00 3.197718e-09
5650.00 3.189879e-09
5660.00 3.195133e-09
5670.00 3.184795e-09
5680.00 3.195408e-09
5690.00 3.200695e-09
5700.00 3.230077e-09
5710.00 3.220796e-09
5720.00 3.206995e-09
5730.00 3.207426e-09
5740.00 3.175876e-09
5750.00 3.168529e-09
5760.00 3.154479e-09
5770.00 3.145894e-09
5780.00 3.123567e-09
5790.00 3.121926e-09
5800.00 3.125950e-09
5810.00 3.130249e-09
5820.00 3.141295e-09
5830.00 3.145832e-09
5840.00 3.146268e-09
5850.00 3.127249e-09
5860.00 3.118619e-09
5870.00 3.116434e-09
5880.00 3.116469e-09
5890.00 3.120063e-09
5900.00 3.117506e-09
5910.00 3.130777e-09
5920.00 3.178591e-09
5930.00 3.028288e-09
5940.00 2.911631e-09
5950.00 3.057977e-09
5960.00 3.139342e-09
5970.00 3.136181e-09
5980.00 3.131399e-09
5990.00 3.103045e-09
6000.00 3.069678e-09
6010.00 3.050128e-09
6020.00 2.990801e-09
6030.00 2.977785e-09
6040.00 2.947070e-09
6050.00 2.891355e-09
6060.00 2.836551e-09
6070.00 2.796624e-09
6080.00 2.764176e-09
6090.00 2.720948e-09
6100.00 2.667380e-09
6110.00 2.599061e-09
6120.00 2.557794e-09
6130.00 2.496274e-09
6140.00 2.433786e-09
6150.00 2.390075e-09
6160.00 2.307807e-09
6170.00 2.224518e-09
6180.00 2.165877e-09
6190.00 2.131226e-09
6200.00 2.123025e-09
6210.00 2.139734e-09
6220.00 2.162081e-09
6230.00 2.161736e-09
6240.00 2.160240e-09
6250.00 2.152038e-09
6260.00 2.164564e-09
6270.00 2.189035e-09
6280.00 2.184964e-09
6290.00 2.164629e-09
6300.00 2.200559e-09
6310.00 2.223650e-09
6320.00 2.231776e-09
6330.00 2.226078e-09
6340.00 2.232484e-09
6350.00 2.251191e-09
6360.00 2.240844e-09
6370.00 2.216403e-09
6380.00 2.221168e-09
6390.00 2.207404e-09
6400.00 2.179957e-09
6410.00 2.162092e-09
6420.00 2.142710e-09
6430.00 2.126720e-09
6440.00 2.097344e-09
6450.00 2.081518e-09
6460.00 2.042059e-09
6470.00 2.016227e-09
6480.00 2.011415e-09
6490.00 1.979135e-09
6500.00 1.938628e-09
6510.00 1.911937e-09
6520.00 1.883415e-09
6530.00 1.869984e-09
6540.00 1.862581e-09
6550.00 1.856576e-09
6560.00 1.830402e-09
6570.00 1.817422e-09
6580.00 1.806623e-09
6590.00 1.796539e-09
6600.00 1.786669e-09
6610.00 1.774391e-09
6620.00 1.753292e-09
6630.00 1.744154e-09
6640.00 1.722932e-09
6650.00 1.713097e-09
6660.00 1.693731e-09
6670.00 1.685483e-09
6680.00 1.670771e-09
6690.00 1.660631e-09
6700.00 1.634493e-09
6710.00 1.627308e-09
6720.00 1.626319e-09
6730.00 1.615164e-09
6740.00 1.595159e-09
6750.00 1.592999e-09
6760.00 1.581626e-09
6770.00 1.553117e-09
6780.00 1.534202e-09
6790.00 1.517734e-09
6800.00 1.500646e-09
6810.00 1.480744e-09
6820.00 1.475977e-09
6830.00 1.456910e-09
6840.00 1.447292e-09
6850.00 1.429100e-09
6860.00 1.403028e-09
6870.00 1.321055e-09
6880.00 1.154848e-09
6890.00 1.160313e-09
6900.00 1.199144e-09
6910.00 1.205379e-09
6920.00 1.242227e-09
6930.00 1.273861e-09
6940.00 1.302587e-09
6950.00 1.301899e-09
6960.00 1.306597e-09
6970.00 1.318120e-09
6980.00 1.308588e-09
6990.00 1.301303e-09
7000.00 1.289030e-09
7010.00 1.296703e-09
7020.00 1.277380e-09
7030.00 1.268136e-09
7040.00 1.261505e-09
7050.00 1.245776e-09
7060.00 1.247177e-09
7070.00 1.235646e-09
7080.00 1.230278e-09
7090.00 1.230229e-09
7100.00 1.247692e-09
7110.00 1.215985e-09
7120.00 1.211016e-09
7130.00 1.202730e-09
7140.00 1.203026e-09
7150.00 1.211218e-09
7160.00 1.201795e-09
7170.00 1.180967e-09
7180.00 1.157759e-09
7190.00 1.128561e-09
7200.00 1.120239e-09
7210.00 1.132860e-09
7220.00 1.140685e-09
7230.00 1.146722e-09
7240.00 1.117464e-09
7250.00 1.092774e-09
7260.00 1.074326e-09
7270.00 1.062983e-09
7280.00 1.069576e-09
7290.00 1.069151e-09
7300.00 1.052835e-09
7310.00 1.049243e-09
7320.00 1.042307e-09
7330.00 1.057265e-09
7340.00 1.050955e-09
7350.00 1.037439e-09
7360.00 1.032508e-09
7370.00 1.027715e-09
7380.00 1.011993e-09
7390.00 9.927100e-10
7400.00 9.980209e-10
7410.00 9.941206e-10
7420.00 9.720891e-10
7430.00 9.571036e-10
7440.00 9.486491e-10
7450.00 9.384097e-10
7460.00 9.382722e-10
7470.00 9.259642e-10
7480.00 9.163602e-10
7490.00 9.099228e-10
7500.00 8.981556e-10
7510.00 8.854849e-10
7520.00 8.680379e-10
7530.00 8.497601e-10
7540.00 9.064831e-10
7550.00 9.143657e-10
7560.00 9.189149e-10
7570.00 9.122643e-10
7580.00 9.074030e-10
7590.00 9.076781e-10
7600.00 8.413256e-10
7610.00 7.973860e-10
7620.00 7.972207e-10
7630.00 8.114027e-10
7640.00 8.197799e-10
7650.00 8.371502e-10
7660.00 8.634043e-10
7670.00 8.933412e-10
7680.00 9.221813e-10
7690.00 9.355205e-10
7700.00 9.501200e-10
7710.00 9.523760e-10
7720.00 9.629657e-10
7730.00 9.646669e-10
7740.00 9.620712e-10
7750.00 9.718169e-10
7760.00 9.696821e-10
7770.00 9.674879e-10
7780.00 9.806120e-10
7790.00 9.732790e-10
7800.00 9.745573e-10
7810.00 9.710392e-10
7820.00 9.625718e-10
7830.00 9.485784e-10
7840.00 9.414383e-10
7850.00 9.315382e-10
7860.00 9.161423e-10
7870.00 9.075546e-10
7880.00 8.982622e-10
7890.00 8.856031e-10
7900.00 8.716024e-10
7910.00 8.664581e-10
7920.00 8.483974e-10
7930.00 8.380286e-10
7940.00 8.303439e-10
7950.00 8.261502e-10
7960.00 8.194228e-10
7970.00 8.022963e-10
7980.00 7.862968e-10
7990.00 7.781944e-10
8000.00 7.671165e-10
8010.00 7.579418e-10
8020.00 7.453924e-10
8030.00 7.310672e-10
8040.00 7.279200e-10
8050.00 7.272548e-10
8060.00 7.249322e-10
8070.00 7.209691e-10
8080.00 7.111307e-10
8090.00 7.040776e-10
8100.00 6.892182e-10
8110.00 6.823209e-10
8120.00 6.729957e-10
8130.00 6.676589e-10
8140.00 6.572305e-10
8150.00 6.402592e-10
8160.00 6.267365e-10
8170.00 6.079003e-10
8180.00 5.881428e-10
8190.00 5.718139e-10
8200.00 5.663493e-10
8210.00 5.479984e-10
8220.00 5.457922e-10
8230.00 5.207862e-10
8240.00 4.816433e-10
8250.00 5.220134e-10
8260.00 5.219486e-10
8270.00 5.116677e-10
8280.00 5.256763e-10
8290.00 5.114087e-10
8300.00 5.152269e-10
8310.00 5.144845e-10
8320.00 5.090838e-10
8330.00 5.011775e-10
8340.00 5.068900e-10
8350.00 5.005689e-10
8360.00 5.117069e-10
8370.00 5.162111e-10
8380.00 5.242425e-10
8390.00 5.323735e-10
8400.00 5.422132e-10
8410.00 5.437565e-10
8420.00 5.583594e-10
8430.00 5.638185e-10
8440.00 5.704719e-10
8450.00 5.743105e-10
8460.00 5.857605e-10
8470.00 5.905892e-10
8480.00 5.957204e-10
8490.00 6.040474e-10
8500.00 6.016176e-10
8510.00 6.120297e-10
8520.00 6.038552e-10
8530.00 6.068221e-10
8540.00 6.066494e-10
8550.00 6.104421e-10
8560.00 6.079296e-10
8570.00 6.015329e-10
8580.00 5.994246e-10
8590.00 5.971654e-10
8600.00 5.915733e-10
8610.00 5.888808e-10
8620.00 5.867692e-10
8630.00 5.862214e-10
8640.00 5.806259e-10
8650.00 5.861564e-10
8660.00 5.834899e-10
8670.00 5.787445e-10
8680.00 5.697978e-10
8690.00 5.745379e-10
8700.00 5.654837e-10
8710.00 5.652069e-10
8720.00 5.624354e-10
8730.00 5.514045e-10
8740.00 5.580489e-10
8750.00 5.538770e-10
8760.00 5.461177e-10
8770.00 5.412247e-10
8780.00 5.364383e-10
8790.00 5.332422e-10
8800.00 5.246596e-10
8810.00 5.099564e-10
8820.00 5.042226e-10
8830.00 4.915564e-10
8840.00 4.734572e-10
8850.00 4.595594e-10
8860.00 4.493447e-10
8870.00 4.363126e-10
8880.00 4.269734e-10
8890.00 4.068116e-10
8900.00 4.054714e-10
8910.00 3.975428e-10
8920.00 3.975139e-10
8930.00 3.904517e-10
8940.00 3.903103e-10
8950.00 3.922162e-10
8960.00 3.840622e-10
8970.00 3.827862e-10
8980.00 3.692381e-10
8990.00 3.805031e-10
9000.00 3.536461e-10
9010.00 3.611187e-10
9020.00 3.576484e-10
9030.00 3.513929e-10
9040.00 3.593505e-10
9050.00 3.658273e-10
9060.00 3.593076e-10
9070.00 3.594551e-10
9080.00 3.513268e-10
9090.00 3.499135e-10
9100.00 3.495208e-10
9110.00 3.458970e-10
9120.00 3.525200e-10
9130.00 3.500350e-10
9140.00 3.460381e-10
9150.00 3.523601e-10
9160.00 3.500249e-10
9170.00 3.439328e-10
9180.00 3.548269e-10
9190.00 3.523896e-10
9200.00 3.680006e-10
9210.00 3.592573e-10
9220.00 3.680357e-10
9230.00 3.669396e-10
9240.00 3.654619e-10
9250.00 3.584370e-10
9260.00 3.577075e-10
9270.00 3.638284e-10
9280.00 3.575994e-10
9290.00 3.463860e-10
9300.00 3.406236e-10
9310.00 3.235986e-10
9320.00 2.963022e-10
9330.00 2.642211e-10
9340.00 2.577274e-10
9350.00 2.295185e-10
9360.00 2.381628e-10
9370.00 2.290527e-10
9380.00 2.426497e-10
9390.00 2.344930e-10
9400.00 2.694509e-10
9410.00 2.806744e-10
9420.00 2.738321e-10
9430.00 2.618592e-10
9440.00 2.405501e-10
9450.00 2.336618e-10
9460.00 2.388342e-10
9470.00 2.291460e-10
9480.00 2.334532e-10
9490.00 2.379902e-10
9500.00 2.392301e-10
9510.00 2.107672e-10
9520.00 2.386109e-10
9530.00 2.162021e-10
9540.00 2.196025e-10
9550.00 2.278290e-10
9560.00 2.211675e-10
9570.00 2.202642e-10
9580.00 2.084769e-10
9590.00 2.236549e-10
9600.00 2.058692e-10
9610.00 2.136871e-10
9620.00 2.123369e-10
9630.00 2.150074e-10
9640.00 2.117801e-10
9650.00 2.103711e-10
9660.00 2.080610e-10
9670.00 2.166373e-10
9680.00 1.990278e-10
9690.00 2.054041e-10
9700.00 2.022173e-10
9710.00 2.009499e-10
9720.00 2.056188e-10
9730.00 1.973918e-10
9740.00 2.041253e-10
9750.00 1.953353e-10
9760.00 1.932838e-10
9770.00 1.873645e-10
9780.00 1.952472e-10
9790.00 1.890148e-10
9800.00 1.867577e-10
9810.00 1.893285e-10
9820.00 1.810162e-10
9830.00 1.843065e-10
9840.00 1.865623e-10
9850.00 1.877390e-10
9860.00 1.846837e-10
9870.00 1.820251e-10
9880.00 1.784872e-10
9890.00 1.845483e-10
9900.00 1.756960e-10
9910.00 1.772104e-10
9920.00 1.661897e-10
9930.00 1.769085e-10
9940.00 1.640130e-10
9950.00 1.639809e-10
9960.00 1.752974e-10
9970.00 1.665839e-10
9980.00 1.653799e-10
9990.00 1.640250e-10
10000.00 1.723241e-10
10010.00 1.659855e-10
10020.00 1.687877e-10
10030.00 1.807765e-10
10040.00 1.796032e-10
10050.00 1.783965e-10
10060.00 1.771960e-10
10070.00 1.760075e-10
10080.00 1.748252e-10
10090.00 1.736491e-10
10100.00 1.724845e-10
10110.00 1.713259e-10
10120.00 1.701736e-10
10130.00 1.690325e-10
10140.00 1.678973e-10
10150.00 1.667682e-10
10160.00 1.656500e-10
10170.00 1.645377e-10
10180.00 1.634313e-10
10190.00 1.623357e-10
10200.00 1.612458e-10
10210.00 1.601617e-10
10220.00 1.590880e-10
10230.00 1.580200e-10
10240.00 1.569578e-10
10250.00 1.559057e-10
10260.00 1.548592e-10
10270.00 1.538183e-10
10280.00 1.527874e-10
10290.00 1.517618e-10
10300.00 1.507419e-10
10310.00 1.497317e-10
10320.00 1.487268e-10
10330.00 1.477273e-10
10340.00 1.467374e-10
10350.00 1.457527e-10
10360.00 1.447733e-10
10370.00 1.438032e-10
10380.00 1.428382e-10
10390.00 1.418784e-10
10400.00 1.409279e-10
10410.00 1.399821e-10
10420.00 1.390417e-10
10430.00 1.381102e-10
10440.00 1.371834e-10
10450.00 1.362619e-10
10460.00 1.353489e-10
10470.00 1.344407e-10
10480.00 1.335377e-10
10490.00 1.326431e-10
10500.00 1.317531e-10
10510.00 1.308682e-10
10520.00 1.299915e-10
10530.00 1.291192e-10
10540.00 1.282520e-10
10550.00 1.273928e-10
10560.00 1.265382e-10
10570.00 1.256883e-10
10580.00 1.248463e-10
10590.00 1.240086e-10
10600.00 1.231757e-10
10610.00 1.223506e-10
10620.00 1.215296e-10
10630.00 1.207135e-10
10640.00 1.199048e-10
10650.00 1.191003e-10
10660.00 1.183004e-10
10670.00 1.175079e-10
10680.00 1.167194e-10
10690.00 1.159356e-10
10700.00 1.151589e-10
10710.00 1.143862e-10
10720.00 1.136180e-10
10730.00 1.128568e-10
10740.00 1.120995e-10
10750.00 1.113466e-10
10760.00 1.106006e-10
10770.00 1.098585e-10
10780.00 1.091207e-10
10790.00 1.083896e-10
10800.00 1.076622e-10
10810.00 1.069392e-10
10820.00 1.062226e-10
10830.00 1.055097e-10
10840.00 1.048011e-10
10850.00 1.040988e-10
10860.00 1.034002e-10
10870.00 1.027056e-10
10880.00 1.020174e-10
10890.00 1.013326e-10
10900.00 1.006520e-10
10910.00 9.997744e-11
10920.00 9.930634e-11
10930.00 9.863929e-11
10940.00 9.797815e-11
10950.00 9.732042e-11
10960.00 9.666667e-11
10970.00 9.601869e-11
10980.00 9.537405e-11
10990.00 9.473334e-11
11000.00 9.409826e-11
11010.00 9.346645e-11
11020.00 9.283850e-11
11030.00 9.221606e-11
11040.00 9.159683e-11
11050.00 9.098139e-11
11060.00 9.037133e-11
11070.00 8.976441e-11
11080.00 8.916124e-11
11090.00 8.856331e-11
11100.00 8.796847e-11
11110.00 8.737731e-11
11120.00 8.679127e-11
11130.00 8.620826e-11
11140.00 8.562886e-11
11150.00 8.505448e-11
11160.00 8.448306e-11
11170.00 8.391520e-11
11180.00 8.335223e-11
11190.00 8.279216e-11
11200.00 8.223560e-11
11210.00 8.168383e-11
11220.00 8.113489e-11
11230.00 8.058941e-11
11240.00 8.004859e-11
11250.00 7.951057e-11
11260.00 7.897593e-11
11270.00 7.844587e-11
11280.00 7.791852e-11
11290.00 7.739453e-11
11300.00 7.687498e-11
11310.00 7.635812e-11
11320.00 7.584455e-11
11330.00 7.533532e-11
11340.00 7.482872e-11
11350.00 7.432535e-11
11360.00 7.382624e-11
11370.00 7.332971e-11
11380.00 7.283635e-11
11390.00 7.234714e-11
11400.00 7.186045e-11
11410.00 7.137691e-11
11420.00 7.089742e-11
11430.00 7.042040e-11
11440.00 6.994647e-11
11450.00 6.947649e-11
11460.00 6.900893e-11
11470.00 6.854442e-11
11480.00 6.808376e-11
11490.00 6.762550e-11
11500.00 6.717024e-11
11510.00 6.671874e-11
11520.00 6.626956e-11
11530.00 6.582332e-11
11540.00 6.538077e-11
11550.00 6.494049e-11
11560.00 6.450313e-11
11570.00 6.406936e-11
11580.00 6.363782e-11
11590.00 6.320914e-11
11600.00 6.278397e-11
11610.00 6.236100e-11
11620.00 6.194084e-11
11630.00 6.152410e-11
11640.00 6.110952e-11
11650.00 6.069771e-11
11660.00 6.028924e-11
11670.00 5.988288e-11
11680.00 5.947924e-11
11690.00 5.907887e-11
11700.00 5.868058e-11
11710.00 5.828496e-11
11720.00 5.789253e-11
11730.00 5.750213e-11
11740.00 5.711437e-11
11750.00 5.672972e-11
11760.00 5.634707e-11
11770.00 5.596701e-11
11780.00 5.558999e-11
11790.00 5.521493e-11
11800.00 5.484240e-11
11810.00 5.447286e-11
11820.00 5.410525e-11
11830.00 5.374012e-11
11840.00 5.337791e-11
11850.00 5.301757e-11
11860.00 5.265971e-11
11870.00 5.230468e-11
11880.00 5.195149e-11
11890.00 5.160073e-11
11900.00 5.125273e-11
11910.00 5.090655e-11
11920.00 5.056275e-11
11930.00 5.022167e-11
11940.00 4.988235e-11
11950.00 4.954537e-11
11960.00 4.921105e-11
11970.00 4.887846e-11
11980.00 4.854818e-11
11990.00 4.822049e-11
12000.00 4.789449e-11
12010.00 4.757077e-11
12020.00 4.724957e-11
12030.00 4.693005e-11
12040.00 4.661275e-11
12050.00 4.629793e-11
12060.00 4.598473e-11
12070.00 4.567375e-11
12080.00 4.536517e-11
12090.00 4.505818e-11
12100.00 4.475336e-11
12110.00 4.445090e-11
12120.00 4.415001e-11
12130.00 4.385125e-11
12140.00 4.355479e-11
12150.00 4.325986e-11
12160.00 4.296704e-11
12170.00 4.267646e-11
12180.00 4.238739e-11
12190.00 4.210037e-11
12200.00 4.181555e-11
12210.00 4.153222e-11
12220.00 4.125091e-11
12230.00 4.097174e-11
12240.00 4.069402e-11
12250.00 4.041829e-11
12260.00 4.014467e-11
12270.00 3.987246e-11
12280.00 3.960221e-11
12290.00 3.933401e-11
12300.00 3.906721e-11
12310.00 3.880233e-11
12320.00 3.853946e-11
12330.00 3.827795e-11
12340.00 3.801834e-11
12350.00 3.776068e-11
12360.00 3.750436e-11
12370.00 3.724990e-11
12380.00 3.699736e-11
12390.00 3.674613e-11
12400.00 3.649672e-11
12410.00 3.624919e-11
12420.00 3.600295e-11
12430.00 3.575852e-11
12440.00 3.551589e-11
12450.00 3.527454e-11
12460.00 3.503496e-11
12470.00 3.479716e-11
12480.00 3.456059e-11
12490.00 3.432577e-11
12500.00 3.409270e-11
12510.00 3.386085e-11
12520.00 3.363070e-11
12530.00 3.340225e-11
12540.00 3.317499e-11
12550.00 3.294942e-11
12560.00 3.272550e-11
12570.00 3.250276e-11
12580.00 3.228166e-11
12590.00 3.206221e-11
12600.00 3.184388e-11
12610.00 3.162720e-11
12620.00 3.141210e-11
12630.00 3.119812e-11
12640.00 3.098574e-11
12650.00 3.077491e-11
12660.00 3.056518e-11
12670.00 3.035703e-11
12680.00 3.015038e-11
12690.00 2.994483e-11
12700.00 2.974082e-11
12710.00 2.953829e-11
12720.00 2.933681e-11
12730.00 2.913688e-11
12740.00 2.893836e-11
12750.00 2.874089e-11
12760.00 2.854493e-11
12770.00 2.835037e-11
12780.00 2.815683e-11
12790.00 2.796477e-11
12800.00 2.777408e-11
12810.00 2.758439e-11
12820.00 2.739615e-11
12830.00 2.720926e-11
12840.00 2.702334e-11
12850.00 2.683886e-11
12860.00 2.665567e-11
12870.00 2.647346e-11
12880.00 2.629265e-11
12890.00 2.611311e-11
12900.00 2.593453e-11
12910.00 2.575732e-11
12920.00 2.558137e-11
12930.00 2.540633e-11
12940.00 2.523266e-11
12950.00 2.506021e-11
12960.00 2.488865e-11
12970.00 2.471844e-11
12980.00 2.454943e-11
12990.00 2.438129e-11
13000.00 2.421447e-11
13010.00 2.404883e-11
13020.00 2.388404e-11
13030.00 2.372055e-11
13040.00 2.355819e-11
13050.00 2.339669e-11
13060.00 2.323647e-11
13070.00 2.307735e-11
13080.00 2.291908e-11
13090.00 2.276204e-11
13100.00 2.260610e-11
13110.00 2.245097e-11
13120.00 2.229708e-11
13130.00 2.214425e-11
13140.00 2.199221e-11
13150.00 2.184139e-11
13160.00 2.169160e-11
13170.00 2.154261e-11
13180.00 2.139479e-11
13190.00 2.124800e-11
13200.00 2.110198e-11
13210.00 2.095712e-11
13220.00 2.081325e-11
13230.00 2.067013e-11
13240.00 2.052817e-11
13250.00 2.038717e-11
13260.00 2.024691e-11
13270.00 2.010780e-11
13280.00 1.996961e-11
13290.00 1.983216e-11
13300.00 1.969582e-11
13310.00 1.956039e-11
13320.00 1.942569e-11
13330.00 1.929208e-11
13340.00 1.915935e-11
13350.00 1.902734e-11
13360.00 1.889640e-11
13370.00 1.876633e-11
13380.00 1.863695e-11
13390.00 1.850864e-11
13400.00 1.838117e-11
13410.00 1.825437e-11
13420.00 1.812862e-11
13430.00 1.800371e-11
13440.00 1.787945e-11
13450.00 1.775622e-11
13460.00 1.763380e-11
13470.00 1.751203e-11
13480.00 1.739127e-11
13490.00 1.727130e-11
13500.00 1.715197e-11
13510.00 1.703363e-11
13520.00 1.691606e-11
13530.00 1.679911e-11
13540.00 1.668315e-11
13550.00 1.656793e-11
13560.00 1.645333e-11
13570.00 1.633968e-11
13580.00 1.622678e-11
13590.00 1.611447e-11
13600.00 1.600310e-11
13610.00 1.589245e-11
13620.00 1.578241e-11
13630.00 1.567326e-11
13640.00 1.556483e-11
13650.00 1.545699e-11
13660.00 1.535005e-11
13670.00 1.524379e-11
13680.00 1.513811e-11
13690.00 1.503331e-11
13700.00 1.492918e-11
13710.00 1.482562e-11
13720.00 1.472293e-11
13730.00 1.462090e-11
13740.00 1.451941e-11
13750.00 1.441878e-11
13760.00 1.431880e-11
13770.00 1.421935e-11
13780.00 1.412074e-11
13790.00 1.402277e-11
13800.00 1.392531e-11
13810.00 1.382869e-11
13820.00 1.373267e-11
13830.00 1.363718e-11
13840.00 1.354250e-11
13850.00 1.344843e-11
13860.00 1.335485e-11
13870.00 1.326207e-11
13880.00 1.316988e-11
13890.00 1.307820e-11
13900.00 1.298728e-11
13910.00 1.289695e-11
13920.00 1.280710e-11
13930.00 1.271803e-11
13940.00 1.262951e-11
13950.00 1.254147e-11
13960.00 1.245419e-11
13970.00 1.236745e-11
13980.00 1.228117e-11
13990.00 1.219565e-11
14000.00 1.211067e-11
14010.00 1.202614e-11
14020.00 1.194234e-11
14030.00 1.185906e-11
14040.00 1.177623e-11
14050.00 1.169412e-11
14060.00 1.161253e-11
14070.00 1.153137e-11
14080.00 1.145092e-11
14090.00 1.137096e-11
14100.00 1.129143e-11
14110.00 1.121261e-11
14120.00 1.113426e-11
14130.00 1.105635e-11
14140.00 1.097911e-11
14150.00 1.090236e-11
14160.00 1.082600e-11
14170.00 1.075032e-11
14180.00 1.067512e-11
14190.00 1.060031e-11
14200.00 1.052617e-11
14210.00 1.045247e-11
14220.00 1.037918e-11
14230.00 1.030654e-11
14240.00 1.023433e-11
14250.00 1.016252e-11
14260.00 1.009134e-11
14270.00 1.002060e-11
14280.00 9.950234e-12
14290.00 9.880504e-12
14300.00 9.811188e-12
14310.00 9.742247e-12
14320.00 9.673929e-12
14330.00 9.606016e-12
14340.00 9.538470e-12
14350.00 9.471534e-12
14360.00 9.404998e-12
14370.00 9.338819e-12
14380.00 9.273241e-12
14390.00 9.208051e-12
14400.00 9.143212e-12
14410.00 9.078964e-12
14420.00 9.015094e-12
14430.00 8.951569e-12
14440.00 8.888625e-12
14450.00 8.826050e-12
14460.00 8.763813e-12
14470.00 8.702146e-12
14480.00 8.640840e-12
14490.00 8.579867e-12
14500.00 8.519455e-12
14510.00 8.459393e-12
14520.00 8.399657e-12
14530.00 8.340469e-12
14540.00 8.281626e-12
14550.00 8.223103e-12
14560.00 8.165119e-12
14570.00 8.107470e-12
14580.00 8.050135e-12
14590.00 7.993331e-12
14600.00 7.936854e-12
14610.00 7.880684e-12
14620.00 7.825036e-12
14630.00 7.769706e-12
14640.00 7.714679e-12
14650.00 7.660164e-12
14660.00 7.605961e-12
14670.00 7.552052e-12
14680.00 7.498648e-12
14690.00 7.445547e-12
14700.00 7.392736e-12
14710.00 7.340419e-12
14720.00 7.288400e-12
14730.00 7.236666e-12
14740.00 7.185416e-12
14750.00 7.134456e-12
14760.00 7.083774e-12
14770.00 7.033571e-12
14780.00 6.983650e-12
14790.00 6.934003e-12
14800.00 6.884823e-12
14810.00 6.835920e-12
14820.00 6.787285e-12
14830.00 6.739110e-12
14840.00 6.691206e-12
14850.00 6.643563e-12
14860.00 6.596373e-12
14870.00 6.549447e-12
14880.00 6.502776e-12
14890.00 6.456551e-12
14900.00 6.410583e-12
14910.00 6.364866e-12
14920.00 6.319586e-12
14930.00 6.274559e-12
14940.00 6.229776e-12
14950.00 6.185424e-12
14960.00 6.141316e-12
14970.00 6.097449e-12
14980.00 6.054006e-12
14990.00 6.010801e-12
15000.00 5.967832e-12
15010.00 5.925278e-12
15020.00 5.882958e-12
15030.00 5.840870e-12
15040.00 5.799188e-12
15050.00 5.757735e-12
15060.00 5.716510e-12
15070.00 5.675682e-12
15080.00 5.635078e-12
15090.00 5.594700e-12
15100.00 5.554710e-12
15110.00 5.514938e-12
15120.00 5.475390e-12
15130.00 5.436219e-12
15140.00 5.397264e-12
15150.00 5.358529e-12
15160.00 5.320162e-12
15170.00 5.282006e-12
15180.00 5.244067e-12
15190.00 5.206489e-12
15200.00 5.169118e-12
15210.00 5.131959e-12
15220.00 5.095153e-12
15230.00 5.058549e-12
15240.00 5.022155e-12
15250.00 4.986107e-12
15260.00 4.950256e-12
15270.00 4.914612e-12
15280.00 4.879305e-12
15290.00 4.844193e-12
15300.00 4.809283e-12
15310.00 4.774703e-12
15320.00 4.740313e-12
15330.00 4.706125e-12
15340.00 4.672256e-12
15350.00 4.638576e-12
15360.00 4.605092e-12
15370.00 4.571922e-12
15380.00 4.538937e-12
15390.00 4.506145e-12
15400.00 4.473660e-12
15410.00 4.441354e-12
15420.00 4.409239e-12
15430.00 4.377425e-12
15440.00 4.345787e-12
15450.00 4.314335e-12
15460.00 4.283178e-12
15470.00 4.252193e-12
15480.00 4.221393e-12
15490.00 4.190881e-12
15500.00 4.160537e-12
15510.00 4.130376e-12
15520.00 4.100494e-12
15530.00 4.070777e-12
15540.00 4.041240e-12
15550.00 4.011976e-12
15560.00 3.982874e-12
15570.00 3.953949e-12
15580.00 3.925291e-12
15590.00 3.896793e-12
15600.00 3.868468e-12
15610.00 3.840405e-12
15620.00 3.812497e-12
15630.00 3.784759e-12
15640.00 3.757277e-12
15650.00 3.729948e-12
15660.00 3.702788e-12
15670.00 3.675876e-12
15680.00 3.649114e-12
15690.00 3.622518e-12
15700.00 3.596165e-12
15710.00 3.569960e-12
15720.00 3.543917e-12
15730.00 3.518111e-12
15740.00 3.492450e-12
15750.00 3.466949e-12
15760.00 3.441680e-12
15770.00 3.416553e-12
15780.00 3.391583e-12
15790.00 3.366841e-12
15800.00 3.342236e-12
15810.00 3.317787e-12
15820.00 3.293560e-12
15830.00 3.269467e-12
15840.00 3.245528e-12
15850.00 3.221806e-12
15860.00 3.198216e-12
15870.00 3.174776e-12
15880.00 3.151548e-12
15890.00 3.128450e-12
15900.00 3.105501e-12
15910.00 3.082757e-12
15920.00 3.060142e-12
15930.00 3.037671e-12
15940.00 3.015404e-12
15950.00 2.993260e-12
15960.00 2.971260e-12
15970.00 2.949456e-12
15980.00 2.927777e-12
15990.00 2.906237e-12
16000.00 2.884889e-12
16010.00 2.863663e-12
16020.00 2.842574e-12
16030.00 2.821674e-12
16040.00 2.800892e-12
16050.00 2.780246e-12
16060.00 2.759783e-12
16070.00 2.739436e-12
16080.00 2.719222e-12
16090.00 2.699189e-12
16100.00 2.679268e-12
16110.00 2.659479e-12
16120.00 2.639867e-12
16130.00 2.620364e-12
16140.00 2.600991e-12
16150.00 2.581789e-12
16160.00 2.562696e-12
16170.00 2.543731e-12
16180.00 2.524932e-12
16190.00 2.506239e-12
16200.00 2.487674e-12
16210.00 2.469270e-12
16220.00 2.450972e-12
16230.00 2.432796e-12
16240.00 2.414780e-12
16250.00 2.396867e-12
16260.00 2.379074e-12
16270.00 2.361437e-12
16280.00 2.343901e-12
16290.00 2.326483e-12
16300.00 2.309219e-12
16310.00 2.292051e-12
16320.00 2.275003e-12
16330.00 2.258101e-12
16340.00 2.241297e-12
16350.00 2.224608e-12
16360.00 2.208063e-12
16370.00 2.191614e-12
16380.00 2.175277e-12
16390.00 2.159083e-12
16400.00 2.142980e-12
16410.00 2.126989e-12
16420.00 2.111137e-12
16430.00 2.095375e-12
16440.00 2.079723e-12
16450.00 2.064207e-12
16460.00 2.048778e-12
16470.00 2.033458e-12
16480.00 2.018269e-12
16490.00 2.003167e-12
16500.00 1.988173e-12
16510.00 1.973306e-12
16520.00 1.958525e-12
16530.00 1.943848e-12
16540.00 1.929297e-12
16550.00 1.914830e-12
16560.00 1.900463e-12
16570.00 1.886221e-12
16580.00 1.872061e-12
16590.00 1.858001e-12
16600.00 1.844060e-12
16610.00 1.830202e-12
16620.00 1.816440e-12
16630.00 1.802797e-12
16640.00 1.789233e-12
16650.00 1.775765e-12
16660.00 1.762412e-12
16670.00 1.749136e-12
16680.00 1.735955e-12
16690.00 1.722886e-12
16700.00 1.709893e-12
16710.00 1.696993e-12
16720.00 1.684204e-12
16730.00 1.671487e-12
16740.00 1.658863e-12
16750.00 1.646347e-12
16760.00 1.633902e-12
16770.00 1.621548e-12
16780.00 1.609297e-12
16790.00 1.597118e-12
16800.00 1.585029e-12
16810.00 1.573040e-12
16820.00 1.561122e-12
16830.00 1.549292e-12
16840.00 1.537560e-12
16850.00 1.525896e-12
16860.00 1.514319e-12
16870.00 1.502838e-12
16880.00 1.491424e-12
16890.00 1.480095e-12
16900.00 1.468861e-12
16910.00 1.457692e-12
16920.00 1.446605e-12
16930.00 1.435612e-12
16940.00 1.424683e-12
16950.00 1.413835e-12
16960.00 1.403077e-12
16970.00 1.392384e-12
16980.00 1.381768e-12
16990.00 1.371242e-12
17000.00 1.360777e-12
17010.00 1.350392e-12
17020.00 1.340091e-12
17030.00 1.329852e-12
17040.00 1.319689e-12
17050.00 1.309611e-12
17060.00 1.299592e-12
17070.00 1.289649e-12
17080.00 1.279787e-12
17090.00 1.269985e-12
17100.00 1.260256e-12
17110.00 1.250608e-12
17120.00 1.241016e-12
17130.00 1.231499e-12
17140.00 1.222058e-12
17150.00 1.212673e-12
17160.00 1.203361e-12
17170.00 1.194126e-12
17180.00 1.184943e-12
17190.00 1.175832e-12
17200.00 1.166795e-12
17210.00 1.157813e-12
17220.00 1.148899e-12
17230.00 1.140059e-12
17240.00 1.131271e-12
17250.00 1.122550e-12
17260.00 1.113901e-12
17270.00 1.105304e-12
17280.00 1.096773e-12
17290.00 1.088311e-12
17300.00 1.079899e-12
17310.00 1.071554e-12
17320.00 1.063276e-12
17330.00 1.055048e-12
17340.00 1.046884e-12
17350.00 1.038786e-12
17360.00 1.030736e-12
17370.00 1.022750e-12
17380.00 1.014829e-12
17390.00 1.006954e-12
17400.00 9.991417e-13
17410.00 9.913926e-13
17420.00 9.836896e-13
17430.00 9.760479e-13
17440.00 9.684677e-13
17450.00 9.609328e-13
17460.00 9.534580e-13
17470.00 9.460432e-13
17480.00 9.386727e-13
17490.00 9.313613e-13
17500.00 9.241086e-13
17510.00 9.168995e-13
17520.00 9.097481e-13
17530.00 9.026539e-13
17540.00 8.956021e-13
17550.00 8.886073e-13
17560.00 8.816684e-13
17570.00 8.747711e-13
17580.00 8.679297e-13
17590.00 8.611429e-13
17600.00 8.543968e-13
17610.00 8.477055e-13
17620.00 8.410676e-13
17630.00 8.344695e-13
17640.00 8.279253e-13
17650.00 8.214331e-13
17660.00 8.149799e-13
17670.00 8.085797e-13
17680.00 8.022302e-13
17690.00 7.959190e-13
17700.00 7.896596e-13
17710.00 7.834499e-13
17720.00 7.772776e-13
17730.00 7.711561e-13
17740.00 7.650832e-13
17750.00 7.590469e-13
17760.00 7.530607e-13
17770.00 7.471216e-13
17780.00 7.412184e-13
17790.00 7.353646e-13
17800.00 7.295566e-13
17810.00 7.237838e-13
17820.00 7.180593e-13
17830.00 7.123797e-13
17840.00 7.067346e-13
17850.00 7.011369e-13
17860.00 6.955829e-13
17870.00 6.900627e-13
17880.00 6.845891e-13
17890.00 6.791582e-13
17900.00 6.737603e-13
17910.00 6.684080e-13
17920.00 6.630976e-13
17930.00 6.578195e-13
17940.00 6.525861e-13
17950.00 6.473935e-13
17960.00 6.422326e-13
17970.00 6.371157e-13
17980.00 6.320385e-13
17990.00 6.269923e-13
18000.00 6.219894e-13
18010.00 6.170252e-13
18020.00 6.120914e-13
18030.00 6.071999e-13
18040.00 6.023462e-13
18050.00 5.975223e-13
18060.00 5.927401e-13
18070.00 5.879946e-13
18080.00 5.832784e-13
18090.00 5.786029e-13
18100.00 5.739634e-13
18110.00 5.693526e-13
18120.00 5.647818e-13
18130.00 5.602459e-13
18140.00 5.557381e-13
18150.00 5.512697e-13
18160.00 5.468355e-13
18170.00 5.424286e-13
18180.00 5.380603e-13
18190.00 5.337254e-13
18200.00 5.294173e-13
18210.00 5.251471e-13
18220.00 5.209094e-13
18230.00 5.166980e-13
18240.00 5.125238e-13
18250.00 5.083813e-13
18260.00 5.042645e-13
18270.00 5.001842e-13
18280.00 4.961348e-13
18290.00 4.921107e-13
18300.00 4.881224e-13
18310.00 4.841642e-13
18320.00 4.802306e-13
18330.00 4.763323e-13
18340.00 4.724634e-13
18350.00 4.686185e-13
18360.00 4.648081e-13
18370.00 4.610266e-13
18380.00 4.572686e-13
18390.00 4.535445e-13
18400.00 4.498483e-13
18410.00 4.461753e-13
18420.00 4.425354e-13
18430.00 4.389229e-13
18440.00 4.353330e-13
18450.00 4.317756e-13
18460.00 4.282450e-13
18470.00 4.247365e-13
18480.00 4.212599e-13
18490.00 4.178093e-13
18500.00 4.143805e-13
18510.00 4.109830e-13
18520.00 4.076109e-13
18530.00 4.042600e-13
18540.00 4.009397e-13
18550.00 3.976441e-13
18560.00 3.943695e-13
18570.00 3.911248e-13
18580.00 3.879044e-13
18590.00 3.847042e-13
18600.00 3.815337e-13
18610.00 3.783867e-13
18620.00 3.752597e-13
18630.00 3.721614e-13
18640.00 3.690863e-13
18650.00 3.660307e-13
18660.00 3.630034e-13
18670.00 3.599986e-13
18680.00 3.570128e-13
18690.00 3.540549e-13
18700.00 3.511189e-13
18710.00 3.482014e-13
18720.00 3.453114e-13
18730.00 3.424427e-13
18740.00 3.395922e-13
18750.00 3.367685e-13
18760.00 3.339656e-13
18770.00 3.311806e-13
18780.00 3.284218e-13
18790.00 3.256834e-13
18800.00 3.229624e-13
18810.00 3.202672e-13
18820.00 3.175918e-13
18830.00 3.149335e-13
18840.00 3.123004e-13
18850.00 3.096868e-13
18860.00 3.070897e-13
18870.00 3.045175e-13
18880.00 3.019641e-13
18890.00 2.994271e-13
18900.00 2.969143e-13
18910.00 2.944200e-13
18920.00 2.919416e-13
18930.00 2.894871e-13
18940.00 2.870505e-13
18950.00 2.846295e-13
18960.00 2.822318e-13
18970.00 2.798517e-13
18980.00 2.774870e-13
18990.00 2.751451e-13
19000.00 2.728201e-13
19010.00 2.705103e-13
19020.00 2.682228e-13
19030.00 2.659519e-13
19040.00 2.636958e-13
19050.00 2.614617e-13
19060.00 2.592437e-13
19070.00 2.570401e-13
19080.00 2.548581e-13
19090.00 2.526918e-13
19100.00 2.505396e-13
19110.00 2.484086e-13
19120.00 2.462929e-13
19130.00 2.441910e-13
19140.00 2.421098e-13
19150.00 2.400435e-13
19160.00 2.379909e-13
19170.00 2.359585e-13
19180.00 2.339407e-13
19190.00 2.319360e-13
19200.00 2.299513e-13
19210.00 2.279808e-13
19220.00 2.260233e-13
19230.00 2.240852e-13
19240.00 2.221610e-13
19250.00 2.202495e-13
19260.00 2.183570e-13
19270.00 2.164781e-13
19280.00 2.146115e-13
19290.00 2.127636e-13
19300.00 2.109291e-13
19310.00 2.091065e-13
19320.00 2.073023e-13
19330.00 2.055109e-13
19340.00 2.037314e-13
19350.00 2.019699e-13
19360.00 2.002209e-13
19370.00 1.984835e-13
19380.00 1.967637e-13
19390.00 1.950562e-13
19400.00 1.933599e-13
19410.00 1.916810e-13
19420.00 1.900138e-13
19430.00 1.883578e-13
19440.00 1.867187e-13
19450.00 1.850913e-13
19460.00 1.834746e-13
19470.00 1.818745e-13
19480.00 1.802857e-13
19490.00 1.787076e-13
19500.00 1.771457e-13
19510.00 1.755948e-13
19520.00 1.740542e-13
19530.00 1.725296e-13
19540.00 1.710158e-13
19550.00 1.695120e-13
19560.00 1.680238e-13
19570.00 1.665461e-13
19580.00 1.650784e-13
19590.00 1.636259e-13
19600.00 1.621836e-13
19610.00 1.607510e-13
19620.00 1.593333e-13
19630.00 1.579256e-13
19640.00 1.565274e-13
19650.00 1.551438e-13
19660.00 1.537699e-13
19670.00 1.524054e-13
19680.00 1.510551e-13
19690.00 1.497144e-13
19700.00 1.483826e-13
19710.00 1.470649e-13
19720.00 1.457564e-13
19730.00 1.444568e-13
19740.00 1.431710e-13
19750.00 1.418942e-13
19760.00 1.406260e-13
19770.00 1.393712e-13
19780.00 1.381253e-13
19790.00 1.368879e-13
19800.00 1.356635e-13
19810.00 1.344477e-13
19820.00 1.332403e-13
19830.00 1.320458e-13
19840.00 1.308596e-13
19850.00 1.296814e-13
19860.00 1.285160e-13
19870.00 1.273586e-13
19880.00 1.262091e-13
19890.00 1.250722e-13
19900.00 1.239428e-13
19910.00 1.228216e-13
19920.00 1.217123e-13
19930.00 1.206107e-13
19940.00 1.195166e-13
19950.00 1.184345e-13
19960.00 1.173599e-13
19970.00 1.162926e-13
19980.00 1.152370e-13
19990.00 1.141887e-13
20000.00 1.131477e-13
20010.00 1.121180e-13
20020.00 1.110954e-13
20030.00 1.100800e-13
20040.00 1.090756e-13
20050.00 1.080782e-13
20060.00 1.070877e-13
20070.00 1.061082e-13
20080.00 1.051353e-13
20090.00 1.041694e-13
20100.00 1.032139e-13
20110.00 1.022651e-13
20120.00 1.013230e-13
20130.00 1.003912e-13
20140.00 9.946587e-14
20150.00 9.854714e-14
20160.00 9.763840e-14
20170.00 9.673602e-14
20180.00 9.584010e-14
20190.00 9.495391e-14
20200.00 9.407395e-14
20210.00 9.320032e-14
20220.00 9.233618e-14
20230.00 9.147812e-14
20240.00 9.062627e-14
20250.00 8.978367e-14
20260.00 8.894700e-14
20270.00 8.811644e-14
20280.00 8.729489e-14
20290.00 8.647913e-14
20300.00 8.566936e-14
20310.00 8.486837e-14
20320.00 8.407304e-14
20330.00 8.328358e-14
20340.00 8.250267e-14
20350.00 8.172730e-14
20360.00 8.095769e-14
20370.00 8.019640e-14
20380.00 7.944053e-14
20390.00 7.869030e-14
20400.00 7.794819e-14
20410.00 7.721136e-14
20420.00 7.648007e-14
20430.00 7.575668e-14
20440.00 7.503847e-14
20450.00 7.432567e-14
20460.00 7.362058e-14
20470.00 7.292055e-14
20480.00 7.222582e-14
20490.00 7.153860e-14
20500.00 7.085633e-14
20510.00 7.017928e-14
20520.00 6.950951e-14
20530.00 6.884458e-14
20540.00 6.818473e-14
20550.00 6.753201e-14
20560.00 6.688402e-14
20570.00 6.624102e-14
20580.00 6.560495e-14
20590.00 6.497350e-14
20600.00 6.434694e-14
20610.00 6.372713e-14
20620.00 6.311184e-14
20630.00 6.250134e-14
20640.00 6.189742e-14
20650.00 6.129791e-14
20660.00 6.070310e-14
20670.00 6.011470e-14
20680.00 5.953059e-14
20690.00 5.895109e-14
20700.00 5.837783e-14
20710.00 5.780877e-14
20720.00 5.724424e-14
20730.00 5.668577e-14
20740.00 5.613141e-14
20750.00 5.558148e-14
20760.00 5.503746e-14
20770.00 5.449745e-14
20780.00 5.396178e-14
20790.00 5.343186e-14
20800.00 5.290587e-14
20810.00 5.238410e-14
20820.00 5.186797e-14
20830.00 5.135566e-14
20840.00 5.084749e-14
20850.00 5.034480e-14
20860.00 4.984584e-14
20870.00 4.935096e-14
20880.00 4.886140e-14
20890.00 4.837549e-14
20900.00 4.789356e-14
20910.00 4.741681e-14
20920.00 4.694363e-14
20930.00 4.647435e-14
20940.00 4.601011e-14
20950.00 4.554936e-14
20960.00 4.509242e-14
20970.00 4.464041e-14
20980.00 4.419179e-14
20990.00 4.374692e-14
21000.00 4.330682e-14
21010.00 4.287005e-14
21020.00 4.243694e-14
21030.00 4.200848e-14
21040.00 4.158327e-14
21050.00 4.116165e-14
21060.00 4.074455e-14
21070.00 4.033063e-14
21080.00 3.992021e-14
21090.00 3.951421e-14
21100.00 3.911130e-14
21110.00 3.871182e-14
21120.00 3.831664e-14
21130.00 3.792447e-14
21140.00 3.753568e-14
21150.00 3.715106e-14
21160.00 3.676939e-14
21170.00 3.639102e-14
21180.00 3.601670e-14
21190.00 3.564527e-14
21200.00 3.527706e-14
21210.00 3.491282e-14
21220.00 3.455137e-14
21230.00 3.419308e-14
21240.00 3.383865e-14
21250.00 3.348696e-14
21260.00 3.313835e-14
21270.00 3.279350e-14
21280.00 3.245133e-14
21290.00 3.211217e-14
21300.00 3.177666e-14
21310.00 3.144377e-14
21320.00 3.111382e-14
21330.00 3.078743e-14
21340.00 3.046360e-14
21350.00 3.014265e-14
21360.00 2.982515e-14
21370.00 2.951016e-14
21380.00 2.919799e-14
21390.00 2.888917e-14
21400.00 2.858279e-14
21410.00 2.827917e-14
21420.00 2.797882e-14
21430.00 2.768085e-14
21440.00 2.738558e-14
21450.00 2.709350e-14
21460.00 2.680373e-14
21470.00 2.651660e-14
21480.00 2.623258e-14
21490.00 2.595081e-14
21500.00 2.567164e-14
21510.00 2.539547e-14
21520.00 2.512151e-14
21530.00 2.485008e-14
21540.00 2.458157e-14
21550.00 2.431523e-14
21560.00 2.405135e-14
21570.00 2.379032e-14
21580.00 2.353139e-14
21590.00 2.327488e-14
21600.00 2.302114e-14
21610.00 2.276945e-14
21620.00 2.252014e-14
21630.00 2.227351e-14
21640.00 2.202888e-14
21650.00 2.178657e-14
21660.00 2.154688e-14
21670.00 2.130914e-14
21680.00 2.107366e-14
21690.00 2.084072e-14
21700.00 2.060969e-14
21710.00 2.038087e-14
21720.00 2.015453e-14
21730.00 1.993005e-14
21740.00 1.970772e-14
21750.00 1.948782e-14
21760.00 1.926971e-14
21770.00 1.905372e-14
21780.00 1.884007e-14
21790.00 1.862819e-14
21800.00 1.841837e-14
21810.00 1.821083e-14
21820.00 1.800502e-14
21830.00 1.780122e-14
21840.00 1.759963e-14
21850.00 1.739974e-14
21860.00 1.720180e-14
21870.00 1.700602e-14
21880.00 1.681188e-14
21890.00 1.661967e-14
21900.00 1.642954e-14
21910.00 1.624102e-14
21920.00 1.605438e-14
21930.00 1.586977e-14
21940.00 1.568672e-14
21950.00 1.550550e-14
21960.00 1.532627e-14
21970.00 1.514856e-14
21980.00 1.497264e-14
21990.00 1.479864e-14
22000.00 1.462612e-14
22010.00 1.445537e-14
22020.00 1.428648e-14
22030.00 1.411902e-14
22040.00 1.395329e-14
22050.00 1.378936e-14
22060.00 1.362686e-14
22070.00 1.346602e-14
22080.00 1.330694e-14
22090.00 1.314924e-14
22100.00 1.299317e-14
22110.00 1.283882e-14
22120.00 1.268581e-14
22130.00 1.253438e-14
22140.00 1.238462e-14
22150.00 1.223618e-14
22160.00 1.208928e-14
22170.00 1.194401e-14
22180.00 1.180000e-14
22190.00 1.165751e-14
22200.00 1.151660e-14
22210.00 1.137694e-14
22220.00 1.123875e-14
22230.00 1.110209e-14
22240.00 1.096663e-14
22250.00 1.083263e-14
22260.00 1.070010e-14
22270.00 1.056876e-14
22280.00 1.043883e-14
22290.00 1.031034e-14
22300.00 1.018300e-14
22310.00 1.005704e-14
22320.00 9.932473e-15
22330.00 9.809031e-15
22340.00 9.686931e-15
22350.00 9.566189e-15
22360.00 9.446540e-15
22370.00 9.328202e-15
22380.00 9.211184e-15
22390.00 9.095230e-15
22400.00 8.980554e-15
22410.00 8.867159e-15
22420.00 8.754802e-15
22430.00 8.643692e-15
22440.00 8.533825e-15
22450.00 8.424970e-15
22460.00 8.317330e-15
22470.00 8.210899e-15
22480.00 8.105451e-15
22490.00 8.001191e-15
22500.00 7.898105e-15
22510.00 7.795979e-15
22520.00 7.695005e-15
22530.00 7.595171e-15
22540.00 7.496271e-15
22550.00 7.398498e-15
22560.00 7.301832e-15
22570.00 7.206074e-15
22580.00 7.111415e-15
22590.00 7.017830e-15
22600.00 6.925130e-15
22610.00 6.833502e-15
22620.00 6.742917e-15
22630.00 6.653193e-15
22640.00 6.564514e-15
22650.00 6.476845e-15
22660.00 6.390018e-15
22670.00 6.304207e-15
22680.00 6.219378e-15
22690.00 6.135366e-15
22700.00 6.052345e-15
22710.00 5.970279e-15
22720.00 5.889007e-15
22730.00 5.808702e-15
22740.00 5.729321e-15
22750.00 5.650715e-15
22760.00 5.573050e-15
22770.00 5.496282e-15
22780.00 5.420268e-15
22790.00 5.345171e-15
22800.00 5.270946e-15
22810.00 5.197453e-15
22820.00 5.124853e-15
22830.00 5.053099e-15
22840.00 4.982059e-15
22850.00 4.911886e-15
22860.00 4.842535e-15
22870.00 4.773879e-15
22880.00 4.706069e-15
22890.00 4.639053e-15
22900.00 4.572715e-15
22910.00 4.507200e-15
22920.00 4.442456e-15
22930.00 4.378372e-15
22940.00 4.315088e-15
22950.00 4.252553e-15
22960.00 4.190659e-15
22970.00 4.129544e-15
22980.00 4.069156e-15
22990.00 4.009391e-15
23000.00 3.950385e-15
23010.00 3.892083e-15
23020.00 3.834387e-15
23030.00 3.777429e-15
23040.00 3.721155e-15
23050.00 3.665469e-15
23060.00 3.610502e-15
23070.00 3.556198e-15
23080.00 3.502467e-15
23090.00 3.449435e-15
23100.00 3.397044e-15
23110.00 3.345211e-15
23120.00 3.294059e-15
23130.00 3.243528e-15
23140.00 3.193539e-15
23150.00 3.144212e-15
23160.00 3.095488e-15
23170.00 3.047291e-15
23180.00 2.999736e-15
23190.00 2.952766e-15
23200.00 2.906309e-15
23210.00 2.860477e-15
23220.00 2.815211e-15
23230.00 2.770444e-15
23240.00 2.726283e-15
23250.00 2.682673e-15
23260.00 2.639546e-15
23270.00 2.597010e-15
23280.00 2.555006e-15
23290.00 2.513472e-15
23300.00 2.472512e-15
23310.00 2.432068e-15
23320.00 2.392081e-15
23330.00 2.352652e-15
23340.00 2.313722e-15
23350.00 2.275235e-15
23360.00 2.237291e-15
23370.00 2.199831e-15
23380.00 2.162802e-15
23390.00 2.126299e-15
23400.00 2.090265e-15
23410.00 2.054649e-15
23420.00 2.019546e-15
23430.00 1.984896e-15
23440.00 1.950653e-15
23450.00 1.916906e-15
23460.00 1.883599e-15
23470.00 1.850687e-15
23480.00 1.818256e-15
23490.00 1.786251e-15
23500.00 1.754630e-15
23510.00 1.723477e-15
23520.00 1.692737e-15
23530.00 1.662368e-15
23540.00 1.632454e-15
23550.00 1.602937e-15
23560.00 1.573783e-15
23570.00 1.545070e-15
23580.00 1.516742e-15
23590.00 1.488765e-15
23600.00 1.461216e-15
23610.00 1.434040e-15
23620.00 1.407206e-15
23630.00 1.380785e-15
23640.00 1.354726e-15
23650.00 1.328998e-15
23660.00 1.303671e-15
23670.00 1.278694e-15
23680.00 1.254038e-15
23690.00 1.229772e-15
23700.00 1.205844e-15
23710.00 1.182229e-15
23720.00 1.158989e-15
23730.00 1.136078e-15
23740.00 1.113469e-15
23750.00 1.091225e-15
23760.00 1.069298e-15
23770.00 1.047666e-15
23780.00 1.026386e-15
23790.00 1.005413e-15
23800.00 9.847243e-16
23810.00 9.643784e-16
23820.00 9.443292e-16
23830.00 9.245557e-16
23840.00 9.051138e-16
23850.00 8.859590e-16
23860.00 8.670716e-16
23870.00 8.485050e-16
23880.00 8.302161e-16
23890.00 8.121861e-16
23900.00 7.944670e-16
23910.00 7.770161e-16
23920.00 7.598163e-16
23930.00 7.429170e-16
23940.00 7.262772e-16
23950.00 7.098806e-16
23960.00 6.937748e-16
23970.00 6.779197e-16
23980.00 6.623003e-16
23990.00 6.469621e-16
24000.00 6.318661e-16
24010.00 6.169984e-16
24020.00 6.024026e-16
24030.00 5.880408e-16
24040.00 5.739002e-16
24050.00 5.600222e-16
24060.00 5.463703e-16
24070.00 5.329326e-16
24080.00 5.197487e-16
24090.00 5.067833e-16
24100.00 4.940252e-16
24110.00 4.815121e-16
24120.00 4.692101e-16
24130.00 4.571087e-16
24140.00 4.452440e-16
24150.00 4.335831e-16
24160.00 4.221163e-16
24170.00 4.108780e-16
24180.00 3.998363e-16
24190.00 3.889826e-16
24200.00 3.783493e-16
24210.00 3.679059e-16
24220.00 3.576442e-16
24230.00 3.475953e-16
24240.00 3.377296e-16
24250.00 3.280395e-16
24260.00 3.185547e-16
24270.00 3.092467e-16
24280.00 3.001085e-16
24290.00 2.911682e-16
24300.00 2.823984e-16
24310.00 2.737928e-16
24320.00 2.653779e-16
24330.00 2.571273e-16
24340.00 2.490357e-16
24350.00 2.411275e-16
24360.00 2.333779e-16
24370.00 2.257820e-16
24380.00 2.183625e-16
24390.00 2.110962e-16
24400.00 2.039780e-16
24410.00 1.970299e-16
24420.00 1.902293e-16
24430.00 1.835719e-16
24440.00 1.770779e-16
24450.00 1.707262e-16
24460.00 1.645128e-16
24470.00 1.584565e-16
24480.00 1.525373e-16
24490.00 1.467515e-16
24500.00 1.411169e-16
24510.00 1.356142e-16
24520.00 1.302404e-16
24530.00 1.250117e-16
24540.00 1.199101e-16
24550.00 1.149328e-16
24560.00 1.100948e-16
24570.00 1.053792e-16
24580.00 1.007836e-16
24590.00 9.632156e-17
24600.00 9.197752e-17
24610.00 8.774897e-17
24620.00 8.364866e-17
24630.00 7.966189e-17
24640.00 7.578642e-17
24650.00 7.203387e-17
24660.00 6.839058e-17
24670.00 6.485457e-17
24680.00 6.143626e-17
24690.00 5.812309e-17
24700.00 5.491323e-17
24710.00 5.181607e-17
24720.00 4.882002e-17
24730.00 4.592347e-17
24740.00 4.313470e-17
24750.00 4.044319e-17
24760.00 3.784741e-17
24770.00 3.535470e-17
24780.00 3.295547e-17
24790.00 3.064837e-17
24800.00 2.843972e-17
24810.00 2.632090e-17
24820.00 2.429068e-17
24830.00 2.235444e-17
24840.00 2.050452e-17
24850.00 1.873977e-17
24860.00 1.706465e-17
24870.00 1.547243e-17
24880.00 1.396208e-17
24890.00 1.253712e-17
24900.00 1.119176e-17
24910.00 9.925055e-18
24920.00 8.739645e-18
24930.00 7.630635e-18
24940.00 6.597134e-18
24950.00 5.640963e-18
24960.00 4.758097e-18
24970.00 3.947699e-18
24980.00 3.210773e-18
24990.00 2.544159e-18
25000.00 1.947058e-18
