1000.00 1.185767e-19
1010.00 2.847071e-19
1020.00 5.207477e-19
1030.00 8.375266e-19
1040.00 1.269695e-18
1050.00 1.822211e-18
1060.00 2.515087e-18
1070.00 3.416561e-18
1080.00 4.520673e-18
1090.00 5.865748e-18
1100.00 7.569698e-18
1110.00 9.606305e-18
1120.00 1.204894e-17
1130.00 1.508437e-17
1140.00 1.865282e-17
1150.00 2.289183e-17
1160.00 2.807743e-17
1170.00 3.409825e-17
1180.00 4.120492e-17
1190.00 4.977992e-17
1200.00 5.963716e-17
1210.00 7.121952e-17
1220.00 8.502251e-17
1230.00 1.007576e-16
1240.00 1.191841e-16
1250.00 1.409221e-16
1260.00 1.655792e-16
1270.00 1.945183e-16
1280.00 2.284964e-16
1290.00 2.669018e-16
1300.00 3.120354e-16
1310.00 3.645936e-16
1320.00 4.237373e-16
1330.00 4.932823e-16
1340.00 5.736211e-16
1350.00 6.636596e-16
1360.00 7.696093e-16
1370.00 8.910545e-16
1380.00 1.026652e-15
1390.00 1.186347e-15
1400.00 1.368023e-15
1410.00 1.570163e-15
1420.00 1.808447e-15
1430.00 2.077555e-15
1440.00 2.376009e-15
1450.00 2.728176e-15
1460.00 3.123109e-15
1470.00 3.559789e-15
1480.00 4.075609e-15
1490.00 4.650157e-15
1500.00 5.283653e-15
1510.00 6.032811e-15
1520.00 6.861841e-15
1530.00 7.777486e-15
1540.00 8.853032e-15
1550.00 1.004016e-14
1560.00 1.135368e-14
1570.00 1.288664e-14
1580.00 1.457461e-14
1590.00 1.644588e-14
1600.00 1.861631e-14
1610.00 2.100099e-14
1620.00 2.365008e-14
1630.00 2.670473e-14
1640.00 3.005432e-14
1650.00 3.378353e-14
1660.00 3.806007e-14
1670.00 4.274139e-14
1680.00 4.796594e-14
1690.00 5.392654e-14
1700.00 6.044135e-14
1710.00 6.773119e-14
1720.00 7.600780e-14
1730.00 8.504294e-14
1740.00 9.518419e-14
1750.00 1.066503e-13
1760.00 1.191565e-13
1770.00 1.332450e-13
1780.00 1.491149e-13
1790.00 1.664158e-13
1800.00 1.859879e-13
1810.00 2.079635e-13
1820.00 2.319169e-13
1830.00 2.591487e-13
1840.00 2.896393e-13
1850.00 3.228808e-13
1860.00 3.608889e-13
1870.00 4.033427e-13
1880.00 4.496513e-13
1890.00 5.029476e-13
1900.00 5.623460e-13
1910.00 6.271867e-13
1920.00 7.023468e-13
1930.00 7.859172e-13
1940.00 8.772144e-13
1950.00 9.838068e-13
1960.00 1.101974e-12
1970.00 1.231117e-12
1980.00 1.382822e-12
1990.00 1.550259e-12
2000.00 1.733149e-12
2010.00 1.948649e-12
2020.00 2.184912e-12
2030.00 2.443545e-12
2040.00 2.744994e-12
2050.00 3.073566e-12
2060.00 3.432774e-12
2070.00 3.844202e-12
2080.00 4.288421e-12
2090.00 4.771078e-12
2100.00 5.310947e-12
2110.00 5.886617e-12
2120.00 6.505111e-12
2130.00 7.178575e-12
2140.00 7.887068e-12
2150.00 8.637414e-12
2160.00 9.434640e-12
2170.00 1.026366e-11
2180.00 1.113010e-11
2190.00 1.203560e-11
2200.00 1.297062e-11
2210.00 1.394062e-11
2220.00 1.494851e-11
2230.00 1.598786e-11
2240.00 1.706689e-11
2250.00 1.819147e-11
2260.00 1.935476e-11
2270.00 2.057136e-11
2280.00 2.184820e-11
2290.00 2.317567e-11
2300.00 2.457799e-11
2310.00 2.605933e-11
2320.00 2.760675e-11
2330.00 2.925699e-11
2340.00 3.100719e-11
2350.00 3.284172e-11
2360.00 3.481277e-11
2370.00 3.690623e-11
2380.00 3.910505e-11
2390.00 4.148026e-11
2400.00 4.400195e-11
2410.00 4.665310e-11
2420.00 4.952797e-11
2430.00 5.257549e-11
2440.00 5.578038e-11
2450.00 5.926552e-11
2460.00 6.295209e-11
2470.00 6.682862e-11
2480.00 7.105346e-11
2490.00 8.120278e-11
2500.00 9.708259e-11
2510.00 1.156425e-10
2520.00 1.227346e-10
2530.00 1.301146e-10
2540.00 1.298618e-10
2550.00 1.209666e-10
2560.00 1.285698e-10
2570.00 1.384138e-10
2580.00 1.274664e-10
2590.00 1.199288e-10
2600.00 1.242503e-10
2610.00 1.302075e-10
2620.00 1.426589e-10
2630.00 1.369796e-10
2640.00 1.318413e-10
2650.00 1.497258e-10
2660.00 1.831695e-10
2670.00 1.832979e-10
2680.00 1.885748e-10
2690.00 2.199764e-10
2700.00 2.393021e-10
2710.00 2.570857e-10
2720.00 2.846445e-10
2730.00 3.093468e-10
2740.00 3.322456e-10
2750.00 3.559917e-10
2760.00 3.558837e-10
2770.00 3.390216e-10
2780.00 3.403287e-10
2790.00 3.764414e-10
2800.00 4.015471e-10
2810.00 4.105504e-10
2820.00 4.834327e-10
2830.00 5.649096e-10
2840.00 6.178377e-10
2850.00 6.689005e-10
2860.00 6.914720e-10
2870.00 7.564874e-10
2880.00 8.432332e-10
2890.00 9.552430e-10
2900.00 1.028461e-09
2910.00 1.128962e-09
2920.00 1.214777e-09
2930.00 1.250076e-09
2940.00 1.301269e-09
2950.00 1.354072e-09
2960.00 1.371182e-09
2970.00 1.381420e-09
2980.00 1.420080e-09
2990.00 1.396682e-09
3000.00 1.343201e-09
3010.00 1.310077e-09
3020.00 1.289285e-09
3030.00 1.308832e-09
3040.00 1.376202e-09
3050.00 1.411994e-09
3060.00 1.299994e-09
3070.00 1.298731e-09
3080.00 1.474256e-09
3090.00 1.576123e-09
3100.00 1.538718e-09
3110.00 1.531897e-09
3120.00 1.646522e-09
3130.00 1.764659e-09
3140.00 1.941764e-09
3150.00 2.040711e-09
3160.00 2.048086e-09
3170.00 2.238708e-09
3180.00 2.383870e-09
3190.00 2.310536e-09
3200.00 2.207304e-09
3210.00 2.165167e-09
3220.00 2.019390e-09
3230.00 2.133097e-09
3240.00 2.335494e-09
3250.00 2.347317e-09
3260.00 2.305109e-09
3270.00 2.385110e-09
3280.00 2.630185e-09
3290.00 2.726592e-09
3300.00 2.746052e-09
3310.00 2.789733e-09
3320.00 2.665160e-09
3330.00 2.862825e-09
3340.00 3.307526e-09
3350.00 3.184355e-09
3360.00 3.218062e-09
3370.00 3.382951e-09
3380.00 3.325379e-09
3390.00 3.351519e-09
3400.00 3.624229e-09
3410.00 3.657877e-09
3420.00 3.756338e-09
3430.00 3.927681e-09
3440.00 4.192190e-09
3450.00 4.620110e-09
3460.00 5.007006e-09
3470.00 5.379319e-09
3480.00 5.282133e-09
3490.00 5.072554e-09
3500.00 5.419488e-09
3510.00 5.580937e-09
3520.00 5.781826e-09
3530.00 5.679889e-09
3540.00 5.713293e-09
3550.00 5.724974e-09
3560.00 5.661107e-09
3570.00 5.783616e-09
3580.00 5.968501e-09
3590.00 6.161915e-09
3600.00 6.478039e-09
3610.00 6.716943e-09
3620.00 6.861926e-09
3630.00 7.082873e-09
3640.00 7.259368e-09
3650.00 7.266913e-09
3660.00 6.920033e-09
3670.00 6.758346e-09
3680.00 6.491508e-09
3690.00 6.060179e-09
3700.00 5.920039e-09
3710.00 5.926345e-09
3720.00 5.935226e-09
3730.00 5.867849e-09
3740.00 5.845491e-09
3750.00 5.773178e-09
3760.00 5.859981e-09
3770.00 6.227977e-09
3780.00 6.576329e-09
3790.00 6.655865e-09
3800.00 6.620670e-09
3810.00 6.495178e-09
3820.00 6.336336e-09
3830.00 6.126578e-09
3840.00 6.154070e-09
3850.00 6.167682e-09
3860.00 6.148841e-09
3870.00 6.229400e-09
3880.00 6.491159e-09
3890.00 6.506353e-09
3900.00 6.472035e-09
3910.00 6.470024e-09
3920.00 6.537592e-09
3930.00 6.648588e-09
3940.00 6.824834e-09
3950.00 7.141721e-09
3960.00 7.231309e-09
3970.00 7.361144e-09
3980.00 7.633790e-09
3990.00 7.595380e-09
4000.00 7.497868e-09
4010.00 7.502083e-09
4020.00 7.476774e-09
4030.00 7.561175e-09
4040.00 7.669410e-09
4050.00 7.823194e-09
4060.00 7.803812e-09
4070.00 7.868480e-09
4080.00 7.889297e-09
4090.00 7.895615e-09
4100.00 7.765908e-09
4110.00 7.700931e-09
4120.00 7.523738e-09
4130.00 7.308608e-09
4140.00 7.097428e-09
4150.00 6.961534e-09
4160.00 6.926568e-09
4170.00 6.761572e-09
4180.00 6.631668e-09
4190.00 6.513521e-09
4200.00 6.347933e-09
4210.00 6.102194e-09
4220.00 5.732640e-09
4230.00 5.342610e-09
4240.00 5.151130e-09
4250.00 4.904771e-09
4260.00 4.677706e-09
4270.00 4.479698e-09
4280.00 4.340364e-09
4290.00 4.160795e-09
4300.00 4.020478e-09
4310.00 3.990359e-09
4320.00 4.180537e-09
4330.00 4.512619e-09
4340.00 4.812086e-09
4350.00 4.962096e-09
4360.00 5.238038e-09
4370.00 5.699607e-09
4380.00 6.059006e-09
4390.00 6.314826e-09
4400.00 6.449458e-09
4410.00 6.455201e-09
4420.00 6.201382e-09
4430.00 5.810581e-09
4440.00 5.531046e-09
4450.00 5.415653e-09
4460.00 5.408573e-09
4470.00 5.664035e-09
4480.00 5.911069e-09
4490.00 6.039624e-09
4500.00 6.190261e-09
4510.00 6.226382e-09
4520.00 6.193659e-09
4530.00 6.172989e-09
4540.00 6.110335e-09
4550.00 6.017438e-09
4560.00 6.056775e-09
4570.00 6.138849e-09
4580.00 6.169701e-09
4590.00 6.176091e-09
4600.00 6.199944e-09
4610.00 6.247528e-09
4620.00 6.262052e-09
4630.00 6.204919e-09
4640.00 6.115006e-09
4650.00 5.981783e-09
4660.00 5.914523e-09
4670.00 5.666943e-09
4680.00 5.360659e-09
4690.00 5.194918e-09
4700.00 5.122917e-09
4710.00 5.051168e-09
4720.00 5.049914e-09
4730.00 4.991147e-09
4740.00 4.891092e-09
4750.00 4.796330e-09
4760.00 4.738587e-09
4770.00 4.708097e-09
4780.00 4.681051e-09
4790.00 4.690831e-09
4800.00 4.687329e-09
4810.00 4.784310e-09
4820.00 4.831794e-09
4830.00 4.919651e-09
4840.00 4.958789e-09
4850.00 4.942729e-09
4860.00 4.786114e-09
4870.00 4.585016e-09
4880.00 4.410833e-09
4890.00 4.240767e-09
4900.00 4.033925e-09
4910.00 3.887025e-09
4920.00 3.626356e-09
4930.00 3.412553e-09
4940.00 3.268844e-09
4950.00 3.192667e-09
4960.00 3.135247e-09
4970.00 3.060037e-09
4980.00 2.963750e-09
4990.00 2.894389e-09
5000.00 2.923432e-09
5010.00 2.929203e-09
5020.00 3.017533e-09
5030.00 3.182308e-09
5040.00 3.368916e-09
5050.00 3.519028e-09
5060.00 3.653143e-09
5070.00 3.791360e-09
5080.00 3.859812e-09
5090.00 3.954108e-09
5100.00 4.081998e-09
5110.00 4.206659e-09
5120.00 4.325914e-09
5130.00 4.377432e-09
5140.00 4.431819e-09
5150.00 4.472902e-09
5160.00 4.484106e-09
5170.00 4.467926e-09
5180.00 4.488784e-09
5190.00 4.496566e-09
5200.00 4.507185e-09
5210.00 4.481369e-09
5220.00 4.484191e-09
5230.00 4.459614e-09
5240.00 4.430716e-09
5250.00 4.402381e-09
5260.00 4.345570e-09
5270.00 4.214763e-09
5280.00 4.070975e-09
5290.00 3.914565e-09
5300.00 3.783578e-09
5310.00 3.683330e-09
5320.00 3.587562e-09
5330.00 3.516023e-09
5340.00 3.470219e-09
5350.00 3.482069e-09
5360.00 3.511453e-09
5370.00 3.580675e-09
5380.00 3.604367e-09
5390.00 3.558665e-09
5400.00 3.565564e-09
5410.00 3.592512e-09
5420.00 3.602264e-09
5430.00 3.584276e-09
5440.00 3.559917e-09
5450.00 3.578976e-09
5460.00 3.543830e-09
5470.00 3.514595e-09
5480.00 3.437074e-09
5490.00 3.406719e-09
5500.00 3.384778e-09
5510.00 3.386007e-09
5520.00 3.431228e-09
5530.00 3.458236e-09
5540.00 3.451702e-09
5550.00 3.447377e-09
5560.00 3.490386e-09
5570.00 3.381099e-09
5580.00 3.293228e-09
5590.00 3.253865e-09
5600.00 3.239287e-09
5610.00 3.312320e-09
5620.00 3.331755e-09
5630.00 3.340560e-09
5640.00 3.302076e-09
5650.00 3.296337e-09
5660.00 3.304100e-09
5670.00 3.295714e-09
5680.00 3.308980e-09
5690.00 3.316717e-09
5700.00 3.349422e-09
5710.00 3.342018e-09
5720.00 3.329881e-09
5730.00 3.332482e-09
5740.00 3.301806e-09
5750.00 3.296234e-09
5760.00 3.283645e-09
5770.00 3.276697e-09
5780.00 3.255384e-09
5790.00 3.255581e-09
5800.00 3.261655e-09
5810.00 3.267983e-09
5820.00 3.281329e-09
5830.00 3.287849e-09
5840.00 3.290048e-09
5850.00 3.271853e-09
5860.00 3.264472e-09
5870.00 3.263794e-09
5880.00 3.265400e-09
5890.00 3.270697e-09
5900.00 3.269501e-09
5910.00 3.284869e-09
5920.00 3.336463e-09
5930.00 3.180012e-09
5940.00 3.058732e-09
5950.00 3.213711e-09
5960.00 3.300446e-09
5970.00 3.298299e-09
5980.00 3.294395e-09
5990.00 3.265633e-09
6000.00 3.231522e-09
6010.00 3.211892e-09
6020.00 3.150301e-09
6030.00 3.137421e-09
6040.00 3.105836e-09
6050.00 3.047833e-09
6060.00 2.990719e-09
6070.00 2.949223e-09
6080.00 2.915557e-09
6090.00 2.870460e-09
6100.00 2.814398e-09
6110.00 2.742710e-09
6120.00 2.699512e-09
6130.00 2.634890e-09
6140.00 2.569192e-09
6150.00 2.523267e-09
6160.00 2.436591e-09
6170.00 2.348790e-09
6180.00 2.286973e-09
6190.00 2.250453e-09
6200.00 2.241829e-09
6210.00 2.259477e-09
6220.00 2.283048e-09
6230.00 2.282626e-09
6240.00 2.280956e-09
6250.00 2.272176e-09
6260.00 2.285251e-09
6270.00 2.310903e-09
6280.00 2.306390e-09
6290.00 2.284683e-09
6300.00 2.322328e-09
6310.00 2.346385e-09
6320.00 2.354618e-09
6330.00 2.348234e-09
6340.00 2.354589e-09
6350.00 2.373882e-09
6360.00 2.362505e-09
6370.00 2.336249e-09
6380.00 2.340753e-09
6390.00 2.325702e-09
6400.00 2.296219e-09
6410.00 2.276811e-09
6420.00 2.255789e-09
6430.00 2.238322e-09
6440.00 2.206752e-09
6450.00 2.189427e-09
6460.00 2.147238e-09
6470.00 2.119375e-09
6480.00 2.113589e-09
6490.00 2.078933e-09
6500.00 2.035638e-09
6510.00 2.006855e-09
6520.00 1.976147e-09
6530.00 1.961271e-09
6540.00 1.952702e-09
6550.00 1.945584e-09
6560.00 1.917323e-09
6570.00 1.902881e-09
6580.00 1.890711e-09
6590.00 1.879280e-09
6600.00 1.868064e-09
6610.00 1.854320e-09
6620.00 1.831357e-09
6630.00 1.820884e-09
6640.00 1.797792e-09
6650.00 1.786582e-09
6660.00 1.765432e-09
6670.00 1.755866e-09
6680.00 1.739562e-09
6690.00 1.728018e-09
6700.00 1.699831e-09
6710.00 1.691357e-09
6720.00 1.689314e-09
6730.00 1.676702e-09
6740.00 1.654907e-09
6750.00 1.651623e-09
6760.00 1.638783e-09
6770.00 1.608199e-09
6780.00 1.587566e-09
6790.00 1.569477e-09
6800.00 1.550755e-09
6810.00 1.529138e-09
6820.00 1.523154e-09
6830.00 1.502418e-09
6840.00 1.491435e-09
6850.00 1.471624e-09
6860.00 1.443719e-09
6870.00 1.358364e-09
6880.00 1.186574e-09
6890.00 1.191285e-09
6900.00 1.230210e-09
6910.00 1.235649e-09
6920.00 1.272427e-09
6930.00 1.303798e-09
6940.00 1.332134e-09
6950.00 1.330356e-09
6960.00 1.334067e-09
6970.00 1.344726e-09
6980.00 1.333891e-09
6990.00 1.325354e-09
7000.00 1.311742e-09
7010.00 1.318424e-09
7020.00 1.297657e-09
7030.00 1.287147e-09
7040.00 1.279296e-09
7050.00 1.262228e-09
7060.00 1.262522e-09
7070.00 1.249726e-09
7080.00 1.243168e-09
7090.00 1.241986e-09
7100.00 1.258458e-09
7110.00 1.225341e-09
7120.00 1.219195e-09
7130.00 1.209715e-09
7140.00 1.208868e-09
7150.00 1.215940e-09
7160.00 1.205323e-09
7170.00 1.183292e-09
7180.00 1.158910e-09
7190.00 1.128577e-09
7200.00 1.119153e-09
7210.00 1.130641e-09
7220.00 1.137318e-09
7230.00 1.142190e-09
7240.00 1.111926e-09
7250.00 1.086256e-09
7260.00 1.066828e-09
7270.00 1.054484e-09
7280.00 1.059931e-09
7290.00 1.058412e-09
7300.00 1.041175e-09
7310.00 1.036536e-09
7320.00 1.028602e-09
7330.00 1.042260e-09
7340.00 1.034939e-09
7350.00 1.020540e-09
7360.00 1.014601e-09
7370.00 1.008804e-09
7380.00 9.922982e-10
7390.00 9.723335e-10
7400.00 9.764699e-10
7410.00 9.715892e-10
7420.00 9.490131e-10
7430.00 9.333526e-10
7440.00 9.240837e-10
7450.00 9.130934e-10
7460.00 9.119414e-10
7470.00 8.989714e-10
7480.00 8.886483e-10
7490.00 8.814110e-10
7500.00 8.690291e-10
7510.00 8.557975e-10
7520.00 8.379811e-10
7530.00 8.194000e-10
7540.00 8.730961e-10
7550.00 8.796777e-10
7560.00 8.830368e-10
7570.00 8.756343e-10
7580.00 8.699606e-10
7590.00 8.692151e-10
7600.00 8.047375e-10
7610.00 7.618201e-10
7620.00 7.607725e-10
7630.00 7.733998e-10
7640.00 7.804681e-10
7650.00 7.960685e-10
7660.00 8.200673e-10
7670.00 8.475004e-10
7680.00 8.738265e-10
7690.00 8.854166e-10
7700.00 8.981678e-10
7710.00 8.992310e-10
7720.00 9.081482e-10
7730.00 9.086686e-10
7740.00 9.051427e-10
7750.00 9.132197e-10
7760.00 9.101239e-10
7770.00 9.069776e-10
7780.00 9.181794e-10
7790.00 9.102201e-10
7800.00 9.103215e-10
7810.00 9.059455e-10
7820.00 8.969661e-10
7830.00 8.828631e-10
7840.00 8.751629e-10
7850.00 8.649170e-10
7860.00 8.495974e-10
7870.00 8.406192e-10
7880.00 8.310091e-10
7890.00 8.183100e-10
7900.00 8.044020e-10
7910.00 7.986902e-10
7920.00 7.810992e-10
7930.00 7.706227e-10
7940.00 7.626359e-10
7950.00 7.578698e-10
7960.00 7.507931e-10
7970.00 7.342160e-10
7980.00 7.187083e-10
7990.00 7.104471e-10
8000.00 6.994920e-10
8010.00 6.902961e-10
8020.00 6.780523e-10
8030.00 6.642240e-10
8040.00 6.605723e-10
8050.00 6.591786e-10
8060.00 6.562876e-10
8070.00 6.519195e-10
8080.00 6.422555e-10
8090.00 6.351268e-10
8100.00 6.209814e-10
8110.00 6.140344e-10
8120.00 6.049215e-10
8130.00 5.994106e-10
8140.00 5.893469e-10
8150.00 5.734468e-10
8160.00 5.606689e-10
8170.00 5.431734e-10
8180.00 5.248970e-10
8190.00 5.097198e-10
8200.00 5.042515e-10
8210.00 4.873357e-10
8220.00 4.848005e-10
8230.00 4.620430e-10
8240.00 4.268114e-10
8250.00 4.620404e-10
8260.00 4.614392e-10
8270.00 4.518181e-10
8280.00 4.636423e-10
8290.00 4.505285e-10
8300.00 4.533595e-10
8310.00 4.521752e-10
8320.00 4.469043e-10
8330.00 4.394485e-10
8340.00 4.439375e-10
8350.00 4.378887e-10
8360.00 4.471092e-10
8370.00 4.505184e-10
8380.00 4.569940e-10
8390.00 4.635412e-10
8400.00 4.715589e-10
8410.00 4.723508e-10
8420.00 4.844722e-10
8430.00 4.886405e-10
8440.00 4.938329e-10
8450.00 4.965794e-10
8460.00 5.058925e-10
8470.00 5.094722e-10
8480.00 5.133040e-10
8490.00 5.198773e-10
8500.00 5.171878e-10
8510.00 5.255314e-10
8520.00 5.179142e-10
8530.00 5.198591e-10
8540.00 5.191126e-10
8550.00 5.217570e-10
8560.00 5.190121e-10
8570.00 5.129612e-10
8580.00 5.105763e-10
8590.00 5.080687e-10
8600.00 5.027342e-10
8610.00 4.998729e-10
8620.00 4.975106e-10
8630.00 4.964779e-10
8640.00 4.911772e-10
8650.00 4.952897e-10
8660.00 4.924743e-10
8670.00 4.879125e-10
8680.00 4.798230e-10
8690.00 4.832641e-10
8700.00 4.751075e-10
8710.00 4.743355e-10
8720.00 4.714738e-10
8730.00 4.617029e-10
8740.00 4.667368e-10
8750.00 4.627230e-10
8760.00 4.557245e-10
8770.00 4.511309e-10
8780.00 4.466361e-10
8790.00 4.434740e-10
8800.00 4.358441e-10
8810.00 4.231526e-10
8820.00 4.179237e-10
8830.00 4.069670e-10
8840.00 3.915419e-10
8850.00 3.796218e-10
8860.00 3.707673e-10
8870.00 3.596104e-10
8880.00 3.515188e-10
8890.00 3.345450e-10
8900.00 3.330699e-10
8910.00 3.261921e-10
8920.00 3.258041e-10
8930.00 3.196588e-10
8940.00 3.191868e-10
8950.00 3.203880e-10
8960.00 3.133781e-10
8970.00 3.119896e-10
8980.00 3.006127e-10
8990.00 3.094400e-10
9000.00 2.872798e-10
9010.00 2.930249e-10
9020.00 2.898876e-10
9030.00 2.845020e-10
9040.00 2.906231e-10
9050.00 2.955343e-10
9060.00 2.899469e-10
9070.00 2.897459e-10
9080.00 2.828818e-10
9090.00 2.814336e-10
9100.00 2.808084e-10
9110.00 2.775914e-10
9120.00 2.825957e-10
9130.00 2.802956e-10
9140.00 2.767912e-10
9150.00 2.815391e-10
9160.00 2.793671e-10
9170.00 2.742044e-10
9180.00 2.825807e-10
9190.00 2.803331e-10
9200.00 2.924324e-10
9210.00 2.851733e-10
9220.00 2.918232e-10
9230.00 2.906372e-10
9240.00 2.891520e-10
9250.00 2.832857e-10
9260.00 2.824021e-10
9270.00 2.869228e-10
9280.00 2.817048e-10
9290.00 2.725756e-10
9300.00 2.677510e-10
9310.00 2.540933e-10
9320.00 2.324084e-10
9330.00 2.070215e-10
9340.00 2.017157e-10
9350.00 1.794438e-10
9360.00 1.860017e-10
9370.00 1.786942e-10
9380.00 1.890984e-10
9390.00 1.825455e-10
9400.00 2.095340e-10
9410.00 2.180277e-10
9420.00 2.124846e-10
9430.00 2.029767e-10
9440.00 1.862598e-10
9450.00 1.807326e-10
9460.00 1.845360e-10
9470.00 1.768615e-10
9480.00 1.799939e-10
9490.00 1.832965e-10
9500.00 1.840554e-10
9510.00 1.619844e-10
9520.00 1.831888e-10
9530.00 1.658087e-10
9540.00 1.682380e-10
9550.00 1.743552e-10
9560.00 1.690780e-10
9570.00 1.682092e-10
9580.00 1.590394e-10
9590.00 1.704379e-10
9600.00 1.567186e-10
9610.00 1.624984e-10
9620.00 1.613016e-10
9630.00 1.631582e-10
9640.00 1.605402e-10
9650.00 1.593044e-10
9660.00 1.573897e-10
9670.00 1.637054e-10
9680.00 1.502409e-10
9690.00 1.548917e-10
9700.00 1.523290e-10
9710.00 1.512161e-10
9720.00 1.545678e-10
9730.00 1.482286e-10
9740.00 1.531251e-10
9750.00 1.463785e-10
9760.00 1.446904e-10
9770.00 1.401134e-10
9780.00 1.458564e-10
9790.00 1.410540e-10
9800.00 1.392250e-10
9810.00 1.409951e-10
9820.00 1.346652e-10
9830.00 1.369711e-10
9840.00 1.385042e-10
9850.00 1.392340e-10
9860.00 1.368266e-10
9870.00 1.347177e-10
9880.00 1.319633e-10
9890.00 1.363040e-10
9900.00 1.296324e-10
9910.00 1.306154e-10
9920.00 1.223666e-10
9930.00 1.301253e-10
9940.00 1.205163e-10
9950.00 1.203693e-10
9960.00 1.285445e-10
9970.00 1.220300e-10
9980.00 1.210243e-10
9990.00 1.199103e-10
10000.00 1.258488e-10
10010.00 1.210962e-10
10020.00 1.230152e-10
10030.00 1.316188e-10
10040.00 1.306316e-10
10050.00 1.296223e-10
10060.00 1.286194e-10
10070.00 1.276273e-10
10080.00 1.266415e-10
10090.00 1.256622e-10
10100.00 1.246933e-10
10110.00 1.237307e-10
10120.00 1.227745e-10
10130.00 1.218282e-10
10140.00 1.208881e-10
10150.00 1.199542e-10
10160.00 1.190301e-10
10170.00 1.181121e-10
10180.00 1.172002e-10
10190.00 1.162977e-10
10200.00 1.154010e-10
10210.00 1.145104e-10
10220.00 1.136290e-10
10230.00 1.127533e-10
10240.00 1.118836e-10
10250.00 1.110229e-10
10260.00 1.101676e-10
10270.00 1.093181e-10
10280.00 1.084774e-10
10290.00 1.076421e-10
10300.00 1.068126e-10
10310.00 1.059914e-10
10320.00 1.051756e-10
10330.00 1.043654e-10
10340.00 1.035634e-10
10350.00 1.027667e-10
10360.00 1.019753e-10
10370.00 1.011920e-10
10380.00 1.004137e-10
10390.00 9.964082e-11
10400.00 9.887576e-11
10410.00 9.811566e-11
10420.00 9.736072e-11
10430.00 9.661346e-11
10440.00 9.587103e-11
10450.00 9.513366e-11
10460.00 9.440376e-11
10470.00 9.367856e-11
10480.00 9.295834e-11
10490.00 9.224541e-11
10500.00 9.153707e-11
10510.00 9.083363e-11
10520.00 9.013722e-11
10530.00 8.944531e-11
10540.00 8.875817e-11
10550.00 8.807792e-11
10560.00 8.740205e-11
10570.00 8.673086e-11
10580.00 8.606638e-11
10590.00 8.540616e-11
10600.00 8.475054e-11
10610.00 8.410145e-11
10620.00 8.345653e-11
10630.00 8.281610e-11
10640.00 8.218204e-11
10650.00 8.155205e-11
10660.00 8.092646e-11
10670.00 8.030706e-11
10680.00 7.969165e-11
10690.00 7.908053e-11
10700.00 7.847546e-11
10710.00 7.787426e-11
10720.00 7.727729e-11
10730.00 7.668620e-11
10740.00 7.609889e-11
10750.00 7.551573e-11
10760.00 7.493828e-11
10770.00 7.436455e-11
10780.00 7.379486e-11
10790.00 7.323073e-11
10800.00 7.267024e-11
10810.00 7.211370e-11
10820.00 7.156260e-11
10830.00 7.101501e-11
10840.00 7.047132e-11
10850.00 6.993293e-11
10860.00 6.939797e-11
10870.00 6.886682e-11
10880.00 6.834082e-11
10890.00 6.781819e-11
10900.00 6.729930e-11
10910.00 6.678542e-11
10920.00 6.627482e-11
10930.00 6.576787e-11
10940.00 6.526582e-11
10950.00 6.476696e-11
10960.00 6.427170e-11
10970.00 6.378119e-11
10980.00 6.329382e-11
10990.00 6.280995e-11
11000.00 6.233071e-11
11010.00 6.185454e-11
11020.00 6.138181e-11
11030.00 6.091359e-11
11040.00 6.044835e-11
11050.00 5.998650e-11
11060.00 5.952903e-11
11070.00 5.907448e-11
11080.00 5.862323e-11
11090.00 5.817626e-11
11100.00 5.773214e-11
11110.00 5.729126e-11
11120.00 5.685455e-11
11130.00 5.642063e-11
11140.00 5.598986e-11
11150.00 5.556316e-11
11160.00 5.513919e-11
11170.00 5.471831e-11
11180.00 5.430140e-11
11190.00 5.388713e-11
11200.00 5.347591e-11
11210.00 5.306855e-11
11220.00 5.266378e-11
11230.00 5.226199e-11
11240.00 5.186394e-11
11250.00 5.146844e-11
11260.00 5.107586e-11
11270.00 5.068693e-11
11280.00 5.030048e-11
11290.00 4.991689e-11
11300.00 4.953686e-11
11310.00 4.915925e-11
11320.00 4.878444e-11
11330.00 4.841311e-11
11340.00 4.804413e-11
11350.00 4.767790e-11
11360.00 4.731505e-11
11370.00 4.695450e-11
11380.00 4.659664e-11
11390.00 4.624209e-11
11400.00 4.588978e-11
11410.00 4.554011e-11
11420.00 4.519365e-11
11430.00 4.484938e-11
11440.00 4.450771e-11
11450.00 4.416916e-11
11460.00 4.383276e-11
11470.00 4.349888e-11
11480.00 4.316805e-11
11490.00 4.283934e-11
11500.00 4.251311e-11
11510.00 4.218983e-11
11520.00 4.186860e-11
11530.00 4.154979e-11
11540.00 4.123388e-11
11550.00 4.091998e-11
11560.00 4.060845e-11
11570.00 4.029975e-11
11580.00 3.999299e-11
11590.00 3.968857e-11
11600.00 3.938690e-11
11610.00 3.908713e-11
11620.00 3.878966e-11
11630.00 3.849485e-11
11640.00 3.820192e-11
11650.00 3.791122e-11
11660.00 3.762313e-11
11670.00 3.733687e-11
11680.00 3.705279e-11
11690.00 3.677125e-11
11700.00 3.649150e-11
11710.00 3.621389e-11
11720.00 3.593876e-11
11730.00 3.566538e-11
11740.00 3.539409e-11
11750.00 3.512522e-11
11760.00 3.485804e-11
11770.00 3.459294e-11
11780.00 3.433018e-11
11790.00 3.406908e-11
11800.00 3.381000e-11
11810.00 3.355321e-11
11820.00 3.329805e-11
11830.00 3.304486e-11
11840.00 3.279391e-11
11850.00 3.254455e-11
11860.00 3.229712e-11
11870.00 3.205186e-11
11880.00 3.180815e-11
11890.00 3.156635e-11
11900.00 3.132667e-11
11910.00 3.108849e-11
11920.00 3.085219e-11
11930.00 3.061794e-11
11940.00 3.038517e-11
11950.00 3.015423e-11
11960.00 2.992531e-11
11970.00 2.969782e-11
11980.00 2.947212e-11
11990.00 2.924838e-11
12000.00 2.902606e-11
12010.00 2.880549e-11
12020.00 2.858683e-11
12030.00 2.836954e-11
12040.00 2.815398e-11
12050.00 2.794027e-11
12060.00 2.772791e-11
12070.00 2.751724e-11
12080.00 2.730838e-11
12090.00 2.710084e-11
12100.00 2.689494e-11
12110.00 2.669080e-11
12120.00 2.648796e-11
12130.00 2.628674e-11
12140.00 2.608723e-11
12150.00 2.588899e-11
12160.00 2.569233e-11
12170.00 2.549733e-11
12180.00 2.530357e-11
12190.00 2.511137e-11
12200.00 2.492079e-11
12210.00 2.473142e-11
12220.00 2.454356e-11
12230.00 2.435731e-11
12240.00 2.417222e-11
12250.00 2.398863e-11
12260.00 2.380658e-11
12270.00 2.362568e-11
12280.00 2.344624e-11
12290.00 2.326832e-11
12300.00 2.309151e-11
12310.00 2.291614e-11
12320.00 2.274223e-11
12330.00 2.256942e-11
12340.00 2.239802e-11
12350.00 2.222805e-11
12360.00 2.205915e-11
12370.00 2.189163e-11
12380.00 2.172550e-11
12390.00 2.156041e-11
12400.00 2.139668e-11
12410.00 2.123431e-11
12420.00 2.107296e-11
12430.00 2.091293e-11
12440.00 2.075422e-11
12450.00 2.059652e-11
12460.00 2.044011e-11
12470.00 2.028498e-11
12480.00 2.013085e-11
12490.00 1.997797e-11
12500.00 1.982636e-11
12510.00 1.967570e-11
12520.00 1.952630e-11
12530.00 1.937810e-11
12540.00 1.923084e-11
12550.00 1.908480e-11
12560.00 1.893996e-11
12570.00 1.879603e-11
12580.00 1.865329e-11
12590.00 1.851171e-11
12600.00 1.837102e-11
12610.00 1.823151e-11
12620.00 1.809314e-11
12630.00 1.795563e-11
12640.00 1.781926e-11
12650.00 1.768401e-11
12660.00 1.754960e-11
12670.00 1.741632e-11
12680.00 1.728411e-11
12690.00 1.715274e-11
12700.00 1.702247e-11
12710.00 1.689325e-11
12720.00 1.676484e-11
12730.00 1.663751e-11
12740.00 1.651121e-11
12750.00 1.638569e-11
12760.00 1.626123e-11
12770.00 1.613778e-11
12780.00 1.601510e-11
12790.00 1.589344e-11
12800.00 1.577277e-11
12810.00 1.565285e-11
12820.00 1.553395e-11
12830.00 1.541600e-11
12840.00 1.529879e-11
12850.00 1.518257e-11
12860.00 1.506728e-11
12870.00 1.495270e-11
12880.00 1.483911e-11
12890.00 1.472642e-11
12900.00 1.461443e-11
12910.00 1.450339e-11
12920.00 1.439323e-11
12930.00 1.428378e-11
12940.00 1.417524e-11
12950.00 1.406758e-11
12960.00 1.396057e-11
12970.00 1.385450e-11
12980.00 1.374925e-11
12990.00 1.364466e-11
13000.00 1.354096e-11
13010.00 1.343809e-11
13020.00 1.333586e-11
13030.00 1.323451e-11
13040.00 1.313396e-11
13050.00 1.303403e-11
13060.00 1.293496e-11
13070.00 1.283667e-11
13080.00 1.273899e-11
13090.00 1.264216e-11
13100.00 1.254608e-11
13110.00 1.245060e-11
13120.00 1.235595e-11
13130.00 1.226203e-11
13140.00 1.216871e-11
13150.00 1.207619e-11
13160.00 1.198440e-11
13170.00 1.189317e-11
13180.00 1.180274e-11
13190.00 1.171300e-11
13200.00 1.162383e-11
13210.00 1.153544e-11
13220.00 1.144772e-11
13230.00 1.136056e-11
13240.00 1.127416e-11
13250.00 1.118842e-11
13260.00 1.110322e-11
13270.00 1.101876e-11
13280.00 1.093495e-11
13290.00 1.085167e-11
13300.00 1.076912e-11
13310.00 1.068719e-11
13320.00 1.060579e-11
13330.00 1.052510e-11
13340.00 1.044502e-11
13350.00 1.036544e-11
13360.00 1.028657e-11
13370.00 1.020829e-11
13380.00 1.013050e-11
13390.00 1.005341e-11
13400.00 9.976889e-12
13410.00 9.900853e-12
13420.00 9.825497e-12
13430.00 9.750701e-12
13440.00 9.676378e-12
13450.00 9.602715e-12
13460.00 9.529605e-12
13470.00 9.456954e-12
13480.00 9.384951e-12
13490.00 9.313486e-12
13500.00 9.242469e-12
13510.00 9.172092e-12
13520.00 9.102236e-12
13530.00 9.032817e-12
13540.00 8.964021e-12
13550.00 8.895736e-12
13560.00 8.827878e-12
13570.00 8.760633e-12
13580.00 8.693883e-12
13590.00 8.627553e-12
13600.00 8.561823e-12
13610.00 8.496575e-12
13620.00 8.431737e-12
13630.00 8.367487e-12
13640.00 8.303707e-12
13650.00 8.240328e-12
13660.00 8.177524e-12
13670.00 8.115179e-12
13680.00 8.053226e-12
13690.00 7.991838e-12
13700.00 7.930896e-12
13710.00 7.870337e-12
13720.00 7.810331e-12
13730.00 7.750760e-12
13740.00 7.691562e-12
13750.00 7.632908e-12
13760.00 7.574678e-12
13770.00 7.516813e-12
13780.00 7.459479e-12
13790.00 7.402558e-12
13800.00 7.345996e-12
13810.00 7.289954e-12
13820.00 7.234314e-12
13830.00 7.179024e-12
13840.00 7.124243e-12
13850.00 7.069856e-12
13860.00 7.015809e-12
13870.00 6.962262e-12
13880.00 6.909099e-12
13890.00 6.856269e-12
13900.00 6.803929e-12
13910.00 6.751961e-12
13920.00 6.700320e-12
13930.00 6.649158e-12
13940.00 6.598360e-12
13950.00 6.547881e-12
13960.00 6.497871e-12
13970.00 6.448217e-12
13980.00 6.398874e-12
13990.00 6.349991e-12
14000.00 6.301453e-12
14010.00 6.253220e-12
14020.00 6.205440e-12
14030.00 6.157994e-12
14040.00 6.110846e-12
14050.00 6.064141e-12
14060.00 6.017764e-12
14070.00 5.971678e-12
14080.00 5.926025e-12
14090.00 5.880692e-12
14100.00 5.835642e-12
14110.00 5.791019e-12
14120.00 5.746705e-12
14130.00 5.702669e-12
14140.00 5.659051e-12
14150.00 5.615736e-12
14160.00 5.572691e-12
14170.00 5.530057e-12
14180.00 5.487716e-12
14190.00 5.445641e-12
14200.00 5.403967e-12
14210.00 5.362579e-12
14220.00 5.321451e-12
14230.00 5.280716e-12
14240.00 5.240261e-12
14250.00 5.200058e-12
14260.00 5.160241e-12
14270.00 5.120695e-12
14280.00 5.081400e-12
14290.00 5.042480e-12
14300.00 5.003826e-12
14310.00 4.965414e-12
14320.00 4.927371e-12
14330.00 4.889588e-12
14340.00 4.852042e-12
14350.00 4.814857e-12
14360.00 4.777924e-12
14370.00 4.741224e-12
14380.00 4.704877e-12
14390.00 4.668777e-12
14400.00 4.632903e-12
14410.00 4.597376e-12
14420.00 4.562088e-12
14430.00 4.527022e-12
14440.00 4.492296e-12
14450.00 4.457803e-12
14460.00 4.423529e-12
14470.00 4.389586e-12
14480.00 4.355870e-12
14490.00 4.322368e-12
14500.00 4.289191e-12
14510.00 4.256237e-12
14520.00 4.223488e-12
14530.00 4.191060e-12
14540.00 4.158847e-12
14550.00 4.126837e-12
14560.00 4.095141e-12
14570.00 4.063654e-12
14580.00 4.032365e-12
14590.00 4.001384e-12
14600.00 3.970607e-12
14610.00 3.940023e-12
14620.00 3.909740e-12
14630.00 3.879658e-12
14640.00 3.849764e-12
14650.00 3.820165e-12
14660.00 3.790760e-12
14670.00 3.761541e-12
14680.00 3.732611e-12
14690.00 3.703870e-12
14700.00 3.675308e-12
14710.00 3.647031e-12
14720.00 3.618938e-12
14730.00 3.591022e-12
14740.00 3.563383e-12
14750.00 3.535923e-12
14760.00 3.508637e-12
14770.00 3.481622e-12
14780.00 3.454783e-12
14790.00 3.428111e-12
14800.00 3.401708e-12
14810.00 3.375473e-12
14820.00 3.349404e-12
14830.00 3.323596e-12
14840.00 3.297954e-12
14850.00 3.272475e-12
14860.00 3.247249e-12
14870.00 3.222186e-12
14880.00 3.197281e-12
14890.00 3.172627e-12
14900.00 3.148129e-12
14910.00 3.123787e-12
14920.00 3.099689e-12
14930.00 3.075745e-12
14940.00 3.051952e-12
14950.00 3.028399e-12
14960.00 3.004996e-12
14970.00 2.981740e-12
14980.00 2.958721e-12
14990.00 2.935847e-12
15000.00 2.913116e-12
15010.00 2.890617e-12
15020.00 2.868259e-12
15030.00 2.846043e-12
15040.00 2.824052e-12
15050.00 2.802200e-12
15060.00 2.780487e-12
15070.00 2.758993e-12
15080.00 2.737635e-12
15090.00 2.716413e-12
15100.00 2.695405e-12
15110.00 2.674530e-12
15120.00 2.653788e-12
15130.00 2.633255e-12
15140.00 2.612852e-12
15150.00 2.592579e-12
15160.00 2.572511e-12
15170.00 2.552569e-12
15180.00 2.532756e-12
15190.00 2.513142e-12
15200.00 2.493651e-12
15210.00 2.474286e-12
15220.00 2.455116e-12
15230.00 2.436066e-12
15240.00 2.417140e-12
15250.00 2.398404e-12
15260.00 2.379785e-12
15270.00 2.361288e-12
15280.00 2.342976e-12
15290.00 2.324779e-12
15300.00 2.306702e-12
15310.00 2.288803e-12
15320.00 2.271019e-12
15330.00 2.253352e-12
15340.00 2.235858e-12
15350.00 2.218476e-12
15360.00 2.201210e-12
15370.00 2.184113e-12
15380.00 2.167125e-12
15390.00 2.150249e-12
15400.00 2.133540e-12
15410.00 2.116937e-12
15420.00 2.100445e-12
15430.00 2.084115e-12
15440.00 2.067887e-12
15450.00 2.051769e-12
15460.00 2.035810e-12
15470.00 2.019951e-12
15480.00 2.004198e-12
15490.00 1.988600e-12
15500.00 1.973101e-12
15510.00 1.957706e-12
15520.00 1.942462e-12
15530.00 1.927315e-12
15540.00 1.912270e-12
15550.00 1.897372e-12
15560.00 1.882567e-12
15570.00 1.867865e-12
15580.00 1.853304e-12
15590.00 1.838836e-12
15600.00 1.824468e-12
15610.00 1.810237e-12
15620.00 1.796099e-12
15630.00 1.782056e-12
15640.00 1.768150e-12
15650.00 1.754331e-12
15660.00 1.740608e-12
15670.00 1.727017e-12
15680.00 1.713513e-12
15690.00 1.700102e-12
15700.00 1.686820e-12
15710.00 1.673622e-12
15720.00 1.660517e-12
15730.00 1.647536e-12
15740.00 1.634640e-12
15750.00 1.621831e-12
15760.00 1.609147e-12
15770.00 1.596543e-12
15780.00 1.584027e-12
15790.00 1.571631e-12
15800.00 1.559314e-12
15810.00 1.547082e-12
15820.00 1.534968e-12
15830.00 1.522931e-12
15840.00 1.510978e-12
15850.00 1.499139e-12
15860.00 1.487377e-12
15870.00 1.475696e-12
15880.00 1.464128e-12
15890.00 1.452632e-12
15900.00 1.441219e-12
15910.00 1.429914e-12
15920.00 1.418680e-12
15930.00 1.407526e-12
15940.00 1.396479e-12
15950.00 1.385501e-12
15960.00 1.374601e-12
15970.00 1.363805e-12
15980.00 1.353079e-12
15990.00 1.342428e-12
16000.00 1.331877e-12
16010.00 1.321396e-12
16020.00 1.310987e-12
16030.00 1.300678e-12
16040.00 1.290435e-12
16050.00 1.280265e-12
16060.00 1.270191e-12
16070.00 1.260182e-12
16080.00 1.250244e-12
16090.00 1.240399e-12
16100.00 1.230618e-12
16110.00 1.220908e-12
16120.00 1.211288e-12
16130.00 1.201730e-12
16140.00 1.192242e-12
16150.00 1.182843e-12
16160.00 1.173502e-12
16170.00 1.164231e-12
16180.00 1.155046e-12
16190.00 1.145920e-12
16200.00 1.136860e-12
16210.00 1.127885e-12
16220.00 1.118968e-12
16230.00 1.110115e-12
16240.00 1.101346e-12
16250.00 1.092633e-12
16260.00 1.083983e-12
16270.00 1.075414e-12
16280.00 1.066899e-12
16290.00 1.058448e-12
16300.00 1.050075e-12
16310.00 1.041756e-12
16320.00 1.033498e-12
16330.00 1.025317e-12
16340.00 1.017188e-12
16350.00 1.009119e-12
16360.00 1.001126e-12
16370.00 9.931827e-13
16380.00 9.852996e-13
16390.00 9.774888e-13
16400.00 9.697281e-13
16410.00 9.620255e-13
16420.00 9.543938e-13
16430.00 9.468109e-13
16440.00 9.392855e-13
16450.00 9.318286e-13
16460.00 9.244197e-13
16470.00 9.170669e-13
16480.00 9.097812e-13
16490.00 9.025424e-13
16500.00 8.953588e-13
16510.00 8.882404e-13
16520.00 8.811677e-13
16530.00 8.741488e-13
16540.00 8.671939e-13
16550.00 8.602836e-13
16560.00 8.534261e-13
16570.00 8.466309e-13
16580.00 8.398794e-13
16590.00 8.331797e-13
16600.00 8.265406e-13
16610.00 8.199443e-13
16620.00 8.133987e-13
16630.00 8.069123e-13
16640.00 8.004677e-13
16650.00 7.940729e-13
16660.00 7.877358e-13
16670.00 7.814394e-13
16680.00 7.751918e-13
16690.00 7.690005e-13
16700.00 7.628492e-13
16710.00 7.567456e-13
16720.00 7.506968e-13
16730.00 7.446870e-13
16740.00 7.387243e-13
16750.00 7.328148e-13
16760.00 7.269436e-13
16770.00 7.211183e-13
16780.00 7.153450e-13
16790.00 7.096092e-13
16800.00 7.039183e-13
16810.00 6.982783e-13
16820.00 6.926747e-13
16830.00 6.871152e-13
16840.00 6.816052e-13
16850.00 6.761309e-13
16860.00 6.706999e-13
16870.00 6.653172e-13
16880.00 6.599692e-13
16890.00 6.546638e-13
16900.00 6.494054e-13
16910.00 6.441809e-13
16920.00 6.389982e-13
16930.00 6.338613e-13
16940.00 6.287576e-13
16950.00 6.236948e-13
16960.00 6.186766e-13
16970.00 6.136909e-13
16980.00 6.087454e-13
16990.00 6.038432e-13
17000.00 5.989729e-13
17010.00 5.941419e-13
17020.00 5.893533e-13
17030.00 5.845956e-13
17040.00 5.798764e-13
17050.00 5.751988e-13
17060.00 5.705514e-13
17070.00 5.659417e-13
17080.00 5.613723e-13
17090.00 5.568327e-13
17100.00 5.523299e-13
17110.00 5.478666e-13
17120.00 5.434321e-13
17130.00 5.390338e-13
17140.00 5.346739e-13
17150.00 5.303424e-13
17160.00 5.260463e-13
17170.00 5.217876e-13
17180.00 5.175566e-13
17190.00 5.133603e-13
17200.00 5.092006e-13
17210.00 5.050678e-13
17220.00 5.009691e-13
17230.00 4.969060e-13
17240.00 4.928694e-13
17250.00 4.888660e-13
17260.00 4.848974e-13
17270.00 4.809545e-13
17280.00 4.770444e-13
17290.00 4.731681e-13
17300.00 4.693169e-13
17310.00 4.654979e-13
17320.00 4.617118e-13
17330.00 4.579504e-13
17340.00 4.542203e-13
17350.00 4.505223e-13
17360.00 4.468486e-13
17370.00 4.432055e-13
17380.00 4.395937e-13
17390.00 4.360056e-13
17400.00 4.324475e-13
17410.00 4.289200e-13
17420.00 4.254156e-13
17430.00 4.219407e-13
17440.00 4.184954e-13
17450.00 4.150726e-13
17460.00 4.116789e-13
17470.00 4.083142e-13
17480.00 4.049713e-13
17490.00 4.016569e-13
17500.00 3.983708e-13
17510.00 3.951063e-13
17520.00 3.918695e-13
17530.00 3.886601e-13
17540.00 3.854718e-13
17550.00 3.823107e-13
17560.00 3.791765e-13
17570.00 3.760627e-13
17580.00 3.729758e-13
17590.00 3.699148e-13
17600.00 3.668741e-13
17610.00 3.638594e-13
17620.00 3.608701e-13
17630.00 3.579006e-13
17640.00 3.549567e-13
17650.00 3.520375e-13
17660.00 3.491376e-13
17670.00 3.462628e-13
17680.00 3.434121e-13
17690.00 3.405802e-13
17700.00 3.377728e-13
17710.00 3.349891e-13
17720.00 3.322237e-13
17730.00 3.294823e-13
17740.00 3.267640e-13
17750.00 3.240636e-13
17760.00 3.213867e-13
17770.00 3.187322e-13
17780.00 3.160952e-13
17790.00 3.134814e-13
17800.00 3.108893e-13
17810.00 3.083144e-13
17820.00 3.057623e-13
17830.00 3.032312e-13
17840.00 3.007169e-13
17850.00 2.982248e-13
17860.00 2.957534e-13
17870.00 2.932983e-13
17880.00 2.908650e-13
17890.00 2.884518e-13
17900.00 2.860547e-13
17910.00 2.836789e-13
17920.00 2.813226e-13
17930.00 2.789820e-13
17940.00 2.766623e-13
17950.00 2.743616e-13
17960.00 2.720762e-13
17970.00 2.698114e-13
17980.00 2.675651e-13
17990.00 2.653338e-13
18000.00 2.631226e-13
18010.00 2.609294e-13
18020.00 2.587508e-13
18030.00 2.565918e-13
18040.00 2.544506e-13
18050.00 2.523236e-13
18060.00 2.502159e-13
18070.00 2.481253e-13
18080.00 2.460486e-13
18090.00 2.439909e-13
18100.00 2.419498e-13
18110.00 2.399224e-13
18120.00 2.379135e-13
18130.00 2.359209e-13
18140.00 2.339416e-13
18150.00 2.319803e-13
18160.00 2.300350e-13
18170.00 2.281027e-13
18180.00 2.261881e-13
18190.00 2.242891e-13
18200.00 2.224027e-13
18210.00 2.205335e-13
18220.00 2.186796e-13
18230.00 2.168380e-13
18240.00 2.150135e-13
18250.00 2.132036e-13
18260.00 2.114059e-13
18270.00 2.096249e-13
18280.00 2.078582e-13
18290.00 2.061033e-13
18300.00 2.043646e-13
18310.00 2.026400e-13
18320.00 2.009270e-13
18330.00 1.992299e-13
18340.00 1.975464e-13
18350.00 1.958742e-13
18360.00 1.942176e-13
18370.00 1.925744e-13
18380.00 1.909421e-13
18390.00 1.893251e-13
18400.00 1.877211e-13
18410.00 1.861279e-13
18420.00 1.845497e-13
18430.00 1.829840e-13
18440.00 1.814289e-13
18450.00 1.798885e-13
18460.00 1.783602e-13
18470.00 1.768424e-13
18480.00 1.753388e-13
18490.00 1.738473e-13
18500.00 1.723658e-13
18510.00 1.708985e-13
18520.00 1.694427e-13
18530.00 1.679967e-13
18540.00 1.665645e-13
18550.00 1.651437e-13
18560.00 1.637325e-13
18570.00 1.623347e-13
18580.00 1.609480e-13
18590.00 1.595706e-13
18600.00 1.582065e-13
18610.00 1.568532e-13
18620.00 1.555090e-13
18630.00 1.541776e-13
18640.00 1.528568e-13
18650.00 1.515449e-13
18660.00 1.502459e-13
18670.00 1.489569e-13
18680.00 1.476766e-13
18690.00 1.464088e-13
18700.00 1.451509e-13
18710.00 1.439016e-13
18720.00 1.426644e-13
18730.00 1.414368e-13
18740.00 1.402176e-13
18750.00 1.390104e-13
18760.00 1.378125e-13
18770.00 1.366227e-13
18780.00 1.354447e-13
18790.00 1.342758e-13
18800.00 1.331150e-13
18810.00 1.319654e-13
18820.00 1.308248e-13
18830.00 1.296920e-13
18840.00 1.285703e-13
18850.00 1.274573e-13
18860.00 1.263520e-13
18870.00 1.252575e-13
18880.00 1.241716e-13
18890.00 1.230931e-13
18900.00 1.220252e-13
18910.00 1.209657e-13
18920.00 1.199133e-13
18930.00 1.188715e-13
18940.00 1.178377e-13
18950.00 1.168110e-13
18960.00 1.157945e-13
18970.00 1.147858e-13
18980.00 1.137840e-13
18990.00 1.127923e-13
19000.00 1.118082e-13
19010.00 1.108309e-13
19020.00 1.098634e-13
19030.00 1.089033e-13
19040.00 1.079498e-13
19050.00 1.070059e-13
19060.00 1.060693e-13
19070.00 1.051390e-13
19080.00 1.042183e-13
19090.00 1.033045e-13
19100.00 1.023970e-13
19110.00 1.014988e-13
19120.00 1.006074e-13
19130.00 9.972214e-14
19140.00 9.884591e-14
19150.00 9.797631e-14
19160.00 9.711276e-14
19170.00 9.625801e-14
19180.00 9.540977e-14
19190.00 9.456739e-14
19200.00 9.373364e-14
19210.00 9.290624e-14
19220.00 9.208453e-14
19230.00 9.127131e-14
19240.00 9.046420e-14
19250.00 8.966273e-14
19260.00 8.886951e-14
19270.00 8.808228e-14
19280.00 8.730052e-14
19290.00 8.652685e-14
19300.00 8.575901e-14
19310.00 8.499653e-14
19320.00 8.424195e-14
19330.00 8.349306e-14
19340.00 8.274939e-14
19350.00 8.201344e-14
19360.00 8.128304e-14
19370.00 8.055775e-14
19380.00 7.984001e-14
19390.00 7.912766e-14
19400.00 7.842031e-14
19410.00 7.772035e-14
19420.00 7.702563e-14
19430.00 7.633580e-14
19440.00 7.565321e-14
19450.00 7.497570e-14
19460.00 7.430296e-14
19470.00 7.363732e-14
19480.00 7.297663e-14
19490.00 7.232059e-14
19500.00 7.167153e-14
19510.00 7.102726e-14
19520.00 7.038753e-14
19530.00 6.975459e-14
19540.00 6.912635e-14
19550.00 6.850254e-14
19560.00 6.788538e-14
19570.00 6.727277e-14
19580.00 6.666452e-14
19590.00 6.606275e-14
19600.00 6.546544e-14
19610.00 6.487236e-14
19620.00 6.428563e-14
19630.00 6.370323e-14
19640.00 6.312497e-14
19650.00 6.255292e-14
19660.00 6.198509e-14
19670.00 6.142129e-14
19680.00 6.086357e-14
19690.00 6.030997e-14
19700.00 5.976030e-14
19710.00 5.921658e-14
19720.00 5.867684e-14
19730.00 5.814096e-14
19740.00 5.761089e-14
19750.00 5.708472e-14
19760.00 5.656230e-14
19770.00 5.604557e-14
19780.00 5.553262e-14
19790.00 5.502335e-14
19800.00 5.451964e-14
19810.00 5.401960e-14
19820.00 5.352316e-14
19830.00 5.303215e-14
19840.00 5.254473e-14
19850.00 5.206081e-14
19860.00 5.158221e-14
19870.00 5.110709e-14
19880.00 5.063540e-14
19890.00 5.016890e-14
19900.00 4.970580e-14
19910.00 4.924605e-14
19920.00 4.879137e-14
19930.00 4.834000e-14
19940.00 4.789189e-14
19950.00 4.744875e-14
19960.00 4.700883e-14
19970.00 4.657209e-14
19980.00 4.614020e-14
19990.00 4.571145e-14
20000.00 4.528582e-14
20010.00 4.486492e-14
20020.00 4.444709e-14
20030.00 4.403229e-14
20040.00 4.362212e-14
20050.00 4.321492e-14
20060.00 4.281071e-14
20070.00 4.241100e-14
20080.00 4.201419e-14
20090.00 4.162030e-14
20100.00 4.123080e-14
20110.00 4.084414e-14
20120.00 4.046034e-14
20130.00 4.008079e-14
20140.00 3.970403e-14
20150.00 3.933005e-14
20160.00 3.896025e-14
20170.00 3.859314e-14
20180.00 3.822877e-14
20190.00 3.786845e-14
20200.00 3.751076e-14
20210.00 3.715576e-14
20220.00 3.680472e-14
20230.00 3.645622e-14
20240.00 3.611037e-14
20250.00 3.576836e-14
20260.00 3.542885e-14
20270.00 3.509192e-14
20280.00 3.475872e-14
20290.00 3.442797e-14
20300.00 3.409974e-14
20310.00 3.377516e-14
20320.00 3.345296e-14
20330.00 3.313324e-14
20340.00 3.281705e-14
20350.00 3.250319e-14
20360.00 3.219176e-14
20370.00 3.188377e-14
20380.00 3.157805e-14
20390.00 3.127470e-14
20400.00 3.097470e-14
20410.00 3.067693e-14
20420.00 3.038148e-14
20430.00 3.008928e-14
20440.00 2.979926e-14
20450.00 2.951151e-14
20460.00 2.922692e-14
20470.00 2.894447e-14
20480.00 2.866422e-14
20490.00 2.838707e-14
20500.00 2.811200e-14
20510.00 2.783910e-14
20520.00 2.756920e-14
20530.00 2.730131e-14
20540.00 2.703555e-14
20550.00 2.677272e-14
20560.00 2.651186e-14
20570.00 2.625307e-14
20580.00 2.599714e-14
20590.00 2.574314e-14
20600.00 2.549116e-14
20610.00 2.524196e-14
20620.00 2.499463e-14
20630.00 2.474929e-14
20640.00 2.450666e-14
20650.00 2.426585e-14
20660.00 2.402700e-14
20670.00 2.379077e-14
20680.00 2.355632e-14
20690.00 2.332378e-14
20700.00 2.309379e-14
20710.00 2.286556e-14
20720.00 2.263918e-14
20730.00 2.241529e-14
20740.00 2.219310e-14
20750.00 2.197275e-14
20760.00 2.175480e-14
20770.00 2.153851e-14
20780.00 2.132402e-14
20790.00 2.111187e-14
20800.00 2.090134e-14
20810.00 2.069257e-14
20820.00 2.048608e-14
20830.00 2.028116e-14
20840.00 2.007797e-14
20850.00 1.987698e-14
20860.00 1.967756e-14
20870.00 1.947980e-14
20880.00 1.928420e-14
20890.00 1.909012e-14
20900.00 1.889765e-14
20910.00 1.870731e-14
20920.00 1.851843e-14
20930.00 1.833115e-14
20940.00 1.814592e-14
20950.00 1.796212e-14
20960.00 1.777989e-14
20970.00 1.759964e-14
20980.00 1.742081e-14
20990.00 1.724350e-14
21000.00 1.706812e-14
21010.00 1.689411e-14
21020.00 1.672160e-14
21030.00 1.655097e-14
21040.00 1.638167e-14
21050.00 1.621383e-14
21060.00 1.604782e-14
21070.00 1.588313e-14
21080.00 1.571985e-14
21090.00 1.555837e-14
21100.00 1.539814e-14
21110.00 1.523931e-14
21120.00 1.508223e-14
21130.00 1.492637e-14
21140.00 1.477188e-14
21150.00 1.461909e-14
21160.00 1.446748e-14
21170.00 1.431723e-14
21180.00 1.416861e-14
21190.00 1.402117e-14
21200.00 1.387503e-14
21210.00 1.373049e-14
21220.00 1.358710e-14
21230.00 1.344497e-14
21240.00 1.330441e-14
21250.00 1.316496e-14
21260.00 1.302676e-14
21270.00 1.289007e-14
21280.00 1.275448e-14
21290.00 1.262010e-14
21300.00 1.248718e-14
21310.00 1.235533e-14
21320.00 1.222467e-14
21330.00 1.209544e-14
21340.00 1.196724e-14
21350.00 1.184022e-14
21360.00 1.171458e-14
21370.00 1.158994e-14
21380.00 1.146646e-14
21390.00 1.134432e-14
21400.00 1.122316e-14
21410.00 1.110311e-14
21420.00 1.098439e-14
21430.00 1.086661e-14
21440.00 1.074993e-14
21450.00 1.063452e-14
21460.00 1.052005e-14
21470.00 1.040664e-14
21480.00 1.029447e-14
21490.00 1.018321e-14
21500.00 1.007300e-14
21510.00 9.963989e-15
21520.00 9.855866e-15
21530.00 9.748762e-15
21540.00 9.642824e-15
21550.00 9.537754e-15
21560.00 9.433678e-15
21570.00 9.330738e-15
21580.00 9.228647e-15
21590.00 9.127523e-15
21600.00 9.027507e-15
21610.00 8.928314e-15
21620.00 8.830069e-15
21630.00 8.732898e-15
21640.00 8.636531e-15
21650.00 8.541088e-15
21660.00 8.446691e-15
21670.00 8.353077e-15
21680.00 8.260367e-15
21690.00 8.168671e-15
21700.00 8.077739e-15
21710.00 7.987690e-15
21720.00 7.898627e-15
21730.00 7.810308e-15
21740.00 7.722852e-15
21750.00 7.636354e-15
21760.00 7.550580e-15
21770.00 7.465650e-15
21780.00 7.381650e-15
21790.00 7.298357e-15
21800.00 7.215886e-15
21810.00 7.134320e-15
21820.00 7.053443e-15
21830.00 6.973368e-15
21840.00 6.894173e-15
21850.00 6.815649e-15
21860.00 6.737909e-15
21870.00 6.661022e-15
21880.00 6.584791e-15
21890.00 6.509324e-15
21900.00 6.434687e-15
21910.00 6.360687e-15
21920.00 6.287434e-15
21930.00 6.214986e-15
21940.00 6.143162e-15
21950.00 6.072065e-15
21960.00 6.001751e-15
21970.00 5.932043e-15
21980.00 5.863047e-15
21990.00 5.794810e-15
22000.00 5.727165e-15
22010.00 5.660213e-15
22020.00 5.593999e-15
22030.00 5.528360e-15
22040.00 5.463399e-15
22050.00 5.399156e-15
22060.00 5.335473e-15
22070.00 5.272450e-15
22080.00 5.210125e-15
22090.00 5.148345e-15
22100.00 5.087210e-15
22110.00 5.026752e-15
22120.00 4.966826e-15
22130.00 4.907528e-15
22140.00 4.848888e-15
22150.00 4.790766e-15
22160.00 4.733257e-15
22170.00 4.676387e-15
22180.00 4.620021e-15
22190.00 4.564254e-15
22200.00 4.509107e-15
22210.00 4.454451e-15
22220.00 4.400379e-15
22230.00 4.346908e-15
22240.00 4.293917e-15
22250.00 4.241495e-15
22260.00 4.189657e-15
22270.00 4.138284e-15
22280.00 4.087468e-15
22290.00 4.037220e-15
22300.00 3.987425e-15
22310.00 3.938171e-15
22320.00 3.889469e-15
22330.00 3.841208e-15
22340.00 3.793476e-15
22350.00 3.746277e-15
22360.00 3.699509e-15
22370.00 3.653258e-15
22380.00 3.607523e-15
22390.00 3.562209e-15
22400.00 3.517397e-15
22410.00 3.473088e-15
22420.00 3.429188e-15
22430.00 3.385776e-15
22440.00 3.342854e-15
22450.00 3.300328e-15
22460.00 3.258281e-15
22470.00 3.216708e-15
22480.00 3.175520e-15
22490.00 3.134799e-15
22500.00 3.094538e-15
22510.00 3.054655e-15
22520.00 3.015223e-15
22530.00 2.976239e-15
22540.00 2.937621e-15
22550.00 2.899443e-15
22560.00 2.861701e-15
22570.00 2.824314e-15
22580.00 2.787359e-15
22590.00 2.750823e-15
22600.00 2.714635e-15
22610.00 2.678867e-15
22620.00 2.643506e-15
22630.00 2.608484e-15
22640.00 2.573869e-15
22650.00 2.539652e-15
22660.00 2.505762e-15
22670.00 2.472271e-15
22680.00 2.439164e-15
22690.00 2.406377e-15
22700.00 2.373978e-15
22710.00 2.341950e-15
22720.00 2.310235e-15
22730.00 2.278896e-15
22740.00 2.247920e-15
22750.00 2.217247e-15
22760.00 2.186941e-15
22770.00 2.156985e-15
22780.00 2.127324e-15
22790.00 2.098023e-15
22800.00 2.069060e-15
22810.00 2.040383e-15
22820.00 2.012056e-15
22830.00 1.984059e-15
22840.00 1.956341e-15
22850.00 1.928961e-15
22860.00 1.901902e-15
22870.00 1.875113e-15
22880.00 1.848655e-15
22890.00 1.822507e-15
22900.00 1.796623e-15
22910.00 1.771061e-15
22920.00 1.745799e-15
22930.00 1.720793e-15
22940.00 1.696100e-15
22950.00 1.671700e-15
22960.00 1.647549e-15
22970.00 1.623702e-15
22980.00 1.600138e-15
22990.00 1.576816e-15
23000.00 1.553790e-15
23010.00 1.531039e-15
23020.00 1.508524e-15
23030.00 1.486296e-15
23040.00 1.464334e-15
23050.00 1.442602e-15
23060.00 1.421149e-15
23070.00 1.399954e-15
23080.00 1.378982e-15
23090.00 1.358283e-15
23100.00 1.337833e-15
23110.00 1.317601e-15
23120.00 1.297633e-15
23130.00 1.277907e-15
23140.00 1.258392e-15
23150.00 1.239134e-15
23160.00 1.220111e-15
23170.00 1.201292e-15
23180.00 1.182724e-15
23190.00 1.164384e-15
23200.00 1.146241e-15
23210.00 1.128343e-15
23220.00 1.110665e-15
23230.00 1.093180e-15
23240.00 1.075931e-15
23250.00 1.058896e-15
23260.00 1.042049e-15
23270.00 1.025432e-15
23280.00 1.009021e-15
23290.00 9.927937e-16
23300.00 9.767887e-16
23310.00 9.609843e-16
23320.00 9.453574e-16
23330.00 9.299471e-16
23340.00 9.147309e-16
23350.00 8.996869e-16
23360.00 8.848537e-16
23370.00 8.702083e-16
23380.00 8.557302e-16
23390.00 8.414568e-16
23400.00 8.273654e-16
23410.00 8.134365e-16
23420.00 7.997061e-16
23430.00 7.861521e-16
23440.00 7.727557e-16
23450.00 7.595524e-16
23460.00 7.465196e-16
23470.00 7.336401e-16
23480.00 7.209479e-16
23490.00 7.084208e-16
23500.00 6.960426e-16
23510.00 6.838463e-16
23520.00 6.718097e-16
23530.00 6.599174e-16
23540.00 6.482015e-16
23550.00 6.366404e-16
23560.00 6.252195e-16
23570.00 6.139698e-16
23580.00 6.028699e-16
23590.00 5.919060e-16
23600.00 5.811081e-16
23610.00 5.704552e-16
23620.00 5.599344e-16
23630.00 5.495744e-16
23640.00 5.393550e-16
23650.00 5.292636e-16
23660.00 5.193282e-16
23670.00 5.095288e-16
23680.00 4.998535e-16
23690.00 4.903298e-16
23700.00 4.809372e-16
23710.00 4.716654e-16
23720.00 4.625402e-16
23730.00 4.535422e-16
23740.00 4.446610e-16
23750.00 4.359221e-16
23760.00 4.273061e-16
23770.00 4.188037e-16
23780.00 4.104389e-16
23790.00 4.021931e-16
23800.00 3.940573e-16
23810.00 3.860548e-16
23820.00 3.781674e-16
23830.00 3.703869e-16
23840.00 3.627353e-16
23850.00 3.551951e-16
23860.00 3.477583e-16
23870.00 3.404465e-16
23880.00 3.332425e-16
23890.00 3.261386e-16
23900.00 3.191557e-16
23910.00 3.122770e-16
23920.00 3.054954e-16
23930.00 2.988309e-16
23940.00 2.922671e-16
23950.00 2.857973e-16
23960.00 2.794410e-16
23970.00 2.731819e-16
23980.00 2.670140e-16
23990.00 2.609557e-16
24000.00 2.549915e-16
24010.00 2.491157e-16
24020.00 2.433458e-16
24030.00 2.376667e-16
24040.00 2.320733e-16
24050.00 2.265824e-16
24060.00 2.211793e-16
24070.00 2.158590e-16
24080.00 2.106378e-16
24090.00 2.055014e-16
24100.00 2.004453e-16
24110.00 1.954850e-16
24120.00 1.906065e-16
24130.00 1.858057e-16
24140.00 1.810974e-16
24150.00 1.764683e-16
24160.00 1.719144e-16
24170.00 1.674498e-16
24180.00 1.630616e-16
24190.00 1.587462e-16
24200.00 1.545170e-16
24210.00 1.503615e-16
24220.00 1.462765e-16
24230.00 1.422748e-16
24240.00 1.383443e-16
24250.00 1.344819e-16
24260.00 1.306999e-16
24270.00 1.269864e-16
24280.00 1.233391e-16
24290.00 1.197691e-16
24300.00 1.162654e-16
24310.00 1.128256e-16
24320.00 1.094603e-16
24330.00 1.061591e-16
24340.00 1.029196e-16
24350.00 9.975199e-17
24360.00 9.664615e-17
24370.00 9.359993e-17
24380.00 9.062302e-17
24390.00 8.770569e-17
24400.00 8.484597e-17
24410.00 8.205300e-17
24420.00 7.931750e-17
24430.00 7.663767e-17
24440.00 7.402210e-17
24450.00 7.146195e-17
24460.00 6.895558e-17
24470.00 6.651103e-17
24480.00 6.411992e-17
24490.00 6.178076e-17
24500.00 5.950109e-17
24510.00 5.727292e-17
24520.00 5.509489e-17
24530.00 5.297403e-17
24540.00 5.090282e-17
24550.00 4.888003e-17
24560.00 4.691220e-17
24570.00 4.499218e-17
24580.00 4.311891e-17
24590.00 4.129840e-17
24600.00 3.952398e-17
24610.00 3.779467e-17
24620.00 3.611600e-17
24630.00 3.448172e-17
24640.00 3.289096e-17
24650.00 3.134878e-17
24660.00 2.984936e-17
24670.00 2.839189e-17
24680.00 2.698103e-17
24690.00 2.561133e-17
24700.00 2.428206e-17
24710.00 2.299747e-17
24720.00 2.175250e-17
24730.00 2.054651e-17
24740.00 1.938329e-17
24750.00 1.825822e-17
24760.00 1.717069e-17
24770.00 1.612411e-17
24780.00 1.511423e-17
24790.00 1.414051e-17
24800.00 1.320597e-17
24810.00 1.230672e-17
24820.00 1.144229e-17
24830.00 1.061531e-17
24840.00 9.822271e-18
24850.00 9.062744e-18
24860.00 8.338985e-18
24870.00 7.647869e-18
24880.00 6.988988e-18
24890.00 6.364249e-18
24900.00 5.770886e-18
24910.00 5.208524e-18
24920.00 4.678723e-18
24930.00 4.179072e-18
24940.00 3.709227e-18
24950.00 3.270407e-18
24960.00 2.860550e-18
24970.00 2.479334e-18
24980.00 2.127657e-18
24990.00 1.803795e-18
25000.00 1.507444e-18
