1000.00 3.002453e-21
1010.00 1.231350e-20
1020.00 3.067349e-20
1030.00 6.156745e-20
1040.00 1.104129e-19
1050.00 1.816116e-19
1060.00 2.809648e-19
1070.00 4.190693e-19
1080.00 6.015115e-19
1090.00 8.382749e-19
1100.00 1.148519e-18
1110.00 1.538471e-18
1120.00 2.025496e-18
1130.00 2.641521e-18
1140.00 3.392377e-18
1150.00 4.308159e-18
1160.00 5.438283e-18
1170.00 6.786590e-18
1180.00 8.404586e-18
1190.00 1.036369e-17
1200.00 1.266364e-17
1210.00 1.539094e-17
1220.00 1.864209e-17
1230.00 2.241022e-17
1240.00 2.683758e-17
1250.00 3.205157e-17
1260.00 3.804320e-17
1270.00 4.506427e-17
1280.00 5.328252e-17
1290.00 6.266935e-17
1300.00 7.363968e-17
1310.00 8.636931e-17
1320.00 1.008159e-16
1330.00 1.176517e-16
1340.00 1.370290e-16
1350.00 1.588945e-16
1360.00 1.843183e-16
1370.00 2.133562e-16
1380.00 2.459548e-16
1390.00 2.837880e-16
1400.00 3.266866e-16
1410.00 3.746210e-16
1420.00 4.301688e-16
1430.00 4.927206e-16
1440.00 5.623175e-16
1450.00 6.428695e-16
1460.00 7.329855e-16
1470.00 8.328592e-16
1480.00 9.483428e-16
1490.00 1.076734e-15
1500.00 1.218515e-15
1510.00 1.382336e-15
1520.00 1.563390e-15
1530.00 1.763230e-15
1540.00 1.992808e-15
1550.00 2.245726e-15
1560.00 2.524816e-15
1570.00 2.843689e-15
1580.00 3.193956e-15
1590.00 3.580469e-15
1600.00 4.019795e-15
1610.00 4.501098e-15
1620.00 5.032333e-15
1630.00 5.633236e-15
1640.00 6.289991e-15
1650.00 7.015249e-15
1660.00 7.831933e-15
1670.00 8.722651e-15
1680.00 9.707097e-15
1690.00 1.081106e-14
1700.00 1.201286e-14
1710.00 1.334260e-14
1720.00 1.482803e-14
1730.00 1.644269e-14
1740.00 1.823228e-14
1750.00 2.022505e-14
1760.00 2.238888e-14
1770.00 2.479273e-14
1780.00 2.746226e-14
1790.00 3.035894e-14
1800.00 3.358667e-14
1810.00 3.716308e-14
1820.00 4.104265e-14
1830.00 4.538215e-14
1840.00 5.018174e-14
1850.00 5.538869e-14
1860.00 6.124038e-14
1870.00 6.770310e-14
1880.00 7.471760e-14
1890.00 8.264477e-14
1900.00 9.138841e-14
1910.00 1.008853e-13
1920.00 1.116851e-13
1930.00 1.235797e-13
1940.00 1.365084e-13
1950.00 1.513027e-13
1960.00 1.675613e-13
1970.00 1.852388e-13
1980.00 2.055693e-13
1990.00 2.278283e-13
2000.00 2.520117e-13
2010.00 2.798725e-13
2020.00 3.101871e-13
2030.00 3.431471e-13
2040.00 3.807140e-13
2050.00 4.213287e-13
2060.00 4.653516e-13
2070.00 5.146432e-13
2080.00 5.673885e-13
2090.00 6.240832e-13
2100.00 6.860260e-13
2110.00 7.514139e-13
2120.00 8.207239e-13
2130.00 8.943556e-13
2140.00 9.709354e-13
2150.00 1.050700e-12
2160.00 1.133287e-12
2170.00 1.218067e-12
2180.00 1.304938e-12
2190.00 1.393362e-12
2200.00 1.483400e-12
2210.00 1.574764e-12
2220.00 1.667306e-12
2230.00 1.761388e-12
2240.00 1.856864e-12
2250.00 1.954105e-12
2260.00 2.053355e-12
2270.00 2.154933e-12
2280.00 2.259469e-12
2290.00 2.366860e-12
2300.00 2.478099e-12
2310.00 2.593691e-12
2320.00 2.713180e-12
2330.00 2.838338e-12
2340.00 2.969221e-12
2350.00 3.105111e-12
2360.00 3.248637e-12
2370.00 3.399156e-12
2380.00 3.555832e-12
2390.00 3.722212e-12
2400.00 3.896774e-12
2410.00 4.078673e-12
2420.00 4.272482e-12
2430.00 4.475613e-12
2440.00 4.687322e-12
2450.00 4.913345e-12
2460.00 5.149818e-12
2470.00 5.396199e-12
2480.00 5.659568e-12
2490.00 6.064506e-12
2500.00 6.606957e-12
2510.00 6.308687e-12
2520.00 6.218039e-12
2530.00 9.086143e-12
2540.00 9.897887e-12
2550.00 8.186651e-12
2560.00 8.261789e-12
2570.00 7.994466e-12
2580.00 8.590847e-12
2590.00 8.418163e-12
2600.00 5.863941e-12
2610.00 3.286161e-12
2620.00 5.096940e-12
2630.00 7.988545e-12
2640.00 6.952009e-12
2650.00 7.119378e-12
2660.00 8.763243e-12
2670.00 7.394617e-12
2680.00 7.640842e-12
2690.00 9.851777e-12
2700.00 1.208903e-11
2710.00 1.922902e-11
2720.00 2.492414e-11
2730.00 2.410341e-11
2740.00 2.786182e-11
2750.00 3.113939e-11
2760.00 3.124387e-11
2770.00 3.179098e-11
2780.00 3.189407e-11
2790.00 3.148798e-11
2800.00 3.231439e-11
2810.00 3.394426e-11
2820.00 3.456442e-11
2830.00 3.571091e-11
2840.00 3.872844e-11
2850.00 3.444853e-11
2860.00 2.689231e-11
2870.00 3.213503e-11
2880.00 4.187808e-11
2890.00 5.183857e-11
2900.00 6.197100e-11
2910.00 6.638281e-11
2920.00 6.736068e-11
2930.00 7.097549e-11
2940.00 7.198055e-11
2950.00 7.325106e-11
2960.00 7.462958e-11
2970.00 7.246165e-11
2980.00 6.591938e-11
2990.00 6.616929e-11
3000.00 6.995617e-11
3010.00 6.196269e-11
3020.00 5.398357e-11
3030.00 5.860414e-11
3040.00 6.627780e-11
3050.00 6.437695e-11
3060.00 3.671494e-11
3070.00 3.512015e-11
3080.00 8.001203e-11
3090.00 1.040695e-10
3100.00 1.043345e-10
3110.00 8.335697e-11
3120.00 6.821104e-11
3130.00 6.192094e-11
3140.00 7.016535e-11
3150.00 9.627727e-11
3160.00 1.130325e-10
3170.00 1.276805e-10
3180.00 1.391621e-10
3190.00 1.478717e-10
3200.00 1.848223e-10
3210.00 2.267386e-10
3220.00 2.093205e-10
3230.00 1.789275e-10
3240.00 1.428206e-10
3250.00 1.222608e-10
3260.00 1.569186e-10
3270.00 1.617651e-10
3280.00 1.690956e-10
3290.00 2.266400e-10
3300.00 1.564144e-10
3310.00 1.460643e-10
3320.00 1.871061e-10
3330.00 1.898291e-10
3340.00 2.082389e-10
3350.00 2.259562e-10
3360.00 2.058764e-10
3370.00 2.463984e-10
3380.00 2.170315e-10
3390.00 2.257819e-10
3400.00 2.385140e-10
3410.00 2.601792e-10
3420.00 2.742418e-10
3430.00 2.812590e-10
3440.00 2.820771e-10
3450.00 2.810819e-10
3460.00 2.819341e-10
3470.00 2.912102e-10
3480.00 3.005107e-10
3490.00 3.025487e-10
3500.00 3.000679e-10
3510.00 3.130838e-10
3520.00 3.388665e-10
3530.00 3.643901e-10
3540.00 3.824444e-10
3550.00 3.883702e-10
3560.00 3.935959e-10
3570.00 4.028641e-10
3580.00 4.101544e-10
3590.00 4.192611e-10
3600.00 4.329257e-10
3610.00 4.434597e-10
3620.00 4.369294e-10
3630.00 4.259086e-10
3640.00 4.294098e-10
3650.00 4.375324e-10
3660.00 4.530740e-10
3670.00 4.904764e-10
3680.00 5.398930e-10
3690.00 5.772556e-10
3700.00 6.373260e-10
3710.00 6.579871e-10
3720.00 6.261033e-10
3730.00 5.958955e-10
3740.00 5.802063e-10
3750.00 5.368209e-10
3760.00 4.887559e-10
3770.00 4.485337e-10
3780.00 4.137714e-10
3790.00 3.763695e-10
3800.00 3.489937e-10
3810.00 3.284027e-10
3820.00 3.219544e-10
3830.00 3.319744e-10
3840.00 3.613921e-10
3850.00 3.982381e-10
3860.00 4.314242e-10
3870.00 5.104906e-10
3880.00 5.638462e-10
3890.00 5.900248e-10
3900.00 6.602418e-10
3910.00 6.865451e-10
3920.00 7.225291e-10
3930.00 7.789025e-10
3940.00 7.799536e-10
3950.00 7.914655e-10
3960.00 8.460847e-10
3970.00 8.580676e-10
3980.00 8.345082e-10
3990.00 8.296648e-10
4000.00 8.008562e-10
4010.00 7.622114e-10
4020.00 7.237424e-10
4030.00 6.913258e-10
4040.00 6.575116e-10
4050.00 6.431088e-10
4060.00 6.323408e-10
4070.00 6.420203e-10
4080.00 6.201666e-10
4090.00 6.034100e-10
4100.00 5.899458e-10
4110.00 5.803508e-10
4120.00 5.628238e-10
4130.00 5.453600e-10
4140.00 5.424043e-10
4150.00 5.420347e-10
4160.00 5.286249e-10
4170.00 5.337190e-10
4180.00 5.429774e-10
4190.00 5.586814e-10
4200.00 5.764600e-10
4210.00 5.779879e-10
4220.00 5.772198e-10
4230.00 5.794133e-10
4240.00 5.722504e-10
4250.00 5.691638e-10
4260.00 5.773317e-10
4270.00 5.773439e-10
4280.00 5.823729e-10
4290.00 5.983396e-10
4300.00 6.221649e-10
4310.00 6.233566e-10
4320.00 6.344269e-10
4330.00 6.411205e-10
4340.00 6.381237e-10
4350.00 6.231976e-10
4360.00 5.956904e-10
4370.00 5.786966e-10
4380.00 5.410908e-10
4390.00 4.994549e-10
4400.00 4.621420e-10
4410.00 4.356113e-10
4420.00 4.259042e-10
4430.00 4.083910e-10
4440.00 4.000861e-10
4450.00 4.159142e-10
4460.00 4.191975e-10
4470.00 4.210532e-10
4480.00 4.355011e-10
4490.00 4.510062e-10
4500.00 4.777106e-10
4510.00 5.009009e-10
4520.00 5.232873e-10
4530.00 5.854724e-10
4540.00 6.466245e-10
4550.00 7.164176e-10
4560.00 8.076278e-10
4570.00 9.165261e-10
4580.00 9.878040e-10
4590.00 1.040714e-09
4600.00 1.106136e-09
4610.00 1.133114e-09
4620.00 1.152464e-09
4630.00 1.183633e-09
4640.00 1.199035e-09
4650.00 1.204085e-09
4660.00 1.173717e-09
4670.00 1.096662e-09
4680.00 1.017734e-09
4690.00 9.160636e-10
4700.00 8.310605e-10
4710.00 7.572511e-10
4720.00 6.973863e-10
4730.00 6.423675e-10
4740.00 5.933950e-10
4750.00 5.728576e-10
4760.00 5.557438e-10
4770.00 5.404151e-10
4780.00 5.528770e-10
4790.00 5.730865e-10
4800.00 6.032669e-10
4810.00 6.353606e-10
4820.00 6.833845e-10
4830.00 7.129027e-10
4840.00 7.280984e-10
4850.00 7.204233e-10
4860.00 7.079021e-10
4870.00 7.013183e-10
4880.00 7.166171e-10
4890.00 7.430426e-10
4900.00 7.735463e-10
4910.00 8.295241e-10
4920.00 8.942401e-10
4930.00 9.509991e-10
4940.00 1.035238e-09
4950.00 1.058439e-09
4960.00 1.067561e-09
4970.00 1.058124e-09
4980.00 9.934193e-10
4990.00 9.299356e-10
5000.00 8.642747e-10
5010.00 7.870634e-10
5020.00 7.276981e-10
5030.00 6.761627e-10
5040.00 6.402909e-10
5050.00 6.163068e-10
5060.00 5.932424e-10
5070.00 5.739126e-10
5080.00 5.586707e-10
5090.00 5.426476e-10
5100.00 5.419196e-10
5110.00 5.348536e-10
5120.00 5.264827e-10
5130.00 5.231120e-10
5140.00 5.208441e-10
5150.00 5.159046e-10
5160.00 5.245349e-10
5170.00 5.377497e-10
5180.00 5.490015e-10
5190.00 5.622383e-10
5200.00 5.964515e-10
5210.00 6.241773e-10
5220.00 6.587034e-10
5230.00 7.130640e-10
5240.00 7.571040e-10
5250.00 8.024512e-10
5260.00 8.355730e-10
5270.00 8.698971e-10
5280.00 9.133985e-10
5290.00 9.511817e-10
5300.00 9.918577e-10
5310.00 1.019164e-09
5320.00 1.044484e-09
5330.00 1.040074e-09
5340.00 1.036957e-09
5350.00 1.037167e-09
5360.00 1.023783e-09
5370.00 1.004562e-09
5380.00 9.958245e-10
5390.00 9.993772e-10
5400.00 1.033794e-09
5410.00 1.081108e-09
5420.00 1.133585e-09
5430.00 1.196758e-09
5440.00 1.255629e-09
5450.00 1.313345e-09
5460.00 1.370067e-09
5470.00 1.415581e-09
5480.00 1.439428e-09
5490.00 1.475075e-09
5500.00 1.479601e-09
5510.00 1.487415e-09
5520.00 1.489382e-09
5530.00 1.478081e-09
5540.00 1.466572e-09
5550.00 1.469203e-09
5560.00 1.436678e-09
5570.00 1.420652e-09
5580.00 1.388757e-09
5590.00 1.347544e-09
5600.00 1.317450e-09
5610.00 1.281326e-09
5620.00 1.250967e-09
5630.00 1.214688e-09
5640.00 1.176255e-09
5650.00 1.125038e-09
5660.00 1.065510e-09
5670.00 1.030210e-09
5680.00 9.862680e-10
5690.00 9.505629e-10
5700.00 9.359951e-10
5710.00 8.906875e-10
5720.00 8.651214e-10
5730.00 8.583902e-10
5740.00 8.646199e-10
5750.00 8.666179e-10
5760.00 8.764968e-10
5770.00 9.071068e-10
5780.00 9.321101e-10
5790.00 9.700409e-10
5800.00 1.004321e-09
5810.00 1.047430e-09
5820.00 1.084544e-09
5830.00 1.115236e-09
5840.00 1.147566e-09
5850.00 1.163011e-09
5860.00 1.184655e-09
5870.00 1.198281e-09
5880.00 1.209288e-09
5890.00 1.193952e-09
5900.00 1.173597e-09
5910.00 1.155118e-09
5920.00 1.146102e-09
5930.00 1.118640e-09
5940.00 1.070541e-09
5950.00 1.027878e-09
5960.00 9.796626e-10
5970.00 9.222259e-10
5980.00 8.754918e-10
5990.00 8.513449e-10
6000.00 8.177083e-10
6010.00 8.080506e-10
6020.00 8.009223e-10
6030.00 8.035344e-10
6040.00 8.087875e-10
6050.00 7.926278e-10
6060.00 7.841935e-10
6070.00 7.721706e-10
6080.00 7.573591e-10
6090.00 7.496061e-10
6100.00 7.505987e-10
6110.00 7.471764e-10
6120.00 7.297996e-10
6130.00 7.196117e-10
6140.00 7.040480e-10
6150.00 6.789388e-10
6160.00 6.560256e-10
6170.00 6.552414e-10
6180.00 6.544018e-10
6190.00 6.391465e-10
6200.00 6.467137e-10
6210.00 6.732658e-10
6220.00 6.786172e-10
6230.00 6.942015e-10
6240.00 6.990255e-10
6250.00 7.007925e-10
6260.00 6.924933e-10
6270.00 7.022783e-10
6280.00 7.069193e-10
6290.00 6.931206e-10
6300.00 7.209330e-10
6310.00 7.414028e-10
6320.00 7.730718e-10
6330.00 8.014533e-10
6340.00 8.240389e-10
6350.00 8.556810e-10
6360.00 9.065765e-10
6370.00 9.743064e-10
6380.00 9.972515e-10
6390.00 1.033048e-09
6400.00 1.076512e-09
6410.00 1.122228e-09
6420.00 1.132585e-09
6430.00 1.158054e-09
6440.00 1.195716e-09
6450.00 1.193812e-09
6460.00 1.204104e-09
6470.00 1.211725e-09
6480.00 1.209692e-09
6490.00 1.232200e-09
6500.00 1.241142e-09
6510.00 1.247381e-09
6520.00 1.264701e-09
6530.00 1.230917e-09
6540.00 1.216589e-09
6550.00 1.224886e-09
6560.00 1.220623e-09
6570.00 1.232549e-09
6580.00 1.226722e-09
6590.00 1.186678e-09
6600.00 1.142840e-09
6610.00 1.125844e-09
6620.00 1.075195e-09
6630.00 1.028394e-09
6640.00 9.984672e-10
6650.00 9.387364e-10
6660.00 9.130226e-10
6670.00 8.780800e-10
6680.00 8.551381e-10
6690.00 8.207245e-10
6700.00 7.772117e-10
6710.00 7.646507e-10
6720.00 7.440400e-10
6730.00 7.395472e-10
6740.00 7.420445e-10
6750.00 6.925895e-10
6760.00 6.597844e-10
6770.00 6.529103e-10
6780.00 6.341997e-10
6790.00 6.177332e-10
6800.00 5.998052e-10
6810.00 5.900333e-10
6820.00 5.814817e-10
6830.00 5.673820e-10
6840.00 5.572124e-10
6850.00 5.508578e-10
6860.00 5.490259e-10
6870.00 5.209050e-10
6880.00 4.936489e-10
6890.00 4.787073e-10
6900.00 4.902637e-10
6910.00 4.953720e-10
6920.00 5.043203e-10
6930.00 5.088788e-10
6940.00 5.132725e-10
6950.00 5.159107e-10
6960.00 5.156048e-10
6970.00 5.095533e-10
6980.00 5.049131e-10
6990.00 4.991858e-10
7000.00 4.898872e-10
7010.00 4.849133e-10
7020.00 4.779902e-10
7030.00 4.658336e-10
7040.00 4.660593e-10
7050.00 4.650843e-10
7060.00 4.634118e-10
7070.00 4.590633e-10
7080.00 4.588182e-10
7090.00 4.570941e-10
7100.00 4.575201e-10
7110.00 4.585734e-10
7120.00 4.597880e-10
7130.00 4.684198e-10
7140.00 4.755347e-10
7150.00 4.817805e-10
7160.00 4.887128e-10
7170.00 4.947688e-10
7180.00 4.928335e-10
7190.00 4.883072e-10
7200.00 4.826136e-10
7210.00 4.859217e-10
7220.00 5.003996e-10
7230.00 5.073524e-10
7240.00 4.968238e-10
7250.00 4.854415e-10
7260.00 4.846356e-10
7270.00 4.917305e-10
7280.00 4.982686e-10
7290.00 5.035135e-10
7300.00 5.072541e-10
7310.00 5.127496e-10
7320.00 5.221500e-10
7330.00 5.404826e-10
7340.00 5.548929e-10
7350.00 5.680980e-10
7360.00 5.747249e-10
7370.00 5.853485e-10
7380.00 5.954153e-10
7390.00 6.029705e-10
7400.00 6.122771e-10
7410.00 6.133587e-10
7420.00 6.159855e-10
7430.00 6.100005e-10
7440.00 6.044419e-10
7450.00 5.955851e-10
7460.00 5.769153e-10
7470.00 5.646959e-10
7480.00 5.526382e-10
7490.00 5.345255e-10
7500.00 5.226110e-10
7510.00 5.085582e-10
7520.00 5.091142e-10
7530.00 5.009393e-10
7540.00 4.964996e-10
7550.00 5.074502e-10
7560.00 5.183243e-10
7570.00 5.258039e-10
7580.00 5.339936e-10
7590.00 5.567422e-10
7600.00 4.863339e-10
7610.00 3.814993e-10
7620.00 3.289729e-10
7630.00 4.019257e-10
7640.00 4.181636e-10
7650.00 4.215851e-10
7660.00 4.975784e-10
7670.00 5.378114e-10
7680.00 5.738048e-10
7690.00 5.964982e-10
7700.00 6.072989e-10
7710.00 6.144749e-10
7720.00 6.108691e-10
7730.00 6.063794e-10
7740.00 6.046406e-10
7750.00 6.068251e-10
7760.00 5.951080e-10
7770.00 5.982206e-10
7780.00 5.920939e-10
7790.00 5.745589e-10
7800.00 5.711335e-10
7810.00 5.775486e-10
7820.00 5.721243e-10
7830.00 5.707707e-10
7840.00 5.749261e-10
7850.00 5.763248e-10
7860.00 5.726335e-10
7870.00 5.702488e-10
7880.00 5.623730e-10
7890.00 5.547547e-10
7900.00 5.527486e-10
7910.00 5.415421e-10
7920.00 5.282223e-10
7930.00 5.302343e-10
7940.00 5.327049e-10
7950.00 5.284177e-10
7960.00 5.140609e-10
7970.00 5.038779e-10
7980.00 5.019932e-10
7990.00 4.908322e-10
8000.00 4.907621e-10
8010.00 4.914249e-10
8020.00 4.796149e-10
8030.00 4.742483e-10
8040.00 4.616599e-10
8050.00 4.530370e-10
8060.00 4.475378e-10
8070.00 4.582787e-10
8080.00 4.270461e-10
8090.00 4.077167e-10
8100.00 3.873456e-10
8110.00 3.723268e-10
8120.00 3.521127e-10
8130.00 3.391758e-10
8140.00 3.215385e-10
8150.00 2.852513e-10
8160.00 2.534572e-10
8170.00 2.374633e-10
8180.00 2.143339e-10
8190.00 1.879110e-10
8200.00 1.788744e-10
8210.00 1.705448e-10
8220.00 1.608021e-10
8230.00 1.421314e-10
8240.00 1.334414e-10
8250.00 1.318091e-10
8260.00 1.337370e-10
8270.00 1.338522e-10
8280.00 1.377666e-10
8290.00 1.351693e-10
8300.00 1.390374e-10
8310.00 1.410931e-10
8320.00 1.481110e-10
8330.00 1.636881e-10
8340.00 1.759575e-10
8350.00 1.794511e-10
8360.00 1.954637e-10
8370.00 2.124948e-10
8380.00 2.306637e-10
8390.00 2.403922e-10
8400.00 2.505662e-10
8410.00 2.567093e-10
8420.00 2.805151e-10
8430.00 2.900292e-10
8440.00 2.984241e-10
8450.00 3.202020e-10
8460.00 3.572655e-10
8470.00 3.934155e-10
8480.00 4.580906e-10
8490.00 4.910045e-10
8500.00 5.078620e-10
8510.00 5.576173e-10
8520.00 5.713144e-10
8530.00 5.798507e-10
8540.00 6.026412e-10
8550.00 6.132342e-10
8560.00 6.251984e-10
8570.00 6.345101e-10
8580.00 6.406814e-10
8590.00 6.367034e-10
8600.00 6.367009e-10
8610.00 6.467030e-10
8620.00 6.515812e-10
8630.00 6.483380e-10
8640.00 6.435389e-10
8650.00 6.379264e-10
8660.00 6.556171e-10
8670.00 6.739682e-10
8680.00 6.904912e-10
8690.00 6.993885e-10
8700.00 7.029265e-10
8710.00 7.388508e-10
8720.00 7.294324e-10
8730.00 7.349967e-10
8740.00 7.697870e-10
8750.00 7.458438e-10
8760.00 7.369715e-10
8770.00 7.171443e-10
8780.00 7.318401e-10
8790.00 7.399411e-10
8800.00 7.443005e-10
8810.00 7.504354e-10
8820.00 7.450748e-10
8830.00 7.421845e-10
8840.00 6.960807e-10
8850.00 7.120574e-10
8860.00 7.221993e-10
8870.00 7.129485e-10
8880.00 7.041807e-10
8890.00 6.989791e-10
8900.00 6.699455e-10
8910.00 6.656618e-10
8920.00 6.529129e-10
8930.00 6.311105e-10
8940.00 6.088168e-10
8950.00 5.844112e-10
8960.00 5.693561e-10
8970.00 5.404190e-10
8980.00 5.320424e-10
8990.00 5.276806e-10
9000.00 5.010791e-10
9010.00 4.933807e-10
9020.00 4.927143e-10
9030.00 4.910411e-10
9040.00 4.968887e-10
9050.00 4.968828e-10
9060.00 4.968310e-10
9070.00 4.942238e-10
9080.00 4.749354e-10
9090.00 4.667909e-10
9100.00 4.708165e-10
9110.00 4.565003e-10
9120.00 4.532224e-10
9130.00 4.662470e-10
9140.00 4.323660e-10
9150.00 4.307322e-10
9160.00 4.248895e-10
9170.00 4.188686e-10
9180.00 4.130132e-10
9190.00 4.004823e-10
9200.00 4.180058e-10
9210.00 4.194234e-10
9220.00 4.222935e-10
9230.00 3.986729e-10
9240.00 4.053703e-10
9250.00 4.077996e-10
9260.00 3.912273e-10
9270.00 3.769476e-10
9280.00 3.643662e-10
9290.00 3.378512e-10
9300.00 3.211334e-10
9310.00 2.976505e-10
9320.00 2.773181e-10
9330.00 2.147380e-10
9340.00 2.120952e-10
9350.00 2.093853e-10
9360.00 2.270431e-10
9370.00 2.174516e-10
9380.00 2.220295e-10
9390.00 2.195675e-10
9400.00 2.713716e-10
9410.00 2.770965e-10
9420.00 2.890586e-10
9430.00 2.616433e-10
9440.00 2.508071e-10
9450.00 2.392965e-10
9460.00 2.508086e-10
9470.00 2.419448e-10
9480.00 2.348210e-10
9490.00 2.521330e-10
9500.00 2.567285e-10
9510.00 2.590612e-10
9520.00 2.637388e-10
9530.00 2.427434e-10
9540.00 2.455539e-10
9550.00 2.624631e-10
9560.00 2.434445e-10
9570.00 2.438202e-10
9580.00 2.404696e-10
9590.00 2.354814e-10
9600.00 2.325008e-10
9610.00 2.272540e-10
9620.00 2.311734e-10
9630.00 2.263726e-10
9640.00 2.248793e-10
9650.00 2.370745e-10
9660.00 2.213507e-10
9670.00 2.191258e-10
9680.00 2.244826e-10
9690.00 2.209405e-10
9700.00 2.297177e-10
9710.00 2.373558e-10
9720.00 2.231783e-10
9730.00 2.330424e-10
9740.00 2.329450e-10
9750.00 2.382791e-10
9760.00 2.485532e-10
9770.00 2.561848e-10
9780.00 2.735151e-10
9790.00 2.546175e-10
9800.00 2.502371e-10
9810.00 2.575269e-10
9820.00 2.804389e-10
9830.00 2.774565e-10
9840.00 2.792835e-10
9850.00 2.931388e-10
9860.00 2.971101e-10
9870.00 2.935531e-10
9880.00 2.722912e-10
9890.00 2.863122e-10
9900.00 2.891493e-10
9910.00 2.722017e-10
9920.00 2.774827e-10
9930.00 2.751963e-10
9940.00 2.480409e-10
9950.00 2.631761e-10
9960.00 2.658126e-10
9970.00 2.466921e-10
9980.00 2.367108e-10
9990.00 2.379420e-10
10000.00 2.490854e-10
10010.00 2.363219e-10
10020.00 2.372390e-10
10030.00 2.519357e-10
10040.00 2.363696e-10
10050.00 2.280028e-10
10060.00 2.270676e-10
10070.00 2.261381e-10
10080.00 2.252105e-10
10090.00 2.242851e-10
10100.00 2.233654e-10
10110.00 2.224476e-10
10120.00 2.215320e-10
10130.00 2.206219e-10
10140.00 2.197139e-10
10150.00 2.188080e-10
10160.00 2.179076e-10
10170.00 2.170091e-10
10180.00 2.161129e-10
10190.00 2.152219e-10
10200.00 2.143330e-10
10210.00 2.134463e-10
10220.00 2.125648e-10
10230.00 2.116853e-10
10240.00 2.108079e-10
10250.00 2.099359e-10
10260.00 2.090657e-10
10270.00 2.081977e-10
10280.00 2.073349e-10
10290.00 2.064741e-10
10300.00 2.056154e-10
10310.00 2.047618e-10
10320.00 2.039101e-10
10330.00 2.030605e-10
10340.00 2.022160e-10
10350.00 2.013734e-10
10360.00 2.005331e-10
10370.00 1.996976e-10
10380.00 1.988640e-10
10390.00 1.980325e-10
10400.00 1.972060e-10
10410.00 1.963814e-10
10420.00 1.955590e-10
10430.00 1.947413e-10
10440.00 1.939255e-10
10450.00 1.931120e-10
10460.00 1.923030e-10
10470.00 1.914960e-10
10480.00 1.906912e-10
10490.00 1.898910e-10
10500.00 1.890928e-10
10510.00 1.882968e-10
10520.00 1.875051e-10
10530.00 1.867155e-10
10540.00 1.859280e-10
10550.00 1.851450e-10
10560.00 1.843639e-10
10570.00 1.835850e-10
10580.00 1.828104e-10
10590.00 1.820377e-10
10600.00 1.812673e-10
10610.00 1.805012e-10
10620.00 1.797369e-10
10630.00 1.789748e-10
10640.00 1.782170e-10
10650.00 1.774611e-10
10660.00 1.767072e-10
10670.00 1.759577e-10
10680.00 1.752101e-10
10690.00 1.744645e-10
10700.00 1.737231e-10
10710.00 1.729835e-10
10720.00 1.722462e-10
10730.00 1.715130e-10
10740.00 1.707814e-10
10750.00 1.700521e-10
10760.00 1.693269e-10
10770.00 1.686034e-10
10780.00 1.678821e-10
10790.00 1.671649e-10
10800.00 1.664493e-10
10810.00 1.657359e-10
10820.00 1.650265e-10
10830.00 1.643189e-10
10840.00 1.636134e-10
10850.00 1.629118e-10
10860.00 1.622120e-10
10870.00 1.615143e-10
10880.00 1.608204e-10
10890.00 1.601283e-10
10900.00 1.594383e-10
10910.00 1.587521e-10
10920.00 1.580676e-10
10930.00 1.573853e-10
10940.00 1.567068e-10
10950.00 1.560299e-10
10960.00 1.553551e-10
10970.00 1.546840e-10
10980.00 1.540147e-10
10990.00 1.533476e-10
11000.00 1.526838e-10
11010.00 1.520219e-10
11020.00 1.513621e-10
11030.00 1.507060e-10
11040.00 1.500514e-10
11050.00 1.493990e-10
11060.00 1.487502e-10
11070.00 1.481028e-10
11080.00 1.474578e-10
11090.00 1.468161e-10
11100.00 1.461761e-10
11110.00 1.455382e-10
11120.00 1.449037e-10
11130.00 1.442710e-10
11140.00 1.436403e-10
11150.00 1.430129e-10
11160.00 1.423872e-10
11170.00 1.417636e-10
11180.00 1.411433e-10
11190.00 1.405247e-10
11200.00 1.399081e-10
11210.00 1.392948e-10
11220.00 1.386831e-10
11230.00 1.380735e-10
11240.00 1.374670e-10
11250.00 1.368623e-10
11260.00 1.362597e-10
11270.00 1.356601e-10
11280.00 1.350622e-10
11290.00 1.344663e-10
11300.00 1.338736e-10
11310.00 1.332824e-10
11320.00 1.326934e-10
11330.00 1.321073e-10
11340.00 1.315229e-10
11350.00 1.309406e-10
11360.00 1.303612e-10
11370.00 1.297834e-10
11380.00 1.292078e-10
11390.00 1.286349e-10
11400.00 1.280638e-10
11410.00 1.274947e-10
11420.00 1.269285e-10
11430.00 1.263638e-10
11440.00 1.258013e-10
11450.00 1.252415e-10
11460.00 1.246834e-10
11470.00 1.241272e-10
11480.00 1.235739e-10
11490.00 1.230221e-10
11500.00 1.224725e-10
11510.00 1.219256e-10
11520.00 1.213800e-10
11530.00 1.208366e-10
11540.00 1.202960e-10
11550.00 1.197568e-10
11560.00 1.192198e-10
11570.00 1.186853e-10
11580.00 1.181524e-10
11590.00 1.176215e-10
11600.00 1.170933e-10
11610.00 1.165666e-10
11620.00 1.160418e-10
11630.00 1.155197e-10
11640.00 1.149990e-10
11650.00 1.144804e-10
11660.00 1.139643e-10
11670.00 1.134498e-10
11680.00 1.129372e-10
11690.00 1.124271e-10
11700.00 1.119185e-10
11710.00 1.114119e-10
11720.00 1.109078e-10
11730.00 1.104050e-10
11740.00 1.099044e-10
11750.00 1.094062e-10
11760.00 1.089093e-10
11770.00 1.084146e-10
11780.00 1.079222e-10
11790.00 1.074312e-10
11800.00 1.069422e-10
11810.00 1.064556e-10
11820.00 1.059704e-10
11830.00 1.054871e-10
11840.00 1.050062e-10
11850.00 1.045266e-10
11860.00 1.040491e-10
11870.00 1.035738e-10
11880.00 1.031000e-10
11890.00 1.026280e-10
11900.00 1.021584e-10
11910.00 1.016901e-10
11920.00 1.012238e-10
11930.00 1.007597e-10
11940.00 1.002970e-10
11950.00 9.983620e-11
11960.00 9.937762e-11
11970.00 9.892034e-11
11980.00 9.846502e-11
11990.00 9.801189e-11
12000.00 9.756011e-11
12010.00 9.711018e-11
12020.00 9.666244e-11
12030.00 9.621597e-11
12040.00 9.577146e-11
12050.00 9.532904e-11
12060.00 9.488794e-11
12070.00 9.444871e-11
12080.00 9.401158e-11
12090.00 9.357575e-11
12100.00 9.314179e-11
12110.00 9.270989e-11
12120.00 9.227928e-11
12130.00 9.185052e-11
12140.00 9.142381e-11
12150.00 9.099837e-11
12160.00 9.057478e-11
12170.00 9.015319e-11
12180.00 8.973286e-11
12190.00 8.931438e-11
12200.00 8.889786e-11
12210.00 8.848261e-11
12220.00 8.806917e-11
12230.00 8.765769e-11
12240.00 8.724744e-11
12250.00 8.683901e-11
12260.00 8.643250e-11
12270.00 8.602723e-11
12280.00 8.562375e-11
12290.00 8.522216e-11
12300.00 8.482181e-11
12310.00 8.442323e-11
12320.00 8.402653e-11
12330.00 8.363104e-11
12340.00 8.323732e-11
12350.00 8.284543e-11
12360.00 8.245476e-11
12370.00 8.206584e-11
12380.00 8.167874e-11
12390.00 8.129283e-11
12400.00 8.090867e-11
12410.00 8.052630e-11
12420.00 8.014511e-11
12430.00 7.976566e-11
12440.00 7.938797e-11
12450.00 7.901145e-11
12460.00 7.863665e-11
12470.00 7.826359e-11
12480.00 7.789170e-11
12490.00 7.752152e-11
12500.00 7.715307e-11
12510.00 7.678576e-11
12520.00 7.642014e-11
12530.00 7.605621e-11
12540.00 7.569342e-11
12550.00 7.533232e-11
12560.00 7.497289e-11
12570.00 7.461458e-11
12580.00 7.425796e-11
12590.00 7.390296e-11
12600.00 7.354909e-11
12610.00 7.319689e-11
12620.00 7.284629e-11
12630.00 7.249681e-11
12640.00 7.214899e-11
12650.00 7.180276e-11
12660.00 7.145762e-11
12670.00 7.111413e-11
12680.00 7.077220e-11
12690.00 7.043137e-11
12700.00 7.009217e-11
12710.00 6.975451e-11
12720.00 6.941794e-11
12730.00 6.908298e-11
12740.00 6.874954e-11
12750.00 6.841717e-11
12760.00 6.808641e-11
12770.00 6.775714e-11
12780.00 6.742895e-11
12790.00 6.710234e-11
12800.00 6.677721e-11
12810.00 6.645314e-11
12820.00 6.613065e-11
12830.00 6.580960e-11
12840.00 6.548961e-11
12850.00 6.517118e-11
12860.00 6.485419e-11
12870.00 6.453823e-11
12880.00 6.422383e-11
12890.00 6.391084e-11
12900.00 6.359888e-11
12910.00 6.328846e-11
12920.00 6.297943e-11
12930.00 6.267142e-11
12940.00 6.236495e-11
12950.00 6.205984e-11
12960.00 6.175574e-11
12970.00 6.145315e-11
12980.00 6.115192e-11
12990.00 6.085170e-11
13000.00 6.055297e-11
13010.00 6.025558e-11
13020.00 5.995918e-11
13030.00 5.966426e-11
13040.00 5.937067e-11
13050.00 5.907805e-11
13060.00 5.878692e-11
13070.00 5.849707e-11
13080.00 5.820821e-11
13090.00 5.792081e-11
13100.00 5.763468e-11
13110.00 5.734951e-11
13120.00 5.706580e-11
13130.00 5.678335e-11
13140.00 5.650185e-11
13150.00 5.622181e-11
13160.00 5.594299e-11
13170.00 5.566511e-11
13180.00 5.538867e-11
13190.00 5.511345e-11
13200.00 5.483917e-11
13210.00 5.456631e-11
13220.00 5.429465e-11
13230.00 5.402391e-11
13240.00 5.375457e-11
13250.00 5.348644e-11
13260.00 5.321921e-11
13270.00 5.295339e-11
13280.00 5.268872e-11
13290.00 5.242496e-11
13300.00 5.216259e-11
13310.00 5.190137e-11
13320.00 5.164105e-11
13330.00 5.138210e-11
13340.00 5.112428e-11
13350.00 5.086736e-11
13360.00 5.061179e-11
13370.00 5.035734e-11
13380.00 5.010377e-11
13390.00 4.985156e-11
13400.00 4.960044e-11
13410.00 4.935019e-11
13420.00 4.910128e-11
13430.00 4.885346e-11
13440.00 4.860650e-11
13450.00 4.836086e-11
13460.00 4.811629e-11
13470.00 4.787258e-11
13480.00 4.763018e-11
13490.00 4.738884e-11
13500.00 4.714835e-11
13510.00 4.690915e-11
13520.00 4.667100e-11
13530.00 4.643368e-11
13540.00 4.619764e-11
13550.00 4.596263e-11
13560.00 4.572845e-11
13570.00 4.549555e-11
13580.00 4.526365e-11
13590.00 4.503257e-11
13600.00 4.480277e-11
13610.00 4.457395e-11
13620.00 4.434595e-11
13630.00 4.411920e-11
13640.00 4.389343e-11
13650.00 4.366846e-11
13660.00 4.344475e-11
13670.00 4.322198e-11
13680.00 4.300002e-11
13690.00 4.277930e-11
13700.00 4.255951e-11
13710.00 4.234052e-11
13720.00 4.212275e-11
13730.00 4.190591e-11
13740.00 4.168985e-11
13750.00 4.147500e-11
13760.00 4.126107e-11
13770.00 4.104792e-11
13780.00 4.083596e-11
13790.00 4.062491e-11
13800.00 4.041463e-11
13810.00 4.020553e-11
13820.00 3.999732e-11
13830.00 3.978987e-11
13840.00 3.958360e-11
13850.00 3.937820e-11
13860.00 3.917356e-11
13870.00 3.897008e-11
13880.00 3.876746e-11
13890.00 3.856560e-11
13900.00 3.836487e-11
13910.00 3.816501e-11
13920.00 3.796588e-11
13930.00 3.776788e-11
13940.00 3.757074e-11
13950.00 3.737432e-11
13960.00 3.717902e-11
13970.00 3.698456e-11
13980.00 3.679082e-11
13990.00 3.659819e-11
14000.00 3.640639e-11
14010.00 3.621529e-11
14020.00 3.602530e-11
14030.00 3.583611e-11
14040.00 3.564763e-11
14050.00 3.546024e-11
14060.00 3.527366e-11
14070.00 3.508776e-11
14080.00 3.490295e-11
14090.00 3.471892e-11
14100.00 3.453558e-11
14110.00 3.435331e-11
14120.00 3.417183e-11
14130.00 3.399101e-11
14140.00 3.381126e-11
14150.00 3.363226e-11
14160.00 3.345395e-11
14170.00 3.327669e-11
14180.00 3.310017e-11
14190.00 3.292432e-11
14200.00 3.274951e-11
14210.00 3.257544e-11
14220.00 3.240202e-11
14230.00 3.222964e-11
14240.00 3.205799e-11
14250.00 3.188698e-11
14260.00 3.171700e-11
14270.00 3.154773e-11
14280.00 3.137911e-11
14290.00 3.121150e-11
14300.00 3.104460e-11
14310.00 3.087832e-11
14320.00 3.071306e-11
14330.00 3.054848e-11
14340.00 3.038453e-11
14350.00 3.022159e-11
14360.00 3.005931e-11
14370.00 2.989766e-11
14380.00 2.973700e-11
14390.00 2.957699e-11
14400.00 2.941762e-11
14410.00 2.925921e-11
14420.00 2.910147e-11
14430.00 2.894433e-11
14440.00 2.878815e-11
14450.00 2.863263e-11
14460.00 2.847771e-11
14470.00 2.832375e-11
14480.00 2.817041e-11
14490.00 2.801768e-11
14500.00 2.786590e-11
14510.00 2.771475e-11
14520.00 2.756418e-11
14530.00 2.741454e-11
14540.00 2.726552e-11
14550.00 2.711709e-11
14560.00 2.696958e-11
14570.00 2.682268e-11
14580.00 2.667636e-11
14590.00 2.653095e-11
14600.00 2.638614e-11
14610.00 2.624191e-11
14620.00 2.609858e-11
14630.00 2.595584e-11
14640.00 2.581367e-11
14650.00 2.567238e-11
14660.00 2.553169e-11
14670.00 2.539154e-11
14680.00 2.525228e-11
14690.00 2.511360e-11
14700.00 2.497547e-11
14710.00 2.483821e-11
14720.00 2.470152e-11
14730.00 2.456537e-11
14740.00 2.443010e-11
14750.00 2.429537e-11
14760.00 2.416118e-11
14770.00 2.402785e-11
14780.00 2.389507e-11
14790.00 2.376282e-11
14800.00 2.363142e-11
14810.00 2.350056e-11
14820.00 2.337022e-11
14830.00 2.324072e-11
14840.00 2.311176e-11
14850.00 2.298331e-11
14860.00 2.285569e-11
14870.00 2.272860e-11
14880.00 2.260202e-11
14890.00 2.247626e-11
14900.00 2.235101e-11
14910.00 2.222628e-11
14920.00 2.210234e-11
14930.00 2.197892e-11
14940.00 2.185601e-11
14950.00 2.173389e-11
14960.00 2.161227e-11
14970.00 2.149115e-11
14980.00 2.137082e-11
14990.00 2.125098e-11
15000.00 2.113164e-11
15010.00 2.101307e-11
15020.00 2.089499e-11
15030.00 2.077741e-11
15040.00 2.066058e-11
15050.00 2.054423e-11
15060.00 2.042838e-11
15070.00 2.031328e-11
15080.00 2.019865e-11
15090.00 2.008450e-11
15100.00 1.997109e-11
15110.00 1.985815e-11
15120.00 1.974569e-11
15130.00 1.963396e-11
15140.00 1.952271e-11
15150.00 1.941191e-11
15160.00 1.930184e-11
15170.00 1.919222e-11
15180.00 1.908308e-11
15190.00 1.897464e-11
15200.00 1.886665e-11
15210.00 1.875913e-11
15220.00 1.865230e-11
15230.00 1.854592e-11
15240.00 1.844001e-11
15250.00 1.833478e-11
15260.00 1.822998e-11
15270.00 1.812565e-11
15280.00 1.802199e-11
15290.00 1.791877e-11
15300.00 1.781599e-11
15310.00 1.771390e-11
15320.00 1.761221e-11
15330.00 1.751098e-11
15340.00 1.741042e-11
15350.00 1.731026e-11
15360.00 1.721056e-11
15370.00 1.711149e-11
15380.00 1.701285e-11
15390.00 1.691465e-11
15400.00 1.681709e-11
15410.00 1.671994e-11
15420.00 1.662322e-11
15430.00 1.652712e-11
15440.00 1.643145e-11
15450.00 1.633619e-11
15460.00 1.624155e-11
15470.00 1.614732e-11
15480.00 1.605352e-11
15490.00 1.596031e-11
15500.00 1.586751e-11
15510.00 1.577513e-11
15520.00 1.568335e-11
15530.00 1.559195e-11
15540.00 1.550099e-11
15550.00 1.541060e-11
15560.00 1.532060e-11
15570.00 1.523102e-11
15580.00 1.514201e-11
15590.00 1.505339e-11
15600.00 1.496518e-11
15610.00 1.487754e-11
15620.00 1.479028e-11
15630.00 1.470342e-11
15640.00 1.461712e-11
15650.00 1.453120e-11
15660.00 1.444568e-11
15670.00 1.436071e-11
15680.00 1.427611e-11
15690.00 1.419190e-11
15700.00 1.410825e-11
15710.00 1.402495e-11
15720.00 1.394205e-11
15730.00 1.385967e-11
15740.00 1.377766e-11
15750.00 1.369604e-11
15760.00 1.361494e-11
15770.00 1.353421e-11
15780.00 1.345385e-11
15790.00 1.337401e-11
15800.00 1.329453e-11
15810.00 1.321542e-11
15820.00 1.313682e-11
15830.00 1.305857e-11
15840.00 1.298071e-11
15850.00 1.290334e-11
15860.00 1.282630e-11
15870.00 1.274965e-11
15880.00 1.267348e-11
15890.00 1.259766e-11
15900.00 1.252220e-11
15910.00 1.244723e-11
15920.00 1.237259e-11
15930.00 1.229832e-11
15940.00 1.222451e-11
15950.00 1.215105e-11
15960.00 1.207795e-11
15970.00 1.200531e-11
15980.00 1.193299e-11
15990.00 1.186104e-11
16000.00 1.178955e-11
16010.00 1.171837e-11
16020.00 1.164756e-11
16030.00 1.157719e-11
16040.00 1.150715e-11
16050.00 1.143745e-11
16060.00 1.136819e-11
16070.00 1.129926e-11
16080.00 1.123066e-11
16090.00 1.116252e-11
16100.00 1.109467e-11
16110.00 1.102716e-11
16120.00 1.096010e-11
16130.00 1.089333e-11
16140.00 1.082690e-11
16150.00 1.076090e-11
16160.00 1.069519e-11
16170.00 1.062983e-11
16180.00 1.056488e-11
16190.00 1.050023e-11
16200.00 1.043591e-11
16210.00 1.037200e-11
16220.00 1.030838e-11
16230.00 1.024510e-11
16240.00 1.018221e-11
16250.00 1.011962e-11
16260.00 1.005734e-11
16270.00 9.995470e-12
16280.00 9.933877e-12
16290.00 9.872611e-12
16300.00 9.811730e-12
16310.00 9.751136e-12
16320.00 9.690855e-12
16330.00 9.630961e-12
16340.00 9.571343e-12
16350.00 9.512041e-12
16360.00 9.453110e-12
16370.00 9.394458e-12
16380.00 9.336119e-12
16390.00 9.278147e-12
16400.00 9.220445e-12
16410.00 9.163052e-12
16420.00 9.106024e-12
16430.00 9.049260e-12
16440.00 8.992804e-12
16450.00 8.936702e-12
16460.00 8.880867e-12
16470.00 8.825330e-12
16480.00 8.770145e-12
16490.00 8.715225e-12
16500.00 8.660596e-12
16510.00 8.606314e-12
16520.00 8.552292e-12
16530.00 8.498558e-12
16540.00 8.445166e-12
16550.00 8.392030e-12
16560.00 8.339183e-12
16570.00 8.286666e-12
16580.00 8.234405e-12
16590.00 8.182425e-12
16600.00 8.130776e-12
16610.00 8.079376e-12
16620.00 8.028255e-12
16630.00 7.977461e-12
16640.00 7.926907e-12
16650.00 7.876635e-12
16660.00 7.826682e-12
16670.00 7.776963e-12
16680.00 7.727525e-12
16690.00 7.678400e-12
16700.00 7.629510e-12
16710.00 7.580894e-12
16720.00 7.532582e-12
16730.00 7.484507e-12
16740.00 7.436701e-12
16750.00 7.389196e-12
16760.00 7.341921e-12
16770.00 7.294914e-12
16780.00 7.248203e-12
16790.00 7.201719e-12
16800.00 7.155500e-12
16810.00 7.109568e-12
16820.00 7.063865e-12
16830.00 7.018419e-12
16840.00 6.973260e-12
16850.00 6.928323e-12
16860.00 6.883644e-12
16870.00 6.839244e-12
16880.00 6.795063e-12
16890.00 6.751136e-12
16900.00 6.707486e-12
16910.00 6.664051e-12
16920.00 6.620866e-12
16930.00 6.577954e-12
16940.00 6.535253e-12
16950.00 6.492800e-12
16960.00 6.450614e-12
16970.00 6.408637e-12
16980.00 6.366905e-12
16990.00 6.325436e-12
17000.00 6.284172e-12
17010.00 6.243151e-12
17020.00 6.202386e-12
17030.00 6.161826e-12
17040.00 6.121504e-12
17050.00 6.081436e-12
17060.00 6.041567e-12
17070.00 6.001936e-12
17080.00 5.962552e-12
17090.00 5.923366e-12
17100.00 5.884413e-12
17110.00 5.845705e-12
17120.00 5.807191e-12
17130.00 5.768907e-12
17140.00 5.730863e-12
17150.00 5.693013e-12
17160.00 5.655388e-12
17170.00 5.618000e-12
17180.00 5.580801e-12
17190.00 5.543826e-12
17200.00 5.507084e-12
17210.00 5.470527e-12
17220.00 5.434192e-12
17230.00 5.398085e-12
17240.00 5.362161e-12
17250.00 5.326456e-12
17260.00 5.290975e-12
17270.00 5.255676e-12
17280.00 5.220591e-12
17290.00 5.185728e-12
17300.00 5.151043e-12
17310.00 5.116571e-12
17320.00 5.082314e-12
17330.00 5.048234e-12
17340.00 5.014364e-12
17350.00 4.980706e-12
17360.00 4.947222e-12
17370.00 4.913944e-12
17380.00 4.880876e-12
17390.00 4.847978e-12
17400.00 4.815285e-12
17410.00 4.782797e-12
17420.00 4.750478e-12
17430.00 4.718360e-12
17440.00 4.686444e-12
17450.00 4.654694e-12
17460.00 4.623143e-12
17470.00 4.591790e-12
17480.00 4.560600e-12
17490.00 4.529607e-12
17500.00 4.498810e-12
17510.00 4.468173e-12
17520.00 4.437728e-12
17530.00 4.407476e-12
17540.00 4.377382e-12
17550.00 4.347479e-12
17560.00 4.317764e-12
17570.00 4.288205e-12
17580.00 4.258835e-12
17590.00 4.229650e-12
17600.00 4.200618e-12
17610.00 4.171772e-12
17620.00 4.143108e-12
17630.00 4.114595e-12
17640.00 4.086265e-12
17650.00 4.058114e-12
17660.00 4.030113e-12
17670.00 4.002291e-12
17680.00 3.974646e-12
17690.00 3.947147e-12
17700.00 3.919826e-12
17710.00 3.892677e-12
17720.00 3.865674e-12
17730.00 3.838847e-12
17740.00 3.812187e-12
17750.00 3.785671e-12
17760.00 3.759329e-12
17770.00 3.733152e-12
17780.00 3.707116e-12
17790.00 3.681251e-12
17800.00 3.655548e-12
17810.00 3.629984e-12
17820.00 3.604589e-12
17830.00 3.579354e-12
17840.00 3.554255e-12
17850.00 3.529323e-12
17860.00 3.504548e-12
17870.00 3.479907e-12
17880.00 3.455429e-12
17890.00 3.431106e-12
17900.00 3.406915e-12
17910.00 3.382886e-12
17920.00 3.359008e-12
17930.00 3.335262e-12
17940.00 3.311673e-12
17950.00 3.288234e-12
17960.00 3.264924e-12
17970.00 3.241770e-12
17980.00 3.218762e-12
17990.00 3.195880e-12
18000.00 3.173153e-12
18010.00 3.150570e-12
18020.00 3.128112e-12
18030.00 3.105805e-12
18040.00 3.083640e-12
18050.00 3.061598e-12
18060.00 3.039704e-12
18070.00 3.017950e-12
18080.00 2.996316e-12
18090.00 2.974830e-12
18100.00 2.953482e-12
18110.00 2.932250e-12
18120.00 2.911165e-12
18130.00 2.890213e-12
18140.00 2.869379e-12
18150.00 2.848688e-12
18160.00 2.828128e-12
18170.00 2.807683e-12
18180.00 2.787380e-12
18190.00 2.767205e-12
18200.00 2.747144e-12
18210.00 2.727221e-12
18220.00 2.707426e-12
18230.00 2.687742e-12
18240.00 2.668195e-12
18250.00 2.648772e-12
18260.00 2.629459e-12
18270.00 2.610282e-12
18280.00 2.591226e-12
18290.00 2.572279e-12
18300.00 2.553464e-12
18310.00 2.534769e-12
18320.00 2.516181e-12
18330.00 2.497724e-12
18340.00 2.479385e-12
18350.00 2.461149e-12
18360.00 2.443043e-12
18370.00 2.425053e-12
18380.00 2.407165e-12
18390.00 2.389405e-12
18400.00 2.371759e-12
18410.00 2.354213e-12
18420.00 2.336792e-12
18430.00 2.319483e-12
18440.00 2.302273e-12
18450.00 2.285187e-12
18460.00 2.268210e-12
18470.00 2.251332e-12
18480.00 2.234574e-12
18490.00 2.217924e-12
18500.00 2.201371e-12
18510.00 2.184937e-12
18520.00 2.168610e-12
18530.00 2.152375e-12
18540.00 2.136260e-12
18550.00 2.120247e-12
18560.00 2.104327e-12
18570.00 2.088524e-12
18580.00 2.072821e-12
18590.00 2.057212e-12
18600.00 2.041715e-12
18610.00 2.026319e-12
18620.00 2.011014e-12
18630.00 1.995820e-12
18640.00 1.980723e-12
18650.00 1.965716e-12
18660.00 1.950820e-12
18670.00 1.936019e-12
18680.00 1.921306e-12
18690.00 1.906702e-12
18700.00 1.892192e-12
18710.00 1.877767e-12
18720.00 1.863450e-12
18730.00 1.849226e-12
18740.00 1.835085e-12
18750.00 1.821051e-12
18760.00 1.807107e-12
18770.00 1.793246e-12
18780.00 1.779489e-12
18790.00 1.765821e-12
18800.00 1.752235e-12
18810.00 1.738751e-12
18820.00 1.725354e-12
18830.00 1.712037e-12
18840.00 1.698822e-12
18850.00 1.685691e-12
18860.00 1.672640e-12
18870.00 1.659687e-12
18880.00 1.646819e-12
18890.00 1.634028e-12
18900.00 1.621335e-12
18910.00 1.608725e-12
18920.00 1.596190e-12
18930.00 1.583753e-12
18940.00 1.571394e-12
18950.00 1.559113e-12
18960.00 1.546924e-12
18970.00 1.534815e-12
18980.00 1.522780e-12
18990.00 1.510838e-12
19000.00 1.498973e-12
19010.00 1.487181e-12
19020.00 1.475481e-12
19030.00 1.463856e-12
19040.00 1.452303e-12
19050.00 1.440841e-12
19060.00 1.429452e-12
19070.00 1.418135e-12
19080.00 1.406904e-12
19090.00 1.395748e-12
19100.00 1.384661e-12
19110.00 1.373661e-12
19120.00 1.362732e-12
19130.00 1.351871e-12
19140.00 1.341096e-12
19150.00 1.330391e-12
19160.00 1.319754e-12
19170.00 1.309200e-12
19180.00 1.298715e-12
19190.00 1.288296e-12
19200.00 1.277959e-12
19210.00 1.267690e-12
19220.00 1.257486e-12
19230.00 1.247363e-12
19240.00 1.237307e-12
19250.00 1.227313e-12
19260.00 1.217400e-12
19270.00 1.207552e-12
19280.00 1.197766e-12
19290.00 1.188059e-12
19300.00 1.178416e-12
19310.00 1.168834e-12
19320.00 1.159329e-12
19330.00 1.149887e-12
19340.00 1.140505e-12
19350.00 1.131199e-12
19360.00 1.121955e-12
19370.00 1.112770e-12
19380.00 1.103659e-12
19390.00 1.094609e-12
19400.00 1.085616e-12
19410.00 1.076696e-12
19420.00 1.067837e-12
19430.00 1.059033e-12
19440.00 1.050302e-12
19450.00 1.041630e-12
19460.00 1.033013e-12
19470.00 1.024467e-12
19480.00 1.015977e-12
19490.00 1.007543e-12
19500.00 9.991788e-13
19510.00 9.908702e-13
19520.00 9.826153e-13
19530.00 9.744289e-13
19540.00 9.662971e-13
19550.00 9.582185e-13
19560.00 9.502070e-13
19570.00 9.422491e-13
19580.00 9.343434e-13
19590.00 9.265035e-13
19600.00 9.187162e-13
19610.00 9.109807e-13
19620.00 9.033093e-13
19630.00 8.956898e-13
19640.00 8.881206e-13
19650.00 8.806150e-13
19660.00 8.731599e-13
19670.00 8.657541e-13
19680.00 8.584109e-13
19690.00 8.511173e-13
19700.00 8.438722e-13
19710.00 8.366884e-13
19720.00 8.295534e-13
19730.00 8.224658e-13
19740.00 8.154386e-13
19750.00 8.084591e-13
19760.00 8.015261e-13
19770.00 7.946525e-13
19780.00 7.878255e-13
19790.00 7.810444e-13
19800.00 7.743214e-13
19810.00 7.676444e-13
19820.00 7.610123e-13
19830.00 7.544373e-13
19840.00 7.479073e-13
19850.00 7.414214e-13
19860.00 7.349914e-13
19870.00 7.286056e-13
19880.00 7.222630e-13
19890.00 7.159757e-13
19900.00 7.097314e-13
19910.00 7.035297e-13
19920.00 6.973816e-13
19930.00 6.912763e-13
19940.00 6.852127e-13
19950.00 6.792020e-13
19960.00 6.732327e-13
19970.00 6.673046e-13
19980.00 6.614285e-13
19990.00 6.555929e-13
20000.00 6.497977e-13
20010.00 6.440535e-13
20020.00 6.383488e-13
20030.00 6.326841e-13
20040.00 6.270693e-13
20050.00 6.214932e-13
20060.00 6.159565e-13
20070.00 6.104685e-13
20080.00 6.050186e-13
20090.00 5.996072e-13
20100.00 5.942436e-13
20110.00 5.889177e-13
20120.00 5.836291e-13
20130.00 5.783875e-13
20140.00 5.731830e-13
20150.00 5.680152e-13
20160.00 5.628933e-13
20170.00 5.578078e-13
20180.00 5.527582e-13
20190.00 5.477539e-13
20200.00 5.427848e-13
20210.00 5.378514e-13
20220.00 5.329621e-13
20230.00 5.281075e-13
20240.00 5.232879e-13
20250.00 5.185115e-13
20260.00 5.137691e-13
20270.00 5.090611e-13
20280.00 5.043952e-13
20290.00 4.997627e-13
20300.00 4.951642e-13
20310.00 4.906066e-13
20320.00 4.860821e-13
20330.00 4.815908e-13
20340.00 4.771397e-13
20350.00 4.727208e-13
20360.00 4.683346e-13
20370.00 4.639878e-13
20380.00 4.596724e-13
20390.00 4.553893e-13
20400.00 4.511447e-13
20410.00 4.469308e-13
20420.00 4.427488e-13
20430.00 4.386041e-13
20440.00 4.344900e-13
20450.00 4.304066e-13
20460.00 4.263604e-13
20470.00 4.223437e-13
20480.00 4.183574e-13
20490.00 4.144072e-13
20500.00 4.104864e-13
20510.00 4.065952e-13
20520.00 4.027394e-13
20530.00 3.989121e-13
20540.00 3.951140e-13
20550.00 3.913505e-13
20560.00 3.876149e-13
20570.00 3.839081e-13
20580.00 3.802351e-13
20590.00 3.765895e-13
20600.00 3.729721e-13
20610.00 3.693878e-13
20620.00 3.658304e-13
20630.00 3.623005e-13
20640.00 3.588031e-13
20650.00 3.553320e-13
20660.00 3.518880e-13
20670.00 3.484756e-13
20680.00 3.450891e-13
20690.00 3.417291e-13
20700.00 3.384000e-13
20710.00 3.350964e-13
20720.00 3.318188e-13
20730.00 3.285713e-13
20740.00 3.253488e-13
20750.00 3.221518e-13
20760.00 3.189845e-13
20770.00 3.158413e-13
20780.00 3.127234e-13
20790.00 3.096342e-13
20800.00 3.065690e-13
20810.00 3.035283e-13
20820.00 3.005158e-13
20830.00 2.975268e-13
20840.00 2.945619e-13
20850.00 2.916245e-13
20860.00 2.887100e-13
20870.00 2.858192e-13
20880.00 2.829554e-13
20890.00 2.801140e-13
20900.00 2.772958e-13
20910.00 2.745040e-13
20920.00 2.717340e-13
20930.00 2.689870e-13
20940.00 2.662656e-13
20950.00 2.635657e-13
20960.00 2.608882e-13
20970.00 2.582358e-13
20980.00 2.556044e-13
20990.00 2.529949e-13
21000.00 2.504101e-13
21010.00 2.478458e-13
21020.00 2.453031e-13
21030.00 2.427843e-13
21040.00 2.402856e-13
21050.00 2.378080e-13
21060.00 2.353540e-13
21070.00 2.329196e-13
21080.00 2.305059e-13
21090.00 2.281151e-13
21100.00 2.257435e-13
21110.00 2.233922e-13
21120.00 2.210634e-13
21130.00 2.187534e-13
21140.00 2.164633e-13
21150.00 2.141949e-13
21160.00 2.119452e-13
21170.00 2.097147e-13
21180.00 2.075058e-13
21190.00 2.053149e-13
21200.00 2.031430e-13
21210.00 2.009919e-13
21220.00 1.988587e-13
21230.00 1.967440e-13
21240.00 1.946497e-13
21250.00 1.925728e-13
21260.00 1.905140e-13
21270.00 1.884753e-13
21280.00 1.864535e-13
21290.00 1.844495e-13
21300.00 1.824650e-13
21310.00 1.804970e-13
21320.00 1.785466e-13
21330.00 1.766151e-13
21340.00 1.746999e-13
21350.00 1.728019e-13
21360.00 1.709223e-13
21370.00 1.690586e-13
21380.00 1.672117e-13
21390.00 1.653829e-13
21400.00 1.635695e-13
21410.00 1.617727e-13
21420.00 1.599934e-13
21430.00 1.582294e-13
21440.00 1.564814e-13
21450.00 1.547507e-13
21460.00 1.530349e-13
21470.00 1.513347e-13
21480.00 1.496514e-13
21490.00 1.479826e-13
21500.00 1.463292e-13
21510.00 1.446922e-13
21520.00 1.430695e-13
21530.00 1.414617e-13
21540.00 1.398701e-13
21550.00 1.382923e-13
21560.00 1.367291e-13
21570.00 1.351817e-13
21580.00 1.336478e-13
21590.00 1.321284e-13
21600.00 1.306241e-13
21610.00 1.291331e-13
21620.00 1.276563e-13
21630.00 1.261943e-13
21640.00 1.247454e-13
21650.00 1.233101e-13
21660.00 1.218894e-13
21670.00 1.204814e-13
21680.00 1.190868e-13
21690.00 1.177065e-13
21700.00 1.163384e-13
21710.00 1.149836e-13
21720.00 1.136426e-13
21730.00 1.123136e-13
21740.00 1.109976e-13
21750.00 1.096951e-13
21760.00 1.084044e-13
21770.00 1.071262e-13
21780.00 1.058612e-13
21790.00 1.046078e-13
21800.00 1.033666e-13
21810.00 1.021383e-13
21820.00 1.009212e-13
21830.00 9.971620e-14
21840.00 9.852364e-14
21850.00 9.734215e-14
21860.00 9.617239e-14
21870.00 9.501480e-14
21880.00 9.386799e-14
21890.00 9.273264e-14
21900.00 9.160916e-14
21910.00 9.049621e-14
21920.00 8.939447e-14
21930.00 8.830428e-14
21940.00 8.722438e-14
21950.00 8.615543e-14
21960.00 8.509774e-14
21970.00 8.405009e-14
21980.00 8.301312e-14
21990.00 8.198714e-14
22000.00 8.097095e-14
22010.00 7.996521e-14
22020.00 7.897014e-14
22030.00 7.798468e-14
22040.00 7.700938e-14
22050.00 7.604451e-14
22060.00 7.508897e-14
22070.00 7.414339e-14
22080.00 7.320796e-14
22090.00 7.228164e-14
22100.00 7.136504e-14
22110.00 7.045831e-14
22120.00 6.956048e-14
22130.00 6.867212e-14
22140.00 6.779341e-14
22150.00 6.692336e-14
22160.00 6.606258e-14
22170.00 6.521115e-14
22180.00 6.436820e-14
22190.00 6.353426e-14
22200.00 6.270946e-14
22210.00 6.189291e-14
22220.00 6.108518e-14
22230.00 6.028632e-14
22240.00 5.949552e-14
22250.00 5.871329e-14
22260.00 5.793975e-14
22270.00 5.717404e-14
22280.00 5.641670e-14
22290.00 5.566778e-14
22300.00 5.492653e-14
22310.00 5.419344e-14
22320.00 5.346855e-14
22330.00 5.275112e-14
22340.00 5.204165e-14
22350.00 5.134016e-14
22360.00 5.064594e-14
22370.00 4.995951e-14
22380.00 4.928080e-14
22390.00 4.860920e-14
22400.00 4.794517e-14
22410.00 4.728868e-14
22420.00 4.663911e-14
22430.00 4.599690e-14
22440.00 4.536205e-14
22450.00 4.473391e-14
22460.00 4.411298e-14
22470.00 4.349918e-14
22480.00 4.289194e-14
22490.00 4.229169e-14
22500.00 4.169840e-14
22510.00 4.111150e-14
22520.00 4.053141e-14
22530.00 3.995808e-14
22540.00 3.939096e-14
22550.00 3.883048e-14
22560.00 3.827657e-14
22570.00 3.772871e-14
22580.00 3.718733e-14
22590.00 3.665233e-14
22600.00 3.612321e-14
22610.00 3.560040e-14
22620.00 3.508380e-14
22630.00 3.457293e-14
22640.00 3.406818e-14
22650.00 3.356948e-14
22660.00 3.307635e-14
22670.00 3.258917e-14
22680.00 3.210789e-14
22690.00 3.163202e-14
22700.00 3.116194e-14
22710.00 3.069757e-14
22720.00 3.023848e-14
22730.00 2.978503e-14
22740.00 2.933712e-14
22750.00 2.889434e-14
22760.00 2.845706e-14
22770.00 2.802515e-14
22780.00 2.759824e-14
22790.00 2.717667e-14
22800.00 2.676031e-14
22810.00 2.634881e-14
22820.00 2.594252e-14
22830.00 2.554128e-14
22840.00 2.514476e-14
22850.00 2.475330e-14
22860.00 2.436675e-14
22870.00 2.398479e-14
22880.00 2.360775e-14
22890.00 2.323547e-14
22900.00 2.286764e-14
22910.00 2.250460e-14
22920.00 2.214618e-14
22930.00 2.179210e-14
22940.00 2.144265e-14
22950.00 2.109768e-14
22960.00 2.075693e-14
22970.00 2.042069e-14
22980.00 2.008879e-14
22990.00 1.976099e-14
23000.00 1.943755e-14
23010.00 1.911835e-14
23020.00 1.880311e-14
23030.00 1.849211e-14
23040.00 1.818522e-14
23050.00 1.788217e-14
23060.00 1.758325e-14
23070.00 1.728829e-14
23080.00 1.699708e-14
23090.00 1.670987e-14
23100.00 1.642649e-14
23110.00 1.614676e-14
23120.00 1.587090e-14
23130.00 1.559877e-14
23140.00 1.533016e-14
23150.00 1.506532e-14
23160.00 1.480408e-14
23170.00 1.454626e-14
23180.00 1.429209e-14
23190.00 1.404142e-14
23200.00 1.379407e-14
23210.00 1.355024e-14
23220.00 1.330980e-14
23230.00 1.307258e-14
23240.00 1.283878e-14
23250.00 1.260827e-14
23260.00 1.238086e-14
23270.00 1.215678e-14
23280.00 1.193586e-14
23290.00 1.171798e-14
23300.00 1.150329e-14
23310.00 1.129169e-14
23320.00 1.108301e-14
23330.00 1.087744e-14
23340.00 1.067484e-14
23350.00 1.047508e-14
23360.00 1.027832e-14
23370.00 1.008444e-14
23380.00 9.893302e-15
23390.00 9.705081e-15
23400.00 9.519636e-15
23410.00 9.336847e-15
23420.00 9.156879e-15
23430.00 8.979595e-15
23440.00 8.804881e-15
23450.00 8.632895e-15
23460.00 8.463504e-15
23470.00 8.296597e-15
23480.00 8.132329e-15
23490.00 7.970567e-15
23500.00 7.811207e-15
23510.00 7.654401e-15
23520.00 7.500013e-15
23530.00 7.347947e-15
23540.00 7.198345e-15
23550.00 7.051080e-15
23560.00 6.906060e-15
23570.00 6.763418e-15
23580.00 6.623034e-15
23590.00 6.484818e-15
23600.00 6.348899e-15
23610.00 6.215156e-15
23620.00 6.083507e-15
23630.00 5.954077e-15
23640.00 5.826745e-15
23650.00 5.701435e-15
23660.00 5.578264e-15
23670.00 5.457118e-15
23680.00 5.337922e-15
23690.00 5.220789e-15
23700.00 5.105607e-15
23710.00 4.992308e-15
23720.00 4.880996e-15
23730.00 4.771565e-15
23740.00 4.663948e-15
23750.00 4.558247e-15
23760.00 4.454356e-15
23770.00 4.352215e-15
23780.00 4.251919e-15
23790.00 4.153366e-15
23800.00 4.056499e-15
23810.00 3.961407e-15
23820.00 3.867992e-15
23830.00 3.776201e-15
23840.00 3.686120e-15
23850.00 3.597650e-15
23860.00 3.510745e-15
23870.00 3.425481e-15
23880.00 3.341769e-15
23890.00 3.259561e-15
23900.00 3.178933e-15
23910.00 3.099795e-15
23920.00 3.022103e-15
23930.00 2.945929e-15
23940.00 2.871187e-15
23950.00 2.797834e-15
23960.00 2.725938e-15
23970.00 2.655417e-15
23980.00 2.586232e-15
23990.00 2.518445e-15
24000.00 2.451976e-15
24010.00 2.386789e-15
24020.00 2.322944e-15
24030.00 2.260364e-15
24040.00 2.199014e-15
24050.00 2.138949e-15
24060.00 2.080096e-15
24070.00 2.022423e-15
24080.00 1.965982e-15
24090.00 1.910701e-15
24100.00 1.856552e-15
24110.00 1.803580e-15
24120.00 1.751721e-15
24130.00 1.700944e-15
24140.00 1.651294e-15
24150.00 1.602708e-15
24160.00 1.555159e-15
24170.00 1.508686e-15
24180.00 1.463231e-15
24190.00 1.418767e-15
24200.00 1.375331e-15
24210.00 1.332867e-15
24220.00 1.291350e-15
24230.00 1.250815e-15
24240.00 1.211206e-15
24250.00 1.172503e-15
24260.00 1.134736e-15
24270.00 1.097853e-15
24280.00 1.061832e-15
24290.00 1.026703e-15
24300.00 9.924172e-16
24310.00 9.589544e-16
24320.00 9.263397e-16
24330.00 8.945274e-16
24340.00 8.634984e-16
24350.00 8.332763e-16
24360.00 8.038172e-16
24370.00 7.751036e-16
24380.00 7.471562e-16
24390.00 7.199334e-16
24400.00 6.934195e-16
24410.00 6.676325e-16
24420.00 6.425333e-16
24430.00 6.181068e-16
24440.00 5.943690e-16
24450.00 5.712834e-16
24460.00 5.488356e-16
24470.00 5.270395e-16
24480.00 5.058609e-16
24490.00 4.852863e-16
24500.00 4.653278e-16
24510.00 4.459530e-16
24520.00 4.271493e-16
24530.00 4.089268e-16
24540.00 3.912558e-16
24550.00 3.741238e-16
24560.00 3.575396e-16
24570.00 3.414752e-16
24580.00 3.259191e-16
24590.00 3.108781e-16
24600.00 2.963264e-16
24610.00 2.822530e-16
24620.00 2.686633e-16
24630.00 2.555333e-16
24640.00 2.428525e-16
24650.00 2.306250e-16
24660.00 2.188285e-16
24670.00 2.074531e-16
24680.00 1.965017e-16
24690.00 1.859535e-16
24700.00 1.757992e-16
24710.00 1.660402e-16
24720.00 1.566579e-16
24730.00 1.476428e-16
24740.00 1.389958e-16
24750.00 1.306994e-16
24760.00 1.227448e-16
24770.00 1.151318e-16
24780.00 1.078441e-16
24790.00 1.008736e-16
24800.00 9.421892e-17
24810.00 8.786544e-17
24820.00 8.180522e-17
24830.00 7.603616e-17
24840.00 7.054482e-17
24850.00 6.532362e-17
24860.00 6.036976e-17
24870.00 5.567097e-17
24880.00 5.121996e-17
24890.00 4.701331e-17
24900.00 4.303988e-17
24910.00 3.929264e-17
24920.00 3.576764e-17
24930.00 3.245472e-17
24940.00 2.934713e-17
24950.00 2.644049e-17
24960.00 2.372555e-17
24970.00 2.119580e-17
24980.00 1.884650e-17
24990.00 1.666924e-17
25000.00 1.465772e-17
