1000.00 1.357993e-19
1010.00 3.370563e-19
1020.00 6.238632e-19
1030.00 1.009477e-18
1040.00 1.535981e-18
1050.00 2.209726e-18
1060.00 3.055169e-18
1070.00 4.155441e-18
1080.00 5.503557e-18
1090.00 7.146311e-18
1100.00 9.227532e-18
1110.00 1.171545e-17
1120.00 1.469961e-17
1130.00 1.840794e-17
1140.00 2.276758e-17
1150.00 2.794632e-17
1160.00 3.428108e-17
1170.00 4.163570e-17
1180.00 5.031592e-17
1190.00 6.078843e-17
1200.00 7.282549e-17
1210.00 8.696715e-17
1220.00 1.038177e-16
1230.00 1.230236e-16
1240.00 1.455106e-16
1250.00 1.720342e-16
1260.00 2.021130e-16
1270.00 2.374084e-16
1280.00 2.788411e-16
1290.00 3.256609e-16
1300.00 3.806710e-16
1310.00 4.447155e-16
1320.00 5.167646e-16
1330.00 6.014649e-16
1340.00 6.992856e-16
1350.00 8.088829e-16
1360.00 9.378161e-16
1370.00 1.085563e-15
1380.00 1.250474e-15
1390.00 1.444639e-15
1400.00 1.665460e-15
1410.00 1.911067e-15
1420.00 2.200513e-15
1430.00 2.527290e-15
1440.00 2.889559e-15
1450.00 3.316912e-15
1460.00 3.795980e-15
1470.00 4.325472e-15
1480.00 4.950756e-15
1490.00 5.646944e-15
1500.00 6.414231e-15
1510.00 7.321361e-15
1520.00 8.324762e-15
1530.00 9.432507e-15
1540.00 1.073332e-14
1550.00 1.216842e-14
1560.00 1.375560e-14
1570.00 1.560736e-14
1580.00 1.764537e-14
1590.00 1.990367e-14
1600.00 2.252214e-14
1610.00 2.539763e-14
1620.00 2.859046e-14
1630.00 3.227082e-14
1640.00 3.630442e-14
1650.00 4.079306e-14
1660.00 4.593855e-14
1670.00 5.156804e-14
1680.00 5.784786e-14
1690.00 6.500953e-14
1700.00 7.283274e-14
1710.00 8.158256e-14
1720.00 9.151259e-14
1730.00 1.023465e-13
1740.00 1.145011e-13
1750.00 1.282373e-13
1760.00 1.432112e-13
1770.00 1.600716e-13
1780.00 1.790551e-13
1790.00 1.997381e-13
1800.00 2.231257e-13
1810.00 2.493726e-13
1820.00 2.779644e-13
1830.00 3.104552e-13
1840.00 3.468158e-13
1850.00 3.864322e-13
1860.00 4.317104e-13
1870.00 4.822580e-13
1880.00 5.373604e-13
1890.00 6.007522e-13
1900.00 6.713631e-13
1910.00 7.483938e-13
1920.00 8.376506e-13
1930.00 9.368381e-13
1940.00 1.045125e-12
1950.00 1.171509e-12
1960.00 1.311531e-12
1970.00 1.464457e-12
1980.00 1.644039e-12
1990.00 1.842118e-12
2000.00 2.058327e-12
2010.00 2.313004e-12
2020.00 2.592027e-12
2030.00 2.897258e-12
2040.00 3.252882e-12
2050.00 3.640222e-12
2060.00 4.063383e-12
2070.00 4.547832e-12
2080.00 5.070493e-12
2090.00 5.637966e-12
2100.00 6.272344e-12
2110.00 6.948234e-12
2120.00 7.673840e-12
2130.00 8.463390e-12
2140.00 9.293272e-12
2150.00 1.017144e-11
2160.00 1.110372e-11
2170.00 1.207227e-11
2180.00 1.308362e-11
2190.00 1.413962e-11
2200.00 1.522899e-11
2210.00 1.635804e-11
2220.00 1.753013e-11
2230.00 1.873760e-11
2240.00 1.999005e-11
2250.00 2.129423e-11
2260.00 2.264205e-11
2270.00 2.405048e-11
2280.00 2.552750e-11
2290.00 2.706174e-11
2300.00 2.868137e-11
2310.00 3.039105e-11
2320.00 3.217554e-11
2330.00 3.407749e-11
2340.00 3.609331e-11
2350.00 3.820461e-11
2360.00 4.047187e-11
2370.00 4.287837e-11
2380.00 4.540404e-11
2390.00 4.813108e-11
2400.00 5.102439e-11
2410.00 5.406390e-11
2420.00 5.735847e-11
2430.00 6.084850e-11
2440.00 6.451593e-11
2450.00 6.850240e-11
2460.00 7.271624e-11
2470.00 7.714375e-11
2480.00 8.196714e-11
2490.00 9.361410e-11
2500.00 1.118477e-10
2510.00 1.331427e-10
2520.00 1.412151e-10
2530.00 1.496078e-10
2540.00 1.492185e-10
2550.00 1.389054e-10
2560.00 1.475382e-10
2570.00 1.587293e-10
2580.00 1.460779e-10
2590.00 1.373482e-10
2600.00 1.422026e-10
2610.00 1.489209e-10
2620.00 1.630530e-10
2630.00 1.564570e-10
2640.00 1.504873e-10
2650.00 1.707866e-10
2660.00 2.087943e-10
2670.00 2.088003e-10
2680.00 2.146670e-10
2690.00 2.502450e-10
2700.00 2.720466e-10
2710.00 2.920666e-10
2720.00 3.231572e-10
2730.00 3.509648e-10
2740.00 3.766898e-10
2750.00 4.033398e-10
2760.00 4.029450e-10
2770.00 3.835937e-10
2780.00 3.848122e-10
2790.00 4.253572e-10
2800.00 4.534184e-10
2810.00 4.632710e-10
2820.00 5.451433e-10
2830.00 6.365900e-10
2840.00 6.957628e-10
2850.00 7.527563e-10
2860.00 7.776311e-10
2870.00 8.501724e-10
2880.00 9.470201e-10
2890.00 1.072091e-09
2900.00 1.153484e-09
2910.00 1.265348e-09
2920.00 1.360611e-09
2930.00 1.399202e-09
2940.00 1.455521e-09
2950.00 1.513563e-09
2960.00 1.531656e-09
2970.00 1.542052e-09
2980.00 1.584141e-09
2990.00 1.556992e-09
3000.00 1.496368e-09
3010.00 1.458489e-09
3020.00 1.434379e-09
3030.00 1.455151e-09
3040.00 1.529030e-09
3050.00 1.567748e-09
3060.00 1.442431e-09
3070.00 1.440068e-09
3080.00 1.633607e-09
3090.00 1.745325e-09
3100.00 1.702773e-09
3110.00 1.694102e-09
3120.00 1.819658e-09
3130.00 1.948930e-09
3140.00 2.143114e-09
3150.00 2.250839e-09
3160.00 2.257489e-09
3170.00 2.465983e-09
3180.00 2.624161e-09
3190.00 2.541773e-09
3200.00 2.426625e-09
3210.00 2.378749e-09
3220.00 2.217151e-09
3230.00 2.340476e-09
3240.00 2.560891e-09
3250.00 2.572194e-09
3260.00 2.524315e-09
3270.00 2.610245e-09
3280.00 2.876609e-09
3290.00 2.980141e-09
3300.00 2.999497e-09
3310.00 3.045270e-09
3320.00 2.907439e-09
3330.00 3.121098e-09
3340.00 3.603642e-09
3350.00 3.467258e-09
3360.00 3.501761e-09
3370.00 3.678883e-09
3380.00 3.614018e-09
3390.00 3.640161e-09
3400.00 3.933916e-09
3410.00 3.967985e-09
3420.00 4.072282e-09
3430.00 4.255419e-09
3440.00 4.539220e-09
3450.00 4.999511e-09
3460.00 5.414883e-09
3470.00 5.814000e-09
3480.00 5.705513e-09
3490.00 5.475838e-09
3500.00 5.846849e-09
3510.00 6.017433e-09
3520.00 6.230326e-09
3530.00 6.116855e-09
3540.00 6.149195e-09
3550.00 6.158146e-09
3560.00 6.085881e-09
3570.00 6.213957e-09
3580.00 6.408875e-09
3590.00 6.612735e-09
3600.00 6.947986e-09
3610.00 7.200093e-09
3620.00 7.351307e-09
3630.00 7.583704e-09
3640.00 7.768285e-09
3650.00 7.771984e-09
3660.00 7.396851e-09
3670.00 7.219998e-09
3680.00 6.931089e-09
3690.00 6.466983e-09
3700.00 6.313968e-09
3710.00 6.317245e-09
3720.00 6.323276e-09
3730.00 6.248121e-09
3740.00 6.220976e-09
3750.00 6.140745e-09
3760.00 6.229776e-09
3770.00 6.617517e-09
3780.00 6.984014e-09
3790.00 7.064823e-09
3800.00 7.023859e-09
3810.00 6.887215e-09
3820.00 6.715394e-09
3830.00 6.489836e-09
3840.00 6.515721e-09
3850.00 6.526920e-09
3860.00 6.503805e-09
3870.00 6.585830e-09
3880.00 6.859277e-09
3890.00 6.872069e-09
3900.00 6.832605e-09
3910.00 6.827297e-09
3920.00 6.895410e-09
3930.00 7.009271e-09
3940.00 7.191814e-09
3950.00 7.522358e-09
3960.00 7.613326e-09
3970.00 7.746598e-09
3980.00 8.030006e-09
3990.00 7.986136e-09
4000.00 7.880216e-09
4010.00 7.881284e-09
4020.00 7.851373e-09
4030.00 7.936671e-09
4040.00 8.046931e-09
4050.00 8.204894e-09
4060.00 8.181210e-09
4070.00 8.245648e-09
4080.00 8.264120e-09
4090.00 8.267417e-09
4100.00 8.128359e-09
4110.00 8.057153e-09
4120.00 7.868659e-09
4130.00 7.640669e-09
4140.00 7.416999e-09
4150.00 7.272161e-09
4160.00 7.232838e-09
4170.00 7.057830e-09
4180.00 6.919577e-09
4190.00 6.793702e-09
4200.00 6.618468e-09
4210.00 6.359836e-09
4220.00 5.972412e-09
4230.00 5.563960e-09
4240.00 5.362520e-09
4250.00 5.104126e-09
4260.00 4.865997e-09
4270.00 4.658265e-09
4280.00 4.511681e-09
4290.00 4.323401e-09
4300.00 4.176036e-09
4310.00 4.143198e-09
4320.00 4.339037e-09
4330.00 4.681959e-09
4340.00 4.990798e-09
4350.00 5.144459e-09
4360.00 5.428514e-09
4370.00 5.904668e-09
4380.00 6.274659e-09
4390.00 6.537150e-09
4400.00 6.674039e-09
4410.00 6.677498e-09
4420.00 6.412557e-09
4430.00 6.006216e-09
4440.00 5.715149e-09
4450.00 5.593841e-09
4460.00 5.584460e-09
4470.00 5.846066e-09
4480.00 6.098786e-09
4490.00 6.229122e-09
4500.00 6.382131e-09
4510.00 6.417007e-09
4520.00 6.380934e-09
4530.00 6.357304e-09
4540.00 6.290473e-09
4550.00 6.192570e-09
4560.00 6.230773e-09
4570.00 6.312901e-09
4580.00 6.342320e-09
4590.00 6.346583e-09
4600.00 6.368787e-09
4610.00 6.415347e-09
4620.00 6.427943e-09
4630.00 6.367008e-09
4640.00 6.272496e-09
4650.00 6.133650e-09
4660.00 6.062522e-09
4670.00 5.806686e-09
4680.00 5.490908e-09
4690.00 5.319266e-09
4700.00 5.243701e-09
4710.00 5.168456e-09
4720.00 5.165375e-09
4730.00 5.103497e-09
4740.00 4.999469e-09
4750.00 4.900929e-09
4760.00 4.840276e-09
4770.00 4.807503e-09
4780.00 4.778276e-09
4790.00 4.786657e-09
4800.00 4.781493e-09
4810.00 4.878811e-09
4820.00 4.925616e-09
4830.00 5.013546e-09
4840.00 5.051799e-09
4850.00 5.033824e-09
4860.00 4.872772e-09
4870.00 4.666561e-09
4880.00 4.487878e-09
4890.00 4.313505e-09
4900.00 4.101857e-09
4910.00 3.951284e-09
4920.00 3.685198e-09
4930.00 3.466895e-09
4940.00 3.319921e-09
4950.00 3.241611e-09
4960.00 3.182397e-09
4970.00 3.105176e-09
4980.00 3.006626e-09
4990.00 2.935451e-09
5000.00 2.964098e-09
5010.00 2.969152e-09
5020.00 3.057878e-09
5030.00 3.224017e-09
5040.00 3.412196e-09
5050.00 3.563340e-09
5060.00 3.698228e-09
5070.00 3.837217e-09
5080.00 3.905566e-09
5090.00 4.000044e-09
5100.00 4.128472e-09
5110.00 4.253598e-09
5120.00 4.373225e-09
5130.00 4.424356e-09
5140.00 4.478389e-09
5150.00 4.518982e-09
5160.00 4.529400e-09
5170.00 4.512183e-09
5180.00 4.532395e-09
5190.00 4.539425e-09
5200.00 4.549341e-09
5210.00 4.522509e-09
5220.00 4.524610e-09
5230.00 4.499095e-09
5240.00 4.469257e-09
5250.00 4.440021e-09
5260.00 4.382107e-09
5270.00 4.249629e-09
5280.00 4.104124e-09
5290.00 3.945960e-09
5300.00 3.813484e-09
5310.00 3.712041e-09
5320.00 3.615158e-09
5330.00 3.542731e-09
5340.00 3.496267e-09
5350.00 3.507915e-09
5360.00 3.537247e-09
5370.00 3.606723e-09
5380.00 3.630353e-09
5390.00 3.584112e-09
5400.00 3.590869e-09
5410.00 3.617836e-09
5420.00 3.627506e-09
5430.00 3.609260e-09
5440.00 3.584621e-09
5450.00 3.603719e-09
5460.00 3.568256e-09
5470.00 3.538764e-09
5480.00 3.460673e-09
5490.00 3.430089e-09
5500.00 3.407995e-09
5510.00 3.409245e-09
5520.00 3.454803e-09
5530.00 3.482041e-09
5540.00 3.475521e-09
5550.00 3.471238e-09
5560.00 3.514635e-09
5570.00 3.404686e-09
5580.00 3.316313e-09
5590.00 3.276796e-09
5600.00 3.262247e-09
5610.00 3.335945e-09
5620.00 3.355679e-09
5630.00 3.364721e-09
5640.00 3.326141e-09
5650.00 3.320552e-09
5660.00 3.328575e-09
5670.00 3.320340e-09
5680.00 3.333930e-09
5690.00 3.341958e-09
5700.00 3.375157e-09
5710.00 3.367950e-09
5720.00 3.355981e-09
5730.00 3.358872e-09
5740.00 3.328228e-09
5750.00 3.322894e-09
5760.00 3.310492e-09
5770.00 3.303781e-09
5780.00 3.282592e-09
5790.00 3.283097e-09
5800.00 3.289533e-09
5810.00 3.296236e-09
5820.00 3.310020e-09
5830.00 3.316928e-09
5840.00 3.319482e-09
5850.00 3.301462e-09
5860.00 3.294358e-09
5870.00 3.294018e-09
5880.00 3.295988e-09
5890.00 3.301686e-09
5900.00 3.300834e-09
5910.00 3.316711e-09
5920.00 3.369171e-09
5930.00 3.211538e-09
5940.00 3.089396e-09
5950.00 3.246288e-09
5960.00 3.334271e-09
5970.00 3.332472e-09
5980.00 3.328898e-09
5990.00 3.300200e-09
6000.00 3.266092e-09
6010.00 3.246612e-09
6020.00 3.184707e-09
6030.00 3.172037e-09
6040.00 3.140450e-09
6050.00 3.082140e-09
6060.00 3.024716e-09
6070.00 2.983077e-09
6080.00 2.949348e-09
6090.00 2.904047e-09
6100.00 2.847639e-09
6110.00 2.775409e-09
6120.00 2.731994e-09
6130.00 2.666885e-09
6140.00 2.600672e-09
6150.00 2.554462e-09
6160.00 2.466983e-09
6170.00 2.378344e-09
6180.00 2.316000e-09
6190.00 2.279264e-09
6200.00 2.270774e-09
6210.00 2.288897e-09
6220.00 2.313024e-09
6230.00 2.312846e-09
6240.00 2.311403e-09
6250.00 2.302753e-09
6260.00 2.316254e-09
6270.00 2.342504e-09
6280.00 2.338179e-09
6290.00 2.316422e-09
6300.00 2.354842e-09
6310.00 2.379491e-09
6320.00 2.388095e-09
6330.00 2.381874e-09
6340.00 2.388575e-09
6350.00 2.408403e-09
6360.00 2.397116e-09
6370.00 2.370726e-09
6380.00 2.375550e-09
6390.00 2.360525e-09
6400.00 2.330848e-09
6410.00 2.311393e-09
6420.00 2.290294e-09
6430.00 2.272800e-09
6440.00 2.240981e-09
6450.00 2.223623e-09
6460.00 2.181004e-09
6470.00 2.152930e-09
6480.00 2.147281e-09
6490.00 2.112294e-09
6500.00 2.068522e-09
6510.00 2.039489e-09
6520.00 2.008493e-09
6530.00 1.993582e-09
6540.00 1.985081e-09
6550.00 1.978053e-09
6560.00 1.949525e-09
6570.00 1.935043e-09
6580.00 1.922869e-09
6590.00 1.911444e-09
6600.00 1.900236e-09
6610.00 1.886453e-09
6620.00 1.863287e-09
6630.00 1.852825e-09
6640.00 1.829520e-09
6650.00 1.818302e-09
6660.00 1.796964e-09
6670.00 1.787414e-09
6680.00 1.771002e-09
6690.00 1.759431e-09
6700.00 1.730913e-09
6710.00 1.722465e-09
6720.00 1.720563e-09
6730.00 1.707895e-09
6740.00 1.685871e-09
6750.00 1.682701e-09
6760.00 1.669793e-09
6770.00 1.638800e-09
6780.00 1.617943e-09
6790.00 1.599674e-09
6800.00 1.580757e-09
6810.00 1.558883e-09
6820.00 1.552945e-09
6830.00 1.531962e-09
6840.00 1.520921e-09
6850.00 1.500873e-09
6860.00 1.472567e-09
6870.00 1.385651e-09
6880.00 1.210535e-09
6890.00 1.215467e-09
6900.00 1.255313e-09
6910.00 1.260994e-09
6920.00 1.298660e-09
6930.00 1.330816e-09
6940.00 1.359881e-09
6950.00 1.358205e-09
6960.00 1.362136e-09
6970.00 1.373160e-09
6980.00 1.362239e-09
6990.00 1.353661e-09
7000.00 1.339896e-09
7010.00 1.346861e-09
7020.00 1.325784e-09
7030.00 1.315182e-09
7040.00 1.307295e-09
7050.00 1.289987e-09
7060.00 1.290420e-09
7070.00 1.277474e-09
7080.00 1.270902e-09
7090.00 1.269825e-09
7100.00 1.286798e-09
7110.00 1.253067e-09
7120.00 1.246910e-09
7130.00 1.237343e-09
7140.00 1.236604e-09
7150.00 1.243967e-09
7160.00 1.233234e-09
7170.00 1.210816e-09
7180.00 1.185989e-09
7190.00 1.155068e-09
7200.00 1.145541e-09
7210.00 1.157421e-09
7220.00 1.164374e-09
7230.00 1.169483e-09
7240.00 1.138614e-09
7250.00 1.112442e-09
7260.00 1.092660e-09
7270.00 1.080128e-09
7280.00 1.085819e-09
7290.00 1.084376e-09
7300.00 1.066826e-09
7310.00 1.062182e-09
7320.00 1.054161e-09
7330.00 1.068269e-09
7340.00 1.060875e-09
7350.00 1.046223e-09
7360.00 1.040242e-09
7370.00 1.034406e-09
7380.00 1.017586e-09
7390.00 9.972151e-10
7400.00 1.001561e-09
7410.00 9.966576e-10
7420.00 9.735996e-10
7430.00 9.576323e-10
7440.00 9.482201e-10
7450.00 9.370395e-10
7460.00 9.359540e-10
7470.00 9.227376e-10
7480.00 9.122358e-10
7490.00 9.049000e-10
7500.00 8.922800e-10
7510.00 8.787854e-10
7520.00 8.605791e-10
7530.00 8.415839e-10
7540.00 8.968263e-10
7550.00 9.036801e-10
7560.00 9.072245e-10
7570.00 8.997121e-10
7580.00 8.939747e-10
7590.00 8.933009e-10
7600.00 8.271219e-10
7610.00 7.830915e-10
7620.00 7.820955e-10
7630.00 7.951587e-10
7640.00 8.025086e-10
7650.00 8.186342e-10
7660.00 8.434004e-10
7670.00 8.717039e-10
7680.00 8.988746e-10
7690.00 9.108909e-10
7700.00 9.241043e-10
7710.00 9.252937e-10
7720.00 9.345658e-10
7730.00 9.351979e-10
7740.00 9.316651e-10
7750.00 9.400757e-10
7760.00 9.369856e-10
7770.00 9.338426e-10
7780.00 9.454736e-10
7790.00 9.373744e-10
7800.00 9.375757e-10
7810.00 9.331648e-10
7820.00 9.240108e-10
7830.00 9.095763e-10
7840.00 9.017362e-10
7850.00 8.912709e-10
7860.00 8.755748e-10
7870.00 8.664112e-10
7880.00 8.565946e-10
7890.00 8.435914e-10
7900.00 8.293391e-10
7910.00 8.235350e-10
7920.00 8.054797e-10
7930.00 7.947581e-10
7940.00 7.866020e-10
7950.00 7.817666e-10
7960.00 7.745464e-10
7970.00 7.575227e-10
7980.00 7.415991e-10
7990.00 7.331501e-10
8000.00 7.219192e-10
8010.00 7.125018e-10
8020.00 6.999359e-10
8030.00 6.857318e-10
8040.00 6.820319e-10
8050.00 6.806628e-10
8060.00 6.777471e-10
8070.00 6.733054e-10
8080.00 6.633925e-10
8090.00 6.560964e-10
8100.00 6.415498e-10
8110.00 6.344378e-10
8120.00 6.250861e-10
8130.00 6.194551e-10
8140.00 6.091173e-10
8150.00 5.927445e-10
8160.00 5.795960e-10
8170.00 5.615675e-10
8180.00 5.427277e-10
8190.00 5.270889e-10
8200.00 5.214875e-10
8210.00 5.040453e-10
8220.00 5.014744e-10
8230.00 4.779831e-10
8240.00 4.415811e-10
8250.00 4.780782e-10
8260.00 4.775049e-10
8270.00 4.675965e-10
8280.00 4.798827e-10
8290.00 4.663571e-10
8300.00 4.693356e-10
8310.00 4.681575e-10
8320.00 4.627475e-10
8330.00 4.550737e-10
8340.00 4.597692e-10
8350.00 4.535511e-10
8360.00 4.631485e-10
8370.00 4.667276e-10
8380.00 4.734844e-10
8390.00 4.803168e-10
8400.00 4.886746e-10
8410.00 4.895451e-10
8420.00 5.021589e-10
8430.00 5.065309e-10
8440.00 5.119655e-10
8450.00 5.148652e-10
8460.00 5.245746e-10
8470.00 5.283403e-10
8480.00 5.323681e-10
8490.00 5.392404e-10
8500.00 5.365053e-10
8510.00 5.452160e-10
8520.00 5.373679e-10
8530.00 5.394407e-10
8540.00 5.387209e-10
8550.00 5.415201e-10
8560.00 5.387259e-10
8570.00 5.324991e-10
8580.00 5.300773e-10
8590.00 5.275273e-10
8600.00 5.220414e-10
8610.00 5.191230e-10
8620.00 5.167220e-10
8630.00 5.157017e-10
8640.00 5.102475e-10
8650.00 5.145717e-10
8660.00 5.116985e-10
8670.00 5.070100e-10
8680.00 4.986543e-10
8690.00 5.022812e-10
8700.00 4.938536e-10
8710.00 4.931011e-10
8720.00 4.901757e-10
8730.00 4.800656e-10
8740.00 4.853489e-10
8750.00 4.812236e-10
8760.00 4.739932e-10
8770.00 4.692629e-10
8780.00 4.646343e-10
8790.00 4.613913e-10
8800.00 4.534990e-10
8810.00 4.403378e-10
8820.00 4.349403e-10
8830.00 4.235804e-10
8840.00 4.075665e-10
8850.00 3.951984e-10
8860.00 3.860194e-10
8870.00 3.744413e-10
8880.00 3.660528e-10
8890.00 3.484123e-10
8900.00 3.469110e-10
8910.00 3.397815e-10
8920.00 3.394115e-10
8930.00 3.330431e-10
8940.00 3.325847e-10
8950.00 3.338699e-10
8960.00 3.265979e-10
8970.00 3.251835e-10
8980.00 3.133569e-10
8990.00 3.225909e-10
9000.00 2.995190e-10
9010.00 3.055394e-10
9020.00 3.022985e-10
9030.00 2.967120e-10
9040.00 3.031262e-10
9050.00 3.082797e-10
9060.00 3.024815e-10
9070.00 3.023021e-10
9080.00 2.951701e-10
9090.00 2.936885e-10
9100.00 2.930653e-10
9110.00 2.897369e-10
9120.00 2.949897e-10
9130.00 2.926180e-10
9140.00 2.889884e-10
9150.00 2.939750e-10
9160.00 2.917362e-10
9170.00 2.863735e-10
9180.00 2.951510e-10
9190.00 2.928326e-10
9200.00 3.055020e-10
9210.00 2.979482e-10
9220.00 3.049263e-10
9230.00 3.037174e-10
9240.00 3.021954e-10
9250.00 2.960940e-10
9260.00 2.951999e-10
9270.00 2.999553e-10
9280.00 2.945297e-10
9290.00 2.850133e-10
9300.00 2.799963e-10
9310.00 2.657405e-10
9320.00 2.430858e-10
9330.00 2.165540e-10
9340.00 2.110250e-10
9350.00 1.877439e-10
9360.00 1.946243e-10
9370.00 1.869967e-10
9380.00 1.979039e-10
9390.00 1.910649e-10
9400.00 2.193347e-10
9410.00 2.282484e-10
9420.00 2.224675e-10
9430.00 2.125339e-10
9440.00 1.950492e-10
9450.00 1.892800e-10
9460.00 1.932825e-10
9470.00 1.852626e-10
9480.00 1.885624e-10
9490.00 1.920412e-10
9500.00 1.928554e-10
9510.00 1.697460e-10
9520.00 1.919854e-10
9530.00 1.737878e-10
9540.00 1.763514e-10
9550.00 1.827817e-10
9560.00 1.772670e-10
9570.00 1.763736e-10
9580.00 1.667750e-10
9590.00 1.787458e-10
9600.00 1.643739e-10
9610.00 1.704529e-10
9620.00 1.692141e-10
9630.00 1.711787e-10
9640.00 1.684486e-10
9650.00 1.671684e-10
9660.00 1.651755e-10
9670.00 1.718205e-10
9680.00 1.577041e-10
9690.00 1.626019e-10
9700.00 1.599274e-10
9710.00 1.587745e-10
9720.00 1.623097e-10
9730.00 1.556683e-10
9740.00 1.608263e-10
9750.00 1.537556e-10
9760.00 1.519974e-10
9770.00 1.472037e-10
9780.00 1.532523e-10
9790.00 1.482209e-10
9800.00 1.463133e-10
9810.00 1.481881e-10
9820.00 1.415492e-10
9830.00 1.439870e-10
9840.00 1.456129e-10
9850.00 1.463943e-10
9860.00 1.438773e-10
9870.00 1.416737e-10
9880.00 1.387906e-10
9890.00 1.433698e-10
9900.00 1.363658e-10
9910.00 1.374132e-10
9920.00 1.287476e-10
9930.00 1.369243e-10
9940.00 1.268257e-10
9950.00 1.266834e-10
9960.00 1.353005e-10
9970.00 1.284562e-10
9980.00 1.274100e-10
9990.00 1.262495e-10
10000.00 1.325147e-10
10010.00 1.275229e-10
10020.00 1.295563e-10
10030.00 1.386310e-10
10040.00 1.376046e-10
10050.00 1.365546e-10
10060.00 1.355113e-10
10070.00 1.344791e-10
10080.00 1.334533e-10
10090.00 1.324342e-10
10100.00 1.314258e-10
10110.00 1.304239e-10
10120.00 1.294285e-10
10130.00 1.284434e-10
10140.00 1.274647e-10
10150.00 1.264923e-10
10160.00 1.255300e-10
10170.00 1.245738e-10
10180.00 1.236240e-10
10190.00 1.226839e-10
10200.00 1.217498e-10
10210.00 1.208219e-10
10220.00 1.199034e-10
10230.00 1.189910e-10
10240.00 1.180845e-10
10250.00 1.171873e-10
10260.00 1.162959e-10
10270.00 1.154103e-10
10280.00 1.145338e-10
10290.00 1.136629e-10
10300.00 1.127977e-10
10310.00 1.119414e-10
10320.00 1.110905e-10
10330.00 1.102453e-10
10340.00 1.094087e-10
10350.00 1.085774e-10
10360.00 1.077516e-10
10370.00 1.069342e-10
10380.00 1.061221e-10
10390.00 1.053154e-10
10400.00 1.045167e-10
10410.00 1.037232e-10
10420.00 1.029351e-10
10430.00 1.021548e-10
10440.00 1.013795e-10
10450.00 1.006094e-10
10460.00 9.984707e-11
10470.00 9.908958e-11
10480.00 9.833718e-11
10490.00 9.759233e-11
10500.00 9.685221e-11
10510.00 9.611712e-11
10520.00 9.538934e-11
10530.00 9.466616e-11
10540.00 9.394788e-11
10550.00 9.323678e-11
10560.00 9.253016e-11
10570.00 9.182836e-11
10580.00 9.113352e-11
10590.00 9.044307e-11
10600.00 8.975735e-11
10610.00 8.907840e-11
10620.00 8.840374e-11
10630.00 8.773371e-11
10640.00 8.707029e-11
10650.00 8.641105e-11
10660.00 8.575635e-11
10670.00 8.510809e-11
10680.00 8.446391e-11
10690.00 8.382417e-11
10700.00 8.319071e-11
10710.00 8.256123e-11
10720.00 8.193611e-11
10730.00 8.131710e-11
10740.00 8.070200e-11
10750.00 8.009115e-11
10760.00 7.948625e-11
10770.00 7.888517e-11
10780.00 7.828826e-11
10790.00 7.769715e-11
10800.00 7.710976e-11
10810.00 7.652647e-11
10820.00 7.594883e-11
10830.00 7.537482e-11
10840.00 7.480482e-11
10850.00 7.424033e-11
10860.00 7.367938e-11
10870.00 7.312237e-11
10880.00 7.257072e-11
10890.00 7.202253e-11
10900.00 7.147821e-11
10910.00 7.093911e-11
10920.00 7.040338e-11
10930.00 6.987144e-11
10940.00 6.934459e-11
10950.00 6.882105e-11
10960.00 6.830120e-11
10970.00 6.778632e-11
10980.00 6.727466e-11
10990.00 6.676663e-11
11000.00 6.626344e-11
11010.00 6.576340e-11
11020.00 6.526692e-11
11030.00 6.477513e-11
11040.00 6.428644e-11
11050.00 6.380123e-11
11060.00 6.332061e-11
11070.00 6.284299e-11
11080.00 6.236879e-11
11090.00 6.189906e-11
11100.00 6.143228e-11
11110.00 6.096884e-11
11120.00 6.050975e-11
11130.00 6.005353e-11
11140.00 5.960061e-11
11150.00 5.915191e-11
11160.00 5.870604e-11
11170.00 5.826336e-11
11180.00 5.782483e-11
11190.00 5.738903e-11
11200.00 5.695640e-11
11210.00 5.652778e-11
11220.00 5.610185e-11
11230.00 5.567901e-11
11240.00 5.526008e-11
11250.00 5.484379e-11
11260.00 5.443052e-11
11270.00 5.402106e-11
11280.00 5.361417e-11
11290.00 5.321025e-11
11300.00 5.281004e-11
11310.00 5.241234e-11
11320.00 5.201756e-11
11330.00 5.162639e-11
11340.00 5.123768e-11
11350.00 5.085180e-11
11360.00 5.046947e-11
11370.00 5.008952e-11
11380.00 4.971238e-11
11390.00 4.933867e-11
11400.00 4.896729e-11
11410.00 4.859866e-11
11420.00 4.823338e-11
11430.00 4.787038e-11
11440.00 4.751007e-11
11450.00 4.715303e-11
11460.00 4.679821e-11
11470.00 4.644603e-11
11480.00 4.609703e-11
11490.00 4.575022e-11
11500.00 4.540600e-11
11510.00 4.506486e-11
11520.00 4.472586e-11
11530.00 4.438937e-11
11540.00 4.405592e-11
11550.00 4.372455e-11
11560.00 4.339566e-11
11570.00 4.306971e-11
11580.00 4.274579e-11
11590.00 4.242430e-11
11600.00 4.210569e-11
11610.00 4.178906e-11
11620.00 4.147481e-11
11630.00 4.116337e-11
11640.00 4.085386e-11
11650.00 4.054668e-11
11660.00 4.024224e-11
11670.00 3.993969e-11
11680.00 3.963943e-11
11690.00 3.934183e-11
11700.00 3.904608e-11
11710.00 3.875257e-11
11720.00 3.846166e-11
11730.00 3.817256e-11
11740.00 3.788564e-11
11750.00 3.760128e-11
11760.00 3.731866e-11
11770.00 3.703820e-11
11780.00 3.676021e-11
11790.00 3.648395e-11
11800.00 3.620978e-11
11810.00 3.593803e-11
11820.00 3.566796e-11
11830.00 3.539997e-11
11840.00 3.513430e-11
11850.00 3.487030e-11
11860.00 3.460833e-11
11870.00 3.434863e-11
11880.00 3.409055e-11
11890.00 3.383445e-11
11900.00 3.358057e-11
11910.00 3.332828e-11
11920.00 3.307793e-11
11930.00 3.282974e-11
11940.00 3.258310e-11
11950.00 3.233838e-11
11960.00 3.209576e-11
11970.00 3.185463e-11
11980.00 3.161540e-11
11990.00 3.137821e-11
12000.00 3.114249e-11
12010.00 3.090863e-11
12020.00 3.067675e-11
12030.00 3.044631e-11
12040.00 3.021768e-11
12050.00 2.999100e-11
12060.00 2.976572e-11
12070.00 2.954221e-11
12080.00 2.932060e-11
12090.00 2.910037e-11
12100.00 2.888187e-11
12110.00 2.866522e-11
12120.00 2.844992e-11
12130.00 2.823631e-11
12140.00 2.802451e-11
12150.00 2.781402e-11
12160.00 2.760520e-11
12170.00 2.739813e-11
12180.00 2.719235e-11
12190.00 2.698820e-11
12200.00 2.678577e-11
12210.00 2.658459e-11
12220.00 2.638501e-11
12230.00 2.618710e-11
12240.00 2.599042e-11
12250.00 2.579531e-11
12260.00 2.560183e-11
12270.00 2.540954e-11
12280.00 2.521879e-11
12290.00 2.502963e-11
12300.00 2.484164e-11
12310.00 2.465515e-11
12320.00 2.447022e-11
12330.00 2.428644e-11
12340.00 2.410412e-11
12350.00 2.392332e-11
12360.00 2.374364e-11
12370.00 2.356540e-11
12380.00 2.338863e-11
12390.00 2.321296e-11
12400.00 2.303871e-11
12410.00 2.286588e-11
12420.00 2.269413e-11
12430.00 2.252378e-11
12440.00 2.235481e-11
12450.00 2.218691e-11
12460.00 2.202035e-11
12470.00 2.185515e-11
12480.00 2.169099e-11
12490.00 2.152816e-11
12500.00 2.136666e-11
12510.00 2.120615e-11
12520.00 2.104696e-11
12530.00 2.088906e-11
12540.00 2.073213e-11
12550.00 2.057648e-11
12560.00 2.042211e-11
12570.00 2.026868e-11
12580.00 2.011651e-11
12590.00 1.996558e-11
12600.00 1.981557e-11
12610.00 1.966680e-11
12620.00 1.951923e-11
12630.00 1.937257e-11
12640.00 1.922712e-11
12650.00 1.908284e-11
12660.00 1.893946e-11
12670.00 1.879725e-11
12680.00 1.865618e-11
12690.00 1.851599e-11
12700.00 1.837696e-11
12710.00 1.823903e-11
12720.00 1.810196e-11
12730.00 1.796603e-11
12740.00 1.783119e-11
12750.00 1.769716e-11
12760.00 1.756427e-11
12770.00 1.743243e-11
12780.00 1.730140e-11
12790.00 1.717146e-11
12800.00 1.704255e-11
12810.00 1.691445e-11
12820.00 1.678741e-11
12830.00 1.666136e-11
12840.00 1.653611e-11
12850.00 1.641191e-11
12860.00 1.628867e-11
12870.00 1.616621e-11
12880.00 1.604477e-11
12890.00 1.592429e-11
12900.00 1.580454e-11
12910.00 1.568582e-11
12920.00 1.556802e-11
12930.00 1.545095e-11
12940.00 1.533486e-11
12950.00 1.521968e-11
12960.00 1.510521e-11
12970.00 1.499171e-11
12980.00 1.487909e-11
12990.00 1.476717e-11
13000.00 1.465621e-11
13010.00 1.454610e-11
13020.00 1.443667e-11
13030.00 1.432817e-11
13040.00 1.422052e-11
13050.00 1.411352e-11
13060.00 1.400745e-11
13070.00 1.390218e-11
13080.00 1.379756e-11
13090.00 1.369386e-11
13100.00 1.359093e-11
13110.00 1.348865e-11
13120.00 1.338725e-11
13130.00 1.328661e-11
13140.00 1.318661e-11
13150.00 1.308745e-11
13160.00 1.298906e-11
13170.00 1.289128e-11
13180.00 1.279434e-11
13190.00 1.269814e-11
13200.00 1.260253e-11
13210.00 1.250775e-11
13220.00 1.241369e-11
13230.00 1.232021e-11
13240.00 1.222754e-11
13250.00 1.213556e-11
13260.00 1.204417e-11
13270.00 1.195356e-11
13280.00 1.186363e-11
13290.00 1.177426e-11
13300.00 1.168567e-11
13310.00 1.159775e-11
13320.00 1.151037e-11
13330.00 1.142375e-11
13340.00 1.133778e-11
13350.00 1.125235e-11
13360.00 1.116766e-11
13370.00 1.108359e-11
13380.00 1.100006e-11
13390.00 1.091726e-11
13400.00 1.083507e-11
13410.00 1.075339e-11
13420.00 1.067243e-11
13430.00 1.059207e-11
13440.00 1.051221e-11
13450.00 1.043305e-11
13460.00 1.035448e-11
13470.00 1.027639e-11
13480.00 1.019899e-11
13490.00 1.012217e-11
13500.00 1.004582e-11
13510.00 9.970148e-12
13520.00 9.895030e-12
13530.00 9.820379e-12
13540.00 9.746388e-12
13550.00 9.672943e-12
13560.00 9.599948e-12
13570.00 9.527607e-12
13580.00 9.455793e-12
13590.00 9.384423e-12
13600.00 9.313691e-12
13610.00 9.243474e-12
13620.00 9.173690e-12
13630.00 9.104535e-12
13640.00 9.035879e-12
13650.00 8.967647e-12
13660.00 8.900029e-12
13670.00 8.832900e-12
13680.00 8.766185e-12
13690.00 8.700074e-12
13700.00 8.634437e-12
13710.00 8.569206e-12
13720.00 8.504566e-12
13730.00 8.440388e-12
13740.00 8.376607e-12
13750.00 8.313407e-12
13760.00 8.250657e-12
13770.00 8.188294e-12
13780.00 8.126500e-12
13790.00 8.065145e-12
13800.00 8.004170e-12
13810.00 7.943752e-12
13820.00 7.883761e-12
13830.00 7.824141e-12
13840.00 7.765068e-12
13850.00 7.706412e-12
13860.00 7.648118e-12
13870.00 7.590359e-12
13880.00 7.533008e-12
13890.00 7.476011e-12
13900.00 7.419538e-12
13910.00 7.363462e-12
13920.00 7.307733e-12
13930.00 7.252518e-12
13940.00 7.197689e-12
13950.00 7.143199e-12
13960.00 7.089213e-12
13970.00 7.035603e-12
13980.00 6.982326e-12
13990.00 6.929543e-12
14000.00 6.877127e-12
14010.00 6.825034e-12
14020.00 6.773425e-12
14030.00 6.722175e-12
14040.00 6.671241e-12
14050.00 6.620781e-12
14060.00 6.570672e-12
14070.00 6.520872e-12
14080.00 6.471536e-12
14090.00 6.422541e-12
14100.00 6.373848e-12
14110.00 6.325611e-12
14120.00 6.277706e-12
14130.00 6.230097e-12
14140.00 6.182935e-12
14150.00 6.136097e-12
14160.00 6.089547e-12
14170.00 6.043435e-12
14180.00 5.997638e-12
14190.00 5.952125e-12
14200.00 5.907042e-12
14210.00 5.862263e-12
14220.00 5.817762e-12
14230.00 5.773684e-12
14240.00 5.729903e-12
14250.00 5.686393e-12
14260.00 5.643295e-12
14270.00 5.600489e-12
14280.00 5.557947e-12
14290.00 5.515810e-12
14300.00 5.473958e-12
14310.00 5.432364e-12
14320.00 5.391165e-12
14330.00 5.350245e-12
14340.00 5.309576e-12
14350.00 5.269296e-12
14360.00 5.229287e-12
14370.00 5.189524e-12
14380.00 5.150143e-12
14390.00 5.111024e-12
14400.00 5.072147e-12
14410.00 5.033643e-12
14420.00 4.995396e-12
14430.00 4.957384e-12
14440.00 4.919740e-12
14450.00 4.882344e-12
14460.00 4.845180e-12
14470.00 4.808375e-12
14480.00 4.771813e-12
14490.00 4.735476e-12
14500.00 4.699493e-12
14510.00 4.663746e-12
14520.00 4.628220e-12
14530.00 4.593038e-12
14540.00 4.558087e-12
14550.00 4.523352e-12
14560.00 4.488955e-12
14570.00 4.454783e-12
14580.00 4.420823e-12
14590.00 4.387193e-12
14600.00 4.353784e-12
14610.00 4.320580e-12
14620.00 4.287700e-12
14630.00 4.255036e-12
14640.00 4.222572e-12
14650.00 4.190427e-12
14660.00 4.158490e-12
14670.00 4.126751e-12
14680.00 4.095324e-12
14690.00 4.064100e-12
14700.00 4.033068e-12
14710.00 4.002343e-12
14720.00 3.971815e-12
14730.00 3.941476e-12
14740.00 3.911437e-12
14750.00 3.881589e-12
14760.00 3.851927e-12
14770.00 3.822558e-12
14780.00 3.793378e-12
14790.00 3.764378e-12
14800.00 3.735666e-12
14810.00 3.707136e-12
14820.00 3.678782e-12
14830.00 3.650712e-12
14840.00 3.622819e-12
14850.00 3.595099e-12
14860.00 3.567656e-12
14870.00 3.540386e-12
14880.00 3.513285e-12
14890.00 3.486454e-12
14900.00 3.459793e-12
14910.00 3.433298e-12
14920.00 3.407067e-12
14930.00 3.381002e-12
14940.00 3.355098e-12
14950.00 3.329454e-12
14960.00 3.303971e-12
14970.00 3.278646e-12
14980.00 3.253576e-12
14990.00 3.228663e-12
15000.00 3.203903e-12
15010.00 3.179394e-12
15020.00 3.155037e-12
15030.00 3.130832e-12
15040.00 3.106870e-12
15050.00 3.083057e-12
15060.00 3.059394e-12
15070.00 3.035968e-12
15080.00 3.012688e-12
15090.00 2.989555e-12
15100.00 2.966653e-12
15110.00 2.943894e-12
15120.00 2.921278e-12
15130.00 2.898888e-12
15140.00 2.876638e-12
15150.00 2.854530e-12
15160.00 2.832641e-12
15170.00 2.810888e-12
15180.00 2.789274e-12
15190.00 2.767876e-12
15200.00 2.746610e-12
15210.00 2.725481e-12
15220.00 2.704561e-12
15230.00 2.683772e-12
15240.00 2.663115e-12
15250.00 2.642665e-12
15260.00 2.622340e-12
15270.00 2.602147e-12
15280.00 2.582154e-12
15290.00 2.562285e-12
15300.00 2.542544e-12
15310.00 2.522999e-12
15320.00 2.503575e-12
15330.00 2.484278e-12
15340.00 2.465171e-12
15350.00 2.446182e-12
15360.00 2.427318e-12
15370.00 2.408639e-12
15380.00 2.390076e-12
15390.00 2.371635e-12
15400.00 2.353375e-12
15410.00 2.335229e-12
15420.00 2.317200e-12
15430.00 2.299351e-12
15440.00 2.281611e-12
15450.00 2.263988e-12
15460.00 2.246539e-12
15470.00 2.229196e-12
15480.00 2.211970e-12
15490.00 2.194911e-12
15500.00 2.177959e-12
15510.00 2.161120e-12
15520.00 2.144445e-12
15530.00 2.127873e-12
15540.00 2.111412e-12
15550.00 2.095111e-12
15560.00 2.078911e-12
15570.00 2.062820e-12
15580.00 2.046885e-12
15590.00 2.031049e-12
15600.00 2.015319e-12
15610.00 1.999742e-12
15620.00 1.984263e-12
15630.00 1.968888e-12
15640.00 1.953660e-12
15650.00 1.938528e-12
15660.00 1.923499e-12
15670.00 1.908614e-12
15680.00 1.893822e-12
15690.00 1.879131e-12
15700.00 1.864581e-12
15710.00 1.850121e-12
15720.00 1.835761e-12
15730.00 1.821539e-12
15740.00 1.807405e-12
15750.00 1.793368e-12
15760.00 1.779465e-12
15770.00 1.765649e-12
15780.00 1.751929e-12
15790.00 1.738339e-12
15800.00 1.724834e-12
15810.00 1.711423e-12
15820.00 1.698140e-12
15830.00 1.684939e-12
15840.00 1.671830e-12
15850.00 1.658845e-12
15860.00 1.645943e-12
15870.00 1.633129e-12
15880.00 1.620437e-12
15890.00 1.607825e-12
15900.00 1.595300e-12
15910.00 1.582895e-12
15920.00 1.570567e-12
15930.00 1.558325e-12
15940.00 1.546199e-12
15950.00 1.534150e-12
15960.00 1.522185e-12
15970.00 1.510332e-12
15980.00 1.498554e-12
15990.00 1.486860e-12
16000.00 1.475274e-12
16010.00 1.463762e-12
16020.00 1.452332e-12
16030.00 1.441008e-12
16040.00 1.429757e-12
16050.00 1.418585e-12
16060.00 1.407517e-12
16070.00 1.396519e-12
16080.00 1.385599e-12
16090.00 1.374781e-12
16100.00 1.364032e-12
16110.00 1.353359e-12
16120.00 1.342786e-12
16130.00 1.332281e-12
16140.00 1.321849e-12
16150.00 1.311515e-12
16160.00 1.301246e-12
16170.00 1.291052e-12
16180.00 1.280951e-12
16190.00 1.270915e-12
16200.00 1.260950e-12
16210.00 1.251079e-12
16220.00 1.241269e-12
16230.00 1.231531e-12
16240.00 1.221883e-12
16250.00 1.212296e-12
16260.00 1.202779e-12
16270.00 1.193350e-12
16280.00 1.183979e-12
16290.00 1.174678e-12
16300.00 1.165461e-12
16310.00 1.156304e-12
16320.00 1.147213e-12
16330.00 1.138207e-12
16340.00 1.129257e-12
16350.00 1.120372e-12
16360.00 1.111570e-12
16370.00 1.102822e-12
16380.00 1.094140e-12
16390.00 1.085537e-12
16400.00 1.076988e-12
16410.00 1.068504e-12
16420.00 1.060095e-12
16430.00 1.051741e-12
16440.00 1.043449e-12
16450.00 1.035232e-12
16460.00 1.027067e-12
16470.00 1.018964e-12
16480.00 1.010934e-12
16490.00 1.002954e-12
16500.00 9.950356e-13
16510.00 9.871880e-13
16520.00 9.793902e-13
16530.00 9.716512e-13
16540.00 9.639821e-13
16550.00 9.563616e-13
16560.00 9.487989e-13
16570.00 9.413043e-13
16580.00 9.338572e-13
16590.00 9.264667e-13
16600.00 9.191427e-13
16610.00 9.118652e-13
16620.00 9.046432e-13
16630.00 8.974860e-13
16640.00 8.903742e-13
16650.00 8.833169e-13
16660.00 8.763228e-13
16670.00 8.693731e-13
16680.00 8.624768e-13
16690.00 8.556421e-13
16700.00 8.488510e-13
16710.00 8.421121e-13
16720.00 8.354333e-13
16730.00 8.287970e-13
16740.00 8.222120e-13
16750.00 8.156857e-13
16760.00 8.092008e-13
16770.00 8.027664e-13
16780.00 7.963891e-13
16790.00 7.900523e-13
16800.00 7.837649e-13
16810.00 7.775334e-13
16820.00 7.713415e-13
16830.00 7.651979e-13
16840.00 7.591086e-13
16850.00 7.530583e-13
16860.00 7.470553e-13
16870.00 7.411054e-13
16880.00 7.351934e-13
16890.00 7.293280e-13
16900.00 7.235141e-13
16910.00 7.177374e-13
16920.00 7.120064e-13
16930.00 7.063257e-13
16940.00 7.006813e-13
16950.00 6.950815e-13
16960.00 6.895309e-13
16970.00 6.840159e-13
16980.00 6.785446e-13
16990.00 6.731212e-13
17000.00 6.677326e-13
17010.00 6.623869e-13
17020.00 6.570879e-13
17030.00 6.518229e-13
17040.00 6.465999e-13
17050.00 6.414225e-13
17060.00 6.362782e-13
17070.00 6.311754e-13
17080.00 6.261168e-13
17090.00 6.210907e-13
17100.00 6.161051e-13
17110.00 6.111629e-13
17120.00 6.062521e-13
17130.00 6.013812e-13
17140.00 5.965525e-13
17150.00 5.917548e-13
17160.00 5.869960e-13
17170.00 5.822783e-13
17180.00 5.775910e-13
17190.00 5.729417e-13
17200.00 5.683327e-13
17210.00 5.637532e-13
17220.00 5.592111e-13
17230.00 5.547082e-13
17240.00 5.502342e-13
17250.00 5.457969e-13
17260.00 5.413977e-13
17270.00 5.370268e-13
17280.00 5.326919e-13
17290.00 5.283942e-13
17300.00 5.241241e-13
17310.00 5.198892e-13
17320.00 5.156905e-13
17330.00 5.115191e-13
17340.00 5.073821e-13
17350.00 5.032803e-13
17360.00 4.992051e-13
17370.00 4.951637e-13
17380.00 4.911568e-13
17390.00 4.871756e-13
17400.00 4.832278e-13
17410.00 4.793135e-13
17420.00 4.754245e-13
17430.00 4.715681e-13
17440.00 4.677443e-13
17450.00 4.639452e-13
17460.00 4.601780e-13
17470.00 4.564427e-13
17480.00 4.527316e-13
17490.00 4.490518e-13
17500.00 4.454031e-13
17510.00 4.417781e-13
17520.00 4.381836e-13
17530.00 4.346194e-13
17540.00 4.310783e-13
17550.00 4.275672e-13
17560.00 4.240857e-13
17570.00 4.206267e-13
17580.00 4.171973e-13
17590.00 4.137965e-13
17600.00 4.104178e-13
17610.00 4.070681e-13
17620.00 4.037463e-13
17630.00 4.004461e-13
17640.00 3.971742e-13
17650.00 3.939297e-13
17660.00 3.907063e-13
17670.00 3.875105e-13
17680.00 3.843414e-13
17690.00 3.811930e-13
17700.00 3.780716e-13
17710.00 3.749763e-13
17720.00 3.719012e-13
17730.00 3.688526e-13
17740.00 3.658293e-13
17750.00 3.628259e-13
17760.00 3.598484e-13
17770.00 3.568957e-13
17780.00 3.539621e-13
17790.00 3.510542e-13
17800.00 3.481702e-13
17810.00 3.453053e-13
17820.00 3.424653e-13
17830.00 3.396487e-13
17840.00 3.368505e-13
17850.00 3.340769e-13
17860.00 3.313261e-13
17870.00 3.285933e-13
17880.00 3.258846e-13
17890.00 3.231981e-13
17900.00 3.205293e-13
17910.00 3.178840e-13
17920.00 3.152605e-13
17930.00 3.126539e-13
17940.00 3.100707e-13
17950.00 3.075085e-13
17960.00 3.049631e-13
17970.00 3.024404e-13
17980.00 2.999382e-13
17990.00 2.974526e-13
18000.00 2.949891e-13
18010.00 2.925455e-13
18020.00 2.901182e-13
18030.00 2.877125e-13
18040.00 2.853264e-13
18050.00 2.829560e-13
18060.00 2.806069e-13
18070.00 2.782768e-13
18080.00 2.759621e-13
18090.00 2.736683e-13
18100.00 2.713930e-13
18110.00 2.691328e-13
18120.00 2.668929e-13
18130.00 2.646712e-13
18140.00 2.624640e-13
18150.00 2.602770e-13
18160.00 2.581076e-13
18170.00 2.559525e-13
18180.00 2.538170e-13
18190.00 2.516987e-13
18200.00 2.495944e-13
18210.00 2.475094e-13
18220.00 2.454411e-13
18230.00 2.433864e-13
18240.00 2.413506e-13
18250.00 2.393311e-13
18260.00 2.373250e-13
18270.00 2.353373e-13
18280.00 2.333655e-13
18290.00 2.314068e-13
18300.00 2.294662e-13
18310.00 2.275410e-13
18320.00 2.256287e-13
18330.00 2.237341e-13
18340.00 2.218544e-13
18350.00 2.199874e-13
18360.00 2.181376e-13
18370.00 2.163026e-13
18380.00 2.144798e-13
18390.00 2.126739e-13
18400.00 2.108824e-13
18410.00 2.091028e-13
18420.00 2.073398e-13
18430.00 2.055908e-13
18440.00 2.038535e-13
18450.00 2.021325e-13
18460.00 2.004249e-13
18470.00 1.987289e-13
18480.00 1.970488e-13
18490.00 1.953819e-13
18500.00 1.937262e-13
18510.00 1.920862e-13
18520.00 1.904591e-13
18530.00 1.888428e-13
18540.00 1.872418e-13
18550.00 1.856534e-13
18560.00 1.840756e-13
18570.00 1.825128e-13
18580.00 1.809622e-13
18590.00 1.794221e-13
18600.00 1.778967e-13
18610.00 1.763831e-13
18620.00 1.748798e-13
18630.00 1.733908e-13
18640.00 1.719135e-13
18650.00 1.704460e-13
18660.00 1.689927e-13
18670.00 1.675506e-13
18680.00 1.661184e-13
18690.00 1.646998e-13
18700.00 1.632923e-13
18710.00 1.618943e-13
18720.00 1.605097e-13
18730.00 1.591360e-13
18740.00 1.577715e-13
18750.00 1.564203e-13
18760.00 1.550794e-13
18770.00 1.537476e-13
18780.00 1.524288e-13
18790.00 1.511202e-13
18800.00 1.498204e-13
18810.00 1.485334e-13
18820.00 1.472562e-13
18830.00 1.459876e-13
18840.00 1.447315e-13
18850.00 1.434851e-13
18860.00 1.422472e-13
18870.00 1.410213e-13
18880.00 1.398050e-13
18890.00 1.385968e-13
18900.00 1.374005e-13
18910.00 1.362135e-13
18920.00 1.350345e-13
18930.00 1.338671e-13
18940.00 1.327087e-13
18950.00 1.315582e-13
18960.00 1.304191e-13
18970.00 1.292886e-13
18980.00 1.281659e-13
18990.00 1.270544e-13
19000.00 1.259512e-13
19010.00 1.248557e-13
19020.00 1.237711e-13
19030.00 1.226948e-13
19040.00 1.216259e-13
19050.00 1.205675e-13
19060.00 1.195173e-13
19070.00 1.184742e-13
19080.00 1.174416e-13
19090.00 1.164169e-13
19100.00 1.153991e-13
19110.00 1.143917e-13
19120.00 1.133918e-13
19130.00 1.123988e-13
19140.00 1.114158e-13
19150.00 1.104403e-13
19160.00 1.094715e-13
19170.00 1.085125e-13
19180.00 1.075607e-13
19190.00 1.066155e-13
19200.00 1.056800e-13
19210.00 1.047514e-13
19220.00 1.038292e-13
19230.00 1.029165e-13
19240.00 1.020106e-13
19250.00 1.011110e-13
19260.00 1.002206e-13
19270.00 9.933688e-14
19280.00 9.845925e-14
19290.00 9.759066e-14
19300.00 9.672853e-14
19310.00 9.587242e-14
19320.00 9.502510e-14
19330.00 9.418413e-14
19340.00 9.334900e-14
19350.00 9.252248e-14
19360.00 9.170214e-14
19370.00 9.088749e-14
19380.00 9.008131e-14
19390.00 8.928111e-14
19400.00 8.848649e-14
19410.00 8.770015e-14
19420.00 8.691964e-14
19430.00 8.614456e-14
19440.00 8.537761e-14
19450.00 8.461632e-14
19460.00 8.386035e-14
19470.00 8.311230e-14
19480.00 8.236979e-14
19490.00 8.163247e-14
19500.00 8.090294e-14
19510.00 8.017878e-14
19520.00 7.945967e-14
19530.00 7.874816e-14
19540.00 7.804188e-14
19550.00 7.734058e-14
19560.00 7.664669e-14
19570.00 7.595790e-14
19580.00 7.527396e-14
19590.00 7.459728e-14
19600.00 7.392557e-14
19610.00 7.325859e-14
19620.00 7.259872e-14
19630.00 7.194369e-14
19640.00 7.129327e-14
19650.00 7.064982e-14
19660.00 7.001107e-14
19670.00 6.937682e-14
19680.00 6.874939e-14
19690.00 6.812654e-14
19700.00 6.750811e-14
19710.00 6.689632e-14
19720.00 6.628900e-14
19730.00 6.568598e-14
19740.00 6.508947e-14
19750.00 6.449731e-14
19760.00 6.390935e-14
19770.00 6.332777e-14
19780.00 6.275041e-14
19790.00 6.217715e-14
19800.00 6.161013e-14
19810.00 6.104724e-14
19820.00 6.048834e-14
19830.00 5.993554e-14
19840.00 5.938675e-14
19850.00 5.884188e-14
19860.00 5.830297e-14
19870.00 5.776796e-14
19880.00 5.723678e-14
19890.00 5.671142e-14
19900.00 5.618986e-14
19910.00 5.567204e-14
19920.00 5.515993e-14
19930.00 5.465150e-14
19940.00 5.414672e-14
19950.00 5.364754e-14
19960.00 5.315193e-14
19970.00 5.265990e-14
19980.00 5.217332e-14
19990.00 5.169023e-14
20000.00 5.121064e-14
20010.00 5.073637e-14
20020.00 5.026552e-14
20030.00 4.979806e-14
20040.00 4.933582e-14
20050.00 4.887688e-14
20060.00 4.842130e-14
20070.00 4.797077e-14
20080.00 4.752349e-14
20090.00 4.707948e-14
20100.00 4.664040e-14
20110.00 4.620448e-14
20120.00 4.577179e-14
20130.00 4.534388e-14
20140.00 4.491907e-14
20150.00 4.449739e-14
20160.00 4.408039e-14
20170.00 4.366642e-14
20180.00 4.325552e-14
20190.00 4.284916e-14
20200.00 4.244575e-14
20210.00 4.204536e-14
20220.00 4.164940e-14
20230.00 4.125632e-14
20240.00 4.086619e-14
20250.00 4.048038e-14
20260.00 4.009737e-14
20270.00 3.971725e-14
20280.00 3.934133e-14
20290.00 3.896816e-14
20300.00 3.859782e-14
20310.00 3.823156e-14
20320.00 3.786799e-14
20330.00 3.750718e-14
20340.00 3.715035e-14
20350.00 3.679615e-14
20360.00 3.644466e-14
20370.00 3.609703e-14
20380.00 3.575196e-14
20390.00 3.540955e-14
20400.00 3.507092e-14
20410.00 3.473477e-14
20420.00 3.440123e-14
20430.00 3.407135e-14
20440.00 3.374392e-14
20450.00 3.341902e-14
20460.00 3.309770e-14
20470.00 3.277877e-14
20480.00 3.246231e-14
20490.00 3.214935e-14
20500.00 3.183870e-14
20510.00 3.153050e-14
20520.00 3.122568e-14
20530.00 3.092312e-14
20540.00 3.062295e-14
20550.00 3.032607e-14
20560.00 3.003141e-14
20570.00 2.973908e-14
20580.00 2.944996e-14
20590.00 2.916300e-14
20600.00 2.887833e-14
20610.00 2.859678e-14
20620.00 2.831733e-14
20630.00 2.804012e-14
20640.00 2.776595e-14
20650.00 2.749385e-14
20660.00 2.722393e-14
20670.00 2.695696e-14
20680.00 2.669202e-14
20690.00 2.642920e-14
20700.00 2.616927e-14
20710.00 2.591130e-14
20720.00 2.565542e-14
20730.00 2.540234e-14
20740.00 2.515119e-14
20750.00 2.490208e-14
20760.00 2.465569e-14
20770.00 2.441117e-14
20780.00 2.416867e-14
20790.00 2.392881e-14
20800.00 2.369077e-14
20810.00 2.345471e-14
20820.00 2.322122e-14
20830.00 2.298951e-14
20840.00 2.275972e-14
20850.00 2.253244e-14
20860.00 2.230690e-14
20870.00 2.208324e-14
20880.00 2.186201e-14
20890.00 2.164249e-14
20900.00 2.142481e-14
20910.00 2.120949e-14
20920.00 2.099583e-14
20930.00 2.078398e-14
20940.00 2.057443e-14
20950.00 2.036650e-14
20960.00 2.016033e-14
20970.00 1.995641e-14
20980.00 1.975406e-14
20990.00 1.955343e-14
21000.00 1.935500e-14
21010.00 1.915810e-14
21020.00 1.896287e-14
21030.00 1.876979e-14
21040.00 1.857819e-14
21050.00 1.838825e-14
21060.00 1.820038e-14
21070.00 1.801397e-14
21080.00 1.782916e-14
21090.00 1.764639e-14
21100.00 1.746503e-14
21110.00 1.728523e-14
21120.00 1.710741e-14
21130.00 1.693098e-14
21140.00 1.675609e-14
21150.00 1.658310e-14
21160.00 1.641147e-14
21170.00 1.624134e-14
21180.00 1.607308e-14
21190.00 1.590613e-14
21200.00 1.574066e-14
21210.00 1.557699e-14
21220.00 1.541461e-14
21230.00 1.525367e-14
21240.00 1.509448e-14
21250.00 1.493657e-14
21260.00 1.478004e-14
21270.00 1.462523e-14
21280.00 1.447165e-14
21290.00 1.431945e-14
21300.00 1.416890e-14
21310.00 1.401954e-14
21320.00 1.387154e-14
21330.00 1.372515e-14
21340.00 1.357993e-14
21350.00 1.343602e-14
21360.00 1.329368e-14
21370.00 1.315248e-14
21380.00 1.301257e-14
21390.00 1.287418e-14
21400.00 1.273691e-14
21410.00 1.260088e-14
21420.00 1.246635e-14
21430.00 1.233290e-14
21440.00 1.220067e-14
21450.00 1.206989e-14
21460.00 1.194017e-14
21470.00 1.181164e-14
21480.00 1.168452e-14
21490.00 1.155842e-14
21500.00 1.143350e-14
21510.00 1.130995e-14
21520.00 1.118740e-14
21530.00 1.106599e-14
21540.00 1.094591e-14
21550.00 1.082681e-14
21560.00 1.070883e-14
21570.00 1.059213e-14
21580.00 1.047640e-14
21590.00 1.036175e-14
21600.00 1.024836e-14
21610.00 1.013589e-14
21620.00 1.002451e-14
21630.00 9.914330e-15
21640.00 9.805065e-15
21650.00 9.696844e-15
21660.00 9.589805e-15
21670.00 9.483652e-15
21680.00 9.378518e-15
21690.00 9.274536e-15
21700.00 9.171414e-15
21710.00 9.069291e-15
21720.00 8.968284e-15
21730.00 8.868119e-15
21740.00 8.768929e-15
21750.00 8.670822e-15
21760.00 8.573537e-15
21770.00 8.477203e-15
21780.00 8.381923e-15
21790.00 8.287442e-15
21800.00 8.193892e-15
21810.00 8.101366e-15
21820.00 8.009618e-15
21830.00 7.918779e-15
21840.00 7.828935e-15
21850.00 7.739850e-15
21860.00 7.651652e-15
21870.00 7.564421e-15
21880.00 7.477930e-15
21890.00 7.392305e-15
21900.00 7.307619e-15
21910.00 7.223655e-15
21920.00 7.140536e-15
21930.00 7.058329e-15
21940.00 6.976827e-15
21950.00 6.896149e-15
21960.00 6.816358e-15
21970.00 6.737250e-15
21980.00 6.658950e-15
21990.00 6.581511e-15
22000.00 6.504738e-15
22010.00 6.428754e-15
22020.00 6.353604e-15
22030.00 6.279106e-15
22040.00 6.205375e-15
22050.00 6.132457e-15
22060.00 6.060174e-15
22070.00 5.988638e-15
22080.00 5.917892e-15
22090.00 5.847764e-15
22100.00 5.778366e-15
22110.00 5.709736e-15
22120.00 5.641708e-15
22130.00 5.574392e-15
22140.00 5.507821e-15
22150.00 5.441836e-15
22160.00 5.376548e-15
22170.00 5.311982e-15
22180.00 5.247987e-15
22190.00 5.184671e-15
22200.00 5.122058e-15
22210.00 5.060001e-15
22220.00 4.998606e-15
22230.00 4.937893e-15
22240.00 4.877722e-15
22250.00 4.818197e-15
22260.00 4.759334e-15
22270.00 4.700999e-15
22280.00 4.643295e-15
22290.00 4.586232e-15
22300.00 4.529685e-15
22310.00 4.473752e-15
22320.00 4.418443e-15
22330.00 4.363635e-15
22340.00 4.309426e-15
22350.00 4.255824e-15
22360.00 4.202708e-15
22370.00 4.150178e-15
22380.00 4.098235e-15
22390.00 4.046768e-15
22400.00 3.995870e-15
22410.00 3.945543e-15
22420.00 3.895679e-15
22430.00 3.846370e-15
22440.00 3.797616e-15
22450.00 3.749312e-15
22460.00 3.701549e-15
22470.00 3.654325e-15
22480.00 3.607539e-15
22490.00 3.561281e-15
22500.00 3.515546e-15
22510.00 3.470238e-15
22520.00 3.425443e-15
22530.00 3.381155e-15
22540.00 3.337284e-15
22550.00 3.293912e-15
22560.00 3.251034e-15
22570.00 3.208560e-15
22580.00 3.166574e-15
22590.00 3.125066e-15
22600.00 3.083951e-15
22610.00 3.043313e-15
22620.00 3.003137e-15
22630.00 2.963344e-15
22640.00 2.924016e-15
22650.00 2.885139e-15
22660.00 2.846633e-15
22670.00 2.808578e-15
22680.00 2.770961e-15
22690.00 2.733706e-15
22700.00 2.696891e-15
22710.00 2.660499e-15
22720.00 2.624461e-15
22730.00 2.588850e-15
22740.00 2.553651e-15
22750.00 2.518797e-15
22760.00 2.484358e-15
22770.00 2.450319e-15
22780.00 2.416612e-15
22790.00 2.383314e-15
22800.00 2.350400e-15
22810.00 2.317814e-15
22820.00 2.285622e-15
22830.00 2.253805e-15
22840.00 2.222305e-15
22850.00 2.191189e-15
22860.00 2.160438e-15
22870.00 2.129994e-15
22880.00 2.099925e-15
22890.00 2.070209e-15
22900.00 2.040792e-15
22910.00 2.011740e-15
22920.00 1.983030e-15
22930.00 1.954611e-15
22940.00 1.926547e-15
22950.00 1.898816e-15
22960.00 1.871366e-15
22970.00 1.844264e-15
22980.00 1.817482e-15
22990.00 1.790976e-15
23000.00 1.764805e-15
23010.00 1.738948e-15
23020.00 1.713357e-15
23030.00 1.688094e-15
23040.00 1.663132e-15
23050.00 1.638433e-15
23060.00 1.614049e-15
23070.00 1.589960e-15
23080.00 1.566123e-15
23090.00 1.542596e-15
23100.00 1.519353e-15
23110.00 1.496357e-15
23120.00 1.473661e-15
23130.00 1.451240e-15
23140.00 1.429058e-15
23150.00 1.407170e-15
23160.00 1.385548e-15
23170.00 1.364158e-15
23180.00 1.343053e-15
23190.00 1.322207e-15
23200.00 1.301587e-15
23210.00 1.281243e-15
23220.00 1.261150e-15
23230.00 1.241276e-15
23240.00 1.221671e-15
23250.00 1.202309e-15
23260.00 1.183160e-15
23270.00 1.164273e-15
23280.00 1.145619e-15
23290.00 1.127175e-15
23300.00 1.108983e-15
23310.00 1.091020e-15
23320.00 1.073259e-15
23330.00 1.055743e-15
23340.00 1.038448e-15
23350.00 1.021350e-15
23360.00 1.004490e-15
23370.00 9.878445e-16
23380.00 9.713890e-16
23390.00 9.551660e-16
23400.00 9.391502e-16
23410.00 9.233190e-16
23420.00 9.077136e-16
23430.00 8.923087e-16
23440.00 8.770831e-16
23450.00 8.620771e-16
23460.00 8.472649e-16
23470.00 8.326270e-16
23480.00 8.182020e-16
23490.00 8.039649e-16
23500.00 7.898970e-16
23510.00 7.760360e-16
23520.00 7.623566e-16
23530.00 7.488415e-16
23540.00 7.355268e-16
23550.00 7.223882e-16
23560.00 7.094091e-16
23570.00 6.966245e-16
23580.00 6.840104e-16
23590.00 6.715511e-16
23600.00 6.592804e-16
23610.00 6.471747e-16
23620.00 6.352192e-16
23630.00 6.234467e-16
23640.00 6.118339e-16
23650.00 6.003669e-16
23660.00 5.890772e-16
23670.00 5.779422e-16
23680.00 5.669486e-16
23690.00 5.561269e-16
23700.00 5.454549e-16
23710.00 5.349201e-16
23720.00 5.245519e-16
23730.00 5.143284e-16
23740.00 5.042381e-16
23750.00 4.943093e-16
23760.00 4.845204e-16
23770.00 4.748607e-16
23780.00 4.653574e-16
23790.00 4.559897e-16
23800.00 4.467470e-16
23810.00 4.376561e-16
23820.00 4.286960e-16
23830.00 4.198574e-16
23840.00 4.111656e-16
23850.00 4.026004e-16
23860.00 3.941529e-16
23870.00 3.858477e-16
23880.00 3.776648e-16
23890.00 3.695961e-16
23900.00 3.616650e-16
23910.00 3.538523e-16
23920.00 3.461502e-16
23930.00 3.385813e-16
23940.00 3.311268e-16
23950.00 3.237794e-16
23960.00 3.165610e-16
23970.00 3.094533e-16
23980.00 3.024493e-16
23990.00 2.955699e-16
24000.00 2.887975e-16
24010.00 2.821259e-16
24020.00 2.755746e-16
24030.00 2.691267e-16
24040.00 2.627763e-16
24050.00 2.565423e-16
24060.00 2.504083e-16
24070.00 2.443686e-16
24080.00 2.384416e-16
24090.00 2.326110e-16
24100.00 2.268718e-16
24110.00 2.212415e-16
24120.00 2.157043e-16
24130.00 2.102556e-16
24140.00 2.049121e-16
24150.00 1.996585e-16
24160.00 1.944905e-16
24170.00 1.894242e-16
24180.00 1.844447e-16
24190.00 1.795480e-16
24200.00 1.747495e-16
24210.00 1.700348e-16
24220.00 1.654003e-16
24230.00 1.608605e-16
24240.00 1.564016e-16
24250.00 1.520203e-16
24260.00 1.477304e-16
24270.00 1.435186e-16
24280.00 1.393818e-16
24290.00 1.353331e-16
24300.00 1.313598e-16
24310.00 1.274591e-16
24320.00 1.236433e-16
24330.00 1.199002e-16
24340.00 1.162273e-16
24350.00 1.126363e-16
24360.00 1.091155e-16
24370.00 1.056625e-16
24380.00 1.022883e-16
24390.00 9.898191e-17
24400.00 9.574104e-17
24410.00 9.257603e-17
24420.00 8.947640e-17
24430.00 8.644013e-17
24440.00 8.347686e-17
24450.00 8.057663e-17
24460.00 7.773761e-17
24470.00 7.496882e-17
24480.00 7.226083e-17
24490.00 6.961194e-17
24500.00 6.703064e-17
24510.00 6.450790e-17
24520.00 6.204222e-17
24530.00 5.964150e-17
24540.00 5.729724e-17
24550.00 5.500807e-17
24560.00 5.278131e-17
24570.00 5.060896e-17
24580.00 4.848977e-17
24590.00 4.643051e-17
24600.00 4.442367e-17
24610.00 4.246812e-17
24620.00 4.057010e-17
24630.00 3.872257e-17
24640.00 3.692451e-17
24650.00 3.518163e-17
24660.00 3.348739e-17
24670.00 3.184083e-17
24680.00 3.024721e-17
24690.00 2.870039e-17
24700.00 2.719955e-17
24710.00 2.574941e-17
24720.00 2.434435e-17
24730.00 2.298358e-17
24740.00 2.167138e-17
24750.00 2.040255e-17
24760.00 1.917639e-17
24770.00 1.799672e-17
24780.00 1.685876e-17
24790.00 1.576190e-17
24800.00 1.470950e-17
24810.00 1.369723e-17
24820.00 1.272453e-17
24830.00 1.179431e-17
24840.00 1.090267e-17
24850.00 1.004913e-17
24860.00 9.236151e-18
24870.00 8.460271e-18
24880.00 7.721022e-18
24890.00 7.020495e-18
24900.00 6.355620e-18
24910.00 5.725969e-18
24920.00 5.133240e-18
24930.00 4.574763e-18
24940.00 4.050148e-18
24950.00 3.560706e-18
24960.00 3.104164e-18
24970.00 2.680156e-18
24980.00 2.289627e-18
24990.00 1.930688e-18
25000.00 1.602996e-18
