1000.00 1.641756e-21
1010.00 4.702746e-21
1020.00 9.543208e-21
1030.00 1.651369e-20
1040.00 2.677247e-20
1050.00 4.053882e-20
1060.00 5.851297e-20
1070.00 8.319702e-20
1080.00 1.144797e-19
1090.00 1.538149e-19
1100.00 2.059218e-19
1110.00 2.699591e-19
1120.00 3.489410e-19
1130.00 4.510027e-19
1140.00 5.739227e-19
1150.00 7.238094e-19
1160.00 9.137198e-19
1170.00 1.139061e-18
1180.00 1.411831e-18
1190.00 1.751667e-18
1200.00 2.150183e-18
1210.00 2.630161e-18
1220.00 3.219260e-18
1230.00 3.903361e-18
1240.00 4.724356e-18
1250.00 5.719490e-18
1260.00 6.867770e-18
1270.00 8.248138e-18
1280.00 9.909285e-18
1290.00 1.181706e-17
1300.00 1.411324e-17
1310.00 1.684905e-17
1320.00 1.997441e-17
1330.00 2.373883e-17
1340.00 2.818093e-17
1350.00 3.323105e-17
1360.00 3.931948e-17
1370.00 4.643731e-17
1380.00 5.449350e-17
1390.00 6.421656e-17
1400.00 7.548172e-17
1410.00 8.817944e-17
1420.00 1.035226e-16
1430.00 1.211454e-16
1440.00 1.409333e-16
1450.00 1.648740e-16
1460.00 1.921425e-16
1470.00 2.226519e-16
1480.00 2.596136e-16
1490.00 3.013754e-16
1500.00 3.479447e-16
1510.00 4.044432e-16
1520.00 4.677856e-16
1530.00 5.385693e-16
1540.00 6.237578e-16
1550.00 7.189670e-16
1560.00 8.255969e-16
1570.00 9.529383e-16
1580.00 1.094847e-15
1590.00 1.254149e-15
1600.00 1.442987e-15
1610.00 1.652868e-15
1620.00 1.889048e-15
1630.00 2.167052e-15
1640.00 2.475282e-15
1650.00 2.823031e-15
1660.00 3.229638e-15
1670.00 3.679464e-15
1680.00 4.188385e-15
1690.00 4.779707e-15
1700.00 5.432595e-15
1710.00 6.173448e-15
1720.00 7.029131e-15
1730.00 7.972340e-15
1740.00 9.046277e-15
1750.00 1.028011e-14
1760.00 1.163841e-14
1770.00 1.319103e-14
1780.00 1.496627e-14
1790.00 1.691875e-14
1800.00 1.916057e-14
1810.00 2.171278e-14
1820.00 2.451814e-14
1830.00 2.775590e-14
1840.00 3.142780e-14
1850.00 3.546303e-14
1860.00 4.014791e-14
1870.00 4.544279e-14
1880.00 5.126219e-14
1890.00 5.806423e-14
1900.00 6.572742e-14
1910.00 7.415264e-14
1920.00 8.407345e-14
1930.00 9.521401e-14
1940.00 1.074671e-13
1950.00 1.220040e-13
1960.00 1.382660e-13
1970.00 1.561535e-13
1980.00 1.775142e-13
1990.00 2.012875e-13
2000.00 2.274163e-13
2010.00 2.587357e-13
2020.00 2.933396e-13
2030.00 3.314786e-13
2040.00 3.766878e-13
2050.00 4.263498e-13
2060.00 4.810595e-13
2070.00 5.447916e-13
2080.00 6.141550e-13
2090.00 6.901842e-13
2100.00 7.767018e-13
2110.00 8.697265e-13
2120.00 9.706917e-13
2130.00 1.082582e-12
2140.00 1.201320e-12
2150.00 1.328552e-12
2160.00 1.466160e-12
2170.00 1.610549e-12
2180.00 1.763440e-12
2190.00 1.926029e-12
2200.00 2.095432e-12
2210.00 2.273624e-12
2220.00 2.461781e-12
2230.00 2.657458e-12
2240.00 2.863403e-12
2250.00 3.081073e-12
2260.00 3.307920e-12
2270.00 3.548203e-12
2280.00 3.803338e-12
2290.00 4.070268e-12
2300.00 4.355531e-12
2310.00 4.659773e-12
2320.00 4.979276e-12
2330.00 5.323674e-12
2340.00 5.691899e-12
2350.00 6.079644e-12
2360.00 6.500555e-12
2370.00 6.950771e-12
2380.00 7.425608e-12
2390.00 7.943852e-12
2400.00 8.497539e-12
2410.00 9.081920e-12
2420.00 9.722345e-12
2430.00 1.040512e-11
2440.00 1.112582e-11
2450.00 1.191821e-11
2460.00 1.276073e-11
2470.00 1.364985e-11
2480.00 1.463002e-11
2490.00 1.579050e-11
2500.00 1.712459e-11
2510.00 1.696661e-11
2520.00 1.786502e-11
2530.00 1.809795e-11
2540.00 1.939153e-11
2550.00 1.969532e-11
2560.00 2.001638e-11
2570.00 2.023020e-11
2580.00 2.071028e-11
2590.00 2.119191e-11
2600.00 2.114671e-11
2610.00 2.159986e-11
2620.00 2.181762e-11
2630.00 2.175311e-11
2640.00 2.106847e-11
2650.00 2.240859e-11
2660.00 2.596720e-11
2670.00 2.926229e-11
2680.00 3.251680e-11
2690.00 3.802633e-11
2700.00 4.596213e-11
2710.00 5.542380e-11
2720.00 6.453819e-11
2730.00 6.854906e-11
2740.00 7.305720e-11
2750.00 7.767419e-11
2760.00 8.241187e-11
2770.00 8.852157e-11
2780.00 9.441756e-11
2790.00 9.643480e-11
2800.00 9.612286e-11
2810.00 9.383548e-11
2820.00 9.639683e-11
2830.00 1.022556e-10
2840.00 1.071147e-10
2850.00 1.094948e-10
2860.00 1.160991e-10
2870.00 1.293097e-10
2880.00 1.506129e-10
2890.00 1.726724e-10
2900.00 1.950124e-10
2910.00 2.165677e-10
2920.00 2.334910e-10
2930.00 2.429251e-10
2940.00 2.479487e-10
2950.00 2.517383e-10
2960.00 2.521822e-10
2970.00 2.477537e-10
2980.00 2.375065e-10
2990.00 2.275005e-10
3000.00 2.203106e-10
3010.00 2.158040e-10
3020.00 2.179809e-10
3030.00 2.287584e-10
3040.00 2.226237e-10
3050.00 2.077427e-10
3060.00 1.887804e-10
3070.00 1.823376e-10
3080.00 2.215280e-10
3090.00 2.517855e-10
3100.00 2.549115e-10
3110.00 2.486984e-10
3120.00 2.489847e-10
3130.00 2.587578e-10
3140.00 2.879119e-10
3150.00 3.237890e-10
3160.00 3.598793e-10
3170.00 3.822102e-10
3180.00 4.015406e-10
3190.00 4.066392e-10
3200.00 4.112355e-10
3210.00 4.301892e-10
3220.00 4.215198e-10
3230.00 4.176975e-10
3240.00 3.785906e-10
3250.00 3.321982e-10
3260.00 3.015384e-10
3270.00 2.625926e-10
3280.00 3.446474e-10
3290.00 3.024997e-10
3300.00 3.451968e-10
3310.00 3.492109e-10
3320.00 3.377773e-10
3330.00 3.662798e-10
3340.00 3.674429e-10
3350.00 3.769364e-10
3360.00 4.265506e-10
3370.00 4.227596e-10
3380.00 4.150356e-10
3390.00 4.423792e-10
3400.00 4.414696e-10
3410.00 4.823891e-10
3420.00 4.872177e-10
3430.00 5.210381e-10
3440.00 5.574631e-10
3450.00 5.553848e-10
3460.00 5.672424e-10
3470.00 5.918363e-10
3480.00 6.064375e-10
3490.00 6.419641e-10
3500.00 6.963956e-10
3510.00 7.469909e-10
3520.00 7.821162e-10
3530.00 8.567176e-10
3540.00 9.534069e-10
3550.00 1.042060e-09
3560.00 1.115543e-09
3570.00 1.185317e-09
3580.00 1.199331e-09
3590.00 1.233336e-09
3600.00 1.285336e-09
3610.00 1.291397e-09
3620.00 1.301671e-09
3630.00 1.340647e-09
3640.00 1.367006e-09
3650.00 1.346047e-09
3660.00 1.394015e-09
3670.00 1.479906e-09
3680.00 1.641224e-09
3690.00 1.852438e-09
3700.00 2.048605e-09
3710.00 2.161249e-09
3720.00 2.181659e-09
3730.00 2.135007e-09
3740.00 1.973829e-09
3750.00 1.765208e-09
3760.00 1.545955e-09
3770.00 1.389103e-09
3780.00 1.285239e-09
3790.00 1.195234e-09
3800.00 1.128665e-09
3810.00 1.083240e-09
3820.00 1.063994e-09
3830.00 1.093133e-09
3840.00 1.194168e-09
3850.00 1.285706e-09
3860.00 1.385031e-09
3870.00 1.521821e-09
3880.00 1.701275e-09
3890.00 1.950861e-09
3900.00 2.128880e-09
3910.00 2.265097e-09
3920.00 2.381545e-09
3930.00 2.461640e-09
3940.00 2.506003e-09
3950.00 2.529216e-09
3960.00 2.523012e-09
3970.00 2.550462e-09
3980.00 2.613747e-09
3990.00 2.608247e-09
4000.00 2.485893e-09
4010.00 2.313863e-09
4020.00 2.165954e-09
4030.00 2.043461e-09
4040.00 1.931439e-09
4050.00 1.852897e-09
4060.00 1.793989e-09
4070.00 1.790088e-09
4080.00 1.863312e-09
4090.00 1.926129e-09
4100.00 1.957673e-09
4110.00 1.924935e-09
4120.00 1.851741e-09
4130.00 1.832547e-09
4140.00 1.826959e-09
4150.00 1.822690e-09
4160.00 1.836011e-09
4170.00 1.853468e-09
4180.00 1.908659e-09
4190.00 1.972031e-09
4200.00 2.107589e-09
4210.00 2.223239e-09
4220.00 2.237439e-09
4230.00 2.168328e-09
4240.00 2.078410e-09
4250.00 2.028647e-09
4260.00 2.011865e-09
4270.00 2.042693e-09
4280.00 2.046131e-09
4290.00 1.983674e-09
4300.00 1.931323e-09
4310.00 1.909756e-09
4320.00 1.898250e-09
4330.00 1.867079e-09
4340.00 1.813495e-09
4350.00 1.732647e-09
4360.00 1.630555e-09
4370.00 1.524310e-09
4380.00 1.420716e-09
4390.00 1.317529e-09
4400.00 1.246118e-09
4410.00 1.213207e-09
4420.00 1.165150e-09
4430.00 1.136737e-09
4440.00 1.128295e-09
4450.00 1.130472e-09
4460.00 1.171302e-09
4470.00 1.270831e-09
4480.00 1.394772e-09
4490.00 1.474374e-09
4500.00 1.534494e-09
4510.00 1.621576e-09
4520.00 1.761400e-09
4530.00 1.873412e-09
4540.00 1.989162e-09
4550.00 2.176957e-09
4560.00 2.405772e-09
4570.00 2.703079e-09
4580.00 2.984672e-09
4590.00 3.201858e-09
4600.00 3.319257e-09
4610.00 3.392721e-09
4620.00 3.416951e-09
4630.00 3.462581e-09
4640.00 3.503284e-09
4650.00 3.531890e-09
4660.00 3.511706e-09
4670.00 3.409855e-09
4680.00 3.207428e-09
4690.00 2.923106e-09
4700.00 2.648485e-09
4710.00 2.397561e-09
4720.00 2.202740e-09
4730.00 2.030282e-09
4740.00 1.896035e-09
4750.00 1.847326e-09
4760.00 1.820520e-09
4770.00 1.763926e-09
4780.00 1.636024e-09
4790.00 1.526583e-09
4800.00 1.480692e-09
4810.00 1.488454e-09
4820.00 1.535325e-09
4830.00 1.599067e-09
4840.00 1.677974e-09
4850.00 1.719521e-09
4860.00 1.741636e-09
4870.00 1.688438e-09
4880.00 1.630573e-09
4890.00 1.634957e-09
4900.00 1.691257e-09
4910.00 1.773757e-09
4920.00 1.874279e-09
4930.00 1.984108e-09
4940.00 2.074340e-09
4950.00 2.099969e-09
4960.00 2.091249e-09
4970.00 2.022883e-09
4980.00 1.949399e-09
4990.00 1.886333e-09
5000.00 1.838542e-09
5010.00 1.755532e-09
5020.00 1.646504e-09
5030.00 1.585153e-09
5040.00 1.553972e-09
5050.00 1.547658e-09
5060.00 1.565368e-09
5070.00 1.598995e-09
5080.00 1.630659e-09
5090.00 1.623329e-09
5100.00 1.640542e-09
5110.00 1.669422e-09
5120.00 1.676329e-09
5130.00 1.686389e-09
5140.00 1.733116e-09
5150.00 1.800703e-09
5160.00 1.849831e-09
5170.00 1.876331e-09
5180.00 1.947817e-09
5190.00 2.075048e-09
5200.00 2.232749e-09
5210.00 2.360979e-09
5220.00 2.508926e-09
5230.00 2.659125e-09
5240.00 2.828660e-09
5250.00 2.959096e-09
5260.00 3.013049e-09
5270.00 3.026392e-09
5280.00 3.045158e-09
5290.00 3.105437e-09
5300.00 3.131060e-09
5310.00 3.143317e-09
5320.00 3.119054e-09
5330.00 3.062392e-09
5340.00 3.011754e-09
5350.00 2.954698e-09
5360.00 2.894466e-09
5370.00 2.830209e-09
5380.00 2.764893e-09
5390.00 2.717330e-09
5400.00 2.708282e-09
5410.00 2.700971e-09
5420.00 2.674771e-09
5430.00 2.656881e-09
5440.00 2.639720e-09
5450.00 2.605036e-09
5460.00 2.570189e-09
5470.00 2.544539e-09
5480.00 2.512840e-09
5490.00 2.456960e-09
5500.00 2.408791e-09
5510.00 2.361794e-09
5520.00 2.308579e-09
5530.00 2.247893e-09
5540.00 2.185710e-09
5550.00 2.144179e-09
5560.00 2.109675e-09
5570.00 2.061007e-09
5580.00 2.020215e-09
5590.00 1.968219e-09
5600.00 1.920454e-09
5610.00 1.865694e-09
5620.00 1.803620e-09
5630.00 1.752719e-09
5640.00 1.687084e-09
5650.00 1.629925e-09
5660.00 1.573908e-09
5670.00 1.510643e-09
5680.00 1.465961e-09
5690.00 1.419920e-09
5700.00 1.380625e-09
5710.00 1.354460e-09
5720.00 1.330639e-09
5730.00 1.316278e-09
5740.00 1.310797e-09
5750.00 1.338729e-09
5760.00 1.413161e-09
5770.00 1.499241e-09
5780.00 1.590181e-09
5790.00 1.676058e-09
5800.00 1.754488e-09
5810.00 1.818340e-09
5820.00 1.867330e-09
5830.00 1.952411e-09
5840.00 2.043284e-09
5850.00 2.112197e-09
5860.00 2.170545e-09
5870.00 2.224714e-09
5880.00 2.264392e-09
5890.00 2.269911e-09
5900.00 2.254832e-09
5910.00 2.269242e-09
5920.00 2.275373e-09
5930.00 2.153157e-09
5940.00 2.023775e-09
5950.00 2.089953e-09
5960.00 2.084519e-09
5970.00 2.005645e-09
5980.00 1.924021e-09
5990.00 1.856026e-09
6000.00 1.821573e-09
6010.00 1.791803e-09
6020.00 1.769990e-09
6030.00 1.758516e-09
6040.00 1.741528e-09
6050.00 1.707424e-09
6060.00 1.642460e-09
6070.00 1.571914e-09
6080.00 1.557131e-09
6090.00 1.574471e-09
6100.00 1.611224e-09
6110.00 1.624600e-09
6120.00 1.624288e-09
6130.00 1.604799e-09
6140.00 1.555877e-09
6150.00 1.476541e-09
6160.00 1.358804e-09
6170.00 1.243708e-09
6180.00 1.143708e-09
6190.00 1.081955e-09
6200.00 1.042746e-09
6210.00 1.049517e-09
6220.00 1.088820e-09
6230.00 1.111591e-09
6240.00 1.126715e-09
6250.00 1.146697e-09
6260.00 1.170784e-09
6270.00 1.182005e-09
6280.00 1.183632e-09
6290.00 1.212742e-09
6300.00 1.259882e-09
6310.00 1.300472e-09
6320.00 1.330464e-09
6330.00 1.348237e-09
6340.00 1.371885e-09
6350.00 1.404545e-09
6360.00 1.421985e-09
6370.00 1.432718e-09
6380.00 1.444711e-09
6390.00 1.439894e-09
6400.00 1.444384e-09
6410.00 1.437770e-09
6420.00 1.424967e-09
6430.00 1.429488e-09
6440.00 1.441851e-09
6450.00 1.446646e-09
6460.00 1.443939e-09
6470.00 1.448855e-09
6480.00 1.440597e-09
6490.00 1.432493e-09
6500.00 1.429460e-09
6510.00 1.426004e-09
6520.00 1.416247e-09
6530.00 1.403606e-09
6540.00 1.390133e-09
6550.00 1.374784e-09
6560.00 1.344935e-09
6570.00 1.320449e-09
6580.00 1.296239e-09
6590.00 1.264917e-09
6600.00 1.230626e-09
6610.00 1.175403e-09
6620.00 1.141347e-09
6630.00 1.123798e-09
6640.00 1.096227e-09
6650.00 1.078343e-09
6660.00 1.049337e-09
6670.00 1.022078e-09
6680.00 9.941813e-10
6690.00 9.717174e-10
6700.00 9.459534e-10
6710.00 9.294167e-10
6720.00 9.103113e-10
6730.00 8.954954e-10
6740.00 8.774061e-10
6750.00 8.519399e-10
6760.00 8.263297e-10
6770.00 8.111513e-10
6780.00 7.879083e-10
6790.00 7.724594e-10
6800.00 7.590352e-10
6810.00 7.474265e-10
6820.00 7.318270e-10
6830.00 7.147716e-10
6840.00 7.049503e-10
6850.00 6.998546e-10
6860.00 6.889023e-10
6870.00 6.509022e-10
6880.00 5.762980e-10
6890.00 5.840178e-10
6900.00 5.997857e-10
6910.00 6.044365e-10
6920.00 6.211867e-10
6930.00 6.367017e-10
6940.00 6.428597e-10
6950.00 6.458900e-10
6960.00 6.365590e-10
6970.00 6.323003e-10
6980.00 6.311655e-10
6990.00 6.214154e-10
7000.00 6.117175e-10
7010.00 6.093165e-10
7020.00 6.031887e-10
7030.00 5.977428e-10
7040.00 6.022746e-10
7050.00 5.970465e-10
7060.00 5.896876e-10
7070.00 5.925771e-10
7080.00 5.873057e-10
7090.00 5.796990e-10
7100.00 5.762178e-10
7110.00 5.777646e-10
7120.00 5.825819e-10
7130.00 5.817364e-10
7140.00 5.837221e-10
7150.00 5.834641e-10
7160.00 5.825217e-10
7170.00 5.758061e-10
7180.00 5.617048e-10
7190.00 5.523789e-10
7200.00 5.417977e-10
7210.00 5.432756e-10
7220.00 5.512107e-10
7230.00 5.517042e-10
7240.00 5.369227e-10
7250.00 5.255893e-10
7260.00 5.356990e-10
7270.00 5.358865e-10
7280.00 5.318550e-10
7290.00 5.248896e-10
7300.00 5.316255e-10
7310.00 5.320760e-10
7320.00 5.258264e-10
7330.00 5.292478e-10
7340.00 5.344067e-10
7350.00 5.295110e-10
7360.00 5.250698e-10
7370.00 5.023108e-10
7380.00 4.922179e-10
7390.00 4.778296e-10
7400.00 4.769798e-10
7410.00 4.692430e-10
7420.00 4.600110e-10
7430.00 3.459919e-10
7440.00 3.172715e-10
7450.00 3.633176e-10
7460.00 3.420965e-10
7470.00 3.503426e-10
7480.00 3.631331e-10
7490.00 3.740601e-10
7500.00 3.837148e-10
7510.00 3.819664e-10
7520.00 3.862636e-10
7530.00 3.835369e-10
7540.00 3.950089e-10
7550.00 3.963168e-10
7560.00 4.022100e-10
7570.00 4.109975e-10
7580.00 3.960644e-10
7590.00 3.841993e-10
7600.00 3.611067e-10
7610.00 3.144931e-10
7620.00 2.663032e-10
7630.00 3.082924e-10
7640.00 3.261786e-10
7650.00 3.346687e-10
7660.00 3.655145e-10
7670.00 3.698269e-10
7680.00 3.898186e-10
7690.00 4.178416e-10
7700.00 4.333484e-10
7710.00 4.314187e-10
7720.00 4.487887e-10
7730.00 4.543282e-10
7740.00 4.572641e-10
7750.00 4.523193e-10
7760.00 4.482408e-10
7770.00 4.688977e-10
7780.00 4.671622e-10
7790.00 4.637146e-10
7800.00 4.706958e-10
7810.00 4.797752e-10
7820.00 5.039674e-10
7830.00 5.051836e-10
7840.00 5.265009e-10
7850.00 5.242639e-10
7860.00 5.361095e-10
7870.00 5.552205e-10
7880.00 5.409178e-10
7890.00 5.437668e-10
7900.00 5.659963e-10
7910.00 5.428385e-10
7920.00 5.201161e-10
7930.00 5.408523e-10
7940.00 5.303339e-10
7950.00 5.260620e-10
7960.00 5.053430e-10
7970.00 4.939978e-10
7980.00 4.864579e-10
7990.00 5.007667e-10
8000.00 4.934067e-10
8010.00 4.720293e-10
8020.00 4.645226e-10
8030.00 4.626432e-10
8040.00 4.386320e-10
8050.00 4.307451e-10
8060.00 4.502423e-10
8070.00 4.345647e-10
8080.00 4.159918e-10
8090.00 4.081140e-10
8100.00 3.772329e-10
8110.00 3.953820e-10
8120.00 3.697444e-10
8130.00 3.514031e-10
8140.00 3.022618e-10
8150.00 2.927338e-10
8160.00 2.713350e-10
8170.00 2.373386e-10
8180.00 2.174574e-10
8190.00 2.094433e-10
8200.00 1.954716e-10
8210.00 1.990364e-10
8220.00 1.935191e-10
8230.00 1.771356e-10
8240.00 1.805833e-10
8250.00 1.982283e-10
8260.00 1.912178e-10
8270.00 1.977257e-10
8280.00 2.153481e-10
8290.00 1.998411e-10
8300.00 2.120498e-10
8310.00 1.775720e-10
8320.00 1.974878e-10
8330.00 2.180428e-10
8340.00 2.243757e-10
8350.00 2.266800e-10
8360.00 2.148357e-10
8370.00 2.297841e-10
8380.00 2.458898e-10
8390.00 2.637605e-10
8400.00 2.804004e-10
8410.00 2.876602e-10
8420.00 2.993536e-10
8430.00 3.195972e-10
8440.00 3.520390e-10
8450.00 3.851991e-10
8460.00 4.230701e-10
8470.00 4.645947e-10
8480.00 4.938869e-10
8490.00 5.234650e-10
8500.00 5.419006e-10
8510.00 5.830493e-10
8520.00 5.919965e-10
8530.00 6.096523e-10
8540.00 6.255355e-10
8550.00 6.409039e-10
8560.00 6.560460e-10
8570.00 6.624963e-10
8580.00 6.713159e-10
8590.00 6.802672e-10
8600.00 6.898061e-10
8610.00 6.971939e-10
8620.00 7.004373e-10
8630.00 7.040078e-10
8640.00 7.115115e-10
8650.00 7.162281e-10
8660.00 7.323773e-10
8670.00 7.344968e-10
8680.00 7.544144e-10
8690.00 7.581846e-10
8700.00 7.587897e-10
8710.00 7.791714e-10
8720.00 7.760606e-10
8730.00 7.702925e-10
8740.00 7.870359e-10
8750.00 7.768067e-10
8760.00 7.786787e-10
8770.00 7.702573e-10
8780.00 7.633358e-10
8790.00 7.711076e-10
8800.00 7.664724e-10
8810.00 7.742060e-10
8820.00 7.700285e-10
8830.00 7.649788e-10
8840.00 7.375912e-10
8850.00 7.321269e-10
8860.00 7.320023e-10
8870.00 7.162424e-10
8880.00 7.017331e-10
8890.00 6.821024e-10
8900.00 6.620090e-10
8910.00 6.625118e-10
8920.00 6.514861e-10
8930.00 6.260085e-10
8940.00 6.097253e-10
8950.00 5.869734e-10
8960.00 5.790905e-10
8970.00 5.513679e-10
8980.00 5.504227e-10
8990.00 5.327540e-10
9000.00 5.277982e-10
9010.00 5.301280e-10
9020.00 5.207853e-10
9030.00 5.243864e-10
9040.00 5.228593e-10
9050.00 5.184222e-10
9060.00 5.270316e-10
9070.00 4.961811e-10
9080.00 4.840592e-10
9090.00 4.743181e-10
9100.00 4.706708e-10
9110.00 4.662108e-10
9120.00 4.540143e-10
9130.00 4.477337e-10
9140.00 4.519529e-10
9150.00 4.222827e-10
9160.00 4.361106e-10
9170.00 4.171285e-10
9180.00 4.317230e-10
9190.00 4.161395e-10
9200.00 4.345866e-10
9210.00 4.367345e-10
9220.00 4.364339e-10
9230.00 4.369132e-10
9240.00 4.251483e-10
9250.00 4.212633e-10
9260.00 4.281864e-10
9270.00 4.197415e-10
9280.00 4.150080e-10
9290.00 3.942574e-10
9300.00 3.784412e-10
9310.00 3.703489e-10
9320.00 3.507045e-10
9330.00 3.109483e-10
9340.00 3.202161e-10
9350.00 3.415245e-10
9360.00 3.286046e-10
9370.00 3.026956e-10
9380.00 2.897341e-10
9390.00 3.065624e-10
9400.00 3.412437e-10
9410.00 3.369508e-10
9420.00 3.745036e-10
9430.00 2.705395e-10
9440.00 2.843982e-10
9450.00 3.013158e-10
9460.00 2.520745e-10
9470.00 2.967337e-10
9480.00 3.264074e-10
9490.00 2.826383e-10
9500.00 2.817247e-10
9510.00 3.205988e-10
9520.00 2.599207e-10
9530.00 2.455872e-10
9540.00 2.710171e-10
9550.00 2.918303e-10
9560.00 2.700501e-10
9570.00 3.061219e-10
9580.00 3.039359e-10
9590.00 2.523063e-10
9600.00 2.955225e-10
9610.00 3.328269e-10
9620.00 2.684140e-10
9630.00 3.094154e-10
9640.00 2.795579e-10
9650.00 2.619737e-10
9660.00 3.255195e-10
9670.00 3.077779e-10
9680.00 3.137813e-10
9690.00 3.151785e-10
9700.00 3.058140e-10
9710.00 2.889350e-10
9720.00 3.370328e-10
9730.00 2.760308e-10
9740.00 2.752312e-10
9750.00 2.381874e-10
9760.00 2.686284e-10
9770.00 2.683711e-10
9780.00 2.719831e-10
9790.00 2.590646e-10
9800.00 2.526531e-10
9810.00 2.458075e-10
9820.00 2.518762e-10
9830.00 2.478912e-10
9840.00 2.435571e-10
9850.00 2.456394e-10
9860.00 2.439337e-10
9870.00 2.432390e-10
9880.00 2.328146e-10
9890.00 2.354587e-10
9900.00 2.368172e-10
9910.00 2.284210e-10
9920.00 2.291338e-10
9930.00 2.273880e-10
9940.00 2.126584e-10
9950.00 2.160558e-10
9960.00 2.145551e-10
9970.00 2.071584e-10
9980.00 2.027991e-10
9990.00 2.026891e-10
10000.00 2.039515e-10
10010.00 2.181800e-10
10020.00 2.182323e-10
10030.00 2.040082e-10
10040.00 2.170501e-10
10050.00 2.231827e-10
10060.00 2.221897e-10
10070.00 2.212036e-10
10080.00 2.202203e-10
10090.00 2.192400e-10
10100.00 2.182666e-10
10110.00 2.172959e-10
10120.00 2.163283e-10
10130.00 2.153672e-10
10140.00 2.144091e-10
10150.00 2.134538e-10
10160.00 2.125051e-10
10170.00 2.115592e-10
10180.00 2.106162e-10
10190.00 2.096796e-10
10200.00 2.087459e-10
10210.00 2.078150e-10
10220.00 2.068905e-10
10230.00 2.059687e-10
10240.00 2.050498e-10
10250.00 2.041371e-10
10260.00 2.032270e-10
10270.00 2.023199e-10
10280.00 2.014189e-10
10290.00 2.005206e-10
10300.00 1.996251e-10
10310.00 1.987357e-10
10320.00 1.978489e-10
10330.00 1.969648e-10
10340.00 1.960868e-10
10350.00 1.952113e-10
10360.00 1.943387e-10
10370.00 1.934719e-10
10380.00 1.926076e-10
10390.00 1.917461e-10
10400.00 1.908904e-10
10410.00 1.900372e-10
10420.00 1.891867e-10
10430.00 1.883420e-10
10440.00 1.874998e-10
10450.00 1.866603e-10
10460.00 1.858264e-10
10470.00 1.849948e-10
10480.00 1.841661e-10
10490.00 1.833429e-10
10500.00 1.825220e-10
10510.00 1.817040e-10
10520.00 1.808914e-10
10530.00 1.800810e-10
10540.00 1.792734e-10
10550.00 1.784710e-10
10560.00 1.776711e-10
10570.00 1.768739e-10
10580.00 1.760819e-10
10590.00 1.752921e-10
10600.00 1.745052e-10
10610.00 1.737232e-10
10620.00 1.729436e-10
10630.00 1.721668e-10
10640.00 1.713949e-10
10650.00 1.706253e-10
10660.00 1.698584e-10
10670.00 1.690964e-10
10680.00 1.683367e-10
10690.00 1.675796e-10
10700.00 1.668274e-10
10710.00 1.660774e-10
10720.00 1.653301e-10
10730.00 1.645875e-10
10740.00 1.638470e-10
10750.00 1.631093e-10
10760.00 1.623762e-10
10770.00 1.616452e-10
10780.00 1.609171e-10
10790.00 1.601933e-10
10800.00 1.594718e-10
10810.00 1.587529e-10
10820.00 1.580384e-10
10830.00 1.573261e-10
10840.00 1.566165e-10
10850.00 1.559112e-10
10860.00 1.552080e-10
10870.00 1.545075e-10
10880.00 1.538112e-10
10890.00 1.531172e-10
10900.00 1.524256e-10
10910.00 1.517382e-10
10920.00 1.510530e-10
10930.00 1.503704e-10
10940.00 1.496918e-10
10950.00 1.490154e-10
10960.00 1.483416e-10
10970.00 1.476717e-10
10980.00 1.470041e-10
10990.00 1.463388e-10
11000.00 1.456776e-10
11010.00 1.450184e-10
11020.00 1.443617e-10
11030.00 1.437091e-10
11040.00 1.430583e-10
11050.00 1.424101e-10
11060.00 1.417657e-10
11070.00 1.411234e-10
11080.00 1.404835e-10
11090.00 1.398475e-10
11100.00 1.392133e-10
11110.00 1.385817e-10
11120.00 1.379538e-10
11130.00 1.373279e-10
11140.00 1.367043e-10
11150.00 1.360845e-10
11160.00 1.354666e-10
11170.00 1.348511e-10
11180.00 1.342393e-10
11190.00 1.336293e-10
11200.00 1.330218e-10
11210.00 1.324178e-10
11220.00 1.318156e-10
11230.00 1.312159e-10
11240.00 1.306197e-10
11250.00 1.300253e-10
11260.00 1.294334e-10
11270.00 1.288448e-10
11280.00 1.282580e-10
11290.00 1.276737e-10
11300.00 1.270927e-10
11310.00 1.265135e-10
11320.00 1.259367e-10
11330.00 1.253632e-10
11340.00 1.247914e-10
11350.00 1.242221e-10
11360.00 1.236559e-10
11370.00 1.230916e-10
11380.00 1.225295e-10
11390.00 1.219708e-10
11400.00 1.214137e-10
11410.00 1.208589e-10
11420.00 1.203072e-10
11430.00 1.197574e-10
11440.00 1.192098e-10
11450.00 1.186652e-10
11460.00 1.181225e-10
11470.00 1.175820e-10
11480.00 1.170445e-10
11490.00 1.165087e-10
11500.00 1.159751e-10
11510.00 1.154447e-10
11520.00 1.149158e-10
11530.00 1.143891e-10
11540.00 1.138654e-10
11550.00 1.133433e-10
11560.00 1.128235e-10
11570.00 1.123065e-10
11580.00 1.117912e-10
11590.00 1.112781e-10
11600.00 1.107679e-10
11610.00 1.102593e-10
11620.00 1.097528e-10
11630.00 1.092491e-10
11640.00 1.087470e-10
11650.00 1.082471e-10
11660.00 1.077499e-10
11670.00 1.072544e-10
11680.00 1.067609e-10
11690.00 1.062702e-10
11700.00 1.057811e-10
11710.00 1.052941e-10
11720.00 1.048097e-10
11730.00 1.043269e-10
11740.00 1.038462e-10
11750.00 1.033681e-10
11760.00 1.028915e-10
11770.00 1.024171e-10
11780.00 1.019452e-10
11790.00 1.014748e-10
11800.00 1.010065e-10
11810.00 1.005407e-10
11820.00 1.000764e-10
11830.00 9.961419e-11
11840.00 9.915447e-11
11850.00 9.869618e-11
11860.00 9.823997e-11
11870.00 9.778621e-11
11880.00 9.733389e-11
11890.00 9.688360e-11
11900.00 9.643573e-11
11910.00 9.598928e-11
11920.00 9.554485e-11
11930.00 9.510279e-11
11940.00 9.466215e-11
11950.00 9.422351e-11
11960.00 9.378720e-11
11970.00 9.335229e-11
11980.00 9.291936e-11
11990.00 9.248872e-11
12000.00 9.205946e-11
12010.00 9.163218e-11
12020.00 9.120715e-11
12030.00 9.078347e-11
12040.00 9.036176e-11
12050.00 8.994226e-11
12060.00 8.952411e-11
12070.00 8.910790e-11
12080.00 8.869386e-11
12090.00 8.828115e-11
12100.00 8.787038e-11
12110.00 8.746175e-11
12120.00 8.705441e-11
12130.00 8.664900e-11
12140.00 8.624570e-11
12150.00 8.584369e-11
12160.00 8.544356e-11
12170.00 8.504552e-11
12180.00 8.464876e-11
12190.00 8.425388e-11
12200.00 8.386103e-11
12210.00 8.346944e-11
12220.00 8.307973e-11
12230.00 8.269202e-11
12240.00 8.230556e-11
12250.00 8.192094e-11
12260.00 8.153830e-11
12270.00 8.115689e-11
12280.00 8.077732e-11
12290.00 8.039967e-11
12300.00 8.002326e-11
12310.00 7.964865e-11
12320.00 7.927596e-11
12330.00 7.890447e-11
12340.00 7.853478e-11
12350.00 7.816696e-11
12360.00 7.780034e-11
12370.00 7.743550e-11
12380.00 7.707250e-11
12390.00 7.671070e-11
12400.00 7.635066e-11
12410.00 7.599241e-11
12420.00 7.563535e-11
12430.00 7.528003e-11
12440.00 7.492650e-11
12450.00 7.457412e-11
12460.00 7.422348e-11
12470.00 7.387458e-11
12480.00 7.352683e-11
12490.00 7.318080e-11
12500.00 7.283650e-11
12510.00 7.249334e-11
12520.00 7.215186e-11
12530.00 7.181208e-11
12540.00 7.147341e-11
12550.00 7.113644e-11
12560.00 7.080114e-11
12570.00 7.046692e-11
12580.00 7.013439e-11
12590.00 6.980349e-11
12600.00 6.947369e-11
12610.00 6.914554e-11
12620.00 6.881901e-11
12630.00 6.849355e-11
12640.00 6.816973e-11
12650.00 6.784751e-11
12660.00 6.752634e-11
12670.00 6.720680e-11
12680.00 6.688883e-11
12690.00 6.657190e-11
12700.00 6.625659e-11
12710.00 6.594281e-11
12720.00 6.563006e-11
12730.00 6.531893e-11
12740.00 6.500929e-11
12750.00 6.470068e-11
12760.00 6.439366e-11
12770.00 6.408812e-11
12780.00 6.378358e-11
12790.00 6.348064e-11
12800.00 6.317914e-11
12810.00 6.287865e-11
12820.00 6.257971e-11
12830.00 6.228220e-11
12840.00 6.198569e-11
12850.00 6.169072e-11
12860.00 6.139715e-11
12870.00 6.110456e-11
12880.00 6.081351e-11
12890.00 6.052383e-11
12900.00 6.023513e-11
12910.00 5.994794e-11
12920.00 5.966212e-11
12930.00 5.937725e-11
12940.00 5.909388e-11
12950.00 5.881184e-11
12960.00 5.853076e-11
12970.00 5.825116e-11
12980.00 5.797288e-11
12990.00 5.769553e-11
13000.00 5.741965e-11
13010.00 5.714507e-11
13020.00 5.687141e-11
13030.00 5.659920e-11
13040.00 5.632828e-11
13050.00 5.605826e-11
13060.00 5.578969e-11
13070.00 5.552238e-11
13080.00 5.525596e-11
13090.00 5.499097e-11
13100.00 5.472722e-11
13110.00 5.446435e-11
13120.00 5.420290e-11
13130.00 5.394267e-11
13140.00 5.368331e-11
13150.00 5.342537e-11
13160.00 5.316860e-11
13170.00 5.291270e-11
13180.00 5.265821e-11
13190.00 5.240487e-11
13200.00 5.215239e-11
13210.00 5.190131e-11
13220.00 5.165136e-11
13230.00 5.140226e-11
13240.00 5.115454e-11
13250.00 5.090793e-11
13260.00 5.066218e-11
13270.00 5.041777e-11
13280.00 5.017447e-11
13290.00 4.993200e-11
13300.00 4.969088e-11
13310.00 4.945084e-11
13320.00 4.921163e-11
13330.00 4.897374e-11
13340.00 4.873692e-11
13350.00 4.850091e-11
13360.00 4.826623e-11
13370.00 4.803259e-11
13380.00 4.779975e-11
13390.00 4.756822e-11
13400.00 4.733772e-11
13410.00 4.710801e-11
13420.00 4.687960e-11
13430.00 4.665221e-11
13440.00 4.642559e-11
13450.00 4.620025e-11
13460.00 4.597591e-11
13470.00 4.575234e-11
13480.00 4.553005e-11
13490.00 4.530873e-11
13500.00 4.508817e-11
13510.00 4.486889e-11
13520.00 4.465056e-11
13530.00 4.443298e-11
13540.00 4.421665e-11
13550.00 4.400126e-11
13560.00 4.378662e-11
13570.00 4.357321e-11
13580.00 4.336072e-11
13590.00 4.314898e-11
13600.00 4.293847e-11
13610.00 4.272886e-11
13620.00 4.251998e-11
13630.00 4.231231e-11
13640.00 4.210553e-11
13650.00 4.189949e-11
13660.00 4.169463e-11
13670.00 4.149066e-11
13680.00 4.128739e-11
13690.00 4.108531e-11
13700.00 4.088411e-11
13710.00 4.068360e-11
13720.00 4.048426e-11
13730.00 4.028579e-11
13740.00 4.008801e-11
13750.00 3.989138e-11
13760.00 3.969560e-11
13770.00 3.950050e-11
13780.00 3.930655e-11
13790.00 3.911341e-11
13800.00 3.892097e-11
13810.00 3.872965e-11
13820.00 3.853916e-11
13830.00 3.834932e-11
13840.00 3.816062e-11
13850.00 3.797271e-11
13860.00 3.778548e-11
13870.00 3.759934e-11
13880.00 3.741400e-11
13890.00 3.722929e-11
13900.00 3.704570e-11
13910.00 3.686288e-11
13920.00 3.668071e-11
13930.00 3.649963e-11
13940.00 3.631931e-11
13950.00 3.613962e-11
13960.00 3.596101e-11
13970.00 3.578315e-11
13980.00 3.560592e-11
13990.00 3.542975e-11
14000.00 3.525433e-11
14010.00 3.507952e-11
14020.00 3.490577e-11
14030.00 3.473273e-11
14040.00 3.456032e-11
14050.00 3.438896e-11
14060.00 3.421830e-11
14070.00 3.404824e-11
14080.00 3.387923e-11
14090.00 3.371090e-11
14100.00 3.354318e-11
14110.00 3.337649e-11
14120.00 3.321048e-11
14130.00 3.304505e-11
14140.00 3.288065e-11
14150.00 3.271692e-11
14160.00 3.255378e-11
14170.00 3.239164e-11
14180.00 3.223016e-11
14190.00 3.206925e-11
14200.00 3.190935e-11
14210.00 3.175009e-11
14220.00 3.159141e-11
14230.00 3.143370e-11
14240.00 3.127664e-11
14250.00 3.112014e-11
14260.00 3.096461e-11
14270.00 3.080971e-11
14280.00 3.065537e-11
14290.00 3.050199e-11
14300.00 3.034923e-11
14310.00 3.019701e-11
14320.00 3.004575e-11
14330.00 2.989510e-11
14340.00 2.974500e-11
14350.00 2.959583e-11
14360.00 2.944725e-11
14370.00 2.929922e-11
14380.00 2.915212e-11
14390.00 2.900561e-11
14400.00 2.885963e-11
14410.00 2.871457e-11
14420.00 2.857009e-11
14430.00 2.842613e-11
14440.00 2.828308e-11
14450.00 2.814060e-11
14460.00 2.799864e-11
14470.00 2.785758e-11
14480.00 2.771706e-11
14490.00 2.757708e-11
14500.00 2.743798e-11
14510.00 2.729944e-11
14520.00 2.716138e-11
14530.00 2.702423e-11
14540.00 2.688760e-11
14550.00 2.675147e-11
14560.00 2.661622e-11
14570.00 2.648149e-11
14580.00 2.634726e-11
14590.00 2.621390e-11
14600.00 2.608105e-11
14610.00 2.594869e-11
14620.00 2.581718e-11
14630.00 2.568620e-11
14640.00 2.555569e-11
14650.00 2.542602e-11
14660.00 2.529685e-11
14670.00 2.516816e-11
14680.00 2.504030e-11
14690.00 2.491295e-11
14700.00 2.478606e-11
14710.00 2.465999e-11
14720.00 2.453441e-11
14730.00 2.440930e-11
14740.00 2.428499e-11
14750.00 2.416118e-11
14760.00 2.403781e-11
14770.00 2.391526e-11
14780.00 2.379318e-11
14790.00 2.367155e-11
14800.00 2.355072e-11
14810.00 2.343034e-11
14820.00 2.331041e-11
14830.00 2.319128e-11
14840.00 2.307260e-11
14850.00 2.295436e-11
14860.00 2.283690e-11
14870.00 2.271988e-11
14880.00 2.260331e-11
14890.00 2.248750e-11
14900.00 2.237214e-11
14910.00 2.225720e-11
14920.00 2.214303e-11
14930.00 2.202929e-11
14940.00 2.191597e-11
14950.00 2.180342e-11
14960.00 2.169128e-11
14970.00 2.157956e-11
14980.00 2.146860e-11
14990.00 2.135803e-11
15000.00 2.124789e-11
15010.00 2.113849e-11
15020.00 2.102950e-11
15030.00 2.092092e-11
15040.00 2.081307e-11
15050.00 2.070562e-11
15060.00 2.059858e-11
15070.00 2.049225e-11
15080.00 2.038633e-11
15090.00 2.028080e-11
15100.00 2.017598e-11
15110.00 2.007155e-11
15120.00 1.996753e-11
15130.00 1.986420e-11
15140.00 1.976125e-11
15150.00 1.965870e-11
15160.00 1.955683e-11
15170.00 1.945536e-11
15180.00 1.935427e-11
15190.00 1.925386e-11
15200.00 1.915381e-11
15210.00 1.905416e-11
15220.00 1.895517e-11
15230.00 1.885655e-11
15240.00 1.875833e-11
15250.00 1.866075e-11
15260.00 1.856354e-11
15270.00 1.846672e-11
15280.00 1.837053e-11
15290.00 1.827471e-11
15300.00 1.817926e-11
15310.00 1.808445e-11
15320.00 1.798999e-11
15330.00 1.789592e-11
15340.00 1.780246e-11
15350.00 1.770935e-11
15360.00 1.761662e-11
15370.00 1.752450e-11
15380.00 1.743273e-11
15390.00 1.734133e-11
15400.00 1.725053e-11
15410.00 1.716008e-11
15420.00 1.706999e-11
15430.00 1.698049e-11
15440.00 1.689132e-11
15450.00 1.680254e-11
15460.00 1.671432e-11
15470.00 1.662644e-11
15480.00 1.653892e-11
15490.00 1.645197e-11
15500.00 1.636536e-11
15510.00 1.627911e-11
15520.00 1.619341e-11
15530.00 1.610804e-11
15540.00 1.602302e-11
15550.00 1.593856e-11
15560.00 1.585443e-11
15570.00 1.577064e-11
15580.00 1.568739e-11
15590.00 1.560447e-11
15600.00 1.552189e-11
15610.00 1.543985e-11
15620.00 1.535812e-11
15630.00 1.527674e-11
15640.00 1.519588e-11
15650.00 1.511533e-11
15660.00 1.503512e-11
15670.00 1.495544e-11
15680.00 1.487605e-11
15690.00 1.479702e-11
15700.00 1.471848e-11
15710.00 1.464025e-11
15720.00 1.456235e-11
15730.00 1.448496e-11
15740.00 1.440786e-11
15750.00 1.433110e-11
15760.00 1.425482e-11
15770.00 1.417885e-11
15780.00 1.410320e-11
15790.00 1.402804e-11
15800.00 1.395317e-11
15810.00 1.387862e-11
15820.00 1.380455e-11
15830.00 1.373077e-11
15840.00 1.365731e-11
15850.00 1.358431e-11
15860.00 1.351161e-11
15870.00 1.343922e-11
15880.00 1.336730e-11
15890.00 1.329564e-11
15900.00 1.322432e-11
15910.00 1.315343e-11
15920.00 1.308285e-11
15930.00 1.301255e-11
15940.00 1.294272e-11
15950.00 1.287315e-11
15960.00 1.280389e-11
15970.00 1.273507e-11
15980.00 1.266652e-11
15990.00 1.259828e-11
16000.00 1.253046e-11
16010.00 1.246292e-11
16020.00 1.239568e-11
16030.00 1.232886e-11
16040.00 1.226230e-11
16050.00 1.219606e-11
16060.00 1.213022e-11
16070.00 1.206465e-11
16080.00 1.199937e-11
16090.00 1.193450e-11
16100.00 1.186988e-11
16110.00 1.180558e-11
16120.00 1.174166e-11
16130.00 1.167800e-11
16140.00 1.161463e-11
16150.00 1.155166e-11
16160.00 1.148894e-11
16170.00 1.142651e-11
16180.00 1.136447e-11
16190.00 1.130266e-11
16200.00 1.124117e-11
16210.00 1.118003e-11
16220.00 1.111915e-11
16230.00 1.105856e-11
16240.00 1.099833e-11
16250.00 1.093835e-11
16260.00 1.087865e-11
16270.00 1.081932e-11
16280.00 1.076023e-11
16290.00 1.070141e-11
16300.00 1.064296e-11
16310.00 1.058474e-11
16320.00 1.052680e-11
16330.00 1.046922e-11
16340.00 1.041187e-11
16350.00 1.035479e-11
16360.00 1.029806e-11
16370.00 1.024156e-11
16380.00 1.018533e-11
16390.00 1.012945e-11
16400.00 1.007379e-11
16410.00 1.001840e-11
16420.00 9.963345e-12
16430.00 9.908517e-12
16440.00 9.853954e-12
16450.00 9.799723e-12
16460.00 9.745711e-12
16470.00 9.691964e-12
16480.00 9.638544e-12
16490.00 9.585339e-12
16500.00 9.532399e-12
16510.00 9.479776e-12
16520.00 9.427368e-12
16530.00 9.375218e-12
16540.00 9.323383e-12
16550.00 9.271760e-12
16560.00 9.220393e-12
16570.00 9.169335e-12
16580.00 9.118487e-12
16590.00 9.067890e-12
16600.00 9.017599e-12
16610.00 8.967513e-12
16620.00 8.917678e-12
16630.00 8.868142e-12
16640.00 8.818810e-12
16650.00 8.769725e-12
16660.00 8.720935e-12
16670.00 8.672345e-12
16680.00 8.624000e-12
16690.00 8.575945e-12
16700.00 8.528087e-12
16710.00 8.480473e-12
16720.00 8.433143e-12
16730.00 8.386008e-12
16740.00 8.339112e-12
16750.00 8.292497e-12
16760.00 8.246073e-12
16770.00 8.199888e-12
16780.00 8.153977e-12
16790.00 8.108258e-12
16800.00 8.062772e-12
16810.00 8.017558e-12
16820.00 7.972529e-12
16830.00 7.927734e-12
16840.00 7.883205e-12
16850.00 7.838859e-12
16860.00 7.794744e-12
16870.00 7.750891e-12
16880.00 7.707219e-12
16890.00 7.663777e-12
16900.00 7.620590e-12
16910.00 7.577582e-12
16920.00 7.534801e-12
16930.00 7.492272e-12
16940.00 7.449920e-12
16950.00 7.407791e-12
16960.00 7.365909e-12
16970.00 7.324202e-12
16980.00 7.282717e-12
16990.00 7.241475e-12
17000.00 7.200406e-12
17010.00 7.159555e-12
17020.00 7.118943e-12
17030.00 7.078501e-12
17040.00 7.038276e-12
17050.00 6.998286e-12
17060.00 6.958463e-12
17070.00 6.918855e-12
17080.00 6.879478e-12
17090.00 6.840266e-12
17100.00 6.801265e-12
17110.00 6.762492e-12
17120.00 6.723883e-12
17130.00 6.685481e-12
17140.00 6.647304e-12
17150.00 6.609287e-12
17160.00 6.571477e-12
17170.00 6.533887e-12
17180.00 6.496457e-12
17190.00 6.459230e-12
17200.00 6.422218e-12
17210.00 6.385365e-12
17220.00 6.348713e-12
17230.00 6.312273e-12
17240.00 6.275988e-12
17250.00 6.239902e-12
17260.00 6.204025e-12
17270.00 6.168300e-12
17280.00 6.132774e-12
17290.00 6.097452e-12
17300.00 6.062281e-12
17310.00 6.027304e-12
17320.00 5.992529e-12
17330.00 5.957903e-12
17340.00 5.923470e-12
17350.00 5.889235e-12
17360.00 5.855146e-12
17370.00 5.821247e-12
17380.00 5.787544e-12
17390.00 5.753985e-12
17400.00 5.720614e-12
17410.00 5.687436e-12
17420.00 5.654399e-12
17430.00 5.621548e-12
17440.00 5.588886e-12
17450.00 5.556365e-12
17460.00 5.524027e-12
17470.00 5.491874e-12
17480.00 5.459860e-12
17490.00 5.428027e-12
17500.00 5.396378e-12
17510.00 5.364866e-12
17520.00 5.333531e-12
17530.00 5.302376e-12
17540.00 5.271356e-12
17550.00 5.240513e-12
17560.00 5.209846e-12
17570.00 5.179311e-12
17580.00 5.148953e-12
17590.00 5.118766e-12
17600.00 5.088712e-12
17610.00 5.058831e-12
17620.00 5.029119e-12
17630.00 4.999536e-12
17640.00 4.970126e-12
17650.00 4.940881e-12
17660.00 4.911765e-12
17670.00 4.882818e-12
17680.00 4.854035e-12
17690.00 4.825376e-12
17700.00 4.796886e-12
17710.00 4.768557e-12
17720.00 4.740352e-12
17730.00 4.712312e-12
17740.00 4.684430e-12
17750.00 4.656672e-12
17760.00 4.629077e-12
17770.00 4.601636e-12
17780.00 4.574315e-12
17790.00 4.547158e-12
17800.00 4.520152e-12
17810.00 4.493266e-12
17820.00 4.466539e-12
17830.00 4.439962e-12
17840.00 4.413503e-12
17850.00 4.387203e-12
17860.00 4.361047e-12
17870.00 4.335009e-12
17880.00 4.309127e-12
17890.00 4.283388e-12
17900.00 4.257765e-12
17910.00 4.232296e-12
17920.00 4.206968e-12
17930.00 4.181753e-12
17940.00 4.156690e-12
17950.00 4.131767e-12
17960.00 4.106955e-12
17970.00 4.082293e-12
17980.00 4.057769e-12
17990.00 4.033354e-12
18000.00 4.009088e-12
18010.00 3.984956e-12
18020.00 3.960932e-12
18030.00 3.937056e-12
18040.00 3.913311e-12
18050.00 3.889673e-12
18060.00 3.866180e-12
18070.00 3.842817e-12
18080.00 3.819558e-12
18090.00 3.796444e-12
18100.00 3.773457e-12
18110.00 3.750573e-12
18120.00 3.727831e-12
18130.00 3.705214e-12
18140.00 3.682700e-12
18150.00 3.660325e-12
18160.00 3.638073e-12
18170.00 3.615922e-12
18180.00 3.593910e-12
18190.00 3.572017e-12
18200.00 3.550225e-12
18210.00 3.528569e-12
18220.00 3.507031e-12
18230.00 3.485593e-12
18240.00 3.464288e-12
18250.00 3.443099e-12
18260.00 3.422008e-12
18270.00 3.401048e-12
18280.00 3.380205e-12
18290.00 3.359456e-12
18300.00 3.338838e-12
18310.00 3.318335e-12
18320.00 3.297923e-12
18330.00 3.277641e-12
18340.00 3.257471e-12
18350.00 3.237393e-12
18360.00 3.217443e-12
18370.00 3.197602e-12
18380.00 3.177851e-12
18390.00 3.158227e-12
18400.00 3.138710e-12
18410.00 3.119283e-12
18420.00 3.099981e-12
18430.00 3.080783e-12
18440.00 3.061674e-12
18450.00 3.042689e-12
18460.00 3.023807e-12
18470.00 3.005011e-12
18480.00 2.986337e-12
18490.00 2.967765e-12
18500.00 2.949279e-12
18510.00 2.930914e-12
18520.00 2.912648e-12
18530.00 2.894465e-12
18540.00 2.876402e-12
18550.00 2.858437e-12
18560.00 2.840555e-12
18570.00 2.822789e-12
18580.00 2.805121e-12
18590.00 2.787535e-12
18600.00 2.770063e-12
18610.00 2.752687e-12
18620.00 2.735391e-12
18630.00 2.718210e-12
18640.00 2.701121e-12
18650.00 2.684112e-12
18660.00 2.667215e-12
18670.00 2.650411e-12
18680.00 2.633684e-12
18690.00 2.617070e-12
18700.00 2.600544e-12
18710.00 2.584095e-12
18720.00 2.567757e-12
18730.00 2.551507e-12
18740.00 2.535333e-12
18750.00 2.519267e-12
18760.00 2.503288e-12
18770.00 2.487383e-12
18780.00 2.471586e-12
18790.00 2.455874e-12
18800.00 2.440235e-12
18810.00 2.424703e-12
18820.00 2.409253e-12
18830.00 2.393876e-12
18840.00 2.378605e-12
18850.00 2.363414e-12
18860.00 2.348296e-12
18870.00 2.333280e-12
18880.00 2.318345e-12
18890.00 2.303481e-12
18900.00 2.288718e-12
18910.00 2.274034e-12
18920.00 2.259421e-12
18930.00 2.244906e-12
18940.00 2.230470e-12
18950.00 2.216102e-12
18960.00 2.201834e-12
18970.00 2.187641e-12
18980.00 2.173516e-12
18990.00 2.159490e-12
19000.00 2.145537e-12
19010.00 2.131651e-12
19020.00 2.117861e-12
19030.00 2.104146e-12
19040.00 2.090496e-12
19050.00 2.076941e-12
19060.00 2.063458e-12
19070.00 2.050039e-12
19080.00 2.036715e-12
19090.00 2.023462e-12
19100.00 2.010271e-12
19110.00 1.997175e-12
19120.00 1.984146e-12
19130.00 1.971182e-12
19140.00 1.958307e-12
19150.00 1.945502e-12
19160.00 1.932760e-12
19170.00 1.920105e-12
19180.00 1.907518e-12
19190.00 1.894994e-12
19200.00 1.882557e-12
19210.00 1.870186e-12
19220.00 1.857876e-12
19230.00 1.845653e-12
19240.00 1.833495e-12
19250.00 1.821395e-12
19260.00 1.809384e-12
19270.00 1.797434e-12
19280.00 1.785544e-12
19290.00 1.773737e-12
19300.00 1.761995e-12
19310.00 1.750309e-12
19320.00 1.738707e-12
19330.00 1.727166e-12
19340.00 1.715683e-12
19350.00 1.704282e-12
19360.00 1.692941e-12
19370.00 1.681656e-12
19380.00 1.670453e-12
19390.00 1.659308e-12
19400.00 1.648220e-12
19410.00 1.637211e-12
19420.00 1.626261e-12
19430.00 1.615364e-12
19440.00 1.604546e-12
19450.00 1.593787e-12
19460.00 1.583080e-12
19470.00 1.572452e-12
19480.00 1.561879e-12
19490.00 1.551360e-12
19500.00 1.540917e-12
19510.00 1.530529e-12
19520.00 1.520193e-12
19530.00 1.509933e-12
19540.00 1.499728e-12
19550.00 1.489573e-12
19560.00 1.479493e-12
19570.00 1.469466e-12
19580.00 1.459489e-12
19590.00 1.449586e-12
19600.00 1.439736e-12
19610.00 1.429935e-12
19620.00 1.420206e-12
19630.00 1.410528e-12
19640.00 1.400901e-12
19650.00 1.391344e-12
19660.00 1.381838e-12
19670.00 1.372379e-12
19680.00 1.362992e-12
19690.00 1.353653e-12
19700.00 1.344362e-12
19710.00 1.335141e-12
19720.00 1.325968e-12
19730.00 1.316842e-12
19740.00 1.307785e-12
19750.00 1.298774e-12
19760.00 1.289811e-12
19770.00 1.280915e-12
19780.00 1.272065e-12
19790.00 1.263260e-12
19800.00 1.254523e-12
19810.00 1.245832e-12
19820.00 1.237183e-12
19830.00 1.228602e-12
19840.00 1.220066e-12
19850.00 1.211574e-12
19860.00 1.203145e-12
19870.00 1.194762e-12
19880.00 1.186422e-12
19890.00 1.178145e-12
19900.00 1.169912e-12
19910.00 1.161721e-12
19920.00 1.153594e-12
19930.00 1.145508e-12
19940.00 1.137466e-12
19950.00 1.129484e-12
19960.00 1.121545e-12
19970.00 1.113646e-12
19980.00 1.105811e-12
19990.00 1.098015e-12
20000.00 1.090259e-12
20010.00 1.082564e-12
20020.00 1.074910e-12
20030.00 1.067294e-12
20040.00 1.059739e-12
20050.00 1.052223e-12
20060.00 1.044747e-12
20070.00 1.037329e-12
20080.00 1.029950e-12
20090.00 1.022609e-12
20100.00 1.015326e-12
20110.00 1.008082e-12
20120.00 1.000876e-12
20130.00 9.937256e-13
20140.00 9.866130e-13
20150.00 9.795388e-13
20160.00 9.725196e-13
20170.00 9.655374e-13
20180.00 9.585929e-13
20190.00 9.517025e-13
20200.00 9.448484e-13
20210.00 9.380315e-13
20220.00 9.312677e-13
20230.00 9.245396e-13
20240.00 9.178484e-13
20250.00 9.112091e-13
20260.00 9.046051e-13
20270.00 8.980374e-13
20280.00 8.915207e-13
20290.00 8.850389e-13
20300.00 8.785928e-13
20310.00 8.721968e-13
20320.00 8.658350e-13
20330.00 8.595085e-13
20340.00 8.532311e-13
20350.00 8.469875e-13
20360.00 8.407786e-13
20370.00 8.346180e-13
20380.00 8.284905e-13
20390.00 8.223974e-13
20400.00 8.163516e-13
20410.00 8.103384e-13
20420.00 8.043593e-13
20430.00 7.984266e-13
20440.00 7.925259e-13
20450.00 7.866588e-13
20460.00 7.808371e-13
20470.00 7.750472e-13
20480.00 7.692902e-13
20490.00 7.635778e-13
20500.00 7.578967e-13
20510.00 7.522484e-13
20520.00 7.466435e-13
20530.00 7.410694e-13
20540.00 7.355275e-13
20550.00 7.300285e-13
20560.00 7.245597e-13
20570.00 7.191225e-13
20580.00 7.137276e-13
20590.00 7.083624e-13
20600.00 7.030284e-13
20610.00 6.977359e-13
20620.00 6.924726e-13
20630.00 6.872400e-13
20640.00 6.820481e-13
20650.00 6.768849e-13
20660.00 6.717522e-13
20670.00 6.666593e-13
20680.00 6.615947e-13
20690.00 6.565601e-13
20700.00 6.515645e-13
20710.00 6.465969e-13
20720.00 6.416587e-13
20730.00 6.367590e-13
20740.00 6.318866e-13
20750.00 6.270434e-13
20760.00 6.222377e-13
20770.00 6.174591e-13
20780.00 6.127093e-13
20790.00 6.079962e-13
20800.00 6.033098e-13
20810.00 5.986518e-13
20820.00 5.940297e-13
20830.00 5.894339e-13
20840.00 5.848661e-13
20850.00 5.803336e-13
20860.00 5.758270e-13
20870.00 5.713479e-13
20880.00 5.669036e-13
20890.00 5.624845e-13
20900.00 5.580926e-13
20910.00 5.537349e-13
20920.00 5.494021e-13
20930.00 5.450960e-13
20940.00 5.408234e-13
20950.00 5.365752e-13
20960.00 5.323535e-13
20970.00 5.281646e-13
20980.00 5.239998e-13
20990.00 5.198610e-13
21000.00 5.157544e-13
21010.00 5.116714e-13
21020.00 5.076142e-13
21030.00 5.035885e-13
21040.00 4.995861e-13
21050.00 4.956090e-13
21060.00 4.916629e-13
21070.00 4.877396e-13
21080.00 4.838413e-13
21090.00 4.799734e-13
21100.00 4.761280e-13
21110.00 4.723072e-13
21120.00 4.685161e-13
21130.00 4.647472e-13
21140.00 4.610025e-13
21150.00 4.572870e-13
21160.00 4.535934e-13
21170.00 4.499235e-13
21180.00 4.462823e-13
21190.00 4.426626e-13
21200.00 4.390663e-13
21210.00 4.354981e-13
21220.00 4.319510e-13
21230.00 4.284271e-13
21240.00 4.249307e-13
21250.00 4.214551e-13
21260.00 4.180022e-13
21270.00 4.145763e-13
21280.00 4.111708e-13
21290.00 4.077879e-13
21300.00 4.044314e-13
21310.00 4.010948e-13
21320.00 3.977806e-13
21330.00 3.944922e-13
21340.00 3.912236e-13
21350.00 3.879767e-13
21360.00 3.847553e-13
21370.00 3.815533e-13
21380.00 3.783728e-13
21390.00 3.752173e-13
21400.00 3.720807e-13
21410.00 3.689654e-13
21420.00 3.658745e-13
21430.00 3.628023e-13
21440.00 3.597510e-13
21450.00 3.567236e-13
21460.00 3.537147e-13
21470.00 3.507264e-13
21480.00 3.477615e-13
21490.00 3.448147e-13
21500.00 3.418883e-13
21510.00 3.389847e-13
21520.00 3.360990e-13
21530.00 3.332333e-13
21540.00 3.303901e-13
21550.00 3.275643e-13
21560.00 3.247583e-13
21570.00 3.219743e-13
21580.00 3.192075e-13
21590.00 3.164602e-13
21600.00 3.137344e-13
21610.00 3.110256e-13
21620.00 3.083357e-13
21630.00 3.056672e-13
21640.00 3.030152e-13
21650.00 3.003820e-13
21660.00 2.977696e-13
21670.00 2.951736e-13
21680.00 2.925961e-13
21690.00 2.900389e-13
21700.00 2.874977e-13
21710.00 2.849748e-13
21720.00 2.824718e-13
21730.00 2.799847e-13
21740.00 2.775153e-13
21750.00 2.750657e-13
21760.00 2.726314e-13
21770.00 2.702149e-13
21780.00 2.678175e-13
21790.00 2.654355e-13
21800.00 2.630706e-13
21810.00 2.607245e-13
21820.00 2.583936e-13
21830.00 2.560797e-13
21840.00 2.537841e-13
21850.00 2.515033e-13
21860.00 2.492393e-13
21870.00 2.469933e-13
21880.00 2.447619e-13
21890.00 2.425469e-13
21900.00 2.403496e-13
21910.00 2.381666e-13
21920.00 2.359998e-13
21930.00 2.338504e-13
21940.00 2.317149e-13
21950.00 2.295954e-13
21960.00 2.274929e-13
21970.00 2.254042e-13
21980.00 2.233311e-13
21990.00 2.212747e-13
22000.00 2.192318e-13
22010.00 2.172043e-13
22020.00 2.151932e-13
22030.00 2.131954e-13
22040.00 2.112127e-13
22050.00 2.092460e-13
22060.00 2.072924e-13
22070.00 2.053537e-13
22080.00 2.034307e-13
22090.00 2.015205e-13
22100.00 1.996250e-13
22110.00 1.977448e-13
22120.00 1.958772e-13
22130.00 1.940241e-13
22140.00 1.921860e-13
22150.00 1.903603e-13
22160.00 1.885488e-13
22170.00 1.867519e-13
22180.00 1.849673e-13
22190.00 1.831966e-13
22200.00 1.814405e-13
22210.00 1.796961e-13
22220.00 1.779656e-13
22230.00 1.762491e-13
22240.00 1.745444e-13
22250.00 1.728532e-13
22260.00 1.711758e-13
22270.00 1.695099e-13
22280.00 1.678573e-13
22290.00 1.662184e-13
22300.00 1.645906e-13
22310.00 1.629759e-13
22320.00 1.613746e-13
22330.00 1.597843e-13
22340.00 1.582069e-13
22350.00 1.566424e-13
22360.00 1.550888e-13
22370.00 1.535479e-13
22380.00 1.520197e-13
22390.00 1.505022e-13
22400.00 1.489972e-13
22410.00 1.475046e-13
22420.00 1.460224e-13
22430.00 1.445525e-13
22440.00 1.430948e-13
22450.00 1.416474e-13
22460.00 1.402121e-13
22470.00 1.387886e-13
22480.00 1.373753e-13
22490.00 1.359737e-13
22500.00 1.345840e-13
22510.00 1.332041e-13
22520.00 1.318357e-13
22530.00 1.304789e-13
22540.00 1.291318e-13
22550.00 1.277961e-13
22560.00 1.264716e-13
22570.00 1.251567e-13
22580.00 1.238529e-13
22590.00 1.225601e-13
22600.00 1.212769e-13
22610.00 1.200044e-13
22620.00 1.187428e-13
22630.00 1.174904e-13
22640.00 1.162489e-13
22650.00 1.150178e-13
22660.00 1.137958e-13
22670.00 1.125843e-13
22680.00 1.113833e-13
22690.00 1.101910e-13
22700.00 1.090092e-13
22710.00 1.078375e-13
22720.00 1.066745e-13
22730.00 1.055218e-13
22740.00 1.043788e-13
22750.00 1.032445e-13
22760.00 1.021202e-13
22770.00 1.010056e-13
22780.00 9.989934e-14
22790.00 9.880299e-14
22800.00 9.771608e-14
22810.00 9.663743e-14
22820.00 9.556844e-14
22830.00 9.450871e-14
22840.00 9.345710e-14
22850.00 9.241496e-14
22860.00 9.138188e-14
22870.00 9.035677e-14
22880.00 8.934097e-14
22890.00 8.833403e-14
22900.00 8.733490e-14
22910.00 8.634490e-14
22920.00 8.536358e-14
22930.00 8.438993e-14
22940.00 8.342524e-14
22950.00 8.246906e-14
22960.00 8.152038e-14
22970.00 8.058051e-14
22980.00 7.964894e-14
22990.00 7.872475e-14
23000.00 7.780919e-14
23010.00 7.690176e-14
23020.00 7.600157e-14
23030.00 7.510985e-14
23040.00 7.422609e-14
23050.00 7.334942e-14
23060.00 7.248107e-14
23070.00 7.162050e-14
23080.00 7.076690e-14
23090.00 6.992143e-14
23100.00 6.908359e-14
23110.00 6.825259e-14
23120.00 6.742956e-14
23130.00 6.661400e-14
23140.00 6.580514e-14
23150.00 6.500411e-14
23160.00 6.421037e-14
23170.00 6.342322e-14
23180.00 6.264373e-14
23190.00 6.187138e-14
23200.00 6.110548e-14
23210.00 6.034712e-14
23220.00 5.959572e-14
23230.00 5.885066e-14
23240.00 5.811297e-14
23250.00 5.738211e-14
23260.00 5.665746e-14
23270.00 5.594004e-14
23280.00 5.522930e-14
23290.00 5.452463e-14
23300.00 5.382707e-14
23310.00 5.313604e-14
23320.00 5.245095e-14
23330.00 5.177283e-14
23340.00 5.110111e-14
23350.00 5.043521e-14
23360.00 4.977614e-14
23370.00 4.912330e-14
23380.00 4.847620e-14
23390.00 4.783577e-14
23400.00 4.720147e-14
23410.00 4.657277e-14
23420.00 4.595061e-14
23430.00 4.533444e-14
23440.00 4.472375e-14
23450.00 4.411948e-14
23460.00 4.352106e-14
23470.00 4.292803e-14
23480.00 4.234128e-14
23490.00 4.176024e-14
23500.00 4.118449e-14
23510.00 4.061490e-14
23520.00 4.005089e-14
23530.00 3.949204e-14
23540.00 3.893923e-14
23550.00 3.839189e-14
23560.00 3.784960e-14
23570.00 3.731323e-14
23580.00 3.678219e-14
23590.00 3.625612e-14
23600.00 3.573584e-14
23610.00 3.522078e-14
23620.00 3.471057e-14
23630.00 3.420604e-14
23640.00 3.370660e-14
23650.00 3.321192e-14
23660.00 3.272279e-14
23670.00 3.223865e-14
23680.00 3.175919e-14
23690.00 3.128513e-14
23700.00 3.081597e-14
23710.00 3.035137e-14
23720.00 2.989208e-14
23730.00 2.943755e-14
23740.00 2.898750e-14
23750.00 2.854265e-14
23760.00 2.810246e-14
23770.00 2.766665e-14
23780.00 2.723593e-14
23790.00 2.680976e-14
23800.00 2.638788e-14
23810.00 2.597098e-14
23820.00 2.555852e-14
23830.00 2.515027e-14
23840.00 2.474688e-14
23850.00 2.434783e-14
23860.00 2.395291e-14
23870.00 2.356275e-14
23880.00 2.317683e-14
23890.00 2.279494e-14
23900.00 2.241770e-14
23910.00 2.204462e-14
23920.00 2.167548e-14
23930.00 2.131089e-14
23940.00 2.095035e-14
23950.00 2.059367e-14
23960.00 2.024143e-14
23970.00 1.989317e-14
23980.00 1.954869e-14
23990.00 1.920854e-14
24000.00 1.887227e-14
24010.00 1.853969e-14
24020.00 1.821137e-14
24030.00 1.788682e-14
24040.00 1.756590e-14
24050.00 1.724912e-14
24060.00 1.693604e-14
24070.00 1.662650e-14
24080.00 1.632101e-14
24090.00 1.601912e-14
24100.00 1.572071e-14
24110.00 1.542626e-14
24120.00 1.513532e-14
24130.00 1.484778e-14
24140.00 1.456410e-14
24150.00 1.428387e-14
24160.00 1.400695e-14
24170.00 1.373380e-14
24180.00 1.346402e-14
24190.00 1.319748e-14
24200.00 1.293462e-14
24210.00 1.267506e-14
24220.00 1.241866e-14
24230.00 1.216585e-14
24240.00 1.191626e-14
24250.00 1.166976e-14
24260.00 1.142677e-14
24270.00 1.118692e-14
24280.00 1.095011e-14
24290.00 1.071670e-14
24300.00 1.048635e-14
24310.00 1.025898e-14
24320.00 1.003494e-14
24330.00 9.813888e-15
24340.00 9.595737e-15
24350.00 9.380839e-15
24360.00 9.168853e-15
24370.00 8.959706e-15
24380.00 8.753733e-15
24390.00 8.550600e-15
24400.00 8.350243e-15
24410.00 8.152977e-15
24420.00 7.958486e-15
24430.00 7.766707e-15
24440.00 7.577943e-15
24450.00 7.391886e-15
24460.00 7.208478e-15
24470.00 7.028009e-15
24480.00 6.850180e-15
24490.00 6.674942e-15
24500.00 6.502566e-15
24510.00 6.332768e-15
24520.00 6.165499e-15
24530.00 6.001017e-15
24540.00 5.839051e-15
24550.00 5.679555e-15
24560.00 5.522775e-15
24570.00 5.368448e-15
24580.00 5.216536e-15
24590.00 5.067264e-15
24600.00 4.920389e-15
24610.00 4.775871e-15
24620.00 4.633923e-15
24630.00 4.494311e-15
24640.00 4.357002e-15
24650.00 4.222195e-15
24660.00 4.089666e-15
24670.00 3.959386e-15
24680.00 3.831539e-15
24690.00 3.705914e-15
24700.00 3.582483e-15
24710.00 3.461420e-15
24720.00 3.342523e-15
24730.00 3.225770e-15
24740.00 3.111315e-15
24750.00 2.998976e-15
24760.00 2.888727e-15
24770.00 2.780714e-15
24780.00 2.674762e-15
24790.00 2.570851e-15
24800.00 2.469112e-15
24810.00 2.369383e-15
24820.00 2.271645e-15
24830.00 2.176016e-15
24840.00 2.082347e-15
24850.00 1.990621e-15
24860.00 1.900941e-15
24870.00 1.813174e-15
24880.00 1.727300e-15
24890.00 1.643416e-15
24900.00 1.561393e-15
24910.00 1.481218e-15
24920.00 1.402972e-15
24930.00 1.326541e-15
24940.00 1.251912e-15
24950.00 1.179154e-15
24960.00 1.108166e-15
24970.00 1.038932e-15
24980.00 9.715148e-16
24990.00 9.058209e-16
25000.00 8.418387e-16
