1000.00 2.056220e-24
1010.00 7.596772e-23
1020.00 3.718370e-22
1030.00 1.092421e-21
1040.00 2.511967e-21
1050.00 4.996351e-21
1060.00 9.027654e-21
1070.00 1.523407e-20
1080.00 2.442606e-20
1090.00 3.763990e-20
1100.00 5.619001e-20
1110.00 8.173146e-20
1120.00 1.163339e-19
1130.00 1.625703e-19
1140.00 2.236205e-19
1150.00 3.033935e-19
1160.00 4.066716e-19
1170.00 5.392785e-19
1180.00 7.082728e-19
1190.00 9.221781e-19
1200.00 1.191245e-18
1210.00 1.527755e-18
1220.00 1.946371e-18
1230.00 2.464539e-18
1240.00 3.102952e-18
1250.00 3.886599e-18
1260.00 4.845626e-18
1270.00 6.017310e-18
1280.00 7.444869e-18
1290.00 9.179235e-18
1300.00 1.128063e-17
1310.00 1.382007e-17
1320.00 1.688123e-17
1330.00 2.056246e-17
1340.00 2.497915e-17
1350.00 3.026640e-17
1360.00 3.658229e-17
1370.00 4.411121e-17
1380.00 5.306812e-17
1390.00 6.370315e-17
1400.00 7.630682e-17
1410.00 9.121613e-17
1420.00 1.088216e-16
1430.00 1.295746e-16
1440.00 1.539969e-16
1450.00 1.826902e-16
1460.00 2.163475e-16
1470.00 2.557665e-16
1480.00 3.018639e-16
1490.00 3.556918e-16
1500.00 4.184560e-16
1510.00 4.915390e-16
1520.00 5.765210e-16
1530.00 6.752086e-16
1540.00 7.896653e-16
1550.00 9.222440e-16
1560.00 1.075626e-15
1570.00 1.252868e-15
1580.00 1.457446e-15
1590.00 1.693309e-15
1600.00 1.964951e-15
1610.00 2.277472e-15
1620.00 2.636658e-15
1630.00 3.049074e-15
1640.00 3.522166e-15
1650.00 4.064364e-15
1660.00 4.685225e-15
1670.00 5.395572e-15
1680.00 6.207662e-15
1690.00 7.135359e-15
1700.00 8.194345e-15
1710.00 9.402331e-15
1720.00 1.077940e-14
1730.00 1.234838e-14
1740.00 1.413507e-14
1750.00 1.616880e-14
1760.00 1.848277e-14
1770.00 2.111470e-14
1780.00 2.410739e-14
1790.00 2.750952e-14
1800.00 3.137642e-14
1810.00 3.577106e-14
1820.00 4.076524e-14
1830.00 4.644077e-14
1840.00 5.289101e-14
1850.00 6.022279e-14
1860.00 6.855810e-14
1870.00 7.803665e-14
1880.00 8.881855e-14
1890.00 1.010873e-13
1900.00 1.150532e-13
1910.00 1.309580e-13
1920.00 1.490784e-13
1930.00 1.697319e-13
1940.00 1.932821e-13
1950.00 2.201447e-13
1960.00 2.507942e-13
1970.00 2.857693e-13
1980.00 3.256806e-13
1990.00 3.712154e-13
2000.00 4.231418e-13
2010.00 4.823121e-13
2020.00 5.496610e-13
2030.00 6.262016e-13
2040.00 7.130160e-13
2050.00 8.112397e-13
2060.00 9.220376e-13
2070.00 1.046579e-12
2080.00 1.185999e-12
2090.00 1.341364e-12
2100.00 1.513634e-12
2110.00 1.703623e-12
2120.00 1.911978e-12
2130.00 2.139168e-12
2140.00 2.385482e-12
2150.00 2.651053e-12
2160.00 2.935904e-12
2170.00 3.240006e-12
2180.00 3.563337e-12
2190.00 3.905963e-12
2200.00 4.268113e-12
2210.00 4.650224e-12
2220.00 5.053013e-12
2230.00 5.477505e-12
2240.00 5.925047e-12
2250.00 6.397334e-12
2260.00 6.896404e-12
2270.00 7.424614e-12
2280.00 7.984659e-12
2290.00 8.579546e-12
2300.00 9.212563e-12
2310.00 9.887312e-12
2320.00 1.060768e-11
2330.00 1.137784e-11
2340.00 1.220225e-11
2350.00 1.308568e-11
2360.00 1.403323e-11
2370.00 1.505028e-11
2380.00 1.614264e-11
2390.00 1.731641e-11
2400.00 1.857813e-11
2410.00 1.993476e-11
2420.00 2.139375e-11
2430.00 2.296295e-11
2440.00 2.465083e-11
2450.00 2.646636e-11
2460.00 2.841911e-11
2470.00 3.051931e-11
2480.00 3.277787e-11
2490.00 3.520639e-11
2500.00 6.294403e-11
2510.00 5.951427e-11
2520.00 6.153855e-11
2530.00 5.225279e-11
2540.00 4.211768e-11
2550.00 5.048384e-11
2560.00 6.637569e-11
2570.00 6.291169e-11
2580.00 6.051976e-11
2590.00 6.370768e-11
2600.00 6.565833e-11
2610.00 7.846114e-11
2620.00 7.329031e-11
2630.00 6.939087e-11
2640.00 7.654395e-11
2650.00 1.060623e-10
2660.00 1.055167e-10
2670.00 1.072902e-10
2680.00 1.258988e-10
2690.00 1.280873e-10
2700.00 1.402243e-10
2710.00 1.552252e-10
2720.00 1.653091e-10
2730.00 1.765737e-10
2740.00 1.934875e-10
2750.00 1.998706e-10
2760.00 2.000709e-10
2770.00 2.100184e-10
2780.00 2.563483e-10
2790.00 2.921821e-10
2800.00 3.111442e-10
2810.00 3.713144e-10
2820.00 4.369755e-10
2830.00 4.848495e-10
2840.00 5.255331e-10
2850.00 5.299223e-10
2860.00 5.673869e-10
2870.00 5.873847e-10
2880.00 6.524388e-10
2890.00 6.579044e-10
2900.00 7.186241e-10
2910.00 7.750184e-10
2920.00 7.942253e-10
2930.00 8.171254e-10
2940.00 8.333990e-10
2950.00 8.372128e-10
2960.00 8.283685e-10
2970.00 9.188171e-10
2980.00 9.921448e-10
2990.00 1.004740e-09
3000.00 1.034791e-09
3010.00 1.059950e-09
3020.00 1.159155e-09
3030.00 1.278687e-09
3040.00 1.344402e-09
3050.00 1.297751e-09
3060.00 1.284887e-09
3070.00 1.383921e-09
3080.00 1.439816e-09
3090.00 1.298333e-09
3100.00 1.266437e-09
3110.00 1.242676e-09
3120.00 1.247681e-09
3130.00 1.420739e-09
3140.00 1.415650e-09
3150.00 1.213238e-09
3160.00 1.431400e-09
3170.00 1.561292e-09
3180.00 1.450882e-09
3190.00 1.395357e-09
3200.00 1.443561e-09
3210.00 1.361782e-09
3220.00 1.448122e-09
3230.00 1.414917e-09
3240.00 1.456898e-09
3250.00 1.681249e-09
3260.00 1.758094e-09
3270.00 1.834027e-09
3280.00 1.944093e-09
3290.00 1.987637e-09
3300.00 2.090807e-09
3310.00 2.399368e-09
3320.00 2.462160e-09
3330.00 2.650016e-09
3340.00 2.866932e-09
3350.00 2.813088e-09
3360.00 2.873656e-09
3370.00 2.754271e-09
3380.00 2.733920e-09
3390.00 2.821788e-09
3400.00 2.865385e-09
3410.00 3.053539e-09
3420.00 3.233231e-09
3430.00 3.481397e-09
3440.00 3.596877e-09
3450.00 3.614695e-09
3460.00 3.681312e-09
3470.00 3.625921e-09
3480.00 3.391381e-09
3490.00 3.426186e-09
3500.00 3.519557e-09
3510.00 3.493747e-09
3520.00 3.462724e-09
3530.00 3.440650e-09
3540.00 3.475042e-09
3550.00 3.618194e-09
3560.00 3.582259e-09
3570.00 3.784433e-09
3580.00 3.883069e-09
3590.00 3.937170e-09
3600.00 3.910376e-09
3610.00 3.955431e-09
3620.00 3.869979e-09
3630.00 3.791903e-09
3640.00 3.696134e-09
3650.00 3.734636e-09
3660.00 3.631115e-09
3670.00 3.625643e-09
3680.00 3.516011e-09
3690.00 3.507768e-09
3700.00 3.550695e-09
3710.00 3.678892e-09
3720.00 3.630347e-09
3730.00 3.645600e-09
3740.00 3.665137e-09
3750.00 3.759378e-09
3760.00 3.834342e-09
3770.00 3.875961e-09
3780.00 3.936501e-09
3790.00 3.934808e-09
3800.00 3.857821e-09
3810.00 3.891936e-09
3820.00 3.946341e-09
3830.00 3.902769e-09
3840.00 3.889921e-09
3850.00 3.851528e-09
3860.00 3.762027e-09
3870.00 3.684732e-09
3880.00 3.759497e-09
3890.00 3.823496e-09
3900.00 3.842944e-09
3910.00 3.950497e-09
3920.00 4.033456e-09
3930.00 4.057883e-09
3940.00 4.122556e-09
3950.00 4.071971e-09
3960.00 3.989340e-09
3970.00 4.024461e-09
3980.00 4.094309e-09
3990.00 4.063853e-09
4000.00 4.055600e-09
4010.00 4.143616e-09
4020.00 4.225521e-09
4030.00 4.326768e-09
4040.00 4.355276e-09
4050.00 4.227642e-09
4060.00 4.142391e-09
4070.00 4.143004e-09
4080.00 4.044885e-09
4090.00 3.926167e-09
4100.00 3.826870e-09
4110.00 3.707825e-09
4120.00 3.559547e-09
4130.00 3.492293e-09
4140.00 3.404962e-09
4150.00 3.300362e-09
4160.00 3.183840e-09
4170.00 3.089403e-09
4180.00 2.992885e-09
4190.00 2.869789e-09
4200.00 2.739917e-09
4210.00 2.594215e-09
4220.00 2.432755e-09
4230.00 2.314988e-09
4240.00 2.225909e-09
4250.00 2.122425e-09
4260.00 2.085870e-09
4270.00 2.112965e-09
4280.00 2.125237e-09
4290.00 2.223336e-09
4300.00 2.303513e-09
4310.00 2.418348e-09
4320.00 2.504784e-09
4330.00 2.629904e-09
4340.00 2.738810e-09
4350.00 2.812953e-09
4360.00 2.901772e-09
4370.00 2.873466e-09
4380.00 2.799197e-09
4390.00 2.690108e-09
4400.00 2.541225e-09
4410.00 2.468030e-09
4420.00 2.447775e-09
4430.00 2.443952e-09
4440.00 2.441399e-09
4450.00 2.504693e-09
4460.00 2.532468e-09
4470.00 2.546767e-09
4480.00 2.521904e-09
4490.00 2.453132e-09
4500.00 2.437755e-09
4510.00 2.419349e-09
4520.00 2.429318e-09
4530.00 2.426497e-09
4540.00 2.421631e-09
4550.00 2.451325e-09
4560.00 2.498141e-09
4570.00 2.484928e-09
4580.00 2.513711e-09
4590.00 2.586759e-09
4600.00 2.617079e-09
4610.00 2.542801e-09
4620.00 2.510734e-09
4630.00 2.468205e-09
4640.00 2.401901e-09
4650.00 2.319576e-09
4660.00 2.257222e-09
4670.00 2.138990e-09
4680.00 2.083987e-09
4690.00 2.060443e-09
4700.00 2.043140e-09
4710.00 1.988595e-09
4720.00 1.961763e-09
4730.00 1.934645e-09
4740.00 1.897008e-09
4750.00 1.869376e-09
4760.00 1.837349e-09
4770.00 1.831406e-09
4780.00 1.826420e-09
4790.00 1.834503e-09
4800.00 1.829703e-09
4810.00 1.838982e-09
4820.00 1.831806e-09
4830.00 1.818297e-09
4840.00 1.772770e-09
4850.00 1.716682e-09
4860.00 1.638642e-09
4870.00 1.511667e-09
4880.00 1.413030e-09
4890.00 1.342140e-09
4900.00 1.270368e-09
4910.00 1.193921e-09
4920.00 1.144821e-09
4930.00 1.082599e-09
4940.00 1.034308e-09
4950.00 9.966433e-10
4960.00 9.780235e-10
4970.00 9.707787e-10
4980.00 9.830032e-10
4990.00 1.001671e-09
5000.00 1.027546e-09
5010.00 1.060981e-09
5020.00 1.112863e-09
5030.00 1.157876e-09
5040.00 1.195309e-09
5050.00 1.202444e-09
5060.00 1.226664e-09
5070.00 1.250826e-09
5080.00 1.266285e-09
5090.00 1.297411e-09
5100.00 1.306722e-09
5110.00 1.325865e-09
5120.00 1.340121e-09
5130.00 1.345952e-09
5140.00 1.359583e-09
5150.00 1.357929e-09
5160.00 1.348243e-09
5170.00 1.356840e-09
5180.00 1.344121e-09
5190.00 1.337651e-09
5200.00 1.339739e-09
5210.00 1.328000e-09
5220.00 1.301205e-09
5230.00 1.283353e-09
5240.00 1.257383e-09
5250.00 1.236997e-09
5260.00 1.201239e-09
5270.00 1.170175e-09
5280.00 1.135413e-09
5290.00 1.122837e-09
5300.00 1.115336e-09
5310.00 1.091584e-09
5320.00 1.083685e-09
5330.00 1.080038e-09
5340.00 1.073108e-09
5350.00 1.068662e-09
5360.00 1.065136e-09
5370.00 1.061524e-09
5380.00 1.065160e-09
5390.00 1.071050e-09
5400.00 1.077373e-09
5410.00 1.074720e-09
5420.00 1.080325e-09
5430.00 1.084777e-09
5440.00 1.089405e-09
5450.00 1.095488e-09
5460.00 1.097661e-09
5470.00 1.105314e-09
5480.00 1.113022e-09
5490.00 1.116853e-09
5500.00 1.117217e-09
5510.00 1.104114e-09
5520.00 1.093469e-09
5530.00 1.078394e-09
5540.00 1.058094e-09
5550.00 1.054155e-09
5560.00 1.032171e-09
5570.00 1.027538e-09
5580.00 1.047450e-09
5590.00 1.044202e-09
5600.00 1.039498e-09
5610.00 1.048796e-09
5620.00 1.052989e-09
5630.00 1.059442e-09
5640.00 1.066392e-09
5650.00 1.065600e-09
5660.00 1.068531e-09
5670.00 1.070022e-09
5680.00 1.081074e-09
5690.00 1.084020e-09
5700.00 1.079283e-09
5710.00 1.071447e-09
5720.00 1.070721e-09
5730.00 1.086094e-09
5740.00 1.088938e-09
5750.00 1.086070e-09
5760.00 1.096331e-09
5770.00 1.108135e-09
5780.00 1.109561e-09
5790.00 1.116573e-09
5800.00 1.124683e-09
5810.00 1.121299e-09
5820.00 1.121414e-09
5830.00 1.130288e-09
5840.00 1.133257e-09
5850.00 1.140222e-09
5860.00 1.145861e-09
5870.00 1.145361e-09
5880.00 1.148225e-09
5890.00 1.153667e-09
5900.00 1.156867e-09
5910.00 1.159848e-09
5920.00 1.123569e-09
5930.00 1.064386e-09
5940.00 1.104147e-09
5950.00 1.145192e-09
5960.00 1.155544e-09
5970.00 1.151905e-09
5980.00 1.157960e-09
5990.00 1.145858e-09
6000.00 1.144630e-09
6010.00 1.135639e-09
6020.00 1.133837e-09
6030.00 1.118878e-09
6040.00 1.106194e-09
6050.00 1.092246e-09
6060.00 1.081086e-09
6070.00 1.073809e-09
6080.00 1.073149e-09
6090.00 1.057239e-09
6100.00 1.043839e-09
6110.00 1.036681e-09
6120.00 1.043256e-09
6130.00 1.034364e-09
6140.00 1.015824e-09
6150.00 1.016004e-09
6160.00 1.008157e-09
6170.00 1.002474e-09
6180.00 1.000699e-09
6190.00 9.914271e-10
6200.00 9.902272e-10
6210.00 9.784513e-10
6220.00 9.684610e-10
6230.00 9.700625e-10
6240.00 9.679490e-10
6250.00 9.633589e-10
6260.00 9.740204e-10
6270.00 9.651193e-10
6280.00 9.471236e-10
6290.00 9.496087e-10
6300.00 9.563631e-10
6310.00 9.718884e-10
6320.00 9.634216e-10
6330.00 9.758482e-10
6340.00 9.701413e-10
6350.00 9.716703e-10
6360.00 9.742369e-10
6370.00 9.790612e-10
6380.00 9.676197e-10
6390.00 9.710132e-10
6400.00 9.690674e-10
6410.00 9.572255e-10
6420.00 9.561038e-10
6430.00 9.472487e-10
6440.00 9.426544e-10
6450.00 9.379858e-10
6460.00 9.473973e-10
6470.00 9.279845e-10
6480.00 9.054254e-10
6490.00 8.954521e-10
6500.00 8.960612e-10
6510.00 8.868323e-10
6520.00 8.776660e-10
6530.00 8.804796e-10
6540.00 8.727630e-10
6550.00 8.792497e-10
6560.00 8.861037e-10
6570.00 8.781972e-10
6580.00 8.842634e-10
6590.00 8.935129e-10
6600.00 8.852336e-10
6610.00 8.706778e-10
6620.00 8.711138e-10
6630.00 8.708836e-10
6640.00 8.675800e-10
6650.00 8.608291e-10
6660.00 8.589048e-10
6670.00 8.646705e-10
6680.00 8.640459e-10
6690.00 8.618947e-10
6700.00 8.522684e-10
6710.00 8.370403e-10
6720.00 8.448920e-10
6730.00 8.389978e-10
6740.00 8.341202e-10
6750.00 8.157482e-10
6760.00 8.102253e-10
6770.00 8.081278e-10
6780.00 7.984747e-10
6790.00 7.962401e-10
6800.00 7.947944e-10
6810.00 7.867672e-10
6820.00 7.744636e-10
6830.00 7.733571e-10
6840.00 7.656479e-10
6850.00 7.492914e-10
6860.00 7.226734e-10
6870.00 6.293489e-10
6880.00 6.214515e-10
6890.00 6.358458e-10
6900.00 6.563188e-10
6910.00 6.691609e-10
6920.00 6.905526e-10
6930.00 6.928200e-10
6940.00 6.923969e-10
6950.00 6.980050e-10
6960.00 6.900919e-10
6970.00 6.937992e-10
6980.00 6.880206e-10
6990.00 6.758840e-10
7000.00 6.807955e-10
7010.00 6.699385e-10
7020.00 6.636843e-10
7030.00 6.546324e-10
7040.00 6.540603e-10
7050.00 6.544697e-10
7060.00 6.523711e-10
7070.00 6.392220e-10
7080.00 6.325606e-10
7090.00 6.192182e-10
7100.00 6.253650e-10
7110.00 6.234615e-10
7120.00 6.252658e-10
7130.00 6.113167e-10
7140.00 6.094789e-10
7150.00 6.025800e-10
7160.00 5.885658e-10
7170.00 5.668205e-10
7180.00 5.379770e-10
7190.00 5.367172e-10
7200.00 5.315289e-10
7210.00 5.421735e-10
7220.00 5.533338e-10
7230.00 5.408587e-10
7240.00 5.172056e-10
7250.00 5.157347e-10
7260.00 5.111642e-10
7270.00 5.134935e-10
7280.00 5.004200e-10
7290.00 5.188762e-10
7300.00 5.141676e-10
7310.00 5.131430e-10
7320.00 5.112720e-10
7330.00 5.193483e-10
7340.00 5.056957e-10
7350.00 5.127888e-10
7360.00 5.066649e-10
7370.00 4.959904e-10
7380.00 5.003567e-10
7390.00 4.907302e-10
7400.00 4.890475e-10
7410.00 4.841345e-10
7420.00 4.866203e-10
7430.00 4.773362e-10
7440.00 4.770876e-10
7450.00 4.695826e-10
7460.00 4.678325e-10
7470.00 4.607952e-10
7480.00 4.580996e-10
7490.00 4.595315e-10
7500.00 4.358408e-10
7510.00 4.392241e-10
7520.00 4.390054e-10
7530.00 4.372608e-10
7540.00 4.351152e-10
7550.00 4.373596e-10
7560.00 4.296776e-10
7570.00 4.252946e-10
7580.00 4.288170e-10
7590.00 4.208615e-10
7600.00 4.145980e-10
7610.00 4.202142e-10
7620.00 4.231182e-10
7630.00 4.261102e-10
7640.00 4.319192e-10
7650.00 4.382163e-10
7660.00 4.426862e-10
7670.00 4.451340e-10
7680.00 4.427190e-10
7690.00 4.493322e-10
7700.00 4.397521e-10
7710.00 4.443993e-10
7720.00 4.448562e-10
7730.00 4.389324e-10
7740.00 4.397049e-10
7750.00 4.381439e-10
7760.00 4.333433e-10
7770.00 4.387630e-10
7780.00 4.298854e-10
7790.00 4.282100e-10
7800.00 4.213620e-10
7810.00 4.144146e-10
7820.00 4.039487e-10
7830.00 3.964549e-10
7840.00 3.885205e-10
7850.00 3.779575e-10
7860.00 3.735646e-10
7870.00 3.672415e-10
7880.00 3.610714e-10
7890.00 3.532572e-10
7900.00 3.489130e-10
7910.00 3.404751e-10
7920.00 3.359851e-10
7930.00 3.325454e-10
7940.00 3.326805e-10
7950.00 3.302802e-10
7960.00 3.222065e-10
7970.00 3.136543e-10
7980.00 3.126001e-10
7990.00 3.110447e-10
8000.00 3.069056e-10
8010.00 3.051519e-10
8020.00 3.023327e-10
8030.00 3.039584e-10
8040.00 3.087686e-10
8050.00 3.127521e-10
8060.00 3.144424e-10
8070.00 3.123291e-10
8080.00 3.108418e-10
8090.00 3.038439e-10
8100.00 3.025242e-10
8110.00 2.997293e-10
8120.00 3.008529e-10
8130.00 2.992400e-10
8140.00 2.905958e-10
8150.00 2.851083e-10
8160.00 2.789385e-10
8170.00 2.702939e-10
8180.00 2.635497e-10
8190.00 2.658294e-10
8200.00 2.560928e-10
8210.00 2.627596e-10
8220.00 2.488520e-10
8230.00 2.221062e-10
8240.00 2.606186e-10
8250.00 2.571282e-10
8260.00 2.499842e-10
8270.00 2.613686e-10
8280.00 2.459953e-10
8290.00 2.494686e-10
8300.00 2.475450e-10
8310.00 2.418143e-10
8320.00 2.344005e-10
8330.00 2.392894e-10
8340.00 2.317747e-10
8350.00 2.391993e-10
8360.00 2.388767e-10
8370.00 2.423805e-10
8380.00 2.466334e-10
8390.00 2.503427e-10
8400.00 2.492449e-10
8410.00 2.546732e-10
8420.00 2.548045e-10
8430.00 2.560685e-10
8440.00 2.556895e-10
8450.00 2.604159e-10
8460.00 2.595522e-10
8470.00 2.599951e-10
8480.00 2.629180e-10
8490.00 2.591314e-10
8500.00 2.654386e-10
8510.00 2.590922e-10
8520.00 2.605458e-10
8530.00 2.602736e-10
8540.00 2.630346e-10
8550.00 2.609444e-10
8560.00 2.562805e-10
8570.00 2.552503e-10
8580.00 2.543020e-10
8590.00 2.506490e-10
8600.00 2.489029e-10
8610.00 2.482552e-10
8620.00 2.493623e-10
8630.00 2.463829e-10
8640.00 2.509062e-10
8650.00 2.503982e-10
8660.00 2.472103e-10
8670.00 2.414518e-10
8680.00 2.447159e-10
8690.00 2.388562e-10
8700.00 2.398666e-10
8710.00 2.390249e-10
8720.00 2.319843e-10
8730.00 2.366140e-10
8740.00 2.345877e-10
8750.00 2.307015e-10
8760.00 2.290590e-10
8770.00 2.276894e-10
8780.00 2.262929e-10
8790.00 2.231405e-10
8800.00 2.152399e-10
8810.00 2.138002e-10
8820.00 2.072035e-10
8830.00 1.981356e-10
8840.00 1.926977e-10
8850.00 1.891268e-10
8860.00 1.833392e-10
8870.00 1.801385e-10
8880.00 1.698955e-10
8890.00 1.722054e-10
8900.00 1.687122e-10
8910.00 1.704359e-10
8920.00 1.667579e-10
8930.00 1.669731e-10
8940.00 1.697385e-10
8950.00 1.654667e-10
8960.00 1.659214e-10
8970.00 1.580976e-10
8980.00 1.665411e-10
8990.00 1.515341e-10
9000.00 1.556915e-10
9010.00 1.533551e-10
9020.00 1.492729e-10
9030.00 1.526270e-10
9040.00 1.556694e-10
9050.00 1.515975e-10
9060.00 1.516011e-10
9070.00 1.478107e-10
9080.00 1.489831e-10
9090.00 1.493549e-10
9100.00 1.477547e-10
9110.00 1.522234e-10
9120.00 1.498568e-10
9130.00 1.474472e-10
9140.00 1.524020e-10
9150.00 1.493200e-10
9160.00 1.467071e-10
9170.00 1.515108e-10
9180.00 1.490392e-10
9190.00 1.578621e-10
9200.00 1.513605e-10
9210.00 1.555002e-10
9220.00 1.543514e-10
9230.00 1.525100e-10
9240.00 1.488328e-10
9250.00 1.482396e-10
9260.00 1.517366e-10
9270.00 1.480229e-10
9280.00 1.435131e-10
9290.00 1.423195e-10
9300.00 1.354139e-10
9310.00 1.230190e-10
9320.00 1.091772e-10
9330.00 1.080570e-10
9340.00 9.402090e-11
9350.00 1.008941e-10
9360.00 9.546377e-11
9370.00 1.025285e-10
9380.00 9.653339e-11
9390.00 1.144355e-10
9400.00 1.186097e-10
9410.00 1.152880e-10
9420.00 1.070741e-10
9430.00 9.605472e-11
9440.00 9.375524e-11
9450.00 9.816505e-11
9460.00 9.398763e-11
9470.00 9.680657e-11
9480.00 9.946656e-11
9490.00 9.966828e-11
9500.00 8.466147e-11
9510.00 9.948069e-11
9520.00 8.732569e-11
9530.00 8.967943e-11
9540.00 9.375786e-11
9550.00 9.025250e-11
9560.00 9.055951e-11
9570.00 8.388598e-11
9580.00 9.319843e-11
9590.00 8.400757e-11
9600.00 8.794805e-11
9610.00 8.628601e-11
9620.00 8.834550e-11
9630.00 8.639891e-11
9640.00 8.555206e-11
9650.00 8.481615e-11
9660.00 8.915606e-11
9670.00 7.934744e-11
9680.00 8.240703e-11
9690.00 8.095813e-11
9700.00 7.994852e-11
9710.00 8.215430e-11
9720.00 7.743508e-11
9730.00 8.148152e-11
9740.00 7.703077e-11
9750.00 7.618674e-11
9760.00 7.358800e-11
9770.00 7.845802e-11
9780.00 7.518783e-11
9790.00 7.381009e-11
9800.00 7.488105e-11
9810.00 7.010616e-11
9820.00 7.189290e-11
9830.00 7.301644e-11
9840.00 7.363734e-11
9850.00 7.237719e-11
9860.00 7.132765e-11
9870.00 6.973741e-11
9880.00 7.310994e-11
9890.00 6.889156e-11
9900.00 6.985817e-11
9910.00 6.345814e-11
9920.00 6.944818e-11
9930.00 6.257085e-11
9940.00 6.233857e-11
9950.00 6.871782e-11
9960.00 6.474494e-11
9970.00 6.474044e-11
9980.00 6.464533e-11
9990.00 6.479376e-11
10000.00 6.486330e-11
10010.00 6.586188e-11
10020.00 6.533234e-11
10030.00 6.480704e-11
10040.00 6.428599e-11
10050.00 6.376913e-11
10060.00 6.325642e-11
10070.00 6.274785e-11
10080.00 6.224338e-11
10090.00 6.174294e-11
10100.00 6.124655e-11
10110.00 6.075416e-11
10120.00 6.026570e-11
10130.00 5.978121e-11
10140.00 5.930060e-11
10150.00 5.882383e-11
10160.00 5.835092e-11
10170.00 5.788181e-11
10180.00 5.741646e-11
10190.00 5.695486e-11
10200.00 5.649698e-11
10210.00 5.604277e-11
10220.00 5.559219e-11
10230.00 5.514526e-11
10240.00 5.470191e-11
10250.00 5.426211e-11
10260.00 5.382585e-11
10270.00 5.339311e-11
10280.00 5.296381e-11
10290.00 5.253798e-11
10300.00 5.211558e-11
10310.00 5.169654e-11
10320.00 5.128089e-11
10330.00 5.086857e-11
10340.00 5.045954e-11
10350.00 5.005382e-11
10360.00 4.965135e-11
10370.00 4.925209e-11
10380.00 4.885605e-11
10390.00 4.846319e-11
10400.00 4.807346e-11
10410.00 4.768688e-11
10420.00 4.730339e-11
10430.00 4.692297e-11
10440.00 4.654562e-11
10450.00 4.617129e-11
10460.00 4.579995e-11
10470.00 4.543159e-11
10480.00 4.506619e-11
10490.00 4.470370e-11
10500.00 4.434413e-11
10510.00 4.398745e-11
10520.00 4.363361e-11
10530.00 4.328262e-11
10540.00 4.293445e-11
10550.00 4.258904e-11
10560.00 4.224642e-11
10570.00 4.190655e-11
10580.00 4.156940e-11
10590.00 4.123494e-11
10600.00 4.090317e-11
10610.00 4.057404e-11
10620.00 4.024755e-11
10630.00 3.992369e-11
10640.00 3.960241e-11
10650.00 3.928370e-11
10660.00 3.896756e-11
10670.00 3.865394e-11
10680.00 3.834282e-11
10690.00 3.803421e-11
10700.00 3.772807e-11
10710.00 3.742436e-11
10720.00 3.712311e-11
10730.00 3.682425e-11
10740.00 3.652778e-11
10750.00 3.623369e-11
10760.00 3.594196e-11
10770.00 3.565255e-11
10780.00 3.536547e-11
10790.00 3.508069e-11
10800.00 3.479817e-11
10810.00 3.451792e-11
10820.00 3.423992e-11
10830.00 3.396414e-11
10840.00 3.369057e-11
10850.00 3.341918e-11
10860.00 3.314995e-11
10870.00 3.288289e-11
10880.00 3.261798e-11
10890.00 3.235516e-11
10900.00 3.209446e-11
10910.00 3.183585e-11
10920.00 3.157929e-11
10930.00 3.132480e-11
10940.00 3.107234e-11
10950.00 3.082189e-11
10960.00 3.057344e-11
10970.00 3.032700e-11
10980.00 3.008252e-11
10990.00 2.983999e-11
11000.00 2.959940e-11
11010.00 2.936074e-11
11020.00 2.912397e-11
11030.00 2.888911e-11
11040.00 2.865614e-11
11050.00 2.842501e-11
11060.00 2.819574e-11
11070.00 2.796830e-11
11080.00 2.774268e-11
11090.00 2.751886e-11
11100.00 2.729684e-11
11110.00 2.707658e-11
11120.00 2.685808e-11
11130.00 2.664135e-11
11140.00 2.642632e-11
11150.00 2.621304e-11
11160.00 2.600145e-11
11170.00 2.579155e-11
11180.00 2.558333e-11
11190.00 2.537678e-11
11200.00 2.517188e-11
11210.00 2.496861e-11
11220.00 2.476698e-11
11230.00 2.456694e-11
11240.00 2.436852e-11
11250.00 2.417169e-11
11260.00 2.397642e-11
11270.00 2.378271e-11
11280.00 2.359056e-11
11290.00 2.339993e-11
11300.00 2.321084e-11
11310.00 2.302326e-11
11320.00 2.283716e-11
11330.00 2.265256e-11
11340.00 2.246945e-11
11350.00 2.228780e-11
11360.00 2.210759e-11
11370.00 2.192882e-11
11380.00 2.175149e-11
11390.00 2.157557e-11
11400.00 2.140106e-11
11410.00 2.122794e-11
11420.00 2.105622e-11
11430.00 2.088586e-11
11440.00 2.071687e-11
11450.00 2.054922e-11
11460.00 2.038291e-11
11470.00 2.021795e-11
11480.00 2.005429e-11
11490.00 1.989195e-11
11500.00 1.973091e-11
11510.00 1.957114e-11
11520.00 1.941265e-11
11530.00 1.925545e-11
11540.00 1.909949e-11
11550.00 1.894478e-11
11560.00 1.879131e-11
11570.00 1.863907e-11
11580.00 1.848804e-11
11590.00 1.833823e-11
11600.00 1.818961e-11
11610.00 1.804217e-11
11620.00 1.789593e-11
11630.00 1.775084e-11
11640.00 1.760692e-11
11650.00 1.746416e-11
11660.00 1.732253e-11
11670.00 1.718203e-11
11680.00 1.704267e-11
11690.00 1.690440e-11
11700.00 1.676726e-11
11710.00 1.663122e-11
11720.00 1.649625e-11
11730.00 1.636238e-11
11740.00 1.622956e-11
11750.00 1.609782e-11
11760.00 1.596712e-11
11770.00 1.583747e-11
11780.00 1.570888e-11
11790.00 1.558129e-11
11800.00 1.545474e-11
11810.00 1.532920e-11
11820.00 1.520465e-11
11830.00 1.508111e-11
11840.00 1.495856e-11
11850.00 1.483698e-11
11860.00 1.471639e-11
11870.00 1.459676e-11
11880.00 1.447808e-11
11890.00 1.436036e-11
11900.00 1.424359e-11
11910.00 1.412773e-11
11920.00 1.401282e-11
11930.00 1.389883e-11
11940.00 1.378574e-11
11950.00 1.367356e-11
11960.00 1.356229e-11
11970.00 1.345190e-11
11980.00 1.334240e-11
11990.00 1.323378e-11
12000.00 1.312602e-11
12010.00 1.301913e-11
12020.00 1.291310e-11
12030.00 1.280791e-11
12040.00 1.270356e-11
12050.00 1.260007e-11
12060.00 1.249739e-11
12070.00 1.239554e-11
12080.00 1.229450e-11
12090.00 1.219428e-11
12100.00 1.209486e-11
12110.00 1.199624e-11
12120.00 1.189841e-11
12130.00 1.180136e-11
12140.00 1.170509e-11
12150.00 1.160960e-11
12160.00 1.151486e-11
12170.00 1.142089e-11
12180.00 1.132768e-11
12190.00 1.123521e-11
12200.00 1.114348e-11
12210.00 1.105249e-11
12220.00 1.096223e-11
12230.00 1.087269e-11
12240.00 1.078387e-11
12250.00 1.069577e-11
12260.00 1.060838e-11
12270.00 1.052168e-11
12280.00 1.043568e-11
12290.00 1.035038e-11
12300.00 1.026575e-11
12310.00 1.018181e-11
12320.00 1.009854e-11
12330.00 1.001594e-11
12340.00 9.934002e-12
12350.00 9.852725e-12
12360.00 9.772103e-12
12370.00 9.692123e-12
12380.00 9.612789e-12
12390.00 9.534094e-12
12400.00 9.456028e-12
12410.00 9.378591e-12
12420.00 9.301777e-12
12430.00 9.225579e-12
12440.00 9.149998e-12
12450.00 9.075021e-12
12460.00 9.000649e-12
12470.00 8.926871e-12
12480.00 8.853691e-12
12490.00 8.781100e-12
12500.00 8.709091e-12
12510.00 8.637661e-12
12520.00 8.566808e-12
12530.00 8.496521e-12
12540.00 8.426803e-12
12550.00 8.357646e-12
12560.00 8.289042e-12
12570.00 8.220996e-12
12580.00 8.153495e-12
12590.00 8.086536e-12
12600.00 8.020119e-12
12610.00 7.954238e-12
12620.00 7.888883e-12
12630.00 7.824060e-12
12640.00 7.759756e-12
12650.00 7.695970e-12
12660.00 7.632698e-12
12670.00 7.569938e-12
12680.00 7.507679e-12
12690.00 7.445925e-12
12700.00 7.384670e-12
12710.00 7.323906e-12
12720.00 7.263634e-12
12730.00 7.203849e-12
12740.00 7.144543e-12
12750.00 7.085718e-12
12760.00 7.027368e-12
12770.00 6.969486e-12
12780.00 6.912071e-12
12790.00 6.855122e-12
12800.00 6.798631e-12
12810.00 6.742596e-12
12820.00 6.687014e-12
12830.00 6.631881e-12
12840.00 6.577191e-12
12850.00 6.522945e-12
12860.00 6.469136e-12
12870.00 6.415761e-12
12880.00 6.362818e-12
12890.00 6.310303e-12
12900.00 6.258211e-12
12910.00 6.206540e-12
12920.00 6.155289e-12
12930.00 6.104448e-12
12940.00 6.054022e-12
12950.00 6.004003e-12
12960.00 5.954386e-12
12970.00 5.905172e-12
12980.00 5.856356e-12
12990.00 5.807934e-12
13000.00 5.759904e-12
13010.00 5.712264e-12
13020.00 5.665007e-12
13030.00 5.618134e-12
13040.00 5.571641e-12
13050.00 5.525521e-12
13060.00 5.479778e-12
13070.00 5.434405e-12
13080.00 5.389398e-12
13090.00 5.344756e-12
13100.00 5.300476e-12
13110.00 5.256553e-12
13120.00 5.212987e-12
13130.00 5.169775e-12
13140.00 5.126912e-12
13150.00 5.084397e-12
13160.00 5.042227e-12
13170.00 5.000397e-12
13180.00 4.958908e-12
13190.00 4.917754e-12
13200.00 4.876935e-12
13210.00 4.836446e-12
13220.00 4.796286e-12
13230.00 4.756454e-12
13240.00 4.716941e-12
13250.00 4.677752e-12
13260.00 4.638880e-12
13270.00 4.600323e-12
13280.00 4.562079e-12
13290.00 4.524147e-12
13300.00 4.486521e-12
13310.00 4.449202e-12
13320.00 4.412187e-12
13330.00 4.375471e-12
13340.00 4.339054e-12
13350.00 4.302934e-12
13360.00 4.267105e-12
13370.00 4.231570e-12
13380.00 4.196323e-12
13390.00 4.161362e-12
13400.00 4.126685e-12
13410.00 4.092291e-12
13420.00 4.058177e-12
13430.00 4.024340e-12
13440.00 3.990780e-12
13450.00 3.957490e-12
13460.00 3.924473e-12
13470.00 3.891726e-12
13480.00 3.859243e-12
13490.00 3.827026e-12
13500.00 3.795071e-12
13510.00 3.763377e-12
13520.00 3.731940e-12
13530.00 3.700761e-12
13540.00 3.669834e-12
13550.00 3.639160e-12
13560.00 3.608737e-12
13570.00 3.578562e-12
13580.00 3.548632e-12
13590.00 3.518946e-12
13600.00 3.489502e-12
13610.00 3.460299e-12
13620.00 3.431335e-12
13630.00 3.402607e-12
13640.00 3.374112e-12
13650.00 3.345850e-12
13660.00 3.317821e-12
13670.00 3.290018e-12
13680.00 3.262444e-12
13690.00 3.235095e-12
13700.00 3.207968e-12
13710.00 3.181066e-12
13720.00 3.154381e-12
13730.00 3.127914e-12
13740.00 3.101665e-12
13750.00 3.075630e-12
13760.00 3.049808e-12
13770.00 3.024197e-12
13780.00 2.998796e-12
13790.00 2.973602e-12
13800.00 2.948616e-12
13810.00 2.923833e-12
13820.00 2.899252e-12
13830.00 2.874874e-12
13840.00 2.850695e-12
13850.00 2.826714e-12
13860.00 2.802930e-12
13870.00 2.779341e-12
13880.00 2.755944e-12
13890.00 2.732740e-12
13900.00 2.709726e-12
13910.00 2.686900e-12
13920.00 2.664262e-12
13930.00 2.641809e-12
13940.00 2.619541e-12
13950.00 2.597456e-12
13960.00 2.575551e-12
13970.00 2.553827e-12
13980.00 2.532280e-12
13990.00 2.510911e-12
14000.00 2.489718e-12
14010.00 2.468698e-12
14020.00 2.447850e-12
14030.00 2.427175e-12
14040.00 2.406669e-12
14050.00 2.386332e-12
14060.00 2.366162e-12
14070.00 2.346157e-12
14080.00 2.326318e-12
14090.00 2.306641e-12
14100.00 2.287126e-12
14110.00 2.267773e-12
14120.00 2.248578e-12
14130.00 2.229541e-12
14140.00 2.210661e-12
14150.00 2.191936e-12
14160.00 2.173366e-12
14170.00 2.154949e-12
14180.00 2.136684e-12
14190.00 2.118568e-12
14200.00 2.100602e-12
14210.00 2.082785e-12
14220.00 2.065113e-12
14230.00 2.047589e-12
14240.00 2.030208e-12
14250.00 2.012972e-12
14260.00 1.995877e-12
14270.00 1.978923e-12
14280.00 1.962109e-12
14290.00 1.945435e-12
14300.00 1.928898e-12
14310.00 1.912497e-12
14320.00 1.896231e-12
14330.00 1.880102e-12
14340.00 1.864105e-12
14350.00 1.848238e-12
14360.00 1.832504e-12
14370.00 1.816901e-12
14380.00 1.801426e-12
14390.00 1.786079e-12
14400.00 1.770860e-12
14410.00 1.755765e-12
14420.00 1.740797e-12
14430.00 1.725952e-12
14440.00 1.711230e-12
14450.00 1.696630e-12
14460.00 1.682151e-12
14470.00 1.667791e-12
14480.00 1.653551e-12
14490.00 1.639429e-12
14500.00 1.625424e-12
14510.00 1.611535e-12
14520.00 1.597762e-12
14530.00 1.584102e-12
14540.00 1.570556e-12
14550.00 1.557122e-12
14560.00 1.543799e-12
14570.00 1.530588e-12
14580.00 1.517487e-12
14590.00 1.504493e-12
14600.00 1.491608e-12
14610.00 1.478830e-12
14620.00 1.466158e-12
14630.00 1.453592e-12
14640.00 1.441131e-12
14650.00 1.428772e-12
14660.00 1.416517e-12
14670.00 1.404363e-12
14680.00 1.392310e-12
14690.00 1.380358e-12
14700.00 1.368506e-12
14710.00 1.356752e-12
14720.00 1.345096e-12
14730.00 1.333537e-12
14740.00 1.322075e-12
14750.00 1.310708e-12
14760.00 1.299435e-12
14770.00 1.288257e-12
14780.00 1.277172e-12
14790.00 1.266179e-12
14800.00 1.255279e-12
14810.00 1.244468e-12
14820.00 1.233749e-12
14830.00 1.223118e-12
14840.00 1.212577e-12
14850.00 1.202123e-12
14860.00 1.191758e-12
14870.00 1.181478e-12
14880.00 1.171284e-12
14890.00 1.161177e-12
14900.00 1.151152e-12
14910.00 1.141213e-12
14920.00 1.131356e-12
14930.00 1.121581e-12
14940.00 1.111889e-12
14950.00 1.102278e-12
14960.00 1.092747e-12
14970.00 1.083295e-12
14980.00 1.073924e-12
14990.00 1.064630e-12
15000.00 1.055414e-12
15010.00 1.046276e-12
15020.00 1.037215e-12
15030.00 1.028229e-12
15040.00 1.019319e-12
15050.00 1.010483e-12
15060.00 1.001722e-12
15070.00 9.930340e-13
15080.00 9.844188e-13
15090.00 9.758764e-13
15100.00 9.674055e-13
15110.00 9.590059e-13
15120.00 9.506766e-13
15130.00 9.424176e-13
15140.00 9.342283e-13
15150.00 9.261073e-13
15160.00 9.180549e-13
15170.00 9.100704e-13
15180.00 9.021527e-13
15190.00 8.943017e-13
15200.00 8.865171e-13
15210.00 8.787975e-13
15220.00 8.711433e-13
15230.00 8.635537e-13
15240.00 8.560278e-13
15250.00 8.485659e-13
15260.00 8.411663e-13
15270.00 8.338292e-13
15280.00 8.265541e-13
15290.00 8.193405e-13
15300.00 8.121875e-13
15310.00 8.050950e-13
15320.00 7.980624e-13
15330.00 7.910891e-13
15340.00 7.841749e-13
15350.00 7.773191e-13
15360.00 7.705212e-13
15370.00 7.637805e-13
15380.00 7.570973e-13
15390.00 7.504700e-13
15400.00 7.438993e-13
15410.00 7.373839e-13
15420.00 7.309238e-13
15430.00 7.245184e-13
15440.00 7.181671e-13
15450.00 7.118699e-13
15460.00 7.056259e-13
15470.00 6.994348e-13
15480.00 6.932962e-13
15490.00 6.872093e-13
15500.00 6.811744e-13
15510.00 6.751907e-13
15520.00 6.692574e-13
15530.00 6.633749e-13
15540.00 6.575424e-13
15550.00 6.517590e-13
15560.00 6.460249e-13
15570.00 6.403396e-13
15580.00 6.347023e-13
15590.00 6.291133e-13
15600.00 6.235719e-13
15610.00 6.180773e-13
15620.00 6.126295e-13
15630.00 6.072281e-13
15640.00 6.018726e-13
15650.00 5.965627e-13
15660.00 5.912982e-13
15670.00 5.860784e-13
15680.00 5.809030e-13
15690.00 5.757719e-13
15700.00 5.706844e-13
15710.00 5.656403e-13
15720.00 5.606393e-13
15730.00 5.556809e-13
15740.00 5.507648e-13
15750.00 5.458907e-13
15760.00 5.410581e-13
15770.00 5.362669e-13
15780.00 5.315166e-13
15790.00 5.268068e-13
15800.00 5.221374e-13
15810.00 5.175079e-13
15820.00 5.129179e-13
15830.00 5.083672e-13
15840.00 5.038554e-13
15850.00 4.993823e-13
15860.00 4.949474e-13
15870.00 4.905504e-13
15880.00 4.861912e-13
15890.00 4.818693e-13
15900.00 4.775844e-13
15910.00 4.733363e-13
15920.00 4.691247e-13
15930.00 4.649491e-13
15940.00 4.608093e-13
15950.00 4.567050e-13
15960.00 4.526361e-13
15970.00 4.486020e-13
15980.00 4.446026e-13
15990.00 4.406375e-13
16000.00 4.367065e-13
16010.00 4.328092e-13
16020.00 4.289455e-13
16030.00 4.251151e-13
16040.00 4.213176e-13
16050.00 4.175527e-13
16060.00 4.138203e-13
16070.00 4.101199e-13
16080.00 4.064515e-13
16090.00 4.028148e-13
16100.00 3.992092e-13
16110.00 3.956348e-13
16120.00 3.920912e-13
16130.00 3.885781e-13
16140.00 3.850953e-13
16150.00 3.816428e-13
16160.00 3.782198e-13
16170.00 3.748265e-13
16180.00 3.714625e-13
16190.00 3.681276e-13
16200.00 3.648214e-13
16210.00 3.615438e-13
16220.00 3.582946e-13
16230.00 3.550734e-13
16240.00 3.518801e-13
16250.00 3.487146e-13
16260.00 3.455763e-13
16270.00 3.424653e-13
16280.00 3.393812e-13
16290.00 3.363238e-13
16300.00 3.332929e-13
16310.00 3.302883e-13
16320.00 3.273097e-13
16330.00 3.243570e-13
16340.00 3.214298e-13
16350.00 3.185281e-13
16360.00 3.156516e-13
16370.00 3.128001e-13
16380.00 3.099733e-13
16390.00 3.071711e-13
16400.00 3.043933e-13
16410.00 3.016395e-13
16420.00 2.989098e-13
16430.00 2.962038e-13
16440.00 2.935213e-13
16450.00 2.908622e-13
16460.00 2.882262e-13
16470.00 2.856132e-13
16480.00 2.830229e-13
16490.00 2.804554e-13
16500.00 2.779100e-13
16510.00 2.753870e-13
16520.00 2.728859e-13
16530.00 2.704066e-13
16540.00 2.679490e-13
16550.00 2.655128e-13
16560.00 2.630980e-13
16570.00 2.607041e-13
16580.00 2.583313e-13
16590.00 2.559793e-13
16600.00 2.536476e-13
16610.00 2.513365e-13
16620.00 2.490456e-13
16630.00 2.467747e-13
16640.00 2.445237e-13
16650.00 2.422924e-13
16660.00 2.400806e-13
16670.00 2.378882e-13
16680.00 2.357150e-13
16690.00 2.335610e-13
16700.00 2.314258e-13
16710.00 2.293093e-13
16720.00 2.272114e-13
16730.00 2.251319e-13
16740.00 2.230707e-13
16750.00 2.210276e-13
16760.00 2.190024e-13
16770.00 2.169951e-13
16780.00 2.150054e-13
16790.00 2.130332e-13
16800.00 2.110784e-13
16810.00 2.091407e-13
16820.00 2.072200e-13
16830.00 2.053165e-13
16840.00 2.034295e-13
16850.00 2.015593e-13
16860.00 1.997055e-13
16870.00 1.978680e-13
16880.00 1.960468e-13
16890.00 1.942417e-13
16900.00 1.924525e-13
16910.00 1.906790e-13
16920.00 1.889213e-13
16930.00 1.871790e-13
16940.00 1.854522e-13
16950.00 1.837406e-13
16960.00 1.820442e-13
16970.00 1.803629e-13
16980.00 1.786963e-13
16990.00 1.770445e-13
17000.00 1.754073e-13
17010.00 1.737847e-13
17020.00 1.721764e-13
17030.00 1.705824e-13
17040.00 1.690025e-13
17050.00 1.674366e-13
17060.00 1.658846e-13
17070.00 1.643464e-13
17080.00 1.628219e-13
17090.00 1.613109e-13
17100.00 1.598133e-13
17110.00 1.583290e-13
17120.00 1.568580e-13
17130.00 1.554000e-13
17140.00 1.539550e-13
17150.00 1.525228e-13
17160.00 1.511034e-13
17170.00 1.496967e-13
17180.00 1.483024e-13
17190.00 1.469206e-13
17200.00 1.455511e-13
17210.00 1.441938e-13
17220.00 1.428486e-13
17230.00 1.415155e-13
17240.00 1.401942e-13
17250.00 1.388847e-13
17260.00 1.375870e-13
17270.00 1.363008e-13
17280.00 1.350262e-13
17290.00 1.337629e-13
17300.00 1.325110e-13
17310.00 1.312701e-13
17320.00 1.300405e-13
17330.00 1.288218e-13
17340.00 1.276141e-13
17350.00 1.264172e-13
17360.00 1.252310e-13
17370.00 1.240555e-13
17380.00 1.228905e-13
17390.00 1.217359e-13
17400.00 1.205917e-13
17410.00 1.194579e-13
17420.00 1.183341e-13
17430.00 1.172205e-13
17440.00 1.161169e-13
17450.00 1.150232e-13
17460.00 1.139394e-13
17470.00 1.128653e-13
17480.00 1.118009e-13
17490.00 1.107460e-13
17500.00 1.097006e-13
17510.00 1.086647e-13
17520.00 1.076382e-13
17530.00 1.066208e-13
17540.00 1.056128e-13
17550.00 1.046137e-13
17560.00 1.036237e-13
17570.00 1.026426e-13
17580.00 1.016704e-13
17590.00 1.007069e-13
17600.00 9.975223e-14
17610.00 9.880615e-14
17620.00 9.786861e-14
17630.00 9.693958e-14
17640.00 9.601894e-14
17650.00 9.510664e-14
17660.00 9.420264e-14
17670.00 9.330681e-14
17680.00 9.241909e-14
17690.00 9.153949e-14
17700.00 9.066780e-14
17710.00 8.980406e-14
17720.00 8.894814e-14
17730.00 8.810001e-14
17740.00 8.725959e-14
17750.00 8.642679e-14
17760.00 8.560162e-14
17770.00 8.478390e-14
17780.00 8.397362e-14
17790.00 8.317075e-14
17800.00 8.237518e-14
17810.00 8.158684e-14
17820.00 8.080575e-14
17830.00 8.003170e-14
17840.00 7.926474e-14
17850.00 7.850482e-14
17860.00 7.775180e-14
17870.00 7.700567e-14
17880.00 7.626637e-14
17890.00 7.553378e-14
17900.00 7.480793e-14
17910.00 7.408870e-14
17920.00 7.337608e-14
17930.00 7.266996e-14
17940.00 7.197030e-14
17950.00 7.127706e-14
17960.00 7.059016e-14
17970.00 6.990957e-14
17980.00 6.923522e-14
17990.00 6.856708e-14
18000.00 6.790504e-14
18010.00 6.724910e-14
18020.00 6.659918e-14
18030.00 6.595523e-14
18040.00 6.531719e-14
18050.00 6.468504e-14
18060.00 6.405870e-14
18070.00 6.343814e-14
18080.00 6.282327e-14
18090.00 6.221406e-14
18100.00 6.161047e-14
18110.00 6.101245e-14
18120.00 6.041995e-14
18130.00 5.983291e-14
18140.00 5.925129e-14
18150.00 5.867505e-14
18160.00 5.810413e-14
18170.00 5.753847e-14
18180.00 5.697804e-14
18190.00 5.642282e-14
18200.00 5.587272e-14
18210.00 5.532772e-14
18220.00 5.478774e-14
18230.00 5.425280e-14
18240.00 5.372278e-14
18250.00 5.319771e-14
18260.00 5.267749e-14
18270.00 5.216210e-14
18280.00 5.165151e-14
18290.00 5.114564e-14
18300.00 5.064448e-14
18310.00 5.014798e-14
18320.00 4.965609e-14
18330.00 4.916879e-14
18340.00 4.868602e-14
18350.00 4.820774e-14
18360.00 4.773391e-14
18370.00 4.726450e-14
18380.00 4.679946e-14
18390.00 4.633877e-14
18400.00 4.588238e-14
18410.00 4.543024e-14
18420.00 4.498231e-14
18430.00 4.453859e-14
18440.00 4.409900e-14
18450.00 4.366353e-14
18460.00 4.323213e-14
18470.00 4.280477e-14
18480.00 4.238141e-14
18490.00 4.196200e-14
18500.00 4.154654e-14
18510.00 4.113496e-14
18520.00 4.072725e-14
18530.00 4.032336e-14
18540.00 3.992326e-14
18550.00 3.952692e-14
18560.00 3.913431e-14
18570.00 3.874538e-14
18580.00 3.836011e-14
18590.00 3.797847e-14
18600.00 3.760042e-14
18610.00 3.722591e-14
18620.00 3.685496e-14
18630.00 3.648748e-14
18640.00 3.612347e-14
18650.00 3.576291e-14
18660.00 3.540573e-14
18670.00 3.505193e-14
18680.00 3.470147e-14
18690.00 3.435433e-14
18700.00 3.401046e-14
18710.00 3.366985e-14
18720.00 3.333246e-14
18730.00 3.299827e-14
18740.00 3.266724e-14
18750.00 3.233934e-14
18760.00 3.201455e-14
18770.00 3.169284e-14
18780.00 3.137419e-14
18790.00 3.105856e-14
18800.00 3.074592e-14
18810.00 3.043627e-14
18820.00 3.012954e-14
18830.00 2.982575e-14
18840.00 2.952484e-14
18850.00 2.922678e-14
18860.00 2.893158e-14
18870.00 2.863918e-14
18880.00 2.834957e-14
18890.00 2.806271e-14
18900.00 2.777860e-14
18910.00 2.749721e-14
18920.00 2.721849e-14
18930.00 2.694244e-14
18940.00 2.666902e-14
18950.00 2.639823e-14
18960.00 2.613002e-14
18970.00 2.586438e-14
18980.00 2.560129e-14
18990.00 2.534071e-14
19000.00 2.508263e-14
19010.00 2.482703e-14
19020.00 2.457388e-14
19030.00 2.432316e-14
19040.00 2.407485e-14
19050.00 2.382892e-14
19060.00 2.358536e-14
19070.00 2.334414e-14
19080.00 2.310525e-14
19090.00 2.286865e-14
19100.00 2.263432e-14
19110.00 2.240227e-14
19120.00 2.217244e-14
19130.00 2.194483e-14
19140.00 2.171943e-14
19150.00 2.149619e-14
19160.00 2.127511e-14
19170.00 2.105617e-14
19180.00 2.083936e-14
19190.00 2.062462e-14
19200.00 2.041198e-14
19210.00 2.020139e-14
19220.00 1.999285e-14
19230.00 1.978632e-14
19240.00 1.958181e-14
19250.00 1.937927e-14
19260.00 1.917869e-14
19270.00 1.898007e-14
19280.00 1.878338e-14
19290.00 1.858859e-14
19300.00 1.839571e-14
19310.00 1.820471e-14
19320.00 1.801556e-14
19330.00 1.782826e-14
19340.00 1.764279e-14
19350.00 1.745911e-14
19360.00 1.727724e-14
19370.00 1.709714e-14
19380.00 1.691880e-14
19390.00 1.674220e-14
19400.00 1.656733e-14
19410.00 1.639418e-14
19420.00 1.622271e-14
19430.00 1.605293e-14
19440.00 1.588480e-14
19450.00 1.571834e-14
19460.00 1.555350e-14
19470.00 1.539028e-14
19480.00 1.522866e-14
19490.00 1.506863e-14
19500.00 1.491018e-14
19510.00 1.475328e-14
19520.00 1.459792e-14
19530.00 1.444410e-14
19540.00 1.429180e-14
19550.00 1.414099e-14
19560.00 1.399167e-14
19570.00 1.384382e-14
19580.00 1.369745e-14
19590.00 1.355250e-14
19600.00 1.340900e-14
19610.00 1.326692e-14
19620.00 1.312624e-14
19630.00 1.298695e-14
19640.00 1.284904e-14
19650.00 1.271250e-14
19660.00 1.257731e-14
19670.00 1.244347e-14
19680.00 1.231095e-14
19690.00 1.217976e-14
19700.00 1.204986e-14
19710.00 1.192125e-14
19720.00 1.179393e-14
19730.00 1.166788e-14
19740.00 1.154308e-14
19750.00 1.141952e-14
19760.00 1.129721e-14
19770.00 1.117611e-14
19780.00 1.105621e-14
19790.00 1.093752e-14
19800.00 1.082001e-14
19810.00 1.070367e-14
19820.00 1.058851e-14
19830.00 1.047450e-14
19840.00 1.036162e-14
19850.00 1.024988e-14
19860.00 1.013927e-14
19870.00 1.002976e-14
19880.00 9.921348e-15
19890.00 9.814030e-15
19900.00 9.707788e-15
19910.00 9.602620e-15
19920.00 9.498507e-15
19930.00 9.395445e-15
19940.00 9.293422e-15
19950.00 9.192428e-15
19960.00 9.092453e-15
19970.00 8.993489e-15
19980.00 8.895524e-15
19990.00 8.798548e-15
20000.00 8.702553e-15
20010.00 8.607532e-15
20020.00 8.513472e-15
20030.00 8.420365e-15
20040.00 8.328205e-15
20050.00 8.236976e-15
20060.00 8.146677e-15
20070.00 8.057295e-15
20080.00 7.968821e-15
20090.00 7.881248e-15
20100.00 7.794566e-15
20110.00 7.708768e-15
20120.00 7.623843e-15
20130.00 7.539786e-15
20140.00 7.456585e-15
20150.00 7.374234e-15
20160.00 7.292726e-15
20170.00 7.212050e-15
20180.00 7.132200e-15
20190.00 7.053167e-15
20200.00 6.974945e-15
20210.00 6.897523e-15
20220.00 6.820897e-15
20230.00 6.745058e-15
20240.00 6.669995e-15
20250.00 6.595709e-15
20260.00 6.522183e-15
20270.00 6.449413e-15
20280.00 6.377397e-15
20290.00 6.306121e-15
20300.00 6.235577e-15
20310.00 6.165765e-15
20320.00 6.096674e-15
20330.00 6.028294e-15
20340.00 5.960622e-15
20350.00 5.893653e-15
20360.00 5.827375e-15
20370.00 5.761783e-15
20380.00 5.696875e-15
20390.00 5.632636e-15
20400.00 5.569066e-15
20410.00 5.506158e-15
20420.00 5.443900e-15
20430.00 5.382293e-15
20440.00 5.321326e-15
20450.00 5.260995e-15
20460.00 5.201293e-15
20470.00 5.142214e-15
20480.00 5.083752e-15
20490.00 5.025899e-15
20500.00 4.968653e-15
20510.00 4.912006e-15
20520.00 4.855952e-15
20530.00 4.800484e-15
20540.00 4.745599e-15
20550.00 4.691289e-15
20560.00 4.637550e-15
20570.00 4.584376e-15
20580.00 4.531761e-15
20590.00 4.479699e-15
20600.00 4.428186e-15
20610.00 4.377215e-15
20620.00 4.326783e-15
20630.00 4.276883e-15
20640.00 4.227508e-15
20650.00 4.178657e-15
20660.00 4.130322e-15
20670.00 4.082499e-15
20680.00 4.035183e-15
20690.00 3.988370e-15
20700.00 3.942051e-15
20710.00 3.896224e-15
20720.00 3.850886e-15
20730.00 3.806029e-15
20740.00 3.761647e-15
20750.00 3.717742e-15
20760.00 3.674303e-15
20770.00 3.631327e-15
20780.00 3.588810e-15
20790.00 3.546748e-15
20800.00 3.505134e-15
20810.00 3.463967e-15
20820.00 3.423241e-15
20830.00 3.382951e-15
20840.00 3.343093e-15
20850.00 3.303662e-15
20860.00 3.264656e-15
20870.00 3.226069e-15
20880.00 3.187896e-15
20890.00 3.150135e-15
20900.00 3.112782e-15
20910.00 3.075831e-15
20920.00 3.039279e-15
20930.00 3.003122e-15
20940.00 2.967356e-15
20950.00 2.931976e-15
20960.00 2.896981e-15
20970.00 2.862364e-15
20980.00 2.828122e-15
20990.00 2.794253e-15
21000.00 2.760752e-15
21010.00 2.727615e-15
21020.00 2.694839e-15
21030.00 2.662421e-15
21040.00 2.630354e-15
21050.00 2.598639e-15
21060.00 2.567270e-15
21070.00 2.536244e-15
21080.00 2.505557e-15
21090.00 2.475207e-15
21100.00 2.445189e-15
21110.00 2.415499e-15
21120.00 2.386137e-15
21130.00 2.357097e-15
21140.00 2.328375e-15
21150.00 2.299972e-15
21160.00 2.271879e-15
21170.00 2.244098e-15
21180.00 2.216623e-15
21190.00 2.189452e-15
21200.00 2.162580e-15
21210.00 2.136007e-15
21220.00 2.109727e-15
21230.00 2.083740e-15
21240.00 2.058040e-15
21250.00 2.032626e-15
21260.00 2.007495e-15
21270.00 1.982644e-15
21280.00 1.958069e-15
21290.00 1.933768e-15
21300.00 1.909738e-15
21310.00 1.885978e-15
21320.00 1.862481e-15
21330.00 1.839250e-15
21340.00 1.816278e-15
21350.00 1.793563e-15
21360.00 1.771104e-15
21370.00 1.748896e-15
21380.00 1.726939e-15
21390.00 1.705229e-15
21400.00 1.683764e-15
21410.00 1.662540e-15
21420.00 1.641556e-15
21430.00 1.620809e-15
21440.00 1.600297e-15
21450.00 1.580018e-15
21460.00 1.559968e-15
21470.00 1.540146e-15
21480.00 1.520549e-15
21490.00 1.501175e-15
21500.00 1.482022e-15
21510.00 1.463086e-15
21520.00 1.444366e-15
21530.00 1.425861e-15
21540.00 1.407566e-15
21550.00 1.389482e-15
21560.00 1.371604e-15
21570.00 1.353931e-15
21580.00 1.336462e-15
21590.00 1.319192e-15
21600.00 1.302121e-15
21610.00 1.285247e-15
21620.00 1.268568e-15
21630.00 1.252080e-15
21640.00 1.235783e-15
21650.00 1.219675e-15
21660.00 1.203754e-15
21670.00 1.188017e-15
21680.00 1.172463e-15
21690.00 1.157089e-15
21700.00 1.141893e-15
21710.00 1.126875e-15
21720.00 1.112032e-15
21730.00 1.097361e-15
21740.00 1.082863e-15
21750.00 1.068534e-15
21760.00 1.054373e-15
21770.00 1.040377e-15
21780.00 1.026546e-15
21790.00 1.012877e-15
21800.00 9.993692e-16
21810.00 9.860201e-16
21820.00 9.728288e-16
21830.00 9.597931e-16
21840.00 9.469115e-16
21850.00 9.341820e-16
21860.00 9.216036e-16
21870.00 9.091743e-16
21880.00 8.968923e-16
21890.00 8.847567e-16
21900.00 8.727655e-16
21910.00 8.609169e-16
21920.00 8.492101e-16
21930.00 8.376428e-16
21940.00 8.262141e-16
21950.00 8.149222e-16
21960.00 8.037658e-16
21970.00 7.927432e-16
21980.00 7.818533e-16
21990.00 7.710944e-16
22000.00 7.604651e-16
22010.00 7.499643e-16
22020.00 7.395902e-16
22030.00 7.293416e-16
22040.00 7.192174e-16
22050.00 7.092159e-16
22060.00 6.993358e-16
22070.00 6.895761e-16
22080.00 6.799352e-16
22090.00 6.704118e-16
22100.00 6.610048e-16
22110.00 6.517129e-16
22120.00 6.425345e-16
22130.00 6.334690e-16
22140.00 6.245148e-16
22150.00 6.156704e-16
22160.00 6.069353e-16
22170.00 5.983077e-16
22180.00 5.897866e-16
22190.00 5.813710e-16
22200.00 5.730597e-16
22210.00 5.648513e-16
22220.00 5.567450e-16
22230.00 5.487393e-16
22240.00 5.408335e-16
22250.00 5.330260e-16
22260.00 5.253165e-16
22270.00 5.177033e-16
22280.00 5.101851e-16
22290.00 5.027618e-16
22300.00 4.954315e-16
22310.00 4.881933e-16
22320.00 4.810467e-16
22330.00 4.739901e-16
22340.00 4.670226e-16
22350.00 4.601435e-16
22360.00 4.533516e-16
22370.00 4.466458e-16
22380.00 4.400255e-16
22390.00 4.334896e-16
22400.00 4.270369e-16
22410.00 4.206669e-16
22420.00 4.143784e-16
22430.00 4.081703e-16
22440.00 4.020422e-16
22450.00 3.959929e-16
22460.00 3.900214e-16
22470.00 3.841272e-16
22480.00 3.783090e-16
22490.00 3.725661e-16
22500.00 3.668979e-16
22510.00 3.613032e-16
22520.00 3.557813e-16
22530.00 3.503315e-16
22540.00 3.449528e-16
22550.00 3.396445e-16
22560.00 3.344057e-16
22570.00 3.292358e-16
22580.00 3.241339e-16
22590.00 3.190989e-16
22600.00 3.141306e-16
22610.00 3.092281e-16
22620.00 3.043903e-16
22630.00 2.996169e-16
22640.00 2.949067e-16
22650.00 2.902593e-16
22660.00 2.856741e-16
22670.00 2.811499e-16
22680.00 2.766864e-16
22690.00 2.722828e-16
22700.00 2.679384e-16
22710.00 2.636524e-16
22720.00 2.594244e-16
22730.00 2.552535e-16
22740.00 2.511390e-16
22750.00 2.470805e-16
22760.00 2.430771e-16
22770.00 2.391280e-16
22780.00 2.352331e-16
22790.00 2.313915e-16
22800.00 2.276024e-16
22810.00 2.238655e-16
22820.00 2.201799e-16
22830.00 2.165451e-16
22840.00 2.129606e-16
22850.00 2.094257e-16
22860.00 2.059399e-16
22870.00 2.025025e-16
22880.00 1.991131e-16
22890.00 1.957708e-16
22900.00 1.924755e-16
22910.00 1.892264e-16
22920.00 1.860228e-16
22930.00 1.828645e-16
22940.00 1.797507e-16
22950.00 1.766810e-16
22960.00 1.736548e-16
22970.00 1.706715e-16
22980.00 1.677308e-16
22990.00 1.648321e-16
23000.00 1.619748e-16
23010.00 1.591584e-16
23020.00 1.563826e-16
23030.00 1.536467e-16
23040.00 1.509505e-16
23050.00 1.482932e-16
23060.00 1.456744e-16
23070.00 1.430938e-16
23080.00 1.405507e-16
23090.00 1.380449e-16
23100.00 1.355758e-16
23110.00 1.331429e-16
23120.00 1.307459e-16
23130.00 1.283842e-16
23140.00 1.260575e-16
23150.00 1.237654e-16
23160.00 1.215073e-16
23170.00 1.192828e-16
23180.00 1.170917e-16
23190.00 1.149335e-16
23200.00 1.128076e-16
23210.00 1.107137e-16
23220.00 1.086515e-16
23230.00 1.066206e-16
23240.00 1.046205e-16
23250.00 1.026509e-16
23260.00 1.007114e-16
23270.00 9.880158e-17
23280.00 9.692113e-17
23290.00 9.506961e-17
23300.00 9.324673e-17
23310.00 9.145209e-17
23320.00 8.968535e-17
23330.00 8.794610e-17
23340.00 8.623407e-17
23350.00 8.454888e-17
23360.00 8.289015e-17
23370.00 8.125763e-17
23380.00 7.965092e-17
23390.00 7.806966e-17
23400.00 7.651362e-17
23410.00 7.498241e-17
23420.00 7.347571e-17
23430.00 7.199324e-17
23440.00 7.053465e-17
23450.00 6.909964e-17
23460.00 6.768792e-17
23470.00 6.629917e-17
23480.00 6.493309e-17
23490.00 6.358940e-17
23500.00 6.226780e-17
23510.00 6.096798e-17
23520.00 5.968970e-17
23530.00 5.843264e-17
23540.00 5.719650e-17
23550.00 5.598106e-17
23560.00 5.478602e-17
23570.00 5.361109e-17
23580.00 5.245603e-17
23590.00 5.132056e-17
23600.00 5.020440e-17
23610.00 4.910736e-17
23620.00 4.802911e-17
23630.00 4.696941e-17
23640.00 4.592804e-17
23650.00 4.490474e-17
23660.00 4.389925e-17
23670.00 4.291135e-17
23680.00 4.194079e-17
23690.00 4.098733e-17
23700.00 4.005073e-17
23710.00 3.913079e-17
23720.00 3.822724e-17
23730.00 3.733987e-17
23740.00 3.646847e-17
23750.00 3.561281e-17
23760.00 3.477267e-17
23770.00 3.394783e-17
23780.00 3.313809e-17
23790.00 3.234321e-17
23800.00 3.156302e-17
23810.00 3.079729e-17
23820.00 3.004580e-17
23830.00 2.930840e-17
23840.00 2.858485e-17
23850.00 2.787495e-17
23860.00 2.717854e-17
23870.00 2.649539e-17
23880.00 2.582531e-17
23890.00 2.516815e-17
23900.00 2.452370e-17
23910.00 2.389177e-17
23920.00 2.327218e-17
23930.00 2.266477e-17
23940.00 2.206933e-17
23950.00 2.148572e-17
23960.00 2.091373e-17
23970.00 2.035322e-17
23980.00 1.980401e-17
23990.00 1.926593e-17
24000.00 1.873882e-17
24010.00 1.822250e-17
24020.00 1.771682e-17
24030.00 1.722162e-17
24040.00 1.673675e-17
24050.00 1.626204e-17
24060.00 1.579735e-17
24070.00 1.534251e-17
24080.00 1.489738e-17
24090.00 1.446182e-17
24100.00 1.403567e-17
24110.00 1.361878e-17
24120.00 1.321102e-17
24130.00 1.281224e-17
24140.00 1.242230e-17
24150.00 1.204107e-17
24160.00 1.166839e-17
24170.00 1.130416e-17
24180.00 1.094822e-17
24190.00 1.060045e-17
24200.00 1.026071e-17
24210.00 9.928881e-18
24220.00 9.604823e-18
24230.00 9.288423e-18
24240.00 8.979551e-18
24250.00 8.678084e-18
24260.00 8.383902e-18
24270.00 8.096884e-18
24280.00 7.816911e-18
24290.00 7.543866e-18
24300.00 7.277639e-18
24310.00 7.018108e-18
24320.00 6.765164e-18
24330.00 6.518694e-18
24340.00 6.278588e-18
24350.00 6.044740e-18
24360.00 5.817043e-18
24370.00 5.595385e-18
24380.00 5.379667e-18
24390.00 5.169785e-18
24400.00 4.965632e-18
24410.00 4.767113e-18
24420.00 4.574126e-18
24430.00 4.386569e-18
24440.00 4.204353e-18
24450.00 4.027375e-18
24460.00 3.855543e-18
24470.00 3.688761e-18
24480.00 3.526939e-18
24490.00 3.369985e-18
24500.00 3.217808e-18
24510.00 3.070321e-18
24520.00 2.927435e-18
24530.00 2.789061e-18
24540.00 2.655117e-18
24550.00 2.525517e-18
24560.00 2.400175e-18
24570.00 2.279011e-18
24580.00 2.161945e-18
24590.00 2.048892e-18
24600.00 1.939778e-18
24610.00 1.834521e-18
24620.00 1.733044e-18
24630.00 1.635271e-18
24640.00 1.541128e-18
24650.00 1.450539e-18
24660.00 1.363430e-18
24670.00 1.279731e-18
24680.00 1.199367e-18
24690.00 1.122270e-18
24700.00 1.048370e-18
24710.00 9.775971e-19
24720.00 9.098841e-19
24730.00 8.451638e-19
24740.00 7.833695e-19
24750.00 7.244369e-19
24760.00 6.683011e-19
24770.00 6.148982e-19
24780.00 5.641660e-19
24790.00 5.160424e-19
24800.00 4.704662e-19
24810.00 4.273774e-19
24820.00 3.867162e-19
24830.00 3.484242e-19
24840.00 3.124432e-19
24850.00 2.787165e-19
24860.00 2.471876e-19
24870.00 2.178007e-19
24880.00 1.905013e-19
24890.00 1.652352e-19
24900.00 1.419489e-19
24910.00 1.205899e-19
24920.00 1.011064e-19
24930.00 8.344707e-20
24940.00 6.756144e-20
24950.00 5.339971e-20
24960.00 4.091277e-20
24970.00 3.005222e-20
24980.00 2.077029e-20
24990.00 1.301985e-20
25000.00 6.754489e-21
