1000.00 6.858017e-17
1010.00 9.525361e-17
1020.00 1.275055e-16
1030.00 1.659371e-16
1040.00 2.115688e-16
1050.00 2.648939e-16
1060.00 3.267348e-16
1070.00 3.985778e-16
1080.00 4.808542e-16
1090.00 5.747057e-16
1100.00 6.821524e-16
1110.00 8.035028e-16
1120.00 9.403478e-16
1130.00 1.095268e-15
1140.00 1.268394e-15
1150.00 1.461933e-15
1160.00 1.679002e-15
1170.00 1.919500e-15
1180.00 2.186470e-15
1190.00 2.483463e-15
1200.00 2.810120e-15
1210.00 3.170581e-15
1220.00 3.568640e-15
1230.00 4.003681e-15
1240.00 4.481248e-15
1250.00 5.006058e-15
1260.00 5.578079e-15
1270.00 6.207584e-15
1280.00 6.900425e-15
1290.00 7.654756e-15
1300.00 8.484722e-15
1310.00 9.394404e-15
1320.00 1.038165e-14
1330.00 1.146615e-14
1340.00 1.264997e-14
1350.00 1.393086e-14
1360.00 1.533587e-14
1370.00 1.686346e-14
1380.00 1.851163e-14
1390.00 2.031712e-14
1400.00 2.227258e-14
1410.00 2.437674e-14
1420.00 2.667904e-14
1430.00 2.916329e-14
1440.00 3.182976e-14
1450.00 3.474426e-14
1460.00 3.787785e-14
1470.00 4.123342e-14
1480.00 4.489787e-14
1490.00 4.882431e-14
1500.00 5.301971e-14
1510.00 5.759803e-14
1520.00 6.248767e-14
1530.00 6.770860e-14
1540.00 7.338877e-14
1550.00 7.944367e-14
1560.00 8.590555e-14
1570.00 9.291593e-14
1580.00 1.003761e-13
1590.00 1.083352e-13
1600.00 1.169475e-13
1610.00 1.260986e-13
1620.00 1.358612e-13
1630.00 1.464002e-13
1640.00 1.575843e-13
1650.00 1.695181e-13
1660.00 1.823750e-13
1670.00 1.960045e-13
1680.00 2.105559e-13
1690.00 2.262060e-13
1700.00 2.427827e-13
1710.00 2.604958e-13
1720.00 2.795178e-13
1730.00 2.996565e-13
1740.00 3.212099e-13
1750.00 3.443392e-13
1760.00 3.688264e-13
1770.00 3.950955e-13
1780.00 4.232768e-13
1790.00 4.531243e-13
1800.00 4.852435e-13
1810.00 5.197051e-13
1820.00 5.562327e-13
1830.00 5.956991e-13
1840.00 6.380647e-13
1850.00 6.830237e-13
1860.00 7.318417e-13
1870.00 7.842856e-13
1880.00 8.400251e-13
1890.00 9.009038e-13
1900.00 9.663545e-13
1910.00 1.036037e-12
1920.00 1.112630e-12
1930.00 1.195003e-12
1940.00 1.282840e-12
1950.00 1.379973e-12
1960.00 1.484357e-12
1970.00 1.595764e-12
1980.00 1.719473e-12
1990.00 1.852048e-12
2000.00 1.993459e-12
2010.00 2.150452e-12
2020.00 2.317725e-12
2030.00 2.495982e-12
2040.00 2.691527e-12
2050.00 2.898305e-12
2060.00 3.117393e-12
2070.00 3.352857e-12
2080.00 3.598812e-12
2090.00 3.856174e-12
2100.00 4.124945e-12
2110.00 4.401091e-12
2120.00 4.684375e-12
2130.00 4.970432e-12
2140.00 5.258884e-12
2150.00 5.547425e-12
2160.00 5.829621e-12
2170.00 6.109245e-12
2180.00 6.382006e-12
2190.00 6.642954e-12
2200.00 6.898462e-12
2210.00 7.143512e-12
2220.00 7.376721e-12
2230.00 7.604504e-12
2240.00 7.822710e-12
2250.00 8.033038e-12
2260.00 8.240094e-12
2270.00 8.441610e-12
2280.00 8.640516e-12
2290.00 8.839162e-12
2300.00 9.037367e-12
2310.00 9.237631e-12
2320.00 9.440530e-12
2330.00 9.647699e-12
2340.00 9.860339e-12
2350.00 1.007796e-11
2360.00 1.030363e-11
2370.00 1.053699e-11
2380.00 1.077711e-11
2390.00 1.102814e-11
2400.00 1.128824e-11
2410.00 1.155641e-11
2420.00 1.183765e-11
2430.00 1.212882e-11
2440.00 1.242907e-11
2450.00 1.274410e-11
2460.00 1.306961e-11
2470.00 1.340503e-11
2480.00 1.375670e-11
2490.00 1.357045e-11
2500.00 1.286256e-11
2510.00 1.138916e-11
2520.00 1.077384e-11
2530.00 1.199522e-11
2540.00 1.455175e-11
2550.00 1.687626e-11
2560.00 1.867619e-11
2570.00 1.934229e-11
2580.00 2.115573e-11
2590.00 1.986323e-11
2600.00 2.091304e-11
2610.00 2.200144e-11
2620.00 1.993946e-11
2630.00 1.993450e-11
2640.00 1.911950e-11
2650.00 1.763007e-11
2660.00 1.902508e-11
2670.00 1.866385e-11
2680.00 2.060710e-11
2690.00 2.543629e-11
2700.00 3.423868e-11
2710.00 4.424966e-11
2720.00 5.376607e-11
2730.00 6.088570e-11
2740.00 6.282748e-11
2750.00 6.034995e-11
2760.00 6.225409e-11
2770.00 6.025213e-11
2780.00 6.325116e-11
2790.00 6.224165e-11
2800.00 6.720033e-11
2810.00 6.656005e-11
2820.00 6.480441e-11
2830.00 6.453761e-11
2840.00 6.367416e-11
2850.00 6.251044e-11
2860.00 6.482284e-11
2870.00 6.463262e-11
2880.00 6.656529e-11
2890.00 6.958269e-11
2900.00 7.201014e-11
2910.00 7.938210e-11
2920.00 8.331325e-11
2930.00 8.836712e-11
2940.00 9.064496e-11
2950.00 9.072101e-11
2960.00 9.191739e-11
2970.00 8.991244e-11
2980.00 8.863319e-11
2990.00 8.764886e-11
3000.00 8.410844e-11
3010.00 8.116038e-11
3020.00 8.049245e-11
3030.00 7.673024e-11
3040.00 7.774173e-11
3050.00 8.229518e-11
3060.00 8.324712e-11
3070.00 8.516310e-11
3080.00 8.495672e-11
3090.00 8.728313e-11
3100.00 8.987181e-11
3110.00 8.699863e-11
3120.00 9.268812e-11
3130.00 9.950794e-11
3140.00 9.996052e-11
3150.00 1.049785e-10
3160.00 1.073671e-10
3170.00 1.106848e-10
3180.00 1.147734e-10
3190.00 1.234156e-10
3200.00 1.239603e-10
3210.00 1.299720e-10
3220.00 1.237885e-10
3230.00 1.220920e-10
3240.00 1.151658e-10
3250.00 1.162235e-10
3260.00 1.140698e-10
3270.00 1.121389e-10
3280.00 1.096059e-10
3290.00 1.105492e-10
3300.00 1.096769e-10
3310.00 1.138782e-10
3320.00 1.180568e-10
3330.00 1.271642e-10
3340.00 1.283312e-10
3350.00 1.375236e-10
3360.00 1.376117e-10
3370.00 1.401555e-10
3380.00 1.437850e-10
3390.00 1.454128e-10
3400.00 1.496232e-10
3410.00 1.600335e-10
3420.00 1.616930e-10
3430.00 1.688017e-10
3440.00 1.785202e-10
3450.00 1.858826e-10
3460.00 1.918798e-10
3470.00 1.903679e-10
3480.00 2.022845e-10
3490.00 2.049934e-10
3500.00 2.081426e-10
3510.00 2.086359e-10
3520.00 2.143971e-10
3530.00 2.244012e-10
3540.00 2.408971e-10
3550.00 2.575508e-10
3560.00 2.638565e-10
3570.00 2.609595e-10
3580.00 2.655943e-10
3590.00 2.799564e-10
3600.00 2.953215e-10
3610.00 2.984872e-10
3620.00 2.985990e-10
3630.00 3.000288e-10
3640.00 2.919375e-10
3650.00 2.898825e-10
3660.00 2.996929e-10
3670.00 3.137371e-10
3680.00 3.255168e-10
3690.00 3.385506e-10
3700.00 3.597905e-10
3710.00 3.707461e-10
3720.00 3.807020e-10
3730.00 3.854961e-10
3740.00 3.812645e-10
3750.00 3.667536e-10
3760.00 3.376067e-10
3770.00 3.249661e-10
3780.00 2.885119e-10
3790.00 2.597760e-10
3800.00 2.262808e-10
3810.00 2.077093e-10
3820.00 1.913825e-10
3830.00 1.844428e-10
3840.00 1.835832e-10
3850.00 1.973550e-10
3860.00 2.166428e-10
3870.00 2.358444e-10
3880.00 2.594025e-10
3890.00 2.963825e-10
3900.00 3.392768e-10
3910.00 3.754699e-10
3920.00 4.018389e-10
3930.00 4.342326e-10
3940.00 4.598805e-10
3950.00 4.869104e-10
3960.00 5.025965e-10
3970.00 5.182417e-10
3980.00 5.212090e-10
3990.00 5.356553e-10
4000.00 5.358891e-10
4010.00 5.230316e-10
4020.00 5.050946e-10
4030.00 4.778553e-10
4040.00 4.471083e-10
4050.00 4.207513e-10
4060.00 3.883554e-10
4070.00 3.521106e-10
4080.00 3.635803e-10
4090.00 3.448878e-10
4100.00 3.300323e-10
4110.00 3.285076e-10
4120.00 3.108370e-10
4130.00 2.949292e-10
4140.00 2.911999e-10
4150.00 2.968161e-10
4160.00 2.925322e-10
4170.00 2.956437e-10
4180.00 2.832134e-10
4190.00 2.798576e-10
4200.00 2.880343e-10
4210.00 2.953803e-10
4220.00 2.996300e-10
4230.00 3.205581e-10
4240.00 3.138671e-10
4250.00 3.051609e-10
4260.00 3.104198e-10
4270.00 3.342056e-10
4280.00 3.249079e-10
4290.00 3.269554e-10
4300.00 3.252572e-10
4310.00 3.223168e-10
4320.00 3.259787e-10
4330.00 3.140324e-10
4340.00 3.227758e-10
4350.00 3.097850e-10
4360.00 3.053710e-10
4370.00 2.975397e-10
4380.00 2.768176e-10
4390.00 2.429597e-10
4400.00 2.337736e-10
4410.00 2.226751e-10
4420.00 2.031668e-10
4430.00 1.977366e-10
4440.00 1.868728e-10
4450.00 1.884236e-10
4460.00 1.910709e-10
4470.00 1.935675e-10
4480.00 1.981813e-10
4490.00 2.089047e-10
4500.00 2.232451e-10
4510.00 2.440763e-10
4520.00 2.646740e-10
4530.00 2.919332e-10
4540.00 3.198313e-10
4550.00 3.375286e-10
4560.00 3.602350e-10
4570.00 3.844271e-10
4580.00 4.099974e-10
4590.00 4.391096e-10
4600.00 4.519384e-10
4610.00 4.770489e-10
4620.00 4.843262e-10
4630.00 4.747676e-10
4640.00 4.596590e-10
4650.00 4.524514e-10
4660.00 4.382164e-10
4670.00 4.238623e-10
4680.00 4.049669e-10
4690.00 3.758138e-10
4700.00 3.486108e-10
4710.00 3.010763e-10
4720.00 2.758925e-10
4730.00 2.463595e-10
4740.00 2.242977e-10
4750.00 2.188070e-10
4760.00 2.141647e-10
4770.00 2.109004e-10
4780.00 2.066128e-10
4790.00 2.039311e-10
4800.00 2.096700e-10
4810.00 2.126834e-10
4820.00 2.130095e-10
4830.00 2.192508e-10
4840.00 2.288926e-10
4850.00 2.399277e-10
4860.00 2.506949e-10
4870.00 2.468634e-10
4880.00 2.514247e-10
4890.00 2.568725e-10
4900.00 2.616264e-10
4910.00 2.696650e-10
4920.00 2.764930e-10
4930.00 2.877992e-10
4940.00 2.954466e-10
4950.00 3.105584e-10
4960.00 3.113678e-10
4970.00 3.089751e-10
4980.00 3.106203e-10
4990.00 2.996866e-10
5000.00 2.805558e-10
5010.00 2.643969e-10
5020.00 2.392737e-10
5030.00 2.223508e-10
5040.00 2.003953e-10
5050.00 1.930816e-10
5060.00 1.878414e-10
5070.00 1.873494e-10
5080.00 1.817309e-10
5090.00 1.786533e-10
5100.00 1.758770e-10
5110.00 1.758779e-10
5120.00 1.834317e-10
5130.00 1.831770e-10
5140.00 1.812784e-10
5150.00 1.835179e-10
5160.00 1.822482e-10
5170.00 1.887443e-10
5180.00 1.953881e-10
5190.00 2.084987e-10
5200.00 2.178684e-10
5210.00 2.285442e-10
5220.00 2.312204e-10
5230.00 2.462206e-10
5240.00 2.705433e-10
5250.00 2.784518e-10
5260.00 2.950092e-10
5270.00 2.917110e-10
5280.00 3.014675e-10
5290.00 3.307603e-10
5300.00 3.362225e-10
5310.00 3.284122e-10
5320.00 3.614710e-10
5330.00 3.630021e-10
5340.00 3.639994e-10
5350.00 3.654721e-10
5360.00 3.661148e-10
5370.00 3.578625e-10
5380.00 3.589556e-10
5390.00 3.626999e-10
5400.00 3.582548e-10
5410.00 3.924288e-10
5420.00 3.955929e-10
5430.00 3.946479e-10
5440.00 4.038001e-10
5450.00 4.425791e-10
5460.00 4.664253e-10
5470.00 4.799841e-10
5480.00 5.282317e-10
5490.00 5.296035e-10
5500.00 5.521964e-10
5510.00 5.718989e-10
5520.00 5.815922e-10
5530.00 5.845057e-10
5540.00 5.544971e-10
5550.00 5.577466e-10
5560.00 5.482126e-10
5570.00 5.445367e-10
5580.00 5.404265e-10
5590.00 4.928489e-10
5600.00 4.764717e-10
5610.00 4.490131e-10
5620.00 4.159691e-10
5630.00 3.936368e-10
5640.00 3.755291e-10
5650.00 3.490477e-10
5660.00 3.253702e-10
5670.00 3.049804e-10
5680.00 2.760506e-10
5690.00 2.710745e-10
5700.00 2.650089e-10
5710.00 2.789460e-10
5720.00 2.805506e-10
5730.00 2.923108e-10
5740.00 3.127171e-10
5750.00 3.149680e-10
5760.00 3.282553e-10
5770.00 3.323898e-10
5780.00 3.651450e-10
5790.00 3.977572e-10
5800.00 4.116934e-10
5810.00 4.417650e-10
5820.00 4.652835e-10
5830.00 4.962244e-10
5840.00 4.961249e-10
5850.00 5.129228e-10
5860.00 5.163004e-10
5870.00 5.405722e-10
5880.00 5.276558e-10
5890.00 4.870441e-10
5900.00 3.742752e-10
5910.00 4.566053e-10
5920.00 4.677541e-10
5930.00 4.616796e-10
5940.00 4.113731e-10
5950.00 4.000625e-10
5960.00 3.865045e-10
5970.00 3.764278e-10
5980.00 3.566342e-10
5990.00 3.519250e-10
6000.00 3.465387e-10
6010.00 3.203147e-10
6020.00 3.264377e-10
6030.00 3.213655e-10
6040.00 3.230669e-10
6050.00 3.230852e-10
6060.00 3.375378e-10
6070.00 3.511331e-10
6080.00 3.473793e-10
6090.00 3.553592e-10
6100.00 3.405089e-10
6110.00 3.446484e-10
6120.00 3.437552e-10
6130.00 3.323428e-10
6140.00 3.384598e-10
6150.00 3.632781e-10
6160.00 3.546067e-10
6170.00 3.440142e-10
6180.00 3.246568e-10
6190.00 3.292588e-10
6200.00 3.333616e-10
6210.00 3.242568e-10
6220.00 3.167638e-10
6230.00 3.322396e-10
6240.00 3.290404e-10
6250.00 3.216171e-10
6260.00 3.389096e-10
6270.00 3.236138e-10
6280.00 3.084345e-10
6290.00 3.027726e-10
6300.00 3.014996e-10
6310.00 2.954773e-10
6320.00 2.972241e-10
6330.00 2.979588e-10
6340.00 3.057894e-10
6350.00 3.204967e-10
6360.00 3.340730e-10
6370.00 3.423685e-10
6380.00 3.630348e-10
6390.00 3.706947e-10
6400.00 3.923843e-10
6410.00 4.109005e-10
6420.00 4.214109e-10
6430.00 4.375037e-10
6440.00 4.597929e-10
6450.00 4.739351e-10
6460.00 4.840722e-10
6470.00 4.986227e-10
6480.00 5.085739e-10
6490.00 5.109746e-10
6500.00 5.224822e-10
6510.00 5.270354e-10
6520.00 5.225195e-10
6530.00 5.192357e-10
6540.00 5.145978e-10
6550.00 5.100624e-10
6560.00 5.022681e-10
6570.00 4.915551e-10
6580.00 4.755962e-10
6590.00 4.643256e-10
6600.00 4.531355e-10
6610.00 4.343089e-10
6620.00 4.178338e-10
6630.00 3.973410e-10
6640.00 3.833359e-10
6650.00 3.644013e-10
6660.00 3.457198e-10
6670.00 3.301518e-10
6680.00 3.144392e-10
6690.00 3.015376e-10
6700.00 2.861991e-10
6710.00 2.733346e-10
6720.00 2.627485e-10
6730.00 2.558881e-10
6740.00 2.443670e-10
6750.00 2.369802e-10
6760.00 2.261700e-10
6770.00 2.201442e-10
6780.00 2.021800e-10
6790.00 2.039799e-10
6800.00 1.956636e-10
6810.00 1.885203e-10
6820.00 1.901563e-10
6830.00 1.818871e-10
6840.00 1.790997e-10
6850.00 1.829712e-10
6860.00 1.808668e-10
6870.00 1.708189e-10
6880.00 1.708972e-10
6890.00 1.672512e-10
6900.00 1.710588e-10
6910.00 1.717354e-10
6920.00 1.733916e-10
6930.00 1.759701e-10
6940.00 1.774715e-10
6950.00 1.759368e-10
6960.00 1.740267e-10
6970.00 1.735316e-10
6980.00 1.734623e-10
6990.00 1.718898e-10
7000.00 1.689408e-10
7010.00 1.712024e-10
7020.00 1.715419e-10
7030.00 1.684811e-10
7040.00 1.697835e-10
7050.00 1.648702e-10
7060.00 1.623256e-10
7070.00 1.665592e-10
7080.00 1.624570e-10
7090.00 1.628597e-10
7100.00 1.627767e-10
7110.00 1.619995e-10
7120.00 1.610340e-10
7130.00 1.650989e-10
7140.00 1.683188e-10
7150.00 1.717240e-10
7160.00 1.707795e-10
7170.00 1.683402e-10
7180.00 1.687232e-10
7190.00 1.751590e-10
7200.00 1.824721e-10
7210.00 1.851819e-10
7220.00 1.820290e-10
7230.00 1.793430e-10
7240.00 1.804925e-10
7250.00 1.850711e-10
7260.00 1.882017e-10
7270.00 1.989204e-10
7280.00 2.012298e-10
7290.00 2.004803e-10
7300.00 2.014509e-10
7310.00 2.061269e-10
7320.00 2.105622e-10
7330.00 2.146357e-10
7340.00 2.153800e-10
7350.00 2.174730e-10
7360.00 2.188582e-10
7370.00 2.190523e-10
7380.00 2.210703e-10
7390.00 2.210553e-10
7400.00 2.213528e-10
7410.00 2.219905e-10
7420.00 2.188876e-10
7430.00 2.227013e-10
7440.00 2.213990e-10
7450.00 2.138352e-10
7460.00 2.138240e-10
7470.00 2.131958e-10
7480.00 2.107968e-10
7490.00 2.059151e-10
7500.00 1.754066e-10
7510.00 1.716483e-10
7520.00 1.857611e-10
7530.00 1.702315e-10
7540.00 1.713097e-10
7550.00 1.723076e-10
7560.00 1.646256e-10
7570.00 1.662736e-10
7580.00 1.683938e-10
7590.00 1.675108e-10
7600.00 1.718909e-10
7610.00 1.749637e-10
7620.00 1.685709e-10
7630.00 1.350425e-10
7640.00 1.577701e-10
7650.00 1.754735e-10
7660.00 1.680164e-10
7670.00 1.806328e-10
7680.00 1.950816e-10
7690.00 2.143685e-10
7700.00 2.207410e-10
7710.00 2.243818e-10
7720.00 2.333802e-10
7730.00 2.354077e-10
7740.00 2.289792e-10
7750.00 2.356414e-10
7760.00 2.349623e-10
7770.00 2.258710e-10
7780.00 2.274142e-10
7790.00 2.279735e-10
7800.00 2.266287e-10
7810.00 2.145063e-10
7820.00 2.108157e-10
7830.00 2.117756e-10
7840.00 1.994272e-10
7850.00 1.971278e-10
7860.00 1.960819e-10
7870.00 1.881311e-10
7880.00 1.785959e-10
7890.00 1.760910e-10
7900.00 1.686182e-10
7910.00 1.634213e-10
7920.00 1.590819e-10
7930.00 1.563490e-10
7940.00 1.504747e-10
7950.00 1.468793e-10
7960.00 1.387723e-10
7970.00 1.398328e-10
7980.00 1.384486e-10
7990.00 1.312447e-10
8000.00 1.271054e-10
8010.00 1.296150e-10
8020.00 1.282660e-10
8030.00 1.199912e-10
8040.00 1.221195e-10
8050.00 1.184092e-10
8060.00 1.166703e-10
8070.00 1.170767e-10
8080.00 1.144302e-10
8090.00 1.074807e-10
8100.00 1.017305e-10
8110.00 1.035573e-10
8120.00 9.363709e-11
8130.00 9.342216e-11
8140.00 8.733468e-11
8150.00 8.643097e-11
8160.00 8.160809e-11
8170.00 7.455165e-11
8180.00 7.629972e-11
8190.00 6.894746e-11
8200.00 6.537903e-11
8210.00 6.279740e-11
8220.00 5.897464e-11
8230.00 5.299686e-11
8240.00 4.878086e-11
8250.00 4.531700e-11
8260.00 3.697594e-11
8270.00 3.607934e-11
8280.00 3.446090e-11
8290.00 3.683612e-11
8300.00 3.798911e-11
8310.00 3.631725e-11
8320.00 3.780512e-11
8330.00 4.224933e-11
8340.00 4.220398e-11
8350.00 4.805369e-11
8360.00 5.593032e-11
8370.00 5.769873e-11
8380.00 6.428214e-11
8390.00 7.139456e-11
8400.00 7.539387e-11
8410.00 8.277343e-11
8420.00 9.363274e-11
8430.00 9.918823e-11
8440.00 1.036373e-10
8450.00 1.065914e-10
8460.00 1.110820e-10
8470.00 1.150283e-10
8480.00 1.246840e-10
8490.00 1.393113e-10
8500.00 1.442828e-10
8510.00 1.464638e-10
8520.00 1.476759e-10
8530.00 1.500590e-10
8540.00 1.569430e-10
8550.00 1.739192e-10
8560.00 1.884933e-10
8570.00 1.914391e-10
8580.00 1.855605e-10
8590.00 1.817293e-10
8600.00 1.796479e-10
8610.00 1.915416e-10
8620.00 1.995462e-10
8630.00 2.009159e-10
8640.00 1.948422e-10
8650.00 1.940818e-10
8660.00 1.964006e-10
8670.00 1.935078e-10
8680.00 1.938104e-10
8690.00 2.012560e-10
8700.00 1.988025e-10
8710.00 1.913757e-10
8720.00 1.900494e-10
8730.00 1.968416e-10
8740.00 1.978308e-10
8750.00 1.943492e-10
8760.00 1.998425e-10
8770.00 1.964995e-10
8780.00 1.877664e-10
8790.00 1.836743e-10
8800.00 1.932345e-10
8810.00 2.019184e-10
8820.00 1.942489e-10
8830.00 1.855664e-10
8840.00 1.764717e-10
8850.00 1.672261e-10
8860.00 1.690352e-10
8870.00 1.663935e-10
8880.00 1.729065e-10
8890.00 1.700560e-10
8900.00 1.561241e-10
8910.00 1.456170e-10
8920.00 1.451641e-10
8930.00 1.484727e-10
8940.00 1.446756e-10
8950.00 1.397642e-10
8960.00 1.398459e-10
8970.00 1.365065e-10
8980.00 1.330887e-10
8990.00 1.302279e-10
9000.00 1.277998e-10
9010.00 1.268367e-10
9020.00 1.195654e-10
9030.00 1.158157e-10
9040.00 1.174223e-10
9050.00 1.158671e-10
9060.00 1.135622e-10
9070.00 1.155128e-10
9080.00 1.142543e-10
9090.00 1.117814e-10
9100.00 1.131584e-10
9110.00 1.092583e-10
9120.00 1.061217e-10
9130.00 1.072856e-10
9140.00 1.068680e-10
9150.00 1.072638e-10
9160.00 1.044635e-10
9170.00 1.043086e-10
9180.00 1.012621e-10
9190.00 9.173216e-11
9200.00 9.099263e-11
9210.00 8.998547e-11
9220.00 9.136648e-11
9230.00 9.261061e-11
9240.00 1.011995e-10
9250.00 1.052923e-10
9260.00 9.219637e-11
9270.00 8.427388e-11
9280.00 8.225711e-11
9290.00 8.036699e-11
9300.00 8.108695e-11
9310.00 8.533278e-11
9320.00 9.421260e-11
9330.00 8.559233e-11
9340.00 7.903906e-11
9350.00 7.254570e-11
9360.00 7.332282e-11
9370.00 7.183299e-11
9380.00 7.754165e-11
9390.00 8.430558e-11
9400.00 9.732491e-11
9410.00 8.953467e-11
9420.00 7.408384e-11
9430.00 7.376033e-11
9440.00 7.173804e-11
9450.00 7.352982e-11
9460.00 8.095511e-11
9470.00 8.112387e-11
9480.00 7.959735e-11
9490.00 7.732390e-11
9500.00 7.661161e-11
9510.00 7.368453e-11
9520.00 7.555078e-11
9530.00 6.907286e-11
9540.00 7.280719e-11
9550.00 8.362607e-11
9560.00 7.753363e-11
9570.00 7.434101e-11
9580.00 7.324081e-11
9590.00 6.840862e-11
9600.00 6.759402e-11
9610.00 6.718818e-11
9620.00 6.896029e-11
9630.00 6.797296e-11
9640.00 6.417872e-11
9650.00 6.320976e-11
9660.00 6.150396e-11
9670.00 6.033644e-11
9680.00 6.086584e-11
9690.00 5.980663e-11
9700.00 6.010922e-11
9710.00 6.055130e-11
9720.00 6.531262e-11
9730.00 6.837482e-11
9740.00 6.252263e-11
9750.00 6.034975e-11
9760.00 6.383613e-11
9770.00 6.361909e-11
9780.00 6.651898e-11
9790.00 6.726296e-11
9800.00 6.617779e-11
9810.00 7.408002e-11
9820.00 7.171863e-11
9830.00 6.565169e-11
9840.00 6.884267e-11
9850.00 7.256742e-11
9860.00 7.674895e-11
9870.00 7.378805e-11
9880.00 7.212114e-11
9890.00 8.295946e-11
9900.00 7.968532e-11
9910.00 7.345311e-11
9920.00 7.376403e-11
9930.00 7.415437e-11
9940.00 7.530655e-11
9950.00 7.269602e-11
9960.00 7.051275e-11
9970.00 6.401836e-11
9980.00 7.278734e-11
9990.00 6.744634e-11
10000.00 6.494717e-11
10010.00 6.424734e-11
10020.00 6.584890e-11
10030.00 6.975591e-11
10040.00 6.528532e-11
10050.00 6.281732e-11
10060.00 6.240505e-11
10070.00 6.199654e-11
10080.00 6.159036e-11
10090.00 6.118656e-11
10100.00 6.078641e-11
10110.00 6.038855e-11
10120.00 5.999302e-11
10130.00 5.960104e-11
10140.00 5.921132e-11
10150.00 5.882387e-11
10160.00 5.843990e-11
10170.00 5.805813e-11
10180.00 5.767859e-11
10190.00 5.730244e-11
10200.00 5.692845e-11
10210.00 5.655665e-11
10220.00 5.618815e-11
10230.00 5.582176e-11
10240.00 5.545752e-11
10250.00 5.509651e-11
10260.00 5.473756e-11
10270.00 5.438072e-11
10280.00 5.402703e-11
10290.00 5.367535e-11
10300.00 5.332574e-11
10310.00 5.297921e-11
10320.00 5.263465e-11
10330.00 5.229212e-11
10340.00 5.195259e-11
10350.00 5.161500e-11
10360.00 5.127940e-11
10370.00 5.094672e-11
10380.00 5.061593e-11
10390.00 5.028710e-11
10400.00 4.996113e-11
10410.00 4.963700e-11
10420.00 4.931480e-11
10430.00 4.899539e-11
10440.00 4.867778e-11
10450.00 4.836206e-11
10460.00 4.804906e-11
10470.00 4.773784e-11
10480.00 4.742847e-11
10490.00 4.712174e-11
10500.00 4.681676e-11
10510.00 4.651361e-11
10520.00 4.621303e-11
10530.00 4.591415e-11
10540.00 4.561706e-11
10550.00 4.532249e-11
10560.00 4.502957e-11
10570.00 4.473843e-11
10580.00 4.444975e-11
10590.00 4.416269e-11
10600.00 4.387736e-11
10610.00 4.359442e-11
10620.00 4.331309e-11
10630.00 4.303345e-11
10640.00 4.275615e-11
10650.00 4.248042e-11
10660.00 4.220636e-11
10670.00 4.193458e-11
10680.00 4.166432e-11
10690.00 4.139571e-11
10700.00 4.112934e-11
10710.00 4.086444e-11
10720.00 4.060116e-11
10730.00 4.034006e-11
10740.00 4.008044e-11
10750.00 3.982238e-11
10760.00 3.956645e-11
10770.00 3.931196e-11
10780.00 3.905902e-11
10790.00 3.880815e-11
10800.00 3.855870e-11
10810.00 3.831076e-11
10820.00 3.806486e-11
10830.00 3.782033e-11
10840.00 3.757729e-11
10850.00 3.733624e-11
10860.00 3.709653e-11
10870.00 3.685830e-11
10880.00 3.662199e-11
10890.00 3.638701e-11
10900.00 3.615346e-11
10910.00 3.592182e-11
10920.00 3.569145e-11
10930.00 3.546252e-11
10940.00 3.523541e-11
10950.00 3.500958e-11
10960.00 3.478514e-11
10970.00 3.456251e-11
10980.00 3.434110e-11
10990.00 3.412107e-11
11000.00 3.390281e-11
11010.00 3.368575e-11
11020.00 3.347003e-11
11030.00 3.325604e-11
11040.00 3.304323e-11
11050.00 3.283174e-11
11060.00 3.262194e-11
11070.00 3.241330e-11
11080.00 3.220595e-11
11090.00 3.200025e-11
11100.00 3.179568e-11
11110.00 3.159238e-11
11120.00 3.139069e-11
11130.00 3.119013e-11
11140.00 3.099081e-11
11150.00 3.079305e-11
11160.00 3.059638e-11
11170.00 3.040095e-11
11180.00 3.020705e-11
11190.00 3.001422e-11
11200.00 2.982260e-11
11210.00 2.963247e-11
11220.00 2.944339e-11
11230.00 2.925549e-11
11240.00 2.906906e-11
11250.00 2.888366e-11
11260.00 2.869942e-11
11270.00 2.851661e-11
11280.00 2.833481e-11
11290.00 2.815415e-11
11300.00 2.797488e-11
11310.00 2.779660e-11
11320.00 2.761945e-11
11330.00 2.744366e-11
11340.00 2.726884e-11
11350.00 2.709512e-11
11360.00 2.692273e-11
11370.00 2.675130e-11
11380.00 2.658094e-11
11390.00 2.641189e-11
11400.00 2.624376e-11
11410.00 2.607672e-11
11420.00 2.591092e-11
11430.00 2.574605e-11
11440.00 2.558222e-11
11450.00 2.541964e-11
11460.00 2.525794e-11
11470.00 2.509728e-11
11480.00 2.493784e-11
11490.00 2.477927e-11
11500.00 2.462171e-11
11510.00 2.446533e-11
11520.00 2.430982e-11
11530.00 2.415529e-11
11540.00 2.400192e-11
11550.00 2.384940e-11
11560.00 2.369785e-11
11570.00 2.354744e-11
11580.00 2.339785e-11
11590.00 2.324922e-11
11600.00 2.310170e-11
11610.00 2.295497e-11
11620.00 2.280920e-11
11630.00 2.266452e-11
11640.00 2.252061e-11
11650.00 2.237764e-11
11660.00 2.223573e-11
11670.00 2.209459e-11
11680.00 2.195436e-11
11690.00 2.181516e-11
11700.00 2.167673e-11
11710.00 2.153919e-11
11720.00 2.140267e-11
11730.00 2.126689e-11
11740.00 2.113199e-11
11750.00 2.099807e-11
11760.00 2.086488e-11
11770.00 2.073257e-11
11780.00 2.060122e-11
11790.00 2.047058e-11
11800.00 2.034080e-11
11810.00 2.021195e-11
11820.00 2.008381e-11
11830.00 1.995651e-11
11840.00 1.983012e-11
11850.00 1.970443e-11
11860.00 1.957956e-11
11870.00 1.945559e-11
11880.00 1.933229e-11
11890.00 1.920980e-11
11900.00 1.908819e-11
11910.00 1.896725e-11
11920.00 1.884710e-11
11930.00 1.872780e-11
11940.00 1.860917e-11
11950.00 1.849131e-11
11960.00 1.837429e-11
11970.00 1.825790e-11
11980.00 1.814229e-11
11990.00 1.802749e-11
12000.00 1.791332e-11
12010.00 1.779991e-11
12020.00 1.768730e-11
12030.00 1.757530e-11
12040.00 1.746404e-11
12050.00 1.735358e-11
12060.00 1.724370e-11
12070.00 1.713456e-11
12080.00 1.702620e-11
12090.00 1.691840e-11
12100.00 1.681133e-11
12110.00 1.670503e-11
12120.00 1.659929e-11
12130.00 1.649425e-11
12140.00 1.638995e-11
12150.00 1.628622e-11
12160.00 1.618317e-11
12170.00 1.608085e-11
12180.00 1.597909e-11
12190.00 1.587800e-11
12200.00 1.577761e-11
12210.00 1.567777e-11
12220.00 1.557859e-11
12230.00 1.548011e-11
12240.00 1.538216e-11
12250.00 1.528486e-11
12260.00 1.518824e-11
12270.00 1.509215e-11
12280.00 1.499669e-11
12290.00 1.490190e-11
12300.00 1.480762e-11
12310.00 1.471397e-11
12320.00 1.462097e-11
12330.00 1.452847e-11
12340.00 1.443659e-11
12350.00 1.434535e-11
12360.00 1.425459e-11
12370.00 1.416446e-11
12380.00 1.407494e-11
12390.00 1.398589e-11
12400.00 1.389745e-11
12410.00 1.380962e-11
12420.00 1.372225e-11
12430.00 1.363549e-11
12440.00 1.354931e-11
12450.00 1.346360e-11
12460.00 1.337847e-11
12470.00 1.329391e-11
12480.00 1.320982e-11
12490.00 1.312629e-11
12500.00 1.304334e-11
12510.00 1.296082e-11
12520.00 1.287886e-11
12530.00 1.279747e-11
12540.00 1.271651e-11
12550.00 1.263610e-11
12560.00 1.255623e-11
12570.00 1.247680e-11
12580.00 1.239791e-11
12590.00 1.231954e-11
12600.00 1.224160e-11
12610.00 1.216419e-11
12620.00 1.208730e-11
12630.00 1.201083e-11
12640.00 1.193487e-11
12650.00 1.185942e-11
12660.00 1.178438e-11
12670.00 1.170986e-11
12680.00 1.163584e-11
12690.00 1.156220e-11
12700.00 1.148908e-11
12710.00 1.141644e-11
12720.00 1.134420e-11
12730.00 1.127244e-11
12740.00 1.120118e-11
12750.00 1.113029e-11
12760.00 1.105989e-11
12770.00 1.098994e-11
12780.00 1.092039e-11
12790.00 1.085131e-11
12800.00 1.078268e-11
12810.00 1.071443e-11
12820.00 1.064664e-11
12830.00 1.057930e-11
12840.00 1.051232e-11
12850.00 1.044582e-11
12860.00 1.037974e-11
12870.00 1.031402e-11
12880.00 1.024875e-11
12890.00 1.018391e-11
12900.00 1.011943e-11
12910.00 1.005538e-11
12920.00 9.991761e-12
12930.00 9.928481e-12
12940.00 9.865640e-12
12950.00 9.803209e-12
12960.00 9.741112e-12
12970.00 9.679448e-12
12980.00 9.618187e-12
12990.00 9.557250e-12
13000.00 9.496743e-12
13010.00 9.436626e-12
13020.00 9.376832e-12
13030.00 9.317459e-12
13040.00 9.258465e-12
13050.00 9.199791e-12
13060.00 9.141528e-12
13070.00 9.083638e-12
13080.00 9.026059e-12
13090.00 8.968886e-12
13100.00 8.912079e-12
13110.00 8.855579e-12
13120.00 8.799475e-12
13130.00 8.743730e-12
13140.00 8.688285e-12
13150.00 8.633230e-12
13160.00 8.578527e-12
13170.00 8.524118e-12
13180.00 8.470094e-12
13190.00 8.416412e-12
13200.00 8.363020e-12
13210.00 8.310005e-12
13220.00 8.257326e-12
13230.00 8.204930e-12
13240.00 8.152906e-12
13250.00 8.101211e-12
13260.00 8.049794e-12
13270.00 7.998744e-12
13280.00 7.948013e-12
13290.00 7.897557e-12
13300.00 7.847458e-12
13310.00 7.797675e-12
13320.00 7.748160e-12
13330.00 7.698997e-12
13340.00 7.650143e-12
13350.00 7.601552e-12
13360.00 7.553308e-12
13370.00 7.505365e-12
13380.00 7.457682e-12
13390.00 7.410338e-12
13400.00 7.363291e-12
13410.00 7.316495e-12
13420.00 7.270036e-12
13430.00 7.223864e-12
13440.00 7.177943e-12
13450.00 7.132351e-12
13460.00 7.087040e-12
13470.00 7.041975e-12
13480.00 6.997233e-12
13490.00 6.952768e-12
13500.00 6.908544e-12
13510.00 6.864639e-12
13520.00 6.821004e-12
13530.00 6.777603e-12
13540.00 6.734516e-12
13550.00 6.691693e-12
13560.00 6.649102e-12
13570.00 6.606818e-12
13580.00 6.564793e-12
13590.00 6.522995e-12
13600.00 6.481501e-12
13610.00 6.440259e-12
13620.00 6.399241e-12
13630.00 6.358520e-12
13640.00 6.318047e-12
13650.00 6.277793e-12
13660.00 6.237832e-12
13670.00 6.198113e-12
13680.00 6.158608e-12
13690.00 6.119392e-12
13700.00 6.080414e-12
13710.00 6.041646e-12
13720.00 6.003160e-12
13730.00 5.964907e-12
13740.00 5.926862e-12
13750.00 5.889094e-12
13760.00 5.851554e-12
13770.00 5.814218e-12
13780.00 5.777154e-12
13790.00 5.740314e-12
13800.00 5.703672e-12
13810.00 5.667298e-12
13820.00 5.631144e-12
13830.00 5.595186e-12
13840.00 5.559491e-12
13850.00 5.524010e-12
13860.00 5.488721e-12
13870.00 5.453692e-12
13880.00 5.418871e-12
13890.00 5.384241e-12
13900.00 5.349864e-12
13910.00 5.315692e-12
13920.00 5.281706e-12
13930.00 5.247970e-12
13940.00 5.214434e-12
13950.00 5.181081e-12
13960.00 5.147974e-12
13970.00 5.115064e-12
13980.00 5.082332e-12
13990.00 5.049842e-12
14000.00 5.017544e-12
14010.00 4.985422e-12
14020.00 4.953537e-12
14030.00 4.921841e-12
14040.00 4.890317e-12
14050.00 4.859027e-12
14060.00 4.827921e-12
14070.00 4.796985e-12
14080.00 4.766278e-12
14090.00 4.735752e-12
14100.00 4.705392e-12
14110.00 4.675257e-12
14120.00 4.645299e-12
14130.00 4.615504e-12
14140.00 4.585932e-12
14150.00 4.556533e-12
14160.00 4.527292e-12
14170.00 4.498271e-12
14180.00 4.469419e-12
14190.00 4.440723e-12
14200.00 4.412244e-12
14210.00 4.383929e-12
14220.00 4.355769e-12
14230.00 4.327820e-12
14240.00 4.300033e-12
14250.00 4.272398e-12
14260.00 4.244970e-12
14270.00 4.217700e-12
14280.00 4.190579e-12
14290.00 4.163664e-12
14300.00 4.136902e-12
14310.00 4.110287e-12
14320.00 4.083873e-12
14330.00 4.057611e-12
14340.00 4.031491e-12
14350.00 4.005569e-12
14360.00 3.979797e-12
14370.00 3.954165e-12
14380.00 3.928727e-12
14390.00 3.903435e-12
14400.00 3.878280e-12
14410.00 3.853317e-12
14420.00 3.828496e-12
14430.00 3.803811e-12
14440.00 3.779313e-12
14450.00 3.754955e-12
14460.00 3.730729e-12
14470.00 3.706690e-12
14480.00 3.682786e-12
14490.00 3.659013e-12
14500.00 3.635422e-12
14510.00 3.611965e-12
14520.00 3.588635e-12
14530.00 3.565483e-12
14540.00 3.542463e-12
14550.00 3.519569e-12
14560.00 3.496849e-12
14570.00 3.474259e-12
14580.00 3.451792e-12
14590.00 3.429497e-12
14600.00 3.407328e-12
14610.00 3.385280e-12
14620.00 3.363402e-12
14630.00 3.341647e-12
14640.00 3.320010e-12
14650.00 3.298541e-12
14660.00 3.277191e-12
14670.00 3.255959e-12
14680.00 3.234891e-12
14690.00 3.213940e-12
14700.00 3.193104e-12
14710.00 3.172430e-12
14720.00 3.151871e-12
14730.00 3.131424e-12
14740.00 3.111135e-12
14750.00 3.090960e-12
14760.00 3.070896e-12
14770.00 3.050987e-12
14780.00 3.031189e-12
14790.00 3.011500e-12
14800.00 2.991963e-12
14810.00 2.972535e-12
14820.00 2.953214e-12
14830.00 2.934042e-12
14840.00 2.914978e-12
14850.00 2.896017e-12
14860.00 2.877205e-12
14870.00 2.858497e-12
14880.00 2.839890e-12
14890.00 2.821430e-12
14900.00 2.803071e-12
14910.00 2.784814e-12
14920.00 2.766699e-12
14930.00 2.748684e-12
14940.00 2.730768e-12
14950.00 2.712993e-12
14960.00 2.695315e-12
14970.00 2.677734e-12
14980.00 2.660292e-12
14990.00 2.642945e-12
15000.00 2.625694e-12
15010.00 2.608577e-12
15020.00 2.591555e-12
15030.00 2.574627e-12
15040.00 2.557832e-12
15050.00 2.541130e-12
15060.00 2.524518e-12
15070.00 2.508037e-12
15080.00 2.491648e-12
15090.00 2.475348e-12
15100.00 2.459176e-12
15110.00 2.443094e-12
15120.00 2.427101e-12
15130.00 2.411231e-12
15140.00 2.395450e-12
15150.00 2.379757e-12
15160.00 2.364186e-12
15170.00 2.348701e-12
15180.00 2.333302e-12
15190.00 2.318022e-12
15200.00 2.302828e-12
15210.00 2.287718e-12
15220.00 2.272727e-12
15230.00 2.257816e-12
15240.00 2.242990e-12
15250.00 2.228280e-12
15260.00 2.213651e-12
15270.00 2.199104e-12
15280.00 2.184669e-12
15290.00 2.170314e-12
15300.00 2.156041e-12
15310.00 2.141877e-12
15320.00 2.127792e-12
15330.00 2.113787e-12
15340.00 2.099890e-12
15350.00 2.086070e-12
15360.00 2.072327e-12
15370.00 2.058692e-12
15380.00 2.045131e-12
15390.00 2.031648e-12
15400.00 2.018269e-12
15410.00 2.004963e-12
15420.00 1.991735e-12
15430.00 1.978607e-12
15440.00 1.965551e-12
15450.00 1.952572e-12
15460.00 1.939692e-12
15470.00 1.926882e-12
15480.00 1.914147e-12
15490.00 1.901509e-12
15500.00 1.888941e-12
15510.00 1.876447e-12
15520.00 1.864047e-12
15530.00 1.851716e-12
15540.00 1.839456e-12
15550.00 1.827291e-12
15560.00 1.815191e-12
15570.00 1.803164e-12
15580.00 1.791226e-12
15590.00 1.779356e-12
15600.00 1.767555e-12
15610.00 1.755844e-12
15620.00 1.744198e-12
15630.00 1.732620e-12
15640.00 1.721130e-12
15650.00 1.709702e-12
15660.00 1.698343e-12
15670.00 1.687070e-12
15680.00 1.675859e-12
15690.00 1.664714e-12
15700.00 1.653655e-12
15710.00 1.642656e-12
15720.00 1.631722e-12
15730.00 1.620870e-12
15740.00 1.610080e-12
15750.00 1.599353e-12
15760.00 1.588707e-12
15770.00 1.578120e-12
15780.00 1.567596e-12
15790.00 1.557151e-12
15800.00 1.546765e-12
15810.00 1.536440e-12
15820.00 1.526194e-12
15830.00 1.516003e-12
15840.00 1.505876e-12
15850.00 1.495822e-12
15860.00 1.485826e-12
15870.00 1.475889e-12
15880.00 1.466027e-12
15890.00 1.456220e-12
15900.00 1.446472e-12
15910.00 1.436796e-12
15920.00 1.427175e-12
15930.00 1.417612e-12
15940.00 1.408121e-12
15950.00 1.398682e-12
15960.00 1.389301e-12
15970.00 1.379990e-12
15980.00 1.370731e-12
15990.00 1.361527e-12
16000.00 1.352393e-12
16010.00 1.343309e-12
16020.00 1.334282e-12
16030.00 1.325320e-12
16040.00 1.316410e-12
16050.00 1.307554e-12
16060.00 1.298763e-12
16070.00 1.290022e-12
16080.00 1.281335e-12
16090.00 1.272710e-12
16100.00 1.264137e-12
16110.00 1.255614e-12
16120.00 1.247154e-12
16130.00 1.238744e-12
16140.00 1.230383e-12
16150.00 1.222086e-12
16160.00 1.213835e-12
16170.00 1.205634e-12
16180.00 1.197494e-12
16190.00 1.189401e-12
16200.00 1.181357e-12
16210.00 1.173372e-12
16220.00 1.165433e-12
16230.00 1.157543e-12
16240.00 1.149712e-12
16250.00 1.141923e-12
16260.00 1.134184e-12
16270.00 1.126501e-12
16280.00 1.118862e-12
16290.00 1.111270e-12
16300.00 1.103735e-12
16310.00 1.096242e-12
16320.00 1.088796e-12
16330.00 1.081405e-12
16340.00 1.074055e-12
16350.00 1.066752e-12
16360.00 1.059502e-12
16370.00 1.052293e-12
16380.00 1.045129e-12
16390.00 1.038018e-12
16400.00 1.030947e-12
16410.00 1.023921e-12
16420.00 1.016947e-12
16430.00 1.010011e-12
16440.00 1.003120e-12
16450.00 9.962786e-13
16460.00 9.894765e-13
16470.00 9.827176e-13
16480.00 9.760078e-13
16490.00 9.693362e-13
16500.00 9.627072e-13
16510.00 9.561265e-13
16520.00 9.495829e-13
16530.00 9.430810e-13
16540.00 9.366269e-13
16550.00 9.302090e-13
16560.00 9.238325e-13
16570.00 9.175022e-13
16580.00 9.112082e-13
16590.00 9.049541e-13
16600.00 8.987457e-13
16610.00 8.925730e-13
16620.00 8.864397e-13
16630.00 8.803508e-13
16640.00 8.742967e-13
16650.00 8.682816e-13
16660.00 8.623105e-13
16670.00 8.563734e-13
16680.00 8.504745e-13
16690.00 8.446182e-13
16700.00 8.387953e-13
16710.00 8.330104e-13
16720.00 8.272674e-13
16730.00 8.215571e-13
16740.00 8.158838e-13
16750.00 8.102517e-13
16760.00 8.046521e-13
16770.00 7.990887e-13
16780.00 7.935653e-13
16790.00 7.880737e-13
16800.00 7.826182e-13
16810.00 7.772016e-13
16820.00 7.718167e-13
16830.00 7.664670e-13
16840.00 7.611553e-13
16850.00 7.558747e-13
16860.00 7.506284e-13
16870.00 7.454200e-13
16880.00 7.402415e-13
16890.00 7.350972e-13
16900.00 7.299899e-13
16910.00 7.249119e-13
16920.00 7.198675e-13
16930.00 7.148593e-13
16940.00 7.098801e-13
16950.00 7.049339e-13
16960.00 7.000230e-13
16970.00 6.951406e-13
16980.00 6.902904e-13
16990.00 6.854752e-13
17000.00 6.806876e-13
17010.00 6.759321e-13
17020.00 6.712106e-13
17030.00 6.665164e-13
17040.00 6.618536e-13
17050.00 6.572240e-13
17060.00 6.526213e-13
17070.00 6.480494e-13
17080.00 6.435101e-13
17090.00 6.389972e-13
17100.00 6.345148e-13
17110.00 6.300641e-13
17120.00 6.256392e-13
17130.00 6.212444e-13
17140.00 6.168807e-13
17150.00 6.125423e-13
17160.00 6.082335e-13
17170.00 6.039552e-13
17180.00 5.997017e-13
17190.00 5.954773e-13
17200.00 5.912826e-13
17210.00 5.871125e-13
17220.00 5.829708e-13
17230.00 5.788584e-13
17240.00 5.747700e-13
17250.00 5.707096e-13
17260.00 5.666778e-13
17270.00 5.626697e-13
17280.00 5.586891e-13
17290.00 5.547365e-13
17300.00 5.508070e-13
17310.00 5.469046e-13
17320.00 5.430297e-13
17330.00 5.391775e-13
17340.00 5.353519e-13
17350.00 5.315531e-13
17360.00 5.277768e-13
17370.00 5.240265e-13
17380.00 5.203027e-13
17390.00 5.166007e-13
17400.00 5.129243e-13
17410.00 5.092738e-13
17420.00 5.056449e-13
17430.00 5.020411e-13
17440.00 4.984626e-13
17450.00 4.949053e-13
17460.00 4.913727e-13
17470.00 4.878649e-13
17480.00 4.843778e-13
17490.00 4.809151e-13
17500.00 4.774768e-13
17510.00 4.740588e-13
17520.00 4.706647e-13
17530.00 4.672943e-13
17540.00 4.639439e-13
17550.00 4.606170e-13
17560.00 4.573134e-13
17570.00 4.540294e-13
17580.00 4.507685e-13
17590.00 4.475305e-13
17600.00 4.443116e-13
17610.00 4.411156e-13
17620.00 4.379417e-13
17630.00 4.347868e-13
17640.00 4.316543e-13
17650.00 4.285436e-13
17660.00 4.254514e-13
17670.00 4.223813e-13
17680.00 4.193325e-13
17690.00 4.163019e-13
17700.00 4.132928e-13
17710.00 4.103048e-13
17720.00 4.073346e-13
17730.00 4.043855e-13
17740.00 4.014571e-13
17750.00 3.985461e-13
17760.00 3.956561e-13
17770.00 3.927861e-13
17780.00 3.899333e-13
17790.00 3.871010e-13
17800.00 3.842883e-13
17810.00 3.814926e-13
17820.00 3.787171e-13
17830.00 3.759607e-13
17840.00 3.732209e-13
17850.00 3.705009e-13
17860.00 3.677998e-13
17870.00 3.651150e-13
17880.00 3.624495e-13
17890.00 3.598026e-13
17900.00 3.571716e-13
17910.00 3.545597e-13
17920.00 3.519660e-13
17930.00 3.493878e-13
17940.00 3.468286e-13
17950.00 3.442869e-13
17960.00 3.417607e-13
17970.00 3.392529e-13
17980.00 3.367624e-13
17990.00 3.342870e-13
18000.00 3.318298e-13
18010.00 3.293896e-13
18020.00 3.269640e-13
18030.00 3.245564e-13
18040.00 3.221654e-13
18050.00 3.197889e-13
18060.00 3.174299e-13
18070.00 3.150873e-13
18080.00 3.127588e-13
18090.00 3.104475e-13
18100.00 3.081522e-13
18110.00 3.058709e-13
18120.00 3.036065e-13
18130.00 3.013577e-13
18140.00 2.991226e-13
18150.00 2.969042e-13
18160.00 2.947009e-13
18170.00 2.925112e-13
18180.00 2.903379e-13
18190.00 2.881793e-13
18200.00 2.860341e-13
18210.00 2.839049e-13
18220.00 2.817904e-13
18230.00 2.796888e-13
18240.00 2.776029e-13
18250.00 2.755315e-13
18260.00 2.734726e-13
18270.00 2.714293e-13
18280.00 2.694001e-13
18290.00 2.673832e-13
18300.00 2.653817e-13
18310.00 2.633939e-13
18320.00 2.614183e-13
18330.00 2.594576e-13
18340.00 2.575105e-13
18350.00 2.555753e-13
18360.00 2.536547e-13
18370.00 2.517475e-13
18380.00 2.498519e-13
18390.00 2.479708e-13
18400.00 2.461025e-13
18410.00 2.442459e-13
18420.00 2.424033e-13
18430.00 2.405735e-13
18440.00 2.387549e-13
18450.00 2.369503e-13
18460.00 2.351582e-13
18470.00 2.333770e-13
18480.00 2.316095e-13
18490.00 2.298542e-13
18500.00 2.281097e-13
18510.00 2.263788e-13
18520.00 2.246597e-13
18530.00 2.229512e-13
18540.00 2.212560e-13
18550.00 2.195723e-13
18560.00 2.178991e-13
18570.00 2.162389e-13
18580.00 2.145900e-13
18590.00 2.129515e-13
18600.00 2.113256e-13
18610.00 2.097109e-13
18620.00 2.081063e-13
18630.00 2.065142e-13
18640.00 2.049330e-13
18650.00 2.033617e-13
18660.00 2.018026e-13
18670.00 2.002542e-13
18680.00 1.987156e-13
18690.00 1.971890e-13
18700.00 1.956728e-13
18710.00 1.941661e-13
18720.00 1.926713e-13
18730.00 1.911867e-13
18740.00 1.897115e-13
18750.00 1.882478e-13
18760.00 1.867943e-13
18770.00 1.853498e-13
18780.00 1.839168e-13
18790.00 1.824936e-13
18800.00 1.810793e-13
18810.00 1.796763e-13
18820.00 1.782829e-13
18830.00 1.768982e-13
18840.00 1.755246e-13
18850.00 1.741603e-13
18860.00 1.728047e-13
18870.00 1.714600e-13
18880.00 1.701244e-13
18890.00 1.687972e-13
18900.00 1.674808e-13
18910.00 1.661732e-13
18920.00 1.648741e-13
18930.00 1.635852e-13
18940.00 1.623052e-13
18950.00 1.610335e-13
18960.00 1.597719e-13
18970.00 1.585189e-13
18980.00 1.572740e-13
18990.00 1.560390e-13
19000.00 1.548125e-13
19010.00 1.535939e-13
19020.00 1.523852e-13
19030.00 1.511846e-13
19040.00 1.499917e-13
19050.00 1.488087e-13
19060.00 1.476336e-13
19070.00 1.464661e-13
19080.00 1.453080e-13
19090.00 1.441579e-13
19100.00 1.430152e-13
19110.00 1.418818e-13
19120.00 1.407562e-13
19130.00 1.396378e-13
19140.00 1.385286e-13
19150.00 1.374269e-13
19160.00 1.363324e-13
19170.00 1.352469e-13
19180.00 1.341688e-13
19190.00 1.330976e-13
19200.00 1.320353e-13
19210.00 1.309802e-13
19220.00 1.299320e-13
19230.00 1.288924e-13
19240.00 1.278599e-13
19250.00 1.268342e-13
19260.00 1.258170e-13
19270.00 1.248066e-13
19280.00 1.238030e-13
19290.00 1.228076e-13
19300.00 1.218190e-13
19310.00 1.208369e-13
19320.00 1.198629e-13
19330.00 1.188956e-13
19340.00 1.179346e-13
19350.00 1.169817e-13
19360.00 1.160354e-13
19370.00 1.150951e-13
19380.00 1.141629e-13
19390.00 1.132369e-13
19400.00 1.123170e-13
19410.00 1.114049e-13
19420.00 1.104990e-13
19430.00 1.095991e-13
19440.00 1.087068e-13
19450.00 1.078205e-13
19460.00 1.069402e-13
19470.00 1.060672e-13
19480.00 1.052003e-13
19490.00 1.043391e-13
19500.00 1.034852e-13
19510.00 1.026372e-13
19520.00 1.017947e-13
19530.00 1.009595e-13
19540.00 1.001299e-13
19550.00 9.930586e-14
19560.00 9.848887e-14
19570.00 9.767745e-14
19580.00 9.687145e-14
19590.00 9.607237e-14
19600.00 9.527874e-14
19610.00 9.449041e-14
19620.00 9.370887e-14
19630.00 9.293266e-14
19640.00 9.216167e-14
19650.00 9.139732e-14
19660.00 9.063820e-14
19670.00 8.988416e-14
19680.00 8.913667e-14
19690.00 8.839429e-14
19700.00 8.765690e-14
19710.00 8.692590e-14
19720.00 8.619993e-14
19730.00 8.547886e-14
19740.00 8.476404e-14
19750.00 8.405413e-14
19760.00 8.334905e-14
19770.00 8.265008e-14
19780.00 8.195592e-14
19790.00 8.126648e-14
19800.00 8.058306e-14
19810.00 7.990433e-14
19820.00 7.923022e-14
19830.00 7.856204e-14
19840.00 7.789843e-14
19850.00 7.723935e-14
19860.00 7.658608e-14
19870.00 7.593730e-14
19880.00 7.529293e-14
19890.00 7.465430e-14
19900.00 7.402003e-14
19910.00 7.339012e-14
19920.00 7.276576e-14
19930.00 7.214573e-14
19940.00 7.152995e-14
19950.00 7.091963e-14
19960.00 7.031353e-14
19970.00 6.971159e-14
19980.00 6.911506e-14
19990.00 6.852258e-14
20000.00 6.793423e-14
20010.00 6.735114e-14
20020.00 6.677206e-14
20030.00 6.619700e-14
20040.00 6.562710e-14
20050.00 6.506112e-14
20060.00 6.449909e-14
20070.00 6.394209e-14
20080.00 6.338895e-14
20090.00 6.283968e-14
20100.00 6.229534e-14
20110.00 6.175478e-14
20120.00 6.121803e-14
20130.00 6.068607e-14
20140.00 6.015783e-14
20150.00 5.963330e-14
20160.00 5.911350e-14
20170.00 5.859732e-14
20180.00 5.808480e-14
20190.00 5.757689e-14
20200.00 5.707252e-14
20210.00 5.657175e-14
20220.00 5.607548e-14
20230.00 5.558269e-14
20240.00 5.509344e-14
20250.00 5.460858e-14
20260.00 5.412712e-14
20270.00 5.364913e-14
20280.00 5.317546e-14
20290.00 5.270511e-14
20300.00 5.223815e-14
20310.00 5.177542e-14
20320.00 5.131595e-14
20330.00 5.085981e-14
20340.00 5.040776e-14
20350.00 4.995895e-14
20360.00 4.951338e-14
20370.00 4.907185e-14
20380.00 4.863347e-14
20390.00 4.819828e-14
20400.00 4.776701e-14
20410.00 4.733884e-14
20420.00 4.691380e-14
20430.00 4.649262e-14
20440.00 4.607443e-14
20450.00 4.565934e-14
20460.00 4.524800e-14
20470.00 4.483960e-14
20480.00 4.443425e-14
20490.00 4.403254e-14
20500.00 4.363375e-14
20510.00 4.323794e-14
20520.00 4.284569e-14
20530.00 4.245629e-14
20540.00 4.206978e-14
20550.00 4.168678e-14
20560.00 4.130657e-14
20570.00 4.092921e-14
20580.00 4.055527e-14
20590.00 4.018405e-14
20600.00 3.981562e-14
20610.00 3.945056e-14
20620.00 3.908814e-14
20630.00 3.872848e-14
20640.00 3.837208e-14
20650.00 3.801830e-14
20660.00 3.766720e-14
20670.00 3.731931e-14
20680.00 3.697396e-14
20690.00 3.663126e-14
20700.00 3.629168e-14
20710.00 3.595460e-14
20720.00 3.562012e-14
20730.00 3.528868e-14
20740.00 3.495969e-14
20750.00 3.463324e-14
20760.00 3.430977e-14
20770.00 3.398870e-14
20780.00 3.367011e-14
20790.00 3.335445e-14
20800.00 3.304113e-14
20810.00 3.273024e-14
20820.00 3.242221e-14
20830.00 3.211648e-14
20840.00 3.181314e-14
20850.00 3.151257e-14
20860.00 3.121425e-14
20870.00 3.091829e-14
20880.00 3.062504e-14
20890.00 3.033399e-14
20900.00 3.004524e-14
20910.00 2.975915e-14
20920.00 2.947521e-14
20930.00 2.919353e-14
20940.00 2.891443e-14
20950.00 2.863745e-14
20960.00 2.836268e-14
20970.00 2.809044e-14
20980.00 2.782026e-14
20990.00 2.755225e-14
21000.00 2.728671e-14
21010.00 2.702320e-14
21020.00 2.676181e-14
21030.00 2.650283e-14
21040.00 2.624584e-14
21050.00 2.599091e-14
21060.00 2.573836e-14
21070.00 2.548774e-14
21080.00 2.523916e-14
21090.00 2.499287e-14
21100.00 2.474850e-14
21110.00 2.450611e-14
21120.00 2.426597e-14
21130.00 2.402768e-14
21140.00 2.379136e-14
21150.00 2.355723e-14
21160.00 2.332492e-14
21170.00 2.309452e-14
21180.00 2.286627e-14
21190.00 2.263980e-14
21200.00 2.241521e-14
21210.00 2.219271e-14
21220.00 2.197194e-14
21230.00 2.175302e-14
21240.00 2.153615e-14
21250.00 2.132097e-14
21260.00 2.110760e-14
21270.00 2.089623e-14
21280.00 2.068651e-14
21290.00 2.047856e-14
21300.00 2.027257e-14
21310.00 2.006820e-14
21320.00 1.986556e-14
21330.00 1.966482e-14
21340.00 1.946568e-14
21350.00 1.926822e-14
21360.00 1.907263e-14
21370.00 1.887860e-14
21380.00 1.868622e-14
21390.00 1.849566e-14
21400.00 1.830662e-14
21410.00 1.811921e-14
21420.00 1.793356e-14
21430.00 1.774942e-14
21440.00 1.756686e-14
21450.00 1.738602e-14
21460.00 1.720665e-14
21470.00 1.702882e-14
21480.00 1.685270e-14
21490.00 1.667799e-14
21500.00 1.650481e-14
21510.00 1.633328e-14
21520.00 1.616314e-14
21530.00 1.599449e-14
21540.00 1.582744e-14
21550.00 1.566177e-14
21560.00 1.549755e-14
21570.00 1.533490e-14
21580.00 1.517358e-14
21590.00 1.501370e-14
21600.00 1.485534e-14
21610.00 1.469829e-14
21620.00 1.454264e-14
21630.00 1.438848e-14
21640.00 1.423560e-14
21650.00 1.408408e-14
21660.00 1.393402e-14
21670.00 1.378521e-14
21680.00 1.363774e-14
21690.00 1.349169e-14
21700.00 1.334686e-14
21710.00 1.320333e-14
21720.00 1.306120e-14
21730.00 1.292026e-14
21740.00 1.278060e-14
21750.00 1.264229e-14
21760.00 1.250515e-14
21770.00 1.236926e-14
21780.00 1.223469e-14
21790.00 1.210127e-14
21800.00 1.196907e-14
21810.00 1.183815e-14
21820.00 1.170835e-14
21830.00 1.157975e-14
21840.00 1.145240e-14
21850.00 1.132615e-14
21860.00 1.120107e-14
21870.00 1.107721e-14
21880.00 1.095442e-14
21890.00 1.083278e-14
21900.00 1.071232e-14
21910.00 1.059291e-14
21920.00 1.047462e-14
21930.00 1.035749e-14
21940.00 1.024138e-14
21950.00 1.012637e-14
21960.00 1.001250e-14
21970.00 9.899615e-15
21980.00 9.787806e-15
21990.00 9.677104e-15
22000.00 9.567372e-15
22010.00 9.458688e-15
22020.00 9.351085e-15
22030.00 9.244430e-15
22040.00 9.138800e-15
22050.00 9.034223e-15
22060.00 8.930571e-15
22070.00 8.827922e-15
22080.00 8.726300e-15
22090.00 8.625580e-15
22100.00 8.525841e-15
22110.00 8.427104e-15
22120.00 8.329250e-15
22130.00 8.232352e-15
22140.00 8.136430e-15
22150.00 8.041370e-15
22160.00 7.947246e-15
22170.00 7.854075e-15
22180.00 7.761744e-15
22190.00 7.670327e-15
22200.00 7.579837e-15
22210.00 7.490170e-15
22220.00 7.401396e-15
22230.00 7.313527e-15
22240.00 7.226458e-15
22250.00 7.140263e-15
22260.00 7.054949e-15
22270.00 6.970417e-15
22280.00 6.886738e-15
22290.00 6.803918e-15
22300.00 6.721863e-15
22310.00 6.640640e-15
22320.00 6.560253e-15
22330.00 6.480612e-15
22340.00 6.401786e-15
22350.00 6.323774e-15
22360.00 6.246490e-15
22370.00 6.170000e-15
22380.00 6.094305e-15
22390.00 6.019321e-15
22400.00 5.945111e-15
22410.00 5.871674e-15
22420.00 5.798934e-15
22430.00 5.726949e-15
22440.00 5.655717e-15
22450.00 5.585164e-15
22460.00 5.515346e-15
22470.00 5.446265e-15
22480.00 5.377844e-15
22490.00 5.310145e-15
22500.00 5.243160e-15
22510.00 5.176819e-15
22520.00 5.111183e-15
22530.00 5.046242e-15
22540.00 4.981931e-15
22550.00 4.918306e-15
22560.00 4.855358e-15
22570.00 4.793024e-15
22580.00 4.731360e-15
22590.00 4.670357e-15
22600.00 4.609950e-15
22610.00 4.550199e-15
22620.00 4.491089e-15
22630.00 4.432564e-15
22640.00 4.374675e-15
22650.00 4.317413e-15
22660.00 4.260720e-15
22670.00 4.204647e-15
22680.00 4.149185e-15
22690.00 4.094277e-15
22700.00 4.039976e-15
22710.00 3.986268e-15
22720.00 3.933099e-15
22730.00 3.880523e-15
22740.00 3.828524e-15
22750.00 3.777051e-15
22760.00 3.726156e-15
22770.00 3.675821e-15
22780.00 3.626000e-15
22790.00 3.576743e-15
22800.00 3.528031e-15
22810.00 3.479820e-15
22820.00 3.432158e-15
22830.00 3.385026e-15
22840.00 3.338382e-15
22850.00 3.292273e-15
22860.00 3.246681e-15
22870.00 3.201564e-15
22880.00 3.156967e-15
22890.00 3.112874e-15
22900.00 3.069244e-15
22910.00 3.026121e-15
22920.00 2.983487e-15
22930.00 2.941305e-15
22940.00 2.899616e-15
22950.00 2.858403e-15
22960.00 2.817630e-15
22970.00 2.777338e-15
22980.00 2.737509e-15
22990.00 2.698108e-15
23000.00 2.659175e-15
23010.00 2.620693e-15
23020.00 2.582626e-15
23030.00 2.545017e-15
23040.00 2.507845e-15
23050.00 2.471078e-15
23060.00 2.434756e-15
23070.00 2.398859e-15
23080.00 2.363357e-15
23090.00 2.328288e-15
23100.00 2.293631e-15
23110.00 2.259360e-15
23120.00 2.225509e-15
23130.00 2.192060e-15
23140.00 2.158985e-15
23150.00 2.126320e-15
23160.00 2.094046e-15
23170.00 2.062134e-15
23180.00 2.030622e-15
23190.00 1.999489e-15
23200.00 1.968710e-15
23210.00 1.938319e-15
23220.00 1.908295e-15
23230.00 1.878618e-15
23240.00 1.849317e-15
23250.00 1.820374e-15
23260.00 1.791766e-15
23270.00 1.763525e-15
23280.00 1.735630e-15
23290.00 1.708062e-15
23300.00 1.680852e-15
23310.00 1.653977e-15
23320.00 1.627420e-15
23330.00 1.601210e-15
23340.00 1.575327e-15
23350.00 1.549752e-15
23360.00 1.524514e-15
23370.00 1.499595e-15
23380.00 1.474975e-15
23390.00 1.450681e-15
23400.00 1.426698e-15
23410.00 1.403004e-15
23420.00 1.379630e-15
23430.00 1.356553e-15
23440.00 1.333760e-15
23450.00 1.311276e-15
23460.00 1.289083e-15
23470.00 1.267165e-15
23480.00 1.245546e-15
23490.00 1.224210e-15
23500.00 1.203139e-15
23510.00 1.182361e-15
23520.00 1.161856e-15
23530.00 1.141610e-15
23540.00 1.121647e-15
23550.00 1.101949e-15
23560.00 1.082502e-15
23570.00 1.063331e-15
23580.00 1.044415e-15
23590.00 1.025744e-15
23600.00 1.007340e-15
23610.00 9.891849e-16
23620.00 9.712664e-16
23630.00 9.536068e-16
23640.00 9.361882e-16
23650.00 9.189998e-16
23660.00 9.020622e-16
23670.00 8.853582e-16
23680.00 8.688773e-16
23690.00 8.526397e-16
23700.00 8.366284e-16
23710.00 8.208336e-16
23720.00 8.052746e-16
23730.00 7.899348e-16
23740.00 7.748050e-16
23750.00 7.599035e-16
23760.00 7.452144e-16
23770.00 7.307286e-16
23780.00 7.164644e-16
23790.00 7.024056e-16
23800.00 6.885440e-16
23810.00 6.748969e-16
23820.00 6.614487e-16
23830.00 6.481915e-16
23840.00 6.351420e-16
23850.00 6.222849e-16
23860.00 6.096131e-16
23870.00 5.971421e-16
23880.00 5.848573e-16
23890.00 5.727519e-16
23900.00 5.608410e-16
23910.00 5.491101e-16
23920.00 5.375528e-16
23930.00 5.261837e-16
23940.00 5.149887e-16
23950.00 5.039617e-16
23960.00 4.931167e-16
23970.00 4.824400e-16
23980.00 4.719260e-16
23990.00 4.615878e-16
24000.00 4.514123e-16
24010.00 4.413941e-16
24020.00 4.315459e-16
24030.00 4.218548e-16
24040.00 4.123159e-16
24050.00 4.029411e-16
24060.00 3.937182e-16
24070.00 3.846425e-16
24080.00 3.757251e-16
24090.00 3.669545e-16
24100.00 3.583259e-16
24110.00 3.498505e-16
24120.00 3.415165e-16
24130.00 3.333199e-16
24140.00 3.252710e-16
24150.00 3.173585e-16
24160.00 3.095787e-16
24170.00 3.019415e-16
24180.00 2.944358e-16
24190.00 2.870583e-16
24200.00 2.798181e-16
24210.00 2.727048e-16
24220.00 2.657153e-16
24230.00 2.588580e-16
24240.00 2.521231e-16
24250.00 2.455076e-16
24260.00 2.390194e-16
24270.00 2.326492e-16
24280.00 2.263941e-16
24290.00 2.202617e-16
24300.00 2.142429e-16
24310.00 2.083348e-16
24320.00 2.025450e-16
24330.00 1.968645e-16
24340.00 1.912908e-16
24350.00 1.858308e-16
24360.00 1.804759e-16
24370.00 1.752240e-16
24380.00 1.700811e-16
24390.00 1.650396e-16
24400.00 1.600972e-16
24410.00 1.552596e-16
24420.00 1.505194e-16
24430.00 1.458744e-16
24440.00 1.413302e-16
24450.00 1.368795e-16
24460.00 1.325204e-16
24470.00 1.282581e-16
24480.00 1.240856e-16
24490.00 1.200011e-16
24500.00 1.160094e-16
24510.00 1.121039e-16
24520.00 1.082830e-16
24530.00 1.045510e-16
24540.00 1.009017e-16
24550.00 9.733358e-17
24560.00 9.385061e-17
24570.00 9.044700e-17
24580.00 8.712125e-17
24590.00 8.387698e-17
24600.00 8.070878e-17
24610.00 7.761522e-17
24620.00 7.459958e-17
24630.00 7.165678e-17
24640.00 6.878552e-17
24650.00 6.598871e-17
24660.00 6.326159e-17
24670.00 6.060296e-17
24680.00 5.801541e-17
24690.00 5.549451e-17
24700.00 5.303916e-17
24710.00 5.065159e-17
24720.00 4.832773e-17
24730.00 4.606650e-17
24740.00 4.386987e-17
24750.00 4.173409e-17
24760.00 3.965812e-17
24770.00 3.764365e-17
24780.00 3.568723e-17
24790.00 3.378789e-17
24800.00 3.194702e-17
24810.00 3.016150e-17
24820.00 2.843038e-17
24830.00 2.675483e-17
24840.00 2.513196e-17
24850.00 2.356092e-17
24860.00 2.204259e-17
24870.00 2.057437e-17
24880.00 1.915546e-17
24890.00 1.778650e-17
24900.00 1.646516e-17
24910.00 1.519067e-17
24920.00 1.396346e-17
24930.00 1.278145e-17
24940.00 1.164389e-17
24950.00 1.055100e-17
24960.00 9.500965e-18
24970.00 8.493068e-18
24980.00 7.527299e-18
24990.00 6.602109e-18
25000.00 5.716801e-18
