1000.00 6.056966e-19
1010.00 1.139143e-18
1020.00 1.865146e-18
1030.00 2.802951e-18
1040.00 4.027687e-18
1050.00 5.534619e-18
1060.00 7.359069e-18
1070.00 9.629680e-18
1080.00 1.231690e-17
1090.00 1.548457e-17
1100.00 1.932866e-17
1110.00 2.378186e-17
1120.00 2.895687e-17
1130.00 3.512908e-17
1140.00 4.217824e-17
1150.00 5.029744e-17
1160.00 5.984859e-17
1170.00 7.064145e-17
1180.00 8.299634e-17
1190.00 9.735894e-17
1200.00 1.134508e-16
1210.00 1.317871e-16
1220.00 1.528780e-16
1230.00 1.763395e-16
1240.00 2.029758e-16
1250.00 2.333643e-16
1260.00 2.670432e-16
1270.00 3.053836e-16
1280.00 3.490245e-16
1290.00 3.972791e-16
1300.00 4.522730e-16
1310.00 5.144526e-16
1320.00 5.829526e-16
1330.00 6.610247e-16
1340.00 7.487231e-16
1350.00 8.450068e-16
1360.00 9.547643e-16
1370.00 1.077274e-15
1380.00 1.211352e-15
1390.00 1.364233e-15
1400.00 1.533830e-15
1410.00 1.718889e-15
1420.00 1.929975e-15
1430.00 2.162749e-15
1440.00 2.416046e-15
1450.00 2.705081e-15
1460.00 3.021992e-15
1470.00 3.365955e-15
1480.00 3.758642e-15
1490.00 4.186830e-15
1500.00 4.650452e-15
1510.00 5.180055e-15
1520.00 5.754492e-15
1530.00 6.377111e-15
1540.00 7.084472e-15
1550.00 7.850035e-15
1560.00 8.680770e-15
1570.00 9.619675e-15
1580.00 1.063381e-14
1590.00 1.173569e-14
1600.00 1.297492e-14
1610.00 1.431103e-14
1620.00 1.576482e-14
1630.00 1.739231e-14
1640.00 1.914421e-14
1650.00 2.105352e-14
1660.00 2.318181e-14
1670.00 2.546966e-14
1680.00 2.796775e-14
1690.00 3.074139e-14
1700.00 3.371949e-14
1710.00 3.697799e-14
1720.00 4.058275e-14
1730.00 4.444991e-14
1740.00 4.869238e-14
1750.00 5.337184e-14
1760.00 5.838966e-14
1770.00 6.391243e-14
1780.00 6.998894e-14
1790.00 7.650409e-14
1800.00 8.370299e-14
1810.00 9.160752e-14
1820.00 1.000848e-13
1830.00 1.094958e-13
1840.00 1.198126e-13
1850.00 1.308838e-13
1860.00 1.432427e-13
1870.00 1.567740e-13
1880.00 1.713083e-13
1890.00 1.876374e-13
1900.00 2.054946e-13
1910.00 2.246978e-13
1920.00 2.464232e-13
1930.00 2.701489e-13
1940.00 2.956907e-13
1950.00 3.247872e-13
1960.00 3.564923e-13
1970.00 3.906452e-13
1980.00 4.297654e-13
1990.00 4.722273e-13
2000.00 5.179426e-13
2010.00 5.704067e-13
2020.00 6.269847e-13
2030.00 6.879654e-13
2040.00 7.571502e-13
2050.00 8.312738e-13
2060.00 9.109327e-13
2070.00 9.996199e-13
2080.00 1.093638e-12
2090.00 1.193823e-12
2100.00 1.302513e-12
2110.00 1.416132e-12
2120.00 1.535475e-12
2130.00 1.661172e-12
2140.00 1.790567e-12
2150.00 1.924028e-12
2160.00 2.060822e-12
2170.00 2.199762e-12
2180.00 2.340630e-12
2190.00 2.482444e-12
2200.00 2.625311e-12
2210.00 2.768715e-12
2220.00 2.912399e-12
2230.00 3.057004e-12
2240.00 3.202275e-12
2250.00 3.348850e-12
2260.00 3.497132e-12
2270.00 3.647645e-12
2280.00 3.801423e-12
2290.00 3.958254e-12
2300.00 4.119745e-12
2310.00 4.286669e-12
2320.00 4.458193e-12
2330.00 4.637153e-12
2340.00 4.823528e-12
2350.00 5.016055e-12
2360.00 5.218869e-12
2370.00 5.430799e-12
2380.00 5.650383e-12
2390.00 5.883127e-12
2400.00 6.126452e-12
2410.00 6.378889e-12
2420.00 6.647441e-12
2430.00 6.927875e-12
2440.00 7.218893e-12
2450.00 7.529153e-12
2460.00 7.852503e-12
2470.00 8.187964e-12
2480.00 8.546077e-12
2490.00 9.113775e-12
2500.00 9.882053e-12
2510.00 9.391838e-12
2520.00 9.214124e-12
2530.00 1.340269e-11
2540.00 1.453414e-11
2550.00 1.196767e-11
2560.00 1.202420e-11
2570.00 1.158437e-11
2580.00 1.239485e-11
2590.00 1.209392e-11
2600.00 8.388885e-12
2610.00 4.681553e-12
2620.00 7.231329e-12
2630.00 1.128768e-11
2640.00 9.783541e-12
2650.00 9.979234e-12
2660.00 1.223515e-11
2670.00 1.028419e-11
2680.00 1.058584e-11
2690.00 1.359716e-11
2700.00 1.662242e-11
2710.00 2.634201e-11
2720.00 3.401889e-11
2730.00 3.277977e-11
2740.00 3.775577e-11
2750.00 4.204840e-11
2760.00 4.204249e-11
2770.00 4.263150e-11
2780.00 4.262440e-11
2790.00 4.194047e-11
2800.00 4.289858e-11
2810.00 4.491486e-11
2820.00 4.558770e-11
2830.00 4.694965e-11
2840.00 5.075657e-11
2850.00 4.500717e-11
2860.00 3.502721e-11
2870.00 4.172922e-11
2880.00 5.421882e-11
2890.00 6.691682e-11
2900.00 7.976407e-11
2910.00 8.519776e-11
2920.00 8.620848e-11
2930.00 9.058160e-11
2940.00 9.161191e-11
2950.00 9.297642e-11
2960.00 9.447328e-11
2970.00 9.148757e-11
2980.00 8.301177e-11
2990.00 8.311366e-11
3000.00 8.764923e-11
3010.00 7.744172e-11
3020.00 6.730473e-11
3030.00 7.289001e-11
3040.00 8.223940e-11
3050.00 7.969496e-11
3060.00 4.534696e-11
3070.00 4.327957e-11
3080.00 9.838286e-11
3090.00 1.276854e-10
3100.00 1.277368e-10
3110.00 1.018394e-10
3120.00 8.316316e-11
3130.00 7.534114e-11
3140.00 8.520240e-11
3150.00 1.166818e-10
3160.00 1.367256e-10
3170.00 1.541534e-10
3180.00 1.677059e-10
3190.00 1.778800e-10
3200.00 2.219354e-10
3210.00 2.717970e-10
3220.00 2.504916e-10
3230.00 2.137652e-10
3240.00 1.703512e-10
3250.00 1.455969e-10
3260.00 1.865804e-10
3270.00 1.920518e-10
3280.00 2.004584e-10
3290.00 2.682891e-10
3300.00 1.848985e-10
3310.00 1.724277e-10
3320.00 2.205836e-10
3330.00 2.235047e-10
3340.00 2.448727e-10
3350.00 2.653831e-10
3360.00 2.415140e-10
3370.00 2.887198e-10
3380.00 2.540275e-10
3390.00 2.639870e-10
3400.00 2.785858e-10
3410.00 3.035887e-10
3420.00 3.196916e-10
3430.00 3.275706e-10
3440.00 3.282340e-10
3450.00 3.268002e-10
3460.00 3.275274e-10
3470.00 3.380443e-10
3480.00 3.485866e-10
3490.00 3.507087e-10
3500.00 3.476067e-10
3510.00 3.624627e-10
3520.00 3.920872e-10
3530.00 4.213945e-10
3540.00 4.420548e-10
3550.00 4.487004e-10
3560.00 4.545494e-10
3570.00 4.650786e-10
3580.00 4.733367e-10
3590.00 4.837041e-10
3600.00 4.993428e-10
3610.00 5.113845e-10
3620.00 5.037680e-10
3630.00 4.909981e-10
3640.00 4.949911e-10
3650.00 5.043314e-10
3660.00 5.222442e-10
3670.00 5.653794e-10
3680.00 6.223939e-10
3690.00 6.655499e-10
3700.00 7.349330e-10
3710.00 7.589202e-10
3720.00 7.223313e-10
3730.00 6.876873e-10
3740.00 6.698116e-10
3750.00 6.199654e-10
3760.00 5.646982e-10
3770.00 5.184708e-10
3780.00 4.785339e-10
3790.00 4.355197e-10
3800.00 4.040827e-10
3810.00 3.804840e-10
3820.00 3.732665e-10
3830.00 3.851604e-10
3840.00 4.196099e-10
3850.00 4.627612e-10
3860.00 5.017450e-10
3870.00 5.942207e-10
3880.00 6.569299e-10
3890.00 6.880878e-10
3900.00 7.707403e-10
3910.00 8.022729e-10
3920.00 8.452253e-10
3930.00 9.121796e-10
3940.00 9.144542e-10
3950.00 9.290448e-10
3960.00 9.943638e-10
3970.00 1.009706e-09
3980.00 9.832437e-10
3990.00 9.788247e-10
4000.00 9.461129e-10
4010.00 9.017046e-10
4020.00 8.574074e-10
4030.00 8.201895e-10
4040.00 7.812256e-10
4050.00 7.652657e-10
4060.00 7.536101e-10
4070.00 7.663455e-10
4080.00 7.414415e-10
4090.00 7.225795e-10
4100.00 7.076226e-10
4110.00 6.972811e-10
4120.00 6.773743e-10
4130.00 6.574898e-10
4140.00 6.550717e-10
4150.00 6.557870e-10
4160.00 6.407122e-10
4170.00 6.480627e-10
4180.00 6.605173e-10
4190.00 6.808840e-10
4200.00 7.038707e-10
4210.00 7.070743e-10
4220.00 7.074854e-10
4230.00 7.115439e-10
4240.00 7.041136e-10
4250.00 7.016870e-10
4260.00 7.131596e-10
4270.00 7.145887e-10
4280.00 7.222503e-10
4290.00 7.435391e-10
4300.00 7.747022e-10
4310.00 7.777547e-10
4320.00 7.931722e-10
4330.00 8.031709e-10
4340.00 8.010470e-10
4350.00 7.839085e-10
4360.00 7.508410e-10
4370.00 7.309156e-10
4380.00 6.848190e-10
4390.00 6.334196e-10
4400.00 5.873002e-10
4410.00 5.547184e-10
4420.00 5.434668e-10
4430.00 5.221841e-10
4440.00 5.126080e-10
4450.00 5.339714e-10
4460.00 5.392779e-10
4470.00 5.427600e-10
4480.00 5.625142e-10
4490.00 5.837095e-10
4500.00 6.195050e-10
4510.00 6.508683e-10
4520.00 6.812995e-10
4530.00 7.637580e-10
4540.00 8.451768e-10
4550.00 9.382139e-10
4560.00 1.059695e-09
4570.00 1.204874e-09
4580.00 1.301034e-09
4590.00 1.373291e-09
4600.00 1.462332e-09
4610.00 1.500752e-09
4620.00 1.529161e-09
4630.00 1.573345e-09
4640.00 1.596657e-09
4650.00 1.606202e-09
4660.00 1.568415e-09
4670.00 1.467963e-09
4680.00 1.364618e-09
4690.00 1.230345e-09
4700.00 1.118014e-09
4710.00 1.020369e-09
4720.00 9.412010e-10
4730.00 8.683059e-10
4740.00 8.033439e-10
4750.00 7.767135e-10
4760.00 7.546280e-10
4770.00 7.348815e-10
4780.00 7.528999e-10
4790.00 7.815103e-10
4800.00 8.237899e-10
4810.00 8.687727e-10
4820.00 9.356552e-10
4830.00 9.773094e-10
4840.00 9.993750e-10
4850.00 9.900298e-10
4860.00 9.739597e-10
4870.00 9.659957e-10
4880.00 9.881527e-10
4890.00 1.025680e-09
4900.00 1.068884e-09
4910.00 1.147368e-09
4920.00 1.238060e-09
4930.00 1.317847e-09
4940.00 1.435837e-09
4950.00 1.469247e-09
4960.00 1.483093e-09
4970.00 1.471097e-09
4980.00 1.382132e-09
4990.00 1.294684e-09
5000.00 1.204036e-09
5010.00 1.097124e-09
5020.00 1.014933e-09
5030.00 9.435363e-10
5040.00 8.938974e-10
5050.00 8.607782e-10
5060.00 8.288795e-10
5070.00 8.021410e-10
5080.00 7.810649e-10
5090.00 7.588495e-10
5100.00 7.579830e-10
5110.00 7.482148e-10
5120.00 7.365838e-10
5130.00 7.319123e-10
5140.00 7.287487e-10
5150.00 7.218125e-10
5160.00 7.338265e-10
5170.00 7.522155e-10
5180.00 7.678164e-10
5190.00 7.861484e-10
5200.00 8.337541e-10
5210.00 8.722235e-10
5220.00 9.201204e-10
5230.00 9.956256e-10
5240.00 1.056607e-09
5250.00 1.119296e-09
5260.00 1.164813e-09
5270.00 1.211888e-09
5280.00 1.271612e-09
5290.00 1.323227e-09
5300.00 1.378712e-09
5310.00 1.415462e-09
5320.00 1.449315e-09
5330.00 1.441819e-09
5340.00 1.436054e-09
5350.00 1.434832e-09
5360.00 1.414761e-09
5370.00 1.386611e-09
5380.00 1.372919e-09
5390.00 1.376123e-09
5400.00 1.421705e-09
5410.00 1.484827e-09
5420.00 1.554803e-09
5430.00 1.639178e-09
5440.00 1.717371e-09
5450.00 1.793702e-09
5460.00 1.868389e-09
5470.00 1.927528e-09
5480.00 1.956969e-09
5490.00 2.002273e-09
5500.00 2.005198e-09
5510.00 2.012503e-09
5520.00 2.011830e-09
5530.00 1.993214e-09
5540.00 1.974331e-09
5550.00 1.974467e-09
5560.00 1.927392e-09
5570.00 1.902536e-09
5580.00 1.856514e-09
5590.00 1.798185e-09
5600.00 1.754840e-09
5610.00 1.703606e-09
5620.00 1.660181e-09
5630.00 1.609049e-09
5640.00 1.555234e-09
5650.00 1.484727e-09
5660.00 1.403519e-09
5670.00 1.354453e-09
5680.00 1.294218e-09
5690.00 1.244988e-09
5700.00 1.223566e-09
5710.00 1.162107e-09
5720.00 1.126585e-09
5730.00 1.115671e-09
5740.00 1.121608e-09
5750.00 1.122038e-09
5760.00 1.132645e-09
5770.00 1.169948e-09
5780.00 1.199889e-09
5790.00 1.246323e-09
5800.00 1.287897e-09
5810.00 1.340615e-09
5820.00 1.385476e-09
5830.00 1.421984e-09
5840.00 1.460441e-09
5850.00 1.477312e-09
5860.00 1.501989e-09
5870.00 1.516433e-09
5880.00 1.527529e-09
5890.00 1.505380e-09
5900.00 1.477010e-09
5910.00 1.451114e-09
5920.00 1.437193e-09
5930.00 1.400248e-09
5940.00 1.337665e-09
5950.00 1.282100e-09
5960.00 1.219833e-09
5970.00 1.146338e-09
5980.00 1.086391e-09
5990.00 1.054646e-09
6000.00 1.011289e-09
6010.00 9.977000e-10
6020.00 9.872907e-10
6030.00 9.889195e-10
6040.00 9.938050e-10
6050.00 9.724220e-10
6060.00 9.605845e-10
6070.00 9.444103e-10
6080.00 9.248948e-10
6090.00 9.140599e-10
6100.00 9.139200e-10
6110.00 9.084271e-10
6120.00 8.860225e-10
6130.00 8.724108e-10
6140.00 8.523424e-10
6150.00 8.208030e-10
6160.00 7.920138e-10
6170.00 7.899945e-10
6180.00 7.879254e-10
6190.00 7.685388e-10
6200.00 7.766209e-10
6210.00 8.074619e-10
6220.00 8.128407e-10
6230.00 8.304583e-10
6240.00 8.351869e-10
6250.00 8.362664e-10
6260.00 8.253574e-10
6270.00 8.360130e-10
6280.00 8.405377e-10
6290.00 8.231630e-10
6300.00 8.552003e-10
6310.00 8.784739e-10
6320.00 9.149602e-10
6330.00 9.474890e-10
6340.00 9.731124e-10
6350.00 1.009374e-09
6360.00 1.068256e-09
6370.00 1.146840e-09
6380.00 1.172610e-09
6390.00 1.213436e-09
6400.00 1.263187e-09
6410.00 1.315491e-09
6420.00 1.326297e-09
6430.00 1.354775e-09
6440.00 1.397462e-09
6450.00 1.393884e-09
6460.00 1.404551e-09
6470.00 1.412103e-09
6480.00 1.408416e-09
6490.00 1.433295e-09
6500.00 1.442378e-09
6510.00 1.448321e-09
6520.00 1.467120e-09
6530.00 1.426673e-09
6540.00 1.408837e-09
6550.00 1.417226e-09
6560.00 1.411094e-09
6570.00 1.423684e-09
6580.00 1.415777e-09
6590.00 1.368440e-09
6600.00 1.316822e-09
6610.00 1.296200e-09
6620.00 1.236909e-09
6630.00 1.182145e-09
6640.00 1.146859e-09
6650.00 1.077429e-09
6660.00 1.047128e-09
6670.00 1.006304e-09
6680.00 9.792917e-10
6690.00 9.391998e-10
6700.00 8.887682e-10
6710.00 8.737851e-10
6720.00 8.496381e-10
6730.00 8.439243e-10
6740.00 8.461961e-10
6750.00 7.892674e-10
6760.00 7.513825e-10
6770.00 7.430651e-10
6780.00 7.213020e-10
6790.00 7.021234e-10
6800.00 6.813143e-10
6810.00 6.697950e-10
6820.00 6.596795e-10
6830.00 6.432909e-10
6840.00 6.313800e-10
6850.00 6.238080e-10
6860.00 6.213681e-10
6870.00 5.891995e-10
6880.00 5.580499e-10
6890.00 5.408528e-10
6900.00 5.535998e-10
6910.00 5.590594e-10
6920.00 5.688480e-10
6930.00 5.736810e-10
6940.00 5.783268e-10
6950.00 5.809946e-10
6960.00 5.803494e-10
6970.00 5.732448e-10
6980.00 5.677379e-10
6990.00 5.610183e-10
7000.00 5.502969e-10
7010.00 5.444453e-10
7020.00 5.364150e-10
7030.00 5.225250e-10
7040.00 5.225341e-10
7050.00 5.212006e-10
7060.00 5.190898e-10
7070.00 5.139878e-10
7080.00 5.134857e-10
7090.00 5.113325e-10
7100.00 5.115880e-10
7110.00 5.125471e-10
7120.00 5.136885e-10
7130.00 5.231150e-10
7140.00 5.308430e-10
7150.00 5.375979e-10
7160.00 5.451159e-10
7170.00 5.516535e-10
7180.00 5.492822e-10
7190.00 5.440288e-10
7200.00 5.374822e-10
7210.00 5.409644e-10
7220.00 5.568772e-10
7230.00 5.644096e-10
7240.00 5.524988e-10
7250.00 5.396501e-10
7260.00 5.385663e-10
7270.00 5.462627e-10
7280.00 5.533379e-10
7290.00 5.589752e-10
7300.00 5.629416e-10
7310.00 5.688552e-10
7320.00 5.790978e-10
7330.00 5.992397e-10
7340.00 6.150240e-10
7350.00 6.294658e-10
7360.00 6.366148e-10
7370.00 6.481878e-10
7380.00 6.591401e-10
7390.00 6.673090e-10
7400.00 6.774132e-10
7410.00 6.784171e-10
7420.00 6.811317e-10
7430.00 6.743273e-10
7440.00 6.680003e-10
7450.00 6.580354e-10
7460.00 6.372388e-10
7470.00 6.235786e-10
7480.00 6.101062e-10
7490.00 5.899600e-10
7500.00 5.766651e-10
7510.00 5.610200e-10
7520.00 5.614963e-10
7530.00 5.523473e-10
7540.00 5.473221e-10
7550.00 5.592628e-10
7560.00 5.711153e-10
7570.00 5.792247e-10
7580.00 5.881144e-10
7590.00 6.130328e-10
7600.00 5.353888e-10
7610.00 4.198893e-10
7620.00 3.620004e-10
7630.00 4.421847e-10
7640.00 4.599538e-10
7650.00 4.636227e-10
7660.00 5.470834e-10
7670.00 5.912020e-10
7680.00 6.306450e-10
7690.00 6.554599e-10
7700.00 6.672010e-10
7710.00 6.749579e-10
7720.00 6.708727e-10
7730.00 6.658199e-10
7740.00 6.637908e-10
7750.00 6.660702e-10
7760.00 6.530943e-10
7770.00 6.563962e-10
7780.00 6.495623e-10
7790.00 6.302187e-10
7800.00 6.263568e-10
7810.00 6.332876e-10
7820.00 6.272378e-10
7830.00 6.256530e-10
7840.00 6.301079e-10
7850.00 6.315419e-10
7860.00 6.273994e-10
7870.00 6.246911e-10
7880.00 6.159700e-10
7890.00 6.075350e-10
7900.00 6.052486e-10
7910.00 5.928911e-10
7920.00 5.782249e-10
7930.00 5.803445e-10
7940.00 5.829662e-10
7950.00 5.781937e-10
7960.00 5.624070e-10
7970.00 5.511910e-10
7980.00 5.490550e-10
7990.00 5.367758e-10
8000.00 5.366281e-10
8010.00 5.372824e-10
8020.00 5.243023e-10
8030.00 5.183689e-10
8040.00 5.045453e-10
8050.00 4.950591e-10
8060.00 4.889888e-10
8070.00 5.006629e-10
8080.00 4.664848e-10
8090.00 4.453165e-10
8100.00 4.230164e-10
8110.00 4.065664e-10
8120.00 3.844484e-10
8130.00 3.702809e-10
8140.00 3.509861e-10
8150.00 3.113404e-10
8160.00 2.766074e-10
8170.00 2.591242e-10
8180.00 2.338595e-10
8190.00 2.050075e-10
8200.00 1.951278e-10
8210.00 1.860219e-10
8220.00 1.753769e-10
8230.00 1.549980e-10
8240.00 1.455066e-10
8250.00 1.437123e-10
8260.00 1.457999e-10
8270.00 1.459114e-10
8280.00 1.501641e-10
8290.00 1.473190e-10
8300.00 1.515207e-10
8310.00 1.537467e-10
8320.00 1.613793e-10
8330.00 1.783358e-10
8340.00 1.916863e-10
8350.00 1.954753e-10
8360.00 2.128993e-10
8370.00 2.314301e-10
8380.00 2.511971e-10
8390.00 2.617702e-10
8400.00 2.728270e-10
8410.00 2.794937e-10
8420.00 3.053885e-10
8430.00 3.157219e-10
8440.00 3.248360e-10
8450.00 3.485154e-10
8460.00 3.888279e-10
8470.00 4.281409e-10
8480.00 4.984893e-10
8490.00 5.342691e-10
8500.00 5.525743e-10
8510.00 6.066696e-10
8520.00 6.215310e-10
8530.00 6.307773e-10
8540.00 6.555282e-10
8550.00 6.670097e-10
8560.00 6.799819e-10
8570.00 6.900688e-10
8580.00 6.967403e-10
8590.00 6.923751e-10
8600.00 6.923341e-10
8610.00 7.031722e-10
8620.00 7.084389e-10
8630.00 7.048764e-10
8640.00 6.996237e-10
8650.00 6.934881e-10
8660.00 7.126855e-10
8670.00 7.325999e-10
8680.00 7.505264e-10
8690.00 7.601638e-10
8700.00 7.639766e-10
8710.00 8.029877e-10
8720.00 7.927199e-10
8730.00 7.987357e-10
8740.00 8.365117e-10
8750.00 8.104635e-10
8760.00 8.007942e-10
8770.00 7.792235e-10
8780.00 7.951654e-10
8790.00 8.039422e-10
8800.00 8.086541e-10
8810.00 8.152958e-10
8820.00 8.094494e-10
8830.00 8.062880e-10
8840.00 7.561830e-10
8850.00 7.735207e-10
8860.00 7.845201e-10
8870.00 7.744544e-10
8880.00 7.649146e-10
8890.00 7.592501e-10
8900.00 7.277001e-10
8910.00 7.230349e-10
8920.00 7.091763e-10
8930.00 6.854854e-10
8940.00 6.612625e-10
8950.00 6.347471e-10
8960.00 6.183890e-10
8970.00 5.869544e-10
8980.00 5.778518e-10
8990.00 5.731107e-10
9000.00 5.442160e-10
9010.00 5.358526e-10
9020.00 5.351272e-10
9030.00 5.333090e-10
9040.00 5.396597e-10
9050.00 5.396536e-10
9060.00 5.395985e-10
9070.00 5.367686e-10
9080.00 5.158219e-10
9090.00 5.069791e-10
9100.00 5.113549e-10
9110.00 4.958100e-10
9120.00 4.922543e-10
9130.00 5.064059e-10
9140.00 4.696122e-10
9150.00 4.678437e-10
9160.00 4.615041e-10
9170.00 4.549714e-10
9180.00 4.486188e-10
9190.00 4.350154e-10
9200.00 4.540585e-10
9210.00 4.556076e-10
9220.00 4.587352e-10
9230.00 4.330861e-10
9240.00 4.403722e-10
9250.00 4.430224e-10
9260.00 4.250300e-10
9270.00 4.095278e-10
9280.00 3.958702e-10
9290.00 3.670736e-10
9300.00 3.489208e-10
9310.00 3.234164e-10
9320.00 3.013341e-10
9330.00 2.333428e-10
9340.00 2.304792e-10
9350.00 2.275430e-10
9360.00 2.467415e-10
9370.00 2.363273e-10
9380.00 2.413123e-10
9390.00 2.386466e-10
9400.00 2.949649e-10
9410.00 3.012010e-10
9420.00 3.142180e-10
9430.00 2.844299e-10
9440.00 2.726632e-10
9450.00 2.601623e-10
9460.00 2.726920e-10
9470.00 2.630685e-10
9480.00 2.553362e-10
9490.00 2.741755e-10
9500.00 2.791882e-10
9510.00 2.817409e-10
9520.00 2.868446e-10
9530.00 2.640254e-10
9540.00 2.670985e-10
9550.00 2.855088e-10
9560.00 2.648368e-10
9570.00 2.652626e-10
9580.00 2.616343e-10
9590.00 2.562240e-10
9600.00 2.529978e-10
9610.00 2.473056e-10
9620.00 2.515883e-10
9630.00 2.463811e-10
9640.00 2.447736e-10
9650.00 2.580665e-10
9660.00 2.409684e-10
9670.00 2.385644e-10
9680.00 2.444152e-10
9690.00 2.405774e-10
9700.00 2.501546e-10
9710.00 2.584930e-10
9720.00 2.430728e-10
9730.00 2.538374e-10
9740.00 2.537527e-10
9750.00 2.595854e-10
9760.00 2.708017e-10
9770.00 2.791409e-10
9780.00 2.980506e-10
9790.00 2.774827e-10
9800.00 2.727340e-10
9810.00 2.807051e-10
9820.00 3.057079e-10
9830.00 3.024855e-10
9840.00 3.045066e-10
9850.00 3.196443e-10
9860.00 3.240065e-10
9870.00 3.201594e-10
9880.00 2.970003e-10
9890.00 3.123257e-10
9900.00 3.154530e-10
9910.00 2.969947e-10
9920.00 3.027887e-10
9930.00 3.003259e-10
9940.00 2.707201e-10
9950.00 2.872705e-10
9960.00 2.901805e-10
9970.00 2.693371e-10
9980.00 2.584688e-10
9990.00 2.598428e-10
10000.00 2.720431e-10
10010.00 2.581333e-10
10020.00 2.591656e-10
10030.00 2.752531e-10
10040.00 2.582774e-10
10050.00 2.491652e-10
10060.00 2.481736e-10
10070.00 2.471880e-10
10080.00 2.462049e-10
10090.00 2.452241e-10
10100.00 2.442494e-10
10110.00 2.432771e-10
10120.00 2.423070e-10
10130.00 2.413431e-10
10140.00 2.403814e-10
10150.00 2.394223e-10
10160.00 2.384689e-10
10170.00 2.375178e-10
10180.00 2.365691e-10
10190.00 2.356262e-10
10200.00 2.346856e-10
10210.00 2.337474e-10
10220.00 2.328149e-10
10230.00 2.318846e-10
10240.00 2.309568e-10
10250.00 2.300346e-10
10260.00 2.291146e-10
10270.00 2.281969e-10
10280.00 2.272849e-10
10290.00 2.263750e-10
10300.00 2.254675e-10
10310.00 2.245655e-10
10320.00 2.236656e-10
10330.00 2.227681e-10
10340.00 2.218761e-10
10350.00 2.209861e-10
10360.00 2.200987e-10
10370.00 2.192164e-10
10380.00 2.183363e-10
10390.00 2.174585e-10
10400.00 2.165861e-10
10410.00 2.157156e-10
10420.00 2.148476e-10
10430.00 2.139848e-10
10440.00 2.131240e-10
10450.00 2.122655e-10
10460.00 2.114122e-10
10470.00 2.105610e-10
10480.00 2.097121e-10
10490.00 2.088681e-10
10500.00 2.080263e-10
10510.00 2.071868e-10
10520.00 2.063524e-10
10530.00 2.055197e-10
10540.00 2.046895e-10
10550.00 2.038642e-10
10560.00 2.030408e-10
10570.00 2.022199e-10
10580.00 2.014037e-10
10590.00 2.005895e-10
10600.00 1.997776e-10
10610.00 1.989704e-10
10620.00 1.981652e-10
10630.00 1.973624e-10
10640.00 1.965641e-10
10650.00 1.957679e-10
10660.00 1.949740e-10
10670.00 1.941845e-10
10680.00 1.933971e-10
10690.00 1.926121e-10
10700.00 1.918314e-10
10710.00 1.910528e-10
10720.00 1.902763e-10
10730.00 1.895044e-10
10740.00 1.887343e-10
10750.00 1.879666e-10
10760.00 1.872033e-10
10770.00 1.864418e-10
10780.00 1.856826e-10
10790.00 1.849277e-10
10800.00 1.841746e-10
10810.00 1.834240e-10
10820.00 1.826775e-10
10830.00 1.819328e-10
10840.00 1.811905e-10
10850.00 1.804523e-10
10860.00 1.797160e-10
10870.00 1.789820e-10
10880.00 1.782521e-10
10890.00 1.775239e-10
10900.00 1.767980e-10
10910.00 1.760761e-10
10920.00 1.753561e-10
10930.00 1.746384e-10
10940.00 1.739246e-10
10950.00 1.732127e-10
10960.00 1.725029e-10
10970.00 1.717971e-10
10980.00 1.710931e-10
10990.00 1.703914e-10
11000.00 1.696935e-10
11010.00 1.689972e-10
11020.00 1.683034e-10
11030.00 1.676132e-10
11040.00 1.669249e-10
11050.00 1.662388e-10
11060.00 1.655564e-10
11070.00 1.648757e-10
11080.00 1.641973e-10
11090.00 1.635225e-10
11100.00 1.628495e-10
11110.00 1.621787e-10
11120.00 1.615115e-10
11130.00 1.608460e-10
11140.00 1.601827e-10
11150.00 1.595230e-10
11160.00 1.588650e-10
11170.00 1.582092e-10
11180.00 1.575568e-10
11190.00 1.569062e-10
11200.00 1.562578e-10
11210.00 1.556128e-10
11220.00 1.549695e-10
11230.00 1.543283e-10
11240.00 1.536906e-10
11250.00 1.530546e-10
11260.00 1.524207e-10
11270.00 1.517901e-10
11280.00 1.511612e-10
11290.00 1.505345e-10
11300.00 1.499110e-10
11310.00 1.492891e-10
11320.00 1.486694e-10
11330.00 1.480531e-10
11340.00 1.474382e-10
11350.00 1.468255e-10
11360.00 1.462161e-10
11370.00 1.456083e-10
11380.00 1.450025e-10
11390.00 1.443999e-10
11400.00 1.437988e-10
11410.00 1.432000e-10
11420.00 1.426041e-10
11430.00 1.420100e-10
11440.00 1.414179e-10
11450.00 1.408288e-10
11460.00 1.402414e-10
11470.00 1.396560e-10
11480.00 1.390736e-10
11490.00 1.384928e-10
11500.00 1.379141e-10
11510.00 1.373383e-10
11520.00 1.367641e-10
11530.00 1.361919e-10
11540.00 1.356227e-10
11550.00 1.350550e-10
11560.00 1.344893e-10
11570.00 1.339265e-10
11580.00 1.333652e-10
11590.00 1.328061e-10
11600.00 1.322496e-10
11610.00 1.316947e-10
11620.00 1.311420e-10
11630.00 1.305919e-10
11640.00 1.300433e-10
11650.00 1.294967e-10
11660.00 1.289529e-10
11670.00 1.284106e-10
11680.00 1.278703e-10
11690.00 1.273327e-10
11700.00 1.267966e-10
11710.00 1.262624e-10
11720.00 1.257310e-10
11730.00 1.252010e-10
11740.00 1.246730e-10
11750.00 1.241476e-10
11760.00 1.236236e-10
11770.00 1.231017e-10
11780.00 1.225822e-10
11790.00 1.220643e-10
11800.00 1.215483e-10
11810.00 1.210348e-10
11820.00 1.205227e-10
11830.00 1.200128e-10
11840.00 1.195051e-10
11850.00 1.189989e-10
11860.00 1.184947e-10
11870.00 1.179930e-10
11880.00 1.174926e-10
11890.00 1.169942e-10
11900.00 1.164983e-10
11910.00 1.160036e-10
11920.00 1.155109e-10
11930.00 1.150206e-10
11940.00 1.145317e-10
11950.00 1.140447e-10
11960.00 1.135600e-10
11970.00 1.130767e-10
11980.00 1.125953e-10
11990.00 1.121162e-10
12000.00 1.116385e-10
12010.00 1.111626e-10
12020.00 1.106891e-10
12030.00 1.102168e-10
12040.00 1.097465e-10
12050.00 1.092784e-10
12060.00 1.088116e-10
12070.00 1.083467e-10
12080.00 1.078840e-10
12090.00 1.074226e-10
12100.00 1.069631e-10
12110.00 1.065057e-10
12120.00 1.060497e-10
12130.00 1.055955e-10
12140.00 1.051434e-10
12150.00 1.046927e-10
12160.00 1.042438e-10
12170.00 1.037970e-10
12180.00 1.033514e-10
12190.00 1.029077e-10
12200.00 1.024661e-10
12210.00 1.020257e-10
12220.00 1.015871e-10
12230.00 1.011506e-10
12240.00 1.007153e-10
12250.00 1.002819e-10
12260.00 9.985047e-11
12270.00 9.942025e-11
12280.00 9.899187e-11
12290.00 9.856546e-11
12300.00 9.814024e-11
12310.00 9.771685e-11
12320.00 9.729540e-11
12330.00 9.687514e-11
12340.00 9.645671e-11
12350.00 9.604017e-11
12360.00 9.562482e-11
12370.00 9.521127e-11
12380.00 9.479961e-11
12390.00 9.438909e-11
12400.00 9.398038e-11
12410.00 9.357353e-11
12420.00 9.316782e-11
12430.00 9.276389e-11
12440.00 9.236181e-11
12450.00 9.196084e-11
12460.00 9.156166e-11
12470.00 9.116427e-11
12480.00 9.076800e-11
12490.00 9.037352e-11
12500.00 8.998080e-11
12510.00 8.958921e-11
12520.00 8.919935e-11
12530.00 8.881122e-11
12540.00 8.842421e-11
12550.00 8.803894e-11
12560.00 8.765538e-11
12570.00 8.727292e-11
12580.00 8.689218e-11
12590.00 8.651314e-11
12600.00 8.613518e-11
12610.00 8.575894e-11
12620.00 8.538436e-11
12630.00 8.501085e-11
12640.00 8.463906e-11
12650.00 8.426890e-11
12660.00 8.389979e-11
12670.00 8.353239e-11
12680.00 8.316659e-11
12690.00 8.280186e-11
12700.00 8.243880e-11
12710.00 8.207733e-11
12720.00 8.171691e-11
12730.00 8.135815e-11
12740.00 8.100095e-11
12750.00 8.064479e-11
12760.00 8.029030e-11
12770.00 7.993733e-11
12780.00 7.958540e-11
12790.00 7.923512e-11
12800.00 7.888633e-11
12810.00 7.853858e-11
12820.00 7.819245e-11
12830.00 7.784782e-11
12840.00 7.750419e-11
12850.00 7.716219e-11
12860.00 7.682165e-11
12870.00 7.648211e-11
12880.00 7.614419e-11
12890.00 7.580771e-11
12900.00 7.547221e-11
12910.00 7.513831e-11
12920.00 7.480584e-11
12930.00 7.447435e-11
12940.00 7.414444e-11
12950.00 7.381592e-11
12960.00 7.348839e-11
12970.00 7.316243e-11
12980.00 7.283784e-11
12990.00 7.251423e-11
13000.00 7.219216e-11
13010.00 7.187147e-11
13020.00 7.155172e-11
13030.00 7.123352e-11
13040.00 7.091666e-11
13050.00 7.060074e-11
13060.00 7.028636e-11
13070.00 6.997330e-11
13080.00 6.966117e-11
13090.00 6.935057e-11
13100.00 6.904126e-11
13110.00 6.873289e-11
13120.00 6.842602e-11
13130.00 6.812043e-11
13140.00 6.781576e-11
13150.00 6.751260e-11
13160.00 6.721068e-11
13170.00 6.690968e-11
13180.00 6.661017e-11
13190.00 6.631190e-11
13200.00 6.601451e-11
13210.00 6.571863e-11
13220.00 6.542395e-11
13230.00 6.513016e-11
13240.00 6.483784e-11
13250.00 6.454673e-11
13260.00 6.425649e-11
13270.00 6.396771e-11
13280.00 6.368012e-11
13290.00 6.339339e-11
13300.00 6.310811e-11
13310.00 6.282400e-11
13320.00 6.254075e-11
13330.00 6.225893e-11
13340.00 6.197826e-11
13350.00 6.169844e-11
13360.00 6.142005e-11
13370.00 6.114279e-11
13380.00 6.086637e-11
13390.00 6.059136e-11
13400.00 6.031746e-11
13410.00 6.004440e-11
13420.00 5.977275e-11
13430.00 5.950219e-11
13440.00 5.923246e-11
13450.00 5.896411e-11
13460.00 5.869684e-11
13470.00 5.843039e-11
13480.00 5.816533e-11
13490.00 5.790132e-11
13500.00 5.763813e-11
13510.00 5.737632e-11
13520.00 5.711554e-11
13530.00 5.685556e-11
13540.00 5.659694e-11
13550.00 5.633934e-11
13560.00 5.608255e-11
13570.00 5.582709e-11
13580.00 5.557266e-11
13590.00 5.531901e-11
13600.00 5.506669e-11
13610.00 5.481537e-11
13620.00 5.456483e-11
13630.00 5.431562e-11
13640.00 5.406737e-11
13650.00 5.381992e-11
13660.00 5.357377e-11
13670.00 5.332857e-11
13680.00 5.308415e-11
13690.00 5.284104e-11
13700.00 5.259887e-11
13710.00 5.235745e-11
13720.00 5.211734e-11
13730.00 5.187815e-11
13740.00 5.163972e-11
13750.00 5.140257e-11
13760.00 5.116633e-11
13770.00 5.093085e-11
13780.00 5.069661e-11
13790.00 5.046330e-11
13800.00 5.023073e-11
13810.00 4.999940e-11
13820.00 4.976897e-11
13830.00 4.953927e-11
13840.00 4.931082e-11
13850.00 4.908325e-11
13860.00 4.885639e-11
13870.00 4.863078e-11
13880.00 4.840602e-11
13890.00 4.818198e-11
13900.00 4.795917e-11
13910.00 4.773721e-11
13920.00 4.751595e-11
13930.00 4.729591e-11
13940.00 4.707671e-11
13950.00 4.685821e-11
13960.00 4.664091e-11
13970.00 4.642443e-11
13980.00 4.620865e-11
13990.00 4.599406e-11
14000.00 4.578028e-11
14010.00 4.556720e-11
14020.00 4.535529e-11
14030.00 4.514418e-11
14040.00 4.493375e-11
14050.00 4.472449e-11
14060.00 4.451603e-11
14070.00 4.430824e-11
14080.00 4.410161e-11
14090.00 4.389574e-11
14100.00 4.369055e-11
14110.00 4.348651e-11
14120.00 4.328323e-11
14130.00 4.308060e-11
14140.00 4.287912e-11
14150.00 4.267839e-11
14160.00 4.247832e-11
14170.00 4.227938e-11
14180.00 4.208116e-11
14190.00 4.188360e-11
14200.00 4.168716e-11
14210.00 4.149145e-11
14220.00 4.129638e-11
14230.00 4.110241e-11
14240.00 4.090917e-11
14250.00 4.071656e-11
14260.00 4.052504e-11
14270.00 4.033423e-11
14280.00 4.014404e-11
14290.00 3.995495e-11
14300.00 3.976655e-11
14310.00 3.957878e-11
14320.00 3.939208e-11
14330.00 3.920606e-11
14340.00 3.902065e-11
14350.00 3.883632e-11
14360.00 3.865266e-11
14370.00 3.846961e-11
14380.00 3.828762e-11
14390.00 3.810629e-11
14400.00 3.792555e-11
14410.00 3.774587e-11
14420.00 3.756685e-11
14430.00 3.738842e-11
14440.00 3.721102e-11
14450.00 3.703428e-11
14460.00 3.685811e-11
14470.00 3.668298e-11
14480.00 3.650847e-11
14490.00 3.633455e-11
14500.00 3.616167e-11
14510.00 3.598940e-11
14520.00 3.581770e-11
14530.00 3.564701e-11
14540.00 3.547694e-11
14550.00 3.530743e-11
14560.00 3.513893e-11
14570.00 3.497103e-11
14580.00 3.480369e-11
14590.00 3.463735e-11
14600.00 3.447160e-11
14610.00 3.430640e-11
14620.00 3.414219e-11
14630.00 3.397857e-11
14640.00 3.381549e-11
14650.00 3.365339e-11
14660.00 3.349187e-11
14670.00 3.333089e-11
14680.00 3.317088e-11
14690.00 3.301143e-11
14700.00 3.285252e-11
14710.00 3.269457e-11
14720.00 3.253717e-11
14730.00 3.238030e-11
14740.00 3.222440e-11
14750.00 3.206903e-11
14760.00 3.191419e-11
14770.00 3.176029e-11
14780.00 3.160694e-11
14790.00 3.145410e-11
14800.00 3.130219e-11
14810.00 3.115081e-11
14820.00 3.099995e-11
14830.00 3.085000e-11
14840.00 3.070058e-11
14850.00 3.055168e-11
14860.00 3.040369e-11
14870.00 3.025621e-11
14880.00 3.010923e-11
14890.00 2.996315e-11
14900.00 2.981759e-11
14910.00 2.967252e-11
14920.00 2.952835e-11
14930.00 2.938468e-11
14940.00 2.924149e-11
14950.00 2.909921e-11
14960.00 2.895740e-11
14970.00 2.881609e-11
14980.00 2.867565e-11
14990.00 2.853570e-11
15000.00 2.839622e-11
15010.00 2.825761e-11
15020.00 2.811950e-11
15030.00 2.798184e-11
15040.00 2.784505e-11
15050.00 2.770873e-11
15060.00 2.757288e-11
15070.00 2.743789e-11
15080.00 2.730334e-11
15090.00 2.716928e-11
15100.00 2.703605e-11
15110.00 2.690328e-11
15120.00 2.677097e-11
15130.00 2.663948e-11
15140.00 2.650846e-11
15150.00 2.637789e-11
15160.00 2.624814e-11
15170.00 2.611883e-11
15180.00 2.598998e-11
15190.00 2.586194e-11
15200.00 2.573434e-11
15210.00 2.560719e-11
15220.00 2.548083e-11
15230.00 2.535491e-11
15240.00 2.522944e-11
15250.00 2.510474e-11
15260.00 2.498048e-11
15270.00 2.485667e-11
15280.00 2.473363e-11
15290.00 2.461102e-11
15300.00 2.448885e-11
15310.00 2.436742e-11
15320.00 2.424644e-11
15330.00 2.412589e-11
15340.00 2.400608e-11
15350.00 2.388669e-11
15360.00 2.376776e-11
15370.00 2.364953e-11
15380.00 2.353172e-11
15390.00 2.341436e-11
15400.00 2.329771e-11
15410.00 2.318148e-11
15420.00 2.306569e-11
15430.00 2.295059e-11
15440.00 2.283591e-11
15450.00 2.272164e-11
15460.00 2.260808e-11
15470.00 2.249492e-11
15480.00 2.238219e-11
15490.00 2.227015e-11
15500.00 2.215851e-11
15510.00 2.204729e-11
15520.00 2.193675e-11
15530.00 2.182659e-11
15540.00 2.171686e-11
15550.00 2.160779e-11
15560.00 2.149911e-11
15570.00 2.139086e-11
15580.00 2.128325e-11
15590.00 2.117604e-11
15600.00 2.106923e-11
15610.00 2.096307e-11
15620.00 2.085729e-11
15630.00 2.075193e-11
15640.00 2.064720e-11
15650.00 2.054284e-11
15660.00 2.043889e-11
15670.00 2.033557e-11
15680.00 2.023262e-11
15690.00 2.013007e-11
15700.00 2.002816e-11
15710.00 1.992659e-11
15720.00 1.982543e-11
15730.00 1.972489e-11
15740.00 1.962470e-11
15750.00 1.952491e-11
15760.00 1.942571e-11
15770.00 1.932688e-11
15780.00 1.922844e-11
15790.00 1.913060e-11
15800.00 1.903310e-11
15810.00 1.893601e-11
15820.00 1.883949e-11
15830.00 1.874332e-11
15840.00 1.864755e-11
15850.00 1.855233e-11
15860.00 1.845746e-11
15870.00 1.836300e-11
15880.00 1.826908e-11
15890.00 1.817551e-11
15900.00 1.808233e-11
15910.00 1.798969e-11
15920.00 1.789740e-11
15930.00 1.780549e-11
15940.00 1.771412e-11
15950.00 1.762308e-11
15960.00 1.753243e-11
15970.00 1.744231e-11
15980.00 1.735251e-11
15990.00 1.726311e-11
16000.00 1.717422e-11
16010.00 1.708566e-11
16020.00 1.699747e-11
16030.00 1.690980e-11
16040.00 1.682246e-11
16050.00 1.673548e-11
16060.00 1.664902e-11
16070.00 1.656287e-11
16080.00 1.647710e-11
16090.00 1.639182e-11
16100.00 1.630686e-11
16110.00 1.622226e-11
16120.00 1.613816e-11
16130.00 1.605438e-11
16140.00 1.597095e-11
16150.00 1.588800e-11
16160.00 1.580537e-11
16170.00 1.572310e-11
16180.00 1.564130e-11
16190.00 1.555981e-11
16200.00 1.547868e-11
16210.00 1.539800e-11
16220.00 1.531765e-11
16230.00 1.523764e-11
16240.00 1.515810e-11
16250.00 1.507885e-11
16260.00 1.499995e-11
16270.00 1.492150e-11
16280.00 1.484335e-11
16290.00 1.476555e-11
16300.00 1.468821e-11
16310.00 1.461114e-11
16320.00 1.453443e-11
16330.00 1.445814e-11
16340.00 1.438216e-11
16350.00 1.430652e-11
16360.00 1.423130e-11
16370.00 1.415637e-11
16380.00 1.408178e-11
16390.00 1.400762e-11
16400.00 1.393374e-11
16410.00 1.386019e-11
16420.00 1.378707e-11
16430.00 1.371422e-11
16440.00 1.364171e-11
16450.00 1.356961e-11
16460.00 1.349778e-11
16470.00 1.342628e-11
16480.00 1.335519e-11
16490.00 1.328438e-11
16500.00 1.321389e-11
16510.00 1.314380e-11
16520.00 1.307398e-11
16530.00 1.300448e-11
16540.00 1.293538e-11
16550.00 1.286654e-11
16560.00 1.279802e-11
16570.00 1.272989e-11
16580.00 1.266203e-11
16590.00 1.259447e-11
16600.00 1.252731e-11
16610.00 1.246039e-11
16620.00 1.239379e-11
16630.00 1.232758e-11
16640.00 1.226162e-11
16650.00 1.219597e-11
16660.00 1.213069e-11
16670.00 1.206565e-11
16680.00 1.200094e-11
16690.00 1.193658e-11
16700.00 1.187248e-11
16710.00 1.180869e-11
16720.00 1.174524e-11
16730.00 1.168205e-11
16740.00 1.161916e-11
16750.00 1.155662e-11
16760.00 1.149433e-11
16770.00 1.143234e-11
16780.00 1.137070e-11
16790.00 1.130929e-11
16800.00 1.124818e-11
16810.00 1.118742e-11
16820.00 1.112688e-11
16830.00 1.106665e-11
16840.00 1.100676e-11
16850.00 1.094709e-11
16860.00 1.088773e-11
16870.00 1.082869e-11
16880.00 1.076988e-11
16890.00 1.071137e-11
16900.00 1.065317e-11
16910.00 1.059521e-11
16920.00 1.053754e-11
16930.00 1.048018e-11
16940.00 1.042305e-11
16950.00 1.036621e-11
16960.00 1.030967e-11
16970.00 1.025337e-11
16980.00 1.019734e-11
16990.00 1.014163e-11
17000.00 1.008613e-11
17010.00 1.003092e-11
17020.00 9.976007e-12
17030.00 9.921316e-12
17040.00 9.866899e-12
17050.00 9.812783e-12
17060.00 9.758882e-12
17070.00 9.705254e-12
17080.00 9.651923e-12
17090.00 9.598803e-12
17100.00 9.545955e-12
17110.00 9.493396e-12
17120.00 9.441048e-12
17130.00 9.388968e-12
17140.00 9.337174e-12
17150.00 9.285587e-12
17160.00 9.234266e-12
17170.00 9.183227e-12
17180.00 9.132392e-12
17190.00 9.081819e-12
17200.00 9.031524e-12
17210.00 8.981431e-12
17220.00 8.931598e-12
17230.00 8.882037e-12
17240.00 8.832676e-12
17250.00 8.783572e-12
17260.00 8.734737e-12
17270.00 8.686099e-12
17280.00 8.637716e-12
17290.00 8.589597e-12
17300.00 8.541673e-12
17310.00 8.494000e-12
17320.00 8.446587e-12
17330.00 8.399367e-12
17340.00 8.352396e-12
17350.00 8.305680e-12
17360.00 8.259155e-12
17370.00 8.212876e-12
17380.00 8.166850e-12
17390.00 8.121011e-12
17400.00 8.075416e-12
17410.00 8.030068e-12
17420.00 7.984905e-12
17430.00 7.939984e-12
17440.00 7.895307e-12
17450.00 7.850813e-12
17460.00 7.806558e-12
17470.00 7.762542e-12
17480.00 7.718707e-12
17490.00 7.675109e-12
17500.00 7.631748e-12
17510.00 7.588566e-12
17520.00 7.545615e-12
17530.00 7.502897e-12
17540.00 7.460355e-12
17550.00 7.418045e-12
17560.00 7.375962e-12
17570.00 7.334054e-12
17580.00 7.292375e-12
17590.00 7.250920e-12
17600.00 7.209638e-12
17610.00 7.168581e-12
17620.00 7.127745e-12
17630.00 7.087081e-12
17640.00 7.046639e-12
17650.00 7.006415e-12
17660.00 6.966358e-12
17670.00 6.926523e-12
17680.00 6.886902e-12
17690.00 6.847446e-12
17700.00 6.808210e-12
17710.00 6.769183e-12
17720.00 6.730320e-12
17730.00 6.691675e-12
17740.00 6.653235e-12
17750.00 6.614958e-12
17760.00 6.576894e-12
17770.00 6.539035e-12
17780.00 6.501334e-12
17790.00 6.463846e-12
17800.00 6.426558e-12
17810.00 6.389428e-12
17820.00 6.352507e-12
17830.00 6.315782e-12
17840.00 6.279213e-12
17850.00 6.242853e-12
17860.00 6.206685e-12
17870.00 6.170670e-12
17880.00 6.134861e-12
17890.00 6.099242e-12
17900.00 6.063775e-12
17910.00 6.028511e-12
17920.00 5.993434e-12
17930.00 5.958506e-12
17940.00 5.923779e-12
17950.00 5.889236e-12
17960.00 5.854841e-12
17970.00 5.820645e-12
17980.00 5.786629e-12
17990.00 5.752760e-12
18000.00 5.719086e-12
18010.00 5.685591e-12
18020.00 5.652240e-12
18030.00 5.619081e-12
18040.00 5.586100e-12
18050.00 5.553260e-12
18060.00 5.520610e-12
18070.00 5.488135e-12
18080.00 5.455798e-12
18090.00 5.423654e-12
18100.00 5.391676e-12
18110.00 5.359837e-12
18120.00 5.328187e-12
18130.00 5.296703e-12
18140.00 5.265355e-12
18150.00 5.234192e-12
18160.00 5.203195e-12
18170.00 5.172331e-12
18180.00 5.141651e-12
18190.00 5.111132e-12
18200.00 5.080746e-12
18210.00 5.050541e-12
18220.00 5.020496e-12
18230.00 4.990580e-12
18240.00 4.960844e-12
18250.00 4.931264e-12
18260.00 4.901813e-12
18270.00 4.872540e-12
18280.00 4.843420e-12
18290.00 4.814428e-12
18300.00 4.785611e-12
18310.00 4.756945e-12
18320.00 4.728404e-12
18330.00 4.700038e-12
18340.00 4.671818e-12
18350.00 4.643724e-12
18360.00 4.615800e-12
18370.00 4.588023e-12
18380.00 4.560367e-12
18390.00 4.532882e-12
18400.00 4.505540e-12
18410.00 4.478319e-12
18420.00 4.451264e-12
18430.00 4.424352e-12
18440.00 4.397558e-12
18450.00 4.370929e-12
18460.00 4.344439e-12
18470.00 4.318067e-12
18480.00 4.291858e-12
18490.00 4.265786e-12
18500.00 4.239831e-12
18510.00 4.214037e-12
18520.00 4.188376e-12
18530.00 4.162830e-12
18540.00 4.137444e-12
18550.00 4.112189e-12
18560.00 4.087047e-12
18570.00 4.062064e-12
18580.00 4.037209e-12
18590.00 4.012467e-12
18600.00 3.987879e-12
18610.00 3.963420e-12
18620.00 3.939070e-12
18630.00 3.914875e-12
18640.00 3.890805e-12
18650.00 3.866844e-12
18660.00 3.843034e-12
18670.00 3.819347e-12
18680.00 3.795768e-12
18690.00 3.772339e-12
18700.00 3.749031e-12
18710.00 3.725829e-12
18720.00 3.702775e-12
18730.00 3.679840e-12
18740.00 3.657010e-12
18750.00 3.634326e-12
18760.00 3.611759e-12
18770.00 3.589296e-12
18780.00 3.566976e-12
18790.00 3.544772e-12
18800.00 3.522670e-12
18810.00 3.500710e-12
18820.00 3.478864e-12
18830.00 3.457118e-12
18840.00 3.435513e-12
18850.00 3.414019e-12
18860.00 3.392624e-12
18870.00 3.371369e-12
18880.00 3.350223e-12
18890.00 3.329175e-12
18900.00 3.308263e-12
18910.00 3.287460e-12
18920.00 3.266753e-12
18930.00 3.246181e-12
18940.00 3.225716e-12
18950.00 3.205345e-12
18960.00 3.185110e-12
18970.00 3.164977e-12
18980.00 3.144939e-12
18990.00 3.125032e-12
19000.00 3.105228e-12
19010.00 3.085516e-12
19020.00 3.065936e-12
19030.00 3.046456e-12
19040.00 3.027066e-12
19050.00 3.007807e-12
19060.00 2.988644e-12
19070.00 2.969574e-12
19080.00 2.950629e-12
19090.00 2.931783e-12
19100.00 2.913025e-12
19110.00 2.894393e-12
19120.00 2.875856e-12
19130.00 2.857406e-12
19140.00 2.839082e-12
19150.00 2.820851e-12
19160.00 2.802706e-12
19170.00 2.784682e-12
19180.00 2.766753e-12
19190.00 2.748908e-12
19200.00 2.731185e-12
19210.00 2.713551e-12
19220.00 2.696002e-12
19230.00 2.678573e-12
19240.00 2.661231e-12
19250.00 2.643973e-12
19260.00 2.626833e-12
19270.00 2.609782e-12
19280.00 2.592811e-12
19290.00 2.575956e-12
19300.00 2.559188e-12
19310.00 2.542500e-12
19320.00 2.525927e-12
19330.00 2.509439e-12
19340.00 2.493031e-12
19350.00 2.476735e-12
19360.00 2.460524e-12
19370.00 2.444390e-12
19380.00 2.428368e-12
19390.00 2.412427e-12
19400.00 2.396564e-12
19410.00 2.380811e-12
19420.00 2.365140e-12
19430.00 2.349544e-12
19440.00 2.334057e-12
19450.00 2.318648e-12
19460.00 2.303315e-12
19470.00 2.288090e-12
19480.00 2.272942e-12
19490.00 2.257868e-12
19500.00 2.242901e-12
19510.00 2.228010e-12
19520.00 2.213191e-12
19530.00 2.198477e-12
19540.00 2.183839e-12
19550.00 2.169271e-12
19560.00 2.154808e-12
19570.00 2.140418e-12
19580.00 2.126099e-12
19590.00 2.111881e-12
19600.00 2.097738e-12
19610.00 2.083662e-12
19620.00 2.069688e-12
19630.00 2.055786e-12
19640.00 2.041952e-12
19650.00 2.028217e-12
19660.00 2.014552e-12
19670.00 2.000955e-12
19680.00 1.987456e-12
19690.00 1.974026e-12
19700.00 1.960662e-12
19710.00 1.947395e-12
19720.00 1.934196e-12
19730.00 1.921063e-12
19740.00 1.908025e-12
19750.00 1.895053e-12
19760.00 1.882147e-12
19770.00 1.869334e-12
19780.00 1.856586e-12
19790.00 1.843903e-12
19800.00 1.831313e-12
19810.00 1.818787e-12
19820.00 1.806323e-12
19830.00 1.793951e-12
19840.00 1.781642e-12
19850.00 1.769396e-12
19860.00 1.757240e-12
19870.00 1.745144e-12
19880.00 1.733112e-12
19890.00 1.721167e-12
19900.00 1.709284e-12
19910.00 1.697461e-12
19920.00 1.685726e-12
19930.00 1.674051e-12
19940.00 1.662434e-12
19950.00 1.650905e-12
19960.00 1.639435e-12
19970.00 1.628022e-12
19980.00 1.616696e-12
19990.00 1.605427e-12
20000.00 1.594217e-12
20010.00 1.583089e-12
20020.00 1.572020e-12
20030.00 1.561006e-12
20040.00 1.550076e-12
20050.00 1.539201e-12
20060.00 1.528383e-12
20070.00 1.517646e-12
20080.00 1.506965e-12
20090.00 1.496338e-12
20100.00 1.485792e-12
20110.00 1.475299e-12
20120.00 1.464863e-12
20130.00 1.454503e-12
20140.00 1.444199e-12
20150.00 1.433947e-12
20160.00 1.423774e-12
20170.00 1.413653e-12
20180.00 1.403586e-12
20190.00 1.393593e-12
20200.00 1.383654e-12
20210.00 1.373767e-12
20220.00 1.363954e-12
20230.00 1.354193e-12
20240.00 1.344483e-12
20250.00 1.334847e-12
20260.00 1.325261e-12
20270.00 1.315727e-12
20280.00 1.306265e-12
20290.00 1.296852e-12
20300.00 1.287490e-12
20310.00 1.278198e-12
20320.00 1.268955e-12
20330.00 1.259764e-12
20340.00 1.250640e-12
20350.00 1.241566e-12
20360.00 1.232540e-12
20370.00 1.223583e-12
20380.00 1.214673e-12
20390.00 1.205813e-12
20400.00 1.197019e-12
20410.00 1.188271e-12
20420.00 1.179573e-12
20430.00 1.170939e-12
20440.00 1.162352e-12
20450.00 1.153813e-12
20460.00 1.145338e-12
20470.00 1.136907e-12
20480.00 1.128526e-12
20490.00 1.120206e-12
20500.00 1.111931e-12
20510.00 1.103704e-12
20520.00 1.095537e-12
20530.00 1.087416e-12
20540.00 1.079339e-12
20550.00 1.071325e-12
20560.00 1.063353e-12
20570.00 1.055426e-12
20580.00 1.047559e-12
20590.00 1.039735e-12
20600.00 1.031956e-12
20610.00 1.024235e-12
20620.00 1.016557e-12
20630.00 1.008923e-12
20640.00 1.001346e-12
20650.00 9.938109e-13
20660.00 9.863194e-13
20670.00 9.788844e-13
20680.00 9.714901e-13
20690.00 9.641389e-13
20700.00 9.568432e-13
20710.00 9.495878e-13
20720.00 9.423748e-13
20730.00 9.352163e-13
20740.00 9.280973e-13
20750.00 9.210202e-13
20760.00 9.139967e-13
20770.00 9.070122e-13
20780.00 9.000690e-13
20790.00 8.931782e-13
20800.00 8.863258e-13
20810.00 8.795144e-13
20820.00 8.727543e-13
20830.00 8.660322e-13
20840.00 8.593501e-13
20850.00 8.527188e-13
20860.00 8.461245e-13
20870.00 8.395701e-13
20880.00 8.330652e-13
20890.00 8.265970e-13
20900.00 8.201678e-13
20910.00 8.137876e-13
20920.00 8.074432e-13
20930.00 8.011376e-13
20940.00 7.948799e-13
20950.00 7.886575e-13
20960.00 7.824732e-13
20970.00 7.763360e-13
20980.00 7.702336e-13
20990.00 7.641689e-13
21000.00 7.581501e-13
21010.00 7.521658e-13
21020.00 7.462186e-13
21030.00 7.403165e-13
21040.00 7.344483e-13
21050.00 7.286167e-13
21060.00 7.228295e-13
21070.00 7.170754e-13
21080.00 7.113575e-13
21090.00 7.056832e-13
21100.00 7.000416e-13
21110.00 6.944355e-13
21120.00 6.888722e-13
21130.00 6.833411e-13
21140.00 6.778452e-13
21150.00 6.723910e-13
21160.00 6.669686e-13
21170.00 6.615808e-13
21180.00 6.562343e-13
21190.00 6.509189e-13
21200.00 6.456376e-13
21210.00 6.403966e-13
21220.00 6.351864e-13
21230.00 6.300097e-13
21240.00 6.248727e-13
21250.00 6.197660e-13
21260.00 6.146923e-13
21270.00 6.096575e-13
21280.00 6.046524e-13
21290.00 5.996800e-13
21300.00 5.947458e-13
21310.00 5.898408e-13
21320.00 5.849680e-13
21330.00 5.801326e-13
21340.00 5.753259e-13
21350.00 5.705511e-13
21360.00 5.658130e-13
21370.00 5.611031e-13
21380.00 5.564244e-13
21390.00 5.517819e-13
21400.00 5.471672e-13
21410.00 5.425833e-13
21420.00 5.380348e-13
21430.00 5.335136e-13
21440.00 5.290227e-13
21450.00 5.245666e-13
21460.00 5.201373e-13
21470.00 5.157380e-13
21480.00 5.113728e-13
21490.00 5.070341e-13
21500.00 5.027250e-13
21510.00 4.984490e-13
21520.00 4.941992e-13
21530.00 4.899784e-13
21540.00 4.857903e-13
21550.00 4.816278e-13
21560.00 4.774941e-13
21570.00 4.733923e-13
21580.00 4.693158e-13
21590.00 4.652675e-13
21600.00 4.612506e-13
21610.00 4.572585e-13
21620.00 4.532943e-13
21630.00 4.493609e-13
21640.00 4.454518e-13
21650.00 4.415702e-13
21660.00 4.377188e-13
21670.00 4.338914e-13
21680.00 4.300911e-13
21690.00 4.263203e-13
21700.00 4.225731e-13
21710.00 4.188525e-13
21720.00 4.151609e-13
21730.00 4.114926e-13
21740.00 4.078504e-13
21750.00 4.042368e-13
21760.00 4.006459e-13
21770.00 3.970809e-13
21780.00 3.935438e-13
21790.00 3.900291e-13
21800.00 3.865398e-13
21810.00 3.830778e-13
21820.00 3.796380e-13
21830.00 3.762231e-13
21840.00 3.728351e-13
21850.00 3.694689e-13
21860.00 3.661271e-13
21870.00 3.628118e-13
21880.00 3.595179e-13
21890.00 3.562480e-13
21900.00 3.530040e-13
21910.00 3.497810e-13
21920.00 3.465819e-13
21930.00 3.434080e-13
21940.00 3.402548e-13
21950.00 3.371249e-13
21960.00 3.340200e-13
21970.00 3.309353e-13
21980.00 3.278738e-13
21990.00 3.248364e-13
22000.00 3.218191e-13
22010.00 3.188245e-13
22020.00 3.158538e-13
22030.00 3.129026e-13
22040.00 3.099737e-13
22050.00 3.070682e-13
22060.00 3.041822e-13
22070.00 3.013179e-13
22080.00 2.984767e-13
22090.00 2.956544e-13
22100.00 2.928537e-13
22110.00 2.900754e-13
22120.00 2.873158e-13
22130.00 2.845775e-13
22140.00 2.818611e-13
22150.00 2.791632e-13
22160.00 2.764861e-13
22170.00 2.738306e-13
22180.00 2.711931e-13
22190.00 2.685761e-13
22200.00 2.659803e-13
22210.00 2.634023e-13
22220.00 2.608444e-13
22230.00 2.583073e-13
22240.00 2.557875e-13
22250.00 2.532876e-13
22260.00 2.508081e-13
22270.00 2.483457e-13
22280.00 2.459029e-13
22290.00 2.434799e-13
22300.00 2.410737e-13
22310.00 2.386867e-13
22320.00 2.363193e-13
22330.00 2.339683e-13
22340.00 2.316364e-13
22350.00 2.293235e-13
22360.00 2.270268e-13
22370.00 2.247487e-13
22380.00 2.224894e-13
22390.00 2.202459e-13
22400.00 2.180206e-13
22410.00 2.158139e-13
22420.00 2.136228e-13
22430.00 2.114496e-13
22440.00 2.092944e-13
22450.00 2.071546e-13
22460.00 2.050325e-13
22470.00 2.029279e-13
22480.00 2.008384e-13
22490.00 1.987664e-13
22500.00 1.967116e-13
22510.00 1.946717e-13
22520.00 1.926487e-13
22530.00 1.906426e-13
22540.00 1.886512e-13
22550.00 1.866765e-13
22560.00 1.847185e-13
22570.00 1.827747e-13
22580.00 1.808473e-13
22590.00 1.789363e-13
22600.00 1.770392e-13
22610.00 1.751582e-13
22620.00 1.732933e-13
22630.00 1.714422e-13
22640.00 1.696069e-13
22650.00 1.677872e-13
22660.00 1.659810e-13
22670.00 1.641905e-13
22680.00 1.624152e-13
22690.00 1.606533e-13
22700.00 1.589066e-13
22710.00 1.571749e-13
22720.00 1.554563e-13
22730.00 1.537527e-13
22740.00 1.520638e-13
22750.00 1.503877e-13
22760.00 1.487264e-13
22770.00 1.470795e-13
22780.00 1.454450e-13
22790.00 1.438252e-13
22800.00 1.422194e-13
22810.00 1.406259e-13
22820.00 1.390468e-13
22830.00 1.374814e-13
22840.00 1.359281e-13
22850.00 1.343888e-13
22860.00 1.328629e-13
22870.00 1.313490e-13
22880.00 1.298488e-13
22890.00 1.283618e-13
22900.00 1.268864e-13
22910.00 1.254246e-13
22920.00 1.239758e-13
22930.00 1.225383e-13
22940.00 1.211141e-13
22950.00 1.197026e-13
22960.00 1.183023e-13
22970.00 1.169150e-13
22980.00 1.155402e-13
22990.00 1.141763e-13
23000.00 1.128252e-13
23010.00 1.114862e-13
23020.00 1.101580e-13
23030.00 1.088424e-13
23040.00 1.075386e-13
23050.00 1.062454e-13
23060.00 1.049646e-13
23070.00 1.036954e-13
23080.00 1.024365e-13
23090.00 1.011898e-13
23100.00 9.995439e-14
23110.00 9.872921e-14
23120.00 9.751589e-14
23130.00 9.631367e-14
23140.00 9.512147e-14
23150.00 9.394092e-14
23160.00 9.277122e-14
23170.00 9.161136e-14
23180.00 9.046291e-14
23190.00 8.932510e-14
23200.00 8.819692e-14
23210.00 8.707994e-14
23220.00 8.597337e-14
23230.00 8.487624e-14
23240.00 8.379011e-14
23250.00 8.271415e-14
23260.00 8.164746e-14
23270.00 8.059154e-14
23280.00 7.954558e-14
23290.00 7.850870e-14
23300.00 7.748239e-14
23310.00 7.646583e-14
23320.00 7.545818e-14
23330.00 7.446087e-14
23340.00 7.347312e-14
23350.00 7.249407e-14
23360.00 7.152519e-14
23370.00 7.056564e-14
23380.00 6.961466e-14
23390.00 6.867360e-14
23400.00 6.774169e-14
23410.00 6.681817e-14
23420.00 6.590440e-14
23430.00 6.499954e-14
23440.00 6.410293e-14
23450.00 6.321586e-14
23460.00 6.233752e-14
23470.00 6.146725e-14
23480.00 6.060635e-14
23490.00 5.975397e-14
23500.00 5.890950e-14
23510.00 5.807422e-14
23520.00 5.724728e-14
23530.00 5.642808e-14
23540.00 5.561787e-14
23550.00 5.481582e-14
23560.00 5.402135e-14
23570.00 5.323569e-14
23580.00 5.245801e-14
23590.00 5.168777e-14
23600.00 5.092615e-14
23610.00 5.017234e-14
23620.00 4.942581e-14
23630.00 4.868772e-14
23640.00 4.795726e-14
23650.00 4.723395e-14
23660.00 4.651888e-14
23670.00 4.581129e-14
23680.00 4.511070e-14
23690.00 4.441818e-14
23700.00 4.373296e-14
23710.00 4.305460e-14
23720.00 4.238414e-14
23730.00 4.172081e-14
23740.00 4.106420e-14
23750.00 4.041534e-14
23760.00 3.977344e-14
23770.00 3.913813e-14
23780.00 3.851037e-14
23790.00 3.788944e-14
23800.00 3.727495e-14
23810.00 3.666787e-14
23820.00 3.606744e-14
23830.00 3.547332e-14
23840.00 3.488646e-14
23850.00 3.430610e-14
23860.00 3.373191e-14
23870.00 3.316481e-14
23880.00 3.260408e-14
23890.00 3.204938e-14
23900.00 3.150163e-14
23910.00 3.096008e-14
23920.00 3.042446e-14
23930.00 2.989560e-14
23940.00 2.937282e-14
23950.00 2.885584e-14
23960.00 2.834548e-14
23970.00 2.784105e-14
23980.00 2.734230e-14
23990.00 2.685001e-14
24000.00 2.636352e-14
24010.00 2.588259e-14
24020.00 2.540798e-14
24030.00 2.493903e-14
24040.00 2.447551e-14
24050.00 2.401818e-14
24060.00 2.356637e-14
24070.00 2.311989e-14
24080.00 2.267943e-14
24090.00 2.224438e-14
24100.00 2.181453e-14
24110.00 2.139057e-14
24120.00 2.097190e-14
24130.00 2.055831e-14
24140.00 2.015047e-14
24150.00 1.974780e-14
24160.00 1.935009e-14
24170.00 1.895801e-14
24180.00 1.857096e-14
24190.00 1.818878e-14
24200.00 1.781209e-14
24210.00 1.744030e-14
24220.00 1.707327e-14
24230.00 1.671161e-14
24240.00 1.635473e-14
24250.00 1.600252e-14
24260.00 1.565554e-14
24270.00 1.531322e-14
24280.00 1.497547e-14
24290.00 1.464282e-14
24300.00 1.431472e-14
24310.00 1.399108e-14
24320.00 1.367242e-14
24330.00 1.335821e-14
24340.00 1.304835e-14
24350.00 1.274335e-14
24360.00 1.244270e-14
24370.00 1.214629e-14
24380.00 1.185463e-14
24390.00 1.156720e-14
24400.00 1.128393e-14
24410.00 1.100527e-14
24420.00 1.073075e-14
24430.00 1.046030e-14
24440.00 1.019433e-14
24450.00 9.932417e-15
24460.00 9.674462e-15
24470.00 9.420886e-15
24480.00 9.171258e-15
24490.00 8.925499e-15
24500.00 8.684007e-15
24510.00 8.446366e-15
24520.00 8.212505e-15
24530.00 7.982796e-15
24540.00 7.756846e-15
24550.00 7.534585e-15
24560.00 7.316370e-15
24570.00 7.101819e-15
24580.00 6.890871e-15
24590.00 6.683860e-15
24600.00 6.480424e-15
24610.00 6.280505e-15
24620.00 6.084419e-15
24630.00 5.891816e-15
24640.00 5.702648e-15
24650.00 5.517206e-15
24660.00 5.335163e-15
24670.00 5.156473e-15
24680.00 4.981405e-15
24690.00 4.809652e-15
24700.00 4.641168e-15
24710.00 4.476209e-15
24720.00 4.314480e-15
24730.00 4.155942e-15
24740.00 4.000829e-15
24750.00 3.848864e-15
24760.00 3.700013e-15
24770.00 3.554490e-15
24780.00 3.412036e-15
24790.00 3.272617e-15
24800.00 3.136432e-15
24810.00 3.003236e-15
24820.00 2.873002e-15
24830.00 2.745907e-15
24840.00 2.621726e-15
24850.00 2.500432e-15
24860.00 2.382185e-15
24870.00 2.266777e-15
24880.00 2.154184e-15
24890.00 2.044547e-15
24900.00 1.937677e-15
24910.00 1.833550e-15
24920.00 1.732291e-15
24930.00 1.633726e-15
24940.00 1.537834e-15
24950.00 1.444723e-15
24960.00 1.354236e-15
24970.00 1.266354e-15
24980.00 1.181166e-15
24990.00 1.098535e-15
25000.00 1.018442e-15
