1000.00 1.528075e-19
1010.00 4.705890e-19
1020.00 9.338543e-19
1030.00 1.566114e-18
1040.00 2.435501e-18
1050.00 3.557506e-18
1060.00 4.975208e-18
1070.00 6.824716e-18
1080.00 9.102726e-18
1090.00 1.189080e-17
1100.00 1.542596e-17
1110.00 1.966898e-17
1120.00 2.477426e-17
1130.00 3.111927e-17
1140.00 3.860455e-17
1150.00 4.751676e-17
1160.00 5.841638e-17
1170.00 7.111099e-17
1180.00 8.611863e-17
1190.00 1.042198e-16
1200.00 1.250879e-16
1210.00 1.496316e-16
1220.00 1.788689e-16
1230.00 2.122902e-16
1240.00 2.514436e-16
1250.00 2.976159e-16
1260.00 3.501264e-16
1270.00 4.117477e-16
1280.00 4.840752e-16
1290.00 5.660470e-16
1300.00 6.623082e-16
1310.00 7.743892e-16
1320.00 9.008537e-16
1330.00 1.049366e-15
1340.00 1.220945e-15
1350.00 1.413760e-15
1360.00 1.640225e-15
1370.00 1.899908e-15
1380.00 2.190644e-15
1390.00 2.532211e-15
1400.00 2.921052e-15
1410.00 3.354887e-15
1420.00 3.864742e-15
1430.00 4.441136e-15
1440.00 5.082162e-15
1450.00 5.835804e-15
1460.00 6.682131e-15
1470.00 7.620550e-15
1480.00 8.724335e-15
1490.00 9.955956e-15
1500.00 1.131781e-14
1510.00 1.292045e-14
1520.00 1.469781e-14
1530.00 1.666556e-14
1540.00 1.896626e-14
1550.00 2.151124e-14
1560.00 2.433257e-14
1570.00 2.761091e-14
1580.00 3.122879e-14
1590.00 3.524530e-14
1600.00 3.988501e-14
1610.00 4.499430e-14
1620.00 5.067533e-14
1630.00 5.720154e-14
1640.00 6.437443e-14
1650.00 7.236351e-14
1660.00 8.149371e-14
1670.00 9.151177e-14
1680.00 1.026909e-13
1690.00 1.154055e-13
1700.00 1.293362e-13
1710.00 1.449132e-13
1720.00 1.625507e-13
1730.00 1.818528e-13
1740.00 2.034903e-13
1750.00 2.278968e-13
1760.00 2.545871e-13
1770.00 2.845967e-13
1780.00 3.183352e-13
1790.00 3.552165e-13
1800.00 3.968319e-13
1810.00 4.434873e-13
1820.00 4.944884e-13
1830.00 5.522785e-13
1840.00 6.169175e-13
1850.00 6.876045e-13
1860.00 7.680964e-13
1870.00 8.579578e-13
1880.00 9.563011e-13
1890.00 1.068920e-12
1900.00 1.194444e-12
1910.00 1.331955e-12
1920.00 1.490401e-12
1930.00 1.666708e-12
1940.00 1.860053e-12
1950.00 2.084206e-12
1960.00 2.333069e-12
1970.00 2.606153e-12
1980.00 2.924348e-12
1990.00 3.276350e-12
2000.00 3.662440e-12
2010.00 4.113254e-12
2020.00 4.609028e-12
2030.00 5.153501e-12
2040.00 5.782883e-12
2050.00 6.470992e-12
2060.00 7.224827e-12
2070.00 8.082156e-12
2080.00 9.010389e-12
2090.00 1.001976e-11
2100.00 1.114246e-11
2110.00 1.234220e-11
2120.00 1.363072e-11
2130.00 1.502803e-11
2140.00 1.649985e-11
2150.00 1.805678e-11
2160.00 1.970621e-11
2170.00 2.142187e-11
2180.00 2.321219e-11
2190.00 2.507901e-11
2200.00 2.700595e-11
2210.00 2.900169e-11
2220.00 3.107107e-11
2230.00 3.320391e-11
2240.00 3.541446e-11
2250.00 3.771346e-11
2260.00 4.009117e-11
2270.00 4.257316e-11
2280.00 4.517260e-11
2290.00 4.787631e-11
2300.00 5.072580e-11
2310.00 5.373030e-11
2320.00 5.687199e-11
2330.00 6.021257e-11
2340.00 6.375040e-11
2350.00 6.746406e-11
2360.00 7.143955e-11
2370.00 7.565792e-11
2380.00 8.009622e-11
2390.00 8.486974e-11
2400.00 8.993546e-11
2410.00 9.527136e-11
2420.00 1.010283e-10
2430.00 1.071316e-10
2440.00 1.135630e-10
2450.00 1.205166e-10
2460.00 1.278768e-10
2470.00 1.356323e-10
2480.00 1.440304e-10
2490.00 1.615116e-10
2500.00 2.151654e-10
2510.00 2.384962e-10
2520.00 2.504076e-10
2530.00 2.504920e-10
2540.00 2.383411e-10
2550.00 2.331919e-10
2560.00 2.604091e-10
2570.00 2.702783e-10
2580.00 2.506843e-10
2590.00 2.420438e-10
2600.00 2.494608e-10
2610.00 2.704216e-10
2620.00 2.821075e-10
2630.00 2.688522e-10
2640.00 2.677449e-10
2650.00 3.223383e-10
2660.00 3.683357e-10
2670.00 3.689099e-10
2680.00 3.936368e-10
2690.00 4.387180e-10
2700.00 4.763354e-10
2710.00 5.143271e-10
2720.00 5.608581e-10
2730.00 6.042123e-10
2740.00 6.502411e-10
2750.00 6.868543e-10
2760.00 6.843131e-10
2770.00 6.681501e-10
2780.00 7.118654e-10
2790.00 7.926643e-10
2800.00 8.418247e-10
2810.00 9.078550e-10
2820.00 1.064722e-09
2830.00 1.215220e-09
2840.00 1.319609e-09
2850.00 1.386848e-09
2860.00 1.446440e-09
2870.00 1.545602e-09
2880.00 1.714227e-09
2890.00 1.860020e-09
2900.00 2.004479e-09
2910.00 2.179477e-09
2920.00 2.300255e-09
2930.00 2.358041e-09
2940.00 2.429882e-09
2950.00 2.492015e-09
2960.00 2.496625e-09
2970.00 2.581022e-09
2980.00 2.685655e-09
2990.00 2.657168e-09
3000.00 2.606396e-09
3010.00 2.577254e-09
3020.00 2.628713e-09
3030.00 2.747840e-09
3040.00 2.878534e-09
3050.00 2.871618e-09
3060.00 2.712080e-09
3070.00 2.786043e-09
3080.00 3.038196e-09
3090.00 3.029561e-09
3100.00 2.945798e-09
3110.00 2.906437e-09
3120.00 3.037620e-09
3130.00 3.314250e-09
3140.00 3.508706e-09
3150.00 3.442674e-09
3160.00 3.621550e-09
3170.00 3.941098e-09
3180.00 4.004432e-09
3190.00 3.857605e-09
3200.00 3.763107e-09
3210.00 3.632626e-09
3220.00 3.522193e-09
3230.00 3.612348e-09
3240.00 3.864668e-09
3250.00 4.047142e-09
3260.00 4.046987e-09
3270.00 4.184159e-09
3280.00 4.533536e-09
3290.00 4.659947e-09
3300.00 4.747684e-09
3310.00 5.027055e-09
3320.00 4.921580e-09
3330.00 5.271796e-09
3340.00 5.913321e-09
3350.00 5.714693e-09
3360.00 5.778847e-09
3370.00 5.841773e-09
3380.00 5.742470e-09
3390.00 5.818987e-09
3400.00 6.123385e-09
3410.00 6.284564e-09
3420.00 6.506782e-09
3430.00 6.857804e-09
3440.00 7.200746e-09
3450.00 7.635637e-09
3460.00 8.061844e-09
3470.00 8.374833e-09
3480.00 8.062538e-09
3490.00 7.844338e-09
3500.00 8.241471e-09
3510.00 8.355200e-09
3520.00 8.503597e-09
3530.00 8.352088e-09
3540.00 8.380512e-09
3550.00 8.469708e-09
3560.00 8.347397e-09
3570.00 8.590749e-09
3580.00 8.815658e-09
3590.00 9.013494e-09
3600.00 9.268418e-09
3610.00 9.499714e-09
3620.00 9.540136e-09
3630.00 9.658313e-09
3640.00 9.719071e-09
3650.00 9.717689e-09
3660.00 9.274019e-09
3670.00 9.081721e-09
3680.00 8.714810e-09
3690.00 8.271754e-09
3700.00 8.141809e-09
3710.00 8.211867e-09
3720.00 8.153848e-09
3730.00 8.072896e-09
3740.00 8.036989e-09
3750.00 8.010720e-09
3760.00 8.115095e-09
3770.00 8.447956e-09
3780.00 8.774029e-09
3790.00 8.811864e-09
3800.00 8.692560e-09
3810.00 8.574837e-09
3820.00 8.443756e-09
3830.00 8.198583e-09
3840.00 8.184791e-09
3850.00 8.140636e-09
3860.00 8.031847e-09
3870.00 8.018076e-09
3880.00 8.268934e-09
3890.00 8.300014e-09
3900.00 8.257243e-09
3910.00 8.305715e-09
3920.00 8.395407e-09
3930.00 8.479367e-09
3940.00 8.646214e-09
3950.00 8.846472e-09
3960.00 8.834123e-09
3970.00 8.939081e-09
3980.00 9.185551e-09
3990.00 9.105027e-09
4000.00 8.993163e-09
4010.00 9.033663e-09
4020.00 9.046527e-09
4030.00 9.162062e-09
4040.00 9.244782e-09
4050.00 9.252204e-09
4060.00 9.152135e-09
4070.00 9.180598e-09
4080.00 9.104206e-09
4090.00 9.002178e-09
4100.00 8.808268e-09
4110.00 8.651933e-09
4120.00 8.388478e-09
4130.00 8.155269e-09
4140.00 7.912406e-09
4150.00 7.716553e-09
4160.00 7.590495e-09
4170.00 7.381781e-09
4180.00 7.199485e-09
4190.00 7.007919e-09
4200.00 6.776500e-09
4210.00 6.474308e-09
4220.00 6.069058e-09
4230.00 5.682024e-09
4240.00 5.465861e-09
4250.00 5.199337e-09
4260.00 4.997278e-09
4270.00 4.864660e-09
4280.00 4.765665e-09
4290.00 4.701400e-09
4300.00 4.654091e-09
4310.00 4.714320e-09
4320.00 4.915071e-09
4330.00 5.247983e-09
4340.00 5.544766e-09
4350.00 5.706985e-09
4360.00 5.971432e-09
4370.00 6.280945e-09
4380.00 6.480784e-09
4390.00 6.578600e-09
4400.00 6.558222e-09
4410.00 6.502945e-09
4420.00 6.303353e-09
4430.00 6.020033e-09
4440.00 5.818122e-09
4450.00 5.784811e-09
4460.00 5.801295e-09
4470.00 5.992853e-09
4480.00 6.147288e-09
4490.00 6.183200e-09
4500.00 6.276478e-09
4510.00 6.286957e-09
4520.00 6.272101e-09
4530.00 6.255773e-09
4540.00 6.208844e-09
4550.00 6.169282e-09
4560.00 6.236055e-09
4570.00 6.283784e-09
4580.00 6.330534e-09
4590.00 6.397275e-09
4600.00 6.441360e-09
4610.00 6.415072e-09
4620.00 6.400911e-09
4630.00 6.328733e-09
4640.00 6.214027e-09
4650.00 6.055981e-09
4660.00 5.959774e-09
4670.00 5.692652e-09
4680.00 5.439583e-09
4690.00 5.309493e-09
4700.00 5.248697e-09
4710.00 5.155753e-09
4720.00 5.134576e-09
4730.00 5.074140e-09
4740.00 4.976516e-09
4750.00 4.891282e-09
4760.00 4.827084e-09
4770.00 4.804443e-09
4780.00 4.785032e-09
4790.00 4.802172e-09
4800.00 4.798827e-09
4810.00 4.875560e-09
4820.00 4.904110e-09
4830.00 4.953715e-09
4840.00 4.941105e-09
4850.00 4.881549e-09
4860.00 4.707649e-09
4870.00 4.458193e-09
4880.00 4.252481e-09
4890.00 4.075091e-09
4900.00 3.872198e-09
4910.00 3.704325e-09
4920.00 3.486822e-09
4930.00 3.287753e-09
4940.00 3.148121e-09
4950.00 3.063066e-09
4960.00 3.008542e-09
4970.00 2.953225e-09
4980.00 2.902949e-09
4990.00 2.876788e-09
5000.00 2.922406e-09
5010.00 2.960231e-09
5020.00 3.070398e-09
5030.00 3.223955e-09
5040.00 3.384279e-09
5050.00 3.490638e-09
5060.00 3.603294e-09
5070.00 3.718439e-09
5080.00 3.779286e-09
5090.00 3.872514e-09
5100.00 3.965648e-09
5110.00 4.066330e-09
5120.00 4.158393e-09
5130.00 4.197784e-09
5140.00 4.246736e-09
5150.00 4.271443e-09
5160.00 4.268467e-09
5170.00 4.266117e-09
5180.00 4.265939e-09
5190.00 4.263446e-09
5200.00 4.271293e-09
5210.00 4.241384e-09
5220.00 4.214422e-09
5230.00 4.178717e-09
5240.00 4.131784e-09
5250.00 4.090734e-09
5260.00 4.015565e-09
5270.00 3.897564e-09
5280.00 3.767434e-09
5290.00 3.651796e-09
5300.00 3.557584e-09
5310.00 3.466473e-09
5320.00 3.394290e-09
5330.00 3.341841e-09
5340.00 3.302405e-09
5350.00 3.302158e-09
5360.00 3.313863e-09
5370.00 3.350687e-09
5380.00 3.365628e-09
5390.00 3.338530e-09
5400.00 3.345170e-09
5410.00 3.355401e-09
5420.00 3.362817e-09
5430.00 3.351341e-09
5440.00 3.335881e-09
5450.00 3.349230e-09
5460.00 3.324275e-09
5470.00 3.308361e-09
5480.00 3.261885e-09
5490.00 3.241319e-09
5500.00 3.222600e-09
5510.00 3.205347e-09
5520.00 3.218186e-09
5530.00 3.215256e-09
5540.00 3.186238e-09
5550.00 3.174344e-09
5560.00 3.174969e-09
5570.00 3.096557e-09
5580.00 3.054849e-09
5590.00 3.021635e-09
5600.00 3.002601e-09
5610.00 3.051480e-09
5620.00 3.061933e-09
5630.00 3.067759e-09
5640.00 3.044424e-09
5650.00 3.034393e-09
5660.00 3.036185e-09
5670.00 3.026564e-09
5680.00 3.039068e-09
5690.00 3.040733e-09
5700.00 3.051034e-09
5710.00 3.033652e-09
5720.00 3.019720e-09
5730.00 3.029188e-09
5740.00 3.006873e-09
5750.00 2.995168e-09
5760.00 2.990588e-09
5770.00 2.990794e-09
5780.00 2.973097e-09
5790.00 2.973555e-09
5800.00 2.978569e-09
5810.00 2.973959e-09
5820.00 2.976718e-09
5830.00 2.982665e-09
5840.00 2.980981e-09
5850.00 2.970062e-09
5860.00 2.964739e-09
5870.00 2.958513e-09
5880.00 2.956531e-09
5890.00 2.958977e-09
5900.00 2.955630e-09
5910.00 2.962368e-09
5920.00 2.959870e-09
5930.00 2.811232e-09
5940.00 2.763740e-09
5950.00 2.887139e-09
5960.00 2.944027e-09
5970.00 2.935225e-09
5980.00 2.933058e-09
5990.00 2.901506e-09
6000.00 2.875300e-09
6010.00 2.852111e-09
6020.00 2.808835e-09
6030.00 2.785525e-09
6040.00 2.752654e-09
6050.00 2.702774e-09
6060.00 2.655736e-09
6070.00 2.621385e-09
6080.00 2.596948e-09
6090.00 2.554167e-09
6100.00 2.506703e-09
6110.00 2.454445e-09
6120.00 2.429970e-09
6130.00 2.380971e-09
6140.00 2.324341e-09
6150.00 2.293737e-09
6160.00 2.232321e-09
6170.00 2.171893e-09
6180.00 2.130346e-09
6190.00 2.098985e-09
6200.00 2.090678e-09
6210.00 2.090979e-09
6220.00 2.096316e-09
6230.00 2.095302e-09
6240.00 2.090931e-09
6250.00 2.080502e-09
6260.00 2.094385e-09
6270.00 2.102207e-09
6280.00 2.085177e-09
6290.00 2.072081e-09
6300.00 2.098531e-09
6310.00 2.122789e-09
6320.00 2.120602e-09
6330.00 2.124024e-09
6340.00 2.122732e-09
6350.00 2.134493e-09
6360.00 2.128128e-09
6370.00 2.114185e-09
6380.00 2.108069e-09
6390.00 2.100147e-09
6400.00 2.079704e-09
6410.00 2.058773e-09
6420.00 2.044219e-09
6430.00 2.026651e-09
6440.00 2.003320e-09
6450.00 1.988792e-09
6460.00 1.968446e-09
6470.00 1.937527e-09
6480.00 1.918240e-09
6490.00 1.889621e-09
6500.00 1.862792e-09
6510.00 1.838390e-09
6520.00 1.812879e-09
6530.00 1.805234e-09
6540.00 1.794514e-09
6550.00 1.794198e-09
6560.00 1.781003e-09
6570.00 1.766616e-09
6580.00 1.762947e-09
6590.00 1.761864e-09
6600.00 1.749342e-09
6610.00 1.731144e-09
6620.00 1.717129e-09
6630.00 1.710491e-09
6640.00 1.693974e-09
6650.00 1.682644e-09
6660.00 1.668298e-09
6670.00 1.666265e-09
6680.00 1.655845e-09
6690.00 1.647430e-09
6700.00 1.623711e-09
6710.00 1.608729e-09
6720.00 1.612892e-09
6730.00 1.601467e-09
6740.00 1.584951e-09
6750.00 1.571320e-09
6760.00 1.560071e-09
6770.00 1.539881e-09
6780.00 1.521062e-09
6790.00 1.508684e-09
6800.00 1.496429e-09
6810.00 1.478082e-09
6820.00 1.466871e-09
6830.00 1.453597e-09
6840.00 1.442234e-09
6850.00 1.419684e-09
6860.00 1.385357e-09
6870.00 1.271316e-09
6880.00 1.157499e-09
6890.00 1.170388e-09
6900.00 1.209049e-09
6910.00 1.221461e-09
6920.00 1.259446e-09
6930.00 1.281671e-09
6940.00 1.300272e-09
6950.00 1.303534e-09
6960.00 1.301594e-09
6970.00 1.311652e-09
6980.00 1.301802e-09
6990.00 1.289326e-09
7000.00 1.284613e-09
7010.00 1.282785e-09
7020.00 1.266254e-09
7030.00 1.254527e-09
7040.00 1.250008e-09
7050.00 1.240168e-09
7060.00 1.239946e-09
7070.00 1.224101e-09
7080.00 1.216502e-09
7090.00 1.208072e-09
7100.00 1.223764e-09
7110.00 1.201994e-09
7120.00 1.200176e-09
7130.00 1.185972e-09
7140.00 1.185262e-09
7150.00 1.186457e-09
7160.00 1.171472e-09
7170.00 1.143969e-09
7180.00 1.110276e-09
7190.00 1.090582e-09
7200.00 1.082048e-09
7210.00 1.097593e-09
7220.00 1.110341e-09
7230.00 1.106510e-09
7240.00 1.072183e-09
7250.00 1.055331e-09
7260.00 1.040557e-09
7270.00 1.034970e-09
7280.00 1.031100e-09
7290.00 1.043271e-09
7300.00 1.029822e-09
7310.00 1.027161e-09
7320.00 1.021749e-09
7330.00 1.037289e-09
7340.00 1.024549e-09
7350.00 1.020720e-09
7360.00 1.013842e-09
7370.00 1.004050e-09
7380.00 9.969864e-10
7390.00 9.783344e-10
7400.00 9.811316e-10
7410.00 9.757242e-10
7420.00 9.632739e-10
7430.00 9.476588e-10
7440.00 9.423428e-10
7450.00 9.310260e-10
7460.00 9.301950e-10
7470.00 9.178157e-10
7480.00 9.101099e-10
7490.00 9.072498e-10
7500.00 8.840736e-10
7510.00 8.783990e-10
7520.00 8.671645e-10
7530.00 8.543580e-10
7540.00 8.907868e-10
7550.00 8.979377e-10
7560.00 8.962091e-10
7570.00 8.893019e-10
7580.00 8.889109e-10
7590.00 8.841599e-10
7600.00 8.365278e-10
7610.00 8.117387e-10
7620.00 8.140407e-10
7630.00 8.258934e-10
7640.00 8.358373e-10
7650.00 8.520745e-10
7660.00 8.729566e-10
7670.00 8.949086e-10
7680.00 9.128210e-10
7690.00 9.266696e-10
7700.00 9.302602e-10
7710.00 9.354454e-10
7720.00 9.432748e-10
7730.00 9.408312e-10
7740.00 9.401545e-10
7750.00 9.460397e-10
7760.00 9.418186e-10
7770.00 9.446312e-10
7780.00 9.476831e-10
7790.00 9.421749e-10
7800.00 9.387704e-10
7810.00 9.321071e-10
7820.00 9.196968e-10
7830.00 9.056799e-10
7840.00 8.958813e-10
7850.00 8.823954e-10
7860.00 8.695735e-10
7870.00 8.598992e-10
7880.00 8.498521e-10
7890.00 8.363998e-10
7900.00 8.244892e-10
7910.00 8.155508e-10
7920.00 8.008184e-10
7930.00 7.919236e-10
7940.00 7.873400e-10
7950.00 7.832707e-10
7960.00 7.734742e-10
7970.00 7.564134e-10
7980.00 7.454353e-10
7990.00 7.393394e-10
8000.00 7.294116e-10
8010.00 7.224488e-10
8020.00 7.124730e-10
8030.00 7.045069e-10
8040.00 7.062655e-10
8050.00 7.090871e-10
8060.00 7.091585e-10
8070.00 7.053899e-10
8080.00 6.981628e-10
8090.00 6.887844e-10
8100.00 6.783243e-10
8110.00 6.720823e-10
8120.00 6.670740e-10
8130.00 6.627231e-10
8140.00 6.498393e-10
8150.00 6.348915e-10
8160.00 6.217247e-10
8170.00 6.031879e-10
8180.00 5.854134e-10
8190.00 5.765493e-10
8200.00 5.660626e-10
8210.00 5.590838e-10
8220.00 5.476565e-10
8230.00 5.114996e-10
8240.00 5.142609e-10
8250.00 5.388948e-10
8260.00 5.338580e-10
8270.00 5.357969e-10
8280.00 5.339934e-10
8290.00 5.273829e-10
8300.00 5.288021e-10
8310.00 5.243237e-10
8320.00 5.154625e-10
8330.00 5.141567e-10
8340.00 5.126147e-10
8350.00 5.142838e-10
8360.00 5.217746e-10
8370.00 5.277302e-10
8380.00 5.366158e-10
8390.00 5.451667e-10
8400.00 5.512202e-10
8410.00 5.566920e-10
8420.00 5.668674e-10
8430.00 5.718011e-10
8440.00 5.762824e-10
8450.00 5.827856e-10
8460.00 5.901073e-10
8470.00 5.940057e-10
8480.00 6.000116e-10
8490.00 6.030041e-10
8500.00 6.065676e-10
8510.00 6.089776e-10
8520.00 6.049670e-10
8530.00 6.070761e-10
8540.00 6.094332e-10
8550.00 6.106885e-10
8560.00 6.057231e-10
8570.00 6.009731e-10
8580.00 5.991537e-10
8590.00 5.951223e-10
8600.00 5.903405e-10
8610.00 5.883541e-10
8620.00 5.881288e-10
8630.00 5.857489e-10
8640.00 5.858728e-10
8650.00 5.895024e-10
8660.00 5.855306e-10
8670.00 5.781319e-10
8680.00 5.750288e-10
8690.00 5.738895e-10
8700.00 5.689327e-10
8710.00 5.683918e-10
8720.00 5.612546e-10
8730.00 5.578435e-10
8740.00 5.609934e-10
8750.00 5.554028e-10
8760.00 5.491890e-10
8770.00 5.451111e-10
8780.00 5.410794e-10
8790.00 5.367031e-10
8800.00 5.248923e-10
8810.00 5.141502e-10
8820.00 5.052702e-10
8830.00 4.897287e-10
8840.00 4.734485e-10
8850.00 4.614839e-10
8860.00 4.501876e-10
8870.00 4.390822e-10
8880.00 4.247297e-10
8890.00 4.132898e-10
8900.00 4.097716e-10
8910.00 4.060724e-10
8920.00 4.032737e-10
8930.00 3.989235e-10
8940.00 4.013123e-10
8950.00 3.993142e-10
8960.00 3.944240e-10
8970.00 3.873520e-10
8980.00 3.854028e-10
8990.00 3.808244e-10
9000.00 3.663951e-10
9010.00 3.696950e-10
9020.00 3.641838e-10
9030.00 3.629537e-10
9040.00 3.710356e-10
9050.00 3.722150e-10
9060.00 3.680315e-10
9070.00 3.651726e-10
9080.00 3.608764e-10
9090.00 3.604336e-10
9100.00 3.590280e-10
9110.00 3.605299e-10
9120.00 3.632059e-10
9130.00 3.597061e-10
9140.00 3.613806e-10
9150.00 3.632446e-10
9160.00 3.596653e-10
9170.00 3.598158e-10
9180.00 3.652675e-10
9190.00 3.713012e-10
9200.00 3.765170e-10
9210.00 3.743435e-10
9220.00 3.794925e-10
9230.00 3.773913e-10
9240.00 3.734622e-10
9250.00 3.684180e-10
9260.00 3.711175e-10
9270.00 3.722689e-10
9280.00 3.643971e-10
9290.00 3.559996e-10
9300.00 3.463623e-10
9310.00 3.243780e-10
9320.00 2.941810e-10
9330.00 2.717066e-10
9340.00 2.553280e-10
9350.00 2.423641e-10
9360.00 2.436270e-10
9370.00 2.437402e-10
9380.00 2.478478e-10
9390.00 2.580606e-10
9400.00 2.854697e-10
9410.00 2.903120e-10
9420.00 2.786629e-10
9430.00 2.610697e-10
9440.00 2.447844e-10
9450.00 2.441290e-10
9460.00 2.440864e-10
9470.00 2.401473e-10
9480.00 2.455365e-10
9490.00 2.489180e-10
9500.00 2.366269e-10
9510.00 2.306114e-10
9520.00 2.388060e-10
9530.00 2.258571e-10
9540.00 2.319056e-10
9550.00 2.344804e-10
9560.00 2.303706e-10
9570.00 2.239284e-10
9580.00 2.243881e-10
9590.00 2.265656e-10
9600.00 2.181726e-10
9610.00 2.220951e-10
9620.00 2.231504e-10
9630.00 2.233295e-10
9640.00 2.205005e-10
9650.00 2.190007e-10
9660.00 2.214734e-10
9670.00 2.185349e-10
9680.00 2.094861e-10
9690.00 2.126069e-10
9700.00 2.096432e-10
9710.00 2.109015e-10
9720.00 2.098833e-10
9730.00 2.081044e-10
9740.00 2.087191e-10
9750.00 2.020959e-10
9760.00 1.984325e-10
9770.00 1.989860e-10
9780.00 2.014398e-10
9790.00 1.960518e-10
9800.00 1.956099e-10
9810.00 1.930585e-10
9820.00 1.891666e-10
9830.00 1.925386e-10
9840.00 1.947466e-10
9850.00 1.944814e-10
9860.00 1.915360e-10
9870.00 1.883547e-10
9880.00 1.891889e-10
9890.00 1.894776e-10
9900.00 1.844660e-10
9910.00 1.796156e-10
9920.00 1.778236e-10
9930.00 1.787614e-10
9940.00 1.698734e-10
9950.00 1.759304e-10
9960.00 1.799808e-10
9970.00 1.741483e-10
9980.00 1.733326e-10
9990.00 1.726439e-10
10000.00 1.784427e-10
10010.00 1.751719e-10
10020.00 1.766689e-10
10030.00 1.844150e-10
10040.00 1.832156e-10
10050.00 1.819961e-10
10060.00 1.807834e-10
10070.00 1.795814e-10
10080.00 1.783861e-10
10090.00 1.771976e-10
10100.00 1.760194e-10
10110.00 1.748477e-10
10120.00 1.736828e-10
10130.00 1.725279e-10
10140.00 1.713796e-10
10150.00 1.702378e-10
10160.00 1.691058e-10
10170.00 1.679802e-10
10180.00 1.668610e-10
10190.00 1.657514e-10
10200.00 1.646482e-10
10210.00 1.635512e-10
10220.00 1.624636e-10
10230.00 1.613821e-10
10240.00 1.603069e-10
10250.00 1.592409e-10
10260.00 1.581808e-10
10270.00 1.571269e-10
10280.00 1.560819e-10
10290.00 1.550429e-10
10300.00 1.540099e-10
10310.00 1.529856e-10
10320.00 1.519670e-10
10330.00 1.509545e-10
10340.00 1.499505e-10
10350.00 1.489522e-10
10360.00 1.479596e-10
10370.00 1.469754e-10
10380.00 1.459967e-10
10390.00 1.450238e-10
10400.00 1.440591e-10
10410.00 1.430999e-10
10420.00 1.421461e-10
10430.00 1.412006e-10
10440.00 1.402603e-10
10450.00 1.393254e-10
10460.00 1.383985e-10
10470.00 1.374767e-10
10480.00 1.365603e-10
10490.00 1.356517e-10
10500.00 1.347482e-10
10510.00 1.338499e-10
10520.00 1.329593e-10
10530.00 1.320736e-10
10540.00 1.311931e-10
10550.00 1.303200e-10
10560.00 1.294517e-10
10570.00 1.285886e-10
10580.00 1.277327e-10
10590.00 1.268816e-10
10600.00 1.260356e-10
10610.00 1.251967e-10
10620.00 1.243623e-10
10630.00 1.235330e-10
10640.00 1.227106e-10
10650.00 1.218927e-10
10660.00 1.210797e-10
10670.00 1.202735e-10
10680.00 1.194717e-10
10690.00 1.186748e-10
10700.00 1.178845e-10
10710.00 1.170986e-10
10720.00 1.163174e-10
10730.00 1.155427e-10
10740.00 1.147722e-10
10750.00 1.140064e-10
10760.00 1.132470e-10
10770.00 1.124917e-10
10780.00 1.117411e-10
10790.00 1.109966e-10
10800.00 1.102561e-10
10810.00 1.095203e-10
10820.00 1.087905e-10
10830.00 1.080646e-10
10840.00 1.073433e-10
10850.00 1.066278e-10
10860.00 1.059164e-10
10870.00 1.052093e-10
10880.00 1.045079e-10
10890.00 1.038104e-10
10900.00 1.031173e-10
10910.00 1.024297e-10
10920.00 1.017460e-10
10930.00 1.010664e-10
10940.00 1.003924e-10
10950.00 9.972217e-11
10960.00 9.905605e-11
10970.00 9.839529e-11
10980.00 9.773822e-11
10990.00 9.708523e-11
11000.00 9.643748e-11
11010.00 9.579335e-11
11020.00 9.515323e-11
11030.00 9.451823e-11
11040.00 9.388679e-11
11050.00 9.325927e-11
11060.00 9.263678e-11
11070.00 9.201776e-11
11080.00 9.140261e-11
11090.00 9.079237e-11
11100.00 9.018554e-11
11110.00 8.958250e-11
11120.00 8.898427e-11
11130.00 8.838939e-11
11140.00 8.779823e-11
11150.00 8.721178e-11
11160.00 8.662860e-11
11170.00 8.604909e-11
11180.00 8.547417e-11
11190.00 8.490247e-11
11200.00 8.433437e-11
11210.00 8.377077e-11
11220.00 8.321032e-11
11230.00 8.265342e-11
11240.00 8.210090e-11
11250.00 8.155148e-11
11260.00 8.100554e-11
11270.00 8.046390e-11
11280.00 7.992529e-11
11290.00 7.939010e-11
11300.00 7.885913e-11
11310.00 7.833112e-11
11320.00 7.780647e-11
11330.00 7.728593e-11
11340.00 7.676831e-11
11350.00 7.625401e-11
11360.00 7.574371e-11
11370.00 7.523628e-11
11380.00 7.473210e-11
11390.00 7.423184e-11
11400.00 7.373438e-11
11410.00 7.324015e-11
11420.00 7.274973e-11
11430.00 7.226207e-11
11440.00 7.177756e-11
11450.00 7.129679e-11
11460.00 7.081873e-11
11470.00 7.034376e-11
11480.00 6.987245e-11
11490.00 6.940380e-11
11500.00 6.893821e-11
11510.00 6.847618e-11
11520.00 6.801675e-11
11530.00 6.756030e-11
11540.00 6.710737e-11
11550.00 6.665697e-11
11560.00 6.620952e-11
11570.00 6.576550e-11
11580.00 6.532396e-11
11590.00 6.488534e-11
11600.00 6.445005e-11
11610.00 6.401721e-11
11620.00 6.358722e-11
11630.00 6.316050e-11
11640.00 6.273618e-11
11650.00 6.231466e-11
11660.00 6.189634e-11
11670.00 6.148038e-11
11680.00 6.106717e-11
11690.00 6.065708e-11
11700.00 6.024930e-11
11710.00 5.984422e-11
11720.00 5.944223e-11
11730.00 5.904247e-11
11740.00 5.864539e-11
11750.00 5.825129e-11
11760.00 5.785941e-11
11770.00 5.747015e-11
11780.00 5.708382e-11
11790.00 5.669964e-11
11800.00 5.631806e-11
11810.00 5.593933e-11
11820.00 5.556274e-11
11830.00 5.518867e-11
11840.00 5.481741e-11
11850.00 5.444822e-11
11860.00 5.408153e-11
11870.00 5.371759e-11
11880.00 5.335567e-11
11890.00 5.299621e-11
11900.00 5.263943e-11
11910.00 5.228466e-11
11920.00 5.193228e-11
11930.00 5.158253e-11
11940.00 5.123473e-11
11950.00 5.088932e-11
11960.00 5.054646e-11
11970.00 5.020552e-11
11980.00 4.986691e-11
11990.00 4.953081e-11
12000.00 4.919660e-11
12010.00 4.886467e-11
12020.00 4.853519e-11
12030.00 4.820757e-11
12040.00 4.788218e-11
12050.00 4.755921e-11
12060.00 4.723804e-11
12070.00 4.691909e-11
12080.00 4.660247e-11
12090.00 4.628765e-11
12100.00 4.597497e-11
12110.00 4.566461e-11
12120.00 4.535599e-11
12130.00 4.504950e-11
12140.00 4.474525e-11
12150.00 4.444272e-11
12160.00 4.414227e-11
12170.00 4.384403e-11
12180.00 4.354747e-11
12190.00 4.325296e-11
12200.00 4.296061e-11
12210.00 4.266989e-11
12220.00 4.238120e-11
12230.00 4.209461e-11
12240.00 4.180964e-11
12250.00 4.152665e-11
12260.00 4.124572e-11
12270.00 4.096637e-11
12280.00 4.068898e-11
12290.00 4.041359e-11
12300.00 4.013977e-11
12310.00 3.986785e-11
12320.00 3.959790e-11
12330.00 3.932949e-11
12340.00 3.906295e-11
12350.00 3.879833e-11
12360.00 3.853521e-11
12370.00 3.827395e-11
12380.00 3.801457e-11
12390.00 3.775665e-11
12400.00 3.750054e-11
12410.00 3.724629e-11
12420.00 3.699346e-11
12430.00 3.674243e-11
12440.00 3.649319e-11
12450.00 3.624537e-11
12460.00 3.599931e-11
12470.00 3.575500e-11
12480.00 3.551208e-11
12490.00 3.527088e-11
12500.00 3.503141e-11
12510.00 3.479330e-11
12520.00 3.455688e-11
12530.00 3.432214e-11
12540.00 3.408873e-11
12550.00 3.385700e-11
12560.00 3.362690e-11
12570.00 3.339811e-11
12580.00 3.317096e-11
12590.00 3.294542e-11
12600.00 3.272115e-11
12610.00 3.249851e-11
12620.00 3.227743e-11
12630.00 3.205762e-11
12640.00 3.183938e-11
12650.00 3.162269e-11
12660.00 3.140722e-11
12670.00 3.119331e-11
12680.00 3.098090e-11
12690.00 3.076970e-11
12700.00 3.056004e-11
12710.00 3.035185e-11
12720.00 3.014483e-11
12730.00 2.993932e-11
12740.00 2.973525e-11
12750.00 2.953233e-11
12760.00 2.933092e-11
12770.00 2.913089e-11
12780.00 2.893199e-11
12790.00 2.873457e-11
12800.00 2.853850e-11
12810.00 2.834357e-11
12820.00 2.815005e-11
12830.00 2.795789e-11
12840.00 2.776681e-11
12850.00 2.757715e-11
12860.00 2.738879e-11
12870.00 2.720151e-11
12880.00 2.701560e-11
12890.00 2.683098e-11
12900.00 2.664742e-11
12910.00 2.646521e-11
12920.00 2.628427e-11
12930.00 2.610435e-11
12940.00 2.592576e-11
12950.00 2.574841e-11
12960.00 2.557206e-11
12970.00 2.539702e-11
12980.00 2.522319e-11
12990.00 2.505035e-11
13000.00 2.487880e-11
13010.00 2.470842e-11
13020.00 2.453902e-11
13030.00 2.437088e-11
13040.00 2.420389e-11
13050.00 2.403785e-11
13060.00 2.387305e-11
13070.00 2.370939e-11
13080.00 2.354665e-11
13090.00 2.338514e-11
13100.00 2.322474e-11
13110.00 2.306524e-11
13120.00 2.290694e-11
13130.00 2.274973e-11
13140.00 2.259341e-11
13150.00 2.243827e-11
13160.00 2.228418e-11
13170.00 2.213098e-11
13180.00 2.197892e-11
13190.00 2.182791e-11
13200.00 2.167775e-11
13210.00 2.152873e-11
13220.00 2.138073e-11
13230.00 2.123357e-11
13240.00 2.108753e-11
13250.00 2.094247e-11
13260.00 2.079823e-11
13270.00 2.065510e-11
13280.00 2.051294e-11
13290.00 2.037159e-11
13300.00 2.023132e-11
13310.00 2.009199e-11
13320.00 1.995345e-11
13330.00 1.981599e-11
13340.00 1.967943e-11
13350.00 1.954367e-11
13360.00 1.940895e-11
13370.00 1.927512e-11
13380.00 1.914206e-11
13390.00 1.901003e-11
13400.00 1.887888e-11
13410.00 1.874848e-11
13420.00 1.861909e-11
13430.00 1.849056e-11
13440.00 1.836277e-11
13450.00 1.823596e-11
13460.00 1.811000e-11
13470.00 1.798477e-11
13480.00 1.786051e-11
13490.00 1.773706e-11
13500.00 1.761434e-11
13510.00 1.749255e-11
13520.00 1.737158e-11
13530.00 1.725131e-11
13540.00 1.713197e-11
13550.00 1.701342e-11
13560.00 1.689554e-11
13570.00 1.677860e-11
13580.00 1.666242e-11
13590.00 1.654690e-11
13600.00 1.643231e-11
13610.00 1.631845e-11
13620.00 1.620526e-11
13630.00 1.609295e-11
13640.00 1.598138e-11
13650.00 1.587046e-11
13660.00 1.576041e-11
13670.00 1.565107e-11
13680.00 1.554237e-11
13690.00 1.543453e-11
13700.00 1.532739e-11
13710.00 1.522086e-11
13720.00 1.511519e-11
13730.00 1.501020e-11
13740.00 1.490582e-11
13750.00 1.480226e-11
13760.00 1.469938e-11
13770.00 1.459709e-11
13780.00 1.449562e-11
13790.00 1.439480e-11
13800.00 1.429457e-11
13810.00 1.419514e-11
13820.00 1.409634e-11
13830.00 1.399812e-11
13840.00 1.390069e-11
13850.00 1.380389e-11
13860.00 1.370765e-11
13870.00 1.361217e-11
13880.00 1.351731e-11
13890.00 1.342300e-11
13900.00 1.332945e-11
13910.00 1.323651e-11
13920.00 1.314409e-11
13930.00 1.305244e-11
13940.00 1.296136e-11
13950.00 1.287081e-11
13960.00 1.278099e-11
13970.00 1.269175e-11
13980.00 1.260302e-11
13990.00 1.251502e-11
14000.00 1.242756e-11
14010.00 1.234063e-11
14020.00 1.225441e-11
14030.00 1.216872e-11
14040.00 1.208354e-11
14050.00 1.199905e-11
14060.00 1.191510e-11
14070.00 1.183163e-11
14080.00 1.174885e-11
14090.00 1.166659e-11
14100.00 1.158480e-11
14110.00 1.150369e-11
14120.00 1.142309e-11
14130.00 1.134297e-11
14140.00 1.126349e-11
14150.00 1.118453e-11
14160.00 1.110601e-11
14170.00 1.102815e-11
14180.00 1.095078e-11
14190.00 1.087385e-11
14200.00 1.079757e-11
14210.00 1.072176e-11
14220.00 1.064639e-11
14230.00 1.057164e-11
14240.00 1.049737e-11
14250.00 1.042352e-11
14260.00 1.035029e-11
14270.00 1.027752e-11
14280.00 1.020518e-11
14290.00 1.013343e-11
14300.00 1.006213e-11
14310.00 9.991252e-12
14320.00 9.920961e-12
14330.00 9.851108e-12
14340.00 9.781663e-12
14350.00 9.712798e-12
14360.00 9.644362e-12
14370.00 9.576327e-12
14380.00 9.508858e-12
14390.00 9.441809e-12
14400.00 9.375154e-12
14410.00 9.309058e-12
14420.00 9.243369e-12
14430.00 9.178067e-12
14440.00 9.113314e-12
14450.00 9.048959e-12
14460.00 8.984984e-12
14470.00 8.921547e-12
14480.00 8.858501e-12
14490.00 8.795825e-12
14500.00 8.733680e-12
14510.00 8.671918e-12
14520.00 8.610517e-12
14530.00 8.549634e-12
14540.00 8.489127e-12
14550.00 8.428976e-12
14560.00 8.369333e-12
14570.00 8.310057e-12
14580.00 8.251130e-12
14590.00 8.192704e-12
14600.00 8.134636e-12
14610.00 8.076909e-12
14620.00 8.019673e-12
14630.00 7.962787e-12
14640.00 7.906238e-12
14650.00 7.850171e-12
14660.00 7.794445e-12
14670.00 7.739048e-12
14680.00 7.684125e-12
14690.00 7.629536e-12
14700.00 7.575269e-12
14710.00 7.521469e-12
14720.00 7.467994e-12
14730.00 7.414836e-12
14740.00 7.362135e-12
14750.00 7.309751e-12
14760.00 7.257678e-12
14770.00 7.206056e-12
14780.00 7.154744e-12
14790.00 7.103735e-12
14800.00 7.053168e-12
14810.00 7.002906e-12
14820.00 6.952940e-12
14830.00 6.903409e-12
14840.00 6.854174e-12
14850.00 6.805232e-12
14860.00 6.756715e-12
14870.00 6.708489e-12
14880.00 6.660548e-12
14890.00 6.613025e-12
14900.00 6.565787e-12
14910.00 6.518830e-12
14920.00 6.472282e-12
14930.00 6.426012e-12
14940.00 6.380017e-12
14950.00 6.334424e-12
14960.00 6.289103e-12
14970.00 6.244052e-12
14980.00 6.199396e-12
14990.00 6.155005e-12
15000.00 6.110879e-12
15010.00 6.067140e-12
15020.00 6.023660e-12
15030.00 5.980441e-12
15040.00 5.937602e-12
15050.00 5.895016e-12
15060.00 5.852685e-12
15070.00 5.810727e-12
15080.00 5.769017e-12
15090.00 5.727558e-12
15100.00 5.686462e-12
15110.00 5.645610e-12
15120.00 5.605006e-12
15130.00 5.564755e-12
15140.00 5.524744e-12
15150.00 5.484976e-12
15160.00 5.445554e-12
15170.00 5.406369e-12
15180.00 5.367421e-12
15190.00 5.328812e-12
15200.00 5.290435e-12
15210.00 5.252290e-12
15220.00 5.214477e-12
15230.00 5.176890e-12
15240.00 5.139534e-12
15250.00 5.102501e-12
15260.00 5.065692e-12
15270.00 5.029106e-12
15280.00 4.992840e-12
15290.00 4.956789e-12
15300.00 4.920961e-12
15310.00 4.885443e-12
15320.00 4.850138e-12
15330.00 4.815052e-12
15340.00 4.780269e-12
15350.00 4.745693e-12
15360.00 4.711333e-12
15370.00 4.677269e-12
15380.00 4.643410e-12
15390.00 4.609761e-12
15400.00 4.576403e-12
15410.00 4.543246e-12
15420.00 4.510295e-12
15430.00 4.477627e-12
15440.00 4.445157e-12
15450.00 4.412890e-12
15460.00 4.380900e-12
15470.00 4.349103e-12
15480.00 4.317506e-12
15490.00 4.286180e-12
15500.00 4.255042e-12
15510.00 4.224104e-12
15520.00 4.193427e-12
15530.00 4.162937e-12
15540.00 4.132639e-12
15550.00 4.102601e-12
15560.00 4.072745e-12
15570.00 4.043077e-12
15580.00 4.013664e-12
15590.00 3.984428e-12
15600.00 3.955378e-12
15610.00 3.926577e-12
15620.00 3.897949e-12
15630.00 3.869505e-12
15640.00 3.841303e-12
15650.00 3.813271e-12
15660.00 3.785420e-12
15670.00 3.757806e-12
15680.00 3.730359e-12
15690.00 3.703089e-12
15700.00 3.676051e-12
15710.00 3.649176e-12
15720.00 3.622475e-12
15730.00 3.596001e-12
15740.00 3.569687e-12
15750.00 3.543545e-12
15760.00 3.517623e-12
15770.00 3.491859e-12
15780.00 3.466263e-12
15790.00 3.440882e-12
15800.00 3.415657e-12
15810.00 3.390597e-12
15820.00 3.365748e-12
15830.00 3.341049e-12
15840.00 3.316514e-12
15850.00 3.292185e-12
15860.00 3.268003e-12
15870.00 3.243981e-12
15880.00 3.220162e-12
15890.00 3.196488e-12
15900.00 3.172970e-12
15910.00 3.149650e-12
15920.00 3.126471e-12
15930.00 3.103447e-12
15940.00 3.080617e-12
15950.00 3.057924e-12
15960.00 3.035383e-12
15970.00 3.013032e-12
15980.00 2.990816e-12
15990.00 2.968749e-12
16000.00 2.946867e-12
16010.00 2.925118e-12
16020.00 2.903515e-12
16030.00 2.882093e-12
16040.00 2.860801e-12
16050.00 2.839652e-12
16060.00 2.818682e-12
16070.00 2.797837e-12
16080.00 2.777136e-12
16090.00 2.756606e-12
16100.00 2.736200e-12
16110.00 2.715934e-12
16120.00 2.695838e-12
16130.00 2.675863e-12
16140.00 2.656024e-12
16150.00 2.636350e-12
16160.00 2.616797e-12
16170.00 2.597377e-12
16180.00 2.578119e-12
16190.00 2.558979e-12
16200.00 2.539969e-12
16210.00 2.521117e-12
16220.00 2.502382e-12
16230.00 2.483774e-12
16240.00 2.465321e-12
16250.00 2.446981e-12
16260.00 2.428768e-12
16270.00 2.410705e-12
16280.00 2.392753e-12
16290.00 2.374924e-12
16300.00 2.357244e-12
16310.00 2.339673e-12
16320.00 2.322223e-12
16330.00 2.304917e-12
16340.00 2.287717e-12
16350.00 2.270638e-12
16360.00 2.253699e-12
16370.00 2.236864e-12
16380.00 2.220148e-12
16390.00 2.203568e-12
16400.00 2.187091e-12
16410.00 2.170729e-12
16420.00 2.154502e-12
16430.00 2.138375e-12
16440.00 2.122361e-12
16450.00 2.106479e-12
16460.00 2.090695e-12
16470.00 2.075021e-12
16480.00 2.059477e-12
16490.00 2.044029e-12
16500.00 2.028690e-12
16510.00 2.013476e-12
16520.00 1.998358e-12
16530.00 1.983346e-12
16540.00 1.968456e-12
16550.00 1.953659e-12
16560.00 1.938968e-12
16570.00 1.924395e-12
16580.00 1.909914e-12
16590.00 1.895536e-12
16600.00 1.881276e-12
16610.00 1.867104e-12
16620.00 1.853033e-12
16630.00 1.839077e-12
16640.00 1.825208e-12
16650.00 1.811438e-12
16660.00 1.797780e-12
16670.00 1.784209e-12
16680.00 1.770733e-12
16690.00 1.757368e-12
16700.00 1.744085e-12
16710.00 1.730899e-12
16720.00 1.717821e-12
16730.00 1.704823e-12
16740.00 1.691920e-12
16750.00 1.679121e-12
16760.00 1.666402e-12
16770.00 1.653776e-12
16780.00 1.641251e-12
16790.00 1.628805e-12
16800.00 1.616451e-12
16810.00 1.604196e-12
16820.00 1.592018e-12
16830.00 1.579928e-12
16840.00 1.567936e-12
16850.00 1.556019e-12
16860.00 1.544190e-12
16870.00 1.532457e-12
16880.00 1.520796e-12
16890.00 1.509222e-12
16900.00 1.497740e-12
16910.00 1.486332e-12
16920.00 1.475007e-12
16930.00 1.463774e-12
16940.00 1.452610e-12
16950.00 1.441530e-12
16960.00 1.430539e-12
16970.00 1.419616e-12
16980.00 1.408775e-12
16990.00 1.398021e-12
17000.00 1.387334e-12
17010.00 1.376728e-12
17020.00 1.366206e-12
17030.00 1.355751e-12
17040.00 1.345374e-12
17050.00 1.335079e-12
17060.00 1.324851e-12
17070.00 1.314698e-12
17080.00 1.304627e-12
17090.00 1.294619e-12
17100.00 1.284687e-12
17110.00 1.274835e-12
17120.00 1.265043e-12
17130.00 1.255327e-12
17140.00 1.245687e-12
17150.00 1.236109e-12
17160.00 1.226603e-12
17170.00 1.217174e-12
17180.00 1.207803e-12
17190.00 1.198505e-12
17200.00 1.189279e-12
17210.00 1.180113e-12
17220.00 1.171015e-12
17230.00 1.161991e-12
17240.00 1.153024e-12
17250.00 1.144125e-12
17260.00 1.135298e-12
17270.00 1.126526e-12
17280.00 1.117821e-12
17290.00 1.109186e-12
17300.00 1.100605e-12
17310.00 1.092090e-12
17320.00 1.083643e-12
17330.00 1.075250e-12
17340.00 1.066921e-12
17350.00 1.058658e-12
17360.00 1.050449e-12
17370.00 1.042302e-12
17380.00 1.034220e-12
17390.00 1.026189e-12
17400.00 1.018221e-12
17410.00 1.010315e-12
17420.00 1.002461e-12
17430.00 9.946670e-13
17440.00 9.869347e-13
17450.00 9.792520e-13
17460.00 9.716293e-13
17470.00 9.640663e-13
17480.00 9.565521e-13
17490.00 9.490967e-13
17500.00 9.417000e-13
17510.00 9.343508e-13
17520.00 9.270592e-13
17530.00 9.198247e-13
17540.00 9.126369e-13
17550.00 9.055058e-13
17560.00 8.984303e-13
17570.00 8.914005e-13
17580.00 8.844263e-13
17590.00 8.775067e-13
17600.00 8.706317e-13
17610.00 8.638111e-13
17620.00 8.570439e-13
17630.00 8.503204e-13
17640.00 8.436504e-13
17650.00 8.370324e-13
17660.00 8.304572e-13
17670.00 8.239345e-13
17680.00 8.174626e-13
17690.00 8.110326e-13
17700.00 8.046541e-13
17710.00 7.983252e-13
17720.00 7.920374e-13
17730.00 7.857999e-13
17740.00 7.796111e-13
17750.00 7.734623e-13
17760.00 7.673632e-13
17770.00 7.613114e-13
17780.00 7.552988e-13
17790.00 7.493349e-13
17800.00 7.434172e-13
17810.00 7.375380e-13
17820.00 7.317065e-13
17830.00 7.259202e-13
17840.00 7.201715e-13
17850.00 7.144696e-13
17860.00 7.088117e-13
17870.00 7.031908e-13
17880.00 6.976157e-13
17890.00 6.920837e-13
17900.00 6.865878e-13
17910.00 6.811369e-13
17920.00 6.757280e-13
17930.00 6.703544e-13
17940.00 6.650252e-13
17950.00 6.597369e-13
17960.00 6.544831e-13
17970.00 6.492727e-13
17980.00 6.441023e-13
17990.00 6.389659e-13
18000.00 6.338718e-13
18010.00 6.288169e-13
18020.00 6.237953e-13
18030.00 6.188153e-13
18040.00 6.138734e-13
18050.00 6.089640e-13
18060.00 6.040955e-13
18070.00 5.992642e-13
18080.00 5.944648e-13
18090.00 5.897054e-13
18100.00 5.849824e-13
18110.00 5.802906e-13
18120.00 5.756380e-13
18130.00 5.710210e-13
18140.00 5.664345e-13
18150.00 5.618864e-13
18160.00 5.573730e-13
18170.00 5.528895e-13
18180.00 5.484437e-13
18190.00 5.440320e-13
18200.00 5.396493e-13
18210.00 5.353035e-13
18220.00 5.309910e-13
18230.00 5.267071e-13
18240.00 5.224593e-13
18250.00 5.182440e-13
18260.00 5.140567e-13
18270.00 5.099048e-13
18280.00 5.057846e-13
18290.00 5.016917e-13
18300.00 4.976337e-13
18310.00 4.936066e-13
18320.00 4.896061e-13
18330.00 4.856399e-13
18340.00 4.817038e-13
18350.00 4.777939e-13
18360.00 4.739175e-13
18370.00 4.700706e-13
18380.00 4.662492e-13
18390.00 4.624607e-13
18400.00 4.587009e-13
18410.00 4.549663e-13
18420.00 4.512637e-13
18430.00 4.475893e-13
18440.00 4.439395e-13
18450.00 4.403211e-13
18460.00 4.367301e-13
18470.00 4.331633e-13
18480.00 4.296272e-13
18490.00 4.261179e-13
18500.00 4.226322e-13
18510.00 4.191769e-13
18520.00 4.157475e-13
18530.00 4.123412e-13
18540.00 4.089645e-13
18550.00 4.056134e-13
18560.00 4.022848e-13
18570.00 3.989853e-13
18580.00 3.957106e-13
18590.00 3.924581e-13
18600.00 3.892340e-13
18610.00 3.860342e-13
18620.00 3.828561e-13
18630.00 3.797058e-13
18640.00 3.765793e-13
18650.00 3.734738e-13
18660.00 3.703959e-13
18670.00 3.673409e-13
18680.00 3.643067e-13
18690.00 3.612992e-13
18700.00 3.583145e-13
18710.00 3.553500e-13
18720.00 3.524116e-13
18730.00 3.494954e-13
18740.00 3.465989e-13
18750.00 3.437283e-13
18760.00 3.408792e-13
18770.00 3.380494e-13
18780.00 3.352449e-13
18790.00 3.324613e-13
18800.00 3.296968e-13
18810.00 3.269569e-13
18820.00 3.242376e-13
18830.00 3.215367e-13
18840.00 3.188603e-13
18850.00 3.162037e-13
18860.00 3.135654e-13
18870.00 3.109507e-13
18880.00 3.083556e-13
18890.00 3.057783e-13
18900.00 3.032241e-13
18910.00 3.006890e-13
18920.00 2.981714e-13
18930.00 2.956765e-13
18940.00 2.932003e-13
18950.00 2.907410e-13
18960.00 2.883041e-13
18970.00 2.858854e-13
18980.00 2.834832e-13
18990.00 2.811029e-13
19000.00 2.787404e-13
19010.00 2.763941e-13
19020.00 2.740692e-13
19030.00 2.717617e-13
19040.00 2.694699e-13
19050.00 2.671994e-13
19060.00 2.649456e-13
19070.00 2.627074e-13
19080.00 2.604897e-13
19090.00 2.582885e-13
19100.00 2.561026e-13
19110.00 2.539367e-13
19120.00 2.517871e-13
19130.00 2.496522e-13
19140.00 2.475371e-13
19150.00 2.454376e-13
19160.00 2.433528e-13
19170.00 2.412873e-13
19180.00 2.392370e-13
19190.00 2.372011e-13
19200.00 2.351840e-13
19210.00 2.331820e-13
19220.00 2.311938e-13
19230.00 2.292242e-13
19240.00 2.272691e-13
19250.00 2.253277e-13
19260.00 2.234045e-13
19270.00 2.214954e-13
19280.00 2.195997e-13
19290.00 2.177218e-13
19300.00 2.158577e-13
19310.00 2.140067e-13
19320.00 2.121731e-13
19330.00 2.103530e-13
19340.00 2.085458e-13
19350.00 2.067555e-13
19360.00 2.049786e-13
19370.00 2.032139e-13
19380.00 2.014661e-13
19390.00 1.997312e-13
19400.00 1.980083e-13
19410.00 1.963019e-13
19420.00 1.946081e-13
19430.00 1.929262e-13
19440.00 1.912603e-13
19450.00 1.896067e-13
19460.00 1.879647e-13
19470.00 1.863384e-13
19480.00 1.847242e-13
19490.00 1.831213e-13
19500.00 1.815338e-13
19510.00 1.799579e-13
19520.00 1.783932e-13
19530.00 1.768436e-13
19540.00 1.753052e-13
19550.00 1.737778e-13
19560.00 1.722652e-13
19570.00 1.707636e-13
19580.00 1.692727e-13
19590.00 1.677963e-13
19600.00 1.663307e-13
19610.00 1.648755e-13
19620.00 1.634345e-13
19630.00 1.620039e-13
19640.00 1.605836e-13
19650.00 1.591770e-13
19660.00 1.577809e-13
19670.00 1.563946e-13
19680.00 1.550219e-13
19690.00 1.536593e-13
19700.00 1.523064e-13
19710.00 1.509668e-13
19720.00 1.496370e-13
19730.00 1.483166e-13
19740.00 1.470093e-13
19750.00 1.457115e-13
19760.00 1.444231e-13
19770.00 1.431473e-13
19780.00 1.418808e-13
19790.00 1.406235e-13
19800.00 1.393786e-13
19810.00 1.381427e-13
19820.00 1.369158e-13
19830.00 1.357011e-13
19840.00 1.344952e-13
19850.00 1.332981e-13
19860.00 1.321128e-13
19870.00 1.309362e-13
19880.00 1.297681e-13
19890.00 1.286116e-13
19900.00 1.274635e-13
19910.00 1.263239e-13
19920.00 1.251955e-13
19930.00 1.240755e-13
19940.00 1.229636e-13
19950.00 1.218628e-13
19960.00 1.207700e-13
19970.00 1.196852e-13
19980.00 1.186114e-13
19990.00 1.175452e-13
20000.00 1.164870e-13
20010.00 1.154393e-13
20020.00 1.143994e-13
20030.00 1.133670e-13
20040.00 1.123451e-13
20050.00 1.113306e-13
20060.00 1.103236e-13
20070.00 1.093267e-13
20080.00 1.083371e-13
20090.00 1.073548e-13
20100.00 1.063825e-13
20110.00 1.054173e-13
20120.00 1.044591e-13
20130.00 1.035107e-13
20140.00 1.025692e-13
20150.00 1.016348e-13
20160.00 1.007097e-13
20170.00 9.979152e-14
20180.00 9.888016e-14
20190.00 9.797799e-14
20200.00 9.708246e-14
20210.00 9.619367e-14
20220.00 9.531383e-14
20230.00 9.444049e-14
20240.00 9.357375e-14
20250.00 9.271573e-14
20260.00 9.186406e-14
20270.00 9.101884e-14
20280.00 9.018215e-14
20290.00 8.935166e-14
20300.00 8.852748e-14
20310.00 8.771160e-14
20320.00 8.690180e-14
20330.00 8.609819e-14
20340.00 8.530264e-14
20350.00 8.451305e-14
20360.00 8.372951e-14
20370.00 8.295385e-14
20380.00 8.218399e-14
20390.00 8.142007e-14
20400.00 8.066382e-14
20410.00 7.991325e-14
20420.00 7.916849e-14
20430.00 7.843121e-14
20440.00 7.769946e-14
20450.00 7.697340e-14
20460.00 7.625466e-14
20470.00 7.554131e-14
20480.00 7.483353e-14
20490.00 7.413287e-14
20500.00 7.343751e-14
20510.00 7.274761e-14
20520.00 7.206462e-14
20530.00 7.138680e-14
20540.00 7.071431e-14
20550.00 7.004859e-14
20560.00 6.938791e-14
20570.00 6.873246e-14
20580.00 6.808359e-14
20590.00 6.743964e-14
20600.00 6.680083e-14
20610.00 6.616842e-14
20620.00 6.554084e-14
20630.00 6.491826e-14
20640.00 6.430193e-14
20650.00 6.369032e-14
20660.00 6.308360e-14
20670.00 6.248298e-14
20680.00 6.188695e-14
20690.00 6.129572e-14
20700.00 6.071044e-14
20710.00 6.012963e-14
20720.00 5.955353e-14
20730.00 5.898322e-14
20740.00 5.841729e-14
20750.00 5.785595e-14
20760.00 5.730026e-14
20770.00 5.674885e-14
20780.00 5.620193e-14
20790.00 5.566052e-14
20800.00 5.512328e-14
20810.00 5.459044e-14
20820.00 5.406296e-14
20830.00 5.353957e-14
20840.00 5.302049e-14
20850.00 5.250662e-14
20860.00 5.199673e-14
20870.00 5.149106e-14
20880.00 5.099048e-14
20890.00 5.049380e-14
20900.00 5.000123e-14
20910.00 4.951362e-14
20920.00 4.902980e-14
20930.00 4.855003e-14
20940.00 4.807509e-14
20950.00 4.760386e-14
20960.00 4.713657e-14
20970.00 4.667399e-14
20980.00 4.621503e-14
20990.00 4.575993e-14
21000.00 4.530941e-14
21010.00 4.486243e-14
21020.00 4.441924e-14
21030.00 4.398050e-14
21040.00 4.354522e-14
21050.00 4.311363e-14
21060.00 4.268639e-14
21070.00 4.226254e-14
21080.00 4.184227e-14
21090.00 4.142627e-14
21100.00 4.101355e-14
21110.00 4.060436e-14
21120.00 4.019930e-14
21130.00 3.979745e-14
21140.00 3.939906e-14
21150.00 3.900469e-14
21160.00 3.861346e-14
21170.00 3.822561e-14
21180.00 3.784167e-14
21190.00 3.746080e-14
21200.00 3.708323e-14
21210.00 3.670948e-14
21220.00 3.633871e-14
21230.00 3.597118e-14
21240.00 3.560737e-14
21250.00 3.524646e-14
21260.00 3.488872e-14
21270.00 3.453459e-14
21280.00 3.418333e-14
21290.00 3.383514e-14
21300.00 3.349048e-14
21310.00 3.314860e-14
21320.00 3.280974e-14
21330.00 3.247432e-14
21340.00 3.214160e-14
21350.00 3.181184e-14
21360.00 3.148542e-14
21370.00 3.116165e-14
21380.00 3.084075e-14
21390.00 3.052312e-14
21400.00 3.020808e-14
21410.00 2.989584e-14
21420.00 2.958678e-14
21430.00 2.928025e-14
21440.00 2.897647e-14
21450.00 2.867577e-14
21460.00 2.837754e-14
21470.00 2.808200e-14
21480.00 2.778946e-14
21490.00 2.749933e-14
21500.00 2.721183e-14
21510.00 2.692726e-14
21520.00 2.664503e-14
21530.00 2.636537e-14
21540.00 2.608856e-14
21550.00 2.581403e-14
21560.00 2.554202e-14
21570.00 2.527277e-14
21580.00 2.500576e-14
21590.00 2.474122e-14
21600.00 2.447936e-14
21610.00 2.421970e-14
21620.00 2.396242e-14
21630.00 2.370777e-14
21640.00 2.345524e-14
21650.00 2.320507e-14
21660.00 2.295745e-14
21670.00 2.271189e-14
21680.00 2.246864e-14
21690.00 2.222786e-14
21700.00 2.198911e-14
21710.00 2.175260e-14
21720.00 2.151850e-14
21730.00 2.128640e-14
21740.00 2.105647e-14
21750.00 2.082888e-14
21760.00 2.060324e-14
21770.00 2.037972e-14
21780.00 2.015850e-14
21790.00 1.993915e-14
21800.00 1.972189e-14
21810.00 1.950686e-14
21820.00 1.929367e-14
21830.00 1.908251e-14
21840.00 1.887352e-14
21850.00 1.866632e-14
21860.00 1.846111e-14
21870.00 1.825801e-14
21880.00 1.805665e-14
21890.00 1.785723e-14
21900.00 1.765986e-14
21910.00 1.746421e-14
21920.00 1.727045e-14
21930.00 1.707868e-14
21940.00 1.688857e-14
21950.00 1.670032e-14
21960.00 1.651400e-14
21970.00 1.632931e-14
21980.00 1.614642e-14
21990.00 1.596542e-14
22000.00 1.578601e-14
22010.00 1.560835e-14
22020.00 1.543254e-14
22030.00 1.525827e-14
22040.00 1.508572e-14
22050.00 1.491494e-14
22060.00 1.474569e-14
22070.00 1.457810e-14
22080.00 1.441226e-14
22090.00 1.424788e-14
22100.00 1.408515e-14
22110.00 1.392410e-14
22120.00 1.376448e-14
22130.00 1.360646e-14
22140.00 1.345009e-14
22150.00 1.329511e-14
22160.00 1.314169e-14
22170.00 1.298988e-14
22180.00 1.283942e-14
22190.00 1.269049e-14
22200.00 1.254310e-14
22210.00 1.239704e-14
22220.00 1.225247e-14
22230.00 1.210941e-14
22240.00 1.196765e-14
22250.00 1.182733e-14
22260.00 1.168849e-14
22270.00 1.155091e-14
22280.00 1.141473e-14
22290.00 1.127999e-14
22300.00 1.114647e-14
22310.00 1.101434e-14
22320.00 1.088359e-14
22330.00 1.075404e-14
22340.00 1.062584e-14
22350.00 1.049899e-14
22360.00 1.037331e-14
22370.00 1.024893e-14
22380.00 1.012588e-14
22390.00 1.000395e-14
22400.00 9.883307e-15
22410.00 9.763944e-15
22420.00 9.645685e-15
22430.00 9.528674e-15
22440.00 9.412908e-15
22450.00 9.298218e-15
22460.00 9.184743e-15
22470.00 9.072480e-15
22480.00 8.961264e-15
22490.00 8.851235e-15
22500.00 8.742385e-15
22510.00 8.634554e-15
22520.00 8.527879e-15
22530.00 8.422348e-15
22540.00 8.317811e-15
22550.00 8.214402e-15
22560.00 8.112105e-15
22570.00 8.010775e-15
22580.00 7.910546e-15
22590.00 7.811396e-15
22600.00 7.713190e-15
22610.00 7.616056e-15
22620.00 7.519970e-15
22630.00 7.424804e-15
22640.00 7.330683e-15
22650.00 7.237580e-15
22660.00 7.145374e-15
22670.00 7.054185e-15
22680.00 6.963986e-15
22690.00 6.874660e-15
22700.00 6.786325e-15
22710.00 6.698953e-15
22720.00 6.612430e-15
22730.00 6.526874e-15
22740.00 6.442251e-15
22750.00 6.358457e-15
22760.00 6.275603e-15
22770.00 6.193658e-15
22780.00 6.112518e-15
22790.00 6.032295e-15
22800.00 5.952954e-15
22810.00 5.874398e-15
22820.00 5.796735e-15
22830.00 5.719928e-15
22840.00 5.643886e-15
22850.00 5.568711e-15
22860.00 5.494370e-15
22870.00 5.420774e-15
22880.00 5.348023e-15
22890.00 5.276081e-15
22900.00 5.204862e-15
22910.00 5.134468e-15
22920.00 5.064860e-15
22930.00 4.995956e-15
22940.00 4.927855e-15
22950.00 4.860516e-15
22960.00 4.793862e-15
22970.00 4.727991e-15
22980.00 4.662859e-15
22990.00 4.598395e-15
23000.00 4.534692e-15
23010.00 4.471708e-15
23020.00 4.409372e-15
23030.00 4.347777e-15
23040.00 4.286881e-15
23050.00 4.226617e-15
23060.00 4.167072e-15
23070.00 4.108207e-15
23080.00 4.049954e-15
23090.00 3.992404e-15
23100.00 3.935512e-15
23110.00 3.879218e-15
23120.00 3.823606e-15
23130.00 3.768632e-15
23140.00 3.714241e-15
23150.00 3.660513e-15
23160.00 3.607406e-15
23170.00 3.554864e-15
23180.00 3.502969e-15
23190.00 3.451674e-15
23200.00 3.400930e-15
23210.00 3.350815e-15
23220.00 3.301282e-15
23230.00 3.252287e-15
23240.00 3.203900e-15
23250.00 3.156082e-15
23260.00 3.108784e-15
23270.00 3.062079e-15
23280.00 3.015926e-15
23290.00 2.970279e-15
23300.00 2.925207e-15
23310.00 2.880672e-15
23320.00 2.836627e-15
23330.00 2.793144e-15
23340.00 2.750179e-15
23350.00 2.707693e-15
23360.00 2.665751e-15
23370.00 2.624314e-15
23380.00 2.583339e-15
23390.00 2.542896e-15
23400.00 2.502942e-15
23410.00 2.463439e-15
23420.00 2.424450e-15
23430.00 2.385936e-15
23440.00 2.347860e-15
23450.00 2.310284e-15
23460.00 2.273168e-15
23470.00 2.236480e-15
23480.00 2.200277e-15
23490.00 2.164519e-15
23500.00 2.129177e-15
23510.00 2.094306e-15
23520.00 2.059868e-15
23530.00 2.025834e-15
23540.00 1.992255e-15
23550.00 1.959098e-15
23560.00 1.926331e-15
23570.00 1.894011e-15
23580.00 1.862095e-15
23590.00 1.830561e-15
23600.00 1.799459e-15
23610.00 1.768751e-15
23620.00 1.738411e-15
23630.00 1.708493e-15
23640.00 1.678955e-15
23650.00 1.649777e-15
23660.00 1.621006e-15
23670.00 1.592606e-15
23680.00 1.564554e-15
23690.00 1.536896e-15
23700.00 1.509598e-15
23710.00 1.482639e-15
23720.00 1.456062e-15
23730.00 1.429833e-15
23740.00 1.403934e-15
23750.00 1.378407e-15
23760.00 1.353216e-15
23770.00 1.328344e-15
23780.00 1.303833e-15
23790.00 1.279649e-15
23800.00 1.255774e-15
23810.00 1.232250e-15
23820.00 1.209042e-15
23830.00 1.186135e-15
23840.00 1.163566e-15
23850.00 1.141304e-15
23860.00 1.119335e-15
23870.00 1.097694e-15
23880.00 1.076350e-15
23890.00 1.055290e-15
23900.00 1.034547e-15
23910.00 1.014093e-15
23920.00 9.939137e-16
23930.00 9.740427e-16
23940.00 9.544506e-16
23950.00 9.351253e-16
23960.00 9.160989e-16
23970.00 8.973424e-16
23980.00 8.788445e-16
23990.00 8.606367e-16
24000.00 8.426897e-16
24010.00 8.249939e-16
24020.00 8.075784e-16
24030.00 7.904161e-16
24040.00 7.734973e-16
24050.00 7.568498e-16
24060.00 7.404474e-16
24070.00 7.242809e-16
24080.00 7.083773e-16
24090.00 6.927110e-16
24100.00 6.772731e-16
24110.00 6.620899e-16
24120.00 6.471362e-16
24130.00 6.324040e-16
24140.00 6.179181e-16
24150.00 6.036545e-16
24160.00 5.896055e-16
24170.00 5.757948e-16
24180.00 5.621991e-16
24190.00 5.488115e-16
24200.00 5.356542e-16
24210.00 5.227050e-16
24220.00 5.099574e-16
24230.00 4.974326e-16
24240.00 4.851090e-16
24250.00 4.729806e-16
24260.00 4.610677e-16
24270.00 4.493494e-16
24280.00 4.378202e-16
24290.00 4.264991e-16
24300.00 4.153663e-16
24310.00 4.044165e-16
24320.00 3.936681e-16
24330.00 3.831015e-16
24340.00 3.727123e-16
24350.00 3.625173e-16
24360.00 3.524983e-16
24370.00 3.426510e-16
24380.00 3.329912e-16
24390.00 3.235016e-16
24400.00 3.141781e-16
24410.00 3.050356e-16
24420.00 2.960577e-16
24430.00 2.872405e-16
24440.00 2.785979e-16
24450.00 2.701143e-16
24460.00 2.617864e-16
24470.00 2.536268e-16
24480.00 2.456210e-16
24490.00 2.377656e-16
24500.00 2.300727e-16
24510.00 2.225281e-16
24520.00 2.151292e-16
24530.00 2.078869e-16
24540.00 2.007879e-16
24550.00 1.938298e-16
24560.00 1.870224e-16
24570.00 1.803537e-16
24580.00 1.738209e-16
24590.00 1.674336e-16
24600.00 1.611799e-16
24610.00 1.550579e-16
24620.00 1.490757e-16
24630.00 1.432228e-16
24640.00 1.374969e-16
24650.00 1.319057e-16
24660.00 1.264393e-16
24670.00 1.210956e-16
24680.00 1.158816e-16
24690.00 1.107879e-16
24700.00 1.058128e-16
24710.00 1.009624e-16
24720.00 9.622808e-17
24730.00 9.160830e-17
24740.00 8.710841e-17
24750.00 8.272056e-17
24760.00 7.844323e-17
24770.00 7.428110e-17
24780.00 7.022709e-17
24790.00 6.627972e-17
24800.00 6.244302e-17
24810.00 5.871056e-17
24820.00 5.508104e-17
24830.00 5.155775e-17
24840.00 4.813495e-17
24850.00 4.481145e-17
24860.00 4.158991e-17
24870.00 3.846523e-17
24880.00 3.543630e-17
24890.00 3.250516e-17
24900.00 2.966737e-17
24910.00 2.692189e-17
24920.00 2.427016e-17
24930.00 2.170837e-17
24940.00 1.923553e-17
24950.00 1.685252e-17
24960.00 1.455614e-17
24970.00 1.234546e-17
24980.00 1.022079e-17
24990.00 8.179549e-18
25000.00 6.220845e-18
