1000.00 2.121112e-25
1010.00 7.017142e-24
1020.00 3.285994e-23
1030.00 9.463830e-23
1040.00 2.151963e-22
1050.00 4.250008e-22
1060.00 7.641846e-22
1070.00 1.285039e-21
1080.00 2.055032e-21
1090.00 3.160425e-21
1100.00 4.710656e-21
1110.00 6.843556e-21
1120.00 9.731527e-21
1130.00 1.358895e-20
1140.00 1.868091e-20
1150.00 2.533336e-20
1160.00 3.394528e-20
1170.00 4.500277e-20
1180.00 5.909530e-20
1190.00 7.693509e-20
1200.00 9.937913e-20
1210.00 1.274550e-19
1220.00 1.623900e-19
1230.00 2.056456e-19
1240.00 2.589566e-19
1250.00 3.244189e-19
1260.00 4.045628e-19
1270.00 5.025188e-19
1280.00 6.219193e-19
1290.00 7.670485e-19
1300.00 9.429757e-19
1310.00 1.155685e-18
1320.00 1.412232e-18
1330.00 1.720917e-18
1340.00 2.091483e-18
1350.00 2.535358e-18
1360.00 3.065913e-18
1370.00 3.698768e-18
1380.00 4.452143e-18
1390.00 5.347269e-18
1400.00 6.408817e-18
1410.00 7.665447e-18
1420.00 9.150391e-18
1430.00 1.090212e-17
1440.00 1.296511e-17
1450.00 1.539075e-17
1460.00 1.823828e-17
1470.00 2.157595e-17
1480.00 2.548228e-17
1490.00 3.004751e-17
1500.00 3.537519e-17
1510.00 4.158412e-17
1520.00 4.881034e-17
1530.00 5.720947e-17
1540.00 6.695958e-17
1550.00 7.826387e-17
1560.00 9.135429e-17
1570.00 1.064954e-16
1580.00 1.239886e-16
1590.00 1.441769e-16
1600.00 1.674508e-16
1610.00 1.942542e-16
1620.00 2.250914e-16
1630.00 2.605352e-16
1640.00 3.012364e-16
1650.00 3.479328e-16
1660.00 4.014614e-16
1670.00 4.627724e-16
1680.00 5.329418e-16
1690.00 6.131904e-16
1700.00 7.048994e-16
1710.00 8.096311e-16
1720.00 9.291607e-16
1730.00 1.065506e-15
1740.00 1.220955e-15
1750.00 1.398105e-15
1760.00 1.599911e-15
1770.00 1.829723e-15
1780.00 2.091356e-15
1790.00 2.389150e-15
1800.00 2.728047e-15
1810.00 3.113678e-15
1820.00 3.552471e-15
1830.00 4.051764e-15
1840.00 4.619938e-15
1850.00 5.266595e-15
1860.00 6.002718e-15
1870.00 6.840898e-15
1880.00 7.795590e-15
1890.00 8.883372e-15
1900.00 1.012328e-14
1910.00 1.153721e-14
1920.00 1.315029e-14
1930.00 1.499136e-14
1940.00 1.709351e-14
1950.00 1.949465e-14
1960.00 2.223808e-14
1970.00 2.537308e-14
1980.00 2.895560e-14
1990.00 3.304873e-14
2000.00 3.772314e-14
2010.00 4.305748e-14
2020.00 4.913818e-14
2030.00 5.605924e-14
2040.00 6.392141e-14
2050.00 7.283082e-14
2060.00 8.289703e-14
2070.00 9.423049e-14
2080.00 1.069396e-13
2090.00 1.211268e-13
2100.00 1.368860e-13
2110.00 1.542985e-13
2120.00 1.734308e-13
2130.00 1.943338e-13
2140.00 2.170424e-13
2150.00 2.415778e-13
2160.00 2.679513e-13
2170.00 2.961694e-13
2180.00 3.262395e-13
2190.00 3.581775e-13
2200.00 3.920141e-13
2210.00 4.277996e-13
2220.00 4.656104e-13
2230.00 5.055520e-13
2240.00 5.477604e-13
2250.00 5.924052e-13
2260.00 6.396885e-13
2270.00 6.898439e-13
2280.00 7.431379e-13
2290.00 7.998681e-13
2300.00 8.603611e-13
2310.00 9.249748e-13
2320.00 9.940960e-13
2330.00 1.068142e-12
2340.00 1.147561e-12
2350.00 1.232832e-12
2360.00 1.324468e-12
2370.00 1.423017e-12
2380.00 1.529066e-12
2390.00 1.643241e-12
2400.00 1.766208e-12
2410.00 1.898685e-12
2420.00 2.041435e-12
2430.00 2.195271e-12
2440.00 2.361070e-12
2450.00 2.539764e-12
2460.00 2.732352e-12
2470.00 2.939902e-12
2480.00 3.163560e-12
2490.00 3.404544e-12
2500.00 6.098727e-12
2510.00 5.777743e-12
2520.00 5.986067e-12
2530.00 5.092914e-12
2540.00 4.113284e-12
2550.00 4.940253e-12
2560.00 6.508537e-12
2570.00 6.181423e-12
2580.00 5.958570e-12
2590.00 6.285352e-12
2600.00 6.491211e-12
2610.00 7.773083e-12
2620.00 7.276014e-12
2630.00 6.903395e-12
2640.00 7.631138e-12
2650.00 1.059652e-11
2660.00 1.056457e-11
2670.00 1.076526e-11
2680.00 1.265974e-11
2690.00 1.290784e-11
2700.00 1.416184e-11
2710.00 1.571133e-11
2720.00 1.676899e-11
2730.00 1.795149e-11
2740.00 1.971501e-11
2750.00 2.041116e-11
2760.00 2.047779e-11
2770.00 2.154476e-11
2780.00 2.635757e-11
2790.00 3.011092e-11
2800.00 3.213906e-11
2810.00 3.844317e-11
2820.00 4.534672e-11
2830.00 5.043270e-11
2840.00 5.479324e-11
2850.00 5.538170e-11
2860.00 5.943819e-11
2870.00 6.168029e-11
2880.00 6.867621e-11
2890.00 6.941887e-11
2900.00 7.600985e-11
2910.00 8.217485e-11
2920.00 8.441792e-11
2930.00 8.706608e-11
2940.00 8.902009e-11
2950.00 8.965013e-11
2960.00 8.892505e-11
2970.00 9.888274e-11
2980.00 1.070440e-10
2990.00 1.086783e-10
3000.00 1.122144e-10
3010.00 1.152375e-10
3020.00 1.263479e-10
3030.00 1.397378e-10
3040.00 1.473017e-10
3050.00 1.425623e-10
3060.00 1.415201e-10
3070.00 1.528302e-10
3080.00 1.594249e-10
3090.00 1.441423e-10
3100.00 1.409778e-10
3110.00 1.387052e-10
3120.00 1.396405e-10
3130.00 1.594413e-10
3140.00 1.593041e-10
3150.00 1.369012e-10
3160.00 1.619636e-10
3170.00 1.771504e-10
3180.00 1.650811e-10
3190.00 1.592074e-10
3200.00 1.651702e-10
3210.00 1.562530e-10
3220.00 1.666311e-10
3230.00 1.632743e-10
3240.00 1.686001e-10
3250.00 1.951228e-10
3260.00 2.046310e-10
3270.00 2.140889e-10
3280.00 2.275991e-10
3290.00 2.333793e-10
3300.00 2.462159e-10
3310.00 2.833884e-10
3320.00 2.916693e-10
3330.00 3.148602e-10
3340.00 3.416552e-10
3350.00 3.362490e-10
3360.00 3.445291e-10
3370.00 3.312206e-10
3380.00 3.297783e-10
3390.00 3.414228e-10
3400.00 3.477675e-10
3410.00 3.717525e-10
3420.00 3.948551e-10
3430.00 4.264924e-10
3440.00 4.420248e-10
3450.00 4.456175e-10
3460.00 4.552701e-10
3470.00 4.498496e-10
3480.00 4.220990e-10
3490.00 4.278031e-10
3500.00 4.408825e-10
3510.00 4.390708e-10
3520.00 4.365923e-10
3530.00 4.352313e-10
3540.00 4.410299e-10
3550.00 4.607176e-10
3560.00 4.576587e-10
3570.00 4.851030e-10
3580.00 4.994173e-10
3590.00 5.080830e-10
3600.00 5.063350e-10
3610.00 5.139126e-10
3620.00 5.045300e-10
3630.00 4.960500e-10
3640.00 4.851913e-10
3650.00 4.919461e-10
3660.00 4.799770e-10
3670.00 4.809320e-10
3680.00 4.680309e-10
3690.00 4.685845e-10
3700.00 4.760040e-10
3710.00 4.949503e-10
3720.00 4.901696e-10
3730.00 4.939994e-10
3740.00 4.984383e-10
3750.00 5.131025e-10
3760.00 5.252292e-10
3770.00 5.328551e-10
3780.00 5.431411e-10
3790.00 5.448773e-10
3800.00 5.361538e-10
3810.00 5.428548e-10
3820.00 5.524348e-10
3830.00 5.483084e-10
3840.00 5.484725e-10
3850.00 5.450104e-10
3860.00 5.342519e-10
3870.00 5.251423e-10
3880.00 5.377017e-10
3890.00 5.487893e-10
3900.00 5.535222e-10
3910.00 5.710056e-10
3920.00 5.850257e-10
3930.00 5.906042e-10
3940.00 6.020783e-10
3950.00 5.967193e-10
3960.00 5.865897e-10
3970.00 5.937414e-10
3980.00 6.060584e-10
3990.00 6.035362e-10
4000.00 6.042808e-10
4010.00 6.193953e-10
4020.00 6.336641e-10
4030.00 6.509061e-10
4040.00 6.572509e-10
4050.00 6.399689e-10
4060.00 6.289857e-10
4070.00 6.309825e-10
4080.00 6.178791e-10
4090.00 6.015117e-10
4100.00 5.880022e-10
4110.00 5.713416e-10
4120.00 5.500396e-10
4130.00 5.411442e-10
4140.00 5.290515e-10
4150.00 5.141743e-10
4160.00 4.973271e-10
4170.00 4.838227e-10
4180.00 4.698950e-10
4190.00 4.516872e-10
4200.00 4.322939e-10
4210.00 4.102785e-10
4220.00 3.856374e-10
4230.00 3.678024e-10
4240.00 3.544349e-10
4250.00 3.386899e-10
4260.00 3.335616e-10
4270.00 3.385935e-10
4280.00 3.412476e-10
4290.00 3.577023e-10
4300.00 3.713137e-10
4310.00 3.905544e-10
4320.00 4.052518e-10
4330.00 4.262517e-10
4340.00 4.446710e-10
4350.00 4.574775e-10
4360.00 4.726947e-10
4370.00 4.688279e-10
4380.00 4.574153e-10
4390.00 4.402473e-10
4400.00 4.164856e-10
4410.00 4.050581e-10
4420.00 4.022800e-10
4430.00 4.021795e-10
4440.00 4.022686e-10
4450.00 4.132020e-10
4460.00 4.182757e-10
4470.00 4.211132e-10
4480.00 4.174544e-10
4490.00 4.064928e-10
4500.00 4.043461e-10
4510.00 4.016734e-10
4520.00 4.036925e-10
4530.00 4.035688e-10
4540.00 4.030856e-10
4550.00 4.083398e-10
4560.00 4.164367e-10
4570.00 4.145120e-10
4580.00 4.195748e-10
4590.00 4.320170e-10
4600.00 4.373123e-10
4610.00 4.251057e-10
4620.00 4.199274e-10
4630.00 4.129744e-10
4640.00 4.020175e-10
4650.00 3.883519e-10
4660.00 3.780045e-10
4670.00 3.582751e-10
4680.00 3.491134e-10
4690.00 3.452032e-10
4700.00 3.423213e-10
4710.00 3.331822e-10
4720.00 3.286703e-10
4730.00 3.240950e-10
4740.00 3.177425e-10
4750.00 3.130516e-10
4760.00 3.076115e-10
4770.00 3.065241e-10
4780.00 3.055824e-10
4790.00 3.068111e-10
4800.00 3.058695e-10
4810.00 3.072651e-10
4820.00 3.058955e-10
4830.00 3.034547e-10
4840.00 2.956610e-10
4850.00 2.861025e-10
4860.00 2.728873e-10
4870.00 2.515355e-10
4880.00 2.349177e-10
4890.00 2.229261e-10
4900.00 2.107985e-10
4910.00 1.979092e-10
4920.00 1.895645e-10
4930.00 1.790575e-10
4940.00 1.708667e-10
4950.00 1.644396e-10
4960.00 1.611580e-10
4970.00 1.597479e-10
4980.00 1.615322e-10
4990.00 1.643597e-10
5000.00 1.683502e-10
5010.00 1.735559e-10
5020.00 1.817480e-10
5030.00 1.887828e-10
5040.00 1.945496e-10
5050.00 1.953625e-10
5060.00 1.989323e-10
5070.00 2.024683e-10
5080.00 2.045733e-10
5090.00 2.091845e-10
5100.00 2.102552e-10
5110.00 2.128884e-10
5120.00 2.147156e-10
5130.00 2.151758e-10
5140.00 2.168663e-10
5150.00 2.161044e-10
5160.00 2.140588e-10
5170.00 2.149070e-10
5180.00 2.123712e-10
5190.00 2.108211e-10
5200.00 2.106129e-10
5210.00 2.082261e-10
5220.00 2.034864e-10
5230.00 2.001557e-10
5240.00 1.955696e-10
5250.00 1.918645e-10
5260.00 1.857928e-10
5270.00 1.804697e-10
5280.00 1.745997e-10
5290.00 1.721568e-10
5300.00 1.704956e-10
5310.00 1.663591e-10
5320.00 1.646485e-10
5330.00 1.635848e-10
5340.00 1.620249e-10
5350.00 1.608414e-10
5360.00 1.597966e-10
5370.00 1.587392e-10
5380.00 1.587625e-10
5390.00 1.591143e-10
5400.00 1.595221e-10
5410.00 1.585968e-10
5420.00 1.588866e-10
5430.00 1.590004e-10
5440.00 1.591339e-10
5450.00 1.594734e-10
5460.00 1.592385e-10
5470.00 1.597931e-10
5480.00 1.603473e-10
5490.00 1.603368e-10
5500.00 1.598267e-10
5510.00 1.573967e-10
5520.00 1.553294e-10
5530.00 1.526462e-10
5540.00 1.492423e-10
5550.00 1.481591e-10
5560.00 1.445539e-10
5570.00 1.433932e-10
5580.00 1.456517e-10
5590.00 1.446833e-10
5600.00 1.435188e-10
5610.00 1.442873e-10
5620.00 1.443491e-10
5630.00 1.447177e-10
5640.00 1.451502e-10
5650.00 1.445288e-10
5660.00 1.444140e-10
5670.00 1.441054e-10
5680.00 1.450815e-10
5690.00 1.449664e-10
5700.00 1.438279e-10
5710.00 1.422859e-10
5720.00 1.416956e-10
5730.00 1.432327e-10
5740.00 1.431128e-10
5750.00 1.422461e-10
5760.00 1.430999e-10
5770.00 1.441491e-10
5780.00 1.438467e-10
5790.00 1.442693e-10
5800.00 1.448315e-10
5810.00 1.439161e-10
5820.00 1.434558e-10
5830.00 1.441169e-10
5840.00 1.440249e-10
5850.00 1.444414e-10
5860.00 1.446899e-10
5870.00 1.441660e-10
5880.00 1.440698e-10
5890.00 1.442990e-10
5900.00 1.442496e-10
5910.00 1.441758e-10
5920.00 1.392398e-10
5930.00 1.315065e-10
5940.00 1.360105e-10
5950.00 1.406481e-10
5960.00 1.415028e-10
5970.00 1.406474e-10
5980.00 1.409804e-10
5990.00 1.391105e-10
6000.00 1.385709e-10
6010.00 1.371006e-10
6020.00 1.365073e-10
6030.00 1.343410e-10
6040.00 1.324621e-10
6050.00 1.304454e-10
6060.00 1.287745e-10
6070.00 1.275768e-10
6080.00 1.271724e-10
6090.00 1.249706e-10
6100.00 1.230788e-10
6110.00 1.219332e-10
6120.00 1.224075e-10
6130.00 1.210721e-10
6140.00 1.186191e-10
6150.00 1.183613e-10
6160.00 1.171745e-10
6170.00 1.162468e-10
6180.00 1.157780e-10
6190.00 1.144485e-10
6200.00 1.140572e-10
6210.00 1.124548e-10
6220.00 1.110664e-10
6230.00 1.110131e-10
6240.00 1.105381e-10
6250.00 1.097854e-10
6260.00 1.107726e-10
6270.00 1.095378e-10
6280.00 1.072802e-10
6290.00 1.073491e-10
6300.00 1.079017e-10
6310.00 1.094420e-10
6320.00 1.082822e-10
6330.00 1.094729e-10
6340.00 1.086309e-10
6350.00 1.086030e-10
6360.00 1.086931e-10
6370.00 1.090366e-10
6380.00 1.075727e-10
6390.00 1.077624e-10
6400.00 1.073621e-10
6410.00 1.058708e-10
6420.00 1.055701e-10
6430.00 1.044201e-10
6440.00 1.037447e-10
6450.00 1.030653e-10
6460.00 1.039348e-10
6470.00 1.016462e-10
6480.00 9.902257e-11
6490.00 9.778313e-11
6500.00 9.770310e-11
6510.00 9.655402e-11
6520.00 9.541686e-11
6530.00 9.558528e-11
6540.00 9.461336e-11
6550.00 9.518348e-11
6560.00 9.579341e-11
6570.00 9.480985e-11
6580.00 9.533706e-11
6590.00 9.620735e-11
6600.00 9.519207e-11
6610.00 9.350694e-11
6620.00 9.343575e-11
6630.00 9.329494e-11
6640.00 9.282727e-11
6650.00 9.199383e-11
6660.00 9.167912e-11
6670.00 9.218655e-11
6680.00 9.201380e-11
6690.00 9.168053e-11
6700.00 9.055529e-11
6710.00 8.883942e-11
6720.00 8.957567e-11
6730.00 8.885595e-11
6740.00 8.824669e-11
6750.00 8.621391e-11
6760.00 8.554319e-11
6770.00 8.523648e-11
6780.00 8.413549e-11
6790.00 8.381891e-11
6800.00 8.358711e-11
6810.00 8.266549e-11
6820.00 8.129793e-11
6830.00 8.110837e-11
6840.00 8.022848e-11
6850.00 7.844594e-11
6860.00 7.559425e-11
6870.00 6.577663e-11
6880.00 6.489739e-11
6890.00 6.634653e-11
6900.00 6.842799e-11
6910.00 6.971213e-11
6920.00 7.188522e-11
6930.00 7.206667e-11
6940.00 7.196916e-11
6950.00 7.249917e-11
6960.00 7.162600e-11
6970.00 7.196027e-11
6980.00 7.131179e-11
6990.00 7.000658e-11
7000.00 7.046863e-11
7010.00 6.929984e-11
7020.00 6.860923e-11
7030.00 6.763132e-11
7040.00 6.753096e-11
7050.00 6.753284e-11
7060.00 6.727689e-11
7070.00 6.588308e-11
7080.00 6.515992e-11
7090.00 6.375050e-11
7100.00 6.434874e-11
7110.00 6.411917e-11
7120.00 6.427169e-11
7130.00 6.280628e-11
7140.00 6.258673e-11
7150.00 6.184859e-11
7160.00 6.038188e-11
7170.00 5.812439e-11
7180.00 5.514198e-11
7190.00 5.498888e-11
7200.00 5.443416e-11
7210.00 5.550124e-11
7220.00 5.662077e-11
7230.00 5.532241e-11
7240.00 5.288270e-11
7250.00 5.271258e-11
7260.00 5.222638e-11
7270.00 5.244577e-11
7280.00 5.109287e-11
7290.00 5.295947e-11
7300.00 5.246176e-11
7310.00 5.234063e-11
7320.00 5.213373e-11
7330.00 5.294144e-11
7340.00 5.153475e-11
7350.00 5.224291e-11
7360.00 5.160493e-11
7370.00 5.050437e-11
7380.00 5.093592e-11
7390.00 4.994359e-11
7400.00 4.976043e-11
7410.00 4.924913e-11
7420.00 4.949093e-11
7430.00 4.853623e-11
7440.00 4.850085e-11
7450.00 4.772831e-11
7460.00 4.754124e-11
7470.00 4.681739e-11
7480.00 4.653518e-11
7490.00 4.667261e-11
7500.00 4.425913e-11
7510.00 4.459566e-11
7520.00 4.456667e-11
7530.00 4.438312e-11
7540.00 4.415920e-11
7550.00 4.438110e-11
7560.00 4.359605e-11
7570.00 4.314614e-11
7580.00 4.349849e-11
7590.00 4.268686e-11
7600.00 4.204723e-11
7610.00 4.261262e-11
7620.00 4.290314e-11
7630.00 4.320276e-11
7640.00 4.378813e-11
7650.00 4.442310e-11
7660.00 4.487298e-11
7670.00 4.511805e-11
7680.00 4.487044e-11
7690.00 4.553803e-11
7700.00 4.456472e-11
7710.00 4.503340e-11
7720.00 4.507765e-11
7730.00 4.447550e-11
7740.00 4.455207e-11
7750.00 4.439238e-11
7760.00 4.390462e-11
7770.00 4.445249e-11
7780.00 4.355202e-11
7790.00 4.338136e-11
7800.00 4.268683e-11
7810.00 4.198238e-11
7820.00 4.092161e-11
7830.00 4.016206e-11
7840.00 3.935798e-11
7850.00 3.828774e-11
7860.00 3.784262e-11
7870.00 3.720206e-11
7880.00 3.657705e-11
7890.00 3.578558e-11
7900.00 3.534565e-11
7910.00 3.449110e-11
7920.00 3.403651e-11
7930.00 3.368835e-11
7940.00 3.370236e-11
7950.00 3.345957e-11
7960.00 3.264202e-11
7970.00 3.177603e-11
7980.00 3.166964e-11
7990.00 3.151248e-11
8000.00 3.109357e-11
8010.00 3.091632e-11
8020.00 3.063113e-11
8030.00 3.079627e-11
8040.00 3.128408e-11
8050.00 3.168814e-11
8060.00 3.185987e-11
8070.00 3.164621e-11
8080.00 3.149598e-11
8090.00 3.078739e-11
8100.00 3.065413e-11
8110.00 3.037140e-11
8120.00 3.048572e-11
8130.00 3.032274e-11
8140.00 2.944728e-11
8150.00 2.889166e-11
8160.00 2.826689e-11
8170.00 2.739132e-11
8180.00 2.670830e-11
8190.00 2.693977e-11
8200.00 2.595347e-11
8210.00 2.662956e-11
8220.00 2.522050e-11
8230.00 2.251027e-11
8240.00 2.641392e-11
8250.00 2.606062e-11
8260.00 2.533701e-11
8270.00 2.649133e-11
8280.00 2.493360e-11
8290.00 2.528609e-11
8300.00 2.509158e-11
8310.00 2.451115e-11
8320.00 2.376009e-11
8330.00 2.425612e-11
8340.00 2.349480e-11
8350.00 2.424790e-11
8360.00 2.421564e-11
8370.00 2.457130e-11
8380.00 2.500293e-11
8390.00 2.537944e-11
8400.00 2.526865e-11
8410.00 2.581949e-11
8420.00 2.583331e-11
8430.00 2.596197e-11
8440.00 2.592409e-11
8450.00 2.640383e-11
8460.00 2.631679e-11
8470.00 2.636225e-11
8480.00 2.665916e-11
8490.00 2.627577e-11
8500.00 2.691587e-11
8510.00 2.627290e-11
8520.00 2.642086e-11
8530.00 2.639384e-11
8540.00 2.667440e-11
8550.00 2.646301e-11
8560.00 2.599060e-11
8570.00 2.588669e-11
8580.00 2.579110e-11
8590.00 2.542118e-11
8600.00 2.524467e-11
8610.00 2.517955e-11
8620.00 2.529242e-11
8630.00 2.499079e-11
8640.00 2.545021e-11
8650.00 2.539925e-11
8660.00 2.507648e-11
8670.00 2.449294e-11
8680.00 2.482464e-11
8690.00 2.423080e-11
8700.00 2.433389e-11
8710.00 2.424909e-11
8720.00 2.353539e-11
8730.00 2.400568e-11
8740.00 2.380070e-11
8750.00 2.340699e-11
8760.00 2.324093e-11
8770.00 2.310256e-11
8780.00 2.296145e-11
8790.00 2.264214e-11
8800.00 2.184104e-11
8810.00 2.169551e-11
8820.00 2.102664e-11
8830.00 2.010698e-11
8840.00 1.955566e-11
8850.00 1.919379e-11
8860.00 1.860692e-11
8870.00 1.828257e-11
8880.00 1.724345e-11
8890.00 1.747838e-11
8900.00 1.712430e-11
8910.00 1.729973e-11
8920.00 1.692686e-11
8930.00 1.694918e-11
8940.00 1.723037e-11
8950.00 1.679722e-11
8960.00 1.684385e-11
8970.00 1.605005e-11
8980.00 1.690772e-11
8990.00 1.538461e-11
9000.00 1.580715e-11
9010.00 1.557040e-11
9020.00 1.515637e-11
9030.00 1.549739e-11
9040.00 1.580677e-11
9050.00 1.539376e-11
9060.00 1.539459e-11
9070.00 1.501014e-11
9080.00 1.512966e-11
9090.00 1.516787e-11
9100.00 1.500581e-11
9110.00 1.546013e-11
9120.00 1.522025e-11
9130.00 1.497598e-11
9140.00 1.547972e-11
9150.00 1.516715e-11
9160.00 1.490222e-11
9170.00 1.539066e-11
9180.00 1.514007e-11
9190.00 1.603686e-11
9200.00 1.537687e-11
9210.00 1.579792e-11
9220.00 1.568172e-11
9230.00 1.549515e-11
9240.00 1.512204e-11
9250.00 1.506227e-11
9260.00 1.541811e-11
9270.00 1.504127e-11
9280.00 1.458348e-11
9290.00 1.446269e-11
9300.00 1.376139e-11
9310.00 1.250218e-11
9320.00 1.109585e-11
9330.00 1.098238e-11
9340.00 9.556156e-12
9350.00 1.025510e-11
9360.00 9.703480e-12
9370.00 1.042195e-11
9380.00 9.812892e-12
9390.00 1.163312e-11
9400.00 1.205786e-11
9410.00 1.172060e-11
9420.00 1.088595e-11
9430.00 9.765975e-12
9440.00 9.532533e-12
9450.00 9.981259e-12
9460.00 9.556859e-12
9470.00 9.843853e-12
9480.00 1.011471e-11
9490.00 1.013559e-11
9500.00 8.609826e-12
9510.00 1.011727e-11
9520.00 8.881434e-12
9530.00 9.121164e-12
9540.00 9.536336e-12
9550.00 9.180149e-12
9560.00 9.211726e-12
9570.00 8.533222e-12
9580.00 9.480888e-12
9590.00 8.546252e-12
9600.00 8.947473e-12
9610.00 8.778724e-12
9620.00 8.988608e-12
9630.00 8.790902e-12
9640.00 8.705080e-12
9650.00 8.630546e-12
9660.00 9.072517e-12
9670.00 8.074716e-12
9680.00 8.386411e-12
9690.00 8.239291e-12
9700.00 8.136868e-12
9710.00 8.361707e-12
9720.00 7.881706e-12
9730.00 8.293913e-12
9740.00 7.841200e-12
9750.00 7.755602e-12
9760.00 7.491369e-12
9770.00 7.987481e-12
9780.00 7.654877e-12
9790.00 7.514925e-12
9800.00 7.624287e-12
9810.00 7.138416e-12
9820.00 7.320659e-12
9830.00 7.435387e-12
9840.00 7.498935e-12
9850.00 7.370924e-12
9860.00 7.264354e-12
9870.00 7.102704e-12
9880.00 7.446516e-12
9890.00 7.017167e-12
9900.00 7.115936e-12
9910.00 6.464298e-12
9920.00 7.074803e-12
9930.00 6.374480e-12
9940.00 6.351100e-12
9950.00 7.001337e-12
9960.00 6.596855e-12
9970.00 6.596694e-12
9980.00 6.587300e-12
9990.00 6.602727e-12
10000.00 6.610114e-12
10010.00 6.712186e-12
10020.00 6.658525e-12
10030.00 6.605293e-12
10040.00 6.552490e-12
10050.00 6.500111e-12
10060.00 6.448150e-12
10070.00 6.396609e-12
10080.00 6.345481e-12
10090.00 6.294760e-12
10100.00 6.244448e-12
10110.00 6.194541e-12
10120.00 6.145031e-12
10130.00 6.095921e-12
10140.00 6.047203e-12
10150.00 5.998874e-12
10160.00 5.950935e-12
10170.00 5.903380e-12
10180.00 5.856204e-12
10190.00 5.809407e-12
10200.00 5.762986e-12
10210.00 5.716937e-12
10220.00 5.671253e-12
10230.00 5.625938e-12
10240.00 5.580986e-12
10250.00 5.536391e-12
10260.00 5.492156e-12
10270.00 5.448274e-12
10280.00 5.404740e-12
10290.00 5.361558e-12
10300.00 5.318721e-12
10310.00 5.276225e-12
10320.00 5.234071e-12
10330.00 5.192254e-12
10340.00 5.150769e-12
10350.00 5.109618e-12
10360.00 5.068795e-12
10370.00 5.028298e-12
10380.00 4.988126e-12
10390.00 4.948274e-12
10400.00 4.908739e-12
10410.00 4.869523e-12
10420.00 4.830619e-12
10430.00 4.792024e-12
10440.00 4.753738e-12
10450.00 4.715760e-12
10460.00 4.678083e-12
10470.00 4.640708e-12
10480.00 4.603633e-12
10490.00 4.566850e-12
10500.00 4.530364e-12
10510.00 4.494168e-12
10520.00 4.458260e-12
10530.00 4.422641e-12
10540.00 4.387304e-12
10550.00 4.352248e-12
10560.00 4.317474e-12
10570.00 4.282978e-12
10580.00 4.248757e-12
10590.00 4.214807e-12
10600.00 4.181128e-12
10610.00 4.147719e-12
10620.00 4.114574e-12
10630.00 4.081696e-12
10640.00 4.049080e-12
10650.00 4.016721e-12
10660.00 3.984623e-12
10670.00 3.952780e-12
10680.00 3.921190e-12
10690.00 3.889853e-12
10700.00 3.858766e-12
10710.00 3.827925e-12
10720.00 3.797331e-12
10730.00 3.766981e-12
10740.00 3.736871e-12
10750.00 3.707004e-12
10760.00 3.677373e-12
10770.00 3.647976e-12
10780.00 3.618816e-12
10790.00 3.589889e-12
10800.00 3.561189e-12
10810.00 3.532720e-12
10820.00 3.504477e-12
10830.00 3.476458e-12
10840.00 3.448663e-12
10850.00 3.421090e-12
10860.00 3.393735e-12
10870.00 3.366599e-12
10880.00 3.339679e-12
10890.00 3.312972e-12
10900.00 3.286479e-12
10910.00 3.260197e-12
10920.00 3.234122e-12
10930.00 3.208256e-12
10940.00 3.182597e-12
10950.00 3.157142e-12
10960.00 3.131887e-12
10970.00 3.106835e-12
10980.00 3.081982e-12
10990.00 3.057326e-12
11000.00 3.032866e-12
11010.00 3.008602e-12
11020.00 2.984530e-12
11030.00 2.960649e-12
11040.00 2.936960e-12
11050.00 2.913457e-12
11060.00 2.890142e-12
11070.00 2.867013e-12
11080.00 2.844066e-12
11090.00 2.821304e-12
11100.00 2.798722e-12
11110.00 2.776318e-12
11120.00 2.754095e-12
11130.00 2.732047e-12
11140.00 2.710174e-12
11150.00 2.688475e-12
11160.00 2.666950e-12
11170.00 2.645594e-12
11180.00 2.624410e-12
11190.00 2.603393e-12
11200.00 2.582543e-12
11210.00 2.561859e-12
11220.00 2.541340e-12
11230.00 2.520983e-12
11240.00 2.500789e-12
11250.00 2.480755e-12
11260.00 2.460879e-12
11270.00 2.441162e-12
11280.00 2.421603e-12
11290.00 2.402198e-12
11300.00 2.382947e-12
11310.00 2.363851e-12
11320.00 2.344905e-12
11330.00 2.326109e-12
11340.00 2.307464e-12
11350.00 2.288968e-12
11360.00 2.270616e-12
11370.00 2.252411e-12
11380.00 2.234352e-12
11390.00 2.216435e-12
11400.00 2.198661e-12
11410.00 2.181028e-12
11420.00 2.163535e-12
11430.00 2.146182e-12
11440.00 2.128966e-12
11450.00 2.111887e-12
11460.00 2.094944e-12
11470.00 2.078136e-12
11480.00 2.061460e-12
11490.00 2.044917e-12
11500.00 2.028507e-12
11510.00 2.012225e-12
11520.00 1.996074e-12
11530.00 1.980052e-12
11540.00 1.964156e-12
11550.00 1.948387e-12
11560.00 1.932743e-12
11570.00 1.917223e-12
11580.00 1.901827e-12
11590.00 1.886553e-12
11600.00 1.871400e-12
11610.00 1.856368e-12
11620.00 1.841455e-12
11630.00 1.826660e-12
11640.00 1.811985e-12
11650.00 1.797424e-12
11660.00 1.782980e-12
11670.00 1.768650e-12
11680.00 1.754436e-12
11690.00 1.740332e-12
11700.00 1.726341e-12
11710.00 1.712463e-12
11720.00 1.698694e-12
11730.00 1.685034e-12
11740.00 1.671482e-12
11750.00 1.658040e-12
11760.00 1.644703e-12
11770.00 1.631472e-12
11780.00 1.618348e-12
11790.00 1.605327e-12
11800.00 1.592409e-12
11810.00 1.579594e-12
11820.00 1.566881e-12
11830.00 1.554270e-12
11840.00 1.541758e-12
11850.00 1.529345e-12
11860.00 1.517032e-12
11870.00 1.504817e-12
11880.00 1.492697e-12
11890.00 1.480675e-12
11900.00 1.468750e-12
11910.00 1.456918e-12
11920.00 1.445180e-12
11930.00 1.433537e-12
11940.00 1.421985e-12
11950.00 1.410525e-12
11960.00 1.399156e-12
11970.00 1.387878e-12
11980.00 1.376689e-12
11990.00 1.365590e-12
12000.00 1.354578e-12
12010.00 1.343655e-12
12020.00 1.332819e-12
12030.00 1.322068e-12
12040.00 1.311403e-12
12050.00 1.300823e-12
12060.00 1.290326e-12
12070.00 1.279914e-12
12080.00 1.269585e-12
12090.00 1.259338e-12
12100.00 1.249171e-12
12110.00 1.239087e-12
12120.00 1.229082e-12
12130.00 1.219156e-12
12140.00 1.209310e-12
12150.00 1.199543e-12
12160.00 1.189852e-12
12170.00 1.180240e-12
12180.00 1.170703e-12
12190.00 1.161243e-12
12200.00 1.151858e-12
12210.00 1.142547e-12
12220.00 1.133311e-12
12230.00 1.124148e-12
12240.00 1.115059e-12
12250.00 1.106041e-12
12260.00 1.097095e-12
12270.00 1.088222e-12
12280.00 1.079418e-12
12290.00 1.070684e-12
12300.00 1.062021e-12
12310.00 1.053425e-12
12320.00 1.044899e-12
12330.00 1.036440e-12
12340.00 1.028049e-12
12350.00 1.019724e-12
12360.00 1.011467e-12
12370.00 1.003274e-12
12380.00 9.951477e-13
12390.00 9.870857e-13
12400.00 9.790876e-13
12410.00 9.711535e-13
12420.00 9.632829e-13
12430.00 9.554746e-13
12440.00 9.477288e-13
12450.00 9.400448e-13
12460.00 9.324221e-13
12470.00 9.248601e-13
12480.00 9.173582e-13
12490.00 9.099165e-13
12500.00 9.025338e-13
12510.00 8.952099e-13
12520.00 8.879451e-13
12530.00 8.807373e-13
12540.00 8.735879e-13
12550.00 8.664952e-13
12560.00 8.594587e-13
12570.00 8.524790e-13
12580.00 8.455548e-13
12590.00 8.386856e-13
12600.00 8.318712e-13
12610.00 8.251115e-13
12620.00 8.184057e-13
12630.00 8.117534e-13
12640.00 8.051544e-13
12650.00 7.986077e-13
12660.00 7.921134e-13
12670.00 7.856713e-13
12680.00 7.792802e-13
12690.00 7.729403e-13
12700.00 7.666514e-13
12710.00 7.604123e-13
12720.00 7.542231e-13
12730.00 7.480836e-13
12740.00 7.419928e-13
12750.00 7.359511e-13
12760.00 7.299575e-13
12770.00 7.240115e-13
12780.00 7.181135e-13
12790.00 7.122623e-13
12800.00 7.064582e-13
12810.00 7.007003e-13
12820.00 6.949884e-13
12830.00 6.893223e-13
12840.00 6.837015e-13
12850.00 6.781258e-13
12860.00 6.725946e-13
12870.00 6.671074e-13
12880.00 6.616644e-13
12890.00 6.562651e-13
12900.00 6.509085e-13
12910.00 6.455951e-13
12920.00 6.403244e-13
12930.00 6.350955e-13
12940.00 6.299086e-13
12950.00 6.247633e-13
12960.00 6.196592e-13
12970.00 6.145958e-13
12980.00 6.095733e-13
12990.00 6.045908e-13
13000.00 5.996482e-13
13010.00 5.947452e-13
13020.00 5.898814e-13
13030.00 5.850567e-13
13040.00 5.802709e-13
13050.00 5.755230e-13
13060.00 5.708134e-13
13070.00 5.661417e-13
13080.00 5.615072e-13
13090.00 5.569100e-13
13100.00 5.523496e-13
13110.00 5.478257e-13
13120.00 5.433383e-13
13130.00 5.388868e-13
13140.00 5.344709e-13
13150.00 5.300905e-13
13160.00 5.257453e-13
13170.00 5.214349e-13
13180.00 5.171592e-13
13190.00 5.129178e-13
13200.00 5.087105e-13
13210.00 5.045368e-13
13220.00 5.003968e-13
13230.00 4.962899e-13
13240.00 4.922160e-13
13250.00 4.881749e-13
13260.00 4.841663e-13
13270.00 4.801898e-13
13280.00 4.762453e-13
13290.00 4.723326e-13
13300.00 4.684511e-13
13310.00 4.646010e-13
13320.00 4.607818e-13
13330.00 4.569933e-13
13340.00 4.532352e-13
13350.00 4.495075e-13
13360.00 4.458096e-13
13370.00 4.421415e-13
13380.00 4.385031e-13
13390.00 4.348937e-13
13400.00 4.313135e-13
13410.00 4.277622e-13
13420.00 4.242392e-13
13430.00 4.207447e-13
13440.00 4.172785e-13
13450.00 4.138400e-13
13460.00 4.104293e-13
13470.00 4.070461e-13
13480.00 4.036900e-13
13490.00 4.003611e-13
13500.00 3.970590e-13
13510.00 3.937834e-13
13520.00 3.905343e-13
13530.00 3.873114e-13
13540.00 3.841144e-13
13550.00 3.809432e-13
13560.00 3.777977e-13
13570.00 3.746776e-13
13580.00 3.715824e-13
13590.00 3.685123e-13
13600.00 3.654670e-13
13610.00 3.624462e-13
13620.00 3.594498e-13
13630.00 3.564777e-13
13640.00 3.535294e-13
13650.00 3.506051e-13
13660.00 3.477044e-13
13670.00 3.448270e-13
13680.00 3.419729e-13
13690.00 3.391419e-13
13700.00 3.363337e-13
13710.00 3.335482e-13
13720.00 3.307854e-13
13730.00 3.280447e-13
13740.00 3.253263e-13
13750.00 3.226298e-13
13760.00 3.199551e-13
13770.00 3.173020e-13
13780.00 3.146705e-13
13790.00 3.120601e-13
13800.00 3.094710e-13
13810.00 3.069028e-13
13820.00 3.043555e-13
13830.00 3.018285e-13
13840.00 2.993223e-13
13850.00 2.968362e-13
13860.00 2.943703e-13
13870.00 2.919244e-13
13880.00 2.894983e-13
13890.00 2.870918e-13
13900.00 2.847048e-13
13910.00 2.823372e-13
13920.00 2.799888e-13
13930.00 2.776594e-13
13940.00 2.753489e-13
13950.00 2.730571e-13
13960.00 2.707840e-13
13970.00 2.685293e-13
13980.00 2.662929e-13
13990.00 2.640746e-13
14000.00 2.618744e-13
14010.00 2.596919e-13
14020.00 2.575272e-13
14030.00 2.553801e-13
14040.00 2.532504e-13
14050.00 2.511381e-13
14060.00 2.490429e-13
14070.00 2.469646e-13
14080.00 2.449034e-13
14090.00 2.428588e-13
14100.00 2.408309e-13
14110.00 2.388194e-13
14120.00 2.368245e-13
14130.00 2.348456e-13
14140.00 2.328828e-13
14150.00 2.309360e-13
14160.00 2.290051e-13
14170.00 2.270899e-13
14180.00 2.251902e-13
14190.00 2.233060e-13
14200.00 2.214372e-13
14210.00 2.195837e-13
14220.00 2.177451e-13
14230.00 2.159217e-13
14240.00 2.141130e-13
14250.00 2.123190e-13
14260.00 2.105398e-13
14270.00 2.087750e-13
14280.00 2.070245e-13
14290.00 2.052885e-13
14300.00 2.035666e-13
14310.00 2.018586e-13
14320.00 2.001646e-13
14330.00 1.984846e-13
14340.00 1.968182e-13
14350.00 1.951653e-13
14360.00 1.935260e-13
14370.00 1.919001e-13
14380.00 1.902873e-13
14390.00 1.886879e-13
14400.00 1.871016e-13
14410.00 1.855280e-13
14420.00 1.839675e-13
14430.00 1.824196e-13
14440.00 1.808844e-13
14450.00 1.793619e-13
14460.00 1.778517e-13
14470.00 1.763539e-13
14480.00 1.748684e-13
14490.00 1.733951e-13
14500.00 1.719337e-13
14510.00 1.704844e-13
14520.00 1.690469e-13
14530.00 1.676212e-13
14540.00 1.662072e-13
14550.00 1.648047e-13
14560.00 1.634138e-13
14570.00 1.620342e-13
14580.00 1.606661e-13
14590.00 1.593090e-13
14600.00 1.579632e-13
14610.00 1.566283e-13
14620.00 1.553045e-13
14630.00 1.539915e-13
14640.00 1.526892e-13
14650.00 1.513976e-13
14660.00 1.501168e-13
14670.00 1.488463e-13
14680.00 1.475863e-13
14690.00 1.463366e-13
14700.00 1.450974e-13
14710.00 1.438681e-13
14720.00 1.426491e-13
14730.00 1.414401e-13
14740.00 1.402410e-13
14750.00 1.390517e-13
14760.00 1.378723e-13
14770.00 1.367025e-13
14780.00 1.355424e-13
14790.00 1.343918e-13
14800.00 1.332508e-13
14810.00 1.321190e-13
14820.00 1.309967e-13
14830.00 1.298836e-13
14840.00 1.287796e-13
14850.00 1.276848e-13
14860.00 1.265990e-13
14870.00 1.255220e-13
14880.00 1.244541e-13
14890.00 1.233950e-13
14900.00 1.223445e-13
14910.00 1.213027e-13
14920.00 1.202695e-13
14930.00 1.192449e-13
14940.00 1.182288e-13
14950.00 1.172209e-13
14960.00 1.162215e-13
14970.00 1.152303e-13
14980.00 1.142473e-13
14990.00 1.132724e-13
15000.00 1.123056e-13
15010.00 1.113467e-13
15020.00 1.103958e-13
15030.00 1.094528e-13
15040.00 1.085176e-13
15050.00 1.075902e-13
15060.00 1.066704e-13
15070.00 1.057582e-13
15080.00 1.048536e-13
15090.00 1.039564e-13
15100.00 1.030667e-13
15110.00 1.021844e-13
15120.00 1.013094e-13
15130.00 1.004416e-13
15140.00 9.958102e-14
15150.00 9.872764e-14
15160.00 9.788126e-14
15170.00 9.704197e-14
15180.00 9.620961e-14
15190.00 9.538415e-14
15200.00 9.456559e-14
15210.00 9.375380e-14
15220.00 9.294872e-14
15230.00 9.215039e-14
15240.00 9.135868e-14
15250.00 9.057354e-14
15260.00 8.979493e-14
15270.00 8.902281e-14
15280.00 8.825710e-14
15290.00 8.749779e-14
15300.00 8.674477e-14
15310.00 8.599800e-14
15320.00 8.525749e-14
15330.00 8.452312e-14
15340.00 8.379489e-14
15350.00 8.307271e-14
15360.00 8.235655e-14
15370.00 8.164636e-14
15380.00 8.094211e-14
15390.00 8.024371e-14
15400.00 7.955115e-14
15410.00 7.886438e-14
15420.00 7.818331e-14
15430.00 7.750793e-14
15440.00 7.683821e-14
15450.00 7.617410e-14
15460.00 7.551549e-14
15470.00 7.486241e-14
15480.00 7.421481e-14
15490.00 7.357258e-14
15500.00 7.293573e-14
15510.00 7.230423e-14
15520.00 7.167799e-14
15530.00 7.105700e-14
15540.00 7.044123e-14
15550.00 6.983055e-14
15560.00 6.922504e-14
15570.00 6.862460e-14
15580.00 6.802918e-14
15590.00 6.743874e-14
15600.00 6.685326e-14
15610.00 6.627267e-14
15620.00 6.569696e-14
15630.00 6.512611e-14
15640.00 6.456001e-14
15650.00 6.399866e-14
15660.00 6.344204e-14
15670.00 6.289007e-14
15680.00 6.234277e-14
15690.00 6.180005e-14
15700.00 6.126189e-14
15710.00 6.072824e-14
15720.00 6.019912e-14
15730.00 5.967440e-14
15740.00 5.915410e-14
15750.00 5.863821e-14
15760.00 5.812664e-14
15770.00 5.761938e-14
15780.00 5.711638e-14
15790.00 5.661761e-14
15800.00 5.612306e-14
15810.00 5.563269e-14
15820.00 5.514645e-14
15830.00 5.466428e-14
15840.00 5.418620e-14
15850.00 5.371213e-14
15860.00 5.324207e-14
15870.00 5.277597e-14
15880.00 5.231383e-14
15890.00 5.185558e-14
15900.00 5.140119e-14
15910.00 5.095064e-14
15920.00 5.050390e-14
15930.00 5.006093e-14
15940.00 4.962173e-14
15950.00 4.918619e-14
15960.00 4.875437e-14
15970.00 4.832622e-14
15980.00 4.790167e-14
15990.00 4.748072e-14
16000.00 4.706334e-14
16010.00 4.664947e-14
16020.00 4.623913e-14
16030.00 4.583227e-14
16040.00 4.542884e-14
16050.00 4.502884e-14
16060.00 4.463224e-14
16070.00 4.423900e-14
16080.00 4.384909e-14
16090.00 4.346251e-14
16100.00 4.307918e-14
16110.00 4.269912e-14
16120.00 4.232230e-14
16130.00 4.194866e-14
16140.00 4.157821e-14
16150.00 4.121091e-14
16160.00 4.084673e-14
16170.00 4.048564e-14
16180.00 4.012763e-14
16190.00 3.977268e-14
16200.00 3.942074e-14
16210.00 3.907179e-14
16220.00 3.872582e-14
16230.00 3.838279e-14
16240.00 3.804268e-14
16250.00 3.770549e-14
16260.00 3.737116e-14
16270.00 3.703968e-14
16280.00 3.671104e-14
16290.00 3.638519e-14
16300.00 3.606213e-14
16310.00 3.574184e-14
16320.00 3.542426e-14
16330.00 3.510941e-14
16340.00 3.479725e-14
16350.00 3.448775e-14
16360.00 3.418090e-14
16370.00 3.387669e-14
16380.00 3.357507e-14
16390.00 3.327603e-14
16400.00 3.297955e-14
16410.00 3.268562e-14
16420.00 3.239419e-14
16430.00 3.210528e-14
16440.00 3.181882e-14
16450.00 3.153483e-14
16460.00 3.125328e-14
16470.00 3.097414e-14
16480.00 3.069738e-14
16490.00 3.042302e-14
16500.00 3.015100e-14
16510.00 2.988132e-14
16520.00 2.961397e-14
16530.00 2.934890e-14
16540.00 2.908611e-14
16550.00 2.882559e-14
16560.00 2.856730e-14
16570.00 2.831124e-14
16580.00 2.805738e-14
16590.00 2.780570e-14
16600.00 2.755619e-14
16610.00 2.730884e-14
16620.00 2.706361e-14
16630.00 2.682050e-14
16640.00 2.657947e-14
16650.00 2.634054e-14
16660.00 2.610367e-14
16670.00 2.586883e-14
16680.00 2.563602e-14
16690.00 2.540522e-14
16700.00 2.517643e-14
16710.00 2.494960e-14
16720.00 2.472473e-14
16730.00 2.450180e-14
16740.00 2.428082e-14
16750.00 2.406174e-14
16760.00 2.384454e-14
16770.00 2.362924e-14
16780.00 2.341579e-14
16790.00 2.320420e-14
16800.00 2.299444e-14
16810.00 2.278650e-14
16820.00 2.258035e-14
16830.00 2.237601e-14
16840.00 2.217342e-14
16850.00 2.197260e-14
16860.00 2.177352e-14
16870.00 2.157617e-14
16880.00 2.138053e-14
16890.00 2.118659e-14
16900.00 2.099434e-14
16910.00 2.080376e-14
16920.00 2.061484e-14
16930.00 2.042756e-14
16940.00 2.024191e-14
16950.00 2.005788e-14
16960.00 1.987545e-14
16970.00 1.969461e-14
16980.00 1.951533e-14
16990.00 1.933764e-14
17000.00 1.916148e-14
17010.00 1.898686e-14
17020.00 1.881377e-14
17030.00 1.864218e-14
17040.00 1.847209e-14
17050.00 1.830349e-14
17060.00 1.813636e-14
17070.00 1.797069e-14
17080.00 1.780647e-14
17090.00 1.764369e-14
17100.00 1.748232e-14
17110.00 1.732238e-14
17120.00 1.716383e-14
17130.00 1.700667e-14
17140.00 1.685088e-14
17150.00 1.669646e-14
17160.00 1.654340e-14
17170.00 1.639168e-14
17180.00 1.624128e-14
17190.00 1.609220e-14
17200.00 1.594444e-14
17210.00 1.579798e-14
17220.00 1.565278e-14
17230.00 1.550888e-14
17240.00 1.536623e-14
17250.00 1.522484e-14
17260.00 1.508470e-14
17270.00 1.494579e-14
17280.00 1.480809e-14
17290.00 1.467162e-14
17300.00 1.453634e-14
17310.00 1.440226e-14
17320.00 1.426936e-14
17330.00 1.413763e-14
17340.00 1.400705e-14
17350.00 1.387764e-14
17360.00 1.374936e-14
17370.00 1.362221e-14
17380.00 1.349619e-14
17390.00 1.337129e-14
17400.00 1.324749e-14
17410.00 1.312477e-14
17420.00 1.300315e-14
17430.00 1.288259e-14
17440.00 1.276310e-14
17450.00 1.264468e-14
17460.00 1.252731e-14
17470.00 1.241097e-14
17480.00 1.229567e-14
17490.00 1.218138e-14
17500.00 1.206810e-14
17510.00 1.195584e-14
17520.00 1.184457e-14
17530.00 1.173429e-14
17540.00 1.162498e-14
17550.00 1.151664e-14
17560.00 1.140928e-14
17570.00 1.130286e-14
17580.00 1.119740e-14
17590.00 1.109286e-14
17600.00 1.098926e-14
17610.00 1.088658e-14
17620.00 1.078482e-14
17630.00 1.068396e-14
17640.00 1.058400e-14
17650.00 1.048493e-14
17660.00 1.038675e-14
17670.00 1.028944e-14
17680.00 1.019300e-14
17690.00 1.009742e-14
17700.00 1.000270e-14
17710.00 9.908816e-15
17720.00 9.815775e-15
17730.00 9.723569e-15
17740.00 9.632184e-15
17750.00 9.541618e-15
17760.00 9.451865e-15
17770.00 9.362911e-15
17780.00 9.274756e-15
17790.00 9.187393e-15
17800.00 9.100808e-15
17810.00 9.015003e-15
17820.00 8.929970e-15
17830.00 8.845696e-15
17840.00 8.762179e-15
17850.00 8.679415e-15
17860.00 8.597391e-15
17870.00 8.516107e-15
17880.00 8.435555e-15
17890.00 8.355725e-15
17900.00 8.276613e-15
17910.00 8.198214e-15
17920.00 8.120521e-15
17930.00 8.043528e-15
17940.00 7.967229e-15
17950.00 7.891618e-15
17960.00 7.816687e-15
17970.00 7.742436e-15
17980.00 7.668851e-15
17990.00 7.595932e-15
18000.00 7.523674e-15
18010.00 7.452065e-15
18020.00 7.381105e-15
18030.00 7.310790e-15
18040.00 7.241106e-15
18050.00 7.172056e-15
18060.00 7.103631e-15
18070.00 7.035826e-15
18080.00 6.968633e-15
18090.00 6.902052e-15
18100.00 6.836074e-15
18110.00 6.770692e-15
18120.00 6.705908e-15
18130.00 6.641710e-15
18140.00 6.578094e-15
18150.00 6.515054e-15
18160.00 6.452590e-15
18170.00 6.390695e-15
18180.00 6.329361e-15
18190.00 6.268587e-15
18200.00 6.208368e-15
18210.00 6.148693e-15
18220.00 6.089565e-15
18230.00 6.030975e-15
18240.00 5.972920e-15
18250.00 5.915393e-15
18260.00 5.858394e-15
18270.00 5.801913e-15
18280.00 5.745950e-15
18290.00 5.690497e-15
18300.00 5.635550e-15
18310.00 5.581107e-15
18320.00 5.527162e-15
18330.00 5.473710e-15
18340.00 5.420749e-15
18350.00 5.368272e-15
18360.00 5.316276e-15
18370.00 5.264758e-15
18380.00 5.213712e-15
18390.00 5.163134e-15
18400.00 5.113021e-15
18410.00 5.063368e-15
18420.00 5.014170e-15
18430.00 4.965427e-15
18440.00 4.917131e-15
18450.00 4.869279e-15
18460.00 4.821867e-15
18470.00 4.774895e-15
18480.00 4.728352e-15
18490.00 4.682238e-15
18500.00 4.636551e-15
18510.00 4.591284e-15
18520.00 4.546434e-15
18530.00 4.502001e-15
18540.00 4.457977e-15
18550.00 4.414359e-15
18560.00 4.371146e-15
18570.00 4.328331e-15
18580.00 4.285912e-15
18590.00 4.243886e-15
18600.00 4.202251e-15
18610.00 4.161000e-15
18620.00 4.120131e-15
18630.00 4.079642e-15
18640.00 4.039528e-15
18650.00 3.999788e-15
18660.00 3.960415e-15
18670.00 3.921407e-15
18680.00 3.882765e-15
18690.00 3.844479e-15
18700.00 3.806552e-15
18710.00 3.768976e-15
18720.00 3.731749e-15
18730.00 3.694871e-15
18740.00 3.658335e-15
18750.00 3.622140e-15
18760.00 3.586283e-15
18770.00 3.550763e-15
18780.00 3.515571e-15
18790.00 3.480708e-15
18800.00 3.446172e-15
18810.00 3.411958e-15
18820.00 3.378065e-15
18830.00 3.344490e-15
18840.00 3.311228e-15
18850.00 3.278278e-15
18860.00 3.245636e-15
18870.00 3.213300e-15
18880.00 3.181268e-15
18890.00 3.149537e-15
18900.00 3.118103e-15
18910.00 3.086964e-15
18920.00 3.056118e-15
18930.00 3.025563e-15
18940.00 2.995294e-15
18950.00 2.965310e-15
18960.00 2.935609e-15
18970.00 2.906188e-15
18980.00 2.877043e-15
18990.00 2.848174e-15
19000.00 2.819577e-15
19010.00 2.791249e-15
19020.00 2.763190e-15
19030.00 2.735395e-15
19040.00 2.707863e-15
19050.00 2.680591e-15
19060.00 2.653578e-15
19070.00 2.626819e-15
19080.00 2.600315e-15
19090.00 2.574062e-15
19100.00 2.548057e-15
19110.00 2.522300e-15
19120.00 2.496786e-15
19130.00 2.471514e-15
19140.00 2.446484e-15
19150.00 2.421691e-15
19160.00 2.397133e-15
19170.00 2.372809e-15
19180.00 2.348717e-15
19190.00 2.324853e-15
19200.00 2.301218e-15
19210.00 2.277807e-15
19220.00 2.254620e-15
19230.00 2.231654e-15
19240.00 2.208907e-15
19250.00 2.186378e-15
19260.00 2.164063e-15
19270.00 2.141963e-15
19280.00 2.120073e-15
19290.00 2.098393e-15
19300.00 2.076921e-15
19310.00 2.055655e-15
19320.00 2.034591e-15
19330.00 2.013731e-15
19340.00 1.993070e-15
19350.00 1.972607e-15
19360.00 1.952342e-15
19370.00 1.932271e-15
19380.00 1.912393e-15
19390.00 1.892706e-15
19400.00 1.873209e-15
19410.00 1.853899e-15
19420.00 1.834777e-15
19430.00 1.815837e-15
19440.00 1.797081e-15
19450.00 1.778505e-15
19460.00 1.760109e-15
19470.00 1.741891e-15
19480.00 1.723849e-15
19490.00 1.705982e-15
19500.00 1.688286e-15
19510.00 1.670764e-15
19520.00 1.653410e-15
19530.00 1.636224e-15
19540.00 1.619206e-15
19550.00 1.602353e-15
19560.00 1.585663e-15
19570.00 1.569135e-15
19580.00 1.552768e-15
19590.00 1.536560e-15
19600.00 1.520509e-15
19610.00 1.504616e-15
19620.00 1.488876e-15
19630.00 1.473291e-15
19640.00 1.457857e-15
19650.00 1.442575e-15
19660.00 1.427440e-15
19670.00 1.412454e-15
19680.00 1.397615e-15
19690.00 1.382920e-15
19700.00 1.368370e-15
19710.00 1.353961e-15
19720.00 1.339694e-15
19730.00 1.325567e-15
19740.00 1.311579e-15
19750.00 1.297727e-15
19760.00 1.284012e-15
19770.00 1.270432e-15
19780.00 1.256985e-15
19790.00 1.243669e-15
19800.00 1.230486e-15
19810.00 1.217431e-15
19820.00 1.204507e-15
19830.00 1.191709e-15
19840.00 1.179037e-15
19850.00 1.166491e-15
19860.00 1.154069e-15
19870.00 1.141769e-15
19880.00 1.129591e-15
19890.00 1.117533e-15
19900.00 1.105595e-15
19910.00 1.093775e-15
19920.00 1.082072e-15
19930.00 1.070486e-15
19940.00 1.059015e-15
19950.00 1.047656e-15
19960.00 1.036412e-15
19970.00 1.025278e-15
19980.00 1.014256e-15
19990.00 1.003344e-15
20000.00 9.925396e-16
20010.00 9.818436e-16
20020.00 9.712540e-16
20030.00 9.607702e-16
20040.00 9.503912e-16
20050.00 9.401160e-16
20060.00 9.299432e-16
20070.00 9.198724e-16
20080.00 9.099025e-16
20090.00 9.000322e-16
20100.00 8.902610e-16
20110.00 8.805879e-16
20120.00 8.710118e-16
20130.00 8.615319e-16
20140.00 8.521475e-16
20150.00 8.428569e-16
20160.00 8.336605e-16
20170.00 8.245562e-16
20180.00 8.155437e-16
20190.00 8.066223e-16
20200.00 7.977907e-16
20210.00 7.890484e-16
20220.00 7.803942e-16
20230.00 7.718279e-16
20240.00 7.633478e-16
20250.00 7.549539e-16
20260.00 7.466450e-16
20270.00 7.384201e-16
20280.00 7.302790e-16
20290.00 7.222202e-16
20300.00 7.142431e-16
20310.00 7.063475e-16
20320.00 6.985320e-16
20330.00 6.907963e-16
20340.00 6.831388e-16
20350.00 6.755599e-16
20360.00 6.680582e-16
20370.00 6.606327e-16
20380.00 6.532836e-16
20390.00 6.460091e-16
20400.00 6.388090e-16
20410.00 6.316830e-16
20420.00 6.246297e-16
20430.00 6.176488e-16
20440.00 6.107395e-16
20450.00 6.039010e-16
20460.00 5.971327e-16
20470.00 5.904341e-16
20480.00 5.838044e-16
20490.00 5.772427e-16
20500.00 5.707489e-16
20510.00 5.643219e-16
20520.00 5.579610e-16
20530.00 5.516662e-16
20540.00 5.454361e-16
20550.00 5.392703e-16
20560.00 5.331685e-16
20570.00 5.271299e-16
20580.00 5.211536e-16
20590.00 5.152395e-16
20600.00 5.093866e-16
20610.00 5.035946e-16
20620.00 4.978628e-16
20630.00 4.921904e-16
20640.00 4.865772e-16
20650.00 4.810225e-16
20660.00 4.755255e-16
20670.00 4.700858e-16
20680.00 4.647032e-16
20690.00 4.593767e-16
20700.00 4.541059e-16
20710.00 4.488902e-16
20720.00 4.437291e-16
20730.00 4.386220e-16
20740.00 4.335685e-16
20750.00 4.285682e-16
20760.00 4.236201e-16
20770.00 4.187243e-16
20780.00 4.138799e-16
20790.00 4.090865e-16
20800.00 4.043435e-16
20810.00 3.996506e-16
20820.00 3.950073e-16
20830.00 3.904129e-16
20840.00 3.858672e-16
20850.00 3.813695e-16
20860.00 3.769193e-16
20870.00 3.725163e-16
20880.00 3.681601e-16
20890.00 3.638501e-16
20900.00 3.595859e-16
20910.00 3.553671e-16
20920.00 3.511930e-16
20930.00 3.470635e-16
20940.00 3.429778e-16
20950.00 3.389359e-16
20960.00 3.349371e-16
20970.00 3.309809e-16
20980.00 3.270670e-16
20990.00 3.231952e-16
21000.00 3.193647e-16
21010.00 3.155753e-16
21020.00 3.118265e-16
21030.00 3.081181e-16
21040.00 3.044494e-16
21050.00 3.008202e-16
21060.00 2.972302e-16
21070.00 2.936788e-16
21080.00 2.901657e-16
21090.00 2.866905e-16
21100.00 2.832529e-16
21110.00 2.798523e-16
21120.00 2.764887e-16
21130.00 2.731616e-16
21140.00 2.698705e-16
21150.00 2.666150e-16
21160.00 2.633949e-16
21170.00 2.602099e-16
21180.00 2.570595e-16
21190.00 2.539434e-16
21200.00 2.508613e-16
21210.00 2.478128e-16
21220.00 2.447977e-16
21230.00 2.418155e-16
21240.00 2.388659e-16
21250.00 2.359487e-16
21260.00 2.330634e-16
21270.00 2.302097e-16
21280.00 2.273874e-16
21290.00 2.245962e-16
21300.00 2.218358e-16
21310.00 2.191056e-16
21320.00 2.164056e-16
21330.00 2.137354e-16
21340.00 2.110946e-16
21350.00 2.084831e-16
21360.00 2.059006e-16
21370.00 2.033465e-16
21380.00 2.008208e-16
21390.00 1.983233e-16
21400.00 1.958535e-16
21410.00 1.934110e-16
21420.00 1.909958e-16
21430.00 1.886076e-16
21440.00 1.862459e-16
21450.00 1.839107e-16
21460.00 1.816016e-16
21470.00 1.793184e-16
21480.00 1.770606e-16
21490.00 1.748283e-16
21500.00 1.726209e-16
21510.00 1.704384e-16
21520.00 1.682805e-16
21530.00 1.661468e-16
21540.00 1.640372e-16
21550.00 1.619514e-16
21560.00 1.598892e-16
21570.00 1.578502e-16
21580.00 1.558344e-16
21590.00 1.538415e-16
21600.00 1.518711e-16
21610.00 1.499232e-16
21620.00 1.479973e-16
21630.00 1.460934e-16
21640.00 1.442113e-16
21650.00 1.423505e-16
21660.00 1.405110e-16
21670.00 1.386926e-16
21680.00 1.368950e-16
21690.00 1.351179e-16
21700.00 1.333613e-16
21710.00 1.316249e-16
21720.00 1.299083e-16
21730.00 1.282117e-16
21740.00 1.265345e-16
21750.00 1.248767e-16
21760.00 1.232380e-16
21770.00 1.216183e-16
21780.00 1.200174e-16
21790.00 1.184350e-16
21800.00 1.168710e-16
21810.00 1.153251e-16
21820.00 1.137972e-16
21830.00 1.122872e-16
21840.00 1.107947e-16
21850.00 1.093197e-16
21860.00 1.078619e-16
21870.00 1.064212e-16
21880.00 1.049974e-16
21890.00 1.035902e-16
21900.00 1.021997e-16
21910.00 1.008254e-16
21920.00 9.946738e-17
21930.00 9.812536e-17
21940.00 9.679916e-17
21950.00 9.548868e-17
21960.00 9.419369e-17
21970.00 9.291404e-17
21980.00 9.164960e-17
21990.00 9.040020e-17
22000.00 8.916562e-17
22010.00 8.794579e-17
22020.00 8.674051e-17
22030.00 8.554962e-17
22040.00 8.437298e-17
22050.00 8.321045e-17
22060.00 8.206182e-17
22070.00 8.092704e-17
22080.00 7.980588e-17
22090.00 7.869821e-17
22100.00 7.760393e-17
22110.00 7.652287e-17
22120.00 7.545484e-17
22130.00 7.439979e-17
22140.00 7.335750e-17
22150.00 7.232789e-17
22160.00 7.131081e-17
22170.00 7.030610e-17
22180.00 6.931363e-17
22190.00 6.833331e-17
22200.00 6.736497e-17
22210.00 6.640851e-17
22220.00 6.546374e-17
22230.00 6.453061e-17
22240.00 6.360895e-17
22250.00 6.269863e-17
22260.00 6.179957e-17
22270.00 6.091161e-17
22280.00 6.003464e-17
22290.00 5.916854e-17
22300.00 5.831321e-17
22310.00 5.746848e-17
22320.00 5.663429e-17
22330.00 5.581051e-17
22340.00 5.499700e-17
22350.00 5.419369e-17
22360.00 5.340043e-17
22370.00 5.261712e-17
22380.00 5.184367e-17
22390.00 5.107997e-17
22400.00 5.032587e-17
22410.00 4.958131e-17
22420.00 4.884617e-17
22430.00 4.812033e-17
22440.00 4.740373e-17
22450.00 4.669623e-17
22460.00 4.599772e-17
22470.00 4.530814e-17
22480.00 4.462738e-17
22490.00 4.395532e-17
22500.00 4.329188e-17
22510.00 4.263696e-17
22520.00 4.199045e-17
22530.00 4.135230e-17
22540.00 4.072237e-17
22550.00 4.010057e-17
22560.00 3.948686e-17
22570.00 3.888110e-17
22580.00 3.828322e-17
22590.00 3.769312e-17
22600.00 3.711072e-17
22610.00 3.653594e-17
22620.00 3.596868e-17
22630.00 3.540886e-17
22640.00 3.485641e-17
22650.00 3.431121e-17
22660.00 3.377323e-17
22670.00 3.324234e-17
22680.00 3.271848e-17
22690.00 3.220159e-17
22700.00 3.169157e-17
22710.00 3.118832e-17
22720.00 3.069180e-17
22730.00 3.020192e-17
22740.00 2.971860e-17
22750.00 2.924177e-17
22760.00 2.877134e-17
22770.00 2.830726e-17
22780.00 2.784945e-17
22790.00 2.739783e-17
22800.00 2.695232e-17
22810.00 2.651289e-17
22820.00 2.607943e-17
22830.00 2.565187e-17
22840.00 2.523017e-17
22850.00 2.481425e-17
22860.00 2.440403e-17
22870.00 2.399946e-17
22880.00 2.360047e-17
22890.00 2.320699e-17
22900.00 2.281895e-17
22910.00 2.243631e-17
22920.00 2.205898e-17
22930.00 2.168692e-17
22940.00 2.132006e-17
22950.00 2.095833e-17
22960.00 2.060167e-17
22970.00 2.025003e-17
22980.00 1.990335e-17
22990.00 1.956157e-17
23000.00 1.922462e-17
23010.00 1.889247e-17
23020.00 1.856503e-17
23030.00 1.824227e-17
23040.00 1.792413e-17
23050.00 1.761053e-17
23060.00 1.730145e-17
23070.00 1.699682e-17
23080.00 1.669659e-17
23090.00 1.640070e-17
23100.00 1.610910e-17
23110.00 1.582175e-17
23120.00 1.553858e-17
23130.00 1.525956e-17
23140.00 1.498462e-17
23150.00 1.471373e-17
23160.00 1.444682e-17
23170.00 1.418385e-17
23180.00 1.392479e-17
23190.00 1.366957e-17
23200.00 1.341815e-17
23210.00 1.317048e-17
23220.00 1.292652e-17
23230.00 1.268622e-17
23240.00 1.244954e-17
23250.00 1.221643e-17
23260.00 1.198685e-17
23270.00 1.176076e-17
23280.00 1.153810e-17
23290.00 1.131885e-17
23300.00 1.110296e-17
23310.00 1.089037e-17
23320.00 1.068107e-17
23330.00 1.047498e-17
23340.00 1.027210e-17
23350.00 1.007237e-17
23360.00 9.875752e-18
23370.00 9.682208e-18
23380.00 9.491702e-18
23390.00 9.304183e-18
23400.00 9.119635e-18
23410.00 8.938002e-18
23420.00 8.759251e-18
23430.00 8.583349e-18
23440.00 8.410259e-18
23450.00 8.239941e-18
23460.00 8.072366e-18
23470.00 7.907496e-18
23480.00 7.745294e-18
23490.00 7.585727e-18
23500.00 7.428764e-18
23510.00 7.274365e-18
23520.00 7.122503e-18
23530.00 6.973144e-18
23540.00 6.826249e-18
23550.00 6.681795e-18
23560.00 6.539746e-18
23570.00 6.400068e-18
23580.00 6.262733e-18
23590.00 6.127711e-18
23600.00 5.994967e-18
23610.00 5.864477e-18
23620.00 5.736208e-18
23630.00 5.610127e-18
23640.00 5.486211e-18
23650.00 5.364430e-18
23660.00 5.244751e-18
23670.00 5.127151e-18
23680.00 5.011600e-18
23690.00 4.898070e-18
23700.00 4.786531e-18
23710.00 4.676963e-18
23720.00 4.569335e-18
23730.00 4.463618e-18
23740.00 4.359792e-18
23750.00 4.257828e-18
23760.00 4.157698e-18
23770.00 4.059382e-18
23780.00 3.962852e-18
23790.00 3.868082e-18
23800.00 3.775050e-18
23810.00 3.683733e-18
23820.00 3.594103e-18
23830.00 3.506140e-18
23840.00 3.419820e-18
23850.00 3.335119e-18
23860.00 3.252015e-18
23870.00 3.170484e-18
23880.00 3.090505e-18
23890.00 3.012056e-18
23900.00 2.935116e-18
23910.00 2.859661e-18
23920.00 2.785672e-18
23930.00 2.713127e-18
23940.00 2.642004e-18
23950.00 2.572285e-18
23960.00 2.503948e-18
23970.00 2.436973e-18
23980.00 2.371341e-18
23990.00 2.307033e-18
24000.00 2.244025e-18
24010.00 2.182303e-18
24020.00 2.121846e-18
24030.00 2.062635e-18
24040.00 2.004652e-18
24050.00 1.947878e-18
24060.00 1.892295e-18
24070.00 1.837887e-18
24080.00 1.784633e-18
24090.00 1.732518e-18
24100.00 1.681523e-18
24110.00 1.631633e-18
24120.00 1.582829e-18
24130.00 1.535095e-18
24140.00 1.488415e-18
24150.00 1.442772e-18
24160.00 1.398150e-18
24170.00 1.354534e-18
24180.00 1.311907e-18
24190.00 1.270253e-18
24200.00 1.229558e-18
24210.00 1.189807e-18
24220.00 1.150984e-18
24230.00 1.113074e-18
24240.00 1.076063e-18
24250.00 1.039936e-18
24260.00 1.004679e-18
24270.00 9.702783e-19
24280.00 9.367186e-19
24290.00 9.039870e-19
24300.00 8.720697e-19
24310.00 8.409531e-19
24320.00 8.106238e-19
24330.00 7.810690e-19
24340.00 7.522748e-19
24350.00 7.242297e-19
24360.00 6.969200e-19
24370.00 6.703332e-19
24380.00 6.444572e-19
24390.00 6.192796e-19
24400.00 5.947881e-19
24410.00 5.709710e-19
24420.00 5.478165e-19
24430.00 5.253127e-19
24440.00 5.034484e-19
24450.00 4.822121e-19
24460.00 4.615925e-19
24470.00 4.415780e-19
24480.00 4.221586e-19
24490.00 4.033226e-19
24500.00 3.850597e-19
24510.00 3.673594e-19
24520.00 3.502110e-19
24530.00 3.336042e-19
24540.00 3.175290e-19
24550.00 3.019751e-19
24560.00 2.869328e-19
24570.00 2.723922e-19
24580.00 2.583435e-19
24590.00 2.447771e-19
24600.00 2.316837e-19
24610.00 2.190541e-19
24620.00 2.068786e-19
24630.00 1.951485e-19
24640.00 1.838548e-19
24650.00 1.729884e-19
24660.00 1.625406e-19
24670.00 1.525031e-19
24680.00 1.428668e-19
24690.00 1.336237e-19
24700.00 1.247652e-19
24710.00 1.162832e-19
24720.00 1.081696e-19
24730.00 1.004164e-19
24740.00 9.301561e-20
24750.00 8.595953e-20
24760.00 7.924040e-20
24770.00 7.285058e-20
24780.00 6.678265e-20
24790.00 6.102914e-20
24800.00 5.558275e-20
24810.00 5.043626e-20
24820.00 4.558256e-20
24830.00 4.101462e-20
24840.00 3.672548e-20
24850.00 3.270833e-20
24860.00 2.895638e-20
24870.00 2.546297e-20
24880.00 2.222155e-20
24890.00 1.922560e-20
24900.00 1.646872e-20
24910.00 1.394460e-20
24920.00 1.164701e-20
24930.00 9.569783e-21
24940.00 7.706860e-21
24950.00 6.052250e-21
24960.00 4.600051e-21
24970.00 3.344439e-21
24980.00 2.279664e-21
24990.00 1.400058e-21
25000.00 7.000308e-22
