1000.00 3.613241e-21
1010.00 2.371119e-20
1020.00 6.352086e-20
1030.00 1.284692e-19
1040.00 2.252647e-19
1050.00 3.621400e-19
1060.00 5.491318e-19
1070.00 7.984128e-19
1080.00 1.124674e-18
1090.00 1.545562e-18
1100.00 2.082194e-18
1110.00 2.759750e-18
1120.00 3.608130e-18
1130.00 4.662737e-18
1140.00 5.965363e-18
1150.00 7.565157e-18
1160.00 9.519803e-18
1170.00 1.189679e-17
1180.00 1.477485e-17
1190.00 1.824561e-17
1200.00 2.241547e-17
1210.00 2.740770e-17
1220.00 3.336463e-17
1230.00 4.045039e-17
1240.00 4.885390e-17
1250.00 5.879979e-17
1260.00 7.055455e-17
1270.00 8.444666e-17
1280.00 1.008399e-16
1290.00 1.201507e-16
1300.00 1.428597e-16
1310.00 1.695207e-16
1320.00 2.007714e-16
1330.00 2.373449e-16
1340.00 2.800826e-16
1350.00 3.299496e-16
1360.00 3.880513e-16
1370.00 4.556518e-16
1380.00 5.341955e-16
1390.00 6.253317e-16
1400.00 7.309390e-16
1410.00 8.531576e-16
1420.00 9.944231e-16
1430.00 1.157500e-15
1440.00 1.345532e-15
1450.00 1.562077e-15
1460.00 1.811174e-15
1470.00 2.097388e-15
1480.00 2.425889e-15
1490.00 2.802513e-15
1500.00 3.233851e-15
1510.00 3.727343e-15
1520.00 4.291372e-15
1530.00 4.935378e-15
1540.00 5.670001e-15
1550.00 6.507195e-15
1560.00 7.460409e-15
1570.00 8.544754e-15
1580.00 9.777209e-15
1590.00 1.117682e-14
1600.00 1.276495e-14
1610.00 1.456560e-14
1620.00 1.660565e-14
1630.00 1.891520e-14
1640.00 2.152806e-14
1650.00 2.448206e-14
1660.00 2.781958e-14
1670.00 3.158814e-14
1680.00 3.584095e-14
1690.00 4.063760e-14
1700.00 4.604478e-14
1710.00 5.213700e-14
1720.00 5.899805e-14
1730.00 6.672228e-14
1740.00 7.541553e-14
1750.00 8.519676e-14
1760.00 9.619986e-14
1770.00 1.085754e-13
1780.00 1.224929e-13
1790.00 1.381438e-13
1800.00 1.557438e-13
1810.00 1.755369e-13
1820.00 1.977987e-13
1830.00 2.228417e-13
1840.00 2.510198e-13
1850.00 2.827347e-13
1860.00 3.184427e-13
1870.00 3.586627e-13
1880.00 4.039853e-13
1890.00 4.550833e-13
1900.00 5.127227e-13
1910.00 5.777773e-13
1920.00 6.512421e-13
1930.00 7.342495e-13
1940.00 8.280879e-13
1950.00 9.342197e-13
1960.00 1.054299e-12
1970.00 1.190192e-12
1980.00 1.343992e-12
1990.00 1.518033e-12
2000.00 1.714895e-12
2010.00 1.937411e-12
2020.00 2.188644e-12
2030.00 2.471864e-12
2040.00 2.790505e-12
2050.00 3.148096e-12
2060.00 3.548166e-12
2070.00 3.994149e-12
2080.00 4.489250e-12
2090.00 5.036309e-12
2100.00 5.637688e-12
2110.00 6.295155e-12
2120.00 7.009801e-12
2130.00 7.782049e-12
2140.00 8.611669e-12
2150.00 9.497888e-12
2160.00 1.043958e-11
2170.00 1.143545e-11
2180.00 1.248431e-11
2190.00 1.358529e-11
2200.00 1.473814e-11
2210.00 1.594331e-11
2220.00 1.720223e-11
2230.00 1.851729e-11
2240.00 1.989197e-11
2250.00 2.133075e-11
2260.00 2.283919e-11
2270.00 2.442375e-11
2280.00 2.609178e-11
2290.00 2.785155e-11
2300.00 2.971194e-11
2310.00 3.168268e-11
2320.00 3.377413e-11
2330.00 3.599737e-11
2340.00 3.836404e-11
2350.00 4.088654e-11
2360.00 4.357796e-11
2370.00 4.645204e-11
2380.00 4.952334e-11
2390.00 5.280726e-11
2400.00 5.631998e-11
2410.00 6.007868e-11
2420.00 6.410156e-11
2430.00 6.840776e-11
2440.00 7.301768e-11
2450.00 7.795294e-11
2460.00 8.323635e-11
2470.00 8.889222e-11
2480.00 9.494637e-11
2490.00 1.014260e-10
2500.00 1.803574e-10
2510.00 1.696187e-10
2520.00 1.744591e-10
2530.00 1.473567e-10
2540.00 1.181571e-10
2550.00 1.408974e-10
2560.00 1.843039e-10
2570.00 1.738008e-10
2580.00 1.663534e-10
2590.00 1.742448e-10
2600.00 1.786943e-10
2610.00 2.124940e-10
2620.00 1.975281e-10
2630.00 1.861201e-10
2640.00 2.043282e-10
2650.00 2.817887e-10
2660.00 2.790271e-10
2670.00 2.824004e-10
2680.00 3.298564e-10
2690.00 3.340600e-10
2700.00 3.640608e-10
2710.00 4.012009e-10
2720.00 4.253658e-10
2730.00 4.523498e-10
2740.00 4.935147e-10
2750.00 5.075878e-10
2760.00 5.059153e-10
2770.00 5.288086e-10
2780.00 6.427392e-10
2790.00 7.295193e-10
2800.00 7.736408e-10
2810.00 9.194522e-10
2820.00 1.077629e-09
2830.00 1.190856e-09
2840.00 1.285605e-09
2850.00 1.291188e-09
2860.00 1.377022e-09
2870.00 1.419984e-09
2880.00 1.571137e-09
2890.00 1.578211e-09
2900.00 1.717299e-09
2910.00 1.845068e-09
2920.00 1.883710e-09
2930.00 1.930825e-09
2940.00 1.962027e-09
2950.00 1.963808e-09
2960.00 1.936027e-09
2970.00 2.139711e-09
2980.00 2.302249e-09
2990.00 2.323248e-09
3000.00 2.384363e-09
3010.00 2.433862e-09
3020.00 2.652501e-09
3030.00 2.916049e-09
3040.00 3.055545e-09
3050.00 2.939632e-09
3060.00 2.900821e-09
3070.00 3.114109e-09
3080.00 3.229304e-09
3090.00 2.902547e-09
3100.00 2.822151e-09
3110.00 2.760389e-09
3120.00 2.762764e-09
3130.00 3.136132e-09
3140.00 3.115211e-09
3150.00 2.661589e-09
3160.00 3.130624e-09
3170.00 3.404403e-09
3180.00 3.154188e-09
3190.00 3.024481e-09
3200.00 3.119767e-09
3210.00 2.934456e-09
3220.00 3.111496e-09
3230.00 3.031451e-09
3240.00 3.112544e-09
3250.00 3.581757e-09
3260.00 3.735039e-09
3270.00 3.885605e-09
3280.00 4.107532e-09
3290.00 4.188160e-09
3300.00 4.393726e-09
3310.00 5.028745e-09
3320.00 5.146757e-09
3330.00 5.524983e-09
3340.00 5.961780e-09
3350.00 5.834831e-09
3360.00 5.945344e-09
3370.00 5.684035e-09
3380.00 5.628002e-09
3390.00 5.794577e-09
3400.00 5.869749e-09
3410.00 6.240076e-09
3420.00 6.591484e-09
3430.00 7.080605e-09
3440.00 7.298327e-09
3450.00 7.317461e-09
3460.00 7.435201e-09
3470.00 7.306679e-09
3480.00 6.818674e-09
3490.00 6.873315e-09
3500.00 7.045074e-09
3510.00 6.978161e-09
3520.00 6.901282e-09
3530.00 6.842656e-09
3540.00 6.896468e-09
3550.00 7.165577e-09
3560.00 7.079766e-09
3570.00 7.464062e-09
3580.00 7.643145e-09
3590.00 7.734169e-09
3600.00 7.666383e-09
3610.00 7.739596e-09
3620.00 7.557804e-09
3630.00 7.391227e-09
3640.00 7.191003e-09
3650.00 7.252407e-09
3660.00 7.038435e-09
3670.00 7.015088e-09
3680.00 6.790790e-09
3690.00 6.762899e-09
3700.00 6.833721e-09
3710.00 7.068264e-09
3720.00 6.963157e-09
3730.00 6.980725e-09
3740.00 7.006597e-09
3750.00 7.175138e-09
3760.00 7.306602e-09
3770.00 7.374421e-09
3780.00 7.478193e-09
3790.00 7.463842e-09
3800.00 7.307165e-09
3810.00 7.361326e-09
3820.00 7.453926e-09
3830.00 7.361743e-09
3840.00 7.327967e-09
3850.00 7.246509e-09
3860.00 7.069514e-09
3870.00 6.916158e-09
3880.00 7.048556e-09
3890.00 7.160825e-09
3900.00 7.189852e-09
3910.00 7.383848e-09
3920.00 7.531926e-09
3930.00 7.570923e-09
3940.00 7.685288e-09
3950.00 7.585198e-09
3960.00 7.426031e-09
3970.00 7.486562e-09
3980.00 7.612029e-09
3990.00 7.551436e-09
4000.00 7.532615e-09
4010.00 7.693026e-09
4020.00 7.842481e-09
4030.00 8.028263e-09
4040.00 8.079572e-09
4050.00 7.841801e-09
4060.00 7.683246e-09
4070.00 7.684516e-09
4080.00 7.503213e-09
4090.00 7.284216e-09
4100.00 7.101731e-09
4110.00 6.883039e-09
4120.00 6.610452e-09
4130.00 6.488704e-09
4140.00 6.330039e-09
4150.00 6.139590e-09
4160.00 5.927207e-09
4170.00 5.756154e-09
4180.00 5.581430e-09
4190.00 5.357258e-09
4200.00 5.120436e-09
4210.00 4.853924e-09
4220.00 4.557667e-09
4230.00 4.342991e-09
4240.00 4.181982e-09
4250.00 3.993732e-09
4260.00 3.931354e-09
4270.00 3.989252e-09
4280.00 4.019627e-09
4290.00 4.213048e-09
4300.00 4.373496e-09
4310.00 4.600828e-09
4320.00 4.775276e-09
4330.00 5.024700e-09
4340.00 5.244499e-09
4350.00 5.398908e-09
4360.00 5.582603e-09
4370.00 5.541624e-09
4380.00 5.411888e-09
4390.00 5.214295e-09
4400.00 4.938612e-09
4410.00 4.809197e-09
4420.00 4.782749e-09
4430.00 4.788568e-09
4440.00 4.797117e-09
4450.00 4.935670e-09
4460.00 5.005021e-09
4470.00 5.048254e-09
4480.00 5.014055e-09
4490.00 4.892242e-09
4500.00 4.876640e-09
4510.00 4.854995e-09
4520.00 4.890463e-09
4530.00 4.900440e-09
4540.00 4.906442e-09
4550.00 4.982828e-09
4560.00 5.094717e-09
4570.00 5.084597e-09
4580.00 5.160688e-09
4590.00 5.328532e-09
4600.00 5.409238e-09
4610.00 5.273598e-09
4620.00 5.224896e-09
4630.00 5.154022e-09
4640.00 5.032847e-09
4650.00 4.877136e-09
4660.00 4.762459e-09
4670.00 4.528655e-09
4680.00 4.427517e-09
4690.00 4.392699e-09
4700.00 4.370937e-09
4710.00 4.269005e-09
4720.00 4.225995e-09
4730.00 4.181991e-09
4740.00 4.114776e-09
4750.00 4.068779e-09
4760.00 4.012767e-09
4770.00 4.013423e-09
4780.00 4.016075e-09
4790.00 4.047451e-09
4800.00 4.050387e-09
4810.00 4.084469e-09
4820.00 4.081958e-09
4830.00 4.065114e-09
4840.00 3.976179e-09
4850.00 3.862735e-09
4860.00 3.698839e-09
4870.00 3.422926e-09
4880.00 3.209489e-09
4890.00 3.057792e-09
4900.00 2.902990e-09
4910.00 2.736392e-09
4920.00 2.631515e-09
4930.00 2.495625e-09
4940.00 2.391015e-09
4950.00 2.310305e-09
4960.00 2.273269e-09
4970.00 2.262393e-09
4980.00 2.296797e-09
4990.00 2.346306e-09
5000.00 2.412814e-09
5010.00 2.497259e-09
5020.00 2.625432e-09
5030.00 2.737739e-09
5040.00 2.832362e-09
5050.00 2.855211e-09
5060.00 2.918563e-09
5070.00 2.981776e-09
5080.00 3.024180e-09
5090.00 3.103943e-09
5100.00 3.131420e-09
5110.00 3.182288e-09
5120.00 3.221263e-09
5130.00 3.239752e-09
5140.00 3.276770e-09
5150.00 3.276661e-09
5160.00 3.256811e-09
5170.00 3.280785e-09
5180.00 3.252862e-09
5190.00 3.239670e-09
5200.00 3.246843e-09
5210.00 3.220123e-09
5220.00 3.156485e-09
5230.00 3.114131e-09
5240.00 3.051677e-09
5250.00 3.002391e-09
5260.00 2.915426e-09
5270.00 2.839502e-09
5280.00 2.754286e-09
5290.00 2.722570e-09
5300.00 2.702824e-09
5310.00 2.643387e-09
5320.00 2.622050e-09
5330.00 2.610691e-09
5340.00 2.591103e-09
5350.00 2.577223e-09
5360.00 2.565284e-09
5370.00 2.552869e-09
5380.00 2.557593e-09
5390.00 2.567412e-09
5400.00 2.577949e-09
5410.00 2.566730e-09
5420.00 2.574960e-09
5430.00 2.580152e-09
5440.00 2.585475e-09
5450.00 2.593959e-09
5460.00 2.592920e-09
5470.00 2.604552e-09
5480.00 2.616017e-09
5490.00 2.618097e-09
5500.00 2.611835e-09
5510.00 2.573993e-09
5520.00 2.541865e-09
5530.00 2.499450e-09
5540.00 2.445024e-09
5550.00 2.428434e-09
5560.00 2.370330e-09
5570.00 2.352146e-09
5580.00 2.389920e-09
5590.00 2.374627e-09
5600.00 2.355983e-09
5610.00 2.368948e-09
5620.00 2.370197e-09
5630.00 2.376372e-09
5640.00 2.383489e-09
5650.00 2.373192e-09
5660.00 2.371117e-09
5670.00 2.365762e-09
5680.00 2.381404e-09
5690.00 2.379039e-09
5700.00 2.359803e-09
5710.00 2.333876e-09
5720.00 2.323493e-09
5730.00 2.347918e-09
5740.00 2.345107e-09
5750.00 2.329998e-09
5760.00 2.343011e-09
5770.00 2.359155e-09
5780.00 2.353122e-09
5790.00 2.358898e-09
5800.00 2.366905e-09
5810.00 2.350728e-09
5820.00 2.341961e-09
5830.00 2.351467e-09
5840.00 2.348652e-09
5850.00 2.354105e-09
5860.00 2.356793e-09
5870.00 2.346886e-09
5880.00 2.343938e-09
5890.00 2.346273e-09
5900.00 2.344075e-09
5910.00 2.341481e-09
5920.00 2.259978e-09
5930.00 2.133203e-09
5940.00 2.204974e-09
5950.00 2.278844e-09
5960.00 2.291388e-09
5970.00 2.276267e-09
5980.00 2.280414e-09
5990.00 2.248975e-09
6000.00 2.239096e-09
6010.00 2.214235e-09
6020.00 2.203595e-09
6030.00 2.167621e-09
6040.00 2.136352e-09
6050.00 2.102927e-09
6060.00 2.075137e-09
6070.00 2.055027e-09
6080.00 2.047741e-09
6090.00 2.011562e-09
6100.00 1.980431e-09
6110.00 1.961360e-09
6120.00 1.968380e-09
6130.00 1.946336e-09
6140.00 1.906375e-09
6150.00 1.901738e-09
6160.00 1.882213e-09
6170.00 1.866886e-09
6180.00 1.858964e-09
6190.00 1.837260e-09
6200.00 1.830652e-09
6210.00 1.804638e-09
6220.00 1.782098e-09
6230.00 1.781008e-09
6240.00 1.773183e-09
6250.00 1.760932e-09
6260.00 1.776617e-09
6270.00 1.756692e-09
6280.00 1.720396e-09
6290.00 1.721434e-09
6300.00 1.730256e-09
6310.00 1.754942e-09
6320.00 1.736358e-09
6330.00 1.755491e-09
6340.00 1.742052e-09
6350.00 1.741695e-09
6360.00 1.743256e-09
6370.00 1.748907e-09
6380.00 1.725591e-09
6390.00 1.728825e-09
6400.00 1.722618e-09
6410.00 1.698924e-09
6420.00 1.694359e-09
6430.00 1.676181e-09
6440.00 1.665641e-09
6450.00 1.655056e-09
6460.00 1.669366e-09
6470.00 1.632970e-09
6480.00 1.591196e-09
6490.00 1.571671e-09
6500.00 1.570798e-09
6510.00 1.552752e-09
6520.00 1.534908e-09
6530.00 1.538083e-09
6540.00 1.522925e-09
6550.00 1.532606e-09
6560.00 1.542953e-09
6570.00 1.527653e-09
6580.00 1.536711e-09
6590.00 1.551328e-09
6600.00 1.535560e-09
6610.00 1.508988e-09
6620.00 1.508468e-09
6630.00 1.506841e-09
6640.00 1.499950e-09
6650.00 1.487157e-09
6660.00 1.482761e-09
6670.00 1.491681e-09
6680.00 1.489614e-09
6690.00 1.484963e-09
6700.00 1.467490e-09
6710.00 1.440438e-09
6720.00 1.453155e-09
6730.00 1.442268e-09
6740.00 1.433179e-09
6750.00 1.400964e-09
6760.00 1.390873e-09
6770.00 1.386706e-09
6780.00 1.369620e-09
6790.00 1.365304e-09
6800.00 1.362379e-09
6810.00 1.348214e-09
6820.00 1.326765e-09
6830.00 1.324540e-09
6840.00 1.311045e-09
6850.00 1.282784e-09
6860.00 1.237001e-09
6870.00 1.077099e-09
6880.00 1.063453e-09
6890.00 1.087979e-09
6900.00 1.122928e-09
6910.00 1.144844e-09
6920.00 1.181412e-09
6930.00 1.185290e-09
6940.00 1.184592e-09
6950.00 1.194241e-09
6960.00 1.180783e-09
6970.00 1.187234e-09
6980.00 1.177479e-09
6990.00 1.156866e-09
7000.00 1.165456e-09
7010.00 1.147076e-09
7020.00 1.136596e-09
7030.00 1.121344e-09
7040.00 1.120637e-09
7050.00 1.121637e-09
7060.00 1.118359e-09
7070.00 1.096153e-09
7080.00 1.085085e-09
7090.00 1.062565e-09
7100.00 1.073506e-09
7110.00 1.070651e-09
7120.00 1.074185e-09
7130.00 1.050668e-09
7140.00 1.047974e-09
7150.00 1.036590e-09
7160.00 1.012970e-09
7170.00 9.760312e-10
7180.00 9.268436e-10
7190.00 9.251682e-10
7200.00 9.167317e-10
7210.00 9.356239e-10
7220.00 9.554442e-10
7230.00 9.344680e-10
7240.00 8.941567e-10
7250.00 8.921825e-10
7260.00 8.848544e-10
7270.00 8.894826e-10
7280.00 8.674314e-10
7290.00 9.000549e-10
7300.00 8.925271e-10
7310.00 8.914015e-10
7320.00 8.888155e-10
7330.00 9.035443e-10
7340.00 8.804754e-10
7350.00 8.935323e-10
7360.00 8.835728e-10
7370.00 8.656667e-10
7380.00 8.740151e-10
7390.00 8.579257e-10
7400.00 8.557195e-10
7410.00 8.478628e-10
7420.00 8.529713e-10
7430.00 8.374499e-10
7440.00 8.377765e-10
7450.00 8.253590e-10
7460.00 8.230522e-10
7470.00 8.114395e-10
7480.00 8.074660e-10
7490.00 8.107758e-10
7500.00 7.697313e-10
7510.00 7.764764e-10
7520.00 7.768679e-10
7530.00 7.745647e-10
7540.00 7.715528e-10
7550.00 7.763341e-10
7560.00 7.634939e-10
7570.00 7.565014e-10
7580.00 7.635771e-10
7590.00 7.502139e-10
7600.00 7.398472e-10
7610.00 7.506856e-10
7620.00 7.567029e-10
7630.00 7.628965e-10
7640.00 7.741578e-10
7650.00 7.863254e-10
7660.00 7.952428e-10
7670.00 8.005488e-10
7680.00 7.971160e-10
7690.00 8.099536e-10
7700.00 7.936022e-10
7710.00 8.029216e-10
7720.00 8.046875e-10
7730.00 7.949055e-10
7740.00 7.972452e-10
7750.00 7.953580e-10
7760.00 7.875814e-10
7770.00 7.983864e-10
7780.00 7.831731e-10
7790.00 7.810624e-10
7800.00 7.695026e-10
7810.00 7.577351e-10
7820.00 7.394995e-10
7830.00 7.266686e-10
7840.00 7.129989e-10
7850.00 6.944675e-10
7860.00 6.872422e-10
7870.00 6.764446e-10
7880.00 6.659033e-10
7890.00 6.523005e-10
7900.00 6.450794e-10
7910.00 6.302630e-10
7920.00 6.227267e-10
7930.00 6.171206e-10
7940.00 6.181424e-10
7950.00 6.144496e-10
7960.00 6.001791e-10
7970.00 5.849800e-10
7980.00 5.837436e-10
7990.00 5.815660e-10
8000.00 5.745451e-10
8010.00 5.719766e-10
8020.00 5.674010e-10
8030.00 5.711650e-10
8040.00 5.809288e-10
8050.00 5.891585e-10
8060.00 5.930823e-10
8070.00 5.898317e-10
8080.00 5.877552e-10
8090.00 5.752401e-10
8100.00 5.734558e-10
8110.00 5.688660e-10
8120.00 5.717101e-10
8130.00 5.693531e-10
8140.00 5.535946e-10
8150.00 5.438168e-10
8160.00 5.327105e-10
8170.00 5.168433e-10
8180.00 5.045741e-10
8190.00 5.095711e-10
8200.00 4.915168e-10
8210.00 5.049390e-10
8220.00 4.788067e-10
8230.00 4.278766e-10
8240.00 5.026919e-10
8250.00 4.965747e-10
8260.00 4.833768e-10
8270.00 5.060164e-10
8280.00 4.768436e-10
8290.00 4.841754e-10
8300.00 4.810370e-10
8310.00 4.704828e-10
8320.00 4.566225e-10
8330.00 4.667232e-10
8340.00 4.526252e-10
8350.00 4.677022e-10
8360.00 4.676487e-10
8370.00 4.750943e-10
8380.00 4.840277e-10
8390.00 4.919139e-10
8400.00 4.903614e-10
8410.00 5.016594e-10
8420.00 5.025373e-10
8430.00 5.056530e-10
8440.00 5.055275e-10
8450.00 5.155068e-10
8460.00 5.144300e-10
8470.00 5.159426e-10
8480.00 5.223854e-10
8490.00 5.154960e-10
8500.00 5.286930e-10
8510.00 5.166872e-10
8520.00 5.202252e-10
8530.00 5.203209e-10
8540.00 5.264868e-10
8550.00 5.229449e-10
8560.00 5.142292e-10
8570.00 5.127911e-10
8580.00 5.115135e-10
8590.00 5.047844e-10
8600.00 5.018833e-10
8610.00 5.011914e-10
8620.00 5.040439e-10
8630.00 4.986321e-10
8640.00 5.084092e-10
8650.00 5.080014e-10
8660.00 5.021483e-10
8670.00 4.910523e-10
8680.00 4.983000e-10
8690.00 4.869635e-10
8700.00 4.896219e-10
8710.00 4.885008e-10
8720.00 4.746915e-10
8730.00 4.847572e-10
8740.00 4.811934e-10
8750.00 4.738001e-10
8760.00 4.710018e-10
8770.00 4.687575e-10
8780.00 4.664513e-10
8790.00 4.605149e-10
8800.00 4.447520e-10
8810.00 4.423161e-10
8820.00 4.291917e-10
8830.00 4.109095e-10
8840.00 4.001192e-10
8850.00 3.931834e-10
8860.00 3.816157e-10
8870.00 3.754103e-10
8880.00 3.544950e-10
8890.00 3.597524e-10
8900.00 3.528841e-10
8910.00 3.569233e-10
8920.00 3.496459e-10
8930.00 3.505230e-10
8940.00 3.567617e-10
8950.00 3.482063e-10
8960.00 3.495875e-10
8970.00 3.335080e-10
8980.00 3.517465e-10
8990.00 3.204395e-10
9000.00 3.296307e-10
9010.00 3.250787e-10
9020.00 3.168094e-10
9030.00 3.243213e-10
9040.00 3.311874e-10
9050.00 3.229157e-10
9060.00 3.233150e-10
9070.00 3.156137e-10
9080.00 3.185028e-10
9090.00 3.196846e-10
9100.00 3.166427e-10
9110.00 3.266146e-10
9120.00 3.219264e-10
9130.00 3.171336e-10
9140.00 3.281875e-10
9150.00 3.219399e-10
9160.00 3.166893e-10
9170.00 3.274544e-10
9180.00 3.225023e-10
9190.00 3.420072e-10
9200.00 3.283182e-10
9210.00 3.377052e-10
9220.00 3.356155e-10
9230.00 3.320124e-10
9240.00 3.243987e-10
9250.00 3.234963e-10
9260.00 3.315275e-10
9270.00 3.238042e-10
9280.00 3.143176e-10
9290.00 3.120799e-10
9300.00 2.972957e-10
9310.00 2.704089e-10
9320.00 2.402727e-10
9330.00 2.380942e-10
9340.00 2.074168e-10
9350.00 2.228480e-10
9360.00 2.111080e-10
9370.00 2.270042e-10
9380.00 2.139882e-10
9390.00 2.539782e-10
9400.00 2.635593e-10
9410.00 2.564868e-10
9420.00 2.385000e-10
9430.00 2.142124e-10
9440.00 2.093361e-10
9450.00 2.194460e-10
9460.00 2.103604e-10
9470.00 2.169303e-10
9480.00 2.231591e-10
9490.00 2.238806e-10
9500.00 1.904001e-10
9510.00 2.239969e-10
9520.00 1.968644e-10
9530.00 2.024135e-10
9540.00 2.118732e-10
9550.00 2.041969e-10
9560.00 2.051375e-10
9570.00 1.902488e-10
9580.00 2.116228e-10
9590.00 1.909824e-10
9600.00 2.001808e-10
9610.00 1.966335e-10
9620.00 2.015684e-10
9630.00 1.973636e-10
9640.00 1.956636e-10
9650.00 1.942132e-10
9660.00 2.043956e-10
9670.00 1.821270e-10
9680.00 1.893764e-10
9690.00 1.862699e-10
9700.00 1.841674e-10
9710.00 1.894755e-10
9720.00 1.788054e-10
9730.00 1.883744e-10
9740.00 1.782982e-10
9750.00 1.765558e-10
9760.00 1.707378e-10
9770.00 1.822551e-10
9780.00 1.748677e-10
9790.00 1.718690e-10
9800.00 1.745714e-10
9810.00 1.636353e-10
9820.00 1.680065e-10
9830.00 1.708363e-10
9840.00 1.724952e-10
9850.00 1.697461e-10
9860.00 1.674847e-10
9870.00 1.639465e-10
9880.00 1.720805e-10
9890.00 1.623456e-10
9900.00 1.648202e-10
9910.00 1.498992e-10
9920.00 1.642448e-10
9930.00 1.481569e-10
9940.00 1.477831e-10
9950.00 1.631008e-10
9960.00 1.538548e-10
9970.00 1.540279e-10
9980.00 1.539853e-10
9990.00 1.545232e-10
10000.00 1.548738e-10
10010.00 1.574458e-10
10020.00 1.563663e-10
10030.00 1.552943e-10
10040.00 1.542296e-10
10050.00 1.531722e-10
10060.00 1.521219e-10
10070.00 1.510790e-10
10080.00 1.500432e-10
10090.00 1.490144e-10
10100.00 1.479927e-10
10110.00 1.469780e-10
10120.00 1.459702e-10
10130.00 1.449694e-10
10140.00 1.439754e-10
10150.00 1.429881e-10
10160.00 1.420077e-10
10170.00 1.410339e-10
10180.00 1.400668e-10
10190.00 1.391063e-10
10200.00 1.381525e-10
10210.00 1.372051e-10
10220.00 1.362642e-10
10230.00 1.353297e-10
10240.00 1.344017e-10
10250.00 1.334799e-10
10260.00 1.325645e-10
10270.00 1.316553e-10
10280.00 1.307523e-10
10290.00 1.298555e-10
10300.00 1.289648e-10
10310.00 1.280803e-10
10320.00 1.272017e-10
10330.00 1.263291e-10
10340.00 1.254625e-10
10350.00 1.246019e-10
10360.00 1.237471e-10
10370.00 1.228981e-10
10380.00 1.220550e-10
10390.00 1.212176e-10
10400.00 1.203859e-10
10410.00 1.195599e-10
10420.00 1.187396e-10
10430.00 1.179248e-10
10440.00 1.171156e-10
10450.00 1.163119e-10
10460.00 1.155137e-10
10470.00 1.147209e-10
10480.00 1.139337e-10
10490.00 1.131517e-10
10500.00 1.123750e-10
10510.00 1.116037e-10
10520.00 1.108375e-10
10530.00 1.100767e-10
10540.00 1.093211e-10
10550.00 1.085705e-10
10560.00 1.078251e-10
10570.00 1.070848e-10
10580.00 1.063496e-10
10590.00 1.056192e-10
10600.00 1.048940e-10
10610.00 1.041737e-10
10620.00 1.034582e-10
10630.00 1.027477e-10
10640.00 1.020420e-10
10650.00 1.013411e-10
10660.00 1.006450e-10
10670.00 9.995367e-11
10680.00 9.926698e-11
10690.00 9.858499e-11
10700.00 9.790769e-11
10710.00 9.723492e-11
10720.00 9.656680e-11
10730.00 9.590326e-11
10740.00 9.524416e-11
10750.00 9.458959e-11
10760.00 9.393949e-11
10770.00 9.329378e-11
10780.00 9.265251e-11
10790.00 9.201560e-11
10800.00 9.138300e-11
10810.00 9.075475e-11
10820.00 9.013076e-11
10830.00 8.951099e-11
10840.00 8.889549e-11
10850.00 8.828416e-11
10860.00 8.767697e-11
10870.00 8.707395e-11
10880.00 8.647504e-11
10890.00 8.588017e-11
10900.00 8.528938e-11
10910.00 8.470262e-11
10920.00 8.411983e-11
10930.00 8.354103e-11
10940.00 8.296616e-11
10950.00 8.239522e-11
10960.00 8.182813e-11
10970.00 8.126493e-11
10980.00 8.070557e-11
10990.00 8.014997e-11
11000.00 7.959821e-11
11010.00 7.905018e-11
11020.00 7.850588e-11
11030.00 7.796530e-11
11040.00 7.742839e-11
11050.00 7.689512e-11
11060.00 7.636549e-11
11070.00 7.583949e-11
11080.00 7.531702e-11
11090.00 7.479815e-11
11100.00 7.428282e-11
11110.00 7.377095e-11
11120.00 7.326260e-11
11130.00 7.275772e-11
11140.00 7.225624e-11
11150.00 7.175819e-11
11160.00 7.126354e-11
11170.00 7.077224e-11
11180.00 7.028429e-11
11190.00 6.979968e-11
11200.00 6.931834e-11
11210.00 6.884029e-11
11220.00 6.836552e-11
11230.00 6.789393e-11
11240.00 6.742558e-11
11250.00 6.696044e-11
11260.00 6.649841e-11
11270.00 6.603957e-11
11280.00 6.558385e-11
11290.00 6.513121e-11
11300.00 6.468166e-11
11310.00 6.423519e-11
11320.00 6.379173e-11
11330.00 6.335131e-11
11340.00 6.291389e-11
11350.00 6.247945e-11
11360.00 6.204794e-11
11370.00 6.161939e-11
11380.00 6.119376e-11
11390.00 6.077101e-11
11400.00 6.035115e-11
11410.00 5.993416e-11
11420.00 5.951998e-11
11430.00 5.910865e-11
11440.00 5.870011e-11
11450.00 5.829434e-11
11460.00 5.789135e-11
11470.00 5.749110e-11
11480.00 5.709356e-11
11490.00 5.669875e-11
11500.00 5.630662e-11
11510.00 5.591715e-11
11520.00 5.553035e-11
11530.00 5.514619e-11
11540.00 5.476461e-11
11550.00 5.438567e-11
11560.00 5.400930e-11
11570.00 5.363546e-11
11580.00 5.326421e-11
11590.00 5.289548e-11
11600.00 5.252924e-11
11610.00 5.216553e-11
11620.00 5.180428e-11
11630.00 5.144548e-11
11640.00 5.108914e-11
11650.00 5.073522e-11
11660.00 5.038371e-11
11670.00 5.003460e-11
11680.00 4.968788e-11
11690.00 4.934349e-11
11700.00 4.900149e-11
11710.00 4.866180e-11
11720.00 4.832444e-11
11730.00 4.798935e-11
11740.00 4.765656e-11
11750.00 4.732604e-11
11760.00 4.699777e-11
11770.00 4.667173e-11
11780.00 4.634793e-11
11790.00 4.602633e-11
11800.00 4.570692e-11
11810.00 4.538970e-11
11820.00 4.507462e-11
11830.00 4.476171e-11
11840.00 4.445093e-11
11850.00 4.414226e-11
11860.00 4.383570e-11
11870.00 4.353125e-11
11880.00 4.322885e-11
11890.00 4.292852e-11
11900.00 4.263025e-11
11910.00 4.233399e-11
11920.00 4.203977e-11
11930.00 4.174756e-11
11940.00 4.145734e-11
11950.00 4.116909e-11
11960.00 4.088283e-11
11970.00 4.059850e-11
11980.00 4.031612e-11
11990.00 4.003568e-11
12000.00 3.975714e-11
12010.00 3.948051e-11
12020.00 3.920577e-11
12030.00 3.893289e-11
12040.00 3.866188e-11
12050.00 3.839274e-11
12060.00 3.812541e-11
12070.00 3.785992e-11
12080.00 3.759625e-11
12090.00 3.733437e-11
12100.00 3.707428e-11
12110.00 3.681597e-11
12120.00 3.655943e-11
12130.00 3.630462e-11
12140.00 3.605157e-11
12150.00 3.580026e-11
12160.00 3.555064e-11
12170.00 3.530273e-11
12180.00 3.505653e-11
12190.00 3.481201e-11
12200.00 3.456916e-11
12210.00 3.432797e-11
12220.00 3.408842e-11
12230.00 3.385052e-11
12240.00 3.361425e-11
12250.00 3.337958e-11
12260.00 3.314653e-11
12270.00 3.291507e-11
12280.00 3.268519e-11
12290.00 3.245688e-11
12300.00 3.223015e-11
12310.00 3.200494e-11
12320.00 3.178129e-11
12330.00 3.155918e-11
12340.00 3.133857e-11
12350.00 3.111948e-11
12360.00 3.090189e-11
12370.00 3.068579e-11
12380.00 3.047117e-11
12390.00 3.025802e-11
12400.00 3.004632e-11
12410.00 2.983607e-11
12420.00 2.962728e-11
12430.00 2.941990e-11
12440.00 2.921394e-11
12450.00 2.900941e-11
12460.00 2.880628e-11
12470.00 2.860453e-11
12480.00 2.840416e-11
12490.00 2.820517e-11
12500.00 2.800754e-11
12510.00 2.781126e-11
12520.00 2.761634e-11
12530.00 2.742274e-11
12540.00 2.723048e-11
12550.00 2.703953e-11
12560.00 2.684989e-11
12570.00 2.666156e-11
12580.00 2.647453e-11
12590.00 2.628876e-11
12600.00 2.610427e-11
12610.00 2.592105e-11
12620.00 2.573908e-11
12630.00 2.555838e-11
12640.00 2.537890e-11
12650.00 2.520066e-11
12660.00 2.502364e-11
12670.00 2.484785e-11
12680.00 2.467324e-11
12690.00 2.449984e-11
12700.00 2.432764e-11
12710.00 2.415662e-11
12720.00 2.398677e-11
12730.00 2.381809e-11
12740.00 2.365056e-11
12750.00 2.348419e-11
12760.00 2.331897e-11
12770.00 2.315487e-11
12780.00 2.299191e-11
12790.00 2.283007e-11
12800.00 2.266934e-11
12810.00 2.250971e-11
12820.00 2.235119e-11
12830.00 2.219375e-11
12840.00 2.203740e-11
12850.00 2.188212e-11
12860.00 2.172791e-11
12870.00 2.157475e-11
12880.00 2.142266e-11
12890.00 2.127162e-11
12900.00 2.112160e-11
12910.00 2.097262e-11
12920.00 2.082467e-11
12930.00 2.067774e-11
12940.00 2.053182e-11
12950.00 2.038691e-11
12960.00 2.024299e-11
12970.00 2.010007e-11
12980.00 1.995813e-11
12990.00 1.981717e-11
13000.00 1.967718e-11
13010.00 1.953815e-11
13020.00 1.940009e-11
13030.00 1.926297e-11
13040.00 1.912680e-11
13050.00 1.899156e-11
13060.00 1.885727e-11
13070.00 1.872389e-11
13080.00 1.859144e-11
13090.00 1.845990e-11
13100.00 1.832927e-11
13110.00 1.819954e-11
13120.00 1.807072e-11
13130.00 1.794277e-11
13140.00 1.781570e-11
13150.00 1.768953e-11
13160.00 1.756421e-11
13170.00 1.743976e-11
13180.00 1.731618e-11
13190.00 1.719344e-11
13200.00 1.707157e-11
13210.00 1.695051e-11
13220.00 1.683031e-11
13230.00 1.671094e-11
13240.00 1.659238e-11
13250.00 1.647465e-11
13260.00 1.635774e-11
13270.00 1.624162e-11
13280.00 1.612631e-11
13290.00 1.601182e-11
13300.00 1.589810e-11
13310.00 1.578517e-11
13320.00 1.567302e-11
13330.00 1.556165e-11
13340.00 1.545105e-11
13350.00 1.534122e-11
13360.00 1.523214e-11
13370.00 1.512382e-11
13380.00 1.501626e-11
13390.00 1.490944e-11
13400.00 1.480335e-11
13410.00 1.469801e-11
13420.00 1.459339e-11
13430.00 1.448949e-11
13440.00 1.438633e-11
13450.00 1.428387e-11
13460.00 1.418212e-11
13470.00 1.408108e-11
13480.00 1.398074e-11
13490.00 1.388109e-11
13500.00 1.378215e-11
13510.00 1.368388e-11
13520.00 1.358629e-11
13530.00 1.348938e-11
13540.00 1.339315e-11
13550.00 1.329759e-11
13560.00 1.320269e-11
13570.00 1.310845e-11
13580.00 1.301485e-11
13590.00 1.292192e-11
13600.00 1.282963e-11
13610.00 1.273797e-11
13620.00 1.264696e-11
13630.00 1.255658e-11
13640.00 1.246683e-11
13650.00 1.237770e-11
13660.00 1.228919e-11
13670.00 1.220129e-11
13680.00 1.211401e-11
13690.00 1.202734e-11
13700.00 1.194127e-11
13710.00 1.185580e-11
13720.00 1.177092e-11
13730.00 1.168664e-11
13740.00 1.160294e-11
13750.00 1.151982e-11
13760.00 1.143727e-11
13770.00 1.135531e-11
13780.00 1.127393e-11
13790.00 1.119310e-11
13800.00 1.111284e-11
13810.00 1.103314e-11
13820.00 1.095399e-11
13830.00 1.087539e-11
13840.00 1.079735e-11
13850.00 1.071985e-11
13860.00 1.064289e-11
13870.00 1.056647e-11
13880.00 1.049057e-11
13890.00 1.041522e-11
13900.00 1.034038e-11
13910.00 1.026607e-11
13920.00 1.019228e-11
13930.00 1.011900e-11
13940.00 1.004623e-11
13950.00 9.973975e-12
13960.00 9.902226e-12
13970.00 9.830977e-12
13980.00 9.760221e-12
13990.00 9.689964e-12
14000.00 9.620196e-12
14010.00 9.550918e-12
14020.00 9.482121e-12
14030.00 9.413809e-12
14040.00 9.345975e-12
14050.00 9.278613e-12
14060.00 9.211727e-12
14070.00 9.145305e-12
14080.00 9.079349e-12
14090.00 9.013857e-12
14100.00 8.948820e-12
14110.00 8.884241e-12
14120.00 8.820116e-12
14130.00 8.756438e-12
14140.00 8.693206e-12
14150.00 8.630420e-12
14160.00 8.568071e-12
14170.00 8.506161e-12
14180.00 8.444687e-12
14190.00 8.383639e-12
14200.00 8.323023e-12
14210.00 8.262834e-12
14220.00 8.203064e-12
14230.00 8.143715e-12
14240.00 8.084783e-12
14250.00 8.026263e-12
14260.00 7.968156e-12
14270.00 7.910458e-12
14280.00 7.853164e-12
14290.00 7.796272e-12
14300.00 7.739783e-12
14310.00 7.683687e-12
14320.00 7.627987e-12
14330.00 7.572680e-12
14340.00 7.517762e-12
14350.00 7.463228e-12
14360.00 7.409080e-12
14370.00 7.355313e-12
14380.00 7.301922e-12
14390.00 7.248909e-12
14400.00 7.196269e-12
14410.00 7.143999e-12
14420.00 7.092098e-12
14430.00 7.040563e-12
14440.00 6.989389e-12
14450.00 6.938577e-12
14460.00 6.888125e-12
14470.00 6.838026e-12
14480.00 6.788281e-12
14490.00 6.738889e-12
14500.00 6.689843e-12
14510.00 6.641143e-12
14520.00 6.592788e-12
14530.00 6.544773e-12
14540.00 6.497098e-12
14550.00 6.449760e-12
14560.00 6.402754e-12
14570.00 6.356082e-12
14580.00 6.309741e-12
14590.00 6.263724e-12
14600.00 6.218035e-12
14610.00 6.172668e-12
14620.00 6.127621e-12
14630.00 6.082893e-12
14640.00 6.038484e-12
14650.00 5.994386e-12
14660.00 5.950600e-12
14670.00 5.907125e-12
14680.00 5.863958e-12
14690.00 5.821095e-12
14700.00 5.778538e-12
14710.00 5.736282e-12
14720.00 5.694323e-12
14730.00 5.652663e-12
14740.00 5.611298e-12
14750.00 5.570225e-12
14760.00 5.529445e-12
14770.00 5.488954e-12
14780.00 5.448749e-12
14790.00 5.408829e-12
14800.00 5.369195e-12
14810.00 5.329839e-12
14820.00 5.290764e-12
14830.00 5.251965e-12
14840.00 5.213443e-12
14850.00 5.175194e-12
14860.00 5.137218e-12
14870.00 5.099510e-12
14880.00 5.062070e-12
14890.00 5.024897e-12
14900.00 4.987987e-12
14910.00 4.951341e-12
14920.00 4.914955e-12
14930.00 4.878827e-12
14940.00 4.842957e-12
14950.00 4.807343e-12
14960.00 4.771981e-12
14970.00 4.736871e-12
14980.00 4.702011e-12
14990.00 4.667400e-12
15000.00 4.633035e-12
15010.00 4.598915e-12
15020.00 4.565038e-12
15030.00 4.531402e-12
15040.00 4.498007e-12
15050.00 4.464849e-12
15060.00 4.431928e-12
15070.00 4.399243e-12
15080.00 4.366789e-12
15090.00 4.334568e-12
15100.00 4.302576e-12
15110.00 4.270813e-12
15120.00 4.239277e-12
15130.00 4.207966e-12
15140.00 4.176879e-12
15150.00 4.146013e-12
15160.00 4.115368e-12
15170.00 4.084944e-12
15180.00 4.054735e-12
15190.00 4.024742e-12
15200.00 3.994966e-12
15210.00 3.965401e-12
15220.00 3.936047e-12
15230.00 3.906906e-12
15240.00 3.877970e-12
15250.00 3.849244e-12
15260.00 3.820723e-12
15270.00 3.792405e-12
15280.00 3.764291e-12
15290.00 3.736379e-12
15300.00 3.708665e-12
15310.00 3.681152e-12
15320.00 3.653836e-12
15330.00 3.626714e-12
15340.00 3.599788e-12
15350.00 3.573056e-12
15360.00 3.546514e-12
15370.00 3.520163e-12
15380.00 3.494003e-12
15390.00 3.468029e-12
15400.00 3.442242e-12
15410.00 3.416640e-12
15420.00 3.391223e-12
15430.00 3.365988e-12
15440.00 3.340935e-12
15450.00 3.316062e-12
15460.00 3.291367e-12
15470.00 3.266851e-12
15480.00 3.242510e-12
15490.00 3.218345e-12
15500.00 3.194354e-12
15510.00 3.170536e-12
15520.00 3.146888e-12
15530.00 3.123412e-12
15540.00 3.100105e-12
15550.00 3.076964e-12
15560.00 3.053991e-12
15570.00 3.031185e-12
15580.00 3.008542e-12
15590.00 2.986063e-12
15600.00 2.963747e-12
15610.00 2.941590e-12
15620.00 2.919593e-12
15630.00 2.897757e-12
15640.00 2.876077e-12
15650.00 2.854553e-12
15660.00 2.833186e-12
15670.00 2.811973e-12
15680.00 2.790913e-12
15690.00 2.770006e-12
15700.00 2.749249e-12
15710.00 2.728642e-12
15720.00 2.708185e-12
15730.00 2.687876e-12
15740.00 2.667714e-12
15750.00 2.647698e-12
15760.00 2.627827e-12
15770.00 2.608099e-12
15780.00 2.588514e-12
15790.00 2.569072e-12
15800.00 2.549770e-12
15810.00 2.530608e-12
15820.00 2.511586e-12
15830.00 2.492701e-12
15840.00 2.473953e-12
15850.00 2.455342e-12
15860.00 2.436864e-12
15870.00 2.418521e-12
15880.00 2.400313e-12
15890.00 2.382234e-12
15900.00 2.364289e-12
15910.00 2.346474e-12
15920.00 2.328788e-12
15930.00 2.311229e-12
15940.00 2.293800e-12
15950.00 2.276496e-12
15960.00 2.259319e-12
15970.00 2.242268e-12
15980.00 2.225339e-12
15990.00 2.208533e-12
16000.00 2.191852e-12
16010.00 2.175290e-12
16020.00 2.158850e-12
16030.00 2.142530e-12
16040.00 2.126328e-12
16050.00 2.110244e-12
16060.00 2.094278e-12
16070.00 2.078428e-12
16080.00 2.062694e-12
16090.00 2.047075e-12
16100.00 2.031569e-12
16110.00 2.016176e-12
16120.00 2.000896e-12
16130.00 1.985727e-12
16140.00 1.970670e-12
16150.00 1.955723e-12
16160.00 1.940884e-12
16170.00 1.926155e-12
16180.00 1.911533e-12
16190.00 1.897018e-12
16200.00 1.882609e-12
16210.00 1.868306e-12
16220.00 1.854107e-12
16230.00 1.840012e-12
16240.00 1.826020e-12
16250.00 1.812131e-12
16260.00 1.798344e-12
16270.00 1.784657e-12
16280.00 1.771071e-12
16290.00 1.757585e-12
16300.00 1.744197e-12
16310.00 1.730908e-12
16320.00 1.717716e-12
16330.00 1.704621e-12
16340.00 1.691623e-12
16350.00 1.678719e-12
16360.00 1.665909e-12
16370.00 1.653196e-12
16380.00 1.640574e-12
16390.00 1.628046e-12
16400.00 1.615609e-12
16410.00 1.603265e-12
16420.00 1.591010e-12
16430.00 1.578847e-12
16440.00 1.566772e-12
16450.00 1.554787e-12
16460.00 1.542891e-12
16470.00 1.531080e-12
16480.00 1.519357e-12
16490.00 1.507722e-12
16500.00 1.496171e-12
16510.00 1.484706e-12
16520.00 1.473325e-12
16530.00 1.462028e-12
16540.00 1.450814e-12
16550.00 1.439683e-12
16560.00 1.428635e-12
16570.00 1.417668e-12
16580.00 1.406782e-12
16590.00 1.395976e-12
16600.00 1.385251e-12
16610.00 1.374603e-12
16620.00 1.364036e-12
16630.00 1.353546e-12
16640.00 1.343134e-12
16650.00 1.332799e-12
16660.00 1.322540e-12
16670.00 1.312357e-12
16680.00 1.302250e-12
16690.00 1.292217e-12
16700.00 1.282259e-12
16710.00 1.272374e-12
16720.00 1.262564e-12
16730.00 1.252824e-12
16740.00 1.243159e-12
16750.00 1.233565e-12
16760.00 1.224041e-12
16770.00 1.214588e-12
16780.00 1.205206e-12
16790.00 1.195893e-12
16800.00 1.186650e-12
16810.00 1.177474e-12
16820.00 1.168367e-12
16830.00 1.159328e-12
16840.00 1.150357e-12
16850.00 1.141451e-12
16860.00 1.132612e-12
16870.00 1.123839e-12
16880.00 1.115131e-12
16890.00 1.106488e-12
16900.00 1.097909e-12
16910.00 1.089394e-12
16920.00 1.080943e-12
16930.00 1.072555e-12
16940.00 1.064228e-12
16950.00 1.055965e-12
16960.00 1.047763e-12
16970.00 1.039622e-12
16980.00 1.031541e-12
16990.00 1.023521e-12
17000.00 1.015561e-12
17010.00 1.007661e-12
17020.00 9.998190e-13
17030.00 9.920357e-13
17040.00 9.843106e-13
17050.00 9.766437e-13
17060.00 9.690339e-13
17070.00 9.614810e-13
17080.00 9.539846e-13
17090.00 9.465442e-13
17100.00 9.391596e-13
17110.00 9.318304e-13
17120.00 9.245560e-13
17130.00 9.173359e-13
17140.00 9.101702e-13
17150.00 9.030580e-13
17160.00 8.959992e-13
17170.00 8.889935e-13
17180.00 8.820401e-13
17190.00 8.751389e-13
17200.00 8.682898e-13
17210.00 8.614918e-13
17220.00 8.547450e-13
17230.00 8.480489e-13
17240.00 8.414030e-13
17250.00 8.348070e-13
17260.00 8.282609e-13
17270.00 8.217638e-13
17280.00 8.153154e-13
17290.00 8.089159e-13
17300.00 8.025643e-13
17310.00 7.962606e-13
17320.00 7.900045e-13
17330.00 7.837955e-13
17340.00 7.776332e-13
17350.00 7.715173e-13
17360.00 7.654476e-13
17370.00 7.594235e-13
17380.00 7.534449e-13
17390.00 7.475116e-13
17400.00 7.416228e-13
17410.00 7.357786e-13
17420.00 7.299787e-13
17430.00 7.242223e-13
17440.00 7.185096e-13
17450.00 7.128401e-13
17460.00 7.072132e-13
17470.00 7.016290e-13
17480.00 6.960872e-13
17490.00 6.905871e-13
17500.00 6.851288e-13
17510.00 6.797118e-13
17520.00 6.743357e-13
17530.00 6.690004e-13
17540.00 6.637056e-13
17550.00 6.584508e-13
17560.00 6.532359e-13
17570.00 6.480606e-13
17580.00 6.429244e-13
17590.00 6.378273e-13
17600.00 6.327689e-13
17610.00 6.277487e-13
17620.00 6.227668e-13
17630.00 6.178228e-13
17640.00 6.129163e-13
17650.00 6.080470e-13
17660.00 6.032149e-13
17670.00 5.984195e-13
17680.00 5.936605e-13
17690.00 5.889378e-13
17700.00 5.842511e-13
17710.00 5.796000e-13
17720.00 5.749843e-13
17730.00 5.704038e-13
17740.00 5.658582e-13
17750.00 5.613472e-13
17760.00 5.568707e-13
17770.00 5.524283e-13
17780.00 5.480196e-13
17790.00 5.436449e-13
17800.00 5.393034e-13
17810.00 5.349949e-13
17820.00 5.307196e-13
17830.00 5.264769e-13
17840.00 5.222665e-13
17850.00 5.180884e-13
17860.00 5.139422e-13
17870.00 5.098276e-13
17880.00 5.057448e-13
17890.00 5.016930e-13
17900.00 4.976722e-13
17910.00 4.936824e-13
17920.00 4.897230e-13
17930.00 4.857939e-13
17940.00 4.818952e-13
17950.00 4.780261e-13
17960.00 4.741868e-13
17970.00 4.703770e-13
17980.00 4.665964e-13
17990.00 4.628447e-13
18000.00 4.591220e-13
18010.00 4.554277e-13
18020.00 4.517619e-13
18030.00 4.481243e-13
18040.00 4.445147e-13
18050.00 4.409327e-13
18060.00 4.373785e-13
18070.00 4.338515e-13
18080.00 4.303517e-13
18090.00 4.268787e-13
18100.00 4.234327e-13
18110.00 4.200130e-13
18120.00 4.166198e-13
18130.00 4.132527e-13
18140.00 4.099117e-13
18150.00 4.065962e-13
18160.00 4.033066e-13
18170.00 4.000422e-13
18180.00 3.968030e-13
18190.00 3.935889e-13
18200.00 3.903996e-13
18210.00 3.872349e-13
18220.00 3.840948e-13
18230.00 3.809789e-13
18240.00 3.778870e-13
18250.00 3.748192e-13
18260.00 3.717750e-13
18270.00 3.687545e-13
18280.00 3.657574e-13
18290.00 3.627833e-13
18300.00 3.598325e-13
18310.00 3.569046e-13
18320.00 3.539992e-13
18330.00 3.511163e-13
18340.00 3.482560e-13
18350.00 3.454178e-13
18360.00 3.426016e-13
18370.00 3.398074e-13
18380.00 3.370348e-13
18390.00 3.342836e-13
18400.00 3.315541e-13
18410.00 3.288456e-13
18420.00 3.261582e-13
18430.00 3.234918e-13
18440.00 3.208462e-13
18450.00 3.182211e-13
18460.00 3.156165e-13
18470.00 3.130322e-13
18480.00 3.104680e-13
18490.00 3.079236e-13
18500.00 3.053993e-13
18510.00 3.028946e-13
18520.00 3.004096e-13
18530.00 2.979438e-13
18540.00 2.954973e-13
18550.00 2.930699e-13
18560.00 2.906615e-13
18570.00 2.882720e-13
18580.00 2.859011e-13
18590.00 2.835487e-13
18600.00 2.812147e-13
18610.00 2.788991e-13
18620.00 2.766016e-13
18630.00 2.743220e-13
18640.00 2.720603e-13
18650.00 2.698163e-13
18660.00 2.675900e-13
18670.00 2.653810e-13
18680.00 2.631895e-13
18690.00 2.610150e-13
18700.00 2.588577e-13
18710.00 2.567174e-13
18720.00 2.545937e-13
18730.00 2.524868e-13
18740.00 2.503965e-13
18750.00 2.483227e-13
18760.00 2.462649e-13
18770.00 2.442237e-13
18780.00 2.421983e-13
18790.00 2.401889e-13
18800.00 2.381954e-13
18810.00 2.362175e-13
18820.00 2.342552e-13
18830.00 2.323085e-13
18840.00 2.303770e-13
18850.00 2.284608e-13
18860.00 2.265597e-13
18870.00 2.246737e-13
18880.00 2.228025e-13
18890.00 2.209460e-13
18900.00 2.191043e-13
18910.00 2.172771e-13
18920.00 2.154644e-13
18930.00 2.136660e-13
18940.00 2.118818e-13
18950.00 2.101118e-13
18960.00 2.083558e-13
18970.00 2.066135e-13
18980.00 2.048853e-13
18990.00 2.031706e-13
19000.00 2.014696e-13
19010.00 1.997821e-13
19020.00 1.981079e-13
19030.00 1.964471e-13
19040.00 1.947993e-13
19050.00 1.931647e-13
19060.00 1.915432e-13
19070.00 1.899345e-13
19080.00 1.883385e-13
19090.00 1.867553e-13
19100.00 1.851847e-13
19110.00 1.836266e-13
19120.00 1.820808e-13
19130.00 1.805474e-13
19140.00 1.790262e-13
19150.00 1.775171e-13
19160.00 1.760200e-13
19170.00 1.745350e-13
19180.00 1.730617e-13
19190.00 1.716002e-13
19200.00 1.701503e-13
19210.00 1.687121e-13
19220.00 1.672854e-13
19230.00 1.658700e-13
19240.00 1.644660e-13
19250.00 1.630731e-13
19260.00 1.616915e-13
19270.00 1.603208e-13
19280.00 1.589612e-13
19290.00 1.576124e-13
19300.00 1.562745e-13
19310.00 1.549473e-13
19320.00 1.536306e-13
19330.00 1.523246e-13
19340.00 1.510291e-13
19350.00 1.497440e-13
19360.00 1.484691e-13
19370.00 1.472046e-13
19380.00 1.459501e-13
19390.00 1.447058e-13
19400.00 1.434715e-13
19410.00 1.422470e-13
19420.00 1.410325e-13
19430.00 1.398277e-13
19440.00 1.386326e-13
19450.00 1.374472e-13
19460.00 1.362713e-13
19470.00 1.351049e-13
19480.00 1.339480e-13
19490.00 1.328002e-13
19500.00 1.316618e-13
19510.00 1.305325e-13
19520.00 1.294125e-13
19530.00 1.283014e-13
19540.00 1.271993e-13
19550.00 1.261062e-13
19560.00 1.250218e-13
19570.00 1.239463e-13
19580.00 1.228795e-13
19590.00 1.218213e-13
19600.00 1.207716e-13
19610.00 1.197306e-13
19620.00 1.186979e-13
19630.00 1.176735e-13
19640.00 1.166576e-13
19650.00 1.156498e-13
19660.00 1.146502e-13
19670.00 1.136588e-13
19680.00 1.126754e-13
19690.00 1.116999e-13
19700.00 1.107325e-13
19710.00 1.097729e-13
19720.00 1.088212e-13
19730.00 1.078771e-13
19740.00 1.069407e-13
19750.00 1.060120e-13
19760.00 1.050909e-13
19770.00 1.041772e-13
19780.00 1.032709e-13
19790.00 1.023722e-13
19800.00 1.014807e-13
19810.00 1.005965e-13
19820.00 9.971956e-14
19830.00 9.884978e-14
19840.00 9.798709e-14
19850.00 9.713146e-14
19860.00 9.628283e-14
19870.00 9.544115e-14
19880.00 9.460636e-14
19890.00 9.377841e-14
19900.00 9.295723e-14
19910.00 9.214282e-14
19920.00 9.133504e-14
19930.00 9.053391e-14
19940.00 8.973937e-14
19950.00 8.895136e-14
19960.00 8.816981e-14
19970.00 8.739467e-14
19980.00 8.662592e-14
19990.00 8.586348e-14
20000.00 8.510730e-14
20010.00 8.435738e-14
20020.00 8.361361e-14
20030.00 8.287596e-14
20040.00 8.214442e-14
20050.00 8.141889e-14
20060.00 8.069935e-14
20070.00 7.998574e-14
20080.00 7.927804e-14
20090.00 7.857615e-14
20100.00 7.788010e-14
20110.00 7.718978e-14
20120.00 7.650516e-14
20130.00 7.582622e-14
20140.00 7.515290e-14
20150.00 7.448512e-14
20160.00 7.382291e-14
20170.00 7.316618e-14
20180.00 7.251487e-14
20190.00 7.186899e-14
20200.00 7.122846e-14
20210.00 7.059323e-14
20220.00 6.996330e-14
20230.00 6.933858e-14
20240.00 6.871906e-14
20250.00 6.810470e-14
20260.00 6.749544e-14
20270.00 6.689124e-14
20280.00 6.629210e-14
20290.00 6.569792e-14
20300.00 6.510869e-14
20310.00 6.452440e-14
20320.00 6.394497e-14
20330.00 6.337038e-14
20340.00 6.280056e-14
20350.00 6.223552e-14
20360.00 6.167519e-14
20370.00 6.111953e-14
20380.00 6.056854e-14
20390.00 6.002215e-14
20400.00 5.948033e-14
20410.00 5.894305e-14
20420.00 5.841028e-14
20430.00 5.788195e-14
20440.00 5.735807e-14
20450.00 5.683857e-14
20460.00 5.632343e-14
20470.00 5.581262e-14
20480.00 5.530609e-14
20490.00 5.480382e-14
20500.00 5.430578e-14
20510.00 5.381194e-14
20520.00 5.332223e-14
20530.00 5.283665e-14
20540.00 5.235516e-14
20550.00 5.187771e-14
20560.00 5.140432e-14
20570.00 5.093490e-14
20580.00 5.046943e-14
20590.00 5.000791e-14
20600.00 4.955027e-14
20610.00 4.909650e-14
20620.00 4.864658e-14
20630.00 4.820045e-14
20640.00 4.775809e-14
20650.00 4.731949e-14
20660.00 4.688459e-14
20670.00 4.645338e-14
20680.00 4.602583e-14
20690.00 4.560190e-14
20700.00 4.518158e-14
20710.00 4.476481e-14
20720.00 4.435159e-14
20730.00 4.394187e-14
20740.00 4.353564e-14
20750.00 4.313286e-14
20760.00 4.273352e-14
20770.00 4.233755e-14
20780.00 4.194499e-14
20790.00 4.155575e-14
20800.00 4.116983e-14
20810.00 4.078721e-14
20820.00 4.040785e-14
20830.00 4.003172e-14
20840.00 3.965883e-14
20850.00 3.928910e-14
20860.00 3.892254e-14
20870.00 3.855913e-14
20880.00 3.819882e-14
20890.00 3.784158e-14
20900.00 3.748741e-14
20910.00 3.713629e-14
20920.00 3.678816e-14
20930.00 3.644304e-14
20940.00 3.610087e-14
20950.00 3.576163e-14
20960.00 3.542532e-14
20970.00 3.509190e-14
20980.00 3.476134e-14
20990.00 3.443363e-14
21000.00 3.410875e-14
21010.00 3.378665e-14
21020.00 3.346734e-14
21030.00 3.315078e-14
21040.00 3.283695e-14
21050.00 3.252583e-14
21060.00 3.221741e-14
21070.00 3.191165e-14
21080.00 3.160852e-14
21090.00 3.130803e-14
21100.00 3.101014e-14
21110.00 3.071481e-14
21120.00 3.042207e-14
21130.00 3.013185e-14
21140.00 2.984414e-14
21150.00 2.955894e-14
21160.00 2.927622e-14
21170.00 2.899594e-14
21180.00 2.871811e-14
21190.00 2.844270e-14
21200.00 2.816967e-14
21210.00 2.789903e-14
21220.00 2.763075e-14
21230.00 2.736481e-14
21240.00 2.710118e-14
21250.00 2.683986e-14
21260.00 2.658082e-14
21270.00 2.632405e-14
21280.00 2.606951e-14
21290.00 2.581721e-14
21300.00 2.556711e-14
21310.00 2.531920e-14
21320.00 2.507346e-14
21330.00 2.482989e-14
21340.00 2.458844e-14
21350.00 2.434912e-14
21360.00 2.411190e-14
21370.00 2.387676e-14
21380.00 2.364369e-14
21390.00 2.341268e-14
21400.00 2.318370e-14
21410.00 2.295672e-14
21420.00 2.273176e-14
21430.00 2.250878e-14
21440.00 2.228776e-14
21450.00 2.206869e-14
21460.00 2.185157e-14
21470.00 2.163638e-14
21480.00 2.142307e-14
21490.00 2.121165e-14
21500.00 2.100211e-14
21510.00 2.079442e-14
21520.00 2.058857e-14
21530.00 2.038456e-14
21540.00 2.018235e-14
21550.00 1.998195e-14
21560.00 1.978332e-14
21570.00 1.958645e-14
21580.00 1.939134e-14
21590.00 1.919797e-14
21600.00 1.900633e-14
21610.00 1.881639e-14
21620.00 1.862814e-14
21630.00 1.844158e-14
21640.00 1.825668e-14
21650.00 1.807344e-14
21660.00 1.789184e-14
21670.00 1.771185e-14
21680.00 1.753350e-14
21690.00 1.735672e-14
21700.00 1.718155e-14
21710.00 1.700794e-14
21720.00 1.683589e-14
21730.00 1.666540e-14
21740.00 1.649642e-14
21750.00 1.632897e-14
21760.00 1.616304e-14
21770.00 1.599860e-14
21780.00 1.583563e-14
21790.00 1.567414e-14
21800.00 1.551412e-14
21810.00 1.535553e-14
21820.00 1.519838e-14
21830.00 1.504265e-14
21840.00 1.488834e-14
21850.00 1.473541e-14
21860.00 1.458388e-14
21870.00 1.443372e-14
21880.00 1.428494e-14
21890.00 1.413749e-14
21900.00 1.399140e-14
21910.00 1.384662e-14
21920.00 1.370317e-14
21930.00 1.356103e-14
21940.00 1.342019e-14
21950.00 1.328062e-14
21960.00 1.314233e-14
21970.00 1.300531e-14
21980.00 1.286954e-14
21990.00 1.273502e-14
22000.00 1.260172e-14
22010.00 1.246966e-14
22020.00 1.233880e-14
22030.00 1.220913e-14
22040.00 1.208067e-14
22050.00 1.195339e-14
22060.00 1.182728e-14
22070.00 1.170232e-14
22080.00 1.157853e-14
22090.00 1.145587e-14
22100.00 1.133435e-14
22110.00 1.121394e-14
22120.00 1.109465e-14
22130.00 1.097647e-14
22140.00 1.085938e-14
22150.00 1.074338e-14
22160.00 1.062846e-14
22170.00 1.051459e-14
22180.00 1.040179e-14
22190.00 1.029004e-14
22200.00 1.017933e-14
22210.00 1.006965e-14
22220.00 9.960986e-15
22230.00 9.853344e-15
22240.00 9.746704e-15
22250.00 9.641061e-15
22260.00 9.536409e-15
22270.00 9.432735e-15
22280.00 9.330030e-15
22290.00 9.228294e-15
22300.00 9.127510e-15
22310.00 9.027669e-15
22320.00 8.928772e-15
22330.00 8.830805e-15
22340.00 8.733759e-15
22350.00 8.637630e-15
22360.00 8.542408e-15
22370.00 8.448083e-15
22380.00 8.354652e-15
22390.00 8.262107e-15
22400.00 8.170433e-15
22410.00 8.079633e-15
22420.00 7.989695e-15
22430.00 7.900607e-15
22440.00 7.812369e-15
22450.00 7.724970e-15
22460.00 7.638401e-15
22470.00 7.552661e-15
22480.00 7.467739e-15
22490.00 7.383624e-15
22500.00 7.300317e-15
22510.00 7.217808e-15
22520.00 7.136085e-15
22530.00 7.055150e-15
22540.00 6.974990e-15
22550.00 6.895599e-15
22560.00 6.816974e-15
22570.00 6.739106e-15
22580.00 6.661987e-15
22590.00 6.585610e-15
22600.00 6.509974e-15
22610.00 6.435069e-15
22620.00 6.360885e-15
22630.00 6.287424e-15
22640.00 6.214673e-15
22650.00 6.142627e-15
22660.00 6.071284e-15
22670.00 6.000634e-15
22680.00 5.930669e-15
22690.00 5.861389e-15
22700.00 5.792785e-15
22710.00 5.724850e-15
22720.00 5.657580e-15
22730.00 5.590969e-15
22740.00 5.525009e-15
22750.00 5.459699e-15
22760.00 5.395029e-15
22770.00 5.330993e-15
22780.00 5.267591e-15
22790.00 5.204813e-15
22800.00 5.142651e-15
22810.00 5.081108e-15
22820.00 5.020172e-15
22830.00 4.959837e-15
22840.00 4.900103e-15
22850.00 4.840961e-15
22860.00 4.782406e-15
22870.00 4.724435e-15
22880.00 4.667040e-15
22890.00 4.610217e-15
22900.00 4.553963e-15
22910.00 4.498271e-15
22920.00 4.443135e-15
22930.00 4.388553e-15
22940.00 4.334520e-15
22950.00 4.281028e-15
22960.00 4.228073e-15
22970.00 4.175653e-15
22980.00 4.123762e-15
22990.00 4.072393e-15
23000.00 4.021545e-15
23010.00 3.971212e-15
23020.00 3.921388e-15
23030.00 3.872071e-15
23040.00 3.823255e-15
23050.00 3.774934e-15
23060.00 3.727109e-15
23070.00 3.679770e-15
23080.00 3.632914e-15
23090.00 3.586539e-15
23100.00 3.540639e-15
23110.00 3.495209e-15
23120.00 3.450247e-15
23130.00 3.405748e-15
23140.00 3.361707e-15
23150.00 3.318120e-15
23160.00 3.274985e-15
23170.00 3.232295e-15
23180.00 3.190048e-15
23190.00 3.148240e-15
23200.00 3.106865e-15
23210.00 3.065923e-15
23220.00 3.025408e-15
23230.00 2.985314e-15
23240.00 2.945641e-15
23250.00 2.906383e-15
23260.00 2.867536e-15
23270.00 2.829099e-15
23280.00 2.791067e-15
23290.00 2.753433e-15
23300.00 2.716199e-15
23310.00 2.679358e-15
23320.00 2.642907e-15
23330.00 2.606842e-15
23340.00 2.571161e-15
23350.00 2.535861e-15
23360.00 2.500935e-15
23370.00 2.466385e-15
23380.00 2.432202e-15
23390.00 2.398385e-15
23400.00 2.364933e-15
23410.00 2.331840e-15
23420.00 2.299103e-15
23430.00 2.266719e-15
23440.00 2.234686e-15
23450.00 2.202999e-15
23460.00 2.171658e-15
23470.00 2.140655e-15
23480.00 2.109990e-15
23490.00 2.079660e-15
23500.00 2.049662e-15
23510.00 2.019992e-15
23520.00 1.990648e-15
23530.00 1.961626e-15
23540.00 1.932923e-15
23550.00 1.904537e-15
23560.00 1.876465e-15
23570.00 1.848703e-15
23580.00 1.821251e-15
23590.00 1.794103e-15
23600.00 1.767257e-15
23610.00 1.740712e-15
23620.00 1.714464e-15
23630.00 1.688508e-15
23640.00 1.662845e-15
23650.00 1.637471e-15
23660.00 1.612384e-15
23670.00 1.587580e-15
23680.00 1.563057e-15
23690.00 1.538812e-15
23700.00 1.514843e-15
23710.00 1.491148e-15
23720.00 1.467723e-15
23730.00 1.444566e-15
23740.00 1.421677e-15
23750.00 1.399050e-15
23760.00 1.376683e-15
23770.00 1.354575e-15
23780.00 1.332723e-15
23790.00 1.311125e-15
23800.00 1.289780e-15
23810.00 1.268682e-15
23820.00 1.247832e-15
23830.00 1.227225e-15
23840.00 1.206862e-15
23850.00 1.186738e-15
23860.00 1.166852e-15
23870.00 1.147202e-15
23880.00 1.127784e-15
23890.00 1.108598e-15
23900.00 1.089641e-15
23910.00 1.070910e-15
23920.00 1.052405e-15
23930.00 1.034122e-15
23940.00 1.016059e-15
23950.00 9.982153e-16
23960.00 9.805878e-16
23970.00 9.631744e-16
23980.00 9.459738e-16
23990.00 9.289837e-16
24000.00 9.122012e-16
24010.00 8.956260e-16
24020.00 8.792550e-16
24030.00 8.630863e-16
24040.00 8.471186e-16
24050.00 8.313496e-16
24060.00 8.157771e-16
24070.00 8.004001e-16
24080.00 7.852163e-16
24090.00 7.702236e-16
24100.00 7.554203e-16
24110.00 7.408050e-16
24120.00 7.263756e-16
24130.00 7.121300e-16
24140.00 6.980672e-16
24150.00 6.841851e-16
24160.00 6.704816e-16
24170.00 6.569557e-16
24180.00 6.436053e-16
24190.00 6.304286e-16
24200.00 6.174242e-16
24210.00 6.045903e-16
24220.00 5.919253e-16
24230.00 5.794279e-16
24240.00 5.670959e-16
24250.00 5.549280e-16
24260.00 5.429228e-16
24270.00 5.310784e-16
24280.00 5.193934e-16
24290.00 5.078664e-16
24300.00 4.964957e-16
24310.00 4.852796e-16
24320.00 4.742171e-16
24330.00 4.633064e-16
24340.00 4.525459e-16
24350.00 4.419344e-16
24360.00 4.314705e-16
24370.00 4.211524e-16
24380.00 4.109791e-16
24390.00 4.009490e-16
24400.00 3.910604e-16
24410.00 3.813126e-16
24420.00 3.717036e-16
24430.00 3.622322e-16
24440.00 3.528974e-16
24450.00 3.436975e-16
24460.00 3.346313e-16
24470.00 3.256972e-16
24480.00 3.168944e-16
24490.00 3.082212e-16
24500.00 2.996766e-16
24510.00 2.912591e-16
24520.00 2.829677e-16
24530.00 2.748009e-16
24540.00 2.667576e-16
24550.00 2.588366e-16
24560.00 2.510364e-16
24570.00 2.433562e-16
24580.00 2.357947e-16
24590.00 2.283505e-16
24600.00 2.210227e-16
24610.00 2.138099e-16
24620.00 2.067111e-16
24630.00 1.997252e-16
24640.00 1.928510e-16
24650.00 1.860872e-16
24660.00 1.794331e-16
24670.00 1.728872e-16
24680.00 1.664486e-16
24690.00 1.601162e-16
24700.00 1.538889e-16
24710.00 1.477658e-16
24720.00 1.417455e-16
24730.00 1.358273e-16
24740.00 1.300099e-16
24750.00 1.242925e-16
24760.00 1.186739e-16
24770.00 1.131532e-16
24780.00 1.077294e-16
24790.00 1.024014e-16
24800.00 9.716838e-17
24810.00 9.202926e-17
24820.00 8.698312e-17
24830.00 8.202898e-17
24840.00 7.716587e-17
24850.00 7.239293e-17
24860.00 6.770918e-17
24870.00 6.311367e-17
24880.00 5.860554e-17
24890.00 5.418388e-17
24900.00 4.984775e-17
24910.00 4.559631e-17
24920.00 4.142866e-17
24930.00 3.734389e-17
24940.00 3.334120e-17
24950.00 2.941970e-17
24960.00 2.557853e-17
24970.00 2.181687e-17
24980.00 1.813387e-17
24990.00 1.452869e-17
25000.00 1.100055e-17
