1000.00 2.405103e-24
1010.00 2.946342e-23
1020.00 1.036241e-22
1030.00 2.542931e-22
1040.00 5.332651e-22
1050.00 9.902620e-22
1060.00 1.692825e-21
1070.00 2.781310e-21
1080.00 4.341946e-21
1090.00 6.525317e-21
1100.00 9.661316e-21
1110.00 1.387875e-20
1120.00 1.950678e-20
1130.00 2.723792e-20
1140.00 3.723878e-20
1150.00 5.021381e-20
1160.00 6.749025e-20
1170.00 8.924673e-20
1180.00 1.169534e-19
1190.00 1.529627e-19
1200.00 1.974059e-19
1210.00 2.532652e-19
1220.00 3.244213e-19
1230.00 4.108533e-19
1240.00 5.184322e-19
1250.00 6.532479e-19
1260.00 8.151429e-19
1270.00 1.015891e-18
1280.00 1.264816e-18
1290.00 1.561162e-18
1300.00 1.927593e-18
1310.00 2.376525e-18
1320.00 2.906544e-18
1330.00 3.560271e-18
1340.00 4.352193e-18
1350.00 5.280283e-18
1360.00 6.422917e-18
1370.00 7.792433e-18
1380.00 9.386839e-18
1390.00 1.134732e-17
1400.00 1.367345e-17
1410.00 1.636533e-17
1420.00 1.967241e-17
1430.00 2.355868e-17
1440.00 2.803143e-17
1450.00 3.352343e-17
1460.00 3.991826e-17
1470.00 4.724127e-17
1480.00 5.623074e-17
1490.00 6.660657e-17
1500.00 7.843348e-17
1510.00 9.295165e-17
1520.00 1.095689e-16
1530.00 1.285174e-16
1540.00 1.515867e-16
1550.00 1.778808e-16
1560.00 2.078829e-16
1570.00 2.441217e-16
1580.00 2.852668e-16
1590.00 3.322557e-16
1600.00 3.885848e-16
1610.00 4.523129e-16
1620.00 5.251737e-16
1630.00 6.118906e-16
1640.00 7.096796e-16
1650.00 8.216351e-16
1660.00 9.539766e-16
1670.00 1.102777e-15
1680.00 1.273415e-15
1690.00 1.473836e-15
1700.00 1.698580e-15
1710.00 1.956799e-15
1720.00 2.258248e-15
1730.00 2.595501e-15
1740.00 2.983916e-15
1750.00 3.434902e-15
1760.00 3.938496e-15
1770.00 4.520200e-15
1780.00 5.192290e-15
1790.00 5.941637e-15
1800.00 6.810300e-15
1810.00 7.809490e-15
1820.00 8.922275e-15
1830.00 1.021778e-14
1840.00 1.170207e-14
1850.00 1.335387e-14
1860.00 1.528673e-14
1870.00 1.749341e-14
1880.00 1.994825e-14
1890.00 2.283784e-14
1900.00 2.612607e-14
1910.00 2.978368e-14
1920.00 3.411767e-14
1930.00 3.903334e-14
1940.00 4.450118e-14
1950.00 5.102448e-14
1960.00 5.839522e-14
1970.00 6.659174e-14
1980.00 7.642922e-14
1990.00 8.748881e-14
2000.00 9.977434e-14
2010.00 1.145694e-13
2020.00 1.310845e-13
2030.00 1.494719e-13
2040.00 1.713821e-13
2050.00 1.956976e-13
2060.00 2.227468e-13
2070.00 2.544448e-13
2080.00 2.893015e-13
2090.00 3.278735e-13
2100.00 3.720696e-13
2110.00 4.200894e-13
2120.00 4.727056e-13
2130.00 5.314744e-13
2140.00 5.945038e-13
2150.00 6.626920e-13
2160.00 7.370812e-13
2170.00 8.159673e-13
2180.00 9.003041e-13
2190.00 9.907993e-13
2200.00 1.086067e-12
2210.00 1.187211e-12
2220.00 1.294946e-12
2230.00 1.408083e-12
2240.00 1.528169e-12
2250.00 1.656098e-12
2260.00 1.790616e-12
2270.00 1.934141e-12
2280.00 2.087593e-12
2290.00 2.249441e-12
2300.00 2.423447e-12
2310.00 2.610167e-12
2320.00 2.807705e-12
2330.00 3.021686e-12
2340.00 3.251767e-12
2350.00 3.495717e-12
2360.00 3.761634e-12
2370.00 4.047618e-12
2380.00 4.351226e-12
2390.00 4.683785e-12
2400.00 5.041020e-12
2410.00 5.420459e-12
2420.00 5.837629e-12
2430.00 6.284831e-12
2440.00 6.759813e-12
2450.00 7.283561e-12
2460.00 7.843570e-12
2470.00 8.438146e-12
2480.00 9.095366e-12
2490.00 9.871965e-12
2500.00 1.076554e-11
2510.00 1.072495e-11
2520.00 1.135441e-11
2530.00 1.156452e-11
2540.00 1.245733e-11
2550.00 1.271943e-11
2560.00 1.299449e-11
2570.00 1.320142e-11
2580.00 1.358408e-11
2590.00 1.397066e-11
2600.00 1.401104e-11
2610.00 1.438260e-11
2620.00 1.459928e-11
2630.00 1.462719e-11
2640.00 1.423534e-11
2650.00 1.521330e-11
2660.00 1.771280e-11
2670.00 2.005409e-11
2680.00 2.238796e-11
2690.00 2.630166e-11
2700.00 3.193527e-11
2710.00 3.868287e-11
2720.00 4.524505e-11
2730.00 4.826898e-11
2740.00 5.166809e-11
2750.00 5.517083e-11
2760.00 5.878635e-11
2770.00 6.341190e-11
2780.00 6.791884e-11
2790.00 6.965757e-11
2800.00 6.971712e-11
2810.00 6.833437e-11
2820.00 7.048163e-11
2830.00 7.506247e-11
2840.00 7.893854e-11
2850.00 8.100646e-11
2860.00 8.622297e-11
2870.00 9.639958e-11
2880.00 1.127037e-10
2890.00 1.296921e-10
2900.00 1.470109e-10
2910.00 1.638550e-10
2920.00 1.772955e-10
2930.00 1.851161e-10
2940.00 1.896096e-10
2950.00 1.931778e-10
2960.00 1.941845e-10
2970.00 1.914237e-10
2980.00 1.841235e-10
2990.00 1.769529e-10
3000.00 1.719233e-10
3010.00 1.689532e-10
3020.00 1.712050e-10
3030.00 1.802393e-10
3040.00 1.759550e-10
3050.00 1.647013e-10
3060.00 1.501249e-10
3070.00 1.454389e-10
3080.00 1.772250e-10
3090.00 2.020239e-10
3100.00 2.051261e-10
3110.00 2.007002e-10
3120.00 2.014998e-10
3130.00 2.099939e-10
3140.00 2.342975e-10
3150.00 2.642100e-10
3160.00 2.944471e-10
3170.00 3.135449e-10
3180.00 3.302619e-10
3190.00 3.353156e-10
3200.00 3.399656e-10
3210.00 3.565233e-10
3220.00 3.501987e-10
3230.00 3.478653e-10
3240.00 3.160502e-10
3250.00 2.779744e-10
3260.00 2.529042e-10
3270.00 2.207426e-10
3280.00 2.903709e-10
3290.00 2.554244e-10
3300.00 2.921109e-10
3310.00 2.961398e-10
3320.00 2.870464e-10
3330.00 3.119118e-10
3340.00 3.135381e-10
3350.00 3.222812e-10
3360.00 3.654168e-10
3370.00 3.628665e-10
3380.00 3.569100e-10
3390.00 3.811298e-10
3400.00 3.810380e-10
3410.00 4.170987e-10
3420.00 4.220103e-10
3430.00 4.520772e-10
3440.00 4.844926e-10
3450.00 4.834787e-10
3460.00 4.945943e-10
3470.00 5.168489e-10
3480.00 5.304131e-10
3490.00 5.623280e-10
3500.00 6.109003e-10
3510.00 6.562203e-10
3520.00 6.880343e-10
3530.00 7.546847e-10
3540.00 8.409683e-10
3550.00 9.203483e-10
3560.00 9.864798e-10
3570.00 1.049454e-09
3580.00 1.063113e-09
3590.00 1.094505e-09
3600.00 1.141913e-09
3610.00 1.148526e-09
3620.00 1.158860e-09
3630.00 1.194752e-09
3640.00 1.219414e-09
3650.00 1.201829e-09
3660.00 1.245764e-09
3670.00 1.323647e-09
3680.00 1.469130e-09
3690.00 1.659489e-09
3700.00 1.836585e-09
3710.00 1.938939e-09
3720.00 1.958559e-09
3730.00 1.917894e-09
3740.00 1.774172e-09
3750.00 1.587555e-09
3760.00 1.391112e-09
3770.00 1.250602e-09
3780.00 1.157644e-09
3790.00 1.077054e-09
3800.00 1.017492e-09
3810.00 9.769224e-10
3820.00 9.599156e-10
3830.00 9.865396e-10
3840.00 1.078063e-09
3850.00 1.161040e-09
3860.00 1.251071e-09
3870.00 1.374975e-09
3880.00 1.537463e-09
3890.00 1.763386e-09
3900.00 1.924666e-09
3910.00 2.048174e-09
3920.00 2.153809e-09
3930.00 2.226562e-09
3940.00 2.266978e-09
3950.00 2.288241e-09
3960.00 2.282861e-09
3970.00 2.307908e-09
3980.00 2.365366e-09
3990.00 2.360558e-09
4000.00 2.249963e-09
4010.00 2.094376e-09
4020.00 1.960595e-09
4030.00 1.849797e-09
4040.00 1.748461e-09
4050.00 1.677420e-09
4060.00 1.624146e-09
4070.00 1.620668e-09
4080.00 1.687015e-09
4090.00 1.743947e-09
4100.00 1.772570e-09
4110.00 1.742994e-09
4120.00 1.676787e-09
4130.00 1.659483e-09
4140.00 1.654509e-09
4150.00 1.650740e-09
4160.00 1.662917e-09
4170.00 1.678856e-09
4180.00 1.728996e-09
4190.00 1.786577e-09
4200.00 1.909596e-09
4210.00 2.014627e-09
4220.00 2.027770e-09
4230.00 1.965426e-09
4240.00 1.884226e-09
4250.00 1.839432e-09
4260.00 1.824554e-09
4270.00 1.852881e-09
4280.00 1.856390e-09
4290.00 1.800127e-09
4300.00 1.753031e-09
4310.00 1.733884e-09
4320.00 1.723884e-09
4330.00 1.696034e-09
4340.00 1.647821e-09
4350.00 1.574821e-09
4360.00 1.482477e-09
4370.00 1.386318e-09
4380.00 1.292522e-09
4390.00 1.199049e-09
4400.00 1.134453e-09
4410.00 1.104886e-09
4420.00 1.061509e-09
4430.00 1.036013e-09
4440.00 1.028717e-09
4450.00 1.031111e-09
4460.00 1.068786e-09
4470.00 1.160085e-09
4480.00 1.273767e-09
4490.00 1.347046e-09
4500.00 1.402595e-09
4510.00 1.482862e-09
4520.00 1.611465e-09
4530.00 1.714746e-09
4540.00 1.821560e-09
4550.00 1.994498e-09
4560.00 2.205219e-09
4570.00 2.478982e-09
4580.00 2.738620e-09
4590.00 2.939415e-09
4600.00 3.048784e-09
4610.00 3.117910e-09
4620.00 3.141863e-09
4630.00 3.185547e-09
4640.00 3.224765e-09
4650.00 3.252905e-09
4660.00 3.236133e-09
4670.00 3.144059e-09
4680.00 2.959110e-09
4690.00 2.698363e-09
4700.00 2.446287e-09
4710.00 2.215828e-09
4720.00 2.036986e-09
4730.00 1.878634e-09
4740.00 1.755478e-09
4750.00 1.711423e-09
4760.00 1.687626e-09
4770.00 1.636176e-09
4780.00 1.518483e-09
4790.00 1.417793e-09
4800.00 1.376041e-09
4810.00 1.384133e-09
4820.00 1.428630e-09
4830.00 1.488897e-09
4840.00 1.563377e-09
4850.00 1.603123e-09
4860.00 1.624797e-09
4870.00 1.576198e-09
4880.00 1.523177e-09
4890.00 1.528278e-09
4900.00 1.581948e-09
4910.00 1.660216e-09
4920.00 1.755469e-09
4930.00 1.859573e-09
4940.00 1.945438e-09
4950.00 1.970793e-09
4960.00 1.963923e-09
4970.00 1.900995e-09
4980.00 1.833170e-09
4990.00 1.775057e-09
5000.00 1.731250e-09
5010.00 1.654197e-09
5020.00 1.552508e-09
5030.00 1.495666e-09
5040.00 1.467233e-09
5050.00 1.462256e-09
5060.00 1.479985e-09
5070.00 1.512794e-09
5080.00 1.543787e-09
5090.00 1.537879e-09
5100.00 1.555227e-09
5110.00 1.583664e-09
5120.00 1.591277e-09
5130.00 1.601892e-09
5140.00 1.647370e-09
5150.00 1.712747e-09
5160.00 1.760639e-09
5170.00 1.787035e-09
5180.00 1.856337e-09
5190.00 1.978883e-09
5200.00 2.130664e-09
5210.00 2.254489e-09
5220.00 2.397310e-09
5230.00 2.542458e-09
5240.00 2.706284e-09
5250.00 2.832877e-09
5260.00 2.886351e-09
5270.00 2.900956e-09
5280.00 2.920767e-09
5290.00 2.980433e-09
5300.00 3.006878e-09
5310.00 3.020497e-09
5320.00 2.999005e-09
5330.00 2.946302e-09
5340.00 2.899322e-09
5350.00 2.846091e-09
5360.00 2.789722e-09
5370.00 2.729392e-09
5380.00 2.667957e-09
5390.00 2.623581e-09
5400.00 2.616348e-09
5410.00 2.610774e-09
5420.00 2.586914e-09
5430.00 2.571058e-09
5440.00 2.555878e-09
5450.00 2.523695e-09
5460.00 2.491307e-09
5470.00 2.467792e-09
5480.00 2.438373e-09
5490.00 2.385433e-09
5500.00 2.339918e-09
5510.00 2.295483e-09
5520.00 2.244944e-09
5530.00 2.187075e-09
5540.00 2.127679e-09
5550.00 2.088326e-09
5560.00 2.055773e-09
5570.00 2.009368e-09
5580.00 1.970591e-09
5590.00 1.920835e-09
5600.00 1.875151e-09
5610.00 1.822582e-09
5620.00 1.762804e-09
5630.00 1.713888e-09
5640.00 1.650502e-09
5650.00 1.595345e-09
5660.00 1.541249e-09
5670.00 1.479996e-09
5680.00 1.436892e-09
5690.00 1.392411e-09
5700.00 1.354502e-09
5710.00 1.329439e-09
5720.00 1.306651e-09
5730.00 1.293133e-09
5740.00 1.288324e-09
5750.00 1.316362e-09
5760.00 1.390163e-09
5770.00 1.475487e-09
5780.00 1.565667e-09
5790.00 1.650931e-09
5800.00 1.728925e-09
5810.00 1.792608e-09
5820.00 1.841680e-09
5830.00 1.926399e-09
5840.00 2.016898e-09
5850.00 2.085781e-09
5860.00 2.144276e-09
5870.00 2.198683e-09
5880.00 2.238800e-09
5890.00 2.245154e-09
5900.00 2.231126e-09
5910.00 2.246270e-09
5920.00 2.253221e-09
5930.00 2.133024e-09
5940.00 2.005626e-09
5950.00 2.072004e-09
5960.00 2.067402e-09
5970.00 1.989926e-09
5980.00 1.909659e-09
5990.00 1.842856e-09
6000.00 1.809317e-09
6010.00 1.780400e-09
6020.00 1.759367e-09
6030.00 1.748595e-09
6040.00 1.732324e-09
6050.00 1.699006e-09
6060.00 1.634941e-09
6070.00 1.565269e-09
6080.00 1.551091e-09
6090.00 1.568907e-09
6100.00 1.606084e-09
6110.00 1.619971e-09
6120.00 1.620209e-09
6130.00 1.601310e-09
6140.00 1.553014e-09
6150.00 1.474314e-09
6160.00 1.357203e-09
6170.00 1.242649e-09
6180.00 1.143107e-09
6190.00 1.081736e-09
6200.00 1.042870e-09
6210.00 1.049977e-09
6220.00 1.089642e-09
6230.00 1.112780e-09
6240.00 1.128272e-09
6250.00 1.148638e-09
6260.00 1.173127e-09
6270.00 1.184733e-09
6280.00 1.186724e-09
6290.00 1.216278e-09
6300.00 1.263933e-09
6310.00 1.305042e-09
6320.00 1.335533e-09
6330.00 1.353771e-09
6340.00 1.377918e-09
6350.00 1.411130e-09
6360.00 1.429062e-09
6370.00 1.440259e-09
6380.00 1.452726e-09
6390.00 1.448291e-09
6400.00 1.453212e-09
6410.00 1.446961e-09
6420.00 1.434471e-09
6430.00 1.439414e-09
6440.00 1.452258e-09
6450.00 1.457481e-09
6460.00 1.455143e-09
6470.00 1.460488e-09
6480.00 1.452546e-09
6490.00 1.444754e-09
6500.00 1.442071e-09
6510.00 1.438957e-09
6520.00 1.429478e-09
6530.00 1.417081e-09
6540.00 1.403835e-09
6550.00 1.388684e-09
6560.00 1.358872e-09
6570.00 1.334463e-09
6580.00 1.310320e-09
6590.00 1.278969e-09
6600.00 1.244600e-09
6610.00 1.189036e-09
6620.00 1.154862e-09
6630.00 1.137376e-09
6640.00 1.109734e-09
6650.00 1.091885e-09
6660.00 1.062762e-09
6670.00 1.035394e-09
6680.00 1.007365e-09
6690.00 9.848272e-10
6700.00 9.589326e-10
6710.00 9.423806e-10
6720.00 9.232143e-10
6730.00 9.083896e-10
6740.00 8.902353e-10
6750.00 8.645854e-10
6760.00 8.387766e-10
6770.00 8.235466e-10
6780.00 8.001192e-10
6790.00 7.845970e-10
6800.00 7.711240e-10
6810.00 7.594889e-10
6820.00 7.437917e-10
6830.00 7.266070e-10
6840.00 7.167692e-10
6850.00 7.117324e-10
6860.00 7.007352e-10
6870.00 6.622145e-10
6880.00 5.864299e-10
6890.00 5.944023e-10
6900.00 6.105697e-10
6910.00 6.154233e-10
6920.00 6.325995e-10
6930.00 6.485233e-10
6940.00 6.549194e-10
6950.00 6.581302e-10
6960.00 6.487433e-10
6970.00 6.445222e-10
6980.00 6.434836e-10
6990.00 6.336585e-10
7000.00 6.238823e-10
7010.00 6.215448e-10
7020.00 6.154035e-10
7030.00 6.099548e-10
7040.00 6.146869e-10
7050.00 6.094568e-10
7060.00 6.020487e-10
7070.00 6.051019e-10
7080.00 5.998208e-10
7090.00 5.921514e-10
7100.00 5.886935e-10
7110.00 5.903714e-10
7120.00 5.953913e-10
7130.00 5.946239e-10
7140.00 5.967499e-10
7150.00 5.965814e-10
7160.00 5.957122e-10
7170.00 5.889371e-10
7180.00 5.746037e-10
7190.00 5.651511e-10
7200.00 5.544100e-10
7210.00 5.560067e-10
7220.00 5.642127e-10
7230.00 5.648020e-10
7240.00 5.497508e-10
7250.00 5.382254e-10
7260.00 5.486579e-10
7270.00 5.489288e-10
7280.00 5.448770e-10
7290.00 5.378171e-10
7300.00 5.447950e-10
7310.00 5.453323e-10
7320.00 5.390011e-10
7330.00 5.425820e-10
7340.00 5.479448e-10
7350.00 5.429976e-10
7360.00 5.385144e-10
7370.00 5.152402e-10
7380.00 5.049529e-10
7390.00 4.902553e-10
7400.00 4.894458e-10
7410.00 4.815674e-10
7420.00 4.721517e-10
7430.00 3.551673e-10
7440.00 3.257249e-10
7450.00 3.730429e-10
7460.00 3.512958e-10
7470.00 3.598062e-10
7480.00 3.729859e-10
7490.00 3.842539e-10
7500.00 3.942169e-10
7510.00 3.924651e-10
7520.00 3.969250e-10
7530.00 3.941667e-10
7540.00 4.060011e-10
7550.00 4.073897e-10
7560.00 4.134918e-10
7570.00 4.225704e-10
7580.00 4.072595e-10
7590.00 3.950999e-10
7600.00 3.713901e-10
7610.00 3.234818e-10
7620.00 2.739419e-10
7630.00 3.171668e-10
7640.00 3.356004e-10
7650.00 3.443687e-10
7660.00 3.761444e-10
7670.00 3.806178e-10
7680.00 4.012300e-10
7690.00 4.301126e-10
7700.00 4.461149e-10
7710.00 4.441678e-10
7720.00 4.620917e-10
7730.00 4.678359e-10
7740.00 4.708989e-10
7750.00 4.658460e-10
7760.00 4.616836e-10
7770.00 4.829996e-10
7780.00 4.812504e-10
7790.00 4.777367e-10
7800.00 4.849668e-10
7810.00 4.943594e-10
7820.00 5.193262e-10
7830.00 5.206183e-10
7840.00 5.426265e-10
7850.00 5.403599e-10
7860.00 5.526083e-10
7870.00 5.723473e-10
7880.00 5.576415e-10
7890.00 5.606163e-10
7900.00 5.835730e-10
7910.00 5.597322e-10
7920.00 5.363368e-10
7930.00 5.577546e-10
7940.00 5.469409e-10
7950.00 5.425677e-10
7960.00 5.212293e-10
7970.00 5.095568e-10
7980.00 5.018078e-10
7990.00 5.165965e-10
8000.00 5.090314e-10
8010.00 4.870027e-10
8020.00 4.792826e-10
8030.00 4.773676e-10
8040.00 4.526145e-10
8050.00 4.444976e-10
8060.00 4.646391e-10
8070.00 4.484807e-10
8080.00 4.293320e-10
8090.00 4.212199e-10
8100.00 3.893634e-10
8110.00 4.081130e-10
8120.00 3.816651e-10
8130.00 3.627465e-10
8140.00 3.120306e-10
8150.00 3.022055e-10
8160.00 2.801241e-10
8170.00 2.450348e-10
8180.00 2.245163e-10
8190.00 2.162489e-10
8200.00 2.018293e-10
8210.00 2.055159e-10
8220.00 1.998247e-10
8230.00 1.829123e-10
8240.00 1.864772e-10
8250.00 2.047032e-10
8260.00 1.974682e-10
8270.00 2.041935e-10
8280.00 2.223968e-10
8290.00 2.063865e-10
8300.00 2.189991e-10
8310.00 1.833945e-10
8320.00 2.039667e-10
8330.00 2.251997e-10
8340.00 2.317435e-10
8350.00 2.341264e-10
8360.00 2.218956e-10
8370.00 2.373378e-10
8380.00 2.539754e-10
8390.00 2.724359e-10
8400.00 2.896252e-10
8410.00 2.971258e-10
8420.00 3.092053e-10
8430.00 3.301164e-10
8440.00 3.636268e-10
8450.00 3.978790e-10
8460.00 4.369966e-10
8470.00 4.798876e-10
8480.00 5.101430e-10
8490.00 5.406930e-10
8500.00 5.597329e-10
8510.00 6.022323e-10
8520.00 6.114697e-10
8530.00 6.297013e-10
8540.00 6.461011e-10
8550.00 6.619681e-10
8560.00 6.776003e-10
8570.00 6.842540e-10
8580.00 6.933538e-10
8590.00 7.025886e-10
8600.00 7.124294e-10
8610.00 7.200473e-10
8620.00 7.233839e-10
8630.00 7.270574e-10
8640.00 7.347919e-10
8650.00 7.396468e-10
8660.00 7.563070e-10
8670.00 7.584778e-10
8680.00 7.790264e-10
8690.00 7.828993e-10
8700.00 7.835027e-10
8710.00 8.045255e-10
8720.00 8.012900e-10
8730.00 7.953101e-10
8740.00 8.125715e-10
8750.00 8.019841e-10
8760.00 8.038897e-10
8770.00 7.951679e-10
8780.00 7.879940e-10
8790.00 7.959872e-10
8800.00 7.911722e-10
8810.00 7.991233e-10
8820.00 7.947792e-10
8830.00 7.895342e-10
8840.00 7.612348e-10
8850.00 7.555623e-10
8860.00 7.553996e-10
8870.00 7.391019e-10
8880.00 7.240952e-10
8890.00 7.038047e-10
8900.00 6.830383e-10
8910.00 6.835225e-10
8920.00 6.721122e-10
8930.00 6.457939e-10
8940.00 6.289621e-10
8950.00 6.054590e-10
8960.00 5.972943e-10
8970.00 5.686677e-10
8980.00 5.676596e-10
8990.00 5.494048e-10
9000.00 5.442612e-10
9010.00 5.466299e-10
9020.00 5.369626e-10
9030.00 5.406410e-10
9040.00 5.390316e-10
9050.00 5.344218e-10
9060.00 5.432604e-10
9070.00 5.114250e-10
9080.00 4.988959e-10
9090.00 4.888218e-10
9100.00 4.850282e-10
9110.00 4.803972e-10
9120.00 4.677950e-10
9130.00 4.612892e-10
9140.00 4.656008e-10
9150.00 4.350009e-10
9160.00 4.492102e-10
9170.00 4.296239e-10
9180.00 4.446197e-10
9190.00 4.285357e-10
9200.00 4.474954e-10
9210.00 4.496695e-10
9220.00 4.493218e-10
9230.00 4.497767e-10
9240.00 4.376273e-10
9250.00 4.335900e-10
9260.00 4.406763e-10
9270.00 4.319462e-10
9280.00 4.270360e-10
9290.00 4.056465e-10
9300.00 3.893370e-10
9310.00 3.809756e-10
9320.00 3.607330e-10
9330.00 3.198089e-10
9340.00 3.293086e-10
9350.00 3.511873e-10
9360.00 3.378681e-10
9370.00 3.111972e-10
9380.00 2.978411e-10
9390.00 3.151077e-10
9400.00 3.507191e-10
9410.00 3.462704e-10
9420.00 3.848209e-10
9430.00 2.779627e-10
9440.00 2.921699e-10
9450.00 3.095159e-10
9460.00 2.589058e-10
9470.00 3.047410e-10
9480.00 3.351775e-10
9490.00 2.901993e-10
9500.00 2.892279e-10
9510.00 3.290992e-10
9520.00 2.667808e-10
9530.00 2.520392e-10
9540.00 2.781038e-10
9550.00 2.994252e-10
9560.00 2.770444e-10
9570.00 3.140119e-10
9580.00 3.117310e-10
9590.00 2.587448e-10
9600.00 3.030257e-10
9610.00 3.412339e-10
9620.00 2.751587e-10
9630.00 3.171494e-10
9640.00 2.865082e-10
9650.00 2.684514e-10
9660.00 3.335244e-10
9670.00 3.153044e-10
9680.00 3.214113e-10
9690.00 3.227986e-10
9700.00 3.131649e-10
9710.00 2.958395e-10
9720.00 3.450387e-10
9730.00 2.825482e-10
9740.00 2.816899e-10
9750.00 2.437421e-10
9760.00 2.748538e-10
9770.00 2.745508e-10
9780.00 2.782055e-10
9790.00 2.649527e-10
9800.00 2.583574e-10
9810.00 2.513200e-10
9820.00 2.574861e-10
9830.00 2.533742e-10
9840.00 2.489065e-10
9850.00 2.509961e-10
9860.00 2.492149e-10
9870.00 2.484666e-10
9880.00 2.377811e-10
9890.00 2.404440e-10
9900.00 2.417929e-10
9910.00 2.331832e-10
9920.00 2.338733e-10
9930.00 2.320541e-10
9940.00 2.169869e-10
9950.00 2.204174e-10
9960.00 2.188504e-10
9970.00 2.112705e-10
9980.00 2.067903e-10
9990.00 2.066435e-10
10000.00 2.078954e-10
10010.00 2.223613e-10
10020.00 2.223766e-10
10030.00 2.078466e-10
10040.00 2.210956e-10
10050.00 2.273030e-10
10060.00 2.262520e-10
10070.00 2.252081e-10
10080.00 2.241674e-10
10090.00 2.231298e-10
10100.00 2.220992e-10
10110.00 2.210716e-10
10120.00 2.200472e-10
10130.00 2.190297e-10
10140.00 2.180151e-10
10150.00 2.170037e-10
10160.00 2.159992e-10
10170.00 2.149975e-10
10180.00 2.139990e-10
10190.00 2.130072e-10
10200.00 2.120183e-10
10210.00 2.110325e-10
10220.00 2.100534e-10
10230.00 2.090770e-10
10240.00 2.081038e-10
10250.00 2.071371e-10
10260.00 2.061732e-10
10270.00 2.052125e-10
10280.00 2.042580e-10
10290.00 2.033065e-10
10300.00 2.023580e-10
10310.00 2.014157e-10
10320.00 2.004763e-10
10330.00 1.995399e-10
10340.00 1.986097e-10
10350.00 1.976823e-10
10360.00 1.967579e-10
10370.00 1.958395e-10
10380.00 1.949239e-10
10390.00 1.940115e-10
10400.00 1.931049e-10
10410.00 1.922010e-10
10420.00 1.913000e-10
10430.00 1.904050e-10
10440.00 1.895128e-10
10450.00 1.886235e-10
10460.00 1.877399e-10
10470.00 1.868590e-10
10480.00 1.859812e-10
10490.00 1.851090e-10
10500.00 1.842394e-10
10510.00 1.833728e-10
10520.00 1.825119e-10
10530.00 1.816535e-10
10540.00 1.807979e-10
10550.00 1.799480e-10
10560.00 1.791007e-10
10570.00 1.782561e-10
10580.00 1.774171e-10
10590.00 1.765805e-10
10600.00 1.757470e-10
10610.00 1.749187e-10
10620.00 1.740931e-10
10630.00 1.732702e-10
10640.00 1.724526e-10
10650.00 1.716376e-10
10660.00 1.708253e-10
10670.00 1.700183e-10
10680.00 1.692138e-10
10690.00 1.684120e-10
10700.00 1.676153e-10
10710.00 1.668212e-10
10720.00 1.660299e-10
10730.00 1.652435e-10
10740.00 1.644595e-10
10750.00 1.636784e-10
10760.00 1.629022e-10
10770.00 1.621284e-10
10780.00 1.613575e-10
10790.00 1.605913e-10
10800.00 1.598275e-10
10810.00 1.590666e-10
10820.00 1.583103e-10
10830.00 1.575564e-10
10840.00 1.568053e-10
10850.00 1.560589e-10
10860.00 1.553147e-10
10870.00 1.545735e-10
10880.00 1.538367e-10
10890.00 1.531022e-10
10900.00 1.523706e-10
10910.00 1.516434e-10
10920.00 1.509184e-10
10930.00 1.501963e-10
10940.00 1.494785e-10
10950.00 1.487630e-10
10960.00 1.480504e-10
10970.00 1.473420e-10
10980.00 1.466358e-10
10990.00 1.459324e-10
11000.00 1.452333e-10
11010.00 1.445363e-10
11020.00 1.438421e-10
11030.00 1.431520e-10
11040.00 1.424640e-10
11050.00 1.417790e-10
11060.00 1.410978e-10
11070.00 1.404190e-10
11080.00 1.397429e-10
11090.00 1.390707e-10
11100.00 1.384008e-10
11110.00 1.377334e-10
11120.00 1.370701e-10
11130.00 1.364089e-10
11140.00 1.357503e-10
11150.00 1.350956e-10
11160.00 1.344430e-10
11170.00 1.337931e-10
11180.00 1.331471e-10
11190.00 1.325031e-10
11200.00 1.318618e-10
11210.00 1.312242e-10
11220.00 1.305886e-10
11230.00 1.299557e-10
11240.00 1.293264e-10
11250.00 1.286993e-10
11260.00 1.280747e-10
11270.00 1.274538e-10
11280.00 1.268349e-10
11290.00 1.262186e-10
11300.00 1.256058e-10
11310.00 1.249950e-10
11320.00 1.243868e-10
11330.00 1.237822e-10
11340.00 1.231795e-10
11350.00 1.225794e-10
11360.00 1.219826e-10
11370.00 1.213879e-10
11380.00 1.207957e-10
11390.00 1.202069e-10
11400.00 1.196201e-10
11410.00 1.190357e-10
11420.00 1.184546e-10
11430.00 1.178756e-10
11440.00 1.172990e-10
11450.00 1.167256e-10
11460.00 1.161543e-10
11470.00 1.155853e-10
11480.00 1.150196e-10
11490.00 1.144559e-10
11500.00 1.138945e-10
11510.00 1.133363e-10
11520.00 1.127799e-10
11530.00 1.122260e-10
11540.00 1.116753e-10
11550.00 1.111264e-10
11560.00 1.105799e-10
11570.00 1.100365e-10
11580.00 1.094949e-10
11590.00 1.089556e-10
11600.00 1.084194e-10
11610.00 1.078850e-10
11620.00 1.073531e-10
11630.00 1.068241e-10
11640.00 1.062967e-10
11650.00 1.057718e-10
11660.00 1.052499e-10
11670.00 1.047297e-10
11680.00 1.042118e-10
11690.00 1.036969e-10
11700.00 1.031837e-10
11710.00 1.026727e-10
11720.00 1.021647e-10
11730.00 1.016584e-10
11740.00 1.011543e-10
11750.00 1.006530e-10
11760.00 1.001535e-10
11770.00 9.965622e-11
11780.00 9.916171e-11
11790.00 9.866888e-11
11800.00 9.817830e-11
11810.00 9.769041e-11
11820.00 9.720422e-11
11830.00 9.672028e-11
11840.00 9.623897e-11
11850.00 9.575932e-11
11860.00 9.528189e-11
11870.00 9.480707e-11
11880.00 9.433389e-11
11890.00 9.386292e-11
11900.00 9.339453e-11
11910.00 9.292776e-11
11920.00 9.246316e-11
11930.00 9.200106e-11
11940.00 9.154060e-11
11950.00 9.108231e-11
11960.00 9.062650e-11
11970.00 9.017227e-11
11980.00 8.972017e-11
11990.00 8.927055e-11
12000.00 8.882246e-11
12010.00 8.837653e-11
12020.00 8.793300e-11
12030.00 8.749100e-11
12040.00 8.705113e-11
12050.00 8.661363e-11
12060.00 8.617764e-11
12070.00 8.574377e-11
12080.00 8.531222e-11
12090.00 8.488217e-11
12100.00 8.445421e-11
12110.00 8.402855e-11
12120.00 8.360436e-11
12130.00 8.318224e-11
12140.00 8.276238e-11
12150.00 8.234399e-11
12160.00 8.192764e-11
12170.00 8.151351e-11
12180.00 8.110084e-11
12190.00 8.069021e-11
12200.00 8.028174e-11
12210.00 7.987471e-11
12220.00 7.946972e-11
12230.00 7.906684e-11
12240.00 7.866541e-11
12250.00 7.826596e-11
12260.00 7.786862e-11
12270.00 7.747269e-11
12280.00 7.707872e-11
12290.00 7.668684e-11
12300.00 7.629635e-11
12310.00 7.590781e-11
12320.00 7.552133e-11
12330.00 7.513621e-11
12340.00 7.475304e-11
12350.00 7.437187e-11
12360.00 7.399205e-11
12370.00 7.361417e-11
12380.00 7.323825e-11
12390.00 7.286369e-11
12400.00 7.249102e-11
12410.00 7.212031e-11
12420.00 7.175091e-11
12430.00 7.138341e-11
12440.00 7.101782e-11
12450.00 7.065354e-11
12460.00 7.029113e-11
12470.00 6.993060e-11
12480.00 6.957137e-11
12490.00 6.921398e-11
12500.00 6.885847e-11
12510.00 6.850424e-11
12520.00 6.815183e-11
12530.00 6.780123e-11
12540.00 6.745191e-11
12550.00 6.710441e-11
12560.00 6.675869e-11
12570.00 6.641422e-11
12580.00 6.607156e-11
12590.00 6.573066e-11
12600.00 6.539100e-11
12610.00 6.505312e-11
12620.00 6.471697e-11
12630.00 6.438205e-11
12640.00 6.404890e-11
12650.00 6.371744e-11
12660.00 6.338719e-11
12670.00 6.305871e-11
12680.00 6.273189e-11
12690.00 6.240626e-11
12700.00 6.208238e-11
12710.00 6.176013e-11
12720.00 6.143908e-11
12730.00 6.111974e-11
12740.00 6.080201e-11
12750.00 6.048546e-11
12760.00 6.017061e-11
12770.00 5.985735e-11
12780.00 5.954525e-11
12790.00 5.923483e-11
12800.00 5.892598e-11
12810.00 5.861827e-11
12820.00 5.831222e-11
12830.00 5.800772e-11
12840.00 5.770434e-11
12850.00 5.740262e-11
12860.00 5.710241e-11
12870.00 5.680332e-11
12880.00 5.650586e-11
12890.00 5.620989e-11
12900.00 5.591503e-11
12910.00 5.562178e-11
12920.00 5.533000e-11
12930.00 5.503932e-11
12940.00 5.475023e-11
12950.00 5.446258e-11
12960.00 5.417600e-11
12970.00 5.389103e-11
12980.00 5.360745e-11
12990.00 5.332496e-11
13000.00 5.304402e-11
13010.00 5.276448e-11
13020.00 5.248600e-11
13030.00 5.220907e-11
13040.00 5.193350e-11
13050.00 5.165899e-11
13060.00 5.138600e-11
13070.00 5.111437e-11
13080.00 5.084377e-11
13090.00 5.057468e-11
13100.00 5.030692e-11
13110.00 5.004018e-11
13120.00 4.977494e-11
13130.00 4.951100e-11
13140.00 4.924808e-11
13150.00 4.898665e-11
13160.00 4.872649e-11
13170.00 4.846733e-11
13180.00 4.820964e-11
13190.00 4.795321e-11
13200.00 4.769776e-11
13210.00 4.744378e-11
13220.00 4.719104e-11
13230.00 4.693927e-11
13240.00 4.668893e-11
13250.00 4.643982e-11
13260.00 4.619167e-11
13270.00 4.594494e-11
13280.00 4.569941e-11
13290.00 4.545483e-11
13300.00 4.521167e-11
13310.00 4.496969e-11
13320.00 4.472864e-11
13330.00 4.448898e-11
13340.00 4.425050e-11
13350.00 4.401293e-11
13360.00 4.377675e-11
13370.00 4.354170e-11
13380.00 4.330757e-11
13390.00 4.307482e-11
13400.00 4.284317e-11
13410.00 4.261244e-11
13420.00 4.238305e-11
13430.00 4.215478e-11
13440.00 4.192738e-11
13450.00 4.170134e-11
13460.00 4.147637e-11
13470.00 4.125230e-11
13480.00 4.102954e-11
13490.00 4.080785e-11
13500.00 4.058703e-11
13510.00 4.036753e-11
13520.00 4.014908e-11
13530.00 3.993147e-11
13540.00 3.971518e-11
13550.00 3.949990e-11
13560.00 3.928548e-11
13570.00 3.907233e-11
13580.00 3.886021e-11
13590.00 3.864893e-11
13600.00 3.843891e-11
13610.00 3.822989e-11
13620.00 3.802170e-11
13630.00 3.781475e-11
13640.00 3.760881e-11
13650.00 3.740366e-11
13660.00 3.719977e-11
13670.00 3.699683e-11
13680.00 3.679470e-11
13690.00 3.659381e-11
13700.00 3.639386e-11
13710.00 3.619471e-11
13720.00 3.599677e-11
13730.00 3.579978e-11
13740.00 3.560355e-11
13750.00 3.540854e-11
13760.00 3.521444e-11
13770.00 3.502112e-11
13780.00 3.482899e-11
13790.00 3.463776e-11
13800.00 3.444729e-11
13810.00 3.425800e-11
13820.00 3.406960e-11
13830.00 3.388196e-11
13840.00 3.369549e-11
13850.00 3.350987e-11
13860.00 3.332501e-11
13870.00 3.314130e-11
13880.00 3.295844e-11
13890.00 3.277633e-11
13900.00 3.259535e-11
13910.00 3.241522e-11
13920.00 3.223581e-11
13930.00 3.205753e-11
13940.00 3.188007e-11
13950.00 3.170334e-11
13960.00 3.152771e-11
13970.00 3.135290e-11
13980.00 3.117881e-11
13990.00 3.100580e-11
14000.00 3.083361e-11
14010.00 3.066211e-11
14020.00 3.049170e-11
14030.00 3.032208e-11
14040.00 3.015315e-11
14050.00 2.998529e-11
14060.00 2.981821e-11
14070.00 2.965181e-11
14080.00 2.948648e-11
14090.00 2.932190e-11
14100.00 2.915801e-11
14110.00 2.899516e-11
14120.00 2.883305e-11
14130.00 2.867162e-11
14140.00 2.851123e-11
14150.00 2.835156e-11
14160.00 2.819255e-11
14170.00 2.803457e-11
14180.00 2.787733e-11
14190.00 2.772072e-11
14200.00 2.756513e-11
14210.00 2.741025e-11
14220.00 2.725601e-11
14230.00 2.710278e-11
14240.00 2.695024e-11
14250.00 2.679833e-11
14260.00 2.664742e-11
14270.00 2.649719e-11
14280.00 2.634759e-11
14290.00 2.619897e-11
14300.00 2.605102e-11
14310.00 2.590369e-11
14320.00 2.575732e-11
14330.00 2.561162e-11
14340.00 2.546653e-11
14350.00 2.532240e-11
14360.00 2.517892e-11
14370.00 2.503604e-11
14380.00 2.489410e-11
14390.00 2.475280e-11
14400.00 2.461211e-11
14410.00 2.447234e-11
14420.00 2.433320e-11
14430.00 2.419465e-11
14440.00 2.405701e-11
14450.00 2.392001e-11
14460.00 2.378358e-11
14470.00 2.364806e-11
14480.00 2.351315e-11
14490.00 2.337881e-11
14500.00 2.324537e-11
14510.00 2.311254e-11
14520.00 2.298026e-11
14530.00 2.284887e-11
14540.00 2.271807e-11
14550.00 2.258783e-11
14560.00 2.245847e-11
14570.00 2.232968e-11
14580.00 2.220144e-11
14590.00 2.207407e-11
14600.00 2.194727e-11
14610.00 2.182102e-11
14620.00 2.169561e-11
14630.00 2.157077e-11
14640.00 2.144647e-11
14650.00 2.132300e-11
14660.00 2.120009e-11
14670.00 2.107771e-11
14680.00 2.095616e-11
14690.00 2.083516e-11
14700.00 2.071467e-11
14710.00 2.059502e-11
14720.00 2.047589e-11
14730.00 2.035728e-11
14740.00 2.023948e-11
14750.00 2.012220e-11
14760.00 2.000543e-11
14770.00 1.988946e-11
14780.00 1.977402e-11
14790.00 1.965906e-11
14800.00 1.954491e-11
14810.00 1.943126e-11
14820.00 1.931811e-11
14830.00 1.920574e-11
14840.00 1.909387e-11
14850.00 1.898248e-11
14860.00 1.887186e-11
14870.00 1.876175e-11
14880.00 1.865210e-11
14890.00 1.854322e-11
14900.00 1.843482e-11
14910.00 1.832691e-11
14920.00 1.821973e-11
14930.00 1.811304e-11
14940.00 1.800682e-11
14950.00 1.790133e-11
14960.00 1.779632e-11
14970.00 1.769176e-11
14980.00 1.758795e-11
14990.00 1.748459e-11
15000.00 1.738167e-11
15010.00 1.727950e-11
15020.00 1.717777e-11
15030.00 1.707649e-11
15040.00 1.697592e-11
15050.00 1.687580e-11
15060.00 1.677612e-11
15070.00 1.667715e-11
15080.00 1.657860e-11
15090.00 1.648050e-11
15100.00 1.638310e-11
15110.00 1.628613e-11
15120.00 1.618959e-11
15130.00 1.609373e-11
15140.00 1.599829e-11
15150.00 1.590330e-11
15160.00 1.580896e-11
15170.00 1.571504e-11
15180.00 1.562156e-11
15190.00 1.552873e-11
15200.00 1.543631e-11
15210.00 1.534431e-11
15220.00 1.525297e-11
15230.00 1.516201e-11
15240.00 1.507150e-11
15250.00 1.498160e-11
15260.00 1.489212e-11
15270.00 1.480304e-11
15280.00 1.471459e-11
15290.00 1.462653e-11
15300.00 1.453889e-11
15310.00 1.445186e-11
15320.00 1.436522e-11
15330.00 1.427898e-11
15340.00 1.419335e-11
15350.00 1.410810e-11
15360.00 1.402325e-11
15370.00 1.393900e-11
15380.00 1.385512e-11
15390.00 1.377165e-11
15400.00 1.368875e-11
15410.00 1.360622e-11
15420.00 1.352409e-11
15430.00 1.344253e-11
15440.00 1.336135e-11
15450.00 1.328055e-11
15460.00 1.320031e-11
15470.00 1.312044e-11
15480.00 1.304095e-11
15490.00 1.296201e-11
15500.00 1.288343e-11
15510.00 1.280524e-11
15520.00 1.272758e-11
15530.00 1.265028e-11
15540.00 1.257335e-11
15550.00 1.249696e-11
15560.00 1.242090e-11
15570.00 1.234524e-11
15580.00 1.227008e-11
15590.00 1.219528e-11
15600.00 1.212085e-11
15610.00 1.204692e-11
15620.00 1.197334e-11
15630.00 1.190011e-11
15640.00 1.182740e-11
15650.00 1.175502e-11
15660.00 1.168300e-11
15670.00 1.161148e-11
15680.00 1.154029e-11
15690.00 1.146945e-11
15700.00 1.139910e-11
15710.00 1.132907e-11
15720.00 1.125941e-11
15730.00 1.119020e-11
15740.00 1.112133e-11
15750.00 1.105281e-11
15760.00 1.098476e-11
15770.00 1.091702e-11
15780.00 1.084962e-11
15790.00 1.078269e-11
15800.00 1.071607e-11
15810.00 1.064979e-11
15820.00 1.058397e-11
15830.00 1.051845e-11
15840.00 1.045326e-11
15850.00 1.038853e-11
15860.00 1.032409e-11
15870.00 1.025999e-11
15880.00 1.019633e-11
15890.00 1.013296e-11
15900.00 1.006993e-11
15910.00 1.000732e-11
15920.00 9.945013e-12
15930.00 9.883025e-12
15940.00 9.821462e-12
15950.00 9.760185e-12
15960.00 9.699236e-12
15970.00 9.638697e-12
15980.00 9.578445e-12
15990.00 9.518510e-12
16000.00 9.458987e-12
16010.00 9.399741e-12
16020.00 9.340810e-12
16030.00 9.282279e-12
16040.00 9.224030e-12
16050.00 9.166088e-12
16060.00 9.108535e-12
16070.00 9.051262e-12
16080.00 8.994293e-12
16090.00 8.937708e-12
16100.00 8.881395e-12
16110.00 8.825386e-12
16120.00 8.769755e-12
16130.00 8.714391e-12
16140.00 8.659326e-12
16150.00 8.604629e-12
16160.00 8.550200e-12
16170.00 8.496066e-12
16180.00 8.442297e-12
16190.00 8.388783e-12
16200.00 8.335566e-12
16210.00 8.282705e-12
16220.00 8.230102e-12
16230.00 8.177784e-12
16240.00 8.125816e-12
16250.00 8.074107e-12
16260.00 8.022681e-12
16270.00 7.971597e-12
16280.00 7.920761e-12
16290.00 7.870209e-12
16300.00 7.819996e-12
16310.00 7.770026e-12
16320.00 7.720336e-12
16330.00 7.670977e-12
16340.00 7.621861e-12
16350.00 7.573016e-12
16360.00 7.524506e-12
16370.00 7.476228e-12
16380.00 7.428222e-12
16390.00 7.380537e-12
16400.00 7.333084e-12
16410.00 7.285901e-12
16420.00 7.239032e-12
16430.00 7.192396e-12
16440.00 7.146023e-12
16450.00 7.099962e-12
16460.00 7.054126e-12
16470.00 7.008552e-12
16480.00 6.963279e-12
16490.00 6.918236e-12
16500.00 6.873446e-12
16510.00 6.828957e-12
16520.00 6.784687e-12
16530.00 6.740671e-12
16540.00 6.696950e-12
16550.00 6.653445e-12
16560.00 6.610193e-12
16570.00 6.567227e-12
16580.00 6.524476e-12
16590.00 6.481972e-12
16600.00 6.439752e-12
16610.00 6.397742e-12
16620.00 6.355977e-12
16630.00 6.314490e-12
16640.00 6.273211e-12
16650.00 6.232172e-12
16660.00 6.191406e-12
16670.00 6.150847e-12
16680.00 6.110524e-12
16690.00 6.070469e-12
16700.00 6.030616e-12
16710.00 5.990999e-12
16720.00 5.951644e-12
16730.00 5.912488e-12
16740.00 5.873563e-12
16750.00 5.834897e-12
16760.00 5.796427e-12
16770.00 5.758185e-12
16780.00 5.720197e-12
16790.00 5.682403e-12
16800.00 5.644833e-12
16810.00 5.607513e-12
16820.00 5.570383e-12
16830.00 5.533474e-12
16840.00 5.496811e-12
16850.00 5.460335e-12
16860.00 5.424078e-12
16870.00 5.388061e-12
16880.00 5.352229e-12
16890.00 5.316613e-12
16900.00 5.281233e-12
16910.00 5.246034e-12
16920.00 5.211050e-12
16930.00 5.176296e-12
16940.00 5.141722e-12
16950.00 5.107358e-12
16960.00 5.073221e-12
16970.00 5.039260e-12
16980.00 5.005507e-12
16990.00 4.971977e-12
17000.00 4.938621e-12
17010.00 4.905470e-12
17020.00 4.872536e-12
17030.00 4.839775e-12
17040.00 4.807215e-12
17050.00 4.774871e-12
17060.00 4.742694e-12
17070.00 4.710717e-12
17080.00 4.678952e-12
17090.00 4.647351e-12
17100.00 4.615947e-12
17110.00 4.584751e-12
17120.00 4.553717e-12
17130.00 4.522877e-12
17140.00 4.492241e-12
17150.00 4.461764e-12
17160.00 4.431480e-12
17170.00 4.401395e-12
17180.00 4.371469e-12
17190.00 4.341730e-12
17200.00 4.312187e-12
17210.00 4.282800e-12
17220.00 4.253600e-12
17230.00 4.224590e-12
17240.00 4.195735e-12
17250.00 4.167063e-12
17260.00 4.138579e-12
17270.00 4.110247e-12
17280.00 4.082095e-12
17290.00 4.054128e-12
17300.00 4.026309e-12
17310.00 3.998669e-12
17320.00 3.971211e-12
17330.00 3.943899e-12
17340.00 3.916762e-12
17350.00 3.889804e-12
17360.00 3.862990e-12
17370.00 3.836349e-12
17380.00 3.809883e-12
17390.00 3.783559e-12
17400.00 3.757405e-12
17410.00 3.731424e-12
17420.00 3.705582e-12
17430.00 3.679907e-12
17440.00 3.654402e-12
17450.00 3.629033e-12
17460.00 3.603831e-12
17470.00 3.578794e-12
17480.00 3.553893e-12
17490.00 3.529154e-12
17500.00 3.504579e-12
17510.00 3.480137e-12
17520.00 3.455855e-12
17530.00 3.431732e-12
17540.00 3.407741e-12
17550.00 3.383907e-12
17560.00 3.360230e-12
17570.00 3.336682e-12
17580.00 3.313292e-12
17590.00 3.290054e-12
17600.00 3.266943e-12
17610.00 3.243985e-12
17620.00 3.221179e-12
17630.00 3.198497e-12
17640.00 3.175967e-12
17650.00 3.153585e-12
17660.00 3.131326e-12
17670.00 3.109216e-12
17680.00 3.087251e-12
17690.00 3.065407e-12
17700.00 3.043711e-12
17710.00 3.022155e-12
17720.00 3.000721e-12
17730.00 2.979430e-12
17740.00 2.958280e-12
17750.00 2.937246e-12
17760.00 2.916355e-12
17770.00 2.895602e-12
17780.00 2.874963e-12
17790.00 2.854465e-12
17800.00 2.834102e-12
17810.00 2.813851e-12
17820.00 2.793740e-12
17830.00 2.773760e-12
17840.00 2.753893e-12
17850.00 2.734160e-12
17860.00 2.714558e-12
17870.00 2.695066e-12
17880.00 2.675708e-12
17890.00 2.656477e-12
17900.00 2.637355e-12
17910.00 2.618364e-12
17920.00 2.599498e-12
17930.00 2.580738e-12
17940.00 2.562109e-12
17950.00 2.543601e-12
17960.00 2.525199e-12
17970.00 2.506924e-12
17980.00 2.488769e-12
17990.00 2.470718e-12
18000.00 2.452792e-12
18010.00 2.434984e-12
18020.00 2.417278e-12
18030.00 2.399696e-12
18040.00 2.382229e-12
18050.00 2.364861e-12
18060.00 2.347617e-12
18070.00 2.330486e-12
18080.00 2.313451e-12
18090.00 2.296538e-12
18100.00 2.279737e-12
18110.00 2.263031e-12
18120.00 2.246444e-12
18130.00 2.229966e-12
18140.00 2.213582e-12
18150.00 2.197315e-12
18160.00 2.181155e-12
18170.00 2.165089e-12
18180.00 2.149137e-12
18190.00 2.133290e-12
18200.00 2.117535e-12
18210.00 2.101893e-12
18220.00 2.086353e-12
18230.00 2.070904e-12
18240.00 2.055567e-12
18250.00 2.040330e-12
18260.00 2.025181e-12
18270.00 2.010142e-12
18280.00 1.995203e-12
18290.00 1.980350e-12
18300.00 1.965606e-12
18310.00 1.950959e-12
18320.00 1.936395e-12
18330.00 1.921940e-12
18340.00 1.907579e-12
18350.00 1.893303e-12
18360.00 1.879131e-12
18370.00 1.865052e-12
18380.00 1.851055e-12
18390.00 1.837163e-12
18400.00 1.823361e-12
18410.00 1.809640e-12
18420.00 1.796021e-12
18430.00 1.782492e-12
18440.00 1.769043e-12
18450.00 1.755694e-12
18460.00 1.742432e-12
18470.00 1.729249e-12
18480.00 1.716164e-12
18490.00 1.703165e-12
18500.00 1.690243e-12
18510.00 1.677419e-12
18520.00 1.664679e-12
18530.00 1.652015e-12
18540.00 1.639445e-12
18550.00 1.626959e-12
18560.00 1.614547e-12
18570.00 1.602228e-12
18580.00 1.589991e-12
18590.00 1.577828e-12
18600.00 1.565756e-12
18610.00 1.553764e-12
18620.00 1.541843e-12
18630.00 1.530014e-12
18640.00 1.518263e-12
18650.00 1.506581e-12
18660.00 1.494991e-12
18670.00 1.483475e-12
18680.00 1.472029e-12
18690.00 1.460672e-12
18700.00 1.449389e-12
18710.00 1.438175e-12
18720.00 1.427047e-12
18730.00 1.415992e-12
18740.00 1.405005e-12
18750.00 1.394102e-12
18760.00 1.383271e-12
18770.00 1.372507e-12
18780.00 1.361825e-12
18790.00 1.351215e-12
18800.00 1.340669e-12
18810.00 1.330206e-12
18820.00 1.319811e-12
18830.00 1.309481e-12
18840.00 1.299231e-12
18850.00 1.289050e-12
18860.00 1.278930e-12
18870.00 1.268889e-12
18880.00 1.258917e-12
18890.00 1.249004e-12
18900.00 1.239171e-12
18910.00 1.229402e-12
18920.00 1.219694e-12
18930.00 1.210062e-12
18940.00 1.200494e-12
18950.00 1.190986e-12
18960.00 1.181554e-12
18970.00 1.172183e-12
18980.00 1.162871e-12
18990.00 1.153633e-12
19000.00 1.144457e-12
19010.00 1.135338e-12
19020.00 1.126291e-12
19030.00 1.117306e-12
19040.00 1.108376e-12
19050.00 1.099517e-12
19060.00 1.090718e-12
19070.00 1.081975e-12
19080.00 1.073302e-12
19090.00 1.064686e-12
19100.00 1.056124e-12
19110.00 1.047632e-12
19120.00 1.039197e-12
19130.00 1.030815e-12
19140.00 1.022501e-12
19150.00 1.014242e-12
19160.00 1.006036e-12
19170.00 9.978966e-13
19180.00 9.898118e-13
19190.00 9.817784e-13
19200.00 9.738103e-13
19210.00 9.658958e-13
19220.00 9.580318e-13
19230.00 9.502324e-13
19240.00 9.424851e-13
19250.00 9.347875e-13
19260.00 9.271531e-13
19270.00 9.195701e-13
19280.00 9.120358e-13
19290.00 9.045637e-13
19300.00 8.971418e-13
19310.00 8.897677e-13
19320.00 8.824547e-13
19330.00 8.751912e-13
19340.00 8.679745e-13
19350.00 8.608176e-13
19360.00 8.537091e-13
19370.00 8.466468e-13
19380.00 8.396433e-13
19390.00 8.326872e-13
19400.00 8.257765e-13
19410.00 8.189232e-13
19420.00 8.121168e-13
19430.00 8.053546e-13
19440.00 7.986491e-13
19450.00 7.919893e-13
19460.00 7.853729e-13
19470.00 7.788124e-13
19480.00 7.722965e-13
19490.00 7.658232e-13
19500.00 7.594050e-13
19510.00 7.530301e-13
19520.00 7.466976e-13
19530.00 7.404187e-13
19540.00 7.341826e-13
19550.00 7.279875e-13
19560.00 7.218454e-13
19570.00 7.157451e-13
19580.00 7.096853e-13
19590.00 7.036775e-13
19600.00 6.977108e-13
19610.00 6.917835e-13
19620.00 6.859072e-13
19630.00 6.800712e-13
19640.00 6.742745e-13
19650.00 6.685271e-13
19660.00 6.628195e-13
19670.00 6.571500e-13
19680.00 6.515297e-13
19690.00 6.459478e-13
19700.00 6.404037e-13
19710.00 6.349077e-13
19720.00 6.294492e-13
19730.00 6.240278e-13
19740.00 6.186537e-13
19750.00 6.133163e-13
19760.00 6.080154e-13
19770.00 6.027608e-13
19780.00 5.975423e-13
19790.00 5.923595e-13
19800.00 5.872220e-13
19810.00 5.821201e-13
19820.00 5.770530e-13
19830.00 5.720306e-13
19840.00 5.670429e-13
19850.00 5.620893e-13
19860.00 5.571796e-13
19870.00 5.523038e-13
19880.00 5.474617e-13
19890.00 5.426625e-13
19900.00 5.378966e-13
19910.00 5.331638e-13
19920.00 5.284731e-13
19930.00 5.238150e-13
19940.00 5.191892e-13
19950.00 5.146047e-13
19960.00 5.100521e-13
19970.00 5.055312e-13
19980.00 5.010509e-13
19990.00 4.966021e-13
20000.00 4.921840e-13
20010.00 4.878061e-13
20020.00 4.834586e-13
20030.00 4.791414e-13
20040.00 4.748634e-13
20050.00 4.706155e-13
20060.00 4.663975e-13
20070.00 4.622176e-13
20080.00 4.580671e-13
20090.00 4.539459e-13
20100.00 4.498623e-13
20110.00 4.458075e-13
20120.00 4.417817e-13
20130.00 4.377922e-13
20140.00 4.338309e-13
20150.00 4.298982e-13
20160.00 4.260012e-13
20170.00 4.221318e-13
20180.00 4.182903e-13
20190.00 4.144840e-13
20200.00 4.107046e-13
20210.00 4.069527e-13
20220.00 4.032349e-13
20230.00 3.995438e-13
20240.00 3.958795e-13
20250.00 3.922487e-13
20260.00 3.886441e-13
20270.00 3.850658e-13
20280.00 3.815202e-13
20290.00 3.780002e-13
20300.00 3.745062e-13
20310.00 3.710440e-13
20320.00 3.676071e-13
20330.00 3.641956e-13
20340.00 3.608153e-13
20350.00 3.574596e-13
20360.00 3.541288e-13
20370.00 3.508287e-13
20380.00 3.475526e-13
20390.00 3.443012e-13
20400.00 3.410795e-13
20410.00 3.378816e-13
20420.00 3.347076e-13
20430.00 3.315630e-13
20440.00 3.284414e-13
20450.00 3.253435e-13
20460.00 3.222740e-13
20470.00 3.192274e-13
20480.00 3.162039e-13
20490.00 3.132083e-13
20500.00 3.102350e-13
20510.00 3.072845e-13
20520.00 3.043612e-13
20530.00 3.014597e-13
20540.00 2.985805e-13
20550.00 2.957280e-13
20560.00 2.928968e-13
20570.00 2.900876e-13
20580.00 2.873043e-13
20590.00 2.845421e-13
20600.00 2.818012e-13
20610.00 2.790859e-13
20620.00 2.763912e-13
20630.00 2.737174e-13
20640.00 2.710686e-13
20650.00 2.684398e-13
20660.00 2.658317e-13
20670.00 2.632479e-13
20680.00 2.606839e-13
20690.00 2.581401e-13
20700.00 2.556200e-13
20710.00 2.531192e-13
20720.00 2.506384e-13
20730.00 2.481807e-13
20740.00 2.457419e-13
20750.00 2.433226e-13
20760.00 2.409261e-13
20770.00 2.385479e-13
20780.00 2.361890e-13
20790.00 2.338521e-13
20800.00 2.315334e-13
20810.00 2.292334e-13
20820.00 2.269551e-13
20830.00 2.246945e-13
20840.00 2.224523e-13
20850.00 2.202312e-13
20860.00 2.180276e-13
20870.00 2.158419e-13
20880.00 2.136769e-13
20890.00 2.115289e-13
20900.00 2.093986e-13
20910.00 2.072884e-13
20920.00 2.051949e-13
20930.00 2.031186e-13
20940.00 2.010622e-13
20950.00 1.990220e-13
20960.00 1.969987e-13
20970.00 1.949948e-13
20980.00 1.930067e-13
20990.00 1.910353e-13
21000.00 1.890827e-13
21010.00 1.871457e-13
21020.00 1.852250e-13
21030.00 1.833227e-13
21040.00 1.814356e-13
21050.00 1.795645e-13
21060.00 1.777113e-13
21070.00 1.758731e-13
21080.00 1.740506e-13
21090.00 1.722455e-13
21100.00 1.704550e-13
21110.00 1.686799e-13
21120.00 1.669219e-13
21130.00 1.651782e-13
21140.00 1.634494e-13
21150.00 1.617375e-13
21160.00 1.600395e-13
21170.00 1.583561e-13
21180.00 1.566891e-13
21190.00 1.550358e-13
21200.00 1.533969e-13
21210.00 1.517738e-13
21220.00 1.501642e-13
21230.00 1.485687e-13
21240.00 1.469888e-13
21250.00 1.454219e-13
21260.00 1.438688e-13
21270.00 1.423308e-13
21280.00 1.408058e-13
21290.00 1.392942e-13
21300.00 1.377974e-13
21310.00 1.363131e-13
21320.00 1.348421e-13
21330.00 1.333855e-13
21340.00 1.319412e-13
21350.00 1.305098e-13
21360.00 1.290925e-13
21370.00 1.276872e-13
21380.00 1.262946e-13
21390.00 1.249157e-13
21400.00 1.235486e-13
21410.00 1.221938e-13
21420.00 1.208525e-13
21430.00 1.195226e-13
21440.00 1.182049e-13
21450.00 1.169002e-13
21460.00 1.156068e-13
21470.00 1.143252e-13
21480.00 1.130564e-13
21490.00 1.117986e-13
21500.00 1.105524e-13
21510.00 1.093186e-13
21520.00 1.080956e-13
21530.00 1.068839e-13
21540.00 1.056843e-13
21550.00 1.044953e-13
21560.00 1.033173e-13
21570.00 1.021512e-13
21580.00 1.009953e-13
21590.00 9.985029e-14
21600.00 9.871682e-14
21610.00 9.759338e-14
21620.00 9.648054e-14
21630.00 9.537897e-14
21640.00 9.428719e-14
21650.00 9.320580e-14
21660.00 9.213540e-14
21670.00 9.107453e-14
21680.00 9.002384e-14
21690.00 8.898385e-14
21700.00 8.795321e-14
21710.00 8.693249e-14
21720.00 8.592221e-14
21730.00 8.492105e-14
21740.00 8.392958e-14
21750.00 8.294831e-14
21760.00 8.197594e-14
21770.00 8.101305e-14
21780.00 8.006010e-14
21790.00 7.911584e-14
21800.00 7.818085e-14
21810.00 7.725551e-14
21820.00 7.633870e-14
21830.00 7.543094e-14
21840.00 7.453260e-14
21850.00 7.364255e-14
21860.00 7.276136e-14
21870.00 7.188936e-14
21880.00 7.102545e-14
21890.00 7.017019e-14
21900.00 6.932389e-14
21910.00 6.848548e-14
21920.00 6.765553e-14
21930.00 6.683431e-14
21940.00 6.602077e-14
21950.00 6.521551e-14
21960.00 6.441875e-14
21970.00 6.362951e-14
21980.00 6.284833e-14
21990.00 6.207543e-14
22000.00 6.130989e-14
22010.00 6.055220e-14
22020.00 5.980260e-14
22030.00 5.906014e-14
22040.00 5.832538e-14
22050.00 5.759848e-14
22060.00 5.687856e-14
22070.00 5.616614e-14
22080.00 5.546139e-14
22090.00 5.476345e-14
22100.00 5.407284e-14
22110.00 5.338966e-14
22120.00 5.271316e-14
22130.00 5.204380e-14
22140.00 5.138169e-14
22150.00 5.072608e-14
22160.00 5.007743e-14
22170.00 4.943583e-14
22180.00 4.880061e-14
22190.00 4.817215e-14
22200.00 4.755058e-14
22210.00 4.693518e-14
22220.00 4.632643e-14
22230.00 4.572436e-14
22240.00 4.512832e-14
22250.00 4.453874e-14
22260.00 4.395568e-14
22270.00 4.337849e-14
22280.00 4.280762e-14
22290.00 4.224308e-14
22300.00 4.168428e-14
22310.00 4.113161e-14
22320.00 4.058512e-14
22330.00 4.004422e-14
22340.00 3.950930e-14
22350.00 3.898039e-14
22360.00 3.845691e-14
22370.00 3.793929e-14
22380.00 3.742749e-14
22390.00 3.692102e-14
22400.00 3.642023e-14
22410.00 3.592512e-14
22420.00 3.543518e-14
22430.00 3.495078e-14
22440.00 3.447191e-14
22450.00 3.399809e-14
22460.00 3.352965e-14
22470.00 3.306660e-14
22480.00 3.260845e-14
22490.00 3.215557e-14
22500.00 3.170791e-14
22510.00 3.126504e-14
22520.00 3.082728e-14
22530.00 3.039461e-14
22540.00 2.996658e-14
22550.00 2.954356e-14
22560.00 2.912547e-14
22570.00 2.871190e-14
22580.00 2.830321e-14
22590.00 2.789931e-14
22600.00 2.749983e-14
22610.00 2.710507e-14
22620.00 2.671497e-14
22630.00 2.632919e-14
22640.00 2.594800e-14
22650.00 2.557134e-14
22660.00 2.519886e-14
22670.00 2.483086e-14
22680.00 2.446728e-14
22690.00 2.410775e-14
22700.00 2.375259e-14
22710.00 2.340171e-14
22720.00 2.305478e-14
22730.00 2.271210e-14
22740.00 2.237357e-14
22750.00 2.203888e-14
22760.00 2.170834e-14
22770.00 2.138182e-14
22780.00 2.105903e-14
22790.00 2.074029e-14
22800.00 2.042545e-14
22810.00 2.011424e-14
22820.00 1.980695e-14
22830.00 1.950345e-14
22840.00 1.920350e-14
22850.00 1.890734e-14
22860.00 1.861487e-14
22870.00 1.832584e-14
22880.00 1.804050e-14
22890.00 1.775875e-14
22900.00 1.748033e-14
22910.00 1.720551e-14
22920.00 1.693415e-14
22930.00 1.666605e-14
22940.00 1.640143e-14
22950.00 1.614018e-14
22960.00 1.588208e-14
22970.00 1.562738e-14
22980.00 1.537594e-14
22990.00 1.512757e-14
23000.00 1.488249e-14
23010.00 1.464057e-14
23020.00 1.440164e-14
23030.00 1.416590e-14
23040.00 1.393323e-14
23050.00 1.370345e-14
23060.00 1.347677e-14
23070.00 1.325308e-14
23080.00 1.303218e-14
23090.00 1.281430e-14
23100.00 1.259930e-14
23110.00 1.238704e-14
23120.00 1.217769e-14
23130.00 1.197113e-14
23140.00 1.176722e-14
23150.00 1.156614e-14
23160.00 1.136777e-14
23170.00 1.117197e-14
23180.00 1.097891e-14
23190.00 1.078849e-14
23200.00 1.060054e-14
23210.00 1.041527e-14
23220.00 1.023253e-14
23230.00 1.005221e-14
23240.00 9.874465e-15
23250.00 9.699186e-15
23260.00 9.526247e-15
23270.00 9.355805e-15
23280.00 9.187750e-15
23290.00 9.021963e-15
23300.00 8.858595e-15
23310.00 8.697538e-15
23320.00 8.538677e-15
23330.00 8.382160e-15
23340.00 8.227880e-15
23350.00 8.075726e-15
23360.00 7.925843e-15
23370.00 7.778121e-15
23380.00 7.632460e-15
23390.00 7.488998e-15
23400.00 7.347627e-15
23410.00 7.208250e-15
23420.00 7.071000e-15
23430.00 6.935771e-15
23440.00 6.802475e-15
23450.00 6.671236e-15
23460.00 6.541950e-15
23470.00 6.414535e-15
23480.00 6.289109e-15
23490.00 6.165570e-15
23500.00 6.043841e-15
23510.00 5.924037e-15
23520.00 5.806055e-15
23530.00 5.689821e-15
23540.00 5.575449e-15
23550.00 5.462836e-15
23560.00 5.351915e-15
23570.00 5.242789e-15
23580.00 5.135366e-15
23590.00 5.029577e-15
23600.00 4.925522e-15
23610.00 4.823109e-15
23620.00 4.722276e-15
23630.00 4.623117e-15
23640.00 4.525542e-15
23650.00 4.429494e-15
23660.00 4.335060e-15
23670.00 4.242155e-15
23680.00 4.150723e-15
23690.00 4.060850e-15
23700.00 3.972452e-15
23710.00 3.885474e-15
23720.00 3.800000e-15
23730.00 3.715947e-15
23740.00 3.633266e-15
23750.00 3.552033e-15
23760.00 3.472169e-15
23770.00 3.393629e-15
23780.00 3.316484e-15
23790.00 3.240659e-15
23800.00 3.166108e-15
23810.00 3.092903e-15
23820.00 3.020967e-15
23830.00 2.950261e-15
23840.00 2.880848e-15
23850.00 2.812657e-15
23860.00 2.745652e-15
23870.00 2.679891e-15
23880.00 2.615305e-15
23890.00 2.551861e-15
23900.00 2.489614e-15
23910.00 2.428497e-15
23920.00 2.368478e-15
23930.00 2.309611e-15
23940.00 2.251830e-15
23950.00 2.195104e-15
23960.00 2.139485e-15
23970.00 2.084909e-15
23980.00 2.031349e-15
23990.00 1.978851e-15
24000.00 1.927355e-15
24010.00 1.876836e-15
24020.00 1.827335e-15
24030.00 1.778796e-15
24040.00 1.731195e-15
24050.00 1.684571e-15
24060.00 1.638870e-15
24070.00 1.594068e-15
24080.00 1.550204e-15
24090.00 1.507224e-15
24100.00 1.465107e-15
24110.00 1.423889e-15
24120.00 1.383518e-15
24130.00 1.343973e-15
24140.00 1.305289e-15
24150.00 1.267416e-15
24160.00 1.230336e-15
24170.00 1.194078e-15
24180.00 1.158597e-15
24190.00 1.123876e-15
24200.00 1.089940e-15
24210.00 1.056747e-15
24220.00 1.024280e-15
24230.00 9.925641e-16
24240.00 9.615586e-16
24250.00 9.312464e-16
24260.00 9.016515e-16
24270.00 8.727348e-16
24280.00 8.444808e-16
24290.00 8.169103e-16
24300.00 7.899871e-16
24310.00 7.636967e-16
24320.00 7.380577e-16
24330.00 7.130356e-16
24340.00 6.886169e-16
24350.00 6.648184e-16
24360.00 6.416076e-16
24370.00 6.189716e-16
24380.00 5.969256e-16
24390.00 5.754387e-16
24400.00 5.544991e-16
24410.00 5.341200e-16
24420.00 5.142724e-16
24430.00 4.949451e-16
24440.00 4.761499e-16
24450.00 4.578595e-16
24460.00 4.400633e-16
24470.00 4.227713e-16
24480.00 4.059583e-16
24490.00 3.896142e-16
24500.00 3.737475e-16
24510.00 3.583346e-16
24520.00 3.433659e-16
24530.00 3.288486e-16
24540.00 3.147608e-16
24550.00 3.010932e-16
24560.00 2.878520e-16
24570.00 2.750165e-16
24580.00 2.625782e-16
24590.00 2.505417e-16
24600.00 2.388881e-16
24610.00 2.276092e-16
24620.00 2.167085e-16
24630.00 2.061685e-16
24640.00 1.959814e-16
24650.00 1.861498e-16
24660.00 1.766573e-16
24670.00 1.674965e-16
24680.00 1.586691e-16
24690.00 1.501600e-16
24700.00 1.419621e-16
24710.00 1.340764e-16
24720.00 1.264887e-16
24730.00 1.191924e-16
24740.00 1.121876e-16
24750.00 1.054613e-16
24760.00 9.900728e-17
24770.00 9.282463e-17
24780.00 8.690173e-17
24790.00 8.123240e-17
24800.00 7.581521e-17
24810.00 7.063951e-17
24820.00 6.569934e-17
24830.00 6.099274e-17
24840.00 5.650994e-17
24850.00 5.224523e-17
24860.00 4.819612e-17
24870.00 4.435375e-17
24880.00 4.071259e-17
24890.00 3.726973e-17
24900.00 3.401707e-17
24910.00 3.094932e-17
24920.00 2.806316e-17
24930.00 2.535125e-17
24940.00 2.280848e-17
24950.00 2.043122e-17
24960.00 1.821279e-17
24970.00 1.614823e-17
24980.00 1.423372e-17
24990.00 1.246313e-17
25000.00 1.083171e-17
