1000.00 2.589906e-15
1010.00 3.066307e-15
1020.00 3.582935e-15
1030.00 4.141921e-15
1040.00 4.754002e-15
1050.00 5.415305e-15
1060.00 6.129463e-15
1070.00 6.910549e-15
1080.00 7.751714e-15
1090.00 8.658646e-15
1100.00 9.648097e-15
1110.00 1.071017e-14
1120.00 1.185334e-14
1130.00 1.309619e-14
1140.00 1.442581e-14
1150.00 1.585431e-14
1160.00 1.740108e-14
1170.00 1.905031e-14
1180.00 2.081875e-14
1190.00 2.272518e-14
1200.00 2.475121e-14
1210.00 2.691931e-14
1220.00 2.924606e-14
1230.00 3.171087e-14
1240.00 3.434311e-14
1250.00 3.716235e-14
1260.00 4.015166e-14
1270.00 4.336811e-14
1280.00 4.683229e-14
1290.00 5.051180e-14
1300.00 5.448044e-14
1310.00 5.874141e-14
1320.00 6.325966e-14
1330.00 6.813345e-14
1340.00 7.334946e-14
1350.00 7.887121e-14
1360.00 8.482772e-14
1370.00 9.118201e-14
1380.00 9.789776e-14
1390.00 1.051426e-13
1400.00 1.128465e-13
1410.00 1.209759e-13
1420.00 1.297460e-13
1430.00 1.390429e-13
1440.00 1.488381e-13
1450.00 1.594065e-13
1460.00 1.705756e-13
1470.00 1.823265e-13
1480.00 1.950070e-13
1490.00 2.083691e-13
1500.00 2.224083e-13
1510.00 2.375618e-13
1520.00 2.534854e-13
1530.00 2.702227e-13
1540.00 2.882388e-13
1550.00 3.071485e-13
1560.00 3.270348e-13
1570.00 3.483860e-13
1580.00 3.707737e-13
1590.00 3.943336e-13
1600.00 4.195702e-13
1610.00 4.460096e-13
1620.00 4.738573e-13
1630.00 5.036256e-13
1640.00 5.347923e-13
1650.00 5.676556e-13
1660.00 6.027239e-13
1670.00 6.394235e-13
1680.00 6.781766e-13
1690.00 7.194710e-13
1700.00 7.626750e-13
1710.00 8.083737e-13
1720.00 8.570094e-13
1730.00 9.078992e-13
1740.00 9.618609e-13
1750.00 1.019269e-12
1760.00 1.079374e-12
1770.00 1.143315e-12
1780.00 1.211342e-12
1790.00 1.282633e-12
1800.00 1.358780e-12
1810.00 1.439832e-12
1820.00 1.524883e-12
1830.00 1.616181e-12
1840.00 1.713435e-12
1850.00 1.815661e-12
1860.00 1.926045e-12
1870.00 2.043749e-12
1880.00 2.167714e-12
1890.00 2.302480e-12
1900.00 2.446313e-12
1910.00 2.598115e-12
1920.00 2.764330e-12
1930.00 2.941792e-12
1940.00 3.129434e-12
1950.00 3.336258e-12
1960.00 3.556872e-12
1970.00 3.790387e-12
1980.00 4.048912e-12
1990.00 4.323805e-12
2000.00 4.614598e-12
2010.00 4.936394e-12
2020.00 5.276378e-12
2030.00 5.635716e-12
2040.00 6.028081e-12
2050.00 6.439254e-12
2060.00 6.871184e-12
2070.00 7.332313e-12
2080.00 7.809215e-12
2090.00 8.303536e-12
2100.00 8.814913e-12
2110.00 9.334446e-12
2120.00 9.861487e-12
2130.00 1.038678e-11
2140.00 1.090962e-11
2150.00 1.142537e-11
2160.00 1.192101e-11
2170.00 1.240471e-11
2180.00 1.286808e-11
2190.00 1.330166e-11
2200.00 1.371878e-11
2210.00 1.410988e-11
2220.00 1.447281e-11
2230.00 1.482066e-11
2240.00 1.514572e-11
2250.00 1.545171e-11
2260.00 1.574784e-11
2270.00 1.603001e-11
2280.00 1.630402e-11
2290.00 1.657447e-11
2300.00 1.684112e-11
2310.00 1.710866e-11
2320.00 1.737816e-11
2330.00 1.765260e-11
2340.00 1.793409e-11
2350.00 1.822165e-11
2360.00 1.852069e-11
2370.00 1.883043e-11
2380.00 1.914901e-11
2390.00 1.948364e-11
2400.00 1.983085e-11
2410.00 2.018870e-11
2420.00 2.056574e-11
2430.00 2.095623e-11
2440.00 2.135852e-11
2450.00 2.178222e-11
2460.00 2.221967e-11
2470.00 2.266973e-11
2480.00 2.314291e-11
2490.00 2.271140e-11
2500.00 2.141627e-11
2510.00 1.886669e-11
2520.00 1.775753e-11
2530.00 1.967202e-11
2540.00 2.374673e-11
2550.00 2.740521e-11
2560.00 3.018094e-11
2570.00 3.110710e-11
2580.00 3.386150e-11
2590.00 3.164270e-11
2600.00 3.315927e-11
2610.00 3.472336e-11
2620.00 3.132458e-11
2630.00 3.117433e-11
2640.00 2.976502e-11
2650.00 2.732369e-11
2660.00 2.935523e-11
2670.00 2.867157e-11
2680.00 3.151925e-11
2690.00 3.873814e-11
2700.00 5.192128e-11
2710.00 6.681879e-11
2720.00 8.084891e-11
2730.00 9.117484e-11
2740.00 9.369574e-11
2750.00 8.963428e-11
2760.00 9.208914e-11
2770.00 8.877129e-11
2780.00 9.282055e-11
2790.00 9.098048e-11
2800.00 9.784663e-11
2810.00 9.654084e-11
2820.00 9.363552e-11
2830.00 9.289729e-11
2840.00 9.131092e-11
2850.00 8.930929e-11
2860.00 9.227241e-11
2870.00 9.166641e-11
2880.00 9.406672e-11
2890.00 9.797916e-11
2900.00 1.010381e-10
2910.00 1.109910e-10
2920.00 1.160827e-10
2930.00 1.227005e-10
2940.00 1.254344e-10
2950.00 1.251157e-10
2960.00 1.263417e-10
2970.00 1.231766e-10
2980.00 1.210258e-10
2990.00 1.192930e-10
3000.00 1.141061e-10
3010.00 1.097559e-10
3020.00 1.085093e-10
3030.00 1.031146e-10
3040.00 1.041509e-10
3050.00 1.099136e-10
3060.00 1.108481e-10
3070.00 1.130591e-10
3080.00 1.124501e-10
3090.00 1.151898e-10
3100.00 1.182609e-10
3110.00 1.141504e-10
3120.00 1.212689e-10
3130.00 1.298244e-10
3140.00 1.300507e-10
3150.00 1.362019e-10
3160.00 1.389201e-10
3170.00 1.428255e-10
3180.00 1.477050e-10
3190.00 1.584065e-10
3200.00 1.586891e-10
3210.00 1.659542e-10
3220.00 1.576538e-10
3230.00 1.550995e-10
3240.00 1.459342e-10
3250.00 1.469096e-10
3260.00 1.438341e-10
3270.00 1.410570e-10
3280.00 1.375409e-10
3290.00 1.383965e-10
3300.00 1.369833e-10
3310.00 1.419018e-10
3320.00 1.467730e-10
3330.00 1.577389e-10
3340.00 1.588317e-10
3350.00 1.698342e-10
3360.00 1.695736e-10
3370.00 1.723373e-10
3380.00 1.764252e-10
3390.00 1.780490e-10
3400.00 1.828258e-10
3410.00 1.951474e-10
3420.00 1.967741e-10
3430.00 2.050171e-10
3440.00 2.163958e-10
3450.00 2.248846e-10
3460.00 2.316975e-10
3470.00 2.294397e-10
3480.00 2.433503e-10
3490.00 2.461586e-10
3500.00 2.494900e-10
3510.00 2.496375e-10
3520.00 2.560825e-10
3530.00 2.675705e-10
3540.00 2.867527e-10
3550.00 3.060648e-10
3560.00 3.130431e-10
3570.00 3.091058e-10
3580.00 3.140953e-10
3590.00 3.305624e-10
3600.00 3.481685e-10
3610.00 3.513689e-10
3620.00 3.509783e-10
3630.00 3.521444e-10
3640.00 3.421565e-10
3650.00 3.392700e-10
3660.00 3.502676e-10
3670.00 3.661854e-10
3680.00 3.794296e-10
3690.00 3.941084e-10
3700.00 4.182996e-10
3710.00 4.304983e-10
3720.00 4.415182e-10
3730.00 4.465434e-10
3740.00 4.411251e-10
3750.00 4.238511e-10
3760.00 3.897313e-10
3770.00 3.747309e-10
3780.00 3.323412e-10
3790.00 2.989307e-10
3800.00 2.601252e-10
3810.00 2.385426e-10
3820.00 2.195835e-10
3830.00 2.114262e-10
3840.00 2.102532e-10
3850.00 2.258305e-10
3860.00 2.476946e-10
3870.00 2.694311e-10
3880.00 2.961143e-10
3890.00 3.380753e-10
3900.00 3.867265e-10
3910.00 4.276879e-10
3920.00 4.574240e-10
3930.00 4.939896e-10
3940.00 5.228561e-10
3950.00 5.532758e-10
3960.00 5.707963e-10
3970.00 5.882701e-10
3980.00 5.913613e-10
3990.00 6.074871e-10
4000.00 6.075070e-10
4010.00 5.927114e-10
4020.00 5.721916e-10
4030.00 5.411688e-10
4040.00 5.062108e-10
4050.00 4.762568e-10
4060.00 4.394980e-10
4070.00 3.984130e-10
4080.00 4.113362e-10
4090.00 3.901499e-10
4100.00 3.733213e-10
4110.00 3.715864e-10
4120.00 3.516017e-10
4130.00 3.336227e-10
4140.00 3.294310e-10
4150.00 3.358246e-10
4160.00 3.310295e-10
4170.00 3.346152e-10
4180.00 3.206208e-10
4190.00 3.169074e-10
4200.00 3.262675e-10
4210.00 3.347050e-10
4220.00 3.396517e-10
4230.00 3.635296e-10
4240.00 3.561064e-10
4250.00 3.464013e-10
4260.00 3.525596e-10
4270.00 3.797914e-10
4280.00 3.694494e-10
4290.00 3.720161e-10
4300.00 3.703338e-10
4310.00 3.672462e-10
4320.00 3.716942e-10
4330.00 3.583499e-10
4340.00 3.686243e-10
4350.00 3.540846e-10
4360.00 3.493425e-10
4370.00 3.406896e-10
4380.00 3.172564e-10
4390.00 2.787189e-10
4400.00 2.684451e-10
4410.00 2.559597e-10
4420.00 2.337785e-10
4430.00 2.277729e-10
4440.00 2.154940e-10
4450.00 2.175255e-10
4460.00 2.208338e-10
4470.00 2.239803e-10
4480.00 2.295921e-10
4490.00 2.423088e-10
4500.00 2.592623e-10
4510.00 2.838109e-10
4520.00 3.081552e-10
4530.00 3.403338e-10
4540.00 3.733489e-10
4550.00 3.945346e-10
4560.00 4.216468e-10
4570.00 4.505810e-10
4580.00 4.812198e-10
4590.00 5.161143e-10
4600.00 5.319484e-10
4610.00 5.623117e-10
4620.00 5.717184e-10
4630.00 5.612564e-10
4640.00 5.441988e-10
4650.00 5.364641e-10
4660.00 5.203663e-10
4670.00 5.040831e-10
4680.00 4.823451e-10
4690.00 4.483077e-10
4700.00 4.164982e-10
4710.00 3.602643e-10
4720.00 3.306435e-10
4730.00 2.957112e-10
4740.00 2.696523e-10
4750.00 2.634654e-10
4760.00 2.582826e-10
4770.00 2.547483e-10
4780.00 2.499648e-10
4790.00 2.471119e-10
4800.00 2.544694e-10
4810.00 2.585369e-10
4820.00 2.593446e-10
4830.00 2.673672e-10
4840.00 2.795676e-10
4850.00 2.935099e-10
4860.00 3.071662e-10
4870.00 3.029482e-10
4880.00 3.090308e-10
4890.00 3.162210e-10
4900.00 3.225755e-10
4910.00 3.330027e-10
4920.00 3.419616e-10
4930.00 3.564913e-10
4940.00 3.665222e-10
4950.00 3.858534e-10
4960.00 3.874407e-10
4970.00 3.850369e-10
4980.00 3.876599e-10
4990.00 3.745625e-10
5000.00 3.511607e-10
5010.00 3.314105e-10
5020.00 3.003454e-10
5030.00 2.794948e-10
5040.00 2.522456e-10
5050.00 2.433718e-10
5060.00 2.370857e-10
5070.00 2.367787e-10
5080.00 2.299780e-10
5090.00 2.263737e-10
5100.00 2.231370e-10
5110.00 2.234147e-10
5120.00 2.332932e-10
5130.00 2.332463e-10
5140.00 2.310974e-10
5150.00 2.342184e-10
5160.00 2.328560e-10
5170.00 2.414167e-10
5180.00 2.501776e-10
5190.00 2.672374e-10
5200.00 2.795237e-10
5210.00 2.935023e-10
5220.00 2.972147e-10
5230.00 3.167793e-10
5240.00 3.483718e-10
5250.00 3.588516e-10
5260.00 3.804904e-10
5270.00 3.765202e-10
5280.00 3.893923e-10
5290.00 4.275189e-10
5300.00 4.348575e-10
5310.00 4.250117e-10
5320.00 4.680577e-10
5330.00 4.702869e-10
5340.00 4.718089e-10
5350.00 4.739312e-10
5360.00 4.749616e-10
5370.00 4.644320e-10
5380.00 4.660111e-10
5390.00 4.710182e-10
5400.00 4.653747e-10
5410.00 5.098915e-10
5420.00 5.141120e-10
5430.00 5.129767e-10
5440.00 5.249521e-10
5450.00 5.754357e-10
5460.00 6.064957e-10
5470.00 6.241659e-10
5480.00 6.869309e-10
5490.00 6.887204e-10
5500.00 7.180885e-10
5510.00 7.436777e-10
5520.00 7.562308e-10
5530.00 7.599487e-10
5540.00 7.208494e-10
5550.00 7.249730e-10
5560.00 7.124658e-10
5570.00 7.075597e-10
5580.00 7.020767e-10
5590.00 6.401252e-10
5600.00 6.187044e-10
5610.00 5.828973e-10
5620.00 5.398503e-10
5630.00 5.107162e-10
5640.00 4.870711e-10
5650.00 4.525760e-10
5660.00 4.217312e-10
5670.00 3.951621e-10
5680.00 3.575456e-10
5690.00 3.509660e-10
5700.00 3.429773e-10
5710.00 3.608682e-10
5720.00 3.627929e-10
5730.00 3.778391e-10
5740.00 4.040398e-10
5750.00 4.067671e-10
5760.00 4.237351e-10
5770.00 4.288746e-10
5780.00 4.709182e-10
5790.00 5.127348e-10
5800.00 5.304459e-10
5810.00 5.689172e-10
5820.00 5.989136e-10
5830.00 6.384281e-10
5840.00 6.379861e-10
5850.00 6.592616e-10
5860.00 6.632745e-10
5870.00 6.941114e-10
5880.00 6.771908e-10
5890.00 6.247608e-10
5900.00 4.798685e-10
5910.00 5.851389e-10
5920.00 5.991334e-10
5930.00 5.910661e-10
5940.00 5.264079e-10
5950.00 5.116908e-10
5960.00 4.941170e-10
5970.00 4.810113e-10
5980.00 4.555097e-10
5990.00 4.492924e-10
6000.00 4.422199e-10
6010.00 4.085778e-10
6020.00 4.162110e-10
6030.00 4.095728e-10
6040.00 4.115728e-10
6050.00 4.114315e-10
6060.00 4.296674e-10
6070.00 4.468018e-10
6080.00 4.418592e-10
6090.00 4.518433e-10
6100.00 4.328052e-10
6110.00 4.379127e-10
6120.00 4.366278e-10
6130.00 4.219902e-10
6140.00 4.296163e-10
6150.00 4.609711e-10
6160.00 4.498273e-10
6170.00 4.362573e-10
6180.00 4.115871e-10
6190.00 4.173005e-10
6200.00 4.223812e-10
6210.00 4.107321e-10
6220.00 4.011337e-10
6230.00 4.206221e-10
6240.00 4.164665e-10
6250.00 4.069709e-10
6260.00 4.287507e-10
6270.00 4.093056e-10
6280.00 3.900196e-10
6290.00 3.827770e-10
6300.00 3.810878e-10
6310.00 3.733999e-10
6320.00 3.755338e-10
6330.00 3.763910e-10
6340.00 3.862126e-10
6350.00 4.047171e-10
6360.00 4.217898e-10
6370.00 4.321935e-10
6380.00 4.582108e-10
6390.00 4.678096e-10
6400.00 4.951112e-10
6410.00 5.184047e-10
6420.00 5.315966e-10
6430.00 5.518297e-10
6440.00 5.798761e-10
6450.00 5.976464e-10
6460.00 6.103668e-10
6470.00 6.286527e-10
6480.00 6.411409e-10
6490.00 6.441133e-10
6500.00 6.585677e-10
6510.00 6.642592e-10
6520.00 6.585242e-10
6530.00 6.543465e-10
6540.00 6.484672e-10
6550.00 6.427214e-10
6560.00 6.328737e-10
6570.00 6.193530e-10
6580.00 5.992271e-10
6590.00 5.850127e-10
6600.00 5.709038e-10
6610.00 5.471778e-10
6620.00 5.264176e-10
6630.00 5.005990e-10
6640.00 4.829567e-10
6650.00 4.591064e-10
6660.00 4.355768e-10
6670.00 4.159716e-10
6680.00 3.961856e-10
6690.00 3.799425e-10
6700.00 3.606297e-10
6710.00 3.444346e-10
6720.00 3.311114e-10
6730.00 3.224837e-10
6740.00 3.079828e-10
6750.00 2.986925e-10
6760.00 2.850874e-10
6770.00 2.775130e-10
6780.00 2.548881e-10
6790.00 2.571797e-10
6800.00 2.467170e-10
6810.00 2.377328e-10
6820.00 2.398205e-10
6830.00 2.294160e-10
6840.00 2.259256e-10
6850.00 2.308365e-10
6860.00 2.282094e-10
6870.00 2.155588e-10
6880.00 2.156862e-10
6890.00 2.111136e-10
6900.00 2.159504e-10
6910.00 2.168363e-10
6920.00 2.189607e-10
6930.00 2.222515e-10
6940.00 2.241839e-10
6950.00 2.222820e-10
6960.00 2.199063e-10
6970.00 2.193191e-10
6980.00 2.192709e-10
6990.00 2.173233e-10
7000.00 2.136351e-10
7010.00 2.165368e-10
7020.00 2.170091e-10
7030.00 2.131802e-10
7040.00 2.148728e-10
7050.00 2.086986e-10
7060.00 2.055219e-10
7070.00 2.109284e-10
7080.00 2.057796e-10
7090.00 2.063369e-10
7100.00 2.062797e-10
7110.00 2.053435e-10
7120.00 2.041690e-10
7130.00 2.093741e-10
7140.00 2.135107e-10
7150.00 2.178855e-10
7160.00 2.167430e-10
7170.00 2.137030e-10
7180.00 2.142463e-10
7190.00 2.224785e-10
7200.00 2.318307e-10
7210.00 2.353388e-10
7220.00 2.313971e-10
7230.00 2.280477e-10
7240.00 2.295758e-10
7250.00 2.354684e-10
7260.00 2.395227e-10
7270.00 2.532405e-10
7280.00 2.562585e-10
7290.00 2.553825e-10
7300.00 2.566989e-10
7310.00 2.627402e-10
7320.00 2.684792e-10
7330.00 2.737614e-10
7340.00 2.748002e-10
7350.00 2.775619e-10
7360.00 2.794230e-10
7370.00 2.797648e-10
7380.00 2.824380e-10
7390.00 2.825156e-10
7400.00 2.829937e-10
7410.00 2.839083e-10
7420.00 2.800386e-10
7430.00 2.850192e-10
7440.00 2.834542e-10
7450.00 2.738697e-10
7460.00 2.739553e-10
7470.00 2.732511e-10
7480.00 2.702768e-10
7490.00 2.641165e-10
7500.00 2.250698e-10
7510.00 2.203311e-10
7520.00 2.385381e-10
7530.00 2.186808e-10
7540.00 2.201514e-10
7550.00 2.215208e-10
7560.00 2.117280e-10
7570.00 2.139328e-10
7580.00 2.167471e-10
7590.00 2.156976e-10
7600.00 2.214272e-10
7610.00 2.254776e-10
7620.00 2.173283e-10
7630.00 1.741740e-10
7640.00 2.035721e-10
7650.00 2.265094e-10
7660.00 2.169746e-10
7670.00 2.333659e-10
7680.00 2.521399e-10
7690.00 2.771862e-10
7700.00 2.855486e-10
7710.00 2.903838e-10
7720.00 3.021601e-10
7730.00 3.049180e-10
7740.00 2.967210e-10
7750.00 3.054888e-10
7760.00 3.047430e-10
7770.00 2.930816e-10
7780.00 2.952158e-10
7790.00 2.960743e-10
7800.00 2.944601e-10
7810.00 2.788353e-10
7820.00 2.741620e-10
7830.00 2.755356e-10
7840.00 2.595880e-10
7850.00 2.567125e-10
7860.00 2.554680e-10
7870.00 2.452222e-10
7880.00 2.329011e-10
7890.00 2.297411e-10
7900.00 2.200940e-10
7910.00 2.134101e-10
7920.00 2.078407e-10
7930.00 2.043661e-10
7940.00 1.967804e-10
7950.00 1.921692e-10
7960.00 1.816484e-10
7970.00 1.831234e-10
7980.00 1.813969e-10
7990.00 1.720402e-10
8000.00 1.666938e-10
8010.00 1.700663e-10
8020.00 1.683770e-10
8030.00 1.575900e-10
8040.00 1.604624e-10
8050.00 1.556620e-10
8060.00 1.534502e-10
8070.00 1.540592e-10
8080.00 1.506497e-10
8090.00 1.415693e-10
8100.00 1.340603e-10
8110.00 1.365341e-10
8120.00 1.235153e-10
8130.00 1.232921e-10
8140.00 1.153147e-10
8150.00 1.141774e-10
8160.00 1.078594e-10
8170.00 9.858154e-11
8180.00 1.009429e-10
8190.00 9.126105e-11
8200.00 8.658064e-11
8210.00 8.320308e-11
8220.00 7.817696e-11
8230.00 7.028778e-11
8240.00 6.472854e-11
8250.00 6.016231e-11
8260.00 4.911339e-11
8270.00 4.794650e-11
8280.00 4.581873e-11
8290.00 4.900144e-11
8300.00 5.056070e-11
8310.00 4.835997e-11
8320.00 5.036668e-11
8330.00 5.631612e-11
8340.00 5.628422e-11
8350.00 6.411811e-11
8360.00 7.466592e-11
8370.00 7.706602e-11
8380.00 8.590312e-11
8390.00 9.545662e-11
8400.00 1.008555e-10
8410.00 1.107841e-10
8420.00 1.253828e-10
8430.00 1.328906e-10
8440.00 1.389230e-10
8450.00 1.429567e-10
8460.00 1.490567e-10
8470.00 1.544321e-10
8480.00 1.674825e-10
8490.00 1.872281e-10
8500.00 1.940106e-10
8510.00 1.970461e-10
8520.00 1.987809e-10
8530.00 2.020946e-10
8540.00 2.114766e-10
8550.00 2.344748e-10
8560.00 2.542573e-10
8570.00 2.583669e-10
8580.00 2.505657e-10
8590.00 2.455220e-10
8600.00 2.428386e-10
8610.00 2.590535e-10
8620.00 2.700228e-10
8630.00 2.720213e-10
8640.00 2.639389e-10
8650.00 2.630492e-10
8660.00 2.663344e-10
8670.00 2.625522e-10
8680.00 2.631039e-10
8690.00 2.733586e-10
8700.00 2.701714e-10
8710.00 2.602189e-10
8720.00 2.585550e-10
8730.00 2.679404e-10
8740.00 2.694329e-10
8750.00 2.648346e-10
8760.00 2.724684e-10
8770.00 2.680564e-10
8780.00 2.562827e-10
8790.00 2.508343e-10
8800.00 2.640345e-10
8810.00 2.760514e-10
8820.00 2.657117e-10
8830.00 2.539743e-10
8840.00 2.416601e-10
8850.00 2.291253e-10
8860.00 2.317320e-10
8870.00 2.282365e-10
8880.00 2.373013e-10
8890.00 2.335187e-10
8900.00 2.145067e-10
8910.00 2.001818e-10
8920.00 1.996702e-10
8930.00 2.043351e-10
8940.00 1.992205e-10
8950.00 1.925652e-10
8960.00 1.927857e-10
8970.00 1.882877e-10
8980.00 1.836766e-10
8990.00 1.798296e-10
9000.00 1.765761e-10
9010.00 1.753443e-10
9020.00 1.653856e-10
9030.00 1.602896e-10
9040.00 1.626051e-10
9050.00 1.605427e-10
9060.00 1.574386e-10
9070.00 1.602341e-10
9080.00 1.585786e-10
9090.00 1.552349e-10
9100.00 1.572369e-10
9110.00 1.519047e-10
9120.00 1.476283e-10
9130.00 1.493333e-10
9140.00 1.488374e-10
9150.00 1.494747e-10
9160.00 1.456564e-10
9170.00 1.455244e-10
9180.00 1.413559e-10
9190.00 1.281268e-10
9200.00 1.271675e-10
9210.00 1.258329e-10
9220.00 1.278384e-10
9230.00 1.296546e-10
9240.00 1.417616e-10
9250.00 1.475810e-10
9260.00 1.293010e-10
9270.00 1.182592e-10
9280.00 1.154968e-10
9290.00 1.129091e-10
9300.00 1.139877e-10
9310.00 1.200268e-10
9320.00 1.325951e-10
9330.00 1.205339e-10
9340.00 1.113712e-10
9350.00 1.022822e-10
9360.00 1.034391e-10
9370.00 1.013975e-10
9380.00 1.095207e-10
9390.00 1.191450e-10
9400.00 1.376266e-10
9410.00 1.266860e-10
9420.00 1.048867e-10
9430.00 1.044911e-10
9440.00 1.016872e-10
9450.00 1.042895e-10
9460.00 1.148900e-10
9470.00 1.151987e-10
9480.00 1.130991e-10
9490.00 1.099350e-10
9500.00 1.089881e-10
9510.00 1.048874e-10
9520.00 1.076090e-10
9530.00 9.844200e-11
9540.00 1.038271e-10
9550.00 1.193279e-10
9560.00 1.107018e-10
9570.00 1.062080e-10
9580.00 1.047001e-10
9590.00 9.785206e-11
9600.00 9.674602e-11
9610.00 9.622402e-11
9620.00 9.882256e-11
9630.00 9.746747e-11
9640.00 9.208343e-11
9650.00 9.074900e-11
9660.00 8.835443e-11
9670.00 8.673070e-11
9680.00 8.754577e-11
9690.00 8.607550e-11
9700.00 8.656456e-11
9710.00 8.725531e-11
9720.00 9.417489e-11
9730.00 9.865161e-11
9740.00 9.026419e-11
9750.00 8.718150e-11
9760.00 9.227550e-11
9770.00 9.201924e-11
9780.00 9.627386e-11
9790.00 9.741163e-11
9800.00 9.590017e-11
9810.00 1.074189e-10
9820.00 1.040602e-10
9830.00 9.531736e-11
9840.00 1.000132e-10
9850.00 1.054910e-10
9860.00 1.116401e-10
9870.00 1.074010e-10
9880.00 1.050413e-10
9890.00 1.209035e-10
9900.00 1.162056e-10
9910.00 1.071852e-10
9920.00 1.077074e-10
9930.00 1.083464e-10
9940.00 1.101000e-10
9950.00 1.063512e-10
9960.00 1.032232e-10
9970.00 9.377607e-11
9980.00 1.066895e-10
9990.00 9.892424e-11
10000.00 9.531991e-11
10010.00 9.435346e-11
10020.00 9.676779e-11
10030.00 1.025754e-10
10040.00 9.606344e-11
10050.00 9.249164e-11
10060.00 9.194410e-11
10070.00 9.140139e-11
10080.00 9.086147e-11
10090.00 9.032437e-11
10100.00 8.979200e-11
10110.00 8.926236e-11
10120.00 8.873550e-11
10130.00 8.821324e-11
10140.00 8.769367e-11
10150.00 8.717681e-11
10160.00 8.666447e-11
10170.00 8.615474e-11
10180.00 8.564770e-11
10190.00 8.514505e-11
10200.00 8.464497e-11
10210.00 8.414752e-11
10220.00 8.365436e-11
10230.00 8.316371e-11
10240.00 8.267566e-11
10250.00 8.219179e-11
10260.00 8.171038e-11
10270.00 8.123152e-11
10280.00 8.075675e-11
10290.00 8.028439e-11
10300.00 7.981453e-11
10310.00 7.934867e-11
10320.00 7.888517e-11
10330.00 7.842412e-11
10340.00 7.796698e-11
10350.00 7.751214e-11
10360.00 7.705974e-11
10370.00 7.661114e-11
10380.00 7.616479e-11
10390.00 7.572083e-11
10400.00 7.528060e-11
10410.00 7.484257e-11
10420.00 7.440688e-11
10430.00 7.397484e-11
10440.00 7.354495e-11
10450.00 7.311737e-11
10460.00 7.269334e-11
10470.00 7.227144e-11
10480.00 7.185180e-11
10490.00 7.143562e-11
10500.00 7.102154e-11
10510.00 7.060970e-11
10520.00 7.020120e-11
10530.00 6.979477e-11
10540.00 6.939052e-11
10550.00 6.898957e-11
10560.00 6.859063e-11
10570.00 6.819384e-11
10580.00 6.780029e-11
10590.00 6.740868e-11
10600.00 6.701920e-11
10610.00 6.663288e-11
10620.00 6.624847e-11
10630.00 6.586615e-11
10640.00 6.548691e-11
10650.00 6.510955e-11
10660.00 6.473424e-11
10670.00 6.436194e-11
10680.00 6.399148e-11
10690.00 6.362306e-11
10700.00 6.325757e-11
10710.00 6.289388e-11
10720.00 6.253218e-11
10730.00 6.217335e-11
10740.00 6.181629e-11
10750.00 6.146119e-11
10760.00 6.110889e-11
10770.00 6.075834e-11
10780.00 6.040969e-11
10790.00 6.006381e-11
10800.00 5.971962e-11
10810.00 5.937731e-11
10820.00 5.903770e-11
10830.00 5.869974e-11
10840.00 5.836366e-11
10850.00 5.803019e-11
10860.00 5.769835e-11
10870.00 5.736835e-11
10880.00 5.704090e-11
10890.00 5.671507e-11
10900.00 5.639102e-11
10910.00 5.606949e-11
10920.00 5.574953e-11
10930.00 5.543134e-11
10940.00 5.511559e-11
10950.00 5.480139e-11
10960.00 5.448893e-11
10970.00 5.417886e-11
10980.00 5.387030e-11
10990.00 5.356346e-11
11000.00 5.325896e-11
11010.00 5.295594e-11
11020.00 5.265460e-11
11030.00 5.235556e-11
11040.00 5.205796e-11
11050.00 5.176204e-11
11060.00 5.146834e-11
11070.00 5.117605e-11
11080.00 5.088542e-11
11090.00 5.059697e-11
11100.00 5.030991e-11
11110.00 5.002446e-11
11120.00 4.974115e-11
11130.00 4.945920e-11
11140.00 4.917885e-11
11150.00 4.890058e-11
11160.00 4.862366e-11
11170.00 4.834829e-11
11180.00 4.807496e-11
11190.00 4.780296e-11
11200.00 4.753248e-11
11210.00 4.726401e-11
11220.00 4.699683e-11
11230.00 4.673115e-11
11240.00 4.646744e-11
11250.00 4.620499e-11
11260.00 4.594401e-11
11270.00 4.568496e-11
11280.00 4.542715e-11
11290.00 4.517080e-11
11300.00 4.491632e-11
11310.00 4.466305e-11
11320.00 4.441123e-11
11330.00 4.416123e-11
11340.00 4.391244e-11
11350.00 4.366505e-11
11360.00 4.341946e-11
11370.00 4.317504e-11
11380.00 4.293201e-11
11390.00 4.269073e-11
11400.00 4.245061e-11
11410.00 4.221186e-11
11420.00 4.197481e-11
11430.00 4.173890e-11
11440.00 4.150433e-11
11450.00 4.127145e-11
11460.00 4.103967e-11
11470.00 4.080922e-11
11480.00 4.058041e-11
11490.00 4.035268e-11
11500.00 4.012628e-11
11510.00 3.990146e-11
11520.00 3.967771e-11
11530.00 3.945525e-11
11540.00 3.923436e-11
11550.00 3.901452e-11
11560.00 3.879595e-11
11570.00 3.857890e-11
11580.00 3.836288e-11
11590.00 3.814811e-11
11600.00 3.793485e-11
11610.00 3.772259e-11
11620.00 3.751156e-11
11630.00 3.730200e-11
11640.00 3.709343e-11
11650.00 3.688607e-11
11660.00 3.668014e-11
11670.00 3.647518e-11
11680.00 3.627143e-11
11690.00 3.606907e-11
11700.00 3.586766e-11
11710.00 3.566743e-11
11720.00 3.546858e-11
11730.00 3.527066e-11
11740.00 3.507391e-11
11750.00 3.487848e-11
11760.00 3.468398e-11
11770.00 3.449061e-11
11780.00 3.429857e-11
11790.00 3.410743e-11
11800.00 3.391740e-11
11810.00 3.372867e-11
11820.00 3.354082e-11
11830.00 3.335407e-11
11840.00 3.316858e-11
11850.00 3.298397e-11
11860.00 3.280043e-11
11870.00 3.261814e-11
11880.00 3.243669e-11
11890.00 3.225632e-11
11900.00 3.207715e-11
11910.00 3.189882e-11
11920.00 3.172156e-11
11930.00 3.154546e-11
11940.00 3.137018e-11
11950.00 3.119595e-11
11960.00 3.102287e-11
11970.00 3.085060e-11
11980.00 3.067935e-11
11990.00 3.050923e-11
12000.00 3.033991e-11
12010.00 3.017160e-11
12020.00 3.000438e-11
12030.00 2.983795e-11
12040.00 2.967251e-11
12050.00 2.950816e-11
12060.00 2.934456e-11
12070.00 2.918194e-11
12080.00 2.902039e-11
12090.00 2.885959e-11
12100.00 2.869974e-11
12110.00 2.854094e-11
12120.00 2.838287e-11
12130.00 2.822576e-11
12140.00 2.806965e-11
12150.00 2.791427e-11
12160.00 2.775983e-11
12170.00 2.760637e-11
12180.00 2.745364e-11
12190.00 2.730181e-11
12200.00 2.715096e-11
12210.00 2.700082e-11
12220.00 2.685157e-11
12230.00 2.670329e-11
12240.00 2.655568e-11
12250.00 2.640897e-11
12260.00 2.626319e-11
12270.00 2.611809e-11
12280.00 2.597386e-11
12290.00 2.583054e-11
12300.00 2.568789e-11
12310.00 2.554610e-11
12320.00 2.540521e-11
12330.00 2.526497e-11
12340.00 2.512558e-11
12350.00 2.498706e-11
12360.00 2.484919e-11
12370.00 2.471215e-11
12380.00 2.457597e-11
12390.00 2.444042e-11
12400.00 2.430570e-11
12410.00 2.417181e-11
12420.00 2.403854e-11
12430.00 2.390609e-11
12440.00 2.377446e-11
12450.00 2.364343e-11
12460.00 2.351321e-11
12470.00 2.338378e-11
12480.00 2.325497e-11
12490.00 2.312692e-11
12500.00 2.299969e-11
12510.00 2.287303e-11
12520.00 2.274714e-11
12530.00 2.262203e-11
12540.00 2.249749e-11
12550.00 2.237372e-11
12560.00 2.225071e-11
12570.00 2.212826e-11
12580.00 2.200656e-11
12590.00 2.188560e-11
12600.00 2.176521e-11
12610.00 2.164555e-11
12620.00 2.152662e-11
12630.00 2.140823e-11
12640.00 2.129057e-11
12650.00 2.117363e-11
12660.00 2.105722e-11
12670.00 2.094153e-11
12680.00 2.082654e-11
12690.00 2.071208e-11
12700.00 2.059832e-11
12710.00 2.048525e-11
12720.00 2.037269e-11
12730.00 2.026084e-11
12740.00 2.014964e-11
12750.00 2.003896e-11
12760.00 1.992897e-11
12770.00 1.981964e-11
12780.00 1.971080e-11
12790.00 1.960264e-11
12800.00 1.949513e-11
12810.00 1.938809e-11
12820.00 1.928173e-11
12830.00 1.917600e-11
12840.00 1.907076e-11
12850.00 1.896617e-11
12860.00 1.886219e-11
12870.00 1.875869e-11
12880.00 1.865584e-11
12890.00 1.855359e-11
12900.00 1.845181e-11
12910.00 1.835067e-11
12920.00 1.825011e-11
12930.00 1.815002e-11
12940.00 1.805055e-11
12950.00 1.795166e-11
12960.00 1.785322e-11
12970.00 1.775540e-11
12980.00 1.765815e-11
12990.00 1.756134e-11
13000.00 1.746515e-11
13010.00 1.736951e-11
13020.00 1.727430e-11
13030.00 1.717970e-11
13040.00 1.708563e-11
13050.00 1.699200e-11
13060.00 1.689896e-11
13070.00 1.680646e-11
13080.00 1.671436e-11
13090.00 1.662286e-11
13100.00 1.653188e-11
13110.00 1.644131e-11
13120.00 1.635132e-11
13130.00 1.626183e-11
13140.00 1.617276e-11
13150.00 1.608426e-11
13160.00 1.599625e-11
13170.00 1.590864e-11
13180.00 1.582160e-11
13190.00 1.573504e-11
13200.00 1.564888e-11
13210.00 1.556326e-11
13220.00 1.547813e-11
13230.00 1.539338e-11
13240.00 1.530918e-11
13250.00 1.522545e-11
13260.00 1.514210e-11
13270.00 1.505927e-11
13280.00 1.497692e-11
13290.00 1.489493e-11
13300.00 1.481348e-11
13310.00 1.473247e-11
13320.00 1.465183e-11
13330.00 1.457172e-11
13340.00 1.449204e-11
13350.00 1.441272e-11
13360.00 1.433392e-11
13370.00 1.425556e-11
13380.00 1.417753e-11
13390.00 1.410003e-11
13400.00 1.402295e-11
13410.00 1.394620e-11
13420.00 1.386997e-11
13430.00 1.379415e-11
13440.00 1.371867e-11
13450.00 1.364368e-11
13460.00 1.356910e-11
13470.00 1.349485e-11
13480.00 1.342109e-11
13490.00 1.334773e-11
13500.00 1.327470e-11
13510.00 1.320214e-11
13520.00 1.312999e-11
13530.00 1.305815e-11
13540.00 1.298678e-11
13550.00 1.291581e-11
13560.00 1.284514e-11
13570.00 1.277494e-11
13580.00 1.270511e-11
13590.00 1.263561e-11
13600.00 1.256655e-11
13610.00 1.249787e-11
13620.00 1.242949e-11
13630.00 1.236156e-11
13640.00 1.229400e-11
13650.00 1.222674e-11
13660.00 1.215993e-11
13670.00 1.209347e-11
13680.00 1.202730e-11
13690.00 1.196157e-11
13700.00 1.189619e-11
13710.00 1.183110e-11
13720.00 1.176645e-11
13730.00 1.170213e-11
13740.00 1.163810e-11
13750.00 1.157451e-11
13760.00 1.151123e-11
13770.00 1.144825e-11
13780.00 1.138569e-11
13790.00 1.132344e-11
13800.00 1.126148e-11
13810.00 1.119993e-11
13820.00 1.113870e-11
13830.00 1.107775e-11
13840.00 1.101721e-11
13850.00 1.095698e-11
13860.00 1.089701e-11
13870.00 1.083745e-11
13880.00 1.077819e-11
13890.00 1.071920e-11
13900.00 1.066061e-11
13910.00 1.060231e-11
13920.00 1.054428e-11
13930.00 1.048664e-11
13940.00 1.042929e-11
13950.00 1.037220e-11
13960.00 1.031550e-11
13970.00 1.025908e-11
13980.00 1.020291e-11
13990.00 1.014713e-11
14000.00 1.009162e-11
14010.00 1.003637e-11
14020.00 9.981490e-12
14030.00 9.926885e-12
14040.00 9.872527e-12
14050.00 9.818534e-12
14060.00 9.764816e-12
14070.00 9.711336e-12
14080.00 9.658222e-12
14090.00 9.605371e-12
14100.00 9.552759e-12
14110.00 9.500503e-12
14120.00 9.448511e-12
14130.00 9.396748e-12
14140.00 9.345340e-12
14150.00 9.294185e-12
14160.00 9.243260e-12
14170.00 9.192685e-12
14180.00 9.142358e-12
14190.00 9.092257e-12
14200.00 9.042500e-12
14210.00 8.992987e-12
14220.00 8.943695e-12
14230.00 8.894742e-12
14240.00 8.846030e-12
14250.00 8.797534e-12
14260.00 8.749373e-12
14270.00 8.701447e-12
14280.00 8.653735e-12
14290.00 8.606353e-12
14300.00 8.559202e-12
14310.00 8.512259e-12
14320.00 8.465642e-12
14330.00 8.419251e-12
14340.00 8.373067e-12
14350.00 8.327203e-12
14360.00 8.281561e-12
14370.00 8.236122e-12
14380.00 8.190999e-12
14390.00 8.146093e-12
14400.00 8.101386e-12
14410.00 8.056991e-12
14420.00 8.012809e-12
14430.00 7.968824e-12
14440.00 7.925145e-12
14450.00 7.881676e-12
14460.00 7.838399e-12
14470.00 7.795426e-12
14480.00 7.752656e-12
14490.00 7.710078e-12
14500.00 7.667800e-12
14510.00 7.625720e-12
14520.00 7.583826e-12
14530.00 7.542227e-12
14540.00 7.500825e-12
14550.00 7.459607e-12
14560.00 7.418679e-12
14570.00 7.377942e-12
14580.00 7.337388e-12
14590.00 7.297119e-12
14600.00 7.257039e-12
14610.00 7.217137e-12
14620.00 7.177518e-12
14630.00 7.138083e-12
14640.00 7.098823e-12
14650.00 7.059840e-12
14660.00 7.021040e-12
14670.00 6.982412e-12
14680.00 6.944058e-12
14690.00 6.905882e-12
14700.00 6.867874e-12
14710.00 6.830138e-12
14720.00 6.792575e-12
14730.00 6.755180e-12
14740.00 6.718051e-12
14750.00 6.681093e-12
14760.00 6.644298e-12
14770.00 6.607766e-12
14780.00 6.571402e-12
14790.00 6.535198e-12
14800.00 6.499255e-12
14810.00 6.463475e-12
14820.00 6.427854e-12
14830.00 6.392488e-12
14840.00 6.357284e-12
14850.00 6.322234e-12
14860.00 6.287438e-12
14870.00 6.252798e-12
14880.00 6.218313e-12
14890.00 6.184076e-12
14900.00 6.149992e-12
14910.00 6.116061e-12
14920.00 6.082375e-12
14930.00 6.048839e-12
14940.00 6.015452e-12
14950.00 5.982307e-12
14960.00 5.949310e-12
14970.00 5.916460e-12
14980.00 5.883847e-12
14990.00 5.851379e-12
15000.00 5.819057e-12
15010.00 5.786969e-12
15020.00 5.755022e-12
15030.00 5.723218e-12
15040.00 5.691645e-12
15050.00 5.660211e-12
15060.00 5.628919e-12
15070.00 5.597853e-12
15080.00 5.566924e-12
15090.00 5.536134e-12
15100.00 5.505565e-12
15110.00 5.475134e-12
15120.00 5.444838e-12
15130.00 5.414760e-12
15140.00 5.384817e-12
15150.00 5.355008e-12
15160.00 5.325413e-12
15170.00 5.295949e-12
15180.00 5.266620e-12
15190.00 5.237499e-12
15200.00 5.208509e-12
15210.00 5.179650e-12
15220.00 5.150997e-12
15230.00 5.122471e-12
15240.00 5.094075e-12
15250.00 5.065882e-12
15260.00 5.037815e-12
15270.00 5.009876e-12
15280.00 4.982134e-12
15290.00 4.954516e-12
15300.00 4.927026e-12
15310.00 4.899729e-12
15320.00 4.872554e-12
15330.00 4.845505e-12
15340.00 4.818647e-12
15350.00 4.791907e-12
15360.00 4.765293e-12
15370.00 4.738865e-12
15380.00 4.712555e-12
15390.00 4.686367e-12
15400.00 4.660363e-12
15410.00 4.634475e-12
15420.00 4.608708e-12
15430.00 4.583121e-12
15440.00 4.557648e-12
15450.00 4.532295e-12
15460.00 4.507119e-12
15470.00 4.482054e-12
15480.00 4.457107e-12
15490.00 4.432334e-12
15500.00 4.407672e-12
15510.00 4.383127e-12
15520.00 4.358752e-12
15530.00 4.334485e-12
15540.00 4.310333e-12
15550.00 4.286348e-12
15560.00 4.262471e-12
15570.00 4.238707e-12
15580.00 4.215107e-12
15590.00 4.191613e-12
15600.00 4.168230e-12
15610.00 4.145008e-12
15620.00 4.121891e-12
15630.00 4.098884e-12
15640.00 4.076035e-12
15650.00 4.053287e-12
15660.00 4.030650e-12
15670.00 4.008168e-12
15680.00 3.985786e-12
15690.00 3.963512e-12
15700.00 3.941391e-12
15710.00 3.919367e-12
15720.00 3.897451e-12
15730.00 3.875685e-12
15740.00 3.854014e-12
15750.00 3.832450e-12
15760.00 3.811033e-12
15770.00 3.789710e-12
15780.00 3.768492e-12
15790.00 3.747419e-12
15800.00 3.726438e-12
15810.00 3.705562e-12
15820.00 3.684825e-12
15830.00 3.664183e-12
15840.00 3.643642e-12
15850.00 3.623239e-12
15860.00 3.602926e-12
15870.00 3.582715e-12
15880.00 3.562639e-12
15890.00 3.542654e-12
15900.00 3.522767e-12
15910.00 3.503014e-12
15920.00 3.483349e-12
15930.00 3.463781e-12
15940.00 3.444345e-12
15950.00 3.424996e-12
15960.00 3.405744e-12
15970.00 3.386620e-12
15980.00 3.367581e-12
15990.00 3.348638e-12
16000.00 3.329822e-12
16010.00 3.311089e-12
16020.00 3.292450e-12
16030.00 3.273935e-12
16040.00 3.255504e-12
16050.00 3.237164e-12
16060.00 3.218948e-12
16070.00 3.200812e-12
16080.00 3.182768e-12
16090.00 3.164843e-12
16100.00 3.146999e-12
16110.00 3.129246e-12
16120.00 3.111610e-12
16130.00 3.094052e-12
16140.00 3.076584e-12
16150.00 3.059232e-12
16160.00 3.041957e-12
16170.00 3.024769e-12
16180.00 3.007696e-12
16190.00 2.990698e-12
16200.00 2.973789e-12
16210.00 2.956988e-12
16220.00 2.940265e-12
16230.00 2.923627e-12
16240.00 2.907097e-12
16250.00 2.890642e-12
16260.00 2.874272e-12
16270.00 2.858009e-12
16280.00 2.841819e-12
16290.00 2.825713e-12
16300.00 2.809711e-12
16310.00 2.793782e-12
16320.00 2.777935e-12
16330.00 2.762190e-12
16340.00 2.746517e-12
16350.00 2.730926e-12
16360.00 2.715436e-12
16370.00 2.700015e-12
16380.00 2.684674e-12
16390.00 2.669433e-12
16400.00 2.654261e-12
16410.00 2.639168e-12
16420.00 2.624172e-12
16430.00 2.609244e-12
16440.00 2.594395e-12
16450.00 2.579641e-12
16460.00 2.564954e-12
16470.00 2.550344e-12
16480.00 2.535828e-12
16490.00 2.521378e-12
16500.00 2.507004e-12
16510.00 2.492722e-12
16520.00 2.478504e-12
16530.00 2.464363e-12
16540.00 2.450310e-12
16550.00 2.436322e-12
16560.00 2.422408e-12
16570.00 2.408583e-12
16580.00 2.394821e-12
16590.00 2.381132e-12
16600.00 2.367530e-12
16610.00 2.353990e-12
16620.00 2.340522e-12
16630.00 2.327140e-12
16640.00 2.313818e-12
16650.00 2.300568e-12
16660.00 2.287402e-12
16670.00 2.274294e-12
16680.00 2.261259e-12
16690.00 2.248305e-12
16700.00 2.235411e-12
16710.00 2.222585e-12
16720.00 2.209841e-12
16730.00 2.197154e-12
16740.00 2.184537e-12
16750.00 2.171999e-12
16760.00 2.159518e-12
16770.00 2.147105e-12
16780.00 2.134769e-12
16790.00 2.122490e-12
16800.00 2.110278e-12
16810.00 2.098142e-12
16820.00 2.086061e-12
16830.00 2.074048e-12
16840.00 2.062108e-12
16850.00 2.050222e-12
16860.00 2.038403e-12
16870.00 2.026657e-12
16880.00 2.014964e-12
16890.00 2.003336e-12
16900.00 1.991780e-12
16910.00 1.980277e-12
16920.00 1.968837e-12
16930.00 1.957470e-12
16940.00 1.946152e-12
16950.00 1.934899e-12
16960.00 1.923714e-12
16970.00 1.912581e-12
16980.00 1.901510e-12
16990.00 1.890507e-12
17000.00 1.879555e-12
17010.00 1.868664e-12
17020.00 1.857840e-12
17030.00 1.847065e-12
17040.00 1.836350e-12
17050.00 1.825702e-12
17060.00 1.815102e-12
17070.00 1.804562e-12
17080.00 1.794086e-12
17090.00 1.783659e-12
17100.00 1.773290e-12
17110.00 1.762984e-12
17120.00 1.752727e-12
17130.00 1.742527e-12
17140.00 1.732388e-12
17150.00 1.722297e-12
17160.00 1.712264e-12
17170.00 1.702291e-12
17180.00 1.692363e-12
17190.00 1.682494e-12
17200.00 1.672682e-12
17210.00 1.662917e-12
17220.00 1.653208e-12
17230.00 1.643556e-12
17240.00 1.633950e-12
17250.00 1.624399e-12
17260.00 1.614905e-12
17270.00 1.605455e-12
17280.00 1.596060e-12
17290.00 1.586721e-12
17300.00 1.577425e-12
17310.00 1.568183e-12
17320.00 1.558996e-12
17330.00 1.549852e-12
17340.00 1.540762e-12
17350.00 1.531725e-12
17360.00 1.522730e-12
17370.00 1.513787e-12
17380.00 1.504899e-12
17390.00 1.496050e-12
17400.00 1.487254e-12
17410.00 1.478510e-12
17420.00 1.469806e-12
17430.00 1.461154e-12
17440.00 1.452554e-12
17450.00 1.443992e-12
17460.00 1.435481e-12
17470.00 1.427021e-12
17480.00 1.418601e-12
17490.00 1.410229e-12
17500.00 1.401907e-12
17510.00 1.393624e-12
17520.00 1.385390e-12
17530.00 1.377205e-12
17540.00 1.369057e-12
17550.00 1.360958e-12
17560.00 1.352907e-12
17570.00 1.344893e-12
17580.00 1.336927e-12
17590.00 1.329007e-12
17600.00 1.321125e-12
17610.00 1.313290e-12
17620.00 1.305500e-12
17630.00 1.297747e-12
17640.00 1.290040e-12
17650.00 1.282379e-12
17660.00 1.274753e-12
17670.00 1.267173e-12
17680.00 1.259638e-12
17690.00 1.252137e-12
17700.00 1.244682e-12
17710.00 1.237270e-12
17720.00 1.229893e-12
17730.00 1.222560e-12
17740.00 1.215271e-12
17750.00 1.208016e-12
17760.00 1.200803e-12
17770.00 1.193633e-12
17780.00 1.186497e-12
17790.00 1.179405e-12
17800.00 1.172354e-12
17810.00 1.165335e-12
17820.00 1.158359e-12
17830.00 1.151424e-12
17840.00 1.144521e-12
17850.00 1.137660e-12
17860.00 1.130839e-12
17870.00 1.124051e-12
17880.00 1.117303e-12
17890.00 1.110595e-12
17900.00 1.103919e-12
17910.00 1.097283e-12
17920.00 1.090685e-12
17930.00 1.084118e-12
17940.00 1.077593e-12
17950.00 1.071105e-12
17960.00 1.064647e-12
17970.00 1.058229e-12
17980.00 1.051848e-12
17990.00 1.045497e-12
18000.00 1.039186e-12
18010.00 1.032911e-12
18020.00 1.026665e-12
18030.00 1.020458e-12
18040.00 1.014287e-12
18050.00 1.008145e-12
18060.00 1.002041e-12
18070.00 9.959722e-13
18080.00 9.899322e-13
18090.00 9.839298e-13
18100.00 9.779618e-13
18110.00 9.720217e-13
18120.00 9.661195e-13
18130.00 9.602505e-13
18140.00 9.544091e-13
18150.00 9.486050e-13
18160.00 9.428338e-13
18170.00 9.370895e-13
18180.00 9.313820e-13
18190.00 9.257069e-13
18200.00 9.200582e-13
18210.00 9.144459e-13
18220.00 9.088653e-13
18230.00 9.033110e-13
18240.00 8.977922e-13
18250.00 8.923045e-13
18260.00 8.868427e-13
18270.00 8.814162e-13
18280.00 8.760201e-13
18290.00 8.706495e-13
18300.00 8.653136e-13
18310.00 8.600077e-13
18320.00 8.547268e-13
18330.00 8.494802e-13
18340.00 8.442630e-13
18350.00 8.390704e-13
18360.00 8.339116e-13
18370.00 8.287816e-13
18380.00 8.236760e-13
18390.00 8.186036e-13
18400.00 8.135596e-13
18410.00 8.085395e-13
18420.00 8.035522e-13
18430.00 7.985928e-13
18440.00 7.936568e-13
18450.00 7.887532e-13
18460.00 7.838770e-13
18470.00 7.790240e-13
18480.00 7.742028e-13
18490.00 7.694084e-13
18500.00 7.646369e-13
18510.00 7.598970e-13
18520.00 7.551834e-13
18530.00 7.504920e-13
18540.00 7.458318e-13
18550.00 7.411974e-13
18560.00 7.365850e-13
18570.00 7.320033e-13
18580.00 7.274469e-13
18590.00 7.229123e-13
18600.00 7.184079e-13
18610.00 7.139284e-13
18620.00 7.094702e-13
18630.00 7.050419e-13
18640.00 7.006379e-13
18650.00 6.962551e-13
18660.00 6.919016e-13
18670.00 6.875720e-13
18680.00 6.832633e-13
18690.00 6.789835e-13
18700.00 6.747272e-13
18710.00 6.704914e-13
18720.00 6.662840e-13
18730.00 6.620998e-13
18740.00 6.579357e-13
18750.00 6.537997e-13
18760.00 6.496864e-13
18770.00 6.455929e-13
18780.00 6.415272e-13
18790.00 6.374836e-13
18800.00 6.334596e-13
18810.00 6.294630e-13
18820.00 6.254881e-13
18830.00 6.215324e-13
18840.00 6.176037e-13
18850.00 6.136965e-13
18860.00 6.098081e-13
18870.00 6.059464e-13
18880.00 6.021056e-13
18890.00 5.982834e-13
18900.00 5.944875e-13
18910.00 5.907122e-13
18920.00 5.869552e-13
18930.00 5.832242e-13
18940.00 5.795133e-13
18950.00 5.758204e-13
18960.00 5.721531e-13
18970.00 5.685057e-13
18980.00 5.648759e-13
18990.00 5.612713e-13
19000.00 5.576862e-13
19010.00 5.541185e-13
19020.00 5.505757e-13
19030.00 5.470520e-13
19040.00 5.435454e-13
19050.00 5.400634e-13
19060.00 5.366001e-13
19070.00 5.331536e-13
19080.00 5.297313e-13
19090.00 5.263274e-13
19100.00 5.229402e-13
19110.00 5.195767e-13
19120.00 5.162313e-13
19130.00 5.129023e-13
19140.00 5.095968e-13
19150.00 5.063090e-13
19160.00 5.030372e-13
19170.00 4.997887e-13
19180.00 4.965575e-13
19190.00 4.933422e-13
19200.00 4.901496e-13
19210.00 4.869741e-13
19220.00 4.838142e-13
19230.00 4.806768e-13
19240.00 4.775563e-13
19250.00 4.744510e-13
19260.00 4.713680e-13
19270.00 4.683012e-13
19280.00 4.652497e-13
19290.00 4.622200e-13
19300.00 4.592064e-13
19310.00 4.562077e-13
19320.00 4.532305e-13
19330.00 4.502693e-13
19340.00 4.473225e-13
19350.00 4.443972e-13
19360.00 4.414872e-13
19370.00 4.385917e-13
19380.00 4.357172e-13
19390.00 4.328578e-13
19400.00 4.300127e-13
19410.00 4.271882e-13
19420.00 4.243786e-13
19430.00 4.215831e-13
19440.00 4.188079e-13
19450.00 4.160472e-13
19460.00 4.133004e-13
19470.00 4.105736e-13
19480.00 4.078612e-13
19490.00 4.051623e-13
19500.00 4.024833e-13
19510.00 3.998184e-13
19520.00 3.971666e-13
19530.00 3.945345e-13
19540.00 3.919161e-13
19550.00 3.893109e-13
19560.00 3.867249e-13
19570.00 3.841524e-13
19580.00 3.815929e-13
19590.00 3.790523e-13
19600.00 3.765249e-13
19610.00 3.740103e-13
19620.00 3.715144e-13
19630.00 3.690316e-13
19640.00 3.665612e-13
19650.00 3.641092e-13
19660.00 3.616700e-13
19670.00 3.592432e-13
19680.00 3.568345e-13
19690.00 3.544384e-13
19700.00 3.520544e-13
19710.00 3.496882e-13
19720.00 3.473343e-13
19730.00 3.449924e-13
19740.00 3.426681e-13
19750.00 3.403558e-13
19760.00 3.380554e-13
19770.00 3.357722e-13
19780.00 3.335010e-13
19790.00 3.312413e-13
19800.00 3.289988e-13
19810.00 3.267678e-13
19820.00 3.245482e-13
19830.00 3.223454e-13
19840.00 3.201541e-13
19850.00 3.179741e-13
19860.00 3.158105e-13
19870.00 3.136581e-13
19880.00 3.115169e-13
19890.00 3.093919e-13
19900.00 3.072780e-13
19910.00 3.051748e-13
19920.00 3.030878e-13
19930.00 3.010117e-13
19940.00 2.989461e-13
19950.00 2.968964e-13
19960.00 2.948574e-13
19970.00 2.928288e-13
19980.00 2.908159e-13
19990.00 2.888133e-13
20000.00 2.868211e-13
20010.00 2.848443e-13
20020.00 2.828777e-13
20030.00 2.809212e-13
20040.00 2.789800e-13
20050.00 2.770486e-13
20060.00 2.751275e-13
20070.00 2.732211e-13
20080.00 2.713246e-13
20090.00 2.694381e-13
20100.00 2.675661e-13
20110.00 2.657038e-13
20120.00 2.638513e-13
20130.00 2.620130e-13
20140.00 2.601844e-13
20150.00 2.583655e-13
20160.00 2.565605e-13
20170.00 2.547650e-13
20180.00 2.529790e-13
20190.00 2.512068e-13
20200.00 2.494438e-13
20210.00 2.476902e-13
20220.00 2.459502e-13
20230.00 2.442192e-13
20240.00 2.424975e-13
20250.00 2.407891e-13
20260.00 2.390896e-13
20270.00 2.373993e-13
20280.00 2.357220e-13
20290.00 2.340535e-13
20300.00 2.323942e-13
20310.00 2.307474e-13
20320.00 2.291094e-13
20330.00 2.274804e-13
20340.00 2.258638e-13
20350.00 2.242558e-13
20360.00 2.226566e-13
20370.00 2.210697e-13
20380.00 2.194911e-13
20390.00 2.179212e-13
20400.00 2.163635e-13
20410.00 2.148139e-13
20420.00 2.132729e-13
20430.00 2.117437e-13
20440.00 2.102228e-13
20450.00 2.087101e-13
20460.00 2.072091e-13
20470.00 2.057163e-13
20480.00 2.042315e-13
20490.00 2.027583e-13
20500.00 2.012930e-13
20510.00 1.998358e-13
20520.00 1.983898e-13
20530.00 1.969516e-13
20540.00 1.955214e-13
20550.00 1.941022e-13
20560.00 1.926907e-13
20570.00 1.912871e-13
20580.00 1.898944e-13
20590.00 1.885090e-13
20600.00 1.871315e-13
20610.00 1.857646e-13
20620.00 1.844051e-13
20630.00 1.830534e-13
20640.00 1.817120e-13
20650.00 1.803778e-13
20660.00 1.790514e-13
20670.00 1.777351e-13
20680.00 1.764259e-13
20690.00 1.751244e-13
20700.00 1.738327e-13
20710.00 1.725480e-13
20720.00 1.712710e-13
20730.00 1.700035e-13
20740.00 1.687430e-13
20750.00 1.674899e-13
20760.00 1.662463e-13
20770.00 1.650096e-13
20780.00 1.637800e-13
20790.00 1.625599e-13
20800.00 1.613465e-13
20810.00 1.601403e-13
20820.00 1.589432e-13
20830.00 1.577527e-13
20840.00 1.565694e-13
20850.00 1.553949e-13
20860.00 1.542271e-13
20870.00 1.530662e-13
20880.00 1.519141e-13
20890.00 1.507684e-13
20900.00 1.496295e-13
20910.00 1.484994e-13
20920.00 1.473755e-13
20930.00 1.462583e-13
20940.00 1.451497e-13
20950.00 1.440473e-13
20960.00 1.429516e-13
20970.00 1.418642e-13
20980.00 1.407829e-13
20990.00 1.397080e-13
21000.00 1.386415e-13
21010.00 1.375809e-13
21020.00 1.365267e-13
21030.00 1.354807e-13
21040.00 1.344404e-13
21050.00 1.334067e-13
21060.00 1.323807e-13
21070.00 1.313605e-13
21080.00 1.303467e-13
21090.00 1.293406e-13
21100.00 1.283402e-13
21110.00 1.273458e-13
21120.00 1.263592e-13
21130.00 1.253781e-13
21140.00 1.244032e-13
21150.00 1.234356e-13
21160.00 1.224736e-13
21170.00 1.215176e-13
21180.00 1.205689e-13
21190.00 1.196256e-13
21200.00 1.186883e-13
21210.00 1.177581e-13
21220.00 1.168332e-13
21230.00 1.159141e-13
21240.00 1.150021e-13
21250.00 1.140953e-13
21260.00 1.131943e-13
21270.00 1.123002e-13
21280.00 1.114112e-13
21290.00 1.105279e-13
21300.00 1.096513e-13
21310.00 1.087798e-13
21320.00 1.079139e-13
21330.00 1.070545e-13
21340.00 1.062003e-13
21350.00 1.053515e-13
21360.00 1.045092e-13
21370.00 1.036717e-13
21380.00 1.028398e-13
21390.00 1.020142e-13
21400.00 1.011934e-13
21410.00 1.003779e-13
21420.00 9.956867e-14
21430.00 9.876418e-14
21440.00 9.796497e-14
21450.00 9.717188e-14
21460.00 9.638343e-14
21470.00 9.560020e-14
21480.00 9.482298e-14
21490.00 9.405032e-14
21500.00 9.328280e-14
21510.00 9.252113e-14
21520.00 9.176395e-14
21530.00 9.101183e-14
21540.00 9.026548e-14
21550.00 8.952353e-14
21560.00 8.878656e-14
21570.00 8.805526e-14
21580.00 8.732829e-14
21590.00 8.660622e-14
21600.00 8.588970e-14
21610.00 8.517744e-14
21620.00 8.447002e-14
21630.00 8.376802e-14
21640.00 8.307023e-14
21650.00 8.237718e-14
21660.00 8.168947e-14
21670.00 8.100589e-14
21680.00 8.032698e-14
21690.00 7.965331e-14
21700.00 7.898368e-14
21710.00 7.831867e-14
21720.00 7.765878e-14
21730.00 7.700288e-14
21740.00 7.635151e-14
21750.00 7.570517e-14
21760.00 7.506275e-14
21770.00 7.442481e-14
21780.00 7.379179e-14
21790.00 7.316261e-14
21800.00 7.253784e-14
21810.00 7.191790e-14
21820.00 7.130174e-14
21830.00 7.068992e-14
21840.00 7.008284e-14
21850.00 6.947947e-14
21860.00 6.888037e-14
21870.00 6.828591e-14
21880.00 6.769511e-14
21890.00 6.710852e-14
21900.00 6.652647e-14
21910.00 6.594802e-14
21920.00 6.537370e-14
21930.00 6.480384e-14
21940.00 6.423751e-14
21950.00 6.367528e-14
21960.00 6.311739e-14
21970.00 6.256299e-14
21980.00 6.201260e-14
21990.00 6.146648e-14
22000.00 6.092377e-14
22010.00 6.038502e-14
22020.00 5.985046e-14
22030.00 5.931927e-14
22040.00 5.879195e-14
22050.00 5.826876e-14
22060.00 5.774886e-14
22070.00 5.723278e-14
22080.00 5.672072e-14
22090.00 5.621192e-14
22100.00 5.570688e-14
22110.00 5.520579e-14
22120.00 5.470789e-14
22130.00 5.421370e-14
22140.00 5.372336e-14
22150.00 5.323616e-14
22160.00 5.275262e-14
22170.00 5.227287e-14
22180.00 5.179618e-14
22190.00 5.132309e-14
22200.00 5.085372e-14
22210.00 5.038737e-14
22220.00 4.992454e-14
22230.00 4.946537e-14
22240.00 4.900917e-14
22250.00 4.855644e-14
22260.00 4.810727e-14
22270.00 4.766104e-14
22280.00 4.721821e-14
22290.00 4.677889e-14
22300.00 4.634243e-14
22310.00 4.590934e-14
22320.00 4.547967e-14
22330.00 4.505283e-14
22340.00 4.462929e-14
22350.00 4.420912e-14
22360.00 4.379170e-14
22370.00 4.337755e-14
22380.00 4.296668e-14
22390.00 4.255854e-14
22400.00 4.215359e-14
22410.00 4.175188e-14
22420.00 4.135283e-14
22430.00 4.095695e-14
22440.00 4.056421e-14
22450.00 4.017410e-14
22460.00 3.978708e-14
22470.00 3.940316e-14
22480.00 3.902183e-14
22490.00 3.864355e-14
22500.00 3.826829e-14
22510.00 3.789557e-14
22520.00 3.752585e-14
22530.00 3.715909e-14
22540.00 3.679482e-14
22550.00 3.643350e-14
22560.00 3.607509e-14
22570.00 3.571913e-14
22580.00 3.536605e-14
22590.00 3.501584e-14
22600.00 3.466802e-14
22610.00 3.432305e-14
22620.00 3.398088e-14
22630.00 3.364107e-14
22640.00 3.330405e-14
22650.00 3.296977e-14
22660.00 3.263781e-14
22670.00 3.230862e-14
22680.00 3.198208e-14
22690.00 3.165783e-14
22700.00 3.133629e-14
22710.00 3.101737e-14
22720.00 3.070069e-14
22730.00 3.038667e-14
22740.00 3.007522e-14
22750.00 2.976595e-14
22760.00 2.945931e-14
22770.00 2.915519e-14
22780.00 2.885323e-14
22790.00 2.855382e-14
22800.00 2.825690e-14
22810.00 2.796208e-14
22820.00 2.766981e-14
22830.00 2.737993e-14
22840.00 2.709214e-14
22850.00 2.680684e-14
22860.00 2.652389e-14
22870.00 2.624299e-14
22880.00 2.596454e-14
22890.00 2.568839e-14
22900.00 2.541425e-14
22910.00 2.514251e-14
22920.00 2.487303e-14
22930.00 2.460553e-14
22940.00 2.434038e-14
22950.00 2.407745e-14
22960.00 2.381646e-14
22970.00 2.355779e-14
22980.00 2.330127e-14
22990.00 2.304667e-14
23000.00 2.279433e-14
23010.00 2.254413e-14
23020.00 2.229580e-14
23030.00 2.204968e-14
23040.00 2.180567e-14
23050.00 2.156347e-14
23060.00 2.132347e-14
23070.00 2.108551e-14
23080.00 2.084936e-14
23090.00 2.061535e-14
23100.00 2.038334e-14
23110.00 2.015310e-14
23120.00 1.992497e-14
23130.00 1.969880e-14
23140.00 1.947436e-14
23150.00 1.925199e-14
23160.00 1.903155e-14
23170.00 1.881281e-14
23180.00 1.859609e-14
23190.00 1.838126e-14
23200.00 1.816810e-14
23210.00 1.795694e-14
23220.00 1.774761e-14
23230.00 1.753992e-14
23240.00 1.733420e-14
23250.00 1.713028e-14
23260.00 1.692796e-14
23270.00 1.672757e-14
23280.00 1.652895e-14
23290.00 1.633190e-14
23300.00 1.613674e-14
23310.00 1.594331e-14
23320.00 1.575141e-14
23330.00 1.556139e-14
23340.00 1.537305e-14
23350.00 1.518623e-14
23360.00 1.500123e-14
23370.00 1.481787e-14
23380.00 1.463602e-14
23390.00 1.445596e-14
23400.00 1.427750e-14
23410.00 1.410052e-14
23420.00 1.392528e-14
23430.00 1.375164e-14
23440.00 1.357941e-14
23450.00 1.340892e-14
23460.00 1.323998e-14
23470.00 1.307244e-14
23480.00 1.290659e-14
23490.00 1.274226e-14
23500.00 1.257931e-14
23510.00 1.241801e-14
23520.00 1.225821e-14
23530.00 1.209975e-14
23540.00 1.194292e-14
23550.00 1.178755e-14
23560.00 1.163349e-14
23570.00 1.148103e-14
23580.00 1.133000e-14
23590.00 1.118026e-14
23600.00 1.103210e-14
23610.00 1.088532e-14
23620.00 1.073982e-14
23630.00 1.059586e-14
23640.00 1.045325e-14
23650.00 1.031190e-14
23660.00 1.017205e-14
23670.00 1.003353e-14
23680.00 9.896241e-15
23690.00 9.760424e-15
23700.00 9.625910e-15
23710.00 9.492603e-15
23720.00 9.360742e-15
23730.00 9.230152e-15
23740.00 9.100745e-15
23750.00 8.972756e-15
23760.00 8.846011e-15
23770.00 8.720425e-15
23780.00 8.596229e-15
23790.00 8.473251e-15
23800.00 8.351409e-15
23810.00 8.230929e-15
23820.00 8.111641e-15
23830.00 7.993465e-15
23840.00 7.876625e-15
23850.00 7.760950e-15
23860.00 7.646367e-15
23870.00 7.533091e-15
23880.00 7.420955e-15
23890.00 7.309890e-15
23900.00 7.200106e-15
23910.00 7.091436e-15
23920.00 6.983815e-15
23930.00 6.877450e-15
23940.00 6.772175e-15
23950.00 6.667928e-15
23960.00 6.564910e-15
23970.00 6.462958e-15
23980.00 6.362014e-15
23990.00 6.262274e-15
24000.00 6.163577e-15
24010.00 6.065867e-15
24020.00 5.969334e-15
24030.00 5.873824e-15
24040.00 5.779280e-15
24050.00 5.685890e-15
24060.00 5.593497e-15
24070.00 5.502053e-15
24080.00 5.411737e-15
24090.00 5.322398e-15
24100.00 5.233987e-15
24110.00 5.146682e-15
24120.00 5.060330e-15
24130.00 4.974889e-15
24140.00 4.890529e-15
24150.00 4.807102e-15
24160.00 4.724568e-15
24170.00 4.643089e-15
24180.00 4.562525e-15
24190.00 4.482833e-15
24200.00 4.404177e-15
24210.00 4.326413e-15
24220.00 4.249503e-15
24230.00 4.173606e-15
24240.00 4.098582e-15
24250.00 4.024395e-15
24260.00 3.951198e-15
24270.00 3.878854e-15
24280.00 3.807330e-15
24290.00 3.736775e-15
24300.00 3.667054e-15
24310.00 3.598135e-15
24320.00 3.530162e-15
24330.00 3.463006e-15
24340.00 3.396636e-15
24350.00 3.331191e-15
24360.00 3.266544e-15
24370.00 3.202665e-15
24380.00 3.139691e-15
24390.00 3.077496e-15
24400.00 3.016056e-15
24410.00 2.955498e-15
24420.00 2.895702e-15
24430.00 2.836644e-15
24440.00 2.778451e-15
24450.00 2.720999e-15
24460.00 2.664271e-15
24470.00 2.608388e-15
24480.00 2.553229e-15
24490.00 2.498779e-15
24500.00 2.445153e-15
24510.00 2.392237e-15
24520.00 2.340013e-15
24530.00 2.288594e-15
24540.00 2.237868e-15
24550.00 2.187820e-15
24560.00 2.138558e-15
24570.00 2.089973e-15
24580.00 2.042051e-15
24590.00 1.994897e-15
24600.00 1.948405e-15
24610.00 1.902560e-15
24620.00 1.857466e-15
24630.00 1.813017e-15
24640.00 1.769203e-15
24650.00 1.726120e-15
24660.00 1.683670e-15
24670.00 1.641839e-15
24680.00 1.600721e-15
24690.00 1.560222e-15
24700.00 1.520327e-15
24710.00 1.481130e-15
24720.00 1.442535e-15
24730.00 1.404533e-15
24740.00 1.367211e-15
24750.00 1.330476e-15
24760.00 1.294322e-15
24770.00 1.258830e-15
24780.00 1.223912e-15
24790.00 1.189561e-15
24800.00 1.155856e-15
24810.00 1.122712e-15
24820.00 1.090124e-15
24830.00 1.058163e-15
24840.00 1.026750e-15
24850.00 9.958801e-16
24860.00 9.656225e-16
24870.00 9.359000e-16
24880.00 9.067074e-16
24890.00 8.781116e-16
24900.00 8.500383e-16
24910.00 8.224828e-16
24920.00 7.955086e-16
24930.00 7.690444e-16
24940.00 7.430862e-16
24950.00 7.176940e-16
24960.00 6.927996e-16
24970.00 6.683995e-16
24980.00 6.445505e-16
24990.00 6.211874e-16
25000.00 5.983073e-16
