1000.00 1.768655e-35
1010.00 2.006901e-28
1020.00 3.612489e-27
1030.00 2.141053e-26
1040.00 7.889319e-26
1050.00 2.243927e-25
1060.00 5.471719e-25
1070.00 1.167227e-24
1080.00 2.356410e-24
1090.00 4.358607e-24
1100.00 7.784224e-24
1110.00 1.321738e-23
1120.00 2.167963e-23
1130.00 3.478268e-23
1140.00 5.354502e-23
1150.00 8.256822e-23
1160.00 1.223990e-22
1170.00 1.811343e-22
1180.00 2.616249e-22
1190.00 3.731995e-22
1200.00 5.284922e-22
1210.00 7.303939e-22
1220.00 1.018718e-21
1230.00 1.382521e-21
1240.00 1.887309e-21
1250.00 2.532183e-21
1260.00 3.378988e-21
1270.00 4.492535e-21
1280.00 5.871475e-21
1290.00 7.750483e-21
1300.00 1.001114e-20
1310.00 1.304218e-20
1320.00 1.674758e-20
1330.00 2.146124e-20
1340.00 2.742887e-20
1350.00 3.460626e-20
1360.00 4.406473e-20
1370.00 5.509435e-20
1380.00 6.955244e-20
1390.00 8.667936e-20
1400.00 1.080132e-19
1410.00 1.342644e-19
1420.00 1.652367e-19
1430.00 2.049901e-19
1440.00 2.503239e-19
1450.00 3.087870e-19
1460.00 3.763792e-19
1470.00 4.593188e-19
1480.00 5.590716e-19
1490.00 6.751951e-19
1500.00 8.210008e-19
1510.00 9.844937e-19
1520.00 1.192710e-18
1530.00 1.428741e-18
1540.00 1.715112e-18
1550.00 2.053019e-18
1560.00 2.442546e-18
1570.00 2.922465e-18
1580.00 3.453506e-18
1590.00 4.123060e-18
1600.00 4.869613e-18
1610.00 5.767437e-18
1620.00 6.809563e-18
1630.00 8.002063e-18
1640.00 9.446965e-18
1650.00 1.102866e-17
1660.00 1.300648e-17
1670.00 1.518061e-17
1680.00 1.777682e-17
1690.00 2.074710e-17
1700.00 2.412671e-17
1710.00 2.816096e-17
1720.00 3.253772e-17
1730.00 3.797259e-17
1740.00 4.387287e-17
1750.00 5.087781e-17
1760.00 5.878944e-17
1770.00 6.775118e-17
1780.00 7.830528e-17
1790.00 8.968594e-17
1800.00 1.036950e-16
1810.00 1.187544e-16
1820.00 1.365468e-16
1830.00 1.564099e-16
1840.00 1.788289e-16
1850.00 2.049075e-16
1860.00 2.329686e-16
1870.00 2.670556e-16
1880.00 3.034657e-16
1890.00 3.463068e-16
1900.00 3.936296e-16
1910.00 4.468873e-16
1920.00 5.081391e-16
1930.00 5.739452e-16
1940.00 6.529074e-16
1950.00 7.367805e-16
1960.00 8.351212e-16
1970.00 9.426959e-16
1980.00 1.063474e-15
1990.00 1.200929e-15
2000.00 1.348441e-15
2010.00 1.523435e-15
2020.00 1.708388e-15
2030.00 1.924584e-15
2040.00 2.158957e-15
2050.00 2.421579e-15
2060.00 2.717556e-15
2070.00 3.034941e-15
2080.00 3.407461e-15
2090.00 3.799418e-15
2100.00 4.256373e-15
2110.00 4.747599e-15
2120.00 5.297135e-15
2130.00 5.910824e-15
2140.00 6.568551e-15
2150.00 7.332860e-15
2160.00 8.133773e-15
2170.00 9.065328e-15
2180.00 1.005890e-14
2190.00 1.116887e-14
2200.00 1.239782e-14
2210.00 1.371451e-14
2220.00 1.523024e-14
2230.00 1.681261e-14
2240.00 1.864933e-14
2250.00 2.059384e-14
2260.00 2.276365e-14
2270.00 2.514662e-14
2280.00 2.769925e-14
2290.00 3.061177e-14
2300.00 3.364175e-14
2310.00 3.715249e-14
2320.00 4.084314e-14
2330.00 4.495747e-14
2340.00 4.944134e-14
2350.00 5.424408e-14
2360.00 5.967801e-14
2370.00 6.531275e-14
2380.00 7.183115e-14
2390.00 7.863782e-14
2400.00 8.621976e-14
2410.00 9.442233e-14
2420.00 1.032084e-13
2430.00 1.130699e-13
2440.00 1.232645e-13
2450.00 1.350414e-13
2460.00 1.472605e-13
2470.00 1.608619e-13
2480.00 1.754742e-13
2490.00 1.911271e-13
2500.00 2.085625e-13
2510.00 2.265341e-13
2520.00 2.472701e-13
2530.00 2.686518e-13
2540.00 2.924390e-13
2550.00 3.178231e-13
2560.00 3.450185e-13
2570.00 3.750904e-13
2580.00 4.060761e-13
2590.00 4.416273e-13
2600.00 4.781445e-13
2610.00 5.187512e-13
2620.00 5.618042e-13
2630.00 6.079374e-13
2640.00 6.585939e-13
2650.00 7.108338e-13
2660.00 7.703176e-13
2670.00 8.312534e-13
2680.00 8.989878e-13
2690.00 9.703545e-13
2700.00 1.046843e-12
2710.00 1.130264e-12
2720.00 1.216364e-12
2730.00 1.313692e-12
2740.00 1.413132e-12
2750.00 1.523638e-12
2760.00 1.639359e-12
2770.00 1.763415e-12
2780.00 1.897834e-12
2790.00 2.036676e-12
2800.00 2.192528e-12
2810.00 2.351348e-12
2820.00 2.527808e-12
2830.00 2.711497e-12
2840.00 2.908467e-12
2850.00 3.120538e-12
2860.00 3.339748e-12
2870.00 3.584153e-12
2880.00 3.832572e-12
2890.00 4.108550e-12
2900.00 4.394152e-12
2910.00 4.700491e-12
2920.00 5.028273e-12
2930.00 5.367324e-12
2940.00 5.742869e-12
2950.00 6.123594e-12
2960.00 6.546543e-12
2970.00 6.981710e-12
2980.00 7.448610e-12
2990.00 7.945161e-12
3000.00 8.459106e-12
3010.00 9.024754e-12
3020.00 9.596699e-12
3030.00 1.023212e-11
3040.00 1.088210e-11
3050.00 1.157973e-11
3060.00 1.231720e-11
3070.00 1.308095e-11
3080.00 1.391631e-11
3090.00 1.475870e-11
3100.00 1.569472e-11
3110.00 1.664668e-11
3120.00 1.766873e-11
3130.00 1.874274e-11
3140.00 1.985562e-11
3150.00 2.106538e-11
3160.00 2.228195e-11
3170.00 2.363411e-11
3180.00 2.500122e-11
3190.00 2.646956e-11
3200.00 2.800335e-11
3210.00 2.959337e-11
3220.00 3.131140e-11
3230.00 3.303411e-11
3240.00 3.494954e-11
3250.00 3.687456e-11
3260.00 3.894297e-11
3270.00 4.109061e-11
3280.00 4.011620e-11
3290.00 3.257711e-11
3300.00 4.810138e-11
3310.00 5.046569e-12
3320.00 2.435682e-11
3330.00 1.788984e-11
3340.00 3.982503e-11
3350.00 4.532900e-11
3360.00 3.197747e-11
3370.00 5.543546e-11
3380.00 6.048174e-11
3390.00 2.623243e-11
3400.00 2.628607e-11
3410.00 5.665624e-11
3420.00 4.059784e-11
3430.00 2.725944e-11
3440.00 2.915415e-11
3450.00 1.514256e-11
3460.00 7.249038e-11
3470.00 8.104128e-11
3480.00 1.114030e-10
3490.00 1.362177e-10
3500.00 1.401824e-10
3510.00 2.360675e-10
3520.00 2.856897e-10
3530.00 2.472677e-10
3540.00 2.012685e-10
3550.00 2.288346e-10
3560.00 2.794471e-10
3570.00 2.818663e-10
3580.00 2.890222e-10
3590.00 3.220482e-10
3600.00 3.091475e-10
3610.00 3.878399e-10
3620.00 4.353024e-10
3630.00 4.879436e-10
3640.00 6.100380e-10
3650.00 6.809077e-10
3660.00 7.344213e-10
3670.00 7.475019e-10
3680.00 7.125346e-10
3690.00 6.726009e-10
3700.00 6.779632e-10
3710.00 6.167526e-10
3720.00 6.906840e-10
3730.00 7.768881e-10
3740.00 6.616257e-10
3750.00 6.728010e-10
3760.00 5.421763e-10
3770.00 4.402025e-10
3780.00 5.170613e-10
3790.00 4.014750e-10
3800.00 3.634224e-10
3810.00 3.613092e-10
3820.00 4.383104e-10
3830.00 5.521866e-10
3840.00 5.769428e-10
3850.00 6.720292e-10
3860.00 6.957152e-10
3870.00 7.098725e-10
3880.00 7.644877e-10
3890.00 8.471937e-10
3900.00 9.051943e-10
3910.00 9.777898e-10
3920.00 1.063763e-09
3930.00 1.174121e-09
3940.00 1.235433e-09
3950.00 1.362977e-09
3960.00 1.388104e-09
3970.00 1.502200e-09
3980.00 1.509915e-09
3990.00 1.432605e-09
4000.00 1.350553e-09
4010.00 1.199580e-09
4020.00 1.147112e-09
4030.00 1.045773e-09
4040.00 9.808446e-10
4050.00 9.675290e-10
4060.00 9.124811e-10
4070.00 8.519936e-10
4080.00 7.500219e-10
4090.00 7.191138e-10
4100.00 7.222610e-10
4110.00 7.072596e-10
4120.00 6.323991e-10
4130.00 5.627040e-10
4140.00 5.323771e-10
4150.00 4.898109e-10
4160.00 4.483321e-10
4170.00 4.515885e-10
4180.00 4.982335e-10
4190.00 5.204785e-10
4200.00 5.285987e-10
4210.00 5.252158e-10
4220.00 4.904138e-10
4230.00 4.751998e-10
4240.00 5.044468e-10
4250.00 5.343829e-10
4260.00 5.304894e-10
4270.00 5.425526e-10
4280.00 5.423223e-10
4290.00 5.007268e-10
4300.00 5.275141e-10
4310.00 5.284665e-10
4320.00 5.118283e-10
4330.00 5.449165e-10
4340.00 5.554621e-10
4350.00 5.178822e-10
4360.00 4.966605e-10
4370.00 4.599944e-10
4380.00 4.712150e-10
4390.00 4.452840e-10
4400.00 4.531514e-10
4410.00 5.147480e-10
4420.00 5.317411e-10
4430.00 6.066336e-10
4440.00 6.690292e-10
4450.00 7.467195e-10
4460.00 7.875416e-10
4470.00 8.276037e-10
4480.00 8.794770e-10
4490.00 9.238746e-10
4500.00 1.010742e-09
4510.00 1.026874e-09
4520.00 1.094087e-09
4530.00 1.211352e-09
4540.00 1.311797e-09
4550.00 1.411722e-09
4560.00 1.562641e-09
4570.00 1.638897e-09
4580.00 1.665499e-09
4590.00 1.673930e-09
4600.00 1.583676e-09
4610.00 1.512889e-09
4620.00 1.466241e-09
4630.00 1.479565e-09
4640.00 1.479833e-09
4650.00 1.430588e-09
4660.00 1.343828e-09
4670.00 1.264288e-09
4680.00 1.160058e-09
4690.00 1.057691e-09
4700.00 1.031507e-09
4710.00 9.801632e-10
4720.00 9.648033e-10
4730.00 9.646462e-10
4740.00 9.586106e-10
4750.00 9.469621e-10
4760.00 9.390867e-10
4770.00 9.966609e-10
4780.00 1.024397e-09
4790.00 1.092053e-09
4800.00 1.162302e-09
4810.00 1.265725e-09
4820.00 1.350092e-09
4830.00 1.355551e-09
4840.00 1.302994e-09
4850.00 1.199951e-09
4860.00 1.149334e-09
4870.00 1.141170e-09
4880.00 1.169242e-09
4890.00 1.228931e-09
4900.00 1.284169e-09
4910.00 1.290721e-09
4920.00 1.327391e-09
4930.00 1.352525e-09
4940.00 1.319162e-09
4950.00 1.245806e-09
4960.00 1.149658e-09
4970.00 1.042551e-09
4980.00 9.689518e-10
4990.00 8.820980e-10
5000.00 8.472610e-10
5010.00 8.173393e-10
5020.00 7.997537e-10
5030.00 8.022512e-10
5040.00 8.120855e-10
5050.00 8.275258e-10
5060.00 8.288363e-10
5070.00 8.511981e-10
5080.00 9.026101e-10
5090.00 9.450775e-10
5100.00 9.680908e-10
5110.00 1.029140e-09
5120.00 1.037606e-09
5130.00 1.024311e-09
5140.00 1.026281e-09
5150.00 1.026904e-09
5160.00 1.028220e-09
5170.00 1.058676e-09
5180.00 1.065700e-09
5190.00 1.084099e-09
5200.00 1.130384e-09
5210.00 1.190158e-09
5220.00 1.258332e-09
5230.00 1.291323e-09
5240.00 1.302366e-09
5250.00 1.324588e-09
5260.00 1.367327e-09
5270.00 1.429253e-09
5280.00 1.496602e-09
5290.00 1.581101e-09
5300.00 1.605794e-09
5310.00 1.591040e-09
5320.00 1.513011e-09
5330.00 1.420392e-09
5340.00 1.376677e-09
5350.00 1.361063e-09
5360.00 1.354357e-09
5370.00 1.409275e-09
5380.00 1.508021e-09
5390.00 1.618462e-09
5400.00 1.765152e-09
5410.00 1.925201e-09
5420.00 2.073137e-09
5430.00 2.212070e-09
5440.00 2.283800e-09
5450.00 2.356236e-09
5460.00 2.361546e-09
5470.00 2.313712e-09
5480.00 2.329768e-09
5490.00 2.326733e-09
5500.00 2.332153e-09
5510.00 2.295001e-09
5520.00 2.305327e-09
5530.00 2.281464e-09
5540.00 2.273176e-09
5550.00 2.295119e-09
5560.00 2.292919e-09
5570.00 2.295167e-09
5580.00 2.308874e-09
5590.00 2.328033e-09
5600.00 2.339226e-09
5610.00 2.363627e-09
5620.00 2.368500e-09
5630.00 2.280424e-09
5640.00 2.142333e-09
5650.00 2.059001e-09
5660.00 1.949204e-09
5670.00 1.899031e-09
5680.00 1.864701e-09
5690.00 1.853832e-09
5700.00 1.839860e-09
5710.00 1.807559e-09
5720.00 1.758574e-09
5730.00 1.743488e-09
5740.00 1.656582e-09
5750.00 1.681533e-09
5760.00 1.669785e-09
5770.00 1.674036e-09
5780.00 1.640947e-09
5790.00 1.600196e-09
5800.00 1.530177e-09
5810.00 1.444584e-09
5820.00 1.406060e-09
5830.00 1.376412e-09
5840.00 1.384661e-09
5850.00 1.424972e-09
5860.00 1.498551e-09
5870.00 1.569824e-09
5880.00 1.617817e-09
5890.00 1.635153e-09
5900.00 1.690956e-09
5910.00 1.719252e-09
5920.00 1.755330e-09
5930.00 1.711395e-09
5940.00 1.670261e-09
5950.00 1.603035e-09
5960.00 1.533732e-09
5970.00 1.446469e-09
5980.00 1.443989e-09
5990.00 1.426266e-09
6000.00 1.459205e-09
6010.00 1.476227e-09
6020.00 1.545708e-09
6030.00 1.551160e-09
6040.00 1.507495e-09
6050.00 1.459635e-09
6060.00 1.411579e-09
6070.00 1.369499e-09
6080.00 1.348120e-09
6090.00 1.325824e-09
6100.00 1.262767e-09
6110.00 1.118762e-09
6120.00 1.003942e-09
6130.00 8.994592e-10
6140.00 8.196279e-10
6150.00 7.674036e-10
6160.00 7.427992e-10
6170.00 7.695246e-10
6180.00 8.189814e-10
6190.00 8.985583e-10
6200.00 9.768072e-10
6210.00 1.053069e-09
6220.00 1.130597e-09
6230.00 1.165245e-09
6240.00 1.191182e-09
6250.00 1.224361e-09
6260.00 1.238442e-09
6270.00 1.259849e-09
6280.00 1.277024e-09
6290.00 1.349313e-09
6300.00 1.393380e-09
6310.00 1.457392e-09
6320.00 1.506205e-09
6330.00 1.534511e-09
6340.00 1.613459e-09
6350.00 1.696031e-09
6360.00 1.769024e-09
6370.00 1.884696e-09
6380.00 1.995016e-09
6390.00 2.086234e-09
6400.00 2.138366e-09
6410.00 2.150611e-09
6420.00 2.164956e-09
6430.00 2.135834e-09
6440.00 2.152267e-09
6450.00 2.136674e-09
6460.00 2.114268e-09
6470.00 2.134220e-09
6480.00 2.125703e-09
6490.00 2.144059e-09
6500.00 2.125655e-09
6510.00 2.152501e-09
6520.00 2.129140e-09
6530.00 2.115817e-09
6540.00 2.129806e-09
6550.00 2.117535e-09
6560.00 2.085096e-09
6570.00 2.054435e-09
6580.00 2.020927e-09
6590.00 1.967425e-09
6600.00 1.906002e-09
6610.00 1.816013e-09
6620.00 1.760862e-09
6630.00 1.674064e-09
6640.00 1.626161e-09
6650.00 1.590274e-09
6660.00 1.574732e-09
6670.00 1.569159e-09
6680.00 1.562667e-09
6690.00 1.571488e-09
6700.00 1.566567e-09
6710.00 1.554346e-09
6720.00 1.527347e-09
6730.00 1.510850e-09
6740.00 1.484035e-09
6750.00 1.446586e-09
6760.00 1.406197e-09
6770.00 1.348133e-09
6780.00 1.320947e-09
6790.00 1.298360e-09
6800.00 1.285729e-09
6810.00 1.280732e-09
6820.00 1.250163e-09
6830.00 1.257483e-09
6840.00 1.242261e-09
6850.00 1.191224e-09
6860.00 9.879688e-10
6870.00 1.125826e-09
6880.00 1.108365e-09
6890.00 1.146555e-09
6900.00 1.210982e-09
6910.00 1.246498e-09
6920.00 1.241440e-09
6930.00 1.258448e-09
6940.00 1.240524e-09
6950.00 1.238480e-09
6960.00 1.243020e-09
6970.00 1.204760e-09
6980.00 1.175559e-09
6990.00 1.151015e-09
7000.00 1.123936e-09
7010.00 1.094956e-09
7020.00 1.099822e-09
7030.00 1.111313e-09
7040.00 1.121569e-09
7050.00 1.157293e-09
7060.00 1.133993e-09
7070.00 1.138986e-09
7080.00 1.100550e-09
7090.00 1.065362e-09
7100.00 1.066486e-09
7110.00 1.042977e-09
7120.00 1.059966e-09
7130.00 1.069020e-09
7140.00 1.104023e-09
7150.00 1.113787e-09
7160.00 1.137080e-09
7170.00 1.062263e-09
7180.00 1.138104e-09
7190.00 1.150349e-09
7200.00 1.190533e-09
7210.00 1.182405e-09
7220.00 1.104865e-09
7230.00 1.112337e-09
7240.00 1.150252e-09
7250.00 1.096714e-09
7260.00 1.110292e-09
7270.00 1.154236e-09
7280.00 1.133917e-09
7290.00 1.140357e-09
7300.00 1.150840e-09
7310.00 1.188940e-09
7320.00 1.170376e-09
7330.00 1.217106e-09
7340.00 1.263930e-09
7350.00 1.239978e-09
7360.00 1.274831e-09
7370.00 1.260341e-09
7380.00 1.275541e-09
7390.00 1.228147e-09
7400.00 1.267805e-09
7410.00 1.247829e-09
7420.00 1.246963e-09
7430.00 1.140182e-09
7440.00 9.720621e-10
7450.00 8.334367e-10
7460.00 7.224723e-10
7470.00 6.372776e-10
7480.00 6.008965e-10
7490.00 5.143328e-10
7500.00 4.740841e-10
7510.00 4.650754e-10
7520.00 5.684846e-10
7530.00 6.001040e-10
7540.00 6.647093e-10
7550.00 7.264849e-10
7560.00 8.070187e-10
7570.00 8.630417e-10
7580.00 4.592589e-10
7590.00 2.459886e-10
7600.00 5.955791e-10
7610.00 4.613851e-10
7620.00 5.115105e-10
7630.00 6.848055e-10
7640.00 8.077319e-10
7650.00 9.168085e-10
7660.00 1.093403e-09
7670.00 1.194188e-09
7680.00 1.211653e-09
7690.00 1.361616e-09
7700.00 1.406502e-09
7710.00 1.367786e-09
7720.00 1.412083e-09
7730.00 1.586631e-09
7740.00 1.511105e-09
7750.00 1.484007e-09
7760.00 1.545747e-09
7770.00 1.588810e-09
7780.00 1.496061e-09
7790.00 1.475540e-09
7800.00 1.595462e-09
7810.00 1.579651e-09
7820.00 1.494822e-09
7830.00 1.537200e-09
7840.00 1.615017e-09
7850.00 1.562032e-09
7860.00 1.533614e-09
7870.00 1.580420e-09
7880.00 1.587679e-09
7890.00 1.503665e-09
7900.00 1.576155e-09
7910.00 1.511484e-09
7920.00 1.420609e-09
7930.00 1.454712e-09
7940.00 1.440928e-09
7950.00 1.310687e-09
7960.00 1.305665e-09
7970.00 1.373870e-09
7980.00 1.309874e-09
7990.00 1.229416e-09
8000.00 1.262263e-09
8010.00 1.276665e-09
8020.00 1.195520e-09
8030.00 1.161402e-09
8040.00 1.269588e-09
8050.00 1.213799e-09
8060.00 1.101534e-09
8070.00 1.116660e-09
8080.00 1.103077e-09
8090.00 1.005900e-09
8100.00 8.050673e-10
8110.00 7.233227e-10
8120.00 6.740685e-10
8130.00 5.582188e-10
8140.00 4.562260e-10
8150.00 3.928449e-10
8160.00 3.589938e-10
8170.00 3.263550e-10
8180.00 2.504273e-10
8190.00 2.728398e-10
8200.00 2.712687e-10
8210.00 2.486960e-10
8220.00 3.174654e-10
8230.00 3.398767e-10
8240.00 3.522196e-10
8250.00 4.550667e-10
8260.00 4.845274e-10
8270.00 4.780306e-10
8280.00 4.035512e-10
8290.00 3.862407e-10
8300.00 3.648167e-10
8310.00 4.107269e-10
8320.00 3.768019e-10
8330.00 3.456709e-10
8340.00 4.464180e-10
8350.00 4.995503e-10
8360.00 5.046281e-10
8370.00 5.017893e-10
8380.00 5.882802e-10
8390.00 6.617666e-10
8400.00 6.957464e-10
8410.00 7.270877e-10
8420.00 7.639983e-10
8430.00 9.028476e-10
8440.00 8.070056e-10
8450.00 8.679857e-10
8460.00 9.948928e-10
8470.00 1.058195e-09
8480.00 1.072740e-09
8490.00 1.037870e-09
8500.00 1.141417e-09
8510.00 1.260409e-09
8520.00 1.269430e-09
8530.00 1.148386e-09
8540.00 1.211432e-09
8550.00 1.258981e-09
8560.00 1.283059e-09
8570.00 1.292024e-09
8580.00 1.224304e-09
8590.00 1.283819e-09
8600.00 1.316788e-09
8610.00 1.268303e-09
8620.00 1.302054e-09
8630.00 1.253221e-09
8640.00 1.249181e-09
8650.00 1.206762e-09
8660.00 1.160410e-09
8670.00 1.139717e-09
8680.00 1.152870e-09
8690.00 1.137516e-09
8700.00 1.149570e-09
8710.00 1.024960e-09
8720.00 9.846365e-10
8730.00 9.528880e-10
8740.00 9.436335e-10
8750.00 9.713165e-10
8760.00 8.943650e-10
8770.00 9.301771e-10
8780.00 9.725509e-10
8790.00 1.036706e-09
8800.00 1.030382e-09
8810.00 9.717080e-10
8820.00 9.648725e-10
8830.00 1.051469e-09
8840.00 9.313766e-10
8850.00 8.561470e-10
8860.00 7.889836e-10
8870.00 7.244106e-10
8880.00 6.894421e-10
8890.00 5.678149e-10
8900.00 5.180993e-10
8910.00 6.518027e-10
8920.00 5.533696e-10
8930.00 5.344553e-10
8940.00 5.552695e-10
8950.00 5.338173e-10
8960.00 6.395563e-10
8970.00 6.681308e-10
8980.00 7.266756e-10
8990.00 7.451035e-10
9000.00 7.634640e-10
9010.00 8.010467e-10
9020.00 7.449439e-10
9030.00 7.242454e-10
9040.00 7.964257e-10
9050.00 7.504146e-10
9060.00 7.916881e-10
9070.00 7.866893e-10
9080.00 8.347359e-10
9090.00 8.757744e-10
9100.00 8.931362e-10
9110.00 8.777114e-10
9120.00 8.812177e-10
9130.00 9.118240e-10
9140.00 9.154506e-10
9150.00 9.239656e-10
9160.00 9.976428e-10
9170.00 1.005051e-09
9180.00 1.037287e-09
9190.00 1.024008e-09
9200.00 1.075495e-09
9210.00 9.972613e-10
9220.00 9.765753e-10
9230.00 9.240585e-10
9240.00 9.858011e-10
9250.00 1.028672e-09
9260.00 9.850529e-10
9270.00 9.789026e-10
9280.00 9.454004e-10
9290.00 9.212748e-10
9300.00 9.129749e-10
9310.00 8.954180e-10
9320.00 9.257394e-10
9330.00 9.327139e-10
9340.00 9.458119e-10
9350.00 9.500750e-10
9360.00 1.020018e-09
9370.00 1.053544e-09
9380.00 1.095970e-09
9390.00 1.074081e-09
9400.00 1.049719e-09
9410.00 1.066362e-09
9420.00 1.110290e-09
9430.00 1.088086e-09
9440.00 1.122752e-09
9450.00 1.043053e-09
9460.00 1.122853e-09
9470.00 1.095048e-09
9480.00 1.130955e-09
9490.00 1.153062e-09
9500.00 1.113410e-09
9510.00 1.226458e-09
9520.00 1.208511e-09
9530.00 1.098104e-09
9540.00 1.089016e-09
9550.00 1.107953e-09
9560.00 1.003010e-09
9570.00 9.613582e-10
9580.00 9.710970e-10
9590.00 9.506847e-10
9600.00 9.204644e-10
9610.00 9.237917e-10
9620.00 9.186252e-10
9630.00 8.643690e-10
9640.00 9.661768e-10
9650.00 9.371534e-10
9660.00 8.924049e-10
9670.00 8.576489e-10
9680.00 8.551732e-10
9690.00 1.035610e-09
9700.00 8.541489e-10
9710.00 9.151008e-10
9720.00 9.678333e-10
9730.00 9.064187e-10
9740.00 8.288082e-10
9750.00 6.981940e-10
9760.00 8.156341e-10
9770.00 7.404763e-10
9780.00 8.562948e-10
9790.00 7.518523e-10
9800.00 7.748881e-10
9810.00 9.093732e-10
9820.00 9.125185e-10
9830.00 6.895063e-10
9840.00 8.482654e-10
9850.00 1.049112e-09
9860.00 8.643877e-10
9870.00 8.851012e-10
9880.00 7.400717e-10
9890.00 8.310956e-10
9900.00 8.000666e-10
9910.00 7.739772e-10
9920.00 7.478286e-10
9930.00 7.216220e-10
9940.00 7.198296e-10
9950.00 7.180340e-10
9960.00 7.162348e-10
9970.00 7.144392e-10
9980.00 7.126406e-10
9990.00 7.108388e-10
10000.00 7.090408e-10
10010.00 7.072397e-10
10020.00 7.054360e-10
10030.00 7.036355e-10
10040.00 7.018319e-10
10050.00 7.000264e-10
10060.00 6.982240e-10
10070.00 6.964185e-10
10080.00 6.946117e-10
10090.00 6.928068e-10
10100.00 6.910001e-10
10110.00 6.891921e-10
10120.00 6.873866e-10
10130.00 6.855780e-10
10140.00 6.837687e-10
10150.00 6.819620e-10
10160.00 6.801527e-10
10170.00 6.783429e-10
10180.00 6.765355e-10
10190.00 6.747256e-10
10200.00 6.729151e-10
10210.00 6.711071e-10
10220.00 6.692966e-10
10230.00 6.674861e-10
10240.00 6.656775e-10
10250.00 6.638670e-10
10260.00 6.620572e-10
10270.00 6.602485e-10
10280.00 6.584387e-10
10290.00 6.566288e-10
10300.00 6.548208e-10
10310.00 6.530109e-10
10320.00 6.512023e-10
10330.00 6.493949e-10
10340.00 6.475857e-10
10350.00 6.457777e-10
10360.00 6.439716e-10
10370.00 6.421629e-10
10380.00 6.403568e-10
10390.00 6.385513e-10
10400.00 6.367446e-10
10410.00 6.349397e-10
10420.00 6.331354e-10
10430.00 6.313299e-10
10440.00 6.295269e-10
10450.00 6.277245e-10
10460.00 6.259215e-10
10470.00 6.241197e-10
10480.00 6.223195e-10
10490.00 6.205182e-10
10500.00 6.187191e-10
10510.00 6.169210e-10
10520.00 6.151218e-10
10530.00 6.133255e-10
10540.00 6.115299e-10
10550.00 6.097331e-10
10560.00 6.079395e-10
10570.00 6.061464e-10
10580.00 6.043528e-10
10590.00 6.025620e-10
10600.00 6.007721e-10
10610.00 5.989813e-10
10620.00 5.971939e-10
10630.00 5.954070e-10
10640.00 5.936195e-10
10650.00 5.918356e-10
10660.00 5.900521e-10
10670.00 5.882681e-10
10680.00 5.864879e-10
10690.00 5.847081e-10
10700.00 5.829278e-10
10710.00 5.811516e-10
10720.00 5.793756e-10
10730.00 5.775991e-10
10740.00 5.758270e-10
10750.00 5.740551e-10
10760.00 5.722829e-10
10770.00 5.705152e-10
10780.00 5.687475e-10
10790.00 5.669796e-10
10800.00 5.652166e-10
10810.00 5.634535e-10
10820.00 5.616901e-10
10830.00 5.599318e-10
10840.00 5.581733e-10
10850.00 5.564150e-10
10860.00 5.546614e-10
10870.00 5.529080e-10
10880.00 5.511547e-10
10890.00 5.494063e-10
10900.00 5.476578e-10
10910.00 5.459100e-10
10920.00 5.441667e-10
10930.00 5.424236e-10
10940.00 5.406812e-10
10950.00 5.389434e-10
10960.00 5.372057e-10
10970.00 5.354692e-10
10980.00 5.337369e-10
10990.00 5.320050e-10
11000.00 5.302743e-10
11010.00 5.285478e-10
11020.00 5.268218e-10
11030.00 5.250971e-10
11040.00 5.233766e-10
11050.00 5.216566e-10
11060.00 5.199383e-10
11070.00 5.182239e-10
11080.00 5.165101e-10
11090.00 5.147982e-10
11100.00 5.130901e-10
11110.00 5.113827e-10
11120.00 5.096774e-10
11130.00 5.079759e-10
11140.00 5.062749e-10
11150.00 5.045765e-10
11160.00 5.028815e-10
11170.00 5.011873e-10
11180.00 4.994958e-10
11190.00 4.978077e-10
11200.00 4.961204e-10
11210.00 4.944360e-10
11220.00 4.927548e-10
11230.00 4.910745e-10
11240.00 4.893972e-10
11250.00 4.877233e-10
11260.00 4.860503e-10
11270.00 4.843804e-10
11280.00 4.827136e-10
11290.00 4.810479e-10
11300.00 4.793856e-10
11310.00 4.777263e-10
11320.00 4.760680e-10
11330.00 4.744134e-10
11340.00 4.727616e-10
11350.00 4.711110e-10
11360.00 4.694641e-10
11370.00 4.678201e-10
11380.00 4.661773e-10
11390.00 4.645383e-10
11400.00 4.629022e-10
11410.00 4.612672e-10
11420.00 4.596364e-10
11430.00 4.580082e-10
11440.00 4.563812e-10
11450.00 4.547586e-10
11460.00 4.531385e-10
11470.00 4.515197e-10
11480.00 4.499053e-10
11490.00 4.482935e-10
11500.00 4.466830e-10
11510.00 4.450770e-10
11520.00 4.434735e-10
11530.00 4.418714e-10
11540.00 4.402741e-10
11550.00 4.386790e-10
11560.00 4.370854e-10
11570.00 4.354967e-10
11580.00 4.339102e-10
11590.00 4.323252e-10
11600.00 4.307453e-10
11610.00 4.291675e-10
11620.00 4.275913e-10
11630.00 4.260202e-10
11640.00 4.244511e-10
11650.00 4.228838e-10
11660.00 4.213218e-10
11670.00 4.197616e-10
11680.00 4.182031e-10
11690.00 4.166502e-10
11700.00 4.150990e-10
11710.00 4.135496e-10
11720.00 4.120058e-10
11730.00 4.104637e-10
11740.00 4.089236e-10
11750.00 4.073889e-10
11760.00 4.058561e-10
11770.00 4.043253e-10
11780.00 4.027998e-10
11790.00 4.012762e-10
11800.00 3.997549e-10
11810.00 3.982387e-10
11820.00 3.967245e-10
11830.00 3.952127e-10
11840.00 3.937060e-10
11850.00 3.922011e-10
11860.00 3.906989e-10
11870.00 3.892016e-10
11880.00 3.877064e-10
11890.00 3.862138e-10
11900.00 3.847261e-10
11910.00 3.832404e-10
11920.00 3.817576e-10
11930.00 3.802796e-10
11940.00 3.788036e-10
11950.00 3.773306e-10
11960.00 3.758623e-10
11970.00 3.743960e-10
11980.00 3.729329e-10
11990.00 3.714743e-10
12000.00 3.700178e-10
12010.00 3.685647e-10
12020.00 3.671159e-10
12030.00 3.656693e-10
12040.00 3.642262e-10
12050.00 3.627874e-10
12060.00 3.613507e-10
12070.00 3.599176e-10
12080.00 3.584888e-10
12090.00 3.570621e-10
12100.00 3.556392e-10
12110.00 3.542203e-10
12120.00 3.528037e-10
12130.00 3.513909e-10
12140.00 3.499821e-10
12150.00 3.485756e-10
12160.00 3.471731e-10
12170.00 3.457744e-10
12180.00 3.443780e-10
12190.00 3.429857e-10
12200.00 3.415973e-10
12210.00 3.402111e-10
12220.00 3.388292e-10
12230.00 3.374508e-10
12240.00 3.360749e-10
12250.00 3.347033e-10
12260.00 3.333353e-10
12270.00 3.319697e-10
12280.00 3.306084e-10
12290.00 3.292508e-10
12300.00 3.278954e-10
12310.00 3.265446e-10
12320.00 3.251972e-10
12330.00 3.238523e-10
12340.00 3.225120e-10
12350.00 3.211749e-10
12360.00 3.198404e-10
12370.00 3.185106e-10
12380.00 3.171839e-10
12390.00 3.158598e-10
12400.00 3.145404e-10
12410.00 3.132243e-10
12420.00 3.119106e-10
12430.00 3.106018e-10
12440.00 3.092961e-10
12450.00 3.079929e-10
12460.00 3.066947e-10
12470.00 3.053994e-10
12480.00 3.041067e-10
12490.00 3.028191e-10
12500.00 3.015343e-10
12510.00 3.002521e-10
12520.00 2.989751e-10
12530.00 2.977009e-10
12540.00 2.964292e-10
12550.00 2.951628e-10
12560.00 2.938991e-10
12570.00 2.926380e-10
12580.00 2.913822e-10
12590.00 2.901291e-10
12600.00 2.888787e-10
12610.00 2.876334e-10
12620.00 2.863908e-10
12630.00 2.851511e-10
12640.00 2.839164e-10
12650.00 2.826844e-10
12660.00 2.814553e-10
12670.00 2.802312e-10
12680.00 2.790098e-10
12690.00 2.777914e-10
12700.00 2.765779e-10
12710.00 2.753671e-10
12720.00 2.741594e-10
12730.00 2.729564e-10
12740.00 2.717562e-10
12750.00 2.705591e-10
12760.00 2.693668e-10
12770.00 2.681772e-10
12780.00 2.669908e-10
12790.00 2.658091e-10
12800.00 2.646300e-10
12810.00 2.634543e-10
12820.00 2.622831e-10
12830.00 2.611147e-10
12840.00 2.599497e-10
12850.00 2.587891e-10
12860.00 2.576312e-10
12870.00 2.564768e-10
12880.00 2.553268e-10
12890.00 2.541795e-10
12900.00 2.530358e-10
12910.00 2.518964e-10
12920.00 2.507596e-10
12930.00 2.496266e-10
12940.00 2.484977e-10
12950.00 2.473715e-10
12960.00 2.462490e-10
12970.00 2.451307e-10
12980.00 2.440151e-10
12990.00 2.429033e-10
13000.00 2.417954e-10
13010.00 2.406904e-10
13020.00 2.395891e-10
13030.00 2.384918e-10
13040.00 2.373972e-10
13050.00 2.363066e-10
13060.00 2.352197e-10
13070.00 2.341357e-10
13080.00 2.330556e-10
13090.00 2.319792e-10
13100.00 2.309056e-10
13110.00 2.298361e-10
13120.00 2.287702e-10
13130.00 2.277070e-10
13140.00 2.266480e-10
13150.00 2.255925e-10
13160.00 2.245398e-10
13170.00 2.234913e-10
13180.00 2.224462e-10
13190.00 2.214040e-10
13200.00 2.203658e-10
13210.00 2.193311e-10
13220.00 2.182993e-10
13230.00 2.172716e-10
13240.00 2.162472e-10
13250.00 2.152257e-10
13260.00 2.142084e-10
13270.00 2.131945e-10
13280.00 2.121832e-10
13290.00 2.111763e-10
13300.00 2.101727e-10
13310.00 2.091717e-10
13320.00 2.081752e-10
13330.00 2.071818e-10
13340.00 2.061911e-10
13350.00 2.052048e-10
13360.00 2.042216e-10
13370.00 2.032412e-10
13380.00 2.022652e-10
13390.00 2.012922e-10
13400.00 2.003220e-10
13410.00 1.993562e-10
13420.00 1.983934e-10
13430.00 1.974333e-10
13440.00 1.964777e-10
13450.00 1.955250e-10
13460.00 1.945751e-10
13470.00 1.936296e-10
13480.00 1.926870e-10
13490.00 1.917472e-10
13500.00 1.908118e-10
13510.00 1.898793e-10
13520.00 1.889495e-10
13530.00 1.880242e-10
13540.00 1.871016e-10
13550.00 1.861819e-10
13560.00 1.852666e-10
13570.00 1.843540e-10
13580.00 1.834444e-10
13590.00 1.825389e-10
13600.00 1.816362e-10
13610.00 1.807365e-10
13620.00 1.798410e-10
13630.00 1.789482e-10
13640.00 1.780585e-10
13650.00 1.771727e-10
13660.00 1.762897e-10
13670.00 1.754099e-10
13680.00 1.745339e-10
13690.00 1.736608e-10
13700.00 1.727907e-10
13710.00 1.719245e-10
13720.00 1.710611e-10
13730.00 1.702008e-10
13740.00 1.693444e-10
13750.00 1.684906e-10
13760.00 1.676400e-10
13770.00 1.667933e-10
13780.00 1.659491e-10
13790.00 1.651083e-10
13800.00 1.642710e-10
13810.00 1.634365e-10
13820.00 1.626052e-10
13830.00 1.617776e-10
13840.00 1.609526e-10
13850.00 1.601309e-10
13860.00 1.593128e-10
13870.00 1.584972e-10
13880.00 1.576851e-10
13890.00 1.568764e-10
13900.00 1.560703e-10
13910.00 1.552676e-10
13920.00 1.544683e-10
13930.00 1.536716e-10
13940.00 1.528783e-10
13950.00 1.520883e-10
13960.00 1.513010e-10
13970.00 1.505170e-10
13980.00 1.497364e-10
13990.00 1.489582e-10
14000.00 1.481836e-10
14010.00 1.474121e-10
14020.00 1.466432e-10
14030.00 1.458778e-10
14040.00 1.451155e-10
14050.00 1.443558e-10
14060.00 1.435996e-10
14070.00 1.428464e-10
14080.00 1.420958e-10
14090.00 1.413487e-10
14100.00 1.406045e-10
14110.00 1.398630e-10
14120.00 1.391250e-10
14130.00 1.383898e-10
14140.00 1.376572e-10
14150.00 1.369282e-10
14160.00 1.362020e-10
14170.00 1.354784e-10
14180.00 1.347582e-10
14190.00 1.340409e-10
14200.00 1.333261e-10
14210.00 1.326149e-10
14220.00 1.319064e-10
14230.00 1.312004e-10
14240.00 1.304980e-10
14250.00 1.297982e-10
14260.00 1.291010e-10
14270.00 1.284073e-10
14280.00 1.277163e-10
14290.00 1.270278e-10
14300.00 1.263428e-10
14310.00 1.256604e-10
14320.00 1.249805e-10
14330.00 1.243041e-10
14340.00 1.236303e-10
14350.00 1.229589e-10
14360.00 1.222911e-10
14370.00 1.216258e-10
14380.00 1.209630e-10
14390.00 1.203037e-10
14400.00 1.196468e-10
14410.00 1.189924e-10
14420.00 1.183415e-10
14430.00 1.176931e-10
14440.00 1.170471e-10
14450.00 1.164045e-10
14460.00 1.157643e-10
14470.00 1.151267e-10
14480.00 1.144924e-10
14490.00 1.138605e-10
14500.00 1.132311e-10
14510.00 1.126051e-10
14520.00 1.119814e-10
14530.00 1.113602e-10
14540.00 1.107422e-10
14550.00 1.101267e-10
14560.00 1.095136e-10
14570.00 1.089038e-10
14580.00 1.082962e-10
14590.00 1.076913e-10
14600.00 1.070895e-10
14610.00 1.064899e-10
14620.00 1.058930e-10
14630.00 1.052991e-10
14640.00 1.047075e-10
14650.00 1.041185e-10
14660.00 1.035325e-10
14670.00 1.029488e-10
14680.00 1.023677e-10
14690.00 1.017895e-10
14700.00 1.012135e-10
14710.00 1.006403e-10
14720.00 1.000698e-10
14730.00 9.950156e-11
14740.00 9.893603e-11
14750.00 9.837325e-11
14760.00 9.781277e-11
14770.00 9.725484e-11
14780.00 9.669972e-11
14790.00 9.614679e-11
14800.00 9.559653e-11
14810.00 9.504890e-11
14820.00 9.450351e-11
14830.00 9.396079e-11
14840.00 9.342064e-11
14850.00 9.288273e-11
14860.00 9.234750e-11
14870.00 9.181476e-11
14880.00 9.128421e-11
14890.00 9.075640e-11
14900.00 9.023102e-11
14910.00 8.970788e-11
14920.00 8.918737e-11
14930.00 8.866928e-11
14940.00 8.815332e-11
14950.00 8.764010e-11
14960.00 8.712924e-11
14970.00 8.662051e-11
14980.00 8.611446e-11
14990.00 8.561071e-11
15000.00 8.510915e-11
15010.00 8.461020e-11
15020.00 8.411356e-11
15030.00 8.361904e-11
15040.00 8.312721e-11
15050.00 8.263761e-11
15060.00 8.215008e-11
15070.00 8.166516e-11
15080.00 8.118255e-11
15090.00 8.070193e-11
15100.00 8.022400e-11
15110.00 7.974825e-11
15120.00 7.927449e-11
15130.00 7.880341e-11
15140.00 7.833445e-11
15150.00 7.786755e-11
15160.00 7.740321e-11
15170.00 7.694099e-11
15180.00 7.648082e-11
15190.00 7.602321e-11
15200.00 7.556772e-11
15210.00 7.511416e-11
15220.00 7.466328e-11
15230.00 7.421434e-11
15240.00 7.376739e-11
15250.00 7.332306e-11
15260.00 7.288072e-11
15270.00 7.244032e-11
15280.00 7.200247e-11
15290.00 7.156662e-11
15300.00 7.113270e-11
15310.00 7.070127e-11
15320.00 7.027184e-11
15330.00 6.984428e-11
15340.00 6.941934e-11
15350.00 6.899620e-11
15360.00 6.857500e-11
15370.00 6.815630e-11
15380.00 6.773946e-11
15390.00 6.732462e-11
15400.00 6.691208e-11
15410.00 6.650148e-11
15420.00 6.609287e-11
15430.00 6.568651e-11
15440.00 6.528202e-11
15450.00 6.487958e-11
15460.00 6.447933e-11
15470.00 6.408094e-11
15480.00 6.368456e-11
15490.00 6.329035e-11
15500.00 6.289801e-11
15510.00 6.250755e-11
15520.00 6.211939e-11
15530.00 6.173297e-11
15540.00 6.134851e-11
15550.00 6.096621e-11
15560.00 6.058569e-11
15570.00 6.020713e-11
15580.00 5.983067e-11
15590.00 5.945597e-11
15600.00 5.908322e-11
15610.00 5.871255e-11
15620.00 5.834360e-11
15630.00 5.797661e-11
15640.00 5.761165e-11
15650.00 5.724839e-11
15660.00 5.688710e-11
15670.00 5.652779e-11
15680.00 5.617017e-11
15690.00 5.581449e-11
15700.00 5.546076e-11
15710.00 5.510871e-11
15720.00 5.475859e-11
15730.00 5.441040e-11
15740.00 5.406385e-11
15750.00 5.371922e-11
15760.00 5.337647e-11
15770.00 5.303536e-11
15780.00 5.269618e-11
15790.00 5.235882e-11
15800.00 5.202310e-11
15810.00 5.168928e-11
15820.00 5.135727e-11
15830.00 5.102685e-11
15840.00 5.069835e-11
15850.00 5.037159e-11
15860.00 5.004643e-11
15870.00 4.972316e-11
15880.00 4.940162e-11
15890.00 4.908165e-11
15900.00 4.876356e-11
15910.00 4.844716e-11
15920.00 4.813232e-11
15930.00 4.781936e-11
15940.00 4.750804e-11
15950.00 4.719827e-11
15960.00 4.689037e-11
15970.00 4.658407e-11
15980.00 4.627930e-11
15990.00 4.597639e-11
16000.00 4.567506e-11
16010.00 4.537523e-11
16020.00 4.507726e-11
16030.00 4.478084e-11
16040.00 4.448590e-11
16050.00 4.419279e-11
16060.00 4.390120e-11
16070.00 4.361109e-11
16080.00 4.332280e-11
16090.00 4.303600e-11
16100.00 4.275064e-11
16110.00 4.246711e-11
16120.00 4.218503e-11
16130.00 4.190439e-11
16140.00 4.162555e-11
16150.00 4.134813e-11
16160.00 4.107215e-11
16170.00 4.079793e-11
16180.00 4.052512e-11
16190.00 4.025373e-11
16200.00 3.998408e-11
16210.00 3.971581e-11
16220.00 3.944897e-11
16230.00 3.918382e-11
16240.00 3.892004e-11
16250.00 3.865768e-11
16260.00 3.839699e-11
16270.00 3.813764e-11
16280.00 3.787970e-11
16290.00 3.762340e-11
16300.00 3.736842e-11
16310.00 3.711486e-11
16320.00 3.686288e-11
16330.00 3.661223e-11
16340.00 3.636297e-11
16350.00 3.611528e-11
16360.00 3.586888e-11
16370.00 3.562388e-11
16380.00 3.538041e-11
16390.00 3.513823e-11
16400.00 3.489741e-11
16410.00 3.465811e-11
16420.00 3.442007e-11
16430.00 3.418340e-11
16440.00 3.394822e-11
16450.00 3.371427e-11
16460.00 3.348170e-11
16470.00 3.325055e-11
16480.00 3.302066e-11
16490.00 3.279211e-11
16500.00 3.256497e-11
16510.00 3.233906e-11
16520.00 3.211449e-11
16530.00 3.189130e-11
16540.00 3.166931e-11
16550.00 3.144867e-11
16560.00 3.122938e-11
16570.00 3.101127e-11
16580.00 3.079450e-11
16590.00 3.057905e-11
16600.00 3.036477e-11
16610.00 3.015181e-11
16620.00 2.994014e-11
16630.00 2.972964e-11
16640.00 2.952045e-11
16650.00 2.931252e-11
16660.00 2.910574e-11
16670.00 2.890026e-11
16680.00 2.869601e-11
16690.00 2.849290e-11
16700.00 2.829108e-11
16710.00 2.809047e-11
16720.00 2.789097e-11
16730.00 2.769276e-11
16740.00 2.749573e-11
16750.00 2.729981e-11
16760.00 2.710515e-11
16770.00 2.691165e-11
16780.00 2.671925e-11
16790.00 2.652810e-11
16800.00 2.633808e-11
16810.00 2.614914e-11
16820.00 2.596145e-11
16830.00 2.577487e-11
16840.00 2.558935e-11
16850.00 2.540506e-11
16860.00 2.522186e-11
16870.00 2.503971e-11
16880.00 2.485878e-11
16890.00 2.467892e-11
16900.00 2.450009e-11
16910.00 2.432247e-11
16920.00 2.414590e-11
16930.00 2.397033e-11
16940.00 2.379597e-11
16950.00 2.362264e-11
16960.00 2.345030e-11
16970.00 2.327916e-11
16980.00 2.310902e-11
16990.00 2.293986e-11
17000.00 2.277188e-11
17010.00 2.260488e-11
17020.00 2.243885e-11
17030.00 2.227400e-11
17040.00 2.211010e-11
17050.00 2.194716e-11
17060.00 2.178537e-11
17070.00 2.162453e-11
17080.00 2.146463e-11
17090.00 2.130586e-11
17100.00 2.114802e-11
17110.00 2.099113e-11
17120.00 2.083533e-11
17130.00 2.068046e-11
17140.00 2.052652e-11
17150.00 2.037366e-11
17160.00 2.022170e-11
17170.00 2.007067e-11
17180.00 1.992069e-11
17190.00 1.977160e-11
17200.00 1.962344e-11
17210.00 1.947631e-11
17220.00 1.933004e-11
17230.00 1.918471e-11
17240.00 1.904037e-11
17250.00 1.889690e-11
17260.00 1.875434e-11
17270.00 1.861276e-11
17280.00 1.847203e-11
17290.00 1.833220e-11
17300.00 1.819334e-11
17310.00 1.805531e-11
17320.00 1.791819e-11
17330.00 1.778199e-11
17340.00 1.764662e-11
17350.00 1.751214e-11
17360.00 1.737858e-11
17370.00 1.724583e-11
17380.00 1.711396e-11
17390.00 1.698298e-11
17400.00 1.685281e-11
17410.00 1.672350e-11
17420.00 1.659508e-11
17430.00 1.646745e-11
17440.00 1.634067e-11
17450.00 1.621475e-11
17460.00 1.608961e-11
17470.00 1.596532e-11
17480.00 1.584188e-11
17490.00 1.571919e-11
17500.00 1.559736e-11
17510.00 1.547633e-11
17520.00 1.535607e-11
17530.00 1.523664e-11
17540.00 1.511801e-11
17550.00 1.500013e-11
17560.00 1.488306e-11
17570.00 1.476679e-11
17580.00 1.465124e-11
17590.00 1.453651e-11
17600.00 1.442255e-11
17610.00 1.430931e-11
17620.00 1.419687e-11
17630.00 1.408519e-11
17640.00 1.397421e-11
17650.00 1.386402e-11
17660.00 1.375458e-11
17670.00 1.364583e-11
17680.00 1.353787e-11
17690.00 1.343063e-11
17700.00 1.332407e-11
17710.00 1.321829e-11
17720.00 1.311321e-11
17730.00 1.300881e-11
17740.00 1.290517e-11
17750.00 1.280223e-11
17760.00 1.269995e-11
17770.00 1.259842e-11
17780.00 1.249757e-11
17790.00 1.239738e-11
17800.00 1.229793e-11
17810.00 1.219914e-11
17820.00 1.210099e-11
17830.00 1.200358e-11
17840.00 1.190682e-11
17850.00 1.181069e-11
17860.00 1.171529e-11
17870.00 1.162052e-11
17880.00 1.152636e-11
17890.00 1.143293e-11
17900.00 1.134012e-11
17910.00 1.124791e-11
17920.00 1.115642e-11
17930.00 1.106554e-11
17940.00 1.097525e-11
17950.00 1.088566e-11
17960.00 1.079666e-11
17970.00 1.070826e-11
17980.00 1.062054e-11
17990.00 1.053340e-11
18000.00 1.044686e-11
18010.00 1.036097e-11
18020.00 1.027566e-11
18030.00 1.019094e-11
18040.00 1.010686e-11
18050.00 1.002335e-11
18060.00 9.940405e-12
18070.00 9.858104e-12
18080.00 9.776358e-12
18090.00 9.695178e-12
18100.00 9.614617e-12
18110.00 9.534603e-12
18120.00 9.455151e-12
18130.00 9.376304e-12
18140.00 9.297986e-12
18150.00 9.220230e-12
18160.00 9.143066e-12
18170.00 9.066431e-12
18180.00 8.990340e-12
18190.00 8.914828e-12
18200.00 8.839833e-12
18210.00 8.765381e-12
18220.00 8.691490e-12
18230.00 8.618110e-12
18240.00 8.545267e-12
18250.00 8.472972e-12
18260.00 8.401182e-12
18270.00 8.329909e-12
18280.00 8.259185e-12
18290.00 8.188954e-12
18300.00 8.119234e-12
18310.00 8.050043e-12
18320.00 7.981340e-12
18330.00 7.913147e-12
18340.00 7.845465e-12
18350.00 7.778258e-12
18360.00 7.711561e-12
18370.00 7.645364e-12
18380.00 7.579634e-12
18390.00 7.514402e-12
18400.00 7.449663e-12
18410.00 7.385380e-12
18420.00 7.321595e-12
18430.00 7.258284e-12
18440.00 7.195421e-12
18450.00 7.133045e-12
18460.00 7.071137e-12
18470.00 7.009671e-12
18480.00 6.948680e-12
18490.00 6.888155e-12
18500.00 6.828055e-12
18510.00 6.768428e-12
18520.00 6.709251e-12
18530.00 6.650497e-12
18540.00 6.592211e-12
18550.00 6.534355e-12
18560.00 6.476923e-12
18570.00 6.419946e-12
18580.00 6.363393e-12
18590.00 6.307258e-12
18600.00 6.251565e-12
18610.00 6.196292e-12
18620.00 6.141422e-12
18630.00 6.086994e-12
18640.00 6.032975e-12
18650.00 5.979350e-12
18660.00 5.926162e-12
18670.00 5.873373e-12
18680.00 5.820970e-12
18690.00 5.768999e-12
18700.00 5.717415e-12
18710.00 5.666212e-12
18720.00 5.615432e-12
18730.00 5.565031e-12
18740.00 5.515004e-12
18750.00 5.465393e-12
18760.00 5.416154e-12
18770.00 5.367279e-12
18780.00 5.318816e-12
18790.00 5.270714e-12
18800.00 5.222971e-12
18810.00 5.175632e-12
18820.00 5.128647e-12
18830.00 5.082015e-12
18840.00 5.035778e-12
18850.00 4.989886e-12
18860.00 4.944344e-12
18870.00 4.899185e-12
18880.00 4.854368e-12
18890.00 4.809893e-12
18900.00 4.765794e-12
18910.00 4.722027e-12
18920.00 4.678600e-12
18930.00 4.635538e-12
18940.00 4.592804e-12
18950.00 4.550402e-12
18960.00 4.508358e-12
18970.00 4.466635e-12
18980.00 4.425240e-12
18990.00 4.384192e-12
19000.00 4.343461e-12
19010.00 4.303051e-12
19020.00 4.262980e-12
19030.00 4.223220e-12
19040.00 4.183776e-12
19050.00 4.144665e-12
19060.00 4.105855e-12
19070.00 4.067359e-12
19080.00 4.029186e-12
19090.00 3.991309e-12
19100.00 3.953740e-12
19110.00 3.916487e-12
19120.00 3.879525e-12
19130.00 3.842863e-12
19140.00 3.806512e-12
19150.00 3.770445e-12
19160.00 3.734674e-12
19170.00 3.699205e-12
19180.00 3.664016e-12
19190.00 3.629118e-12
19200.00 3.594513e-12
19210.00 3.560182e-12
19220.00 3.526139e-12
19230.00 3.492382e-12
19240.00 3.458892e-12
19250.00 3.425685e-12
19260.00 3.392758e-12
19270.00 3.360093e-12
19280.00 3.327706e-12
19290.00 3.295590e-12
19300.00 3.263733e-12
19310.00 3.232147e-12
19320.00 3.200828e-12
19330.00 3.169761e-12
19340.00 3.138961e-12
19350.00 3.108421e-12
19360.00 3.078128e-12
19370.00 3.048097e-12
19380.00 3.018320e-12
19390.00 2.988783e-12
19400.00 2.959506e-12
19410.00 2.930475e-12
19420.00 2.901681e-12
19430.00 2.873141e-12
19440.00 2.844841e-12
19450.00 2.816773e-12
19460.00 2.788954e-12
19470.00 2.761369e-12
19480.00 2.734013e-12
19490.00 2.706899e-12
19500.00 2.680015e-12
19510.00 2.653353e-12
19520.00 2.626932e-12
19530.00 2.600732e-12
19540.00 2.574751e-12
19550.00 2.549005e-12
19560.00 2.523477e-12
19570.00 2.498162e-12
19580.00 2.473077e-12
19590.00 2.448205e-12
19600.00 2.423541e-12
19610.00 2.399104e-12
19620.00 2.374874e-12
19630.00 2.350847e-12
19640.00 2.327043e-12
19650.00 2.303440e-12
19660.00 2.280037e-12
19670.00 2.256852e-12
19680.00 2.233864e-12
19690.00 2.211071e-12
19700.00 2.188492e-12
19710.00 2.166104e-12
19720.00 2.143908e-12
19730.00 2.121920e-12
19740.00 2.100120e-12
19750.00 2.078508e-12
19760.00 2.057099e-12
19770.00 2.035874e-12
19780.00 2.014833e-12
19790.00 1.993989e-12
19800.00 1.973325e-12
19810.00 1.952842e-12
19820.00 1.932552e-12
19830.00 1.912437e-12
19840.00 1.892500e-12
19850.00 1.872750e-12
19860.00 1.853172e-12
19870.00 1.833768e-12
19880.00 1.814547e-12
19890.00 1.795494e-12
19900.00 1.776611e-12
19910.00 1.757907e-12
19920.00 1.739367e-12
19930.00 1.720994e-12
19940.00 1.702794e-12
19950.00 1.684754e-12
19960.00 1.666880e-12
19970.00 1.649174e-12
19980.00 1.631624e-12
19990.00 1.614236e-12
20000.00 1.597012e-12
20010.00 1.579940e-12
20020.00 1.563028e-12
20030.00 1.546274e-12
20040.00 1.529671e-12
20050.00 1.513222e-12
20060.00 1.496929e-12
20070.00 1.480782e-12
20080.00 1.464787e-12
20090.00 1.448943e-12
20100.00 1.433243e-12
20110.00 1.417691e-12
20120.00 1.402286e-12
20130.00 1.387021e-12
20140.00 1.371902e-12
20150.00 1.356926e-12
20160.00 1.342086e-12
20170.00 1.327389e-12
20180.00 1.312832e-12
20190.00 1.298408e-12
20200.00 1.284123e-12
20210.00 1.269975e-12
20220.00 1.255957e-12
20230.00 1.242075e-12
20240.00 1.228325e-12
20250.00 1.214703e-12
20260.00 1.201215e-12
20270.00 1.187854e-12
20280.00 1.174619e-12
20290.00 1.161514e-12
20300.00 1.148534e-12
20310.00 1.135676e-12
20320.00 1.122945e-12
20330.00 1.110337e-12
20340.00 1.097846e-12
20350.00 1.085481e-12
20360.00 1.073235e-12
20370.00 1.061104e-12
20380.00 1.049095e-12
20390.00 1.037202e-12
20400.00 1.025422e-12
20410.00 1.013761e-12
20420.00 1.002213e-12
20430.00 9.907749e-13
20440.00 9.794537e-13
20450.00 9.682416e-13
20460.00 9.571374e-13
20470.00 9.461467e-13
20480.00 9.352625e-13
20490.00 9.244837e-13
20500.00 9.138159e-13
20510.00 9.032522e-13
20520.00 8.927901e-13
20530.00 8.824372e-13
20540.00 8.721852e-13
20550.00 8.620330e-13
20560.00 8.519874e-13
20570.00 8.420396e-13
20580.00 8.321892e-13
20590.00 8.224428e-13
20600.00 8.127912e-13
20610.00 8.032356e-13
20620.00 7.937804e-13
20630.00 7.844187e-13
20640.00 7.751493e-13
20650.00 7.659784e-13
20660.00 7.568985e-13
20670.00 7.479090e-13
20680.00 7.390149e-13
20690.00 7.302093e-13
20700.00 7.214929e-13
20710.00 7.128688e-13
20720.00 7.043313e-13
20730.00 6.958798e-13
20740.00 6.875188e-13
20750.00 6.792419e-13
20760.00 6.710498e-13
20770.00 6.629443e-13
20780.00 6.549218e-13
20790.00 6.469816e-13
20800.00 6.391261e-13
20810.00 6.313511e-13
20820.00 6.236559e-13
20830.00 6.160438e-13
20840.00 6.085094e-13
20850.00 6.010538e-13
20860.00 5.936784e-13
20870.00 5.863788e-13
20880.00 5.791561e-13
20890.00 5.720113e-13
20900.00 5.649402e-13
20910.00 5.579443e-13
20920.00 5.510239e-13
20930.00 5.441754e-13
20940.00 5.374002e-13
20950.00 5.306984e-13
20960.00 5.240666e-13
20970.00 5.175063e-13
20980.00 5.110172e-13
20990.00 5.045962e-13
21000.00 4.982450e-13
21010.00 4.919630e-13
21020.00 4.857473e-13
21030.00 4.795995e-13
21040.00 4.735190e-13
21050.00 4.675030e-13
21060.00 4.615531e-13
21070.00 4.556687e-13
21080.00 4.498470e-13
21090.00 4.440899e-13
21100.00 4.383961e-13
21110.00 4.327634e-13
21120.00 4.271937e-13
21130.00 4.216854e-13
21140.00 4.162365e-13
21150.00 4.108491e-13
21160.00 4.055212e-13
21170.00 4.002512e-13
21180.00 3.950409e-13
21190.00 3.898885e-13
21200.00 3.847923e-13
21210.00 3.797544e-13
21220.00 3.747726e-13
21230.00 3.698455e-13
21240.00 3.649751e-13
21250.00 3.601591e-13
21260.00 3.553963e-13
21270.00 3.506887e-13
21280.00 3.460340e-13
21290.00 3.414309e-13
21300.00 3.368816e-13
21310.00 3.323835e-13
21320.00 3.279357e-13
21330.00 3.235402e-13
21340.00 3.191943e-13
21350.00 3.148972e-13
21360.00 3.106512e-13
21370.00 3.064533e-13
21380.00 3.023028e-13
21390.00 2.982018e-13
21400.00 2.941476e-13
21410.00 2.901394e-13
21420.00 2.861794e-13
21430.00 2.822647e-13
21440.00 2.783948e-13
21450.00 2.745718e-13
21460.00 2.707926e-13
21470.00 2.670570e-13
21480.00 2.633668e-13
21490.00 2.597193e-13
21500.00 2.561140e-13
21510.00 2.525528e-13
21520.00 2.490331e-13
21530.00 2.455544e-13
21540.00 2.421185e-13
21550.00 2.387226e-13
21560.00 2.353668e-13
21570.00 2.320524e-13
21580.00 2.287769e-13
21590.00 2.255404e-13
21600.00 2.223438e-13
21610.00 2.191851e-13
21620.00 2.160643e-13
21630.00 2.129821e-13
21640.00 2.099367e-13
21650.00 2.069281e-13
21660.00 2.039569e-13
21670.00 2.010213e-13
21680.00 1.981216e-13
21690.00 1.952580e-13
21700.00 1.924291e-13
21710.00 1.896348e-13
21720.00 1.868756e-13
21730.00 1.841500e-13
21740.00 1.814581e-13
21750.00 1.788001e-13
21760.00 1.761746e-13
21770.00 1.735819e-13
21780.00 1.710220e-13
21790.00 1.684937e-13
21800.00 1.659971e-13
21810.00 1.635323e-13
21820.00 1.610979e-13
21830.00 1.586945e-13
21840.00 1.563219e-13
21850.00 1.539787e-13
21860.00 1.516656e-13
21870.00 1.493821e-13
21880.00 1.471274e-13
21890.00 1.449016e-13
21900.00 1.427046e-13
21910.00 1.405354e-13
21920.00 1.383943e-13
21930.00 1.362811e-13
21940.00 1.341947e-13
21950.00 1.321356e-13
21960.00 1.301034e-13
21970.00 1.280972e-13
21980.00 1.261175e-13
21990.00 1.241638e-13
22000.00 1.222352e-13
22010.00 1.203323e-13
22020.00 1.184546e-13
22030.00 1.166012e-13
22040.00 1.147726e-13
22050.00 1.129683e-13
22060.00 1.111877e-13
22070.00 1.094310e-13
22080.00 1.076978e-13
22090.00 1.059875e-13
22100.00 1.043004e-13
22110.00 1.026359e-13
22120.00 1.009937e-13
22130.00 9.937388e-14
22140.00 9.777592e-14
22150.00 9.619935e-14
22160.00 9.464465e-14
22170.00 9.311104e-14
22180.00 9.159805e-14
22190.00 9.010620e-14
22200.00 8.863474e-14
22210.00 8.718323e-14
22220.00 8.575217e-14
22230.00 8.434075e-14
22240.00 8.294865e-14
22250.00 8.157632e-14
22260.00 8.022294e-14
22270.00 7.888820e-14
22280.00 7.757260e-14
22290.00 7.627527e-14
22300.00 7.499589e-14
22310.00 7.373509e-14
22320.00 7.249188e-14
22330.00 7.126612e-14
22340.00 7.005812e-14
22350.00 6.886721e-14
22360.00 6.769307e-14
22370.00 6.653620e-14
22380.00 6.539567e-14
22390.00 6.427147e-14
22400.00 6.316379e-14
22410.00 6.207201e-14
22420.00 6.099590e-14
22430.00 5.993578e-14
22440.00 5.889093e-14
22450.00 5.786127e-14
22460.00 5.684698e-14
22470.00 5.584744e-14
22480.00 5.486255e-14
22490.00 5.389247e-14
22500.00 5.293661e-14
22510.00 5.199489e-14
22520.00 5.106743e-14
22530.00 5.015368e-14
22540.00 4.925357e-14
22550.00 4.836719e-14
22560.00 4.749402e-14
22570.00 4.663401e-14
22580.00 4.578721e-14
22590.00 4.495313e-14
22600.00 4.413175e-14
22610.00 4.332308e-14
22620.00 4.252666e-14
22630.00 4.174249e-14
22640.00 4.097053e-14
22650.00 4.021038e-14
22660.00 3.946202e-14
22670.00 3.872541e-14
22680.00 3.800016e-14
22690.00 3.728628e-14
22700.00 3.658369e-14
22710.00 3.589204e-14
22720.00 3.521133e-14
22730.00 3.454146e-14
22740.00 3.388214e-14
22750.00 3.323333e-14
22760.00 3.259495e-14
22770.00 3.196670e-14
22780.00 3.134858e-14
22790.00 3.074048e-14
22800.00 3.014211e-14
22810.00 2.955349e-14
22820.00 2.897448e-14
22830.00 2.840483e-14
22840.00 2.784456e-14
22850.00 2.729352e-14
22860.00 2.675146e-14
22870.00 2.621842e-14
22880.00 2.569424e-14
22890.00 2.517868e-14
22900.00 2.467179e-14
22910.00 2.417339e-14
22920.00 2.368329e-14
22930.00 2.320151e-14
22940.00 2.272787e-14
22950.00 2.226219e-14
22960.00 2.180450e-14
22970.00 2.135462e-14
22980.00 2.091237e-14
22990.00 2.047779e-14
23000.00 2.005069e-14
23010.00 1.963093e-14
23020.00 1.921851e-14
23030.00 1.881326e-14
23040.00 1.841504e-14
23050.00 1.802387e-14
23060.00 1.763956e-14
23070.00 1.726199e-14
23080.00 1.689117e-14
23090.00 1.652694e-14
23100.00 1.616914e-14
23110.00 1.581783e-14
23120.00 1.547280e-14
23130.00 1.513395e-14
23140.00 1.480131e-14
23150.00 1.447468e-14
23160.00 1.415396e-14
23170.00 1.383917e-14
23180.00 1.353015e-14
23190.00 1.322677e-14
23200.00 1.292908e-14
23210.00 1.263689e-14
23220.00 1.235011e-14
23230.00 1.206876e-14
23240.00 1.179266e-14
23250.00 1.152174e-14
23260.00 1.125600e-14
23270.00 1.099529e-14
23280.00 1.073952e-14
23290.00 1.048870e-14
23300.00 1.024268e-14
23310.00 1.000138e-14
23320.00 9.764811e-15
23330.00 9.532808e-15
23340.00 9.305324e-15
23350.00 9.082348e-15
23360.00 8.863730e-15
23370.00 8.649426e-15
23380.00 8.439411e-15
23390.00 8.233562e-15
23400.00 8.031820e-15
23410.00 7.834168e-15
23420.00 7.640482e-15
23430.00 7.450717e-15
23440.00 7.264849e-15
23450.00 7.082752e-15
23460.00 6.904390e-15
23470.00 6.729737e-15
23480.00 6.558682e-15
23490.00 6.391186e-15
23500.00 6.227205e-15
23510.00 6.066653e-15
23520.00 5.909483e-15
23530.00 5.755663e-15
23540.00 5.605096e-15
23550.00 5.457751e-15
23560.00 5.313584e-15
23570.00 5.172512e-15
23580.00 5.034500e-15
23590.00 4.899506e-15
23600.00 4.767451e-15
23610.00 4.638303e-15
23620.00 4.512018e-15
23630.00 4.388522e-15
23640.00 4.267787e-15
23650.00 4.149764e-15
23660.00 4.034388e-15
23670.00 3.921629e-15
23680.00 3.811441e-15
23690.00 3.703760e-15
23700.00 3.598562e-15
23710.00 3.495797e-15
23720.00 3.395406e-15
23730.00 3.297366e-15
23740.00 3.201628e-15
23750.00 3.108139e-15
23760.00 3.016873e-15
23770.00 2.927783e-15
23780.00 2.840819e-15
23790.00 2.755957e-15
23800.00 2.673152e-15
23810.00 2.592355e-15
23820.00 2.513545e-15
23830.00 2.436675e-15
23840.00 2.361701e-15
23850.00 2.288602e-15
23860.00 2.217333e-15
23870.00 2.147852e-15
23880.00 2.080140e-15
23890.00 2.014152e-15
23900.00 1.949848e-15
23910.00 1.887211e-15
23920.00 1.826197e-15
23930.00 1.766770e-15
23940.00 1.708910e-15
23950.00 1.652576e-15
23960.00 1.597736e-15
23970.00 1.544368e-15
23980.00 1.492435e-15
23990.00 1.441904e-15
24000.00 1.392758e-15
24010.00 1.344957e-15
24020.00 1.298472e-15
24030.00 1.253286e-15
24040.00 1.209361e-15
24050.00 1.166669e-15
24060.00 1.125195e-15
24070.00 1.084902e-15
24080.00 1.045764e-15
24090.00 1.007766e-15
24100.00 9.708714e-16
24110.00 9.350574e-16
24120.00 9.003077e-16
24130.00 8.665904e-16
24140.00 8.338818e-16
24150.00 8.021664e-16
24160.00 7.714136e-16
24170.00 7.416028e-16
24180.00 7.127166e-16
24190.00 6.847282e-16
24200.00 6.576157e-16
24210.00 6.313648e-16
24220.00 6.059485e-16
24230.00 5.813474e-16
24240.00 5.575461e-16
24250.00 5.345200e-16
24260.00 5.122511e-16
24270.00 4.907236e-16
24280.00 4.699152e-16
24290.00 4.498086e-16
24300.00 4.303886e-16
24310.00 4.116341e-16
24320.00 3.935290e-16
24330.00 3.760582e-16
24340.00 3.592025e-16
24350.00 3.429464e-16
24360.00 3.272755e-16
24370.00 3.121717e-16
24380.00 2.976205e-16
24390.00 2.836079e-16
24400.00 2.701171e-16
24410.00 2.571346e-16
24420.00 2.446467e-16
24430.00 2.326379e-16
24440.00 2.210952e-16
24450.00 2.100060e-16
24460.00 1.993554e-16
24470.00 1.891316e-16
24480.00 1.793221e-16
24490.00 1.699134e-16
24500.00 1.608941e-16
24510.00 1.522525e-16
24520.00 1.439761e-16
24530.00 1.360541e-16
24540.00 1.284754e-16
24550.00 1.212282e-16
24560.00 1.143027e-16
24570.00 1.076882e-16
24580.00 1.013740e-16
24590.00 9.535058e-17
24600.00 8.960795e-17
24610.00 8.413626e-17
24620.00 7.892654e-17
24630.00 7.396951e-17
24640.00 6.925600e-17
24650.00 6.477752e-17
24660.00 6.052550e-17
24670.00 5.649135e-17
24680.00 5.266729e-17
24690.00 4.904524e-17
24700.00 4.561729e-17
24710.00 4.237618e-17
24720.00 3.931440e-17
24730.00 3.642466e-17
24740.00 3.370022e-17
24750.00 3.113412e-17
24760.00 2.871966e-17
24770.00 2.645059e-17
24780.00 2.432049e-17
24790.00 2.232320e-17
24800.00 2.045295e-17
24810.00 1.870386e-17
24820.00 1.707028e-17
24830.00 1.554690e-17
24840.00 1.412833e-17
24850.00 1.280944e-17
24860.00 1.158532e-17
24870.00 1.045110e-17
24880.00 9.402102e-18
24890.00 8.433857e-18
24900.00 7.541934e-18
24910.00 6.722094e-18
24920.00 5.970317e-18
24930.00 5.282585e-18
24940.00 4.655090e-18
24950.00 4.084192e-18
24960.00 3.566309e-18
24970.00 3.098027e-18
24980.00 2.676089e-18
24990.00 2.297310e-18
25000.00 1.958657e-18
