1000.00 9.958018e-42
1010.00 1.535613e-32
1020.00 6.063420e-31
1030.00 5.877405e-30
1040.00 3.127878e-29
1050.00 1.197551e-28
1060.00 3.754218e-28
1070.00 9.964726e-28
1080.00 2.442246e-27
1090.00 5.379468e-27
1100.00 1.126401e-26
1110.00 2.213666e-26
1120.00 4.157097e-26
1130.00 7.565481e-26
1140.00 1.310478e-25
1150.00 2.257857e-25
1160.00 3.716421e-25
1170.00 6.072918e-25
1180.00 9.637385e-25
1190.00 1.503658e-24
1200.00 2.319524e-24
1210.00 3.478969e-24
1220.00 5.248033e-24
1230.00 7.678886e-24
1240.00 1.126922e-23
1250.00 1.621072e-23
1260.00 2.313481e-23
1270.00 3.281952e-23
1280.00 4.566730e-23
1290.00 6.405014e-23
1300.00 8.773604e-23
1310.00 1.209951e-22
1320.00 1.641940e-22
1330.00 2.220002e-22
1340.00 2.989117e-22
1350.00 3.967382e-22
1360.00 5.307192e-22
1370.00 6.962165e-22
1380.00 9.210417e-22
1390.00 1.201446e-21
1400.00 1.565317e-21
1410.00 2.032169e-21
1420.00 2.609376e-21
1430.00 3.374197e-21
1440.00 4.290830e-21
1450.00 5.506938e-21
1460.00 6.977745e-21
1470.00 8.844702e-21
1480.00 1.117302e-20
1490.00 1.399375e-20
1500.00 1.763317e-20
1510.00 2.189642e-20
1520.00 2.745180e-20
1530.00 3.400778e-20
1540.00 4.219185e-20
1550.00 5.216414e-20
1560.00 6.406274e-20
1570.00 7.907598e-20
1580.00 9.634854e-20
1590.00 1.185382e-19
1600.00 1.441979e-19
1610.00 1.758132e-19
1620.00 2.135879e-19
1630.00 2.581310e-19
1640.00 3.132624e-19
1650.00 3.757674e-19
1660.00 4.551403e-19
1670.00 5.453524e-19
1680.00 6.553351e-19
1690.00 7.845328e-19
1700.00 9.354577e-19
1710.00 1.119124e-18
1720.00 1.324827e-18
1730.00 1.583522e-18
1740.00 1.873166e-18
1750.00 2.223224e-18
1760.00 2.628334e-18
1770.00 3.097989e-18
1780.00 3.660953e-18
1790.00 4.285779e-18
1800.00 5.063260e-18
1810.00 5.923210e-18
1820.00 6.954958e-18
1830.00 8.133105e-18
1840.00 9.490426e-18
1850.00 1.109532e-17
1860.00 1.286753e-17
1870.00 1.504177e-17
1880.00 1.742579e-17
1890.00 2.026832e-17
1900.00 2.347518e-17
1910.00 2.715039e-17
1920.00 3.144216e-17
1930.00 3.616167e-17
1940.00 4.187712e-17
1950.00 4.809619e-17
1960.00 5.547170e-17
1970.00 6.370114e-17
1980.00 7.309063e-17
1990.00 8.393033e-17
2000.00 9.580963e-17
2010.00 1.100239e-16
2020.00 1.253857e-16
2030.00 1.435190e-16
2040.00 1.635471e-16
2050.00 1.863117e-16
2060.00 2.123147e-16
2070.00 2.407302e-16
2080.00 2.743534e-16
2090.00 3.104681e-16
2100.00 3.529251e-16
2110.00 3.993776e-16
2120.00 4.520038e-16
2130.00 5.115244e-16
2140.00 5.764115e-16
2150.00 6.523925e-16
2160.00 7.335485e-16
2170.00 8.286137e-16
2180.00 9.317114e-16
2190.00 1.048178e-15
2200.00 1.178686e-15
2210.00 1.320671e-15
2220.00 1.485309e-15
2230.00 1.660261e-15
2240.00 1.864542e-15
2250.00 2.084253e-15
2260.00 2.331835e-15
2270.00 2.606853e-15
2280.00 2.905530e-15
2290.00 3.248674e-15
2300.00 3.611584e-15
2310.00 4.034128e-15
2320.00 4.485036e-15
2330.00 4.992021e-15
2340.00 5.550548e-15
2350.00 6.156208e-15
2360.00 6.845973e-15
2370.00 7.572233e-15
2380.00 8.415696e-15
2390.00 9.309065e-15
2400.00 1.031159e-14
2410.00 1.140737e-14
2420.00 1.259406e-14
2430.00 1.393433e-14
2440.00 1.533961e-14
2450.00 1.696800e-14
2460.00 1.868042e-14
2470.00 2.059875e-14
2480.00 2.267980e-14
2490.00 2.493090e-14
2500.00 2.745322e-14
2510.00 3.008738e-14
2520.00 3.313358e-14
2530.00 3.631497e-14
2540.00 3.987344e-14
2550.00 4.370591e-14
2560.00 4.784730e-14
2570.00 5.245247e-14
2580.00 5.725415e-14
2590.00 6.277407e-14
2600.00 6.851154e-14
2610.00 7.492039e-14
2620.00 8.177457e-14
2630.00 8.917452e-14
2640.00 9.734306e-14
2650.00 1.058566e-13
2660.00 1.155685e-13
2670.00 1.256262e-13
2680.00 1.368473e-13
2690.00 1.487668e-13
2700.00 1.616251e-13
2710.00 1.757185e-13
2720.00 1.904015e-13
2730.00 2.070276e-13
2740.00 2.241842e-13
2750.00 2.433049e-13
2760.00 2.634813e-13
2770.00 2.852311e-13
2780.00 3.089066e-13
2790.00 3.335630e-13
2800.00 3.612837e-13
2810.00 3.897878e-13
2820.00 4.215259e-13
2830.00 4.547985e-13
2840.00 4.906422e-13
2850.00 5.293981e-13
2860.00 5.697444e-13
2870.00 6.147919e-13
2880.00 6.609499e-13
2890.00 7.123039e-13
2900.00 7.657951e-13
2910.00 8.233855e-13
2920.00 8.852446e-13
2930.00 9.496186e-13
2940.00 1.021008e-12
2950.00 1.093903e-12
2960.00 1.174948e-12
2970.00 1.258823e-12
2980.00 1.349079e-12
2990.00 1.445396e-12
3000.00 1.545587e-12
3010.00 1.655967e-12
3020.00 1.768269e-12
3030.00 1.893064e-12
3040.00 2.021385e-12
3050.00 2.159402e-12
3060.00 2.305735e-12
3070.00 2.457887e-12
3080.00 2.624427e-12
3090.00 2.793248e-12
3100.00 2.980776e-12
3110.00 3.172344e-12
3120.00 3.378301e-12
3130.00 3.595252e-12
3140.00 3.820722e-12
3150.00 4.065933e-12
3160.00 4.313562e-12
3170.00 4.588564e-12
3180.00 4.867613e-12
3190.00 5.167515e-12
3200.00 5.481354e-12
3210.00 5.807347e-12
3220.00 6.159616e-12
3230.00 6.513943e-12
3240.00 6.907420e-12
3250.00 7.303926e-12
3260.00 7.729928e-12
3270.00 8.172750e-12
3280.00 7.994413e-12
3290.00 6.504024e-12
3300.00 9.620377e-12
3310.00 1.011013e-12
3320.00 4.887297e-12
3330.00 3.595039e-12
3340.00 8.014251e-12
3350.00 9.133851e-12
3360.00 6.451393e-12
3370.00 1.119668e-11
3380.00 1.222866e-11
3390.00 5.308917e-12
3400.00 5.324341e-12
3410.00 1.148472e-11
3420.00 8.235083e-12
3430.00 5.532652e-12
3440.00 5.920076e-12
3450.00 3.076065e-12
3460.00 1.473007e-11
3470.00 1.647088e-11
3480.00 2.264394e-11
3490.00 2.768796e-11
3500.00 2.849117e-11
3510.00 4.797001e-11
3520.00 5.803658e-11
3530.00 5.021168e-11
3540.00 4.085070e-11
3550.00 4.641812e-11
3560.00 5.664521e-11
3570.00 5.708992e-11
3580.00 5.848640e-11
3590.00 6.510383e-11
3600.00 6.242625e-11
3610.00 7.822099e-11
3620.00 8.767663e-11
3630.00 9.710328e-11
3640.00 9.667117e-11
3650.00 9.181732e-11
3660.00 8.472267e-11
3670.00 9.757112e-11
3680.00 1.217916e-10
3690.00 1.265190e-10
3700.00 1.013409e-10
3710.00 1.123507e-10
3720.00 1.135194e-10
3730.00 1.042606e-10
3740.00 1.135592e-10
3750.00 1.195642e-10
3760.00 7.961626e-11
3770.00 6.467403e-11
3780.00 7.326720e-11
3790.00 5.118348e-11
3800.00 3.520461e-11
3810.00 5.064961e-11
3820.00 3.960909e-11
3830.00 3.592009e-11
3840.00 3.608571e-11
3850.00 6.456019e-11
3860.00 7.848950e-11
3870.00 7.954569e-11
3880.00 1.119289e-10
3890.00 1.031499e-10
3900.00 1.139663e-10
3910.00 1.297530e-10
3920.00 1.249040e-10
3930.00 1.445132e-10
3940.00 1.590063e-10
3950.00 1.910888e-10
3960.00 2.236430e-10
3970.00 2.514404e-10
3980.00 2.634630e-10
3990.00 2.637695e-10
4000.00 2.577129e-10
4010.00 2.472068e-10
4020.00 2.313904e-10
4030.00 1.974571e-10
4040.00 1.640060e-10
4050.00 1.632870e-10
4060.00 1.480811e-10
4070.00 1.420330e-10
4080.00 1.241084e-10
4090.00 1.226449e-10
4100.00 1.070453e-10
4110.00 1.083851e-10
4120.00 1.276673e-10
4130.00 1.004917e-10
4140.00 8.464275e-11
4150.00 9.984165e-11
4160.00 1.034880e-10
4170.00 8.167408e-11
4180.00 9.332058e-11
4190.00 8.712307e-11
4200.00 7.723675e-11
4210.00 1.030178e-10
4220.00 9.296627e-11
4230.00 9.746220e-11
4240.00 9.944670e-11
4250.00 9.760958e-11
4260.00 1.054292e-10
4270.00 8.575541e-11
4280.00 1.107985e-10
4290.00 9.449023e-11
4300.00 1.026638e-10
4310.00 9.282132e-11
4320.00 8.870220e-11
4330.00 9.880822e-11
4340.00 9.415930e-11
4350.00 8.366823e-11
4360.00 9.078932e-11
4370.00 8.816922e-11
4380.00 8.857196e-11
4390.00 6.392003e-11
4400.00 7.975978e-11
4410.00 6.500134e-11
4420.00 6.849433e-11
4430.00 7.399688e-11
4440.00 6.929540e-11
4450.00 6.661127e-11
4460.00 5.940464e-11
4470.00 8.948220e-11
4480.00 8.650916e-11
4490.00 1.051026e-10
4500.00 1.032414e-10
4510.00 1.090892e-10
4520.00 1.068564e-10
4530.00 1.234037e-10
4540.00 1.331437e-10
4550.00 1.653687e-10
4560.00 1.587267e-10
4570.00 1.935349e-10
4580.00 1.946662e-10
4590.00 2.208092e-10
4600.00 2.212808e-10
4610.00 2.420123e-10
4620.00 2.474012e-10
4630.00 2.422322e-10
4640.00 2.420788e-10
4650.00 2.374899e-10
4660.00 2.162574e-10
4670.00 1.917055e-10
4680.00 1.676148e-10
4690.00 1.430080e-10
4700.00 1.206332e-10
4710.00 1.021554e-10
4720.00 8.990633e-11
4730.00 7.920903e-11
4740.00 8.472261e-11
4750.00 9.244844e-11
4760.00 8.906037e-11
4770.00 8.953750e-11
4780.00 9.399215e-11
4790.00 1.072262e-10
4800.00 1.038889e-10
4810.00 1.224262e-10
4820.00 1.436337e-10
4830.00 1.500438e-10
4840.00 1.533448e-10
4850.00 1.379404e-10
4860.00 1.303122e-10
4870.00 1.209645e-10
4880.00 1.104748e-10
4890.00 1.172165e-10
4900.00 1.272855e-10
4910.00 1.274977e-10
4920.00 1.498377e-10
4930.00 1.577680e-10
4940.00 1.762743e-10
4950.00 1.948352e-10
4960.00 1.995921e-10
4970.00 2.058919e-10
4980.00 2.071608e-10
4990.00 1.906734e-10
5000.00 1.532253e-10
5010.00 1.237605e-10
5020.00 1.118516e-10
5030.00 9.448430e-11
5040.00 1.019435e-10
5050.00 9.346977e-11
5060.00 8.828773e-11
5070.00 9.257537e-11
5080.00 9.725222e-11
5090.00 9.293354e-11
5100.00 1.006588e-10
5110.00 1.122576e-10
5120.00 1.075500e-10
5130.00 1.140601e-10
5140.00 1.026585e-10
5150.00 1.023472e-10
5160.00 1.058200e-10
5170.00 1.095754e-10
5180.00 1.100958e-10
5190.00 1.159954e-10
5200.00 1.237580e-10
5210.00 1.235494e-10
5220.00 1.309335e-10
5230.00 1.355583e-10
5240.00 1.409924e-10
5250.00 1.513287e-10
5260.00 1.564702e-10
5270.00 1.554233e-10
5280.00 1.712749e-10
5290.00 1.713872e-10
5300.00 1.802816e-10
5310.00 1.864195e-10
5320.00 1.860887e-10
5330.00 1.859163e-10
5340.00 1.922350e-10
5350.00 1.840417e-10
5360.00 1.755793e-10
5370.00 1.757984e-10
5380.00 1.717213e-10
5390.00 1.668011e-10
5400.00 1.627882e-10
5410.00 1.631923e-10
5420.00 1.814195e-10
5430.00 1.912749e-10
5440.00 1.907102e-10
5450.00 2.025314e-10
5460.00 2.271555e-10
5470.00 2.410712e-10
5480.00 2.463053e-10
5490.00 2.723544e-10
5500.00 2.756664e-10
5510.00 2.864599e-10
5520.00 2.962760e-10
5530.00 3.037781e-10
5540.00 2.976759e-10
5550.00 2.981937e-10
5560.00 2.919664e-10
5570.00 2.615210e-10
5580.00 2.575601e-10
5590.00 2.476608e-10
5600.00 2.313191e-10
5610.00 2.170230e-10
5620.00 1.932286e-10
5630.00 1.800646e-10
5640.00 1.446876e-10
5650.00 1.118160e-10
5660.00 7.567551e-11
5670.00 5.861559e-11
5680.00 6.768865e-11
5690.00 7.731973e-11
5700.00 9.413735e-11
5710.00 1.064180e-10
5720.00 1.021683e-10
5730.00 1.035280e-10
5740.00 1.120150e-10
5750.00 1.128985e-10
5760.00 1.119768e-10
5770.00 1.165192e-10
5780.00 1.174479e-10
5790.00 1.175723e-10
5800.00 1.162426e-10
5810.00 1.231105e-10
5820.00 1.368084e-10
5830.00 1.338967e-10
5840.00 1.480430e-10
5850.00 1.578404e-10
5860.00 1.640594e-10
5870.00 1.762281e-10
5880.00 1.725790e-10
5890.00 1.820513e-10
5900.00 1.934506e-10
5910.00 1.785704e-10
5920.00 1.614065e-10
5930.00 1.506723e-10
5940.00 1.486922e-10
5950.00 1.396305e-10
5960.00 1.250445e-10
5970.00 1.275277e-10
5980.00 1.249596e-10
5990.00 1.208153e-10
6000.00 1.229052e-10
6010.00 1.182216e-10
6020.00 1.159560e-10
6030.00 1.207825e-10
6040.00 1.184468e-10
6050.00 1.211362e-10
6060.00 1.265140e-10
6070.00 1.270862e-10
6080.00 1.219618e-10
6090.00 1.242852e-10
6100.00 1.172084e-10
6110.00 1.231336e-10
6120.00 1.140023e-10
6130.00 1.185405e-10
6140.00 1.188210e-10
6150.00 1.161294e-10
6160.00 1.105688e-10
6170.00 1.127059e-10
6180.00 1.084506e-10
6190.00 1.077735e-10
6200.00 1.058380e-10
6210.00 1.013587e-10
6220.00 8.990545e-11
6230.00 9.026724e-11
6240.00 9.470825e-11
6250.00 9.709113e-11
6260.00 9.844020e-11
6270.00 9.041113e-11
6280.00 9.841240e-11
6290.00 1.016662e-10
6300.00 1.056677e-10
6310.00 1.029361e-10
6320.00 1.043484e-10
6330.00 1.124504e-10
6340.00 1.127452e-10
6350.00 1.206270e-10
6360.00 1.254715e-10
6370.00 1.279946e-10
6380.00 1.352595e-10
6390.00 1.378662e-10
6400.00 1.510657e-10
6410.00 1.547125e-10
6420.00 1.579189e-10
6430.00 1.750371e-10
6440.00 1.750213e-10
6450.00 1.729005e-10
6460.00 1.780634e-10
6470.00 1.775850e-10
6480.00 1.856530e-10
6490.00 2.032223e-10
6500.00 1.869309e-10
6510.00 1.893467e-10
6520.00 1.890044e-10
6530.00 1.876790e-10
6540.00 1.812767e-10
6550.00 1.724126e-10
6560.00 1.626736e-10
6570.00 1.631026e-10
6580.00 1.496018e-10
6590.00 1.371340e-10
6600.00 1.272278e-10
6610.00 1.126263e-10
6620.00 1.068452e-10
6630.00 9.326428e-11
6640.00 8.230201e-11
6650.00 7.877311e-11
6660.00 7.043593e-11
6670.00 6.853741e-11
6680.00 6.330188e-11
6690.00 5.789271e-11
6700.00 4.873750e-11
6710.00 5.813322e-11
6720.00 5.224437e-11
6730.00 5.054653e-11
6740.00 4.974393e-11
6750.00 4.256061e-11
6760.00 4.812813e-11
6770.00 4.579901e-11
6780.00 4.291728e-11
6790.00 4.490744e-11
6800.00 4.821684e-11
6810.00 4.742280e-11
6820.00 5.262310e-11
6830.00 4.998093e-11
6840.00 4.859278e-11
6850.00 4.414840e-11
6860.00 3.391933e-11
6870.00 4.121314e-11
6880.00 4.167662e-11
6890.00 4.740699e-11
6900.00 4.900387e-11
6910.00 4.864263e-11
6920.00 4.834887e-11
6930.00 5.719822e-11
6940.00 6.182898e-11
6950.00 6.316610e-11
6960.00 5.998666e-11
6970.00 5.940665e-11
6980.00 6.584829e-11
6990.00 6.622616e-11
7000.00 6.527703e-11
7010.00 6.820979e-11
7020.00 6.726327e-11
7030.00 7.403728e-11
7040.00 7.682502e-11
7050.00 8.813175e-11
7060.00 8.482542e-11
7070.00 9.451778e-11
7080.00 9.293666e-11
7090.00 9.852587e-11
7100.00 1.015861e-10
7110.00 1.037661e-10
7120.00 1.066114e-10
7130.00 1.035525e-10
7140.00 1.036500e-10
7150.00 9.973517e-11
7160.00 9.571218e-11
7170.00 9.284314e-11
7180.00 9.753091e-11
7190.00 1.001096e-10
7200.00 1.055801e-10
7210.00 1.067349e-10
7220.00 1.013270e-10
7230.00 1.052704e-10
7240.00 1.025109e-10
7250.00 1.011621e-10
7260.00 1.032049e-10
7270.00 1.069477e-10
7280.00 9.823116e-11
7290.00 9.865816e-11
7300.00 1.038428e-10
7310.00 1.055671e-10
7320.00 1.052228e-10
7330.00 1.065785e-10
7340.00 1.058906e-10
7350.00 1.094028e-10
7360.00 1.079073e-10
7370.00 1.060134e-10
7380.00 1.007158e-10
7390.00 1.026301e-10
7400.00 1.006091e-10
7410.00 1.271053e-10
7420.00 1.269155e-10
7430.00 1.159544e-10
7440.00 9.877768e-11
7450.00 8.462298e-11
7460.00 7.329712e-11
7470.00 6.460171e-11
7480.00 6.086443e-11
7490.00 5.205426e-11
7500.00 4.794187e-11
7510.00 4.699264e-11
7520.00 5.739464e-11
7530.00 6.053752e-11
7540.00 6.700005e-11
7550.00 7.316676e-11
7560.00 8.121098e-11
7570.00 8.677731e-11
7580.00 4.613966e-11
7590.00 2.469299e-11
7600.00 5.973645e-11
7610.00 4.623855e-11
7620.00 5.121950e-11
7630.00 6.851528e-11
7640.00 8.074701e-11
7650.00 9.157486e-11
7660.00 1.091229e-10
7670.00 1.190818e-10
7680.00 1.207224e-10
7690.00 1.355502e-10
7700.00 1.399012e-10
7710.00 1.359359e-10
7720.00 1.402203e-10
7730.00 1.574203e-10
7740.00 1.498004e-10
7750.00 1.469898e-10
7760.00 1.529756e-10
7770.00 1.571041e-10
7780.00 1.478073e-10
7790.00 1.456561e-10
7800.00 1.573601e-10
7810.00 1.556678e-10
7820.00 1.471828e-10
7830.00 1.512260e-10
7840.00 1.587455e-10
7850.00 1.534061e-10
7860.00 1.504860e-10
7870.00 1.549457e-10
7880.00 1.555236e-10
7890.00 1.471671e-10
7900.00 1.541290e-10
7910.00 1.476774e-10
7920.00 1.386787e-10
7930.00 1.418851e-10
7940.00 1.404190e-10
7950.00 1.276163e-10
7960.00 1.270170e-10
7970.00 1.335360e-10
7980.00 1.272051e-10
7990.00 1.192877e-10
8000.00 1.223680e-10
8010.00 1.236563e-10
8020.00 1.156956e-10
8030.00 1.122955e-10
8040.00 1.226486e-10
8050.00 1.171564e-10
8060.00 1.062273e-10
8070.00 1.075914e-10
8080.00 1.061893e-10
8090.00 9.674929e-11
8100.00 7.736474e-11
8110.00 6.944802e-11
8120.00 6.466187e-11
8130.00 5.350139e-11
8140.00 4.368743e-11
8150.00 3.758487e-11
8160.00 3.431579e-11
8170.00 3.116822e-11
8180.00 2.389559e-11
8190.00 2.601105e-11
8200.00 2.583826e-11
8210.00 2.366713e-11
8220.00 3.018464e-11
8230.00 3.228668e-11
8240.00 3.342931e-11
8250.00 4.315198e-11
8260.00 4.590450e-11
8270.00 4.524842e-11
8280.00 3.816426e-11
8290.00 3.649441e-11
8300.00 3.443917e-11
8310.00 3.873829e-11
8320.00 3.550662e-11
8330.00 3.254374e-11
8340.00 4.199084e-11
8350.00 4.694614e-11
8360.00 4.738048e-11
8370.00 4.707132e-11
8380.00 5.513481e-11
8390.00 6.196589e-11
8400.00 6.508856e-11
8410.00 6.795885e-11
8420.00 7.134392e-11
8430.00 8.423320e-11
8440.00 7.522289e-11
8450.00 8.083323e-11
8460.00 9.256720e-11
8470.00 9.836701e-11
8480.00 9.962787e-11
8490.00 9.630128e-11
8500.00 1.058122e-10
8510.00 1.167358e-10
8520.00 1.174635e-10
8530.00 1.061654e-10
8540.00 1.118909e-10
8550.00 1.161757e-10
8560.00 1.182884e-10
8570.00 1.190050e-10
8580.00 1.126635e-10
8590.00 1.180310e-10
8600.00 1.209503e-10
8610.00 1.163889e-10
8620.00 1.193755e-10
8630.00 1.147919e-10
8640.00 1.143156e-10
8650.00 1.103312e-10
8660.00 1.059946e-10
8670.00 1.040077e-10
8680.00 1.051100e-10
8690.00 1.036133e-10
8700.00 1.046135e-10
8710.00 9.318666e-11
8720.00 8.943687e-11
8730.00 8.647207e-11
8740.00 8.555204e-11
8750.00 8.797925e-11
8760.00 8.093317e-11
8770.00 8.409480e-11
8780.00 8.784315e-11
8790.00 9.354957e-11
8800.00 9.289133e-11
8810.00 8.751921e-11
8820.00 8.682151e-11
8830.00 9.452439e-11
8840.00 8.364922e-11
8850.00 7.681991e-11
8860.00 7.072640e-11
8870.00 6.487640e-11
8880.00 6.168611e-11
8890.00 5.075560e-11
8900.00 4.626762e-11
8910.00 5.815231e-11
8920.00 4.932333e-11
8930.00 4.759204e-11
8940.00 4.939834e-11
8950.00 4.744455e-11
8960.00 5.678808e-11
8970.00 5.926858e-11
8980.00 6.440027e-11
8990.00 6.597011e-11
9000.00 6.753098e-11
9010.00 7.078724e-11
9020.00 6.576631e-11
9030.00 6.387751e-11
9040.00 7.017602e-11
9050.00 6.605815e-11
9060.00 6.962420e-11
9070.00 6.911784e-11
9080.00 7.326832e-11
9090.00 7.679616e-11
9100.00 7.824281e-11
9110.00 7.681711e-11
9120.00 7.704922e-11
9130.00 7.964793e-11
9140.00 7.988709e-11
9150.00 8.055181e-11
9160.00 8.689040e-11
9170.00 8.745044e-11
9180.00 9.016736e-11
9190.00 8.892633e-11
9200.00 9.330630e-11
9210.00 8.643453e-11
9220.00 8.455889e-11
9230.00 7.993328e-11
9240.00 8.519069e-11
9250.00 8.880844e-11
9260.00 8.495915e-11
9270.00 8.434580e-11
9280.00 8.137912e-11
9290.00 7.922436e-11
9300.00 7.843333e-11
9310.00 7.684928e-11
9320.00 7.937324e-11
9330.00 7.989232e-11
9340.00 8.093417e-11
9350.00 8.121865e-11
9360.00 8.711147e-11
9370.00 8.988557e-11
9380.00 9.341260e-11
9390.00 9.145609e-11
9400.00 8.929298e-11
9410.00 9.061862e-11
9420.00 9.425768e-11
9430.00 9.228067e-11
9440.00 9.512589e-11
9450.00 8.828524e-11
9460.00 9.494472e-11
9470.00 9.250118e-11
9480.00 9.543886e-11
9490.00 9.720702e-11
9500.00 9.377027e-11
9510.00 1.031875e-10
9520.00 1.015755e-10
9530.00 9.220317e-11
9540.00 9.134824e-11
9550.00 9.284326e-11
9560.00 8.396468e-11
9570.00 8.039688e-11
9580.00 8.112943e-11
9590.00 7.934394e-11
9600.00 7.674416e-11
9610.00 7.694379e-11
9620.00 7.643605e-11
9630.00 7.184873e-11
9640.00 8.022998e-11
9650.00 7.774099e-11
9660.00 7.395374e-11
9670.00 7.100134e-11
9680.00 7.072446e-11
9690.00 8.555965e-11
9700.00 7.049597e-11
9710.00 7.544957e-11
9720.00 7.971589e-11
9730.00 7.458136e-11
9740.00 6.812575e-11
9750.00 5.733096e-11
9760.00 6.690578e-11
9770.00 6.067842e-11
9780.00 7.009728e-11
9790.00 6.148437e-11
9800.00 6.330313e-11
9810.00 7.421328e-11
9820.00 7.439333e-11
9830.00 5.615439e-11
9840.00 6.901273e-11
9850.00 8.526513e-11
9860.00 7.017945e-11
9870.00 7.178694e-11
9880.00 5.996214e-11
9890.00 6.726751e-11
9900.00 6.468899e-11
9910.00 6.251472e-11
9920.00 6.034004e-11
9930.00 5.816512e-11
9940.00 5.796036e-11
9950.00 5.775566e-11
9960.00 5.755102e-11
9970.00 5.734696e-11
9980.00 5.714297e-11
9990.00 5.693909e-11
10000.00 5.673576e-11
10010.00 5.653251e-11
10020.00 5.632939e-11
10030.00 5.612683e-11
10040.00 5.592435e-11
10050.00 5.572203e-11
10060.00 5.552024e-11
10070.00 5.531856e-11
10080.00 5.511705e-11
10090.00 5.491608e-11
10100.00 5.471521e-11
10110.00 5.451456e-11
10120.00 5.431442e-11
10130.00 5.411439e-11
10140.00 5.391461e-11
10150.00 5.371533e-11
10160.00 5.351617e-11
10170.00 5.331728e-11
10180.00 5.311888e-11
10190.00 5.292062e-11
10200.00 5.272264e-11
10210.00 5.252515e-11
10220.00 5.232780e-11
10230.00 5.213075e-11
10240.00 5.193419e-11
10250.00 5.173777e-11
10260.00 5.154170e-11
10270.00 5.134606e-11
10280.00 5.115062e-11
10290.00 5.095552e-11
10300.00 5.076087e-11
10310.00 5.056639e-11
10320.00 5.037230e-11
10330.00 5.017864e-11
10340.00 4.998516e-11
10350.00 4.979209e-11
10360.00 4.959944e-11
10370.00 4.940698e-11
10380.00 4.921494e-11
10390.00 4.902332e-11
10400.00 4.883191e-11
10410.00 4.864093e-11
10420.00 4.845036e-11
10430.00 4.825999e-11
10440.00 4.807009e-11
10450.00 4.788059e-11
10460.00 4.769130e-11
10470.00 4.750248e-11
10480.00 4.731407e-11
10490.00 4.712587e-11
10500.00 4.693817e-11
10510.00 4.675086e-11
10520.00 4.656377e-11
10530.00 4.637719e-11
10540.00 4.619099e-11
10550.00 4.600503e-11
10560.00 4.581959e-11
10570.00 4.563453e-11
10580.00 4.544971e-11
10590.00 4.526544e-11
10600.00 4.508152e-11
10610.00 4.489785e-11
10620.00 4.471474e-11
10630.00 4.453199e-11
10640.00 4.434949e-11
10650.00 4.416758e-11
10660.00 4.398600e-11
10670.00 4.380468e-11
10680.00 4.362397e-11
10690.00 4.344358e-11
10700.00 4.326346e-11
10710.00 4.308396e-11
10720.00 4.290478e-11
10730.00 4.272587e-11
10740.00 4.254758e-11
10750.00 4.236962e-11
10760.00 4.219193e-11
10770.00 4.201489e-11
10780.00 4.183815e-11
10790.00 4.166170e-11
10800.00 4.148591e-11
10810.00 4.131041e-11
10820.00 4.113520e-11
10830.00 4.096065e-11
10840.00 4.078641e-11
10850.00 4.061248e-11
10860.00 4.043919e-11
10870.00 4.026622e-11
10880.00 4.009355e-11
10890.00 3.992154e-11
10900.00 3.974982e-11
10910.00 3.957845e-11
10920.00 3.940771e-11
10930.00 3.923728e-11
10940.00 3.906720e-11
10950.00 3.889775e-11
10960.00 3.872860e-11
10970.00 3.855983e-11
10980.00 3.839167e-11
10990.00 3.822383e-11
11000.00 3.805637e-11
11010.00 3.788951e-11
11020.00 3.772297e-11
11030.00 3.755684e-11
11040.00 3.739129e-11
11050.00 3.722607e-11
11060.00 3.706126e-11
11070.00 3.689702e-11
11080.00 3.673312e-11
11090.00 3.656965e-11
11100.00 3.640674e-11
11110.00 3.624416e-11
11120.00 3.608203e-11
11130.00 3.592045e-11
11140.00 3.575921e-11
11150.00 3.559842e-11
11160.00 3.543818e-11
11170.00 3.527827e-11
11180.00 3.511884e-11
11190.00 3.495994e-11
11200.00 3.480138e-11
11210.00 3.464330e-11
11220.00 3.448575e-11
11230.00 3.432854e-11
11240.00 3.417182e-11
11250.00 3.401562e-11
11260.00 3.385976e-11
11270.00 3.370442e-11
11280.00 3.354956e-11
11290.00 3.339507e-11
11300.00 3.324109e-11
11310.00 3.308760e-11
11320.00 3.293446e-11
11330.00 3.278185e-11
11340.00 3.262972e-11
11350.00 3.247795e-11
11360.00 3.232672e-11
11370.00 3.217595e-11
11380.00 3.202555e-11
11390.00 3.187569e-11
11400.00 3.172630e-11
11410.00 3.157726e-11
11420.00 3.142879e-11
11430.00 3.128076e-11
11440.00 3.113310e-11
11450.00 3.098600e-11
11460.00 3.083936e-11
11470.00 3.069307e-11
11480.00 3.054735e-11
11490.00 3.040208e-11
11500.00 3.025716e-11
11510.00 3.011283e-11
11520.00 2.996893e-11
11530.00 2.982539e-11
11540.00 2.968245e-11
11550.00 2.953992e-11
11560.00 2.939776e-11
11570.00 2.925620e-11
11580.00 2.911504e-11
11590.00 2.897426e-11
11600.00 2.883409e-11
11610.00 2.869431e-11
11620.00 2.855491e-11
11630.00 2.841611e-11
11640.00 2.827771e-11
11650.00 2.813968e-11
11660.00 2.800227e-11
11670.00 2.786525e-11
11680.00 2.772860e-11
11690.00 2.759257e-11
11700.00 2.745692e-11
11710.00 2.732165e-11
11720.00 2.718699e-11
11730.00 2.705272e-11
11740.00 2.691882e-11
11750.00 2.678554e-11
11760.00 2.665264e-11
11770.00 2.652013e-11
11780.00 2.638822e-11
11790.00 2.625669e-11
11800.00 2.612555e-11
11810.00 2.599501e-11
11820.00 2.586484e-11
11830.00 2.573508e-11
11840.00 2.560591e-11
11850.00 2.547710e-11
11860.00 2.534872e-11
11870.00 2.522090e-11
11880.00 2.509346e-11
11890.00 2.496645e-11
11900.00 2.483999e-11
11910.00 2.471391e-11
11920.00 2.458827e-11
11930.00 2.446317e-11
11940.00 2.433844e-11
11950.00 2.421416e-11
11960.00 2.409041e-11
11970.00 2.396704e-11
11980.00 2.384412e-11
11990.00 2.372172e-11
12000.00 2.359970e-11
12010.00 2.347813e-11
12020.00 2.335708e-11
12030.00 2.323641e-11
12040.00 2.311619e-11
12050.00 2.299648e-11
12060.00 2.287714e-11
12070.00 2.275828e-11
12080.00 2.263990e-11
12090.00 2.252190e-11
12100.00 2.240438e-11
12110.00 2.228734e-11
12120.00 2.217068e-11
12130.00 2.205448e-11
12140.00 2.193877e-11
12150.00 2.182344e-11
12160.00 2.170857e-11
12170.00 2.159418e-11
12180.00 2.148017e-11
12190.00 2.136664e-11
12200.00 2.125357e-11
12210.00 2.114087e-11
12220.00 2.102866e-11
12230.00 2.091690e-11
12240.00 2.080551e-11
12250.00 2.069461e-11
12260.00 2.058416e-11
12270.00 2.047408e-11
12280.00 2.036449e-11
12290.00 2.025534e-11
12300.00 2.014656e-11
12310.00 2.003827e-11
12320.00 1.993042e-11
12330.00 1.982294e-11
12340.00 1.971595e-11
12350.00 1.960937e-11
12360.00 1.950318e-11
12370.00 1.939748e-11
12380.00 1.929220e-11
12390.00 1.918728e-11
12400.00 1.908286e-11
12410.00 1.897885e-11
12420.00 1.887521e-11
12430.00 1.877207e-11
12440.00 1.866933e-11
12450.00 1.856696e-11
12460.00 1.846509e-11
12470.00 1.836361e-11
12480.00 1.826249e-11
12490.00 1.816189e-11
12500.00 1.806167e-11
12510.00 1.796180e-11
12520.00 1.786246e-11
12530.00 1.776348e-11
12540.00 1.766487e-11
12550.00 1.756676e-11
12560.00 1.746902e-11
12570.00 1.737165e-11
12580.00 1.727479e-11
12590.00 1.717828e-11
12600.00 1.708214e-11
12610.00 1.698651e-11
12620.00 1.689124e-11
12630.00 1.679632e-11
12640.00 1.670191e-11
12650.00 1.660785e-11
12660.00 1.651416e-11
12670.00 1.642096e-11
12680.00 1.632811e-11
12690.00 1.623564e-11
12700.00 1.614363e-11
12710.00 1.605199e-11
12720.00 1.596072e-11
12730.00 1.586992e-11
12740.00 1.577946e-11
12750.00 1.568938e-11
12760.00 1.559978e-11
12770.00 1.551050e-11
12780.00 1.542162e-11
12790.00 1.533318e-11
12800.00 1.524510e-11
12810.00 1.515738e-11
12820.00 1.507012e-11
12830.00 1.498320e-11
12840.00 1.489666e-11
12850.00 1.481057e-11
12860.00 1.472481e-11
12870.00 1.463943e-11
12880.00 1.455448e-11
12890.00 1.446988e-11
12900.00 1.438566e-11
12910.00 1.430185e-11
12920.00 1.421839e-11
12930.00 1.413531e-11
12940.00 1.405265e-11
12950.00 1.397031e-11
12960.00 1.388838e-11
12970.00 1.380684e-11
12980.00 1.372563e-11
12990.00 1.364482e-11
13000.00 1.356440e-11
13010.00 1.348432e-11
13020.00 1.340462e-11
13030.00 1.332531e-11
13040.00 1.324633e-11
13050.00 1.316774e-11
13060.00 1.308953e-11
13070.00 1.301166e-11
13080.00 1.293417e-11
13090.00 1.285706e-11
13100.00 1.278026e-11
13110.00 1.270386e-11
13120.00 1.262783e-11
13130.00 1.255212e-11
13140.00 1.247680e-11
13150.00 1.240185e-11
13160.00 1.232721e-11
13170.00 1.225295e-11
13180.00 1.217906e-11
13190.00 1.210549e-11
13200.00 1.203230e-11
13210.00 1.195947e-11
13220.00 1.188694e-11
13230.00 1.181481e-11
13240.00 1.174302e-11
13250.00 1.167154e-11
13260.00 1.160045e-11
13270.00 1.152969e-11
13280.00 1.145924e-11
13290.00 1.138919e-11
13300.00 1.131946e-11
13310.00 1.125004e-11
13320.00 1.118100e-11
13330.00 1.111229e-11
13340.00 1.104388e-11
13350.00 1.097586e-11
13360.00 1.090816e-11
13370.00 1.084076e-11
13380.00 1.077375e-11
13390.00 1.070704e-11
13400.00 1.064064e-11
13410.00 1.057461e-11
13420.00 1.050890e-11
13430.00 1.044348e-11
13440.00 1.037845e-11
13450.00 1.031371e-11
13460.00 1.024927e-11
13470.00 1.018521e-11
13480.00 1.012145e-11
13490.00 1.005798e-11
13500.00 9.994882e-12
13510.00 9.932076e-12
13520.00 9.869563e-12
13530.00 9.807424e-12
13540.00 9.745566e-12
13550.00 9.684006e-12
13560.00 9.622809e-12
13570.00 9.561898e-12
13580.00 9.501274e-12
13590.00 9.441018e-12
13600.00 9.381036e-12
13610.00 9.321347e-12
13620.00 9.262007e-12
13630.00 9.202948e-12
13640.00 9.144182e-12
13650.00 9.085758e-12
13660.00 9.027609e-12
13670.00 8.969753e-12
13680.00 8.912234e-12
13690.00 8.854989e-12
13700.00 8.798037e-12
13710.00 8.741416e-12
13720.00 8.685062e-12
13730.00 8.629002e-12
13740.00 8.573266e-12
13750.00 8.517798e-12
13760.00 8.462622e-12
13770.00 8.407765e-12
13780.00 8.353170e-12
13790.00 8.298868e-12
13800.00 8.244871e-12
13810.00 8.191142e-12
13820.00 8.137700e-12
13830.00 8.084570e-12
13840.00 8.031689e-12
13850.00 7.979108e-12
13860.00 7.926819e-12
13870.00 7.874786e-12
13880.00 7.823046e-12
13890.00 7.771599e-12
13900.00 7.720408e-12
13910.00 7.669497e-12
13920.00 7.618880e-12
13930.00 7.568511e-12
13940.00 7.518423e-12
13950.00 7.468629e-12
13960.00 7.419077e-12
13970.00 7.369806e-12
13980.00 7.320822e-12
13990.00 7.272074e-12
14000.00 7.223614e-12
14010.00 7.175427e-12
14020.00 7.127478e-12
14030.00 7.079809e-12
14040.00 7.032415e-12
14050.00 6.985257e-12
14060.00 6.938380e-12
14070.00 6.891765e-12
14080.00 6.845381e-12
14090.00 6.799283e-12
14100.00 6.753441e-12
14110.00 6.707829e-12
14120.00 6.662498e-12
14130.00 6.617417e-12
14140.00 6.572566e-12
14150.00 6.527996e-12
14160.00 6.483669e-12
14170.00 6.439572e-12
14180.00 6.395750e-12
14190.00 6.352165e-12
14200.00 6.308810e-12
14210.00 6.265730e-12
14220.00 6.222881e-12
14230.00 6.180258e-12
14240.00 6.137910e-12
14250.00 6.095787e-12
14260.00 6.053887e-12
14270.00 6.012257e-12
14280.00 5.970856e-12
14290.00 5.929669e-12
14300.00 5.888754e-12
14310.00 5.848059e-12
14320.00 5.807579e-12
14330.00 5.767367e-12
14340.00 5.727371e-12
14350.00 5.687589e-12
14360.00 5.648069e-12
14370.00 5.608764e-12
14380.00 5.569671e-12
14390.00 5.530837e-12
14400.00 5.492212e-12
14410.00 5.453798e-12
14420.00 5.415640e-12
14430.00 5.377689e-12
14440.00 5.339946e-12
14450.00 5.302455e-12
14460.00 5.265165e-12
14470.00 5.228087e-12
14480.00 5.191252e-12
14490.00 5.154617e-12
14500.00 5.118193e-12
14510.00 5.082006e-12
14520.00 5.046020e-12
14530.00 5.010238e-12
14540.00 4.974692e-12
14550.00 4.939342e-12
14560.00 4.904198e-12
14570.00 4.869284e-12
14580.00 4.834564e-12
14590.00 4.800047e-12
14600.00 4.765755e-12
14610.00 4.731655e-12
14620.00 4.697757e-12
14630.00 4.664081e-12
14640.00 4.630592e-12
14650.00 4.597306e-12
14660.00 4.564235e-12
14670.00 4.531350e-12
14680.00 4.498665e-12
14690.00 4.466192e-12
14700.00 4.433902e-12
14710.00 4.401811e-12
14720.00 4.369927e-12
14730.00 4.338225e-12
14740.00 4.306720e-12
14750.00 4.275417e-12
14760.00 4.244293e-12
14770.00 4.213365e-12
14780.00 4.182635e-12
14790.00 4.152081e-12
14800.00 4.121722e-12
14810.00 4.091557e-12
14820.00 4.061566e-12
14830.00 4.031767e-12
14840.00 4.002159e-12
14850.00 3.972723e-12
14860.00 3.943477e-12
14870.00 3.914417e-12
14880.00 3.885527e-12
14890.00 3.856826e-12
14900.00 3.828307e-12
14910.00 3.799955e-12
14920.00 3.771792e-12
14930.00 3.743806e-12
14940.00 3.715985e-12
14950.00 3.688349e-12
14960.00 3.660889e-12
14970.00 3.633591e-12
14980.00 3.606477e-12
14990.00 3.579533e-12
15000.00 3.552750e-12
15010.00 3.526150e-12
15020.00 3.499717e-12
15030.00 3.473441e-12
15040.00 3.447346e-12
15050.00 3.421415e-12
15060.00 3.395639e-12
15070.00 3.370043e-12
15080.00 3.344606e-12
15090.00 3.319323e-12
15100.00 3.294217e-12
15110.00 3.269267e-12
15120.00 3.244469e-12
15130.00 3.219847e-12
15140.00 3.195377e-12
15150.00 3.171056e-12
15160.00 3.146909e-12
15170.00 3.122912e-12
15180.00 3.099062e-12
15190.00 3.075383e-12
15200.00 3.051852e-12
15210.00 3.028464e-12
15220.00 3.005247e-12
15230.00 2.982173e-12
15240.00 2.959242e-12
15250.00 2.936478e-12
15260.00 2.913856e-12
15270.00 2.891374e-12
15280.00 2.869058e-12
15290.00 2.846878e-12
15300.00 2.824839e-12
15310.00 2.802961e-12
15320.00 2.781220e-12
15330.00 2.759616e-12
15340.00 2.738170e-12
15350.00 2.716858e-12
15360.00 2.695684e-12
15370.00 2.674663e-12
15380.00 2.653775e-12
15390.00 2.633022e-12
15400.00 2.612420e-12
15410.00 2.591948e-12
15420.00 2.571610e-12
15430.00 2.551420e-12
15440.00 2.531358e-12
15450.00 2.511429e-12
15460.00 2.491644e-12
15470.00 2.471986e-12
15480.00 2.452457e-12
15490.00 2.433071e-12
15500.00 2.413809e-12
15510.00 2.394677e-12
15520.00 2.375683e-12
15530.00 2.356810e-12
15540.00 2.338067e-12
15550.00 2.319458e-12
15560.00 2.300971e-12
15570.00 2.282610e-12
15580.00 2.264381e-12
15590.00 2.246269e-12
15600.00 2.228284e-12
15610.00 2.210429e-12
15620.00 2.192689e-12
15630.00 2.175074e-12
15640.00 2.157585e-12
15650.00 2.140210e-12
15660.00 2.122958e-12
15670.00 2.105830e-12
15680.00 2.088815e-12
15690.00 2.071920e-12
15700.00 2.055147e-12
15710.00 2.038484e-12
15720.00 2.021941e-12
15730.00 2.005516e-12
15740.00 1.989201e-12
15750.00 1.973003e-12
15760.00 1.956921e-12
15770.00 1.940946e-12
15780.00 1.925088e-12
15790.00 1.909343e-12
15800.00 1.893704e-12
15810.00 1.878179e-12
15820.00 1.862766e-12
15830.00 1.847455e-12
15840.00 1.832258e-12
15850.00 1.817170e-12
15860.00 1.802184e-12
15870.00 1.787309e-12
15880.00 1.772541e-12
15890.00 1.757872e-12
15900.00 1.743315e-12
15910.00 1.728860e-12
15920.00 1.714505e-12
15930.00 1.700258e-12
15940.00 1.686112e-12
15950.00 1.672064e-12
15960.00 1.658123e-12
15970.00 1.644280e-12
15980.00 1.630533e-12
15990.00 1.616893e-12
16000.00 1.603348e-12
16010.00 1.589897e-12
16020.00 1.576551e-12
16030.00 1.563299e-12
16040.00 1.550140e-12
16050.00 1.537083e-12
16060.00 1.524119e-12
16070.00 1.511245e-12
16080.00 1.498473e-12
16090.00 1.485791e-12
16100.00 1.473197e-12
16110.00 1.460705e-12
16120.00 1.448301e-12
16130.00 1.435983e-12
16140.00 1.423764e-12
16150.00 1.411631e-12
16160.00 1.399585e-12
16170.00 1.387636e-12
16180.00 1.375770e-12
16190.00 1.363989e-12
16200.00 1.352303e-12
16210.00 1.340700e-12
16220.00 1.329180e-12
16230.00 1.317754e-12
16240.00 1.306408e-12
16250.00 1.295145e-12
16260.00 1.283972e-12
16270.00 1.272880e-12
16280.00 1.261868e-12
16290.00 1.250945e-12
16300.00 1.240100e-12
16310.00 1.229336e-12
16320.00 1.218658e-12
16330.00 1.208056e-12
16340.00 1.197534e-12
16350.00 1.187096e-12
16360.00 1.176734e-12
16370.00 1.166449e-12
16380.00 1.156247e-12
16390.00 1.146119e-12
16400.00 1.136068e-12
16410.00 1.126097e-12
16420.00 1.116199e-12
16430.00 1.106376e-12
16440.00 1.096633e-12
16450.00 1.086960e-12
16460.00 1.077362e-12
16470.00 1.067841e-12
16480.00 1.058390e-12
16490.00 1.049012e-12
16500.00 1.039709e-12
16510.00 1.030475e-12
16520.00 1.021313e-12
16530.00 1.012225e-12
16540.00 1.003203e-12
16550.00 9.942531e-13
16560.00 9.853746e-13
16570.00 9.765622e-13
16580.00 9.678196e-13
16590.00 9.591468e-13
16600.00 9.505389e-13
16610.00 9.420001e-13
16620.00 9.335293e-13
16630.00 9.251221e-13
16640.00 9.167829e-13
16650.00 9.085098e-13
16660.00 9.002996e-13
16670.00 8.921561e-13
16680.00 8.840775e-13
16690.00 8.760593e-13
16700.00 8.681079e-13
16710.00 8.602194e-13
16720.00 8.523907e-13
16730.00 8.446269e-13
16740.00 8.369249e-13
16750.00 8.292820e-13
16760.00 8.217021e-13
16770.00 8.141827e-13
16780.00 8.067213e-13
16790.00 7.993222e-13
16800.00 7.919818e-13
16810.00 7.846980e-13
16820.00 7.774760e-13
16830.00 7.703114e-13
16840.00 7.632022e-13
16850.00 7.561535e-13
16860.00 7.491609e-13
16870.00 7.422219e-13
16880.00 7.353428e-13
16890.00 7.285185e-13
16900.00 7.217479e-13
16910.00 7.150346e-13
16920.00 7.083756e-13
16930.00 7.017683e-13
16940.00 6.952190e-13
16950.00 6.887208e-13
16960.00 6.822743e-13
16970.00 6.758846e-13
16980.00 6.695448e-13
16990.00 6.632554e-13
17000.00 6.570222e-13
17010.00 6.508376e-13
17020.00 6.447022e-13
17030.00 6.386211e-13
17040.00 6.325887e-13
17050.00 6.266042e-13
17060.00 6.206733e-13
17070.00 6.147894e-13
17080.00 6.089529e-13
17090.00 6.031683e-13
17100.00 5.974298e-13
17110.00 5.917383e-13
17120.00 5.860970e-13
17130.00 5.805011e-13
17140.00 5.749510e-13
17150.00 5.694503e-13
17160.00 5.639937e-13
17170.00 5.585824e-13
17180.00 5.532190e-13
17190.00 5.478991e-13
17200.00 5.426235e-13
17210.00 5.373946e-13
17220.00 5.322083e-13
17230.00 5.270655e-13
17240.00 5.219683e-13
17250.00 5.169127e-13
17260.00 5.118998e-13
17270.00 5.069313e-13
17280.00 5.020039e-13
17290.00 4.971181e-13
17300.00 4.922755e-13
17310.00 4.874732e-13
17320.00 4.827119e-13
17330.00 4.779928e-13
17340.00 4.733129e-13
17350.00 4.686732e-13
17360.00 4.640749e-13
17370.00 4.595144e-13
17380.00 4.549939e-13
17390.00 4.505135e-13
17400.00 4.460706e-13
17410.00 4.416662e-13
17420.00 4.373013e-13
17430.00 4.329728e-13
17440.00 4.286824e-13
17450.00 4.244303e-13
17460.00 4.202139e-13
17470.00 4.160350e-13
17480.00 4.118932e-13
17490.00 4.077865e-13
17500.00 4.037163e-13
17510.00 3.996823e-13
17520.00 3.956827e-13
17530.00 3.917191e-13
17540.00 3.877906e-13
17550.00 3.838957e-13
17560.00 3.800359e-13
17570.00 3.762109e-13
17580.00 3.724182e-13
17590.00 3.686603e-13
17600.00 3.649359e-13
17610.00 3.612434e-13
17620.00 3.575849e-13
17630.00 3.539590e-13
17640.00 3.503644e-13
17650.00 3.468030e-13
17660.00 3.432733e-13
17670.00 3.397743e-13
17680.00 3.363079e-13
17690.00 3.328724e-13
17700.00 3.294667e-13
17710.00 3.260931e-13
17720.00 3.227495e-13
17730.00 3.194351e-13
17740.00 3.161521e-13
17750.00 3.128983e-13
17760.00 3.096731e-13
17770.00 3.064786e-13
17780.00 3.033126e-13
17790.00 3.001745e-13
17800.00 2.970665e-13
17810.00 2.939862e-13
17820.00 2.909332e-13
17830.00 2.879096e-13
17840.00 2.849130e-13
17850.00 2.819431e-13
17860.00 2.790020e-13
17870.00 2.760873e-13
17880.00 2.731984e-13
17890.00 2.703379e-13
17900.00 2.675029e-13
17910.00 2.646934e-13
17920.00 2.619115e-13
17930.00 2.591545e-13
17940.00 2.564224e-13
17950.00 2.537172e-13
17960.00 2.510363e-13
17970.00 2.483798e-13
17980.00 2.457495e-13
17990.00 2.431429e-13
18000.00 2.405602e-13
18010.00 2.380030e-13
18020.00 2.354689e-13
18030.00 2.329583e-13
18040.00 2.304723e-13
18050.00 2.280091e-13
18060.00 2.255687e-13
18070.00 2.231524e-13
18080.00 2.207582e-13
18090.00 2.183864e-13
18100.00 2.160380e-13
18110.00 2.137112e-13
18120.00 2.114064e-13
18130.00 2.091244e-13
18140.00 2.068633e-13
18150.00 2.046238e-13
18160.00 2.024063e-13
18170.00 2.002095e-13
18180.00 1.980337e-13
18190.00 1.958793e-13
18200.00 1.937451e-13
18210.00 1.916314e-13
18220.00 1.895386e-13
18230.00 1.874653e-13
18240.00 1.854122e-13
18250.00 1.833794e-13
18260.00 1.813657e-13
18270.00 1.793717e-13
18280.00 1.773974e-13
18290.00 1.754418e-13
18300.00 1.735054e-13
18310.00 1.715882e-13
18320.00 1.696892e-13
18330.00 1.678089e-13
18340.00 1.659474e-13
18350.00 1.641035e-13
18360.00 1.622781e-13
18370.00 1.604708e-13
18380.00 1.586807e-13
18390.00 1.569086e-13
18400.00 1.551542e-13
18410.00 1.534166e-13
18420.00 1.516965e-13
18430.00 1.499937e-13
18440.00 1.483072e-13
18450.00 1.466378e-13
18460.00 1.449851e-13
18470.00 1.433484e-13
18480.00 1.417285e-13
18490.00 1.401248e-13
18500.00 1.385367e-13
18510.00 1.369648e-13
18520.00 1.354088e-13
18530.00 1.338679e-13
18540.00 1.323430e-13
18550.00 1.308334e-13
18560.00 1.293386e-13
18570.00 1.278594e-13
18580.00 1.263950e-13
18590.00 1.249451e-13
18600.00 1.235104e-13
18610.00 1.220901e-13
18620.00 1.206839e-13
18630.00 1.192925e-13
18640.00 1.179151e-13
18650.00 1.165515e-13
18660.00 1.152023e-13
18670.00 1.138667e-13
18680.00 1.125445e-13
18690.00 1.112364e-13
18700.00 1.099416e-13
18710.00 1.086596e-13
18720.00 1.073915e-13
18730.00 1.061363e-13
18740.00 1.048937e-13
18750.00 1.036645e-13
18760.00 1.024478e-13
18770.00 1.012435e-13
18780.00 1.000522e-13
18790.00 9.887306e-14
18800.00 9.770584e-14
18810.00 9.655147e-14
18820.00 9.540881e-14
18830.00 9.427794e-14
18840.00 9.315941e-14
18850.00 9.205230e-14
18860.00 9.095665e-14
18870.00 8.987297e-14
18880.00 8.880052e-14
18890.00 8.773916e-14
18900.00 8.668946e-14
18910.00 8.565061e-14
18920.00 8.462261e-14
18930.00 8.360589e-14
18940.00 8.259977e-14
18950.00 8.160425e-14
18960.00 8.061970e-14
18970.00 7.964538e-14
18980.00 7.868140e-14
18990.00 7.772809e-14
19000.00 7.678475e-14
19010.00 7.585145e-14
19020.00 7.492850e-14
19030.00 7.401527e-14
19040.00 7.311183e-14
19050.00 7.221837e-14
19060.00 7.133438e-14
19070.00 7.046000e-14
19080.00 6.959528e-14
19090.00 6.873972e-14
19100.00 6.789345e-14
19110.00 6.705666e-14
19120.00 6.622878e-14
19130.00 6.540995e-14
19140.00 6.460021e-14
19150.00 6.379921e-14
19160.00 6.300699e-14
19170.00 6.222367e-14
19180.00 6.144875e-14
19190.00 6.068245e-14
19200.00 5.992470e-14
19210.00 5.917516e-14
19220.00 5.843399e-14
19230.00 5.770113e-14
19240.00 5.697623e-14
19250.00 5.625947e-14
19260.00 5.555080e-14
19270.00 5.484984e-14
19280.00 5.415680e-14
19290.00 5.347158e-14
19300.00 5.279387e-14
19310.00 5.212387e-14
19320.00 5.146145e-14
19330.00 5.080631e-14
19340.00 5.015868e-14
19350.00 4.951840e-14
19360.00 4.888519e-14
19370.00 4.825928e-14
19380.00 4.764046e-14
19390.00 4.702854e-14
19400.00 4.642371e-14
19410.00 4.582577e-14
19420.00 4.523449e-14
19430.00 4.465013e-14
19440.00 4.407243e-14
19450.00 4.350120e-14
19460.00 4.293670e-14
19470.00 4.237867e-14
19480.00 4.182690e-14
19490.00 4.128166e-14
19500.00 4.074267e-14
19510.00 4.020977e-14
19520.00 3.968325e-14
19530.00 3.916276e-14
19540.00 3.864819e-14
19550.00 3.813977e-14
19560.00 3.763723e-14
19570.00 3.714044e-14
19580.00 3.664962e-14
19590.00 3.616447e-14
19600.00 3.568491e-14
19610.00 3.521115e-14
19620.00 3.474287e-14
19630.00 3.428001e-14
19640.00 3.382280e-14
19650.00 3.337091e-14
19660.00 3.292425e-14
19670.00 3.248307e-14
19680.00 3.204703e-14
19690.00 3.161608e-14
19700.00 3.119045e-14
19710.00 3.076981e-14
19720.00 3.035407e-14
19730.00 2.994351e-14
19740.00 2.953775e-14
19750.00 2.913680e-14
19760.00 2.874082e-14
19770.00 2.834952e-14
19780.00 2.796287e-14
19790.00 2.758104e-14
19800.00 2.720373e-14
19810.00 2.683094e-14
19820.00 2.646280e-14
19830.00 2.609905e-14
19840.00 2.573969e-14
19850.00 2.538481e-14
19860.00 2.503420e-14
19870.00 2.468784e-14
19880.00 2.434582e-14
19890.00 2.400792e-14
19900.00 2.367416e-14
19910.00 2.334459e-14
19920.00 2.301900e-14
19930.00 2.269743e-14
19940.00 2.237991e-14
19950.00 2.206626e-14
19960.00 2.175648e-14
19970.00 2.145063e-14
19980.00 2.114852e-14
19990.00 2.085017e-14
20000.00 2.055561e-14
20010.00 2.026467e-14
20020.00 1.997738e-14
20030.00 1.969374e-14
20040.00 1.941361e-14
20050.00 1.913702e-14
20060.00 1.886396e-14
20070.00 1.859428e-14
20080.00 1.832805e-14
20090.00 1.806521e-14
20100.00 1.780566e-14
20110.00 1.754943e-14
20120.00 1.729650e-14
20130.00 1.704672e-14
20140.00 1.680018e-14
20150.00 1.655681e-14
20160.00 1.631651e-14
20170.00 1.607933e-14
20180.00 1.584521e-14
20190.00 1.561407e-14
20200.00 1.538593e-14
20210.00 1.516076e-14
20220.00 1.493846e-14
20230.00 1.471908e-14
20240.00 1.450255e-14
20250.00 1.428880e-14
20260.00 1.407788e-14
20270.00 1.386971e-14
20280.00 1.366423e-14
20290.00 1.346148e-14
20300.00 1.326138e-14
20310.00 1.306388e-14
20320.00 1.286903e-14
20330.00 1.267673e-14
20340.00 1.248695e-14
20350.00 1.229972e-14
20360.00 1.211496e-14
20370.00 1.193262e-14
20380.00 1.175276e-14
20390.00 1.157528e-14
20400.00 1.140014e-14
20410.00 1.122739e-14
20420.00 1.105694e-14
20430.00 1.088874e-14
20440.00 1.072286e-14
20450.00 1.055919e-14
20460.00 1.039770e-14
20470.00 1.023844e-14
20480.00 1.008132e-14
20490.00 9.926303e-15
20500.00 9.773446e-15
20510.00 9.622647e-15
20520.00 9.473873e-15
20530.00 9.327195e-15
20540.00 9.182486e-15
20550.00 9.039742e-15
20560.00 8.899011e-15
20570.00 8.760194e-15
20580.00 8.623260e-15
20590.00 8.488271e-15
20600.00 8.355121e-15
20610.00 8.223798e-15
20620.00 8.094346e-15
20630.00 7.966670e-15
20640.00 7.840752e-15
20650.00 7.716642e-15
20660.00 7.594241e-15
20670.00 7.473535e-15
20680.00 7.354569e-15
20690.00 7.237249e-15
20700.00 7.121574e-15
20710.00 7.007564e-15
20720.00 6.895144e-15
20730.00 6.784308e-15
20740.00 6.675073e-15
20750.00 6.567379e-15
20760.00 6.461206e-15
20770.00 6.356579e-15
20780.00 6.253429e-15
20790.00 6.151752e-15
20800.00 6.051559e-15
20810.00 5.952789e-15
20820.00 5.855439e-15
20830.00 5.759515e-15
20840.00 5.664962e-15
20850.00 5.571779e-15
20860.00 5.479968e-15
20870.00 5.389475e-15
20880.00 5.300303e-15
20890.00 5.212449e-15
20900.00 5.125864e-15
20910.00 5.040551e-15
20920.00 4.956505e-15
20930.00 4.873682e-15
20940.00 4.792084e-15
20950.00 4.711702e-15
20960.00 4.632497e-15
20970.00 4.554472e-15
20980.00 4.477615e-15
20990.00 4.401890e-15
21000.00 4.327301e-15
21010.00 4.253835e-15
21020.00 4.181456e-15
21030.00 4.110171e-15
21040.00 4.039964e-15
21050.00 3.970804e-15
21060.00 3.902694e-15
21070.00 3.835621e-15
21080.00 3.769553e-15
21090.00 3.704497e-15
21100.00 3.640436e-15
21110.00 3.577338e-15
21120.00 3.515217e-15
21130.00 3.454048e-15
21140.00 3.393808e-15
21150.00 3.334504e-15
21160.00 3.276114e-15
21170.00 3.218616e-15
21180.00 3.162018e-15
21190.00 3.106297e-15
21200.00 3.051433e-15
21210.00 2.997435e-15
21220.00 2.944277e-15
21230.00 2.891941e-15
21240.00 2.840438e-15
21250.00 2.789741e-15
21260.00 2.739832e-15
21270.00 2.690722e-15
21280.00 2.642384e-15
21290.00 2.594805e-15
21300.00 2.547992e-15
21310.00 2.501919e-15
21320.00 2.456573e-15
21330.00 2.411964e-15
21340.00 2.368064e-15
21350.00 2.324861e-15
21360.00 2.282365e-15
21370.00 2.240547e-15
21380.00 2.199399e-15
21390.00 2.158928e-15
21400.00 2.119107e-15
21410.00 2.079928e-15
21420.00 2.041398e-15
21430.00 2.003492e-15
21440.00 1.966199e-15
21450.00 1.929530e-15
21460.00 1.893457e-15
21470.00 1.857973e-15
21480.00 1.823085e-15
21490.00 1.788769e-15
21500.00 1.755017e-15
21510.00 1.721835e-15
21520.00 1.689201e-15
21530.00 1.657107e-15
21540.00 1.625559e-15
21550.00 1.594534e-15
21560.00 1.564028e-15
21570.00 1.534043e-15
21580.00 1.504559e-15
21590.00 1.475572e-15
21600.00 1.447083e-15
21610.00 1.419073e-15
21620.00 1.391540e-15
21630.00 1.364481e-15
21640.00 1.337882e-15
21650.00 1.311738e-15
21660.00 1.286048e-15
21670.00 1.260796e-15
21680.00 1.235981e-15
21690.00 1.211599e-15
21700.00 1.187637e-15
21710.00 1.164091e-15
21720.00 1.140959e-15
21730.00 1.118229e-15
21740.00 1.095896e-15
21750.00 1.073959e-15
21760.00 1.052405e-15
21770.00 1.031231e-15
21780.00 1.010435e-15
21790.00 9.900037e-16
21800.00 9.699368e-16
21810.00 9.502296e-16
21820.00 9.308716e-16
21830.00 9.118608e-16
21840.00 8.931929e-16
21850.00 8.748585e-16
21860.00 8.568552e-16
21870.00 8.391799e-16
21880.00 8.218218e-16
21890.00 8.047805e-16
21900.00 7.880503e-16
21910.00 7.716237e-16
21920.00 7.554995e-16
21930.00 7.396714e-16
21940.00 7.241332e-16
21950.00 7.088824e-16
21960.00 6.939141e-16
21970.00 6.792219e-16
21980.00 6.648041e-16
21990.00 6.506555e-16
22000.00 6.367689e-16
22010.00 6.231444e-16
22020.00 6.097760e-16
22030.00 5.966574e-16
22040.00 5.837882e-16
22050.00 5.711627e-16
22060.00 5.587751e-16
22070.00 5.466249e-16
22080.00 5.347064e-16
22090.00 5.230143e-16
22100.00 5.115483e-16
22110.00 5.003025e-16
22120.00 4.892721e-16
22130.00 4.784566e-16
22140.00 4.678506e-16
22150.00 4.574493e-16
22160.00 4.472526e-16
22170.00 4.372548e-16
22180.00 4.274514e-16
22190.00 4.178427e-16
22200.00 4.084227e-16
22210.00 3.991876e-16
22220.00 3.901374e-16
22230.00 3.812664e-16
22240.00 3.725709e-16
22250.00 3.640510e-16
22260.00 3.557012e-16
22270.00 3.475181e-16
22280.00 3.395017e-16
22290.00 3.316465e-16
22300.00 3.239495e-16
22310.00 3.164107e-16
22320.00 3.090248e-16
22330.00 3.017889e-16
22340.00 2.947031e-16
22350.00 2.877622e-16
22360.00 2.809635e-16
22370.00 2.743071e-16
22380.00 2.677879e-16
22390.00 2.614037e-16
22400.00 2.551541e-16
22410.00 2.490344e-16
22420.00 2.430427e-16
22430.00 2.371783e-16
22440.00 2.314370e-16
22450.00 2.258169e-16
22460.00 2.203172e-16
22470.00 2.149340e-16
22480.00 2.096656e-16
22490.00 2.045110e-16
22500.00 1.994666e-16
22510.00 1.945307e-16
22520.00 1.897025e-16
22530.00 1.849784e-16
22540.00 1.803570e-16
22550.00 1.758372e-16
22560.00 1.714160e-16
22570.00 1.670917e-16
22580.00 1.628634e-16
22590.00 1.587280e-16
22600.00 1.546844e-16
22610.00 1.507313e-16
22620.00 1.468659e-16
22630.00 1.430871e-16
22640.00 1.393937e-16
22650.00 1.357832e-16
22660.00 1.322543e-16
22670.00 1.288058e-16
22680.00 1.254355e-16
22690.00 1.221422e-16
22700.00 1.189247e-16
22710.00 1.157808e-16
22720.00 1.127095e-16
22730.00 1.097096e-16
22740.00 1.067790e-16
22750.00 1.039168e-16
22760.00 1.011218e-16
22770.00 9.839201e-17
22780.00 9.572665e-17
22790.00 9.312444e-17
22800.00 9.058364e-17
22810.00 8.810338e-17
22820.00 8.568253e-17
22830.00 8.331935e-17
22840.00 8.101316e-17
22850.00 7.876270e-17
22860.00 7.656654e-17
22870.00 7.442388e-17
22880.00 7.233352e-17
22890.00 7.029410e-17
22900.00 6.830493e-17
22910.00 6.636482e-17
22920.00 6.447253e-17
22930.00 6.262744e-17
22940.00 6.082834e-17
22950.00 5.907406e-17
22960.00 5.736401e-17
22970.00 5.569704e-17
22980.00 5.407209e-17
22990.00 5.248858e-17
23000.00 5.094540e-17
23010.00 4.944156e-17
23020.00 4.797653e-17
23030.00 4.654923e-17
23040.00 4.515874e-17
23050.00 4.380457e-17
23060.00 4.248566e-17
23070.00 4.120116e-17
23080.00 3.995063e-17
23090.00 3.873303e-17
23100.00 3.754758e-17
23110.00 3.639385e-17
23120.00 3.527087e-17
23130.00 3.417791e-17
23140.00 3.311455e-17
23150.00 3.207987e-17
23160.00 3.107319e-17
23170.00 3.009412e-17
23180.00 2.914178e-17
23190.00 2.821553e-17
23200.00 2.731499e-17
23210.00 2.643936e-17
23220.00 2.558801e-17
23230.00 2.476062e-17
23240.00 2.395638e-17
23250.00 2.317475e-17
23260.00 2.241539e-17
23270.00 2.167755e-17
23280.00 2.096073e-17
23290.00 2.026461e-17
23300.00 1.958846e-17
23310.00 1.893185e-17
23320.00 1.829443e-17
23330.00 1.767556e-17
23340.00 1.707482e-17
23350.00 1.649186e-17
23360.00 1.592610e-17
23370.00 1.537715e-17
23380.00 1.484466e-17
23390.00 1.432812e-17
23400.00 1.382712e-17
23410.00 1.334137e-17
23420.00 1.287036e-17
23430.00 1.241374e-17
23440.00 1.197121e-17
23450.00 1.154230e-17
23460.00 1.112668e-17
23470.00 1.072407e-17
23480.00 1.033404e-17
23490.00 9.956278e-18
23500.00 9.590508e-18
23510.00 9.236340e-18
23520.00 8.893487e-18
23530.00 8.561670e-18
23540.00 8.240538e-18
23550.00 7.929830e-18
23560.00 7.629272e-18
23570.00 7.338546e-18
23580.00 7.057403e-18
23590.00 6.785592e-18
23600.00 6.522809e-18
23610.00 6.268822e-18
23620.00 6.023402e-18
23630.00 5.786265e-18
23640.00 5.557202e-18
23650.00 5.335983e-18
23660.00 5.122355e-18
23670.00 4.916122e-18
23680.00 4.717067e-18
23690.00 4.524958e-18
23700.00 4.339612e-18
23710.00 4.160824e-18
23720.00 3.988383e-18
23730.00 3.822118e-18
23740.00 3.661837e-18
23750.00 3.507346e-18
23760.00 3.358486e-18
23770.00 3.215078e-18
23780.00 3.076942e-18
23790.00 2.943932e-18
23800.00 2.815881e-18
23810.00 2.692624e-18
23820.00 2.574026e-18
23830.00 2.459931e-18
23840.00 2.350186e-18
23850.00 2.244669e-18
23860.00 2.143232e-18
23870.00 2.045738e-18
23880.00 1.952072e-18
23890.00 1.862098e-18
23900.00 1.775689e-18
23910.00 1.692740e-18
23920.00 1.613125e-18
23930.00 1.536729e-18
23940.00 1.463454e-18
23950.00 1.393183e-18
23960.00 1.325811e-18
23970.00 1.261248e-18
23980.00 1.199388e-18
23990.00 1.140134e-18
24000.00 1.083402e-18
24010.00 1.029096e-18
24020.00 9.771270e-19
24030.00 9.274189e-19
24040.00 8.798823e-19
24050.00 8.344373e-19
24060.00 7.910136e-19
24070.00 7.495287e-19
24080.00 7.099111e-19
24090.00 6.720953e-19
24100.00 6.360083e-19
24110.00 6.015830e-19
24120.00 5.687608e-19
24130.00 5.374741e-19
24140.00 5.076631e-19
24150.00 4.792737e-19
24160.00 4.522451e-19
24170.00 4.265231e-19
24180.00 4.020582e-19
24190.00 3.787956e-19
24200.00 3.566864e-19
24210.00 3.356853e-19
24220.00 3.157432e-19
24230.00 2.968160e-19
24240.00 2.788625e-19
24250.00 2.618386e-19
24260.00 2.457048e-19
24270.00 2.304235e-19
24280.00 2.159555e-19
24290.00 2.022652e-19
24300.00 1.893189e-19
24310.00 1.770812e-19
24320.00 1.655205e-19
24330.00 1.546064e-19
24340.00 1.443074e-19
24350.00 1.345954e-19
24360.00 1.254429e-19
24370.00 1.168223e-19
24380.00 1.087083e-19
24390.00 1.010763e-19
24400.00 9.390213e-20
24410.00 8.716316e-20
24420.00 8.083760e-20
24430.00 7.490406e-20
24440.00 6.934259e-20
24450.00 6.413394e-20
24460.00 5.925916e-20
24470.00 5.470074e-20
24480.00 5.044179e-20
24490.00 4.646566e-20
24500.00 4.275701e-20
24510.00 3.930097e-20
24520.00 3.608308e-20
24530.00 3.308991e-20
24540.00 3.030849e-20
24550.00 2.772628e-20
24560.00 2.533159e-20
24570.00 2.311316e-20
24580.00 2.106017e-20
24590.00 1.916253e-20
24600.00 1.741050e-20
24610.00 1.579478e-20
24620.00 1.430671e-20
24630.00 1.293794e-20
24640.00 1.168053e-20
24650.00 1.052707e-20
24660.00 9.470463e-21
24670.00 8.503963e-21
24680.00 7.621305e-21
24690.00 6.816465e-21
24700.00 6.083783e-21
24710.00 5.417973e-21
24720.00 4.813998e-21
24730.00 4.267127e-21
24740.00 3.772949e-21
24750.00 3.327281e-21
24760.00 2.926208e-21
24770.00 2.566089e-21
24780.00 2.243485e-21
24790.00 1.955187e-21
24800.00 1.698225e-21
24810.00 1.469801e-21
24820.00 1.267322e-21
24830.00 1.088389e-21
24840.00 9.307612e-22
24850.00 7.923677e-22
24860.00 6.713016e-22
24870.00 5.657919e-22
24880.00 4.742128e-22
24890.00 3.950737e-22
24900.00 3.270007e-22
24910.00 2.687399e-22
24920.00 2.191493e-22
24930.00 1.771851e-22
24940.00 1.419020e-22
24950.00 1.124455e-22
24960.00 8.804272e-23
24970.00 6.800000e-23
24980.00 5.169669e-23
24990.00 3.857809e-23
25000.00 2.815233e-23
