1000.00 6.709737e-40
1010.00 7.216319e-31
1020.00 2.583557e-29
1030.00 2.292151e-28
1040.00 1.124825e-27
1050.00 3.995795e-27
1060.00 1.168450e-26
1070.00 2.906285e-26
1080.00 6.701888e-26
1090.00 1.393901e-25
1100.00 2.764710e-25
1110.00 5.161425e-25
1120.00 9.231315e-25
1130.00 1.603747e-24
1140.00 2.657511e-24
1150.00 4.388628e-24
1160.00 6.936123e-24
1170.00 1.090084e-23
1180.00 1.666289e-23
1190.00 2.507716e-23
1200.00 3.736228e-23
1210.00 5.418994e-23
1220.00 7.913926e-23
1230.00 1.122236e-22
1240.00 1.597731e-22
1250.00 2.231746e-22
1260.00 3.095464e-22
1270.00 4.271422e-22
1280.00 5.785880e-22
1290.00 7.905572e-22
1300.00 1.055720e-21
1310.00 1.420330e-21
1320.00 1.881516e-21
1330.00 2.484839e-21
1340.00 3.269905e-21
1350.00 4.244096e-21
1360.00 5.554763e-21
1370.00 7.133214e-21
1380.00 9.242132e-21
1390.00 1.181276e-20
1400.00 1.508683e-20
1410.00 1.920840e-20
1420.00 2.419818e-20
1430.00 3.071169e-20
1440.00 3.834671e-20
1450.00 4.834042e-20
1460.00 6.018428e-20
1470.00 7.498380e-20
1480.00 9.313554e-20
1490.00 1.147303e-19
1500.00 1.422353e-19
1510.00 1.738254e-19
1520.00 2.145358e-19
1530.00 2.617083e-19
1540.00 3.198129e-19
1550.00 3.895668e-19
1560.00 4.714859e-19
1570.00 5.736786e-19
1580.00 6.891827e-19
1590.00 8.362085e-19
1600.00 1.003414e-18
1610.00 1.207074e-18
1620.00 1.447150e-18
1630.00 1.726323e-18
1640.00 2.068349e-18
1650.00 2.449932e-18
1660.00 2.930782e-18
1670.00 3.468969e-18
1680.00 4.118614e-18
1690.00 4.872381e-18
1700.00 5.742123e-18
1710.00 6.790760e-18
1720.00 7.948110e-18
1730.00 9.394284e-18
1740.00 1.099055e-17
1750.00 1.290321e-17
1760.00 1.509149e-17
1770.00 1.760082e-17
1780.00 2.058314e-17
1790.00 2.384917e-17
1800.00 2.789075e-17
1810.00 3.230225e-17
1820.00 3.755550e-17
1830.00 4.349061e-17
1840.00 5.026206e-17
1850.00 5.820562e-17
1860.00 6.687187e-17
1870.00 7.745028e-17
1880.00 8.890856e-17
1890.00 1.024816e-16
1900.00 1.176425e-16
1910.00 1.348673e-16
1920.00 1.548339e-16
1930.00 1.765516e-16
1940.00 2.027288e-16
1950.00 2.308926e-16
1960.00 2.641045e-16
1970.00 3.008153e-16
1980.00 3.423779e-16
1990.00 3.900285e-16
2000.00 4.417344e-16
2010.00 5.033322e-16
2020.00 5.692077e-16
2030.00 6.465875e-16
2040.00 7.312979e-16
2050.00 8.269198e-16
2060.00 9.354327e-16
2070.00 1.052954e-15
2080.00 1.191439e-15
2090.00 1.338743e-15
2100.00 1.511181e-15
2110.00 1.698268e-15
2120.00 1.908921e-15
2130.00 2.145700e-15
2140.00 2.401737e-15
2150.00 2.700379e-15
2160.00 3.016479e-15
2170.00 3.385407e-15
2180.00 3.782328e-15
2190.00 4.228271e-15
2200.00 4.725057e-15
2210.00 5.261559e-15
2220.00 5.881358e-15
2230.00 6.534430e-15
2240.00 7.294624e-15
2250.00 8.106066e-15
2260.00 9.016001e-15
2270.00 1.002115e-14
2280.00 1.110553e-14
2290.00 1.234696e-14
2300.00 1.364956e-14
2310.00 1.516229e-14
2320.00 1.676491e-14
2330.00 1.855915e-14
2340.00 2.052533e-14
2350.00 2.264465e-14
2360.00 2.505016e-14
2370.00 2.756434e-14
2380.00 3.047802e-14
2390.00 3.354288e-14
2400.00 3.696932e-14
2410.00 4.069557e-14
2420.00 4.470917e-14
2430.00 4.922775e-14
2440.00 5.393299e-14
2450.00 5.937585e-14
2460.00 6.506213e-14
2470.00 7.141125e-14
2480.00 7.826587e-14
2490.00 8.564463e-14
2500.00 9.388723e-14
2510.00 1.024402e-13
2520.00 1.123179e-13
2530.00 1.225694e-13
2540.00 1.340039e-13
2550.00 1.462622e-13
2560.00 1.594514e-13
2570.00 1.740750e-13
2580.00 1.892333e-13
2590.00 2.066386e-13
2600.00 2.246238e-13
2610.00 2.446655e-13
2620.00 2.660060e-13
2630.00 2.889579e-13
2640.00 3.142235e-13
2650.00 3.404168e-13
2660.00 3.702639e-13
2670.00 4.010053e-13
2680.00 4.352341e-13
2690.00 4.714423e-13
2700.00 5.103711e-13
2710.00 5.529276e-13
2720.00 5.970531e-13
2730.00 6.469660e-13
2740.00 6.982115e-13
2750.00 7.552302e-13
2760.00 8.151616e-13
2770.00 8.795768e-13
2780.00 9.495220e-13
2790.00 1.022056e-12
2800.00 1.103524e-12
2810.00 1.186905e-12
2820.00 1.279628e-12
2830.00 1.376473e-12
2840.00 1.480540e-12
2850.00 1.592802e-12
2860.00 1.709232e-12
2870.00 1.839108e-12
2880.00 1.971620e-12
2890.00 2.118912e-12
2900.00 2.271796e-12
2910.00 2.436051e-12
2920.00 2.612101e-12
2930.00 2.794705e-12
2940.00 2.997043e-12
2950.00 3.202843e-12
2960.00 3.431513e-12
2970.00 3.667404e-12
2980.00 3.920802e-12
2990.00 4.190676e-12
3000.00 4.470611e-12
3010.00 4.778789e-12
3020.00 5.091242e-12
3030.00 5.438338e-12
3040.00 5.794178e-12
3050.00 6.176387e-12
3060.00 6.580889e-12
3070.00 7.000482e-12
3080.00 7.459470e-12
3090.00 7.923303e-12
3100.00 8.438501e-12
3110.00 8.963382e-12
3120.00 9.527128e-12
3130.00 1.012001e-11
3140.00 1.073499e-11
3150.00 1.140346e-11
3160.00 1.207673e-11
3170.00 1.282458e-11
3180.00 1.358162e-11
3190.00 1.439470e-11
3200.00 1.524440e-11
3210.00 1.612569e-11
3220.00 1.707766e-11
3230.00 1.803306e-11
3240.00 1.909447e-11
3250.00 2.016189e-11
3260.00 2.130837e-11
3270.00 2.249877e-11
3280.00 2.197909e-11
3290.00 1.785888e-11
3300.00 2.638330e-11
3310.00 2.769339e-12
3320.00 1.337169e-11
3330.00 9.825092e-12
3340.00 2.187903e-11
3350.00 2.490966e-11
3360.00 1.757652e-11
3370.00 3.047552e-11
3380.00 3.325369e-11
3390.00 1.442392e-11
3400.00 1.445363e-11
3410.00 3.115173e-11
3420.00 2.232017e-11
3430.00 1.498471e-11
3440.00 1.602305e-11
3450.00 8.320196e-12
3460.00 3.981812e-11
3470.00 4.449881e-11
3480.00 6.114444e-11
3490.00 7.472862e-11
3500.00 7.686274e-11
3510.00 1.293608e-10
3520.00 1.564517e-10
3530.00 1.353154e-10
3540.00 1.100587e-10
3550.00 1.250298e-10
3560.00 1.525489e-10
3570.00 1.537247e-10
3580.00 1.574697e-10
3590.00 1.752772e-10
3600.00 1.680669e-10
3610.00 2.105978e-10
3620.00 2.360750e-10
3630.00 2.614900e-10
3640.00 2.603714e-10
3650.00 2.473524e-10
3660.00 2.283004e-10
3670.00 2.630053e-10
3680.00 3.284103e-10
3690.00 3.412977e-10
3700.00 2.735022e-10
3710.00 3.033694e-10
3720.00 3.066956e-10
3730.00 2.818510e-10
3740.00 3.071883e-10
3750.00 3.236586e-10
3760.00 2.156808e-10
3770.00 1.753412e-10
3780.00 1.988052e-10
3790.00 1.390054e-10
3800.00 9.569853e-11
3810.00 1.378177e-10
3820.00 1.078862e-10
3830.00 1.336081e-10
3840.00 1.822719e-10
3850.00 2.771339e-10
3860.00 2.527197e-10
3870.00 2.957069e-10
3880.00 3.087636e-10
3890.00 3.073841e-10
3900.00 3.654060e-10
3910.00 3.690993e-10
3920.00 3.898832e-10
3930.00 4.500876e-10
3940.00 5.388616e-10
3950.00 5.099079e-10
3960.00 5.434417e-10
3970.00 5.998524e-10
3980.00 6.117899e-10
3990.00 6.063659e-10
4000.00 5.736888e-10
4010.00 5.561279e-10
4020.00 5.209537e-10
4030.00 4.587112e-10
4040.00 4.021102e-10
4050.00 3.869319e-10
4060.00 4.132980e-10
4070.00 3.650348e-10
4080.00 3.405371e-10
4090.00 3.246167e-10
4100.00 3.184044e-10
4110.00 3.045378e-10
4120.00 2.798695e-10
4130.00 2.790863e-10
4140.00 2.620037e-10
4150.00 2.406990e-10
4160.00 2.266161e-10
4170.00 2.131151e-10
4180.00 2.347982e-10
4190.00 2.597775e-10
4200.00 2.407696e-10
4210.00 2.723451e-10
4220.00 2.605868e-10
4230.00 2.443434e-10
4240.00 2.633072e-10
4250.00 2.365766e-10
4260.00 2.375056e-10
4270.00 2.460941e-10
4280.00 2.448175e-10
4290.00 2.445654e-10
4300.00 2.528776e-10
4310.00 2.328611e-10
4320.00 2.324451e-10
4330.00 2.276760e-10
4340.00 2.564210e-10
4350.00 2.404408e-10
4360.00 2.194646e-10
4370.00 2.366112e-10
4380.00 2.084005e-10
4390.00 1.846741e-10
4400.00 1.926069e-10
4410.00 1.928221e-10
4420.00 1.869634e-10
4430.00 1.922905e-10
4440.00 2.022181e-10
4450.00 2.259760e-10
4460.00 2.487779e-10
4470.00 2.554542e-10
4480.00 2.503657e-10
4490.00 2.696338e-10
4500.00 3.006161e-10
4510.00 3.027156e-10
4520.00 3.260485e-10
4530.00 3.603078e-10
4540.00 3.930437e-10
4550.00 4.239670e-10
4560.00 4.858725e-10
4570.00 5.283430e-10
4580.00 5.698120e-10
4590.00 6.163620e-10
4600.00 6.071313e-10
4610.00 6.228195e-10
4620.00 5.988956e-10
4630.00 5.856491e-10
4640.00 5.741500e-10
4650.00 5.240798e-10
4660.00 4.900589e-10
4670.00 4.333176e-10
4680.00 3.699229e-10
4690.00 3.297102e-10
4700.00 3.045083e-10
4710.00 2.789696e-10
4720.00 2.716294e-10
4730.00 2.728031e-10
4740.00 2.782268e-10
4750.00 2.745432e-10
4760.00 2.783666e-10
4770.00 2.723165e-10
4780.00 2.884180e-10
4790.00 3.283875e-10
4800.00 3.540036e-10
4810.00 3.915471e-10
4820.00 4.302993e-10
4830.00 4.651267e-10
4840.00 4.775439e-10
4850.00 4.332788e-10
4860.00 4.086252e-10
4870.00 3.799736e-10
4880.00 3.764563e-10
4890.00 3.920174e-10
4900.00 4.398054e-10
4910.00 4.673277e-10
4920.00 5.091175e-10
4930.00 5.556876e-10
4940.00 5.907091e-10
4950.00 5.781697e-10
4960.00 5.888908e-10
4970.00 5.676389e-10
4980.00 5.086394e-10
4990.00 4.365359e-10
5000.00 3.809007e-10
5010.00 3.191278e-10
5020.00 2.960101e-10
5030.00 2.879543e-10
5040.00 2.890280e-10
5050.00 2.767886e-10
5060.00 2.678081e-10
5070.00 2.787666e-10
5080.00 2.810099e-10
5090.00 2.948927e-10
5100.00 3.100848e-10
5110.00 3.035941e-10
5120.00 3.270463e-10
5130.00 3.243139e-10
5140.00 3.136796e-10
5150.00 3.207899e-10
5160.00 3.224406e-10
5170.00 3.180760e-10
5180.00 3.483890e-10
5190.00 3.435645e-10
5200.00 3.695418e-10
5210.00 3.873078e-10
5220.00 4.130267e-10
5230.00 4.393668e-10
5240.00 4.520901e-10
5250.00 4.692460e-10
5260.00 4.272141e-10
5270.00 4.860627e-10
5280.00 4.924363e-10
5290.00 5.073374e-10
5300.00 5.260888e-10
5310.00 5.308548e-10
5320.00 5.382989e-10
5330.00 5.289873e-10
5340.00 5.154832e-10
5350.00 4.942023e-10
5360.00 4.760828e-10
5370.00 4.814196e-10
5380.00 4.796010e-10
5390.00 4.982263e-10
5400.00 5.186407e-10
5410.00 5.510209e-10
5420.00 5.921585e-10
5430.00 6.488295e-10
5440.00 7.214399e-10
5450.00 7.874824e-10
5460.00 8.330277e-10
5470.00 8.968831e-10
5480.00 9.430338e-10
5490.00 9.634729e-10
5500.00 9.941471e-10
5510.00 1.040677e-09
5520.00 1.065019e-09
5530.00 1.045269e-09
5540.00 1.057828e-09
5550.00 1.042322e-09
5560.00 1.020847e-09
5570.00 9.922145e-10
5580.00 9.715035e-10
5590.00 9.390387e-10
5600.00 9.340331e-10
5610.00 8.839839e-10
5620.00 8.617618e-10
5630.00 8.023135e-10
5640.00 6.806446e-10
5650.00 5.540778e-10
5660.00 4.447128e-10
5670.00 3.999373e-10
5680.00 3.811595e-10
5690.00 4.471471e-10
5700.00 5.173088e-10
5710.00 5.619477e-10
5720.00 5.743115e-10
5730.00 5.988851e-10
5740.00 5.815283e-10
5750.00 6.014151e-10
5760.00 6.002313e-10
5770.00 5.960575e-10
5780.00 6.032692e-10
5790.00 6.089165e-10
5800.00 6.287426e-10
5810.00 6.245942e-10
5820.00 6.352439e-10
5830.00 6.448070e-10
5840.00 6.447041e-10
5850.00 6.407814e-10
5860.00 6.450626e-10
5870.00 6.479398e-10
5880.00 6.445239e-10
5890.00 6.410357e-10
5900.00 6.398693e-10
5910.00 6.159466e-10
5920.00 6.131487e-10
5930.00 5.839541e-10
5940.00 5.750471e-10
5950.00 5.582714e-10
5960.00 5.291824e-10
5970.00 5.314959e-10
5980.00 5.285536e-10
5990.00 5.056859e-10
6000.00 4.939644e-10
6010.00 4.999979e-10
6020.00 5.020700e-10
6030.00 4.928665e-10
6040.00 5.000436e-10
6050.00 4.962918e-10
6060.00 5.024335e-10
6070.00 4.901493e-10
6080.00 4.725029e-10
6090.00 4.699398e-10
6100.00 4.496621e-10
6110.00 4.478818e-10
6120.00 4.192042e-10
6130.00 3.969858e-10
6140.00 3.675557e-10
6150.00 3.452899e-10
6160.00 3.294960e-10
6170.00 3.111898e-10
6180.00 2.892081e-10
6190.00 2.866280e-10
6200.00 2.913196e-10
6210.00 3.049855e-10
6220.00 3.175018e-10
6230.00 3.320507e-10
6240.00 3.456512e-10
6250.00 3.787822e-10
6260.00 3.948270e-10
6270.00 3.894748e-10
6280.00 3.978336e-10
6290.00 3.898852e-10
6300.00 4.019142e-10
6310.00 4.348498e-10
6320.00 4.475755e-10
6330.00 4.642522e-10
6340.00 4.929813e-10
6350.00 4.949238e-10
6360.00 5.235592e-10
6370.00 5.450221e-10
6380.00 5.792480e-10
6390.00 6.092533e-10
6400.00 6.426904e-10
6410.00 6.653832e-10
6420.00 6.899159e-10
6430.00 7.282835e-10
6440.00 7.661498e-10
6450.00 7.694716e-10
6460.00 7.924512e-10
6470.00 8.039008e-10
6480.00 8.265445e-10
6490.00 8.405053e-10
6500.00 8.406811e-10
6510.00 8.652737e-10
6520.00 8.494767e-10
6530.00 8.352640e-10
6540.00 8.278998e-10
6550.00 8.224578e-10
6560.00 7.705707e-10
6570.00 7.478161e-10
6580.00 7.358721e-10
6590.00 7.094554e-10
6600.00 6.967458e-10
6610.00 6.578108e-10
6620.00 6.321304e-10
6630.00 6.062620e-10
6640.00 5.696754e-10
6650.00 5.295243e-10
6660.00 5.175819e-10
6670.00 4.798138e-10
6680.00 4.643125e-10
6690.00 4.125397e-10
6700.00 4.209605e-10
6710.00 4.032847e-10
6720.00 3.875482e-10
6730.00 3.807786e-10
6740.00 3.784240e-10
6750.00 3.790628e-10
6760.00 3.642663e-10
6770.00 3.796354e-10
6780.00 3.984727e-10
6790.00 3.907662e-10
6800.00 4.021258e-10
6810.00 4.047423e-10
6820.00 4.186340e-10
6830.00 3.908198e-10
6840.00 3.995434e-10
6850.00 3.641168e-10
6860.00 2.717295e-10
6870.00 3.386896e-10
6880.00 3.225389e-10
6890.00 3.346067e-10
6900.00 3.484098e-10
6910.00 3.779263e-10
6920.00 3.773447e-10
6930.00 3.812722e-10
6940.00 3.878646e-10
6950.00 4.048776e-10
6960.00 4.287248e-10
6970.00 4.202237e-10
6980.00 4.200489e-10
6990.00 4.141988e-10
7000.00 4.077325e-10
7010.00 4.046859e-10
7020.00 4.084017e-10
7030.00 4.213799e-10
7040.00 4.013421e-10
7050.00 4.049162e-10
7060.00 4.089116e-10
7070.00 3.877401e-10
7080.00 4.007825e-10
7090.00 4.131474e-10
7100.00 4.031204e-10
7110.00 4.019203e-10
7120.00 4.133547e-10
7130.00 4.018984e-10
7140.00 4.026832e-10
7150.00 3.878664e-10
7160.00 3.725999e-10
7170.00 3.618001e-10
7180.00 3.804573e-10
7190.00 3.909183e-10
7200.00 4.127056e-10
7210.00 4.176517e-10
7220.00 3.969026e-10
7230.00 4.127792e-10
7240.00 4.023793e-10
7250.00 3.975016e-10
7260.00 4.059556e-10
7270.00 4.211223e-10
7280.00 3.872093e-10
7290.00 3.893058e-10
7300.00 4.102010e-10
7310.00 4.174581e-10
7320.00 4.165421e-10
7330.00 4.223625e-10
7340.00 4.200884e-10
7350.00 4.344911e-10
7360.00 4.290159e-10
7370.00 4.219436e-10
7380.00 4.012952e-10
7390.00 4.093688e-10
7400.00 4.017462e-10
7410.00 5.081052e-10
7420.00 5.079040e-10
7430.00 4.645497e-10
7440.00 3.961709e-10
7450.00 3.397754e-10
7460.00 2.946262e-10
7470.00 2.599621e-10
7480.00 2.451955e-10
7490.00 2.099369e-10
7500.00 1.935673e-10
7510.00 1.899469e-10
7520.00 2.322522e-10
7530.00 2.452450e-10
7540.00 2.717304e-10
7550.00 2.970747e-10
7560.00 3.301077e-10
7570.00 3.531320e-10
7580.00 1.879733e-10
7590.00 1.007133e-10
7600.00 2.439183e-10
7610.00 1.890174e-10
7620.00 2.096168e-10
7630.00 2.807192e-10
7640.00 3.312115e-10
7650.00 3.760538e-10
7660.00 4.486267e-10
7670.00 4.901292e-10
7680.00 4.974498e-10
7690.00 5.591888e-10
7700.00 5.777992e-10
7710.00 5.620658e-10
7720.00 5.804460e-10
7730.00 6.523937e-10
7740.00 6.215281e-10
7750.00 6.105681e-10
7760.00 6.361623e-10
7770.00 6.540833e-10
7780.00 6.160856e-10
7790.00 6.078185e-10
7800.00 6.574150e-10
7810.00 6.510951e-10
7820.00 6.163149e-10
7830.00 6.339758e-10
7840.00 6.662673e-10
7850.00 6.446000e-10
7860.00 6.330594e-10
7870.00 6.525720e-10
7880.00 6.557616e-10
7890.00 6.212429e-10
7900.00 6.513819e-10
7910.00 6.248361e-10
7920.00 5.874383e-10
7930.00 6.017132e-10
7940.00 5.961824e-10
7950.00 5.424497e-10
7960.00 5.405241e-10
7970.00 5.689203e-10
7980.00 5.425717e-10
7990.00 5.093869e-10
8000.00 5.231413e-10
8010.00 5.292561e-10
8020.00 4.957523e-10
8030.00 4.817357e-10
8040.00 5.267529e-10
8050.00 5.037417e-10
8060.00 4.572728e-10
8070.00 4.636751e-10
8080.00 4.581563e-10
8090.00 4.179046e-10
8100.00 3.345555e-10
8110.00 3.006636e-10
8120.00 2.802625e-10
8130.00 2.321545e-10
8140.00 1.897857e-10
8150.00 1.634612e-10
8160.00 1.494135e-10
8170.00 1.358633e-10
8180.00 1.042802e-10
8190.00 1.136411e-10
8200.00 1.130145e-10
8210.00 1.036357e-10
8220.00 1.323252e-10
8230.00 1.417008e-10
8240.00 1.468820e-10
8250.00 1.898164e-10
8260.00 2.021528e-10
8270.00 1.994892e-10
8280.00 1.684471e-10
8290.00 1.612590e-10
8300.00 1.523493e-10
8310.00 1.715610e-10
8320.00 1.574263e-10
8330.00 1.444525e-10
8340.00 1.865956e-10
8350.00 2.088507e-10
8360.00 2.110203e-10
8370.00 2.098794e-10
8380.00 2.461090e-10
8390.00 2.769123e-10
8400.00 2.911936e-10
8410.00 3.043762e-10
8420.00 3.198959e-10
8430.00 3.781132e-10
8440.00 3.380455e-10
8450.00 3.636649e-10
8460.00 4.169218e-10
8470.00 4.435401e-10
8480.00 4.497278e-10
8490.00 4.351971e-10
8500.00 4.787121e-10
8510.00 5.287227e-10
8520.00 5.326122e-10
8530.00 4.819204e-10
8540.00 5.084764e-10
8550.00 5.285365e-10
8560.00 5.387475e-10
8570.00 5.426146e-10
8580.00 5.142713e-10
8590.00 5.393713e-10
8600.00 5.533254e-10
8610.00 5.330494e-10
8620.00 5.473344e-10
8630.00 5.269024e-10
8640.00 5.252979e-10
8650.00 5.075507e-10
8660.00 4.881416e-10
8670.00 4.795210e-10
8680.00 4.851392e-10
8690.00 4.787602e-10
8700.00 4.839159e-10
8710.00 4.315342e-10
8720.00 4.146267e-10
8730.00 4.013242e-10
8740.00 3.974919e-10
8750.00 4.092199e-10
8760.00 3.768608e-10
8770.00 3.920140e-10
8780.00 4.099374e-10
8790.00 4.370477e-10
8800.00 4.344497e-10
8810.00 4.097740e-10
8820.00 4.069538e-10
8830.00 4.435449e-10
8840.00 3.929448e-10
8850.00 3.612596e-10
8860.00 3.329684e-10
8870.00 3.057617e-10
8880.00 2.910441e-10
8890.00 2.397343e-10
8900.00 2.187751e-10
8910.00 2.752720e-10
8920.00 2.337338e-10
8930.00 2.257756e-10
8940.00 2.346003e-10
8950.00 2.255672e-10
8960.00 2.702836e-10
8970.00 2.823968e-10
8980.00 3.071816e-10
8990.00 3.150121e-10
9000.00 3.228158e-10
9010.00 3.387496e-10
9020.00 3.150639e-10
9030.00 3.063475e-10
9040.00 3.369197e-10
9050.00 3.174935e-10
9060.00 3.349957e-10
9070.00 3.329197e-10
9080.00 3.532935e-10
9090.00 3.707051e-10
9100.00 3.780969e-10
9110.00 3.716087e-10
9120.00 3.731343e-10
9130.00 3.861360e-10
9140.00 3.877136e-10
9150.00 3.913614e-10
9160.00 4.226129e-10
9170.00 4.257951e-10
9180.00 4.394967e-10
9190.00 4.339143e-10
9200.00 4.557763e-10
9210.00 4.226639e-10
9220.00 4.139365e-10
9230.00 3.917135e-10
9240.00 4.179260e-10
9250.00 4.361413e-10
9260.00 4.176851e-10
9270.00 4.151143e-10
9280.00 4.009428e-10
9290.00 3.907449e-10
9300.00 3.872577e-10
9310.00 3.798423e-10
9320.00 3.927373e-10
9330.00 3.957283e-10
9340.00 4.013173e-10
9350.00 4.031579e-10
9360.00 4.328708e-10
9370.00 4.471324e-10
9380.00 4.651728e-10
9390.00 4.559155e-10
9400.00 4.456063e-10
9410.00 4.527034e-10
9420.00 4.713843e-10
9430.00 4.619883e-10
9440.00 4.767388e-10
9450.00 4.429260e-10
9460.00 4.768424e-10
9470.00 4.650633e-10
9480.00 4.803421e-10
9490.00 4.897602e-10
9500.00 4.729456e-10
9510.00 5.209946e-10
9520.00 5.133989e-10
9530.00 4.665208e-10
9540.00 4.626841e-10
9550.00 4.707538e-10
9560.00 4.261860e-10
9570.00 4.085075e-10
9580.00 4.126651e-10
9590.00 4.040093e-10
9600.00 3.911840e-10
9610.00 3.926149e-10
9620.00 3.904352e-10
9630.00 3.673899e-10
9640.00 4.106781e-10
9650.00 3.983565e-10
9660.00 3.793488e-10
9670.00 3.645871e-10
9680.00 3.635470e-10
9690.00 4.402670e-10
9700.00 3.631342e-10
9710.00 3.890588e-10
9720.00 4.114895e-10
9730.00 3.853887e-10
9740.00 3.523992e-10
9750.00 2.968708e-10
9760.00 3.468139e-10
9770.00 3.148627e-10
9780.00 3.641181e-10
9790.00 3.197125e-10
9800.00 3.295138e-10
9810.00 3.867082e-10
9820.00 3.880514e-10
9830.00 2.932188e-10
9840.00 3.607365e-10
9850.00 4.461540e-10
9860.00 3.676003e-10
9870.00 3.764119e-10
9880.00 3.147363e-10
9890.00 3.534490e-10
9900.00 3.402543e-10
9910.00 3.291595e-10
9920.00 3.180394e-10
9930.00 3.068944e-10
9940.00 3.061315e-10
9950.00 3.053668e-10
9960.00 3.046006e-10
9970.00 3.038353e-10
9980.00 3.030683e-10
9990.00 3.022997e-10
10000.00 3.015321e-10
10010.00 3.007629e-10
10020.00 2.999923e-10
10030.00 2.992226e-10
10040.00 2.984513e-10
10050.00 2.976788e-10
10060.00 2.969071e-10
10070.00 2.961339e-10
10080.00 2.953596e-10
10090.00 2.945861e-10
10100.00 2.938112e-10
10110.00 2.930353e-10
10120.00 2.922602e-10
10130.00 2.914836e-10
10140.00 2.907063e-10
10150.00 2.899297e-10
10160.00 2.891517e-10
10170.00 2.883732e-10
10180.00 2.875952e-10
10190.00 2.868160e-10
10200.00 2.860362e-10
10210.00 2.852571e-10
10220.00 2.844767e-10
10230.00 2.836960e-10
10240.00 2.829159e-10
10250.00 2.821345e-10
10260.00 2.813530e-10
10270.00 2.805719e-10
10280.00 2.797898e-10
10290.00 2.790075e-10
10300.00 2.782257e-10
10310.00 2.774429e-10
10320.00 2.766602e-10
10330.00 2.758778e-10
10340.00 2.750945e-10
10350.00 2.743113e-10
10360.00 2.735285e-10
10370.00 2.727447e-10
10380.00 2.719613e-10
10390.00 2.711782e-10
10400.00 2.703942e-10
10410.00 2.696107e-10
10420.00 2.688275e-10
10430.00 2.680433e-10
10440.00 2.672599e-10
10450.00 2.664766e-10
10460.00 2.656925e-10
10470.00 2.649091e-10
10480.00 2.641260e-10
10490.00 2.633422e-10
10500.00 2.625591e-10
10510.00 2.617762e-10
10520.00 2.609926e-10
10530.00 2.602100e-10
10540.00 2.594275e-10
10550.00 2.586444e-10
10560.00 2.578623e-10
10570.00 2.570803e-10
10580.00 2.562977e-10
10590.00 2.555163e-10
10600.00 2.547350e-10
10610.00 2.539531e-10
10620.00 2.531725e-10
10630.00 2.523920e-10
10640.00 2.516109e-10
10650.00 2.508313e-10
10660.00 2.500516e-10
10670.00 2.492715e-10
10680.00 2.484930e-10
10690.00 2.477143e-10
10700.00 2.469353e-10
10710.00 2.461579e-10
10720.00 2.453804e-10
10730.00 2.446026e-10
10740.00 2.438264e-10
10750.00 2.430502e-10
10760.00 2.422737e-10
10770.00 2.414989e-10
10780.00 2.407241e-10
10790.00 2.399490e-10
10800.00 2.391759e-10
10810.00 2.384025e-10
10820.00 2.376289e-10
10830.00 2.368574e-10
10840.00 2.360857e-10
10850.00 2.353139e-10
10860.00 2.345439e-10
10870.00 2.337740e-10
10880.00 2.330040e-10
10890.00 2.322359e-10
10900.00 2.314677e-10
10910.00 2.306997e-10
10920.00 2.299335e-10
10930.00 2.291672e-10
10940.00 2.284012e-10
10950.00 2.276371e-10
10960.00 2.268729e-10
10970.00 2.261090e-10
10980.00 2.253469e-10
10990.00 2.245849e-10
11000.00 2.238233e-10
11010.00 2.230634e-10
11020.00 2.223035e-10
11030.00 2.215443e-10
11040.00 2.207868e-10
11050.00 2.200293e-10
11060.00 2.192725e-10
11070.00 2.185173e-10
11080.00 2.177622e-10
11090.00 2.170080e-10
11100.00 2.162553e-10
11110.00 2.155028e-10
11120.00 2.147512e-10
11130.00 2.140011e-10
11140.00 2.132512e-10
11150.00 2.125023e-10
11160.00 2.117549e-10
11170.00 2.110078e-10
11180.00 2.102617e-10
11190.00 2.095171e-10
11200.00 2.087727e-10
11210.00 2.080296e-10
11220.00 2.072878e-10
11230.00 2.065463e-10
11240.00 2.058062e-10
11250.00 2.050673e-10
11260.00 2.043289e-10
11270.00 2.035918e-10
11280.00 2.028559e-10
11290.00 2.021205e-10
11300.00 2.013866e-10
11310.00 2.006539e-10
11320.00 1.999216e-10
11330.00 1.991908e-10
11340.00 1.984613e-10
11350.00 1.977323e-10
11360.00 1.970049e-10
11370.00 1.962787e-10
11380.00 1.955529e-10
11390.00 1.948288e-10
11400.00 1.941060e-10
11410.00 1.933836e-10
11420.00 1.926630e-10
11430.00 1.919435e-10
11440.00 1.912246e-10
11450.00 1.905075e-10
11460.00 1.897916e-10
11470.00 1.890762e-10
11480.00 1.883627e-10
11490.00 1.876503e-10
11500.00 1.869384e-10
11510.00 1.862286e-10
11520.00 1.855198e-10
11530.00 1.848116e-10
11540.00 1.841055e-10
11550.00 1.834004e-10
11560.00 1.826960e-10
11570.00 1.819937e-10
11580.00 1.812923e-10
11590.00 1.805917e-10
11600.00 1.798933e-10
11610.00 1.791957e-10
11620.00 1.784989e-10
11630.00 1.778043e-10
11640.00 1.771107e-10
11650.00 1.764178e-10
11660.00 1.757272e-10
11670.00 1.750375e-10
11680.00 1.743486e-10
11690.00 1.736620e-10
11700.00 1.729762e-10
11710.00 1.722914e-10
11720.00 1.716089e-10
11730.00 1.709272e-10
11740.00 1.702464e-10
11750.00 1.695680e-10
11760.00 1.688904e-10
11770.00 1.682138e-10
11780.00 1.675395e-10
11790.00 1.668661e-10
11800.00 1.661938e-10
11810.00 1.655236e-10
11820.00 1.648545e-10
11830.00 1.641864e-10
11840.00 1.635205e-10
11850.00 1.628555e-10
11860.00 1.621917e-10
11870.00 1.615301e-10
11880.00 1.608694e-10
11890.00 1.602100e-10
11900.00 1.595527e-10
11910.00 1.588964e-10
11920.00 1.582414e-10
11930.00 1.575885e-10
11940.00 1.569366e-10
11950.00 1.562860e-10
11960.00 1.556375e-10
11970.00 1.549900e-10
11980.00 1.543439e-10
11990.00 1.536998e-10
12000.00 1.530568e-10
12010.00 1.524152e-10
12020.00 1.517757e-10
12030.00 1.511371e-10
12040.00 1.505001e-10
12050.00 1.498650e-10
12060.00 1.492310e-10
12070.00 1.485986e-10
12080.00 1.479681e-10
12090.00 1.473386e-10
12100.00 1.467109e-10
12110.00 1.460849e-10
12120.00 1.454601e-10
12130.00 1.448370e-10
12140.00 1.442157e-10
12150.00 1.435955e-10
12160.00 1.429771e-10
12170.00 1.423604e-10
12180.00 1.417448e-10
12190.00 1.411312e-10
12200.00 1.405191e-10
12210.00 1.399083e-10
12220.00 1.392993e-10
12230.00 1.386920e-10
12240.00 1.380859e-10
12250.00 1.374817e-10
12260.00 1.368791e-10
12270.00 1.362777e-10
12280.00 1.356783e-10
12290.00 1.350805e-10
12300.00 1.344839e-10
12310.00 1.338893e-10
12320.00 1.332962e-10
12330.00 1.327044e-10
12340.00 1.321146e-10
12350.00 1.315264e-10
12360.00 1.309393e-10
12370.00 1.303544e-10
12380.00 1.297710e-10
12390.00 1.291888e-10
12400.00 1.286088e-10
12410.00 1.280302e-10
12420.00 1.274528e-10
12430.00 1.268776e-10
12440.00 1.263039e-10
12450.00 1.257314e-10
12460.00 1.251612e-10
12470.00 1.245923e-10
12480.00 1.240247e-10
12490.00 1.234593e-10
12500.00 1.228954e-10
12510.00 1.223326e-10
12520.00 1.217722e-10
12530.00 1.212131e-10
12540.00 1.206553e-10
12550.00 1.200997e-10
12560.00 1.195455e-10
12570.00 1.189926e-10
12580.00 1.184420e-10
12590.00 1.178928e-10
12600.00 1.173448e-10
12610.00 1.167992e-10
12620.00 1.162548e-10
12630.00 1.157118e-10
12640.00 1.151711e-10
12650.00 1.146317e-10
12660.00 1.140937e-10
12670.00 1.135579e-10
12680.00 1.130234e-10
12690.00 1.124903e-10
12700.00 1.119595e-10
12710.00 1.114299e-10
12720.00 1.109018e-10
12730.00 1.103759e-10
12740.00 1.098514e-10
12750.00 1.093282e-10
12760.00 1.088073e-10
12770.00 1.082876e-10
12780.00 1.077695e-10
12790.00 1.072534e-10
12800.00 1.067388e-10
12810.00 1.062256e-10
12820.00 1.057145e-10
12830.00 1.052048e-10
12840.00 1.046967e-10
12850.00 1.041905e-10
12860.00 1.036857e-10
12870.00 1.031826e-10
12880.00 1.026813e-10
12890.00 1.021815e-10
12900.00 1.016833e-10
12910.00 1.011871e-10
12920.00 1.006922e-10
12930.00 1.001989e-10
12940.00 9.970761e-11
12950.00 9.921764e-11
12960.00 9.872942e-11
12970.00 9.824301e-11
12980.00 9.775796e-11
12990.00 9.727473e-11
13000.00 9.679324e-11
13010.00 9.631312e-11
13020.00 9.583482e-11
13030.00 9.535825e-11
13040.00 9.488306e-11
13050.00 9.440968e-11
13060.00 9.393804e-11
13070.00 9.346783e-11
13080.00 9.299938e-11
13090.00 9.253260e-11
13100.00 9.206726e-11
13110.00 9.160373e-11
13120.00 9.114194e-11
13130.00 9.068146e-11
13140.00 9.022285e-11
13150.00 8.976593e-11
13160.00 8.931031e-11
13170.00 8.885663e-11
13180.00 8.840457e-11
13190.00 8.795381e-11
13200.00 8.750506e-11
13210.00 8.705779e-11
13220.00 8.661197e-11
13230.00 8.616801e-11
13240.00 8.572567e-11
13250.00 8.528465e-11
13260.00 8.484555e-11
13270.00 8.440808e-11
13280.00 8.397185e-11
13290.00 8.353762e-11
13300.00 8.310495e-11
13310.00 8.267359e-11
13320.00 8.224422e-11
13330.00 8.181628e-11
13340.00 8.138972e-11
13350.00 8.096515e-11
13360.00 8.054202e-11
13370.00 8.012026e-11
13380.00 7.970049e-11
13390.00 7.928209e-11
13400.00 7.886513e-11
13410.00 7.845010e-11
13420.00 7.803651e-11
13430.00 7.762428e-11
13440.00 7.721406e-11
13450.00 7.680520e-11
13460.00 7.639765e-11
13470.00 7.599216e-11
13480.00 7.558798e-11
13490.00 7.518523e-11
13500.00 7.478442e-11
13510.00 7.438497e-11
13520.00 7.398684e-11
13530.00 7.359076e-11
13540.00 7.319593e-11
13550.00 7.280254e-11
13560.00 7.241108e-11
13570.00 7.202099e-11
13580.00 7.163227e-11
13590.00 7.124542e-11
13600.00 7.085994e-11
13610.00 7.047583e-11
13620.00 7.009366e-11
13630.00 6.971273e-11
13640.00 6.933330e-11
13650.00 6.895568e-11
13660.00 6.857937e-11
13670.00 6.820449e-11
13680.00 6.783142e-11
13690.00 6.745972e-11
13700.00 6.708939e-11
13710.00 6.672093e-11
13720.00 6.635372e-11
13730.00 6.598794e-11
13740.00 6.562398e-11
13750.00 6.526125e-11
13760.00 6.490009e-11
13770.00 6.454055e-11
13780.00 6.418232e-11
13790.00 6.382564e-11
13800.00 6.347059e-11
13810.00 6.311684e-11
13820.00 6.276460e-11
13830.00 6.241403e-11
13840.00 6.206471e-11
13850.00 6.171693e-11
13860.00 6.137075e-11
13870.00 6.102583e-11
13880.00 6.068246e-11
13890.00 6.034066e-11
13900.00 6.000014e-11
13910.00 5.966115e-11
13920.00 5.932372e-11
13930.00 5.898756e-11
13940.00 5.865293e-11
13950.00 5.831983e-11
13960.00 5.798799e-11
13970.00 5.765769e-11
13980.00 5.732889e-11
13990.00 5.700135e-11
14000.00 5.667536e-11
14010.00 5.635084e-11
14020.00 5.602756e-11
14030.00 5.570585e-11
14040.00 5.538557e-11
14050.00 5.506653e-11
14060.00 5.474906e-11
14070.00 5.443300e-11
14080.00 5.411817e-11
14090.00 5.380492e-11
14100.00 5.349304e-11
14110.00 5.318240e-11
14120.00 5.287332e-11
14130.00 5.256561e-11
14140.00 5.225911e-11
14150.00 5.195419e-11
14160.00 5.165060e-11
14170.00 5.134822e-11
14180.00 5.104743e-11
14190.00 5.074793e-11
14200.00 5.044964e-11
14210.00 5.015293e-11
14220.00 4.985750e-11
14230.00 4.956327e-11
14240.00 4.927062e-11
14250.00 4.897922e-11
14260.00 4.868901e-11
14270.00 4.840039e-11
14280.00 4.811300e-11
14290.00 4.782679e-11
14300.00 4.754215e-11
14310.00 4.725873e-11
14320.00 4.697648e-11
14330.00 4.669581e-11
14340.00 4.641633e-11
14350.00 4.613801e-11
14360.00 4.586127e-11
14370.00 4.558569e-11
14380.00 4.531128e-11
14390.00 4.503843e-11
14400.00 4.476672e-11
14410.00 4.449618e-11
14420.00 4.422718e-11
14430.00 4.395933e-11
14440.00 4.369263e-11
14450.00 4.342744e-11
14460.00 4.316340e-11
14470.00 4.290052e-11
14480.00 4.263911e-11
14490.00 4.237884e-11
14500.00 4.211974e-11
14510.00 4.186209e-11
14520.00 4.160555e-11
14530.00 4.135020e-11
14540.00 4.109626e-11
14550.00 4.084344e-11
14560.00 4.059179e-11
14570.00 4.034155e-11
14580.00 4.009239e-11
14590.00 3.984443e-11
14600.00 3.959783e-11
14610.00 3.935232e-11
14620.00 3.910800e-11
14630.00 3.886502e-11
14640.00 3.862312e-11
14650.00 3.838241e-11
14660.00 3.814301e-11
14670.00 3.790468e-11
14680.00 3.766755e-11
14690.00 3.743170e-11
14700.00 3.719691e-11
14710.00 3.696332e-11
14720.00 3.673099e-11
14730.00 3.649971e-11
14740.00 3.626962e-11
14750.00 3.604077e-11
14760.00 3.581297e-11
14770.00 3.558635e-11
14780.00 3.536095e-11
14790.00 3.513658e-11
14800.00 3.491341e-11
14810.00 3.469141e-11
14820.00 3.447045e-11
14830.00 3.425067e-11
14840.00 3.403207e-11
14850.00 3.381447e-11
14860.00 3.359807e-11
14870.00 3.338281e-11
14880.00 3.316856e-11
14890.00 3.295548e-11
14900.00 3.274353e-11
14910.00 3.253258e-11
14920.00 3.232281e-11
14930.00 3.211413e-11
14940.00 3.190645e-11
14950.00 3.169994e-11
14960.00 3.149451e-11
14970.00 3.129007e-11
14980.00 3.108679e-11
14990.00 3.088457e-11
15000.00 3.068332e-11
15010.00 3.048324e-11
15020.00 3.028419e-11
15030.00 3.008611e-11
15040.00 2.988919e-11
15050.00 2.969328e-11
15060.00 2.949833e-11
15070.00 2.930454e-11
15080.00 2.911175e-11
15090.00 2.891989e-11
15100.00 2.872919e-11
15110.00 2.853947e-11
15120.00 2.835068e-11
15130.00 2.816304e-11
15140.00 2.797635e-11
15150.00 2.779059e-11
15160.00 2.760598e-11
15170.00 2.742230e-11
15180.00 2.723954e-11
15190.00 2.705791e-11
15200.00 2.687720e-11
15210.00 2.669740e-11
15220.00 2.651873e-11
15230.00 2.634096e-11
15240.00 2.616408e-11
15250.00 2.598833e-11
15260.00 2.581348e-11
15270.00 2.563950e-11
15280.00 2.546663e-11
15290.00 2.529464e-11
15300.00 2.512354e-11
15310.00 2.495352e-11
15320.00 2.478436e-11
15330.00 2.461609e-11
15340.00 2.444888e-11
15350.00 2.428253e-11
15360.00 2.411706e-11
15370.00 2.395263e-11
15380.00 2.378905e-11
15390.00 2.362635e-11
15400.00 2.346467e-11
15410.00 2.330383e-11
15420.00 2.314387e-11
15430.00 2.298490e-11
15440.00 2.282676e-11
15450.00 2.266950e-11
15460.00 2.251321e-11
15470.00 2.235774e-11
15480.00 2.220315e-11
15490.00 2.204951e-11
15500.00 2.189668e-11
15510.00 2.174471e-11
15520.00 2.159370e-11
15530.00 2.144348e-11
15540.00 2.129411e-11
15550.00 2.114567e-11
15560.00 2.099803e-11
15570.00 2.085124e-11
15580.00 2.070535e-11
15590.00 2.056024e-11
15600.00 2.041598e-11
15610.00 2.027262e-11
15620.00 2.013002e-11
15630.00 1.998827e-11
15640.00 1.984739e-11
15650.00 1.970727e-11
15660.00 1.956799e-11
15670.00 1.942956e-11
15680.00 1.929188e-11
15690.00 1.915505e-11
15700.00 1.901904e-11
15710.00 1.888379e-11
15720.00 1.874935e-11
15730.00 1.861574e-11
15740.00 1.848287e-11
15750.00 1.835081e-11
15760.00 1.821955e-11
15770.00 1.808903e-11
15780.00 1.795932e-11
15790.00 1.783039e-11
15800.00 1.770219e-11
15810.00 1.757480e-11
15820.00 1.744817e-11
15830.00 1.732225e-11
15840.00 1.719714e-11
15850.00 1.707278e-11
15860.00 1.694912e-11
15870.00 1.682626e-11
15880.00 1.670414e-11
15890.00 1.658270e-11
15900.00 1.646207e-11
15910.00 1.634215e-11
15920.00 1.622292e-11
15930.00 1.610447e-11
15940.00 1.598673e-11
15950.00 1.586966e-11
15960.00 1.575338e-11
15970.00 1.563778e-11
15980.00 1.552285e-11
15990.00 1.540870e-11
16000.00 1.529522e-11
16010.00 1.518239e-11
16020.00 1.507034e-11
16030.00 1.495895e-11
16040.00 1.484820e-11
16050.00 1.473822e-11
16060.00 1.462888e-11
16070.00 1.452019e-11
16080.00 1.441225e-11
16090.00 1.430494e-11
16100.00 1.419826e-11
16110.00 1.409233e-11
16120.00 1.398703e-11
16130.00 1.388234e-11
16140.00 1.377839e-11
16150.00 1.367506e-11
16160.00 1.357234e-11
16170.00 1.347035e-11
16180.00 1.336896e-11
16190.00 1.326817e-11
16200.00 1.316810e-11
16210.00 1.306862e-11
16220.00 1.296974e-11
16230.00 1.287157e-11
16240.00 1.277397e-11
16250.00 1.267699e-11
16260.00 1.258068e-11
16270.00 1.248494e-11
16280.00 1.238980e-11
16290.00 1.229533e-11
16300.00 1.220143e-11
16310.00 1.210811e-11
16320.00 1.201545e-11
16330.00 1.192336e-11
16340.00 1.183184e-11
16350.00 1.174097e-11
16360.00 1.165064e-11
16370.00 1.156090e-11
16380.00 1.147178e-11
16390.00 1.138321e-11
16400.00 1.129521e-11
16410.00 1.120782e-11
16420.00 1.112097e-11
16430.00 1.103469e-11
16440.00 1.094901e-11
16450.00 1.086386e-11
16460.00 1.077927e-11
16470.00 1.069526e-11
16480.00 1.061178e-11
16490.00 1.052885e-11
16500.00 1.044651e-11
16510.00 1.036467e-11
16520.00 1.028338e-11
16530.00 1.020266e-11
16540.00 1.012244e-11
16550.00 1.004277e-11
16560.00 9.963647e-12
16570.00 9.885025e-12
16580.00 9.806944e-12
16590.00 9.729393e-12
16600.00 9.652341e-12
16610.00 9.575826e-12
16620.00 9.499827e-12
16630.00 9.424322e-12
16640.00 9.349340e-12
16650.00 9.274869e-12
16660.00 9.200878e-12
16670.00 9.127405e-12
16680.00 9.054443e-12
16690.00 8.981948e-12
16700.00 8.909971e-12
16710.00 8.838487e-12
16720.00 8.767463e-12
16730.00 8.696951e-12
16740.00 8.626920e-12
16750.00 8.557337e-12
16760.00 8.488265e-12
16770.00 8.419667e-12
16780.00 8.351512e-12
16790.00 8.283861e-12
16800.00 8.216666e-12
16810.00 8.149914e-12
16820.00 8.083654e-12
16830.00 8.017842e-12
16840.00 7.952468e-12
16850.00 7.887579e-12
16860.00 7.823133e-12
16870.00 7.759112e-12
16880.00 7.695570e-12
16890.00 7.632464e-12
16900.00 7.569777e-12
16910.00 7.507563e-12
16920.00 7.445767e-12
16930.00 7.384388e-12
16940.00 7.323478e-12
16950.00 7.262984e-12
16960.00 7.202890e-12
16970.00 7.143258e-12
16980.00 7.084036e-12
16990.00 7.025208e-12
17000.00 6.966841e-12
17010.00 6.908866e-12
17020.00 6.851285e-12
17030.00 6.794152e-12
17040.00 6.737412e-12
17050.00 6.681052e-12
17060.00 6.625135e-12
17070.00 6.569598e-12
17080.00 6.514448e-12
17090.00 6.459722e-12
17100.00 6.405376e-12
17110.00 6.351404e-12
17120.00 6.297856e-12
17130.00 6.244676e-12
17140.00 6.191868e-12
17150.00 6.139472e-12
17160.00 6.087437e-12
17170.00 6.035771e-12
17180.00 5.984508e-12
17190.00 5.933600e-12
17200.00 5.883055e-12
17210.00 5.832904e-12
17220.00 5.783102e-12
17230.00 5.733660e-12
17240.00 5.684602e-12
17250.00 5.635887e-12
17260.00 5.587527e-12
17270.00 5.539543e-12
17280.00 5.491896e-12
17290.00 5.444598e-12
17300.00 5.397669e-12
17310.00 5.351070e-12
17320.00 5.304816e-12
17330.00 5.258922e-12
17340.00 5.213353e-12
17350.00 5.168124e-12
17360.00 5.123247e-12
17370.00 5.078689e-12
17380.00 5.034466e-12
17390.00 4.990587e-12
17400.00 4.947022e-12
17410.00 4.903787e-12
17420.00 4.860887e-12
17430.00 4.818296e-12
17440.00 4.776031e-12
17450.00 4.734094e-12
17460.00 4.692459e-12
17470.00 4.651146e-12
17480.00 4.610154e-12
17490.00 4.569457e-12
17500.00 4.529079e-12
17510.00 4.489013e-12
17520.00 4.449238e-12
17530.00 4.409776e-12
17540.00 4.370620e-12
17550.00 4.331749e-12
17560.00 4.293187e-12
17570.00 4.254923e-12
17580.00 4.216940e-12
17590.00 4.179260e-12
17600.00 4.141872e-12
17610.00 4.104759e-12
17620.00 4.067946e-12
17630.00 4.031416e-12
17640.00 3.995158e-12
17650.00 3.959194e-12
17660.00 3.923508e-12
17670.00 3.888087e-12
17680.00 3.852956e-12
17690.00 3.818096e-12
17700.00 3.783497e-12
17710.00 3.749184e-12
17720.00 3.715135e-12
17730.00 3.681342e-12
17740.00 3.647830e-12
17750.00 3.614576e-12
17760.00 3.581573e-12
17770.00 3.548847e-12
17780.00 3.516374e-12
17790.00 3.484146e-12
17800.00 3.452190e-12
17810.00 3.420481e-12
17820.00 3.389013e-12
17830.00 3.357814e-12
17840.00 3.326854e-12
17850.00 3.296132e-12
17860.00 3.265672e-12
17870.00 3.235448e-12
17880.00 3.205456e-12
17890.00 3.175722e-12
17900.00 3.146218e-12
17910.00 3.116942e-12
17920.00 3.087919e-12
17930.00 3.059122e-12
17940.00 3.030549e-12
17950.00 3.002223e-12
17960.00 2.974117e-12
17970.00 2.946232e-12
17980.00 2.918589e-12
17990.00 2.891161e-12
18000.00 2.863950e-12
18010.00 2.836976e-12
18020.00 2.810213e-12
18030.00 2.783664e-12
18040.00 2.757345e-12
18050.00 2.731233e-12
18060.00 2.705331e-12
18070.00 2.679653e-12
18080.00 2.654179e-12
18090.00 2.628912e-12
18100.00 2.603863e-12
18110.00 2.579014e-12
18120.00 2.554368e-12
18130.00 2.529936e-12
18140.00 2.505698e-12
18150.00 2.481661e-12
18160.00 2.457831e-12
18170.00 2.434193e-12
18180.00 2.410752e-12
18190.00 2.387513e-12
18200.00 2.364463e-12
18210.00 2.341604e-12
18220.00 2.318944e-12
18230.00 2.296468e-12
18240.00 2.274181e-12
18250.00 2.252087e-12
18260.00 2.230174e-12
18270.00 2.208446e-12
18280.00 2.186907e-12
18290.00 2.165544e-12
18300.00 2.144364e-12
18310.00 2.123368e-12
18320.00 2.102544e-12
18330.00 2.081900e-12
18340.00 2.061436e-12
18350.00 2.041140e-12
18360.00 2.021020e-12
18370.00 2.001075e-12
18380.00 1.981295e-12
18390.00 1.961689e-12
18400.00 1.942253e-12
18410.00 1.922979e-12
18420.00 1.903875e-12
18430.00 1.884937e-12
18440.00 1.866158e-12
18450.00 1.847545e-12
18460.00 1.829095e-12
18470.00 1.810799e-12
18480.00 1.792667e-12
18490.00 1.774693e-12
18500.00 1.756871e-12
18510.00 1.739209e-12
18520.00 1.721702e-12
18530.00 1.704341e-12
18540.00 1.687140e-12
18550.00 1.670088e-12
18560.00 1.653182e-12
18570.00 1.636430e-12
18580.00 1.619825e-12
18590.00 1.603360e-12
18600.00 1.587048e-12
18610.00 1.570879e-12
18620.00 1.554849e-12
18630.00 1.538967e-12
18640.00 1.523224e-12
18650.00 1.507616e-12
18660.00 1.492155e-12
18670.00 1.476829e-12
18680.00 1.461636e-12
18690.00 1.446586e-12
18700.00 1.431667e-12
18710.00 1.416878e-12
18720.00 1.402230e-12
18730.00 1.387710e-12
18740.00 1.373317e-12
18750.00 1.359061e-12
18760.00 1.344931e-12
18770.00 1.330924e-12
18780.00 1.317053e-12
18790.00 1.303303e-12
18800.00 1.289674e-12
18810.00 1.276177e-12
18820.00 1.262799e-12
18830.00 1.249540e-12
18840.00 1.236409e-12
18850.00 1.223394e-12
18860.00 1.210496e-12
18870.00 1.197723e-12
18880.00 1.185064e-12
18890.00 1.172518e-12
18900.00 1.160094e-12
18910.00 1.147781e-12
18920.00 1.135580e-12
18930.00 1.123498e-12
18940.00 1.111524e-12
18950.00 1.099659e-12
18960.00 1.087910e-12
18970.00 1.076266e-12
18980.00 1.064730e-12
18990.00 1.053307e-12
19000.00 1.041986e-12
19010.00 1.030771e-12
19020.00 1.019665e-12
19030.00 1.008660e-12
19040.00 9.977582e-13
19050.00 9.869625e-13
19060.00 9.762654e-13
19070.00 9.656693e-13
19080.00 9.551761e-13
19090.00 9.447801e-13
19100.00 9.344826e-13
19110.00 9.242855e-13
19120.00 9.141825e-13
19130.00 9.041762e-13
19140.00 8.942677e-13
19150.00 8.844509e-13
19160.00 8.747289e-13
19170.00 8.651022e-13
19180.00 8.555647e-13
19190.00 8.461201e-13
19200.00 8.367684e-13
19210.00 8.275040e-13
19220.00 8.183293e-13
19230.00 8.092457e-13
19240.00 8.002474e-13
19250.00 7.913371e-13
19260.00 7.825147e-13
19270.00 7.737765e-13
19280.00 7.651236e-13
19290.00 7.565569e-13
19300.00 7.480711e-13
19310.00 7.396695e-13
19320.00 7.313515e-13
19330.00 7.231126e-13
19340.00 7.149561e-13
19350.00 7.068805e-13
19360.00 6.988830e-13
19370.00 6.909652e-13
19380.00 6.831266e-13
19390.00 6.753628e-13
19400.00 6.676788e-13
19410.00 6.600702e-13
19420.00 6.525359e-13
19430.00 6.450788e-13
19440.00 6.376953e-13
19450.00 6.303835e-13
19460.00 6.231480e-13
19470.00 6.159838e-13
19480.00 6.088898e-13
19490.00 6.018695e-13
19500.00 5.949193e-13
19510.00 5.880372e-13
19520.00 5.812271e-13
19530.00 5.744851e-13
19540.00 5.678096e-13
19550.00 5.612043e-13
19560.00 5.546652e-13
19570.00 5.481909e-13
19580.00 5.417852e-13
19590.00 5.354438e-13
19600.00 5.291655e-13
19610.00 5.229543e-13
19620.00 5.168054e-13
19630.00 5.107181e-13
19640.00 5.046962e-13
19650.00 4.987349e-13
19660.00 4.928336e-13
19670.00 4.869961e-13
19680.00 4.812175e-13
19690.00 4.754974e-13
19700.00 4.698394e-13
19710.00 4.642388e-13
19720.00 4.586951e-13
19730.00 4.532119e-13
19740.00 4.477844e-13
19750.00 4.424126e-13
19760.00 4.370995e-13
19770.00 4.318406e-13
19780.00 4.266361e-13
19790.00 4.214885e-13
19800.00 4.163939e-13
19810.00 4.113522e-13
19820.00 4.063657e-13
19830.00 4.014308e-13
19840.00 3.965476e-13
19850.00 3.917180e-13
19860.00 3.869385e-13
19870.00 3.822095e-13
19880.00 3.775325e-13
19890.00 3.729043e-13
19900.00 3.683253e-13
19910.00 3.637967e-13
19920.00 3.593157e-13
19930.00 3.548827e-13
19940.00 3.504987e-13
19950.00 3.461607e-13
19960.00 3.418696e-13
19970.00 3.376261e-13
19980.00 3.334274e-13
19990.00 3.292743e-13
20000.00 3.251675e-13
20010.00 3.211042e-13
20020.00 3.170854e-13
20030.00 3.131113e-13
20040.00 3.091797e-13
20050.00 3.052914e-13
20060.00 3.014465e-13
20070.00 2.976430e-13
20080.00 2.938816e-13
20090.00 2.901623e-13
20100.00 2.864831e-13
20110.00 2.828450e-13
20120.00 2.792478e-13
20130.00 2.756896e-13
20140.00 2.721714e-13
20150.00 2.686928e-13
20160.00 2.652521e-13
20170.00 2.618504e-13
20180.00 2.584871e-13
20190.00 2.551606e-13
20200.00 2.518720e-13
20210.00 2.486207e-13
20220.00 2.454051e-13
20230.00 2.422266e-13
20240.00 2.390840e-13
20250.00 2.359762e-13
20260.00 2.329045e-13
20270.00 2.298676e-13
20280.00 2.268645e-13
20290.00 2.238965e-13
20300.00 2.209621e-13
20310.00 2.180607e-13
20320.00 2.151934e-13
20330.00 2.123587e-13
20340.00 2.095560e-13
20350.00 2.067864e-13
20360.00 2.040485e-13
20370.00 2.013416e-13
20380.00 1.986669e-13
20390.00 1.960230e-13
20400.00 1.934091e-13
20410.00 1.908264e-13
20420.00 1.882736e-13
20430.00 1.857501e-13
20440.00 1.832568e-13
20450.00 1.807925e-13
20460.00 1.783565e-13
20470.00 1.759500e-13
20480.00 1.735714e-13
20490.00 1.712204e-13
20500.00 1.688980e-13
20510.00 1.666027e-13
20520.00 1.643341e-13
20530.00 1.620934e-13
20540.00 1.598789e-13
20550.00 1.576902e-13
20560.00 1.555287e-13
20570.00 1.533925e-13
20580.00 1.512814e-13
20590.00 1.491966e-13
20600.00 1.471363e-13
20610.00 1.451005e-13
20620.00 1.430900e-13
20630.00 1.411034e-13
20640.00 1.391404e-13
20650.00 1.372021e-13
20660.00 1.352868e-13
20670.00 1.333945e-13
20680.00 1.315260e-13
20690.00 1.296800e-13
20700.00 1.278562e-13
20710.00 1.260554e-13
20720.00 1.242764e-13
20730.00 1.225190e-13
20740.00 1.207838e-13
20750.00 1.190697e-13
20760.00 1.173766e-13
20770.00 1.157050e-13
20780.00 1.140537e-13
20790.00 1.124229e-13
20800.00 1.108128e-13
20810.00 1.092225e-13
20820.00 1.076520e-13
20830.00 1.061016e-13
20840.00 1.045702e-13
20850.00 1.030581e-13
20860.00 1.015654e-13
20870.00 1.000912e-13
20880.00 9.863559e-14
20890.00 9.719873e-14
20900.00 9.577983e-14
20910.00 9.437894e-14
20920.00 9.299620e-14
20930.00 9.163072e-14
20940.00 9.028289e-14
20950.00 8.895239e-14
20960.00 8.763879e-14
20970.00 8.634214e-14
20980.00 8.506233e-14
20990.00 8.379872e-14
21000.00 8.255164e-14
21010.00 8.132083e-14
21020.00 8.010573e-14
21030.00 7.890659e-14
21040.00 7.772316e-14
21050.00 7.655488e-14
21060.00 7.540207e-14
21070.00 7.426440e-14
21080.00 7.314151e-14
21090.00 7.203352e-14
21100.00 7.094018e-14
21110.00 6.986105e-14
21120.00 6.879639e-14
21130.00 6.774588e-14
21140.00 6.670909e-14
21150.00 6.568626e-14
21160.00 6.467715e-14
21170.00 6.368125e-14
21180.00 6.269895e-14
21190.00 6.172976e-14
21200.00 6.077342e-14
21210.00 5.983017e-14
21220.00 5.889962e-14
21230.00 5.798146e-14
21240.00 5.707597e-14
21250.00 5.618272e-14
21260.00 5.530145e-14
21270.00 5.443241e-14
21280.00 5.357518e-14
21290.00 5.272951e-14
21300.00 5.189568e-14
21310.00 5.107323e-14
21320.00 5.026195e-14
21330.00 4.946209e-14
21340.00 4.867320e-14
21350.00 4.789509e-14
21360.00 4.712803e-14
21370.00 4.637153e-14
21380.00 4.562545e-14
21390.00 4.489003e-14
21400.00 4.416479e-14
21410.00 4.344959e-14
21420.00 4.274469e-14
21430.00 4.204960e-14
21440.00 4.136419e-14
21450.00 4.068873e-14
21460.00 4.002272e-14
21470.00 3.936606e-14
21480.00 3.871897e-14
21490.00 3.808099e-14
21500.00 3.745204e-14
21510.00 3.683231e-14
21520.00 3.622136e-14
21530.00 3.561912e-14
21540.00 3.502574e-14
21550.00 3.444084e-14
21560.00 3.386434e-14
21570.00 3.329638e-14
21580.00 3.273657e-14
21590.00 3.218487e-14
21600.00 3.164138e-14
21610.00 3.110574e-14
21620.00 3.057793e-14
21630.00 3.005801e-14
21640.00 2.954565e-14
21650.00 2.904084e-14
21660.00 2.854362e-14
21670.00 2.805369e-14
21680.00 2.757102e-14
21690.00 2.709565e-14
21700.00 2.662729e-14
21710.00 2.616594e-14
21720.00 2.571160e-14
21730.00 2.526401e-14
21740.00 2.482317e-14
21750.00 2.438906e-14
21760.00 2.396146e-14
21770.00 2.354034e-14
21780.00 2.312570e-14
21790.00 2.271731e-14
21800.00 2.231517e-14
21810.00 2.191926e-14
21820.00 2.152935e-14
21830.00 2.114546e-14
21840.00 2.076753e-14
21850.00 2.039540e-14
21860.00 2.002905e-14
21870.00 1.966843e-14
21880.00 1.931336e-14
21890.00 1.896387e-14
21900.00 1.861988e-14
21910.00 1.828122e-14
21920.00 1.794791e-14
21930.00 1.761989e-14
21940.00 1.729699e-14
21950.00 1.697924e-14
21960.00 1.666656e-14
21970.00 1.635880e-14
21980.00 1.605598e-14
21990.00 1.575803e-14
22000.00 1.546479e-14
22010.00 1.517632e-14
22020.00 1.489249e-14
22030.00 1.461321e-14
22040.00 1.433849e-14
22050.00 1.406823e-14
22060.00 1.380233e-14
22070.00 1.354081e-14
22080.00 1.328356e-14
22090.00 1.303049e-14
22100.00 1.278163e-14
22110.00 1.253687e-14
22120.00 1.229610e-14
22130.00 1.205938e-14
22140.00 1.182657e-14
22150.00 1.159761e-14
22160.00 1.137252e-14
22170.00 1.115118e-14
22180.00 1.093353e-14
22190.00 1.071958e-14
22200.00 1.050923e-14
22210.00 1.030240e-14
22220.00 1.009913e-14
22230.00 9.899301e-15
22240.00 9.702853e-15
22250.00 9.509803e-15
22260.00 9.320050e-15
22270.00 9.133527e-15
22280.00 8.950264e-15
22290.00 8.770157e-15
22300.00 8.593135e-15
22310.00 8.419243e-15
22320.00 8.248362e-15
22330.00 8.080437e-15
22340.00 7.915503e-15
22350.00 7.753444e-15
22360.00 7.594216e-15
22370.00 7.437849e-15
22380.00 7.284225e-15
22390.00 7.133314e-15
22400.00 6.985133e-15
22410.00 6.839582e-15
22420.00 6.696613e-15
22430.00 6.556257e-15
22440.00 6.418406e-15
22450.00 6.283043e-15
22460.00 6.150154e-15
22470.00 6.019666e-15
22480.00 5.891547e-15
22490.00 5.765798e-15
22500.00 5.642338e-15
22510.00 5.521141e-15
22520.00 5.402203e-15
22530.00 5.285450e-15
22540.00 5.170857e-15
22550.00 5.058419e-15
22560.00 4.948064e-15
22570.00 4.839772e-15
22580.00 4.733532e-15
22590.00 4.629279e-15
22600.00 4.526994e-15
22610.00 4.426663e-15
22620.00 4.328226e-15
22630.00 4.231667e-15
22640.00 4.136966e-15
22650.00 4.044072e-15
22660.00 3.952966e-15
22670.00 3.863631e-15
22680.00 3.776014e-15
22690.00 3.690102e-15
22700.00 3.605874e-15
22710.00 3.523282e-15
22720.00 3.442315e-15
22730.00 3.362947e-15
22740.00 3.285137e-15
22750.00 3.208872e-15
22760.00 3.134129e-15
22770.00 3.060867e-15
22780.00 2.989074e-15
22790.00 2.918728e-15
22800.00 2.849789e-15
22810.00 2.782249e-15
22820.00 2.716082e-15
22830.00 2.651251e-15
22840.00 2.587750e-15
22850.00 2.525552e-15
22860.00 2.464624e-15
22870.00 2.404958e-15
22880.00 2.346529e-15
22890.00 2.289305e-15
22900.00 2.233280e-15
22910.00 2.178427e-15
22920.00 2.124719e-15
22930.00 2.072147e-15
22940.00 2.020687e-15
22950.00 1.970311e-15
22960.00 1.921014e-15
22970.00 1.872769e-15
22980.00 1.825553e-15
22990.00 1.779359e-15
23000.00 1.734160e-15
23010.00 1.689937e-15
23020.00 1.646681e-15
23030.00 1.604368e-15
23040.00 1.562978e-15
23050.00 1.522504e-15
23060.00 1.482922e-15
23070.00 1.444212e-15
23080.00 1.406370e-15
23090.00 1.369370e-15
23100.00 1.333196e-15
23110.00 1.297842e-15
23120.00 1.263283e-15
23130.00 1.229505e-15
23140.00 1.196501e-15
23150.00 1.164250e-15
23160.00 1.132735e-15
23170.00 1.101951e-15
23180.00 1.071876e-15
23190.00 1.042497e-15
23200.00 1.013808e-15
23210.00 9.857873e-16
23220.00 9.584223e-16
23230.00 9.317089e-16
23240.00 9.056257e-16
23250.00 8.801603e-16
23260.00 8.553078e-16
23270.00 8.310495e-16
23280.00 8.073734e-16
23290.00 7.842741e-16
23300.00 7.617340e-16
23310.00 7.397418e-16
23320.00 7.182921e-16
23330.00 6.973686e-16
23340.00 6.769607e-16
23350.00 6.570621e-16
23360.00 6.376585e-16
23370.00 6.187391e-16
23380.00 6.002987e-16
23390.00 5.823223e-16
23400.00 5.648014e-16
23410.00 5.477296e-16
23420.00 5.310934e-16
23430.00 5.148846e-16
23440.00 4.990968e-16
23450.00 4.837175e-16
23460.00 4.687390e-16
23470.00 4.541548e-16
23480.00 4.399533e-16
23490.00 4.261273e-16
23500.00 4.126704e-16
23510.00 3.995717e-16
23520.00 3.868245e-16
23530.00 3.744223e-16
23540.00 3.623551e-16
23550.00 3.506167e-16
23560.00 3.392007e-16
23570.00 3.280976e-16
23580.00 3.173018e-16
23590.00 3.068066e-16
23600.00 2.966037e-16
23610.00 2.866875e-16
23620.00 2.770517e-16
23630.00 2.676884e-16
23640.00 2.585924e-16
23650.00 2.497576e-16
23660.00 2.411766e-16
23670.00 2.328445e-16
23680.00 2.247555e-16
23690.00 2.169026e-16
23700.00 2.092814e-16
23710.00 2.018861e-16
23720.00 1.947103e-16
23730.00 1.877497e-16
23740.00 1.809988e-16
23750.00 1.744517e-16
23760.00 1.681044e-16
23770.00 1.619514e-16
23780.00 1.559875e-16
23790.00 1.502088e-16
23800.00 1.446102e-16
23810.00 1.391866e-16
23820.00 1.339343e-16
23830.00 1.288487e-16
23840.00 1.239250e-16
23850.00 1.191597e-16
23860.00 1.145483e-16
23870.00 1.100865e-16
23880.00 1.057710e-16
23890.00 1.015974e-16
23900.00 9.756170e-17
23910.00 9.366085e-17
23920.00 8.989080e-17
23930.00 8.624781e-17
23940.00 8.272889e-17
23950.00 7.933029e-17
23960.00 7.604846e-17
23970.00 7.288072e-17
23980.00 6.982346e-17
23990.00 6.687337e-17
24000.00 6.402801e-17
24010.00 6.128387e-17
24020.00 5.863800e-17
24030.00 5.608803e-17
24040.00 5.363071e-17
24050.00 5.126331e-17
24060.00 4.898357e-17
24070.00 4.678847e-17
24080.00 4.467547e-17
24090.00 4.264246e-17
24100.00 4.068664e-17
24110.00 3.880564e-17
24120.00 3.699749e-17
24130.00 3.525957e-17
24140.00 3.358971e-17
24150.00 3.198604e-17
24160.00 3.044616e-17
24170.00 2.896805e-17
24180.00 2.754993e-17
24190.00 2.618962e-17
24200.00 2.488524e-17
24210.00 2.363513e-17
24220.00 2.243727e-17
24230.00 2.128995e-17
24240.00 2.019157e-17
24250.00 1.914032e-17
24260.00 1.813461e-17
24270.00 1.717294e-17
24280.00 1.625365e-17
24290.00 1.537528e-17
24300.00 1.453644e-17
24310.00 1.373560e-17
24320.00 1.297143e-17
24330.00 1.224263e-17
24340.00 1.154780e-17
24350.00 1.088573e-17
24360.00 1.025521e-17
24370.00 9.654972e-18
24380.00 9.083888e-18
24390.00 8.540859e-18
24400.00 8.024732e-18
24410.00 7.534465e-18
24420.00 7.069055e-18
24430.00 6.627448e-18
24440.00 6.208701e-18
24450.00 5.811888e-18
24460.00 5.436060e-18
24470.00 5.080356e-18
24480.00 4.743928e-18
24490.00 4.425921e-18
24500.00 4.125552e-18
24510.00 3.842050e-18
24520.00 3.574643e-18
24530.00 3.322624e-18
24540.00 3.085292e-18
24550.00 2.861955e-18
24560.00 2.651972e-18
24570.00 2.454712e-18
24580.00 2.269556e-18
24590.00 2.095926e-18
24600.00 1.933256e-18
24610.00 1.780991e-18
24620.00 1.638616e-18
24630.00 1.505621e-18
24640.00 1.381515e-18
24650.00 1.265836e-18
24660.00 1.158133e-18
24670.00 1.057969e-18
24680.00 9.649349e-19
24690.00 8.786292e-19
24700.00 7.986682e-19
24710.00 7.246906e-19
24720.00 6.563433e-19
24730.00 5.932878e-19
24740.00 5.352077e-19
24750.00 4.817938e-19
24760.00 4.327517e-19
24770.00 3.878047e-19
24780.00 3.466842e-19
24790.00 3.091353e-19
24800.00 2.749182e-19
24810.00 2.438015e-19
24820.00 2.155659e-19
24830.00 1.900055e-19
24840.00 1.669225e-19
24850.00 1.461301e-19
24860.00 1.274532e-19
24870.00 1.107241e-19
24880.00 9.578575e-20
24890.00 8.249042e-20
24900.00 7.069815e-20
24910.00 6.027771e-20
24920.00 5.110671e-20
24930.00 4.306950e-20
24940.00 3.605839e-20
24950.00 2.997319e-20
24960.00 2.472002e-20
24970.00 2.021192e-20
24980.00 1.636846e-20
24990.00 1.311491e-20
25000.00 1.038252e-20
