1000.00 2.754591e-44
1010.00 4.338136e-33
1020.00 3.096645e-31
1030.00 4.117010e-30
1040.00 2.692543e-29
1050.00 1.195304e-28
1060.00 4.193675e-28
1070.00 1.216799e-27
1080.00 3.206495e-27
1090.00 7.502108e-27
1100.00 1.653207e-26
1110.00 3.394754e-26
1120.00 6.623047e-26
1130.00 1.246401e-25
1140.00 2.224045e-25
1150.00 3.934768e-25
1160.00 6.632704e-25
1170.00 1.107423e-24
1180.00 1.792148e-24
1190.00 2.846590e-24
1200.00 4.463684e-24
1210.00 6.796733e-24
1220.00 1.039692e-23
1230.00 1.541076e-23
1240.00 2.288992e-23
1250.00 3.329863e-23
1260.00 4.802283e-23
1270.00 6.879969e-23
1280.00 9.662154e-23
1290.00 1.367001e-22
1300.00 1.887963e-22
1310.00 2.623943e-22
1320.00 3.587040e-22
1330.00 4.883823e-22
1340.00 6.619512e-22
1350.00 8.841448e-22
1360.00 1.189847e-21
1370.00 1.569846e-21
1380.00 2.088177e-21
1390.00 2.738193e-21
1400.00 3.585391e-21
1410.00 4.677117e-21
1420.00 6.033292e-21
1430.00 7.836245e-21
1440.00 1.000747e-20
1450.00 1.289640e-20
1460.00 1.640526e-20
1470.00 2.087364e-20
1480.00 2.646513e-20
1490.00 3.326370e-20
1500.00 4.205787e-20
1510.00 5.239873e-20
1520.00 6.590247e-20
1530.00 8.189322e-20
1540.00 1.019046e-19
1550.00 1.263551e-19
1560.00 1.556120e-19
1570.00 1.926026e-19
1580.00 2.352920e-19
1590.00 2.902227e-19
1600.00 3.539244e-19
1610.00 4.325649e-19
1620.00 5.267385e-19
1630.00 6.380407e-19
1640.00 7.760321e-19
1650.00 9.328841e-19
1660.00 1.132310e-18
1670.00 1.359519e-18
1680.00 1.636951e-18
1690.00 1.963475e-18
1700.00 2.345628e-18
1710.00 2.811336e-18
1720.00 3.334057e-18
1730.00 3.992070e-18
1740.00 4.730329e-18
1750.00 5.623689e-18
1760.00 6.659225e-18
1770.00 7.861606e-18
1780.00 9.304589e-18
1790.00 1.090908e-17
1800.00 1.290709e-17
1810.00 1.512099e-17
1820.00 1.777982e-17
1830.00 2.082020e-17
1840.00 2.432739e-17
1850.00 2.847855e-17
1860.00 3.306950e-17
1870.00 3.870552e-17
1880.00 4.489475e-17
1890.00 5.228022e-17
1900.00 6.062240e-17
1910.00 7.019285e-17
1920.00 8.137869e-17
1930.00 9.369502e-17
1940.00 1.086185e-16
1950.00 1.248779e-16
1960.00 1.441730e-16
1970.00 1.657245e-16
1980.00 1.903348e-16
1990.00 2.187672e-16
2000.00 2.499592e-16
2010.00 2.872992e-16
2020.00 3.276972e-16
2030.00 3.754074e-16
2040.00 4.281494e-16
2050.00 4.881381e-16
2060.00 5.567033e-16
2070.00 6.316940e-16
2080.00 7.204605e-16
2090.00 8.158910e-16
2100.00 9.281203e-16
2110.00 1.051002e-15
2120.00 1.190289e-15
2130.00 1.347903e-15
2140.00 1.519843e-15
2150.00 1.721239e-15
2160.00 1.936508e-15
2170.00 2.188733e-15
2180.00 2.462436e-15
2190.00 2.771747e-15
2200.00 3.118491e-15
2210.00 3.495914e-15
2220.00 3.933648e-15
2230.00 4.399065e-15
2240.00 4.942585e-15
2250.00 5.527431e-15
2260.00 6.186629e-15
2270.00 6.919097e-15
2280.00 7.714853e-15
2290.00 8.629201e-15
2300.00 9.596605e-15
2310.00 1.072304e-14
2320.00 1.192547e-14
2330.00 1.327763e-14
2340.00 1.476753e-14
2350.00 1.638348e-14
2360.00 1.822394e-14
2370.00 2.016222e-14
2380.00 2.241326e-14
2390.00 2.479791e-14
2400.00 2.747399e-14
2410.00 3.039921e-14
2420.00 3.356730e-14
2430.00 3.714533e-14
2440.00 4.089718e-14
2450.00 4.524427e-14
2460.00 4.981584e-14
2470.00 5.493672e-14
2480.00 6.049167e-14
2490.00 6.650004e-14
2500.00 7.323166e-14
2510.00 8.026103e-14
2520.00 8.838879e-14
2530.00 9.687604e-14
2540.00 1.063677e-13
2550.00 1.165883e-13
2560.00 1.276306e-13
2570.00 1.399068e-13
2580.00 1.527036e-13
2590.00 1.674116e-13
2600.00 1.826944e-13
2610.00 1.997612e-13
2620.00 2.180081e-13
2630.00 2.377015e-13
2640.00 2.594337e-13
2650.00 2.820738e-13
2660.00 3.078942e-13
2670.00 3.346208e-13
2680.00 3.644288e-13
2690.00 3.960772e-13
2700.00 4.302028e-13
2710.00 4.675912e-13
2720.00 5.065200e-13
2730.00 5.505863e-13
2740.00 5.960276e-13
2750.00 6.466505e-13
2760.00 7.000345e-13
2770.00 7.575488e-13
2780.00 8.201217e-13
2790.00 8.852371e-13
2800.00 9.584155e-13
2810.00 1.033596e-12
2820.00 1.117267e-12
2830.00 1.204912e-12
2840.00 1.299264e-12
2850.00 1.401214e-12
2860.00 1.507250e-12
2870.00 1.625582e-12
2880.00 1.746699e-12
2890.00 1.881381e-12
2900.00 2.021522e-12
2910.00 2.172285e-12
2920.00 2.334090e-12
2930.00 2.502285e-12
2940.00 2.688707e-12
2950.00 2.878800e-12
2960.00 3.090035e-12
2970.00 3.308371e-12
2980.00 3.543108e-12
2990.00 3.793357e-12
3000.00 4.053339e-12
3010.00 4.339566e-12
3020.00 4.630318e-12
3030.00 4.953226e-12
3040.00 5.284752e-12
3050.00 5.640977e-12
3060.00 6.018216e-12
3070.00 6.409884e-12
3080.00 6.838254e-12
3090.00 7.271675e-12
3100.00 7.752846e-12
3110.00 8.243487e-12
3120.00 8.770419e-12
3130.00 9.324682e-12
3140.00 9.899775e-12
3150.00 1.052464e-11
3160.00 1.115430e-11
3170.00 1.185315e-11
3180.00 1.256076e-11
3190.00 1.332036e-11
3200.00 1.411393e-11
3210.00 1.493674e-11
3220.00 1.582491e-11
3230.00 1.671601e-11
3240.00 1.770503e-11
3250.00 1.869910e-11
3260.00 1.976584e-11
3270.00 2.087250e-11
3280.00 2.039156e-11
3290.00 1.656894e-11
3300.00 2.447622e-11
3310.00 2.568859e-12
3320.00 1.240149e-11
3330.00 9.110067e-12
3340.00 2.028077e-11
3350.00 2.308180e-11
3360.00 1.627999e-11
3370.00 2.821404e-11
3380.00 3.076951e-11
3390.00 1.333841e-11
3400.00 1.335705e-11
3410.00 2.876750e-11
3420.00 2.059570e-11
3430.00 1.381526e-11
3440.00 1.475911e-11
3450.00 7.656411e-12
3460.00 3.660341e-11
3470.00 4.086109e-11
3480.00 5.608043e-11
3490.00 6.845505e-11
3500.00 7.031860e-11
3510.00 1.181854e-10
3520.00 1.427313e-10
3530.00 1.232635e-10
3540.00 1.000993e-10
3550.00 1.135296e-10
3560.00 1.382814e-10
3570.00 1.391002e-10
3580.00 1.422261e-10
3590.00 1.580066e-10
3600.00 1.512058e-10
3610.00 1.890799e-10
3620.00 2.115022e-10
3630.00 2.337553e-10
3640.00 2.322248e-10
3650.00 2.200940e-10
3660.00 2.026480e-10
3670.00 2.328683e-10
3680.00 2.900277e-10
3690.00 3.006068e-10
3700.00 2.402341e-10
3710.00 2.657171e-10
3720.00 2.678523e-10
3730.00 2.454229e-10
3740.00 2.666714e-10
3750.00 2.800945e-10
3760.00 1.860569e-10
3770.00 1.507671e-10
3780.00 1.703773e-10
3790.00 1.187276e-10
3800.00 8.145849e-11
3810.00 1.169025e-10
3820.00 9.119063e-11
3830.00 1.125282e-10
3840.00 1.529580e-10
3850.00 2.317116e-10
3860.00 2.105162e-10
3870.00 2.454030e-10
3880.00 2.552710e-10
3890.00 2.531629e-10
3900.00 2.997957e-10
3910.00 3.016566e-10
3920.00 3.174055e-10
3930.00 3.649883e-10
3940.00 4.352653e-10
3950.00 4.102589e-10
3960.00 4.355163e-10
3970.00 4.788268e-10
3980.00 4.864269e-10
3990.00 4.802103e-10
4000.00 4.525393e-10
4010.00 4.369594e-10
4020.00 4.077151e-10
4030.00 3.575977e-10
4040.00 3.122526e-10
4050.00 2.993027e-10
4060.00 3.184680e-10
4070.00 2.802051e-10
4080.00 2.604115e-10
4090.00 2.473071e-10
4100.00 2.416757e-10
4110.00 2.303048e-10
4120.00 2.108855e-10
4130.00 2.095475e-10
4140.00 1.960331e-10
4150.00 1.794738e-10
4160.00 1.684036e-10
4170.00 1.578481e-10
4180.00 1.733472e-10
4190.00 1.911857e-10
4200.00 1.766541e-10
4210.00 1.992269e-10
4220.00 1.900750e-10
4230.00 1.777278e-10
4240.00 1.910017e-10
4250.00 1.711604e-10
4260.00 1.713953e-10
4270.00 1.771563e-10
4280.00 1.758184e-10
4290.00 1.752341e-10
4300.00 1.807888e-10
4310.00 1.661233e-10
4320.00 1.654858e-10
4330.00 1.617702e-10
4340.00 1.818485e-10
4350.00 1.702050e-10
4360.00 1.550849e-10
4370.00 1.669219e-10
4380.00 1.467850e-10
4390.00 1.298749e-10
4400.00 1.352565e-10
4410.00 1.352201e-10
4420.00 1.309388e-10
4430.00 1.345013e-10
4440.00 1.412779e-10
4450.00 1.576997e-10
4460.00 1.734292e-10
4470.00 1.779068e-10
4480.00 1.742008e-10
4490.00 1.874440e-10
4500.00 2.088126e-10
4510.00 2.101124e-10
4520.00 2.261497e-10
4530.00 2.497514e-10
4540.00 2.722821e-10
4550.00 2.935464e-10
4560.00 3.362447e-10
4570.00 3.654761e-10
4580.00 3.940082e-10
4590.00 4.260499e-10
4600.00 4.195441e-10
4610.00 4.302753e-10
4620.00 4.136594e-10
4630.00 4.044404e-10
4640.00 3.964467e-10
4650.00 3.618392e-10
4660.00 3.383302e-10
4670.00 2.991496e-10
4680.00 2.553860e-10
4690.00 2.276335e-10
4700.00 2.102490e-10
4710.00 1.926350e-10
4720.00 1.875902e-10
4730.00 1.884296e-10
4740.00 1.922100e-10
4750.00 1.897031e-10
4760.00 1.923875e-10
4770.00 1.882514e-10
4780.00 1.994339e-10
4790.00 2.271344e-10
4800.00 2.449232e-10
4810.00 2.709807e-10
4820.00 2.978942e-10
4830.00 3.221100e-10
4840.00 3.308200e-10
4850.00 3.002580e-10
4860.00 2.832719e-10
4870.00 2.635024e-10
4880.00 2.611559e-10
4890.00 2.720478e-10
4900.00 3.053197e-10
4910.00 3.245407e-10
4920.00 3.536857e-10
4930.00 3.861712e-10
4940.00 4.106480e-10
4950.00 4.020634e-10
4960.00 4.096499e-10
4970.00 3.949884e-10
4980.00 3.540385e-10
4990.00 3.039363e-10
5000.00 2.652708e-10
5010.00 2.223052e-10
5020.00 2.062485e-10
5030.00 2.006771e-10
5040.00 2.014626e-10
5050.00 1.929624e-10
5060.00 1.867270e-10
5070.00 1.943888e-10
5080.00 1.959687e-10
5090.00 2.056604e-10
5100.00 2.162592e-10
5110.00 2.117291e-10
5120.00 2.280733e-10
5130.00 2.261480e-10
5140.00 2.187051e-10
5150.00 2.236254e-10
5160.00 2.247295e-10
5170.00 2.216319e-10
5180.00 2.426821e-10
5190.00 2.392396e-10
5200.00 2.572284e-10
5210.00 2.694763e-10
5220.00 2.872294e-10
5230.00 3.053807e-10
5240.00 3.140357e-10
5250.00 3.257389e-10
5260.00 2.963497e-10
5270.00 3.369107e-10
5280.00 3.410431e-10
5290.00 3.510470e-10
5300.00 3.636705e-10
5310.00 3.665867e-10
5320.00 3.713193e-10
5330.00 3.644719e-10
5340.00 3.547321e-10
5350.00 3.396492e-10
5360.00 3.267544e-10
5370.00 3.299509e-10
5380.00 3.282213e-10
5390.00 3.404466e-10
5400.00 3.538344e-10
5410.00 3.753081e-10
5420.00 4.026433e-10
5430.00 4.404050e-10
5440.00 4.888080e-10
5450.00 5.325655e-10
5460.00 5.622944e-10
5470.00 6.042137e-10
5480.00 6.340332e-10
5490.00 6.464479e-10
5500.00 6.656320e-10
5510.00 6.952944e-10
5520.00 7.100053e-10
5530.00 6.952869e-10
5540.00 7.020470e-10
5550.00 6.901603e-10
5560.00 6.743565e-10
5570.00 6.538806e-10
5580.00 6.386829e-10
5590.00 6.158248e-10
5600.00 6.110177e-10
5610.00 5.768194e-10
5620.00 5.608837e-10
5630.00 5.208428e-10
5640.00 4.407045e-10
5650.00 3.578081e-10
5660.00 2.864177e-10
5670.00 2.568871e-10
5680.00 2.441612e-10
5690.00 2.856474e-10
5700.00 3.295571e-10
5710.00 3.570007e-10
5720.00 3.638354e-10
5730.00 3.783362e-10
5740.00 3.663325e-10
5750.00 3.777837e-10
5760.00 3.759639e-10
5770.00 3.722799e-10
5780.00 3.757009e-10
5790.00 3.781246e-10
5800.00 3.893079e-10
5810.00 3.856198e-10
5820.00 3.910581e-10
5830.00 3.957936e-10
5840.00 3.945826e-10
5850.00 3.910445e-10
5860.00 3.925168e-10
5870.00 3.931268e-10
5880.00 3.899256e-10
5890.00 3.866988e-10
5900.00 3.848875e-10
5910.00 3.694385e-10
5920.00 3.667137e-10
5930.00 3.482640e-10
5940.00 3.419864e-10
5950.00 3.310810e-10
5960.00 3.129581e-10
5970.00 3.134600e-10
5980.00 3.108728e-10
5990.00 2.966177e-10
6000.00 2.889655e-10
6010.00 2.917193e-10
6020.00 2.921598e-10
6030.00 2.860601e-10
6040.00 2.894812e-10
6050.00 2.865805e-10
6060.00 2.893996e-10
6070.00 2.816244e-10
6080.00 2.708206e-10
6090.00 2.686998e-10
6100.00 2.564911e-10
6110.00 2.548726e-10
6120.00 2.379971e-10
6130.00 2.248642e-10
6140.00 2.077211e-10
6150.00 1.947002e-10
6160.00 1.853832e-10
6170.00 1.747014e-10
6180.00 1.620112e-10
6190.00 1.602247e-10
6200.00 1.625062e-10
6210.00 1.697781e-10
6220.00 1.763859e-10
6230.00 1.840984e-10
6240.00 1.912601e-10
6250.00 2.091845e-10
6260.00 2.176273e-10
6270.00 2.142719e-10
6280.00 2.184638e-10
6290.00 2.137074e-10
6300.00 2.199045e-10
6310.00 2.375038e-10
6320.00 2.440286e-10
6330.00 2.526879e-10
6340.00 2.678734e-10
6350.00 2.684842e-10
6360.00 2.835570e-10
6370.00 2.947103e-10
6380.00 3.127267e-10
6390.00 3.284203e-10
6400.00 3.459219e-10
6410.00 3.576063e-10
6420.00 3.702531e-10
6430.00 3.902875e-10
6440.00 4.100074e-10
6450.00 4.112228e-10
6460.00 4.229372e-10
6470.00 4.284858e-10
6480.00 4.399905e-10
6490.00 4.468615e-10
6500.00 4.464071e-10
6510.00 4.589149e-10
6520.00 4.500095e-10
6530.00 4.419744e-10
6540.00 4.375887e-10
6550.00 4.342393e-10
6560.00 4.064119e-10
6570.00 3.940027e-10
6580.00 3.873189e-10
6590.00 3.730480e-10
6600.00 3.660156e-10
6610.00 3.452412e-10
6620.00 3.314636e-10
6630.00 3.176208e-10
6640.00 2.981991e-10
6650.00 2.769532e-10
6660.00 2.704906e-10
6670.00 2.505587e-10
6680.00 2.422823e-10
6690.00 2.151110e-10
6700.00 2.193483e-10
6710.00 2.099963e-10
6720.00 2.016709e-10
6730.00 1.980242e-10
6740.00 1.966813e-10
6750.00 1.968995e-10
6760.00 1.891088e-10
6770.00 1.969830e-10
6780.00 2.066523e-10
6790.00 2.025575e-10
6800.00 2.083497e-10
6810.00 2.096134e-10
6820.00 2.167176e-10
6830.00 2.022392e-10
6840.00 2.066766e-10
6850.00 1.882852e-10
6860.00 1.404655e-10
6870.00 1.750256e-10
6880.00 1.666318e-10
6890.00 1.728207e-10
6900.00 1.799060e-10
6910.00 1.951037e-10
6920.00 1.947641e-10
6930.00 1.967553e-10
6940.00 2.001248e-10
6950.00 2.088732e-10
6960.00 2.211485e-10
6970.00 2.167408e-10
6980.00 2.166324e-10
6990.00 2.136011e-10
7000.00 2.102565e-10
7010.00 2.086794e-10
7020.00 2.105931e-10
7030.00 2.172869e-10
7040.00 2.069594e-10
7050.00 2.088112e-10
7060.00 2.108841e-10
7070.00 1.999807e-10
7080.00 2.067266e-10
7090.00 2.131279e-10
7100.00 2.079815e-10
7110.00 2.073917e-10
7120.00 2.133254e-10
7130.00 2.074488e-10
7140.00 2.078931e-10
7150.00 2.002844e-10
7160.00 1.924431e-10
7170.00 1.869087e-10
7180.00 1.965956e-10
7190.00 2.020540e-10
7200.00 2.133739e-10
7210.00 2.159934e-10
7220.00 2.053249e-10
7230.00 2.136054e-10
7240.00 2.082920e-10
7250.00 2.058372e-10
7260.00 2.102892e-10
7270.00 2.182255e-10
7280.00 2.007276e-10
7290.00 2.018929e-10
7300.00 2.128144e-10
7310.00 2.166687e-10
7320.00 2.162847e-10
7330.00 2.194021e-10
7340.00 2.183178e-10
7350.00 2.259054e-10
7360.00 2.231624e-10
7370.00 2.195878e-10
7380.00 2.089431e-10
7390.00 2.132520e-10
7400.00 2.093865e-10
7410.00 2.649554e-10
7420.00 2.649884e-10
7430.00 2.424973e-10
7440.00 2.069144e-10
7450.00 1.775566e-10
7460.00 1.540481e-10
7470.00 1.359999e-10
7480.00 1.283475e-10
7490.00 1.099546e-10
7500.00 1.014400e-10
7510.00 9.960125e-11
7520.00 1.218571e-10
7530.00 1.287515e-10
7540.00 1.427427e-10
7550.00 1.561520e-10
7560.00 1.736226e-10
7570.00 1.858482e-10
7580.00 9.898977e-11
7590.00 5.307087e-11
7600.00 1.286148e-10
7610.00 9.973043e-11
7620.00 1.106708e-10
7630.00 1.483070e-10
7640.00 1.750972e-10
7650.00 1.989344e-10
7660.00 2.374828e-10
7670.00 2.596250e-10
7680.00 2.636788e-10
7690.00 2.966031e-10
7700.00 3.066807e-10
7710.00 2.985315e-10
7720.00 3.085027e-10
7730.00 3.469783e-10
7740.00 3.307875e-10
7750.00 3.251763e-10
7760.00 3.390393e-10
7770.00 3.488289e-10
7780.00 3.287901e-10
7790.00 3.246010e-10
7800.00 3.513293e-10
7810.00 3.481910e-10
7820.00 3.298184e-10
7830.00 3.395031e-10
7840.00 3.570410e-10
7850.00 3.456672e-10
7860.00 3.397118e-10
7870.00 3.504230e-10
7880.00 3.523769e-10
7890.00 3.340563e-10
7900.00 3.505016e-10
7910.00 3.364465e-10
7920.00 3.165244e-10
7930.00 3.244355e-10
7940.00 3.216703e-10
7950.00 2.928757e-10
7960.00 2.920316e-10
7970.00 3.075785e-10
7980.00 2.935285e-10
7990.00 2.757579e-10
8000.00 2.833904e-10
8010.00 2.868906e-10
8020.00 2.689045e-10
8030.00 2.614710e-10
8040.00 2.860893e-10
8050.00 2.737670e-10
8060.00 2.486713e-10
8070.00 2.523130e-10
8080.00 2.494673e-10
8090.00 2.276931e-10
8100.00 1.823947e-10
8110.00 1.640193e-10
8120.00 1.529845e-10
8130.00 1.268021e-10
8140.00 1.037239e-10
8150.00 8.939111e-11
8160.00 8.175843e-11
8170.00 7.438853e-11
8180.00 5.713019e-11
8190.00 6.229568e-11
8200.00 6.198892e-11
8210.00 5.687813e-11
8220.00 7.266632e-11
8230.00 7.786032e-11
8240.00 8.075399e-11
8250.00 1.044191e-10
8260.00 1.112693e-10
8270.00 1.098658e-10
8280.00 9.282250e-11
8290.00 8.891168e-11
8300.00 8.404648e-11
8310.00 9.469777e-11
8320.00 8.694402e-11
8330.00 7.982293e-11
8340.00 1.031674e-10
8350.00 1.155352e-10
8360.00 1.167989e-10
8370.00 1.162302e-10
8380.00 1.363672e-10
8390.00 1.535172e-10
8400.00 1.615204e-10
8410.00 1.689218e-10
8420.00 1.776283e-10
8430.00 2.100643e-10
8440.00 1.879020e-10
8450.00 2.022470e-10
8460.00 2.319844e-10
8470.00 2.469216e-10
8480.00 2.504937e-10
8490.00 2.425228e-10
8500.00 2.669065e-10
8510.00 2.949374e-10
8520.00 2.972548e-10
8530.00 2.690963e-10
8540.00 2.840643e-10
8550.00 2.954153e-10
8560.00 3.012689e-10
8570.00 3.035779e-10
8580.00 2.878589e-10
8590.00 3.020526e-10
8600.00 3.100141e-10
8610.00 2.987951e-10
8620.00 3.069464e-10
8630.00 2.956259e-10
8640.00 2.948624e-10
8650.00 2.850319e-10
8660.00 2.742578e-10
8670.00 2.695372e-10
8680.00 2.728188e-10
8690.00 2.693528e-10
8700.00 2.723754e-10
8710.00 2.430001e-10
8720.00 2.335827e-10
8730.00 2.261881e-10
8740.00 2.241262e-10
8750.00 2.308394e-10
8760.00 2.126776e-10
8770.00 2.213241e-10
8780.00 2.315422e-10
8790.00 2.469594e-10
8800.00 2.455949e-10
8810.00 2.317428e-10
8820.00 2.302437e-10
8830.00 2.510499e-10
8840.00 2.225014e-10
8850.00 2.046435e-10
8860.00 1.886940e-10
8870.00 1.733459e-10
8880.00 1.650682e-10
8890.00 1.360216e-10
8900.00 1.241789e-10
8910.00 1.563086e-10
8920.00 1.327738e-10
8930.00 1.283030e-10
8940.00 1.333694e-10
8950.00 1.282833e-10
8960.00 1.537729e-10
8970.00 1.607254e-10
8980.00 1.748975e-10
8990.00 1.794229e-10
9000.00 1.839361e-10
9010.00 1.930862e-10
9020.00 1.796513e-10
9030.00 1.747448e-10
9040.00 1.922533e-10
9050.00 1.812335e-10
9060.00 1.912925e-10
9070.00 1.901746e-10
9080.00 2.018839e-10
9090.00 2.119077e-10
9100.00 2.162083e-10
9110.00 2.125716e-10
9120.00 2.135175e-10
9130.00 2.210328e-10
9140.00 2.220110e-10
9150.00 2.241751e-10
9160.00 2.421571e-10
9170.00 2.440614e-10
9180.00 2.519980e-10
9190.00 2.488786e-10
9200.00 2.615028e-10
9210.00 2.425826e-10
9220.00 2.376496e-10
9230.00 2.249625e-10
9240.00 2.400922e-10
9250.00 2.506351e-10
9260.00 2.401037e-10
9270.00 2.386997e-10
9280.00 2.306215e-10
9290.00 2.248241e-10
9300.00 2.228849e-10
9310.00 2.186826e-10
9320.00 2.261739e-10
9330.00 2.279638e-10
9340.00 2.312512e-10
9350.00 2.323795e-10
9360.00 2.495781e-10
9370.00 2.578747e-10
9380.00 2.683556e-10
9390.00 2.630894e-10
9400.00 2.572125e-10
9410.00 2.613817e-10
9420.00 2.722429e-10
9430.00 2.668894e-10
9440.00 2.754855e-10
9450.00 2.560157e-10
9460.00 2.756935e-10
9470.00 2.689545e-10
9480.00 2.778637e-10
9490.00 2.833858e-10
9500.00 2.737274e-10
9510.00 3.016142e-10
9520.00 2.972926e-10
9530.00 2.702154e-10
9540.00 2.680603e-10
9550.00 2.728034e-10
9560.00 2.470370e-10
9570.00 2.368476e-10
9580.00 2.393162e-10
9590.00 2.343527e-10
9600.00 2.269673e-10
9610.00 2.278514e-10
9620.00 2.266394e-10
9630.00 2.133116e-10
9640.00 2.385002e-10
9650.00 2.313972e-10
9660.00 2.204059e-10
9670.00 2.118766e-10
9680.00 2.113191e-10
9690.00 2.559705e-10
9700.00 2.111716e-10
9710.00 2.262963e-10
9720.00 2.393944e-10
9730.00 2.242571e-10
9740.00 2.051037e-10
9750.00 1.728209e-10
9760.00 2.019366e-10
9770.00 1.833700e-10
9780.00 2.120983e-10
9790.00 1.862694e-10
9800.00 1.920178e-10
9810.00 2.253910e-10
9820.00 2.262179e-10
9830.00 1.709673e-10
9840.00 2.103750e-10
9850.00 2.602380e-10
9860.00 2.144583e-10
9870.00 2.196396e-10
9880.00 1.836849e-10
9890.00 2.063155e-10
9900.00 1.986491e-10
9910.00 1.922057e-10
9920.00 1.857449e-10
9930.00 1.792669e-10
9940.00 1.788519e-10
9950.00 1.784355e-10
9960.00 1.780176e-10
9970.00 1.775997e-10
9980.00 1.771804e-10
9990.00 1.767598e-10
10000.00 1.763392e-10
10010.00 1.759172e-10
10020.00 1.754938e-10
10030.00 1.750707e-10
10040.00 1.746460e-10
10050.00 1.742203e-10
10060.00 1.737946e-10
10070.00 1.733675e-10
10080.00 1.729393e-10
10090.00 1.725112e-10
10100.00 1.720818e-10
10110.00 1.716514e-10
10120.00 1.712210e-10
10130.00 1.707893e-10
10140.00 1.703568e-10
10150.00 1.699242e-10
10160.00 1.694904e-10
10170.00 1.690559e-10
10180.00 1.686213e-10
10190.00 1.681855e-10
10200.00 1.677491e-10
10210.00 1.673125e-10
10220.00 1.668749e-10
10230.00 1.664366e-10
10240.00 1.659982e-10
10250.00 1.655588e-10
10260.00 1.651189e-10
10270.00 1.646788e-10
10280.00 1.642377e-10
10290.00 1.637963e-10
10300.00 1.633546e-10
10310.00 1.629120e-10
10320.00 1.624690e-10
10330.00 1.620259e-10
10340.00 1.615819e-10
10350.00 1.611375e-10
10360.00 1.606931e-10
10370.00 1.602477e-10
10380.00 1.598022e-10
10390.00 1.593565e-10
10400.00 1.589098e-10
10410.00 1.584631e-10
10420.00 1.580163e-10
10430.00 1.575686e-10
10440.00 1.571209e-10
10450.00 1.566730e-10
10460.00 1.562243e-10
10470.00 1.557756e-10
10480.00 1.553268e-10
10490.00 1.548772e-10
10500.00 1.544277e-10
10510.00 1.539781e-10
10520.00 1.535277e-10
10530.00 1.530775e-10
10540.00 1.526272e-10
10550.00 1.521761e-10
10560.00 1.517253e-10
10570.00 1.512743e-10
10580.00 1.508227e-10
10590.00 1.503713e-10
10600.00 1.499198e-10
10610.00 1.494676e-10
10620.00 1.490160e-10
10630.00 1.485640e-10
10640.00 1.481115e-10
10650.00 1.476595e-10
10660.00 1.472072e-10
10670.00 1.467543e-10
10680.00 1.463021e-10
10690.00 1.458496e-10
10700.00 1.453965e-10
10710.00 1.449442e-10
10720.00 1.444915e-10
10730.00 1.440384e-10
10740.00 1.435860e-10
10750.00 1.431333e-10
10760.00 1.426802e-10
10770.00 1.422278e-10
10780.00 1.417752e-10
10790.00 1.413222e-10
10800.00 1.408700e-10
10810.00 1.404175e-10
10820.00 1.399646e-10
10830.00 1.395127e-10
10840.00 1.390604e-10
10850.00 1.386078e-10
10860.00 1.381562e-10
10870.00 1.377043e-10
10880.00 1.372521e-10
10890.00 1.368008e-10
10900.00 1.363492e-10
10910.00 1.358976e-10
10920.00 1.354467e-10
10930.00 1.349957e-10
10940.00 1.345445e-10
10950.00 1.340942e-10
10960.00 1.336438e-10
10970.00 1.331933e-10
10980.00 1.327436e-10
10990.00 1.322938e-10
11000.00 1.318441e-10
11010.00 1.313951e-10
11020.00 1.309460e-10
11030.00 1.304971e-10
11040.00 1.300489e-10
11050.00 1.296007e-10
11060.00 1.291526e-10
11070.00 1.287053e-10
11080.00 1.282580e-10
11090.00 1.278108e-10
11100.00 1.273645e-10
11110.00 1.269181e-10
11120.00 1.264720e-10
11130.00 1.260267e-10
11140.00 1.255813e-10
11150.00 1.251364e-10
11160.00 1.246922e-10
11170.00 1.242479e-10
11180.00 1.238042e-10
11190.00 1.233611e-10
11200.00 1.229181e-10
11210.00 1.224755e-10
11220.00 1.220337e-10
11230.00 1.215919e-10
11240.00 1.211508e-10
11250.00 1.207102e-10
11260.00 1.202698e-10
11270.00 1.198299e-10
11280.00 1.193908e-10
11290.00 1.189518e-10
11300.00 1.185135e-10
11310.00 1.180758e-10
11320.00 1.176382e-10
11330.00 1.172014e-10
11340.00 1.167651e-10
11350.00 1.163291e-10
11360.00 1.158939e-10
11370.00 1.154593e-10
11380.00 1.150248e-10
11390.00 1.145912e-10
11400.00 1.141582e-10
11410.00 1.137254e-10
11420.00 1.132935e-10
11430.00 1.128622e-10
11440.00 1.124312e-10
11450.00 1.120011e-10
11460.00 1.115715e-10
11470.00 1.111422e-10
11480.00 1.107140e-10
11490.00 1.102862e-10
11500.00 1.098588e-10
11510.00 1.094324e-10
11520.00 1.090065e-10
11530.00 1.085810e-10
11540.00 1.081564e-10
11550.00 1.077325e-10
11560.00 1.073089e-10
11570.00 1.068865e-10
11580.00 1.064645e-10
11590.00 1.060428e-10
11600.00 1.056224e-10
11610.00 1.052025e-10
11620.00 1.047829e-10
11630.00 1.043646e-10
11640.00 1.039467e-10
11650.00 1.035293e-10
11660.00 1.031131e-10
11670.00 1.026974e-10
11680.00 1.022821e-10
11690.00 1.018680e-10
11700.00 1.014545e-10
11710.00 1.010414e-10
11720.00 1.006296e-10
11730.00 1.002183e-10
11740.00 9.980749e-11
11750.00 9.939801e-11
11760.00 9.898890e-11
11770.00 9.858042e-11
11780.00 9.817318e-11
11790.00 9.776644e-11
11800.00 9.736027e-11
11810.00 9.695540e-11
11820.00 9.655103e-11
11830.00 9.614729e-11
11840.00 9.574479e-11
11850.00 9.534285e-11
11860.00 9.494148e-11
11870.00 9.454141e-11
11880.00 9.414191e-11
11890.00 9.374309e-11
11900.00 9.334545e-11
11910.00 9.294844e-11
11920.00 9.255211e-11
11930.00 9.215697e-11
11940.00 9.176246e-11
11950.00 9.136869e-11
11960.00 9.097616e-11
11970.00 9.058408e-11
11980.00 9.019299e-11
11990.00 8.980296e-11
12000.00 8.941355e-11
12010.00 8.902502e-11
12020.00 8.863761e-11
12030.00 8.825082e-11
12040.00 8.786491e-11
12050.00 8.748018e-11
12060.00 8.709601e-11
12070.00 8.671284e-11
12080.00 8.633073e-11
12090.00 8.594924e-11
12100.00 8.556875e-11
12110.00 8.518938e-11
12120.00 8.481064e-11
12130.00 8.443289e-11
12140.00 8.405627e-11
12150.00 8.368027e-11
12160.00 8.330526e-11
12170.00 8.293138e-11
12180.00 8.255812e-11
12190.00 8.218599e-11
12200.00 8.181485e-11
12210.00 8.144440e-11
12220.00 8.107507e-11
12230.00 8.070673e-11
12240.00 8.033909e-11
12250.00 7.997256e-11
12260.00 7.960710e-11
12270.00 7.924226e-11
12280.00 7.887866e-11
12290.00 7.851600e-11
12300.00 7.815409e-11
12310.00 7.779336e-11
12320.00 7.743357e-11
12330.00 7.707453e-11
12340.00 7.671673e-11
12350.00 7.635987e-11
12360.00 7.600369e-11
12370.00 7.564883e-11
12380.00 7.529483e-11
12390.00 7.494165e-11
12400.00 7.458971e-11
12410.00 7.423871e-11
12420.00 7.388840e-11
12430.00 7.353939e-11
12440.00 7.319132e-11
12450.00 7.284400e-11
12460.00 7.249805e-11
12470.00 7.215291e-11
12480.00 7.180858e-11
12490.00 7.146556e-11
12500.00 7.112347e-11
12510.00 7.078207e-11
12520.00 7.044210e-11
12530.00 7.010295e-11
12540.00 6.976460e-11
12550.00 6.942763e-11
12560.00 6.909147e-11
12570.00 6.875618e-11
12580.00 6.842220e-11
12590.00 6.808909e-11
12600.00 6.775679e-11
12610.00 6.742593e-11
12620.00 6.709581e-11
12630.00 6.676657e-11
12640.00 6.643870e-11
12650.00 6.611164e-11
12660.00 6.578545e-11
12670.00 6.546063e-11
12680.00 6.513663e-11
12690.00 6.481356e-11
12700.00 6.449173e-11
12710.00 6.417078e-11
12720.00 6.385077e-11
12730.00 6.353206e-11
12740.00 6.321423e-11
12750.00 6.289727e-11
12760.00 6.258161e-11
12770.00 6.226679e-11
12780.00 6.195292e-11
12790.00 6.164036e-11
12800.00 6.132863e-11
12810.00 6.101786e-11
12820.00 6.070837e-11
12830.00 6.039973e-11
12840.00 6.009204e-11
12850.00 5.978563e-11
12860.00 5.948004e-11
12870.00 5.917549e-11
12880.00 5.887215e-11
12890.00 5.856966e-11
12900.00 5.826820e-11
12910.00 5.796793e-11
12920.00 5.766855e-11
12930.00 5.737019e-11
12940.00 5.707300e-11
12950.00 5.677669e-11
12960.00 5.648145e-11
12970.00 5.618736e-11
12980.00 5.589411e-11
12990.00 5.560199e-11
13000.00 5.531098e-11
13010.00 5.502082e-11
13020.00 5.473178e-11
13030.00 5.444387e-11
13040.00 5.415680e-11
13050.00 5.387084e-11
13060.00 5.358601e-11
13070.00 5.330204e-11
13080.00 5.301919e-11
13090.00 5.273741e-11
13100.00 5.245650e-11
13110.00 5.217675e-11
13120.00 5.189806e-11
13130.00 5.162024e-11
13140.00 5.134357e-11
13150.00 5.106794e-11
13160.00 5.079318e-11
13170.00 5.051960e-11
13180.00 5.024704e-11
13190.00 4.997535e-11
13200.00 4.970484e-11
13210.00 4.943534e-11
13220.00 4.916671e-11
13230.00 4.889927e-11
13240.00 4.863282e-11
13250.00 4.836724e-11
13260.00 4.810286e-11
13270.00 4.783946e-11
13280.00 4.757693e-11
13290.00 4.731561e-11
13300.00 4.705524e-11
13310.00 4.679574e-11
13320.00 4.653746e-11
13330.00 4.628013e-11
13340.00 4.602367e-11
13350.00 4.576842e-11
13360.00 4.551410e-11
13370.00 4.526065e-11
13380.00 4.500844e-11
13390.00 4.475713e-11
13400.00 4.450670e-11
13410.00 4.425750e-11
13420.00 4.400920e-11
13430.00 4.376176e-11
13440.00 4.351556e-11
13450.00 4.327024e-11
13460.00 4.302579e-11
13470.00 4.278259e-11
13480.00 4.254025e-11
13490.00 4.229879e-11
13500.00 4.205856e-11
13510.00 4.181919e-11
13520.00 4.158070e-11
13530.00 4.134343e-11
13540.00 4.110702e-11
13550.00 4.087148e-11
13560.00 4.063716e-11
13570.00 4.040369e-11
13580.00 4.017111e-11
13590.00 3.993972e-11
13600.00 3.970916e-11
13610.00 3.947953e-11
13620.00 3.925105e-11
13630.00 3.902342e-11
13640.00 3.879671e-11
13650.00 3.857113e-11
13660.00 3.834640e-11
13670.00 3.812259e-11
13680.00 3.789989e-11
13690.00 3.767805e-11
13700.00 3.745713e-11
13710.00 3.723732e-11
13720.00 3.701835e-11
13730.00 3.680030e-11
13740.00 3.658334e-11
13750.00 3.636722e-11
13760.00 3.615204e-11
13770.00 3.593792e-11
13780.00 3.572464e-11
13790.00 3.551231e-11
13800.00 3.530102e-11
13810.00 3.509055e-11
13820.00 3.488105e-11
13830.00 3.467256e-11
13840.00 3.446490e-11
13850.00 3.425821e-11
13860.00 3.405251e-11
13870.00 3.384765e-11
13880.00 3.364374e-11
13890.00 3.344082e-11
13900.00 3.323872e-11
13910.00 3.303759e-11
13920.00 3.283742e-11
13930.00 3.263808e-11
13940.00 3.243970e-11
13950.00 3.224228e-11
13960.00 3.204566e-11
13970.00 3.185002e-11
13980.00 3.165532e-11
13990.00 3.146142e-11
14000.00 3.126850e-11
14010.00 3.107650e-11
14020.00 3.088530e-11
14030.00 3.069507e-11
14040.00 3.050575e-11
14050.00 3.031722e-11
14060.00 3.012968e-11
14070.00 2.994303e-11
14080.00 2.975716e-11
14090.00 2.957227e-11
14100.00 2.938826e-11
14110.00 2.920503e-11
14120.00 2.902279e-11
14130.00 2.884139e-11
14140.00 2.866078e-11
14150.00 2.848115e-11
14160.00 2.830237e-11
14170.00 2.812435e-11
14180.00 2.794732e-11
14190.00 2.777112e-11
14200.00 2.759569e-11
14210.00 2.742123e-11
14220.00 2.724759e-11
14230.00 2.707471e-11
14240.00 2.690281e-11
14250.00 2.673171e-11
14260.00 2.656138e-11
14270.00 2.639201e-11
14280.00 2.622343e-11
14290.00 2.605560e-11
14300.00 2.588876e-11
14310.00 2.572267e-11
14320.00 2.555735e-11
14330.00 2.539299e-11
14340.00 2.522938e-11
14350.00 2.506652e-11
14360.00 2.490463e-11
14370.00 2.474349e-11
14380.00 2.458308e-11
14390.00 2.442364e-11
14400.00 2.426493e-11
14410.00 2.410696e-11
14420.00 2.394994e-11
14430.00 2.379364e-11
14440.00 2.363809e-11
14450.00 2.348345e-11
14460.00 2.332955e-11
14470.00 2.317639e-11
14480.00 2.302413e-11
14490.00 2.287259e-11
14500.00 2.272180e-11
14510.00 2.257190e-11
14520.00 2.242271e-11
14530.00 2.227426e-11
14540.00 2.212669e-11
14550.00 2.197982e-11
14560.00 2.183370e-11
14570.00 2.168843e-11
14580.00 2.154387e-11
14590.00 2.140005e-11
14600.00 2.125707e-11
14610.00 2.111478e-11
14620.00 2.097324e-11
14630.00 2.083253e-11
14640.00 2.069250e-11
14650.00 2.055321e-11
14660.00 2.041473e-11
14670.00 2.027694e-11
14680.00 2.013988e-11
14690.00 2.000362e-11
14700.00 1.986804e-11
14710.00 1.973319e-11
14720.00 1.959913e-11
14730.00 1.946573e-11
14740.00 1.933307e-11
14750.00 1.920118e-11
14760.00 1.906995e-11
14770.00 1.893945e-11
14780.00 1.880971e-11
14790.00 1.868062e-11
14800.00 1.855227e-11
14810.00 1.842465e-11
14820.00 1.829768e-11
14830.00 1.817144e-11
14840.00 1.804592e-11
14850.00 1.792105e-11
14860.00 1.779691e-11
14870.00 1.767348e-11
14880.00 1.755067e-11
14890.00 1.742860e-11
14900.00 1.730722e-11
14910.00 1.718647e-11
14920.00 1.706644e-11
14930.00 1.694710e-11
14940.00 1.682838e-11
14950.00 1.671037e-11
14960.00 1.659304e-11
14970.00 1.647633e-11
14980.00 1.636032e-11
14990.00 1.624498e-11
15000.00 1.613024e-11
15010.00 1.601621e-11
15020.00 1.590283e-11
15030.00 1.579006e-11
15040.00 1.567799e-11
15050.00 1.556655e-11
15060.00 1.545570e-11
15070.00 1.534557e-11
15080.00 1.523604e-11
15090.00 1.512712e-11
15100.00 1.501889e-11
15110.00 1.491127e-11
15120.00 1.480423e-11
15130.00 1.469788e-11
15140.00 1.459213e-11
15150.00 1.448695e-11
15160.00 1.438248e-11
15170.00 1.427857e-11
15180.00 1.417525e-11
15190.00 1.407260e-11
15200.00 1.397053e-11
15210.00 1.386902e-11
15220.00 1.376819e-11
15230.00 1.366793e-11
15240.00 1.356822e-11
15250.00 1.346919e-11
15260.00 1.337071e-11
15270.00 1.327277e-11
15280.00 1.317551e-11
15290.00 1.307878e-11
15300.00 1.298261e-11
15310.00 1.288709e-11
15320.00 1.279210e-11
15330.00 1.269766e-11
15340.00 1.260387e-11
15350.00 1.251060e-11
15360.00 1.241787e-11
15370.00 1.232577e-11
15380.00 1.223419e-11
15390.00 1.214316e-11
15400.00 1.205273e-11
15410.00 1.196283e-11
15420.00 1.187346e-11
15430.00 1.178469e-11
15440.00 1.169644e-11
15450.00 1.160871e-11
15460.00 1.152157e-11
15470.00 1.143495e-11
15480.00 1.134885e-11
15490.00 1.126332e-11
15500.00 1.117830e-11
15510.00 1.109380e-11
15520.00 1.100987e-11
15530.00 1.092643e-11
15540.00 1.084350e-11
15550.00 1.076114e-11
15560.00 1.067925e-11
15570.00 1.059789e-11
15580.00 1.051708e-11
15590.00 1.043673e-11
15600.00 1.035691e-11
15610.00 1.027761e-11
15620.00 1.019879e-11
15630.00 1.012048e-11
15640.00 1.004268e-11
15650.00 9.965362e-12
15660.00 9.888541e-12
15670.00 9.812231e-12
15680.00 9.736382e-12
15690.00 9.661032e-12
15700.00 9.586181e-12
15710.00 9.511791e-12
15720.00 9.437888e-12
15730.00 9.364483e-12
15740.00 9.291527e-12
15750.00 9.219051e-12
15760.00 9.147068e-12
15770.00 9.075521e-12
15780.00 9.004461e-12
15790.00 8.933868e-12
15800.00 8.863711e-12
15810.00 8.794041e-12
15820.00 8.724832e-12
15830.00 8.656047e-12
15840.00 8.587742e-12
15850.00 8.519892e-12
15860.00 8.452460e-12
15870.00 8.385502e-12
15880.00 8.318986e-12
15890.00 8.252882e-12
15900.00 8.187252e-12
15910.00 8.122058e-12
15920.00 8.057269e-12
15930.00 7.992942e-12
15940.00 7.929039e-12
15950.00 7.865547e-12
15960.00 7.802510e-12
15970.00 7.739885e-12
15980.00 7.677658e-12
15990.00 7.615887e-12
16000.00 7.554527e-12
16010.00 7.493554e-12
16020.00 7.433030e-12
16030.00 7.372905e-12
16040.00 7.313166e-12
16050.00 7.253870e-12
16060.00 7.194960e-12
16070.00 7.136437e-12
16080.00 7.078350e-12
16090.00 7.020644e-12
16100.00 6.963312e-12
16110.00 6.906416e-12
16120.00 6.849888e-12
16130.00 6.793734e-12
16140.00 6.738010e-12
16150.00 6.682648e-12
16160.00 6.627654e-12
16170.00 6.573077e-12
16180.00 6.518856e-12
16190.00 6.465003e-12
16200.00 6.411554e-12
16210.00 6.358468e-12
16220.00 6.305730e-12
16230.00 6.253398e-12
16240.00 6.201416e-12
16250.00 6.149786e-12
16260.00 6.098550e-12
16270.00 6.047656e-12
16280.00 5.997110e-12
16290.00 5.946949e-12
16300.00 5.897126e-12
16310.00 5.847649e-12
16320.00 5.798548e-12
16330.00 5.749779e-12
16340.00 5.701352e-12
16350.00 5.653292e-12
16360.00 5.605559e-12
16370.00 5.558164e-12
16380.00 5.511130e-12
16390.00 5.464417e-12
16400.00 5.418035e-12
16410.00 5.372007e-12
16420.00 5.326295e-12
16430.00 5.280912e-12
16440.00 5.235875e-12
16450.00 5.191145e-12
16460.00 5.146745e-12
16470.00 5.102679e-12
16480.00 5.058920e-12
16490.00 5.015481e-12
16500.00 4.972372e-12
16510.00 4.929564e-12
16520.00 4.887073e-12
16530.00 4.844904e-12
16540.00 4.803030e-12
16550.00 4.761471e-12
16560.00 4.720225e-12
16570.00 4.679270e-12
16580.00 4.638623e-12
16590.00 4.598286e-12
16600.00 4.558232e-12
16610.00 4.518484e-12
16620.00 4.479039e-12
16630.00 4.439872e-12
16640.00 4.401008e-12
16650.00 4.362437e-12
16660.00 4.324139e-12
16670.00 4.286140e-12
16680.00 4.248430e-12
16690.00 4.210991e-12
16700.00 4.173844e-12
16710.00 4.136977e-12
16720.00 4.100376e-12
16730.00 4.064065e-12
16740.00 4.028027e-12
16750.00 3.992251e-12
16760.00 3.956761e-12
16770.00 3.921539e-12
16780.00 3.886573e-12
16790.00 3.851887e-12
16800.00 3.817464e-12
16810.00 3.783293e-12
16820.00 3.749399e-12
16830.00 3.715761e-12
16840.00 3.682369e-12
16850.00 3.649251e-12
16860.00 3.616384e-12
16870.00 3.583759e-12
16880.00 3.551402e-12
16890.00 3.519291e-12
16900.00 3.487418e-12
16910.00 3.455808e-12
16920.00 3.424439e-12
16930.00 3.393303e-12
16940.00 3.362428e-12
16950.00 3.331787e-12
16960.00 3.301375e-12
16970.00 3.271219e-12
16980.00 3.241292e-12
16990.00 3.211590e-12
17000.00 3.182140e-12
17010.00 3.152913e-12
17020.00 3.123908e-12
17030.00 3.095151e-12
17040.00 3.066612e-12
17050.00 3.038291e-12
17060.00 3.010211e-12
17070.00 2.982346e-12
17080.00 2.954696e-12
17090.00 2.927282e-12
17100.00 2.900078e-12
17110.00 2.873086e-12
17120.00 2.846324e-12
17130.00 2.819768e-12
17140.00 2.793421e-12
17150.00 2.767299e-12
17160.00 2.741379e-12
17170.00 2.715664e-12
17180.00 2.690169e-12
17190.00 2.664872e-12
17200.00 2.639777e-12
17210.00 2.614897e-12
17220.00 2.590210e-12
17230.00 2.565723e-12
17240.00 2.541444e-12
17250.00 2.517357e-12
17260.00 2.493465e-12
17270.00 2.469778e-12
17280.00 2.446277e-12
17290.00 2.422968e-12
17300.00 2.399860e-12
17310.00 2.376934e-12
17320.00 2.354197e-12
17330.00 2.331655e-12
17340.00 2.309293e-12
17350.00 2.287116e-12
17360.00 2.265129e-12
17370.00 2.243319e-12
17380.00 2.221691e-12
17390.00 2.200249e-12
17400.00 2.178979e-12
17410.00 2.157888e-12
17420.00 2.136979e-12
17430.00 2.116238e-12
17440.00 2.095675e-12
17450.00 2.075288e-12
17460.00 2.055066e-12
17470.00 2.035017e-12
17480.00 2.015141e-12
17490.00 1.995427e-12
17500.00 1.975883e-12
17510.00 1.956508e-12
17520.00 1.937291e-12
17530.00 1.918241e-12
17540.00 1.899356e-12
17550.00 1.880626e-12
17560.00 1.862060e-12
17570.00 1.843654e-12
17580.00 1.825401e-12
17590.00 1.807309e-12
17600.00 1.789373e-12
17610.00 1.771586e-12
17620.00 1.753957e-12
17630.00 1.736481e-12
17640.00 1.719150e-12
17650.00 1.701975e-12
17660.00 1.684948e-12
17670.00 1.668065e-12
17680.00 1.651333e-12
17690.00 1.634747e-12
17700.00 1.618300e-12
17710.00 1.602003e-12
17720.00 1.585847e-12
17730.00 1.569828e-12
17740.00 1.553956e-12
17750.00 1.538221e-12
17760.00 1.522621e-12
17770.00 1.507164e-12
17780.00 1.491842e-12
17790.00 1.476650e-12
17800.00 1.461600e-12
17810.00 1.446680e-12
17820.00 1.431889e-12
17830.00 1.417236e-12
17840.00 1.402711e-12
17850.00 1.388311e-12
17860.00 1.374047e-12
17870.00 1.359907e-12
17880.00 1.345889e-12
17890.00 1.332005e-12
17900.00 1.318242e-12
17910.00 1.304599e-12
17920.00 1.291086e-12
17930.00 1.277692e-12
17940.00 1.264414e-12
17950.00 1.251264e-12
17960.00 1.238230e-12
17970.00 1.225310e-12
17980.00 1.212515e-12
17990.00 1.199833e-12
18000.00 1.187263e-12
18010.00 1.174814e-12
18020.00 1.162475e-12
18030.00 1.150247e-12
18040.00 1.138137e-12
18050.00 1.126134e-12
18060.00 1.114240e-12
18070.00 1.102461e-12
18080.00 1.090786e-12
18090.00 1.079218e-12
18100.00 1.067762e-12
18110.00 1.056408e-12
18120.00 1.045160e-12
18130.00 1.034018e-12
18140.00 1.022978e-12
18150.00 1.012040e-12
18160.00 1.001208e-12
18170.00 9.904738e-13
18180.00 9.798396e-13
18190.00 9.693084e-13
18200.00 9.588725e-13
18210.00 9.485357e-13
18220.00 9.382981e-13
18230.00 9.281546e-13
18240.00 9.181071e-13
18250.00 9.081569e-13
18260.00 8.982983e-13
18270.00 8.885332e-13
18280.00 8.788636e-13
18290.00 8.692830e-13
18300.00 8.597942e-13
18310.00 8.503976e-13
18320.00 8.410889e-13
18330.00 8.318693e-13
18340.00 8.227402e-13
18350.00 8.136958e-13
18360.00 8.047400e-13
18370.00 7.958708e-13
18380.00 7.870852e-13
18390.00 7.783856e-13
18400.00 7.697708e-13
18410.00 7.612371e-13
18420.00 7.527881e-13
18430.00 7.444214e-13
18440.00 7.361340e-13
18450.00 7.279294e-13
18460.00 7.198046e-13
18470.00 7.117572e-13
18480.00 7.037907e-13
18490.00 6.959016e-13
18500.00 6.880886e-13
18510.00 6.803541e-13
18520.00 6.726957e-13
18530.00 6.651108e-13
18540.00 6.576032e-13
18550.00 6.501686e-13
18560.00 6.428070e-13
18570.00 6.355195e-13
18580.00 6.283043e-13
18590.00 6.211592e-13
18600.00 6.140877e-13
18610.00 6.070858e-13
18620.00 6.001521e-13
18630.00 5.932905e-13
18640.00 5.864967e-13
18650.00 5.797692e-13
18660.00 5.731122e-13
18670.00 5.665211e-13
18680.00 5.599947e-13
18690.00 5.535370e-13
18700.00 5.471433e-13
18710.00 5.408129e-13
18720.00 5.345494e-13
18730.00 5.283483e-13
18740.00 5.222086e-13
18750.00 5.161344e-13
18760.00 5.101208e-13
18770.00 5.041672e-13
18780.00 4.982774e-13
18790.00 4.924464e-13
18800.00 4.866738e-13
18810.00 4.809636e-13
18820.00 4.753107e-13
18830.00 4.697148e-13
18840.00 4.641791e-13
18850.00 4.586994e-13
18860.00 4.532753e-13
18870.00 4.479100e-13
18880.00 4.425990e-13
18890.00 4.373424e-13
18900.00 4.321427e-13
18910.00 4.269961e-13
18920.00 4.219022e-13
18930.00 4.168639e-13
18940.00 4.118773e-13
18950.00 4.069421e-13
18960.00 4.020608e-13
18970.00 3.972297e-13
18980.00 3.924489e-13
18990.00 3.877204e-13
19000.00 3.830408e-13
19010.00 3.784103e-13
19020.00 3.738304e-13
19030.00 3.692983e-13
19040.00 3.648141e-13
19050.00 3.603789e-13
19060.00 3.559902e-13
19070.00 3.516480e-13
19080.00 3.473538e-13
19090.00 3.431044e-13
19100.00 3.389007e-13
19110.00 3.347434e-13
19120.00 3.306299e-13
19130.00 3.265607e-13
19140.00 3.225365e-13
19150.00 3.185548e-13
19160.00 3.146166e-13
19170.00 3.107218e-13
19180.00 3.068687e-13
19190.00 3.030577e-13
19200.00 2.992889e-13
19210.00 2.955603e-13
19220.00 2.918730e-13
19230.00 2.882266e-13
19240.00 2.846194e-13
19250.00 2.810523e-13
19260.00 2.775250e-13
19270.00 2.740357e-13
19280.00 2.705855e-13
19290.00 2.671738e-13
19300.00 2.637991e-13
19310.00 2.604624e-13
19320.00 2.571631e-13
19330.00 2.538997e-13
19340.00 2.506734e-13
19350.00 2.474833e-13
19360.00 2.443281e-13
19370.00 2.412090e-13
19380.00 2.381250e-13
19390.00 2.350749e-13
19400.00 2.320599e-13
19410.00 2.290789e-13
19420.00 2.261308e-13
19430.00 2.232170e-13
19440.00 2.203360e-13
19450.00 2.174872e-13
19460.00 2.146715e-13
19470.00 2.118877e-13
19480.00 2.091351e-13
19490.00 2.064147e-13
19500.00 2.037253e-13
19510.00 2.010661e-13
19520.00 1.984383e-13
19530.00 1.958405e-13
19540.00 1.932720e-13
19550.00 1.907340e-13
19560.00 1.882251e-13
19570.00 1.857446e-13
19580.00 1.832939e-13
19590.00 1.808712e-13
19600.00 1.784762e-13
19610.00 1.761100e-13
19620.00 1.737710e-13
19630.00 1.714588e-13
19640.00 1.691748e-13
19650.00 1.669170e-13
19660.00 1.646852e-13
19670.00 1.624807e-13
19680.00 1.603017e-13
19690.00 1.581480e-13
19700.00 1.560206e-13
19710.00 1.539181e-13
19720.00 1.518400e-13
19730.00 1.497875e-13
19740.00 1.477590e-13
19750.00 1.457543e-13
19760.00 1.437743e-13
19770.00 1.418176e-13
19780.00 1.398841e-13
19790.00 1.379744e-13
19800.00 1.360873e-13
19810.00 1.342227e-13
19820.00 1.323813e-13
19830.00 1.305616e-13
19840.00 1.287639e-13
19850.00 1.269884e-13
19860.00 1.252342e-13
19870.00 1.235012e-13
19880.00 1.217898e-13
19890.00 1.200989e-13
19900.00 1.184286e-13
19910.00 1.167792e-13
19920.00 1.151497e-13
19930.00 1.135402e-13
19940.00 1.119509e-13
19950.00 1.103808e-13
19960.00 1.088301e-13
19970.00 1.072990e-13
19980.00 1.057864e-13
19990.00 1.042927e-13
20000.00 1.028179e-13
20010.00 1.013611e-13
20020.00 9.992258e-14
20030.00 9.850230e-14
20040.00 9.709948e-14
20050.00 9.571430e-14
20060.00 9.434683e-14
20070.00 9.299620e-14
20080.00 9.166277e-14
20090.00 9.034636e-14
20100.00 8.904628e-14
20110.00 8.776279e-14
20120.00 8.649582e-14
20130.00 8.524468e-14
20140.00 8.400957e-14
20150.00 8.279042e-14
20160.00 8.158654e-14
20170.00 8.039825e-14
20180.00 7.922536e-14
20190.00 7.806724e-14
20200.00 7.692421e-14
20210.00 7.579602e-14
20220.00 7.468217e-14
20230.00 7.358297e-14
20240.00 7.249799e-14
20250.00 7.142690e-14
20260.00 7.036997e-14
20270.00 6.932688e-14
20280.00 6.829713e-14
20290.00 6.728110e-14
20300.00 6.627841e-14
20310.00 6.528862e-14
20320.00 6.431212e-14
20330.00 6.334845e-14
20340.00 6.239732e-14
20350.00 6.145901e-14
20360.00 6.053306e-14
20370.00 5.961925e-14
20380.00 5.871783e-14
20390.00 5.782836e-14
20400.00 5.695058e-14
20410.00 5.608478e-14
20420.00 5.523051e-14
20430.00 5.438754e-14
20440.00 5.355615e-14
20450.00 5.273589e-14
20460.00 5.192653e-14
20470.00 5.112836e-14
20480.00 5.034092e-14
20490.00 4.956400e-14
20500.00 4.879791e-14
20510.00 4.804213e-14
20520.00 4.729654e-14
20530.00 4.656141e-14
20540.00 4.583621e-14
20550.00 4.512083e-14
20560.00 4.441555e-14
20570.00 4.371987e-14
20580.00 4.303365e-14
20590.00 4.235717e-14
20600.00 4.168993e-14
20610.00 4.103185e-14
20620.00 4.038316e-14
20630.00 3.974338e-14
20640.00 3.911243e-14
20650.00 3.849051e-14
20660.00 3.787719e-14
20670.00 3.727241e-14
20680.00 3.667632e-14
20690.00 3.608852e-14
20700.00 3.550896e-14
20710.00 3.493775e-14
20720.00 3.437454e-14
20730.00 3.381928e-14
20740.00 3.327207e-14
20750.00 3.273255e-14
20760.00 3.220072e-14
20770.00 3.167663e-14
20780.00 3.115994e-14
20790.00 3.065066e-14
20800.00 3.014883e-14
20810.00 2.965414e-14
20820.00 2.916659e-14
20830.00 2.868620e-14
20840.00 2.821270e-14
20850.00 2.774606e-14
20860.00 2.728633e-14
20870.00 2.683321e-14
20880.00 2.638672e-14
20890.00 2.594686e-14
20900.00 2.551337e-14
20910.00 2.508628e-14
20920.00 2.466553e-14
20930.00 2.425094e-14
20940.00 2.384249e-14
20950.00 2.344017e-14
20960.00 2.304374e-14
20970.00 2.265325e-14
20980.00 2.226862e-14
20990.00 2.188968e-14
21000.00 2.151644e-14
21010.00 2.114885e-14
21020.00 2.078672e-14
21030.00 2.043008e-14
21040.00 2.007886e-14
21050.00 1.973289e-14
21060.00 1.939221e-14
21070.00 1.905673e-14
21080.00 1.872630e-14
21090.00 1.840096e-14
21100.00 1.808060e-14
21110.00 1.776510e-14
21120.00 1.745449e-14
21130.00 1.714867e-14
21140.00 1.684751e-14
21150.00 1.655106e-14
21160.00 1.625920e-14
21170.00 1.597183e-14
21180.00 1.568897e-14
21190.00 1.541052e-14
21200.00 1.513637e-14
21210.00 1.486656e-14
21220.00 1.460098e-14
21230.00 1.433953e-14
21240.00 1.408225e-14
21250.00 1.382903e-14
21260.00 1.357977e-14
21270.00 1.333452e-14
21280.00 1.309315e-14
21290.00 1.285558e-14
21300.00 1.262187e-14
21310.00 1.239187e-14
21320.00 1.216552e-14
21330.00 1.194287e-14
21340.00 1.172378e-14
21350.00 1.150820e-14
21360.00 1.129615e-14
21370.00 1.108752e-14
21380.00 1.088225e-14
21390.00 1.068037e-14
21400.00 1.048176e-14
21410.00 1.028638e-14
21420.00 1.009425e-14
21430.00 9.905249e-15
21440.00 9.719331e-15
21450.00 9.536536e-15
21460.00 9.356740e-15
21470.00 9.179893e-15
21480.00 9.006044e-15
21490.00 8.835058e-15
21500.00 8.666908e-15
21510.00 8.501613e-15
21520.00 8.339068e-15
21530.00 8.179234e-15
21540.00 8.022138e-15
21550.00 7.867673e-15
21560.00 7.715801e-15
21570.00 7.566541e-15
21580.00 7.419800e-15
21590.00 7.275547e-15
21600.00 7.133794e-15
21610.00 6.994447e-15
21620.00 6.857475e-15
21630.00 6.722898e-15
21640.00 6.590615e-15
21650.00 6.460614e-15
21660.00 6.332894e-15
21670.00 6.207369e-15
21680.00 6.084027e-15
21690.00 5.962860e-15
21700.00 5.843795e-15
21710.00 5.726815e-15
21720.00 5.611912e-15
21730.00 5.499016e-15
21740.00 5.388114e-15
21750.00 5.279193e-15
21760.00 5.172189e-15
21770.00 5.067090e-15
21780.00 4.963880e-15
21790.00 4.862503e-15
21800.00 4.762944e-15
21810.00 4.665187e-15
21820.00 4.569176e-15
21830.00 4.474904e-15
21840.00 4.382349e-15
21850.00 4.291461e-15
21860.00 4.202232e-15
21870.00 4.114639e-15
21880.00 4.028635e-15
21890.00 3.944215e-15
21900.00 3.861353e-15
21910.00 3.780007e-15
21920.00 3.700171e-15
21930.00 3.621819e-15
21940.00 3.544910e-15
21950.00 3.469443e-15
21960.00 3.395388e-15
21970.00 3.322708e-15
21980.00 3.251401e-15
21990.00 3.181438e-15
22000.00 3.112785e-15
22010.00 3.045441e-15
22020.00 2.979374e-15
22030.00 2.914555e-15
22040.00 2.850981e-15
22050.00 2.788623e-15
22060.00 2.727452e-15
22070.00 2.667466e-15
22080.00 2.608636e-15
22090.00 2.550935e-15
22100.00 2.494362e-15
22110.00 2.438886e-15
22120.00 2.384485e-15
22130.00 2.331156e-15
22140.00 2.278870e-15
22150.00 2.227605e-15
22160.00 2.177359e-15
22170.00 2.128104e-15
22180.00 2.079818e-15
22190.00 2.032500e-15
22200.00 1.986123e-15
22210.00 1.940666e-15
22220.00 1.896131e-15
22230.00 1.852486e-15
22240.00 1.809715e-15
22250.00 1.767818e-15
22260.00 1.726767e-15
22270.00 1.686545e-15
22280.00 1.647152e-15
22290.00 1.608561e-15
22300.00 1.570755e-15
22310.00 1.533737e-15
22320.00 1.497478e-15
22330.00 1.461965e-15
22340.00 1.427197e-15
22350.00 1.393148e-15
22360.00 1.359807e-15
22370.00 1.327170e-15
22380.00 1.295216e-15
22390.00 1.263930e-15
22400.00 1.233314e-15
22410.00 1.203341e-15
22420.00 1.174003e-15
22430.00 1.145296e-15
22440.00 1.117200e-15
22450.00 1.089704e-15
22460.00 1.062806e-15
22470.00 1.036484e-15
22480.00 1.010730e-15
22490.00 9.855405e-16
22500.00 9.608968e-16
22510.00 9.367900e-16
22520.00 9.132155e-16
22530.00 8.901573e-16
22540.00 8.676060e-16
22550.00 8.455577e-16
22560.00 8.239964e-16
22570.00 8.029146e-16
22580.00 7.823071e-16
22590.00 7.621592e-16
22600.00 7.424638e-16
22610.00 7.232149e-16
22620.00 7.044005e-16
22630.00 6.860125e-16
22640.00 6.680460e-16
22650.00 6.504885e-16
22660.00 6.333330e-16
22670.00 6.165750e-16
22680.00 6.002017e-16
22690.00 5.842082e-16
22700.00 5.685880e-16
22710.00 5.533304e-16
22720.00 5.384305e-16
22730.00 5.238817e-16
22740.00 5.096742e-16
22750.00 4.958033e-16
22760.00 4.822626e-16
22770.00 4.690428e-16
22780.00 4.561396e-16
22790.00 4.435467e-16
22800.00 4.312555e-16
22810.00 4.192619e-16
22820.00 4.075596e-16
22830.00 3.961406e-16
22840.00 3.850014e-16
22850.00 3.741354e-16
22860.00 3.635355e-16
22870.00 3.531981e-16
22880.00 3.431169e-16
22890.00 3.332854e-16
22900.00 3.237001e-16
22910.00 3.143550e-16
22920.00 3.052438e-16
22930.00 2.963635e-16
22940.00 2.877082e-16
22950.00 2.792721e-16
22960.00 2.710521e-16
22970.00 2.630426e-16
22980.00 2.552384e-16
22990.00 2.476365e-16
23000.00 2.402315e-16
23010.00 2.330186e-16
23020.00 2.259947e-16
23030.00 2.191550e-16
23040.00 2.124946e-16
23050.00 2.060111e-16
23060.00 1.996995e-16
23070.00 1.935553e-16
23080.00 1.875764e-16
23090.00 1.817577e-16
23100.00 1.760955e-16
23110.00 1.705873e-16
23120.00 1.652286e-16
23130.00 1.600157e-16
23140.00 1.549465e-16
23150.00 1.500165e-16
23160.00 1.452223e-16
23170.00 1.405620e-16
23180.00 1.360312e-16
23190.00 1.316269e-16
23200.00 1.273472e-16
23210.00 1.231879e-16
23220.00 1.191461e-16
23230.00 1.152203e-16
23240.00 1.114064e-16
23250.00 1.077016e-16
23260.00 1.041045e-16
23270.00 1.006113e-16
23280.00 9.721956e-17
23290.00 9.392750e-17
23300.00 9.073190e-17
23310.00 8.763037e-17
23320.00 8.462124e-17
23330.00 8.170144e-17
23340.00 7.886887e-17
23350.00 7.612184e-17
23360.00 7.345747e-17
23370.00 7.087384e-17
23380.00 6.836933e-17
23390.00 6.594125e-17
23400.00 6.358786e-17
23410.00 6.130746e-17
23420.00 5.909774e-17
23430.00 5.695695e-17
23440.00 5.488354e-17
23450.00 5.287534e-17
23460.00 5.093072e-17
23470.00 4.904821e-17
23480.00 4.722579e-17
23490.00 4.546197e-17
23500.00 4.375531e-17
23510.00 4.210396e-17
23520.00 4.050654e-17
23530.00 3.896167e-17
23540.00 3.746766e-17
23550.00 3.602321e-17
23560.00 3.462702e-17
23570.00 3.327752e-17
23580.00 3.197353e-17
23590.00 3.071377e-17
23600.00 2.949684e-17
23610.00 2.832161e-17
23620.00 2.718690e-17
23630.00 2.609140e-17
23640.00 2.503408e-17
23650.00 2.401381e-17
23660.00 2.302939e-17
23670.00 2.207986e-17
23680.00 2.116418e-17
23690.00 2.028122e-17
23700.00 1.943010e-17
23710.00 1.860984e-17
23720.00 1.781942e-17
23730.00 1.705801e-17
23740.00 1.632469e-17
23750.00 1.561852e-17
23760.00 1.493875e-17
23770.00 1.428451e-17
23780.00 1.365493e-17
23790.00 1.304933e-17
23800.00 1.246688e-17
23810.00 1.190682e-17
23820.00 1.136848e-17
23830.00 1.085113e-17
23840.00 1.035403e-17
23850.00 9.876589e-18
23860.00 9.418112e-18
23870.00 8.977946e-18
23880.00 8.555535e-18
23890.00 8.150238e-18
23900.00 7.761443e-18
23910.00 7.388653e-18
23920.00 7.031274e-18
23930.00 6.688758e-18
23940.00 6.360625e-18
23950.00 6.046339e-18
23960.00 5.745400e-18
23970.00 5.457373e-18
23980.00 5.181760e-18
23990.00 4.918105e-18
24000.00 4.666010e-18
24010.00 4.425020e-18
24020.00 4.194717e-18
24030.00 3.974741e-18
24040.00 3.764672e-18
24050.00 3.564134e-18
24060.00 3.372796e-18
24070.00 3.190274e-18
24080.00 3.016229e-18
24090.00 2.850358e-18
24100.00 2.692313e-18
24110.00 2.541786e-18
24120.00 2.398500e-18
24130.00 2.262141e-18
24140.00 2.132430e-18
24150.00 2.009116e-18
24160.00 1.891914e-18
24170.00 1.780575e-18
24180.00 1.674867e-18
24190.00 1.574536e-18
24200.00 1.479358e-18
24210.00 1.389120e-18
24220.00 1.303598e-18
24230.00 1.222587e-18
24240.00 1.145898e-18
24250.00 1.073328e-18
24260.00 1.004695e-18
24270.00 9.398268e-19
24280.00 8.785437e-19
24290.00 8.206828e-19
24300.00 7.660887e-19
24310.00 7.146019e-19
24320.00 6.660778e-19
24330.00 6.203765e-19
24340.00 5.773575e-19
24350.00 5.368912e-19
24360.00 4.988536e-19
24370.00 4.631204e-19
24380.00 4.295766e-19
24390.00 3.981122e-19
24400.00 3.686174e-19
24410.00 3.409911e-19
24420.00 3.151360e-19
24430.00 2.909557e-19
24440.00 2.683612e-19
24450.00 2.472668e-19
24460.00 2.275883e-19
24470.00 2.092479e-19
24480.00 1.921704e-19
24490.00 1.762826e-19
24500.00 1.615166e-19
24510.00 1.478070e-19
24520.00 1.350902e-19
24530.00 1.233074e-19
24540.00 1.124018e-19
24550.00 1.023189e-19
24560.00 9.300761e-20
24570.00 8.441930e-20
24580.00 7.650700e-20
24590.00 6.922719e-20
24600.00 6.253803e-20
24610.00 5.639959e-20
24620.00 5.077478e-20
24630.00 4.562801e-20
24640.00 4.092558e-20
24650.00 3.663606e-20
24660.00 3.272945e-20
24670.00 2.917748e-20
24680.00 2.595376e-20
24690.00 2.303322e-20
24700.00 2.039231e-20
24710.00 1.800911e-20
24720.00 1.586284e-20
24730.00 1.393409e-20
24740.00 1.220482e-20
24750.00 1.065799e-20
24760.00 9.277786e-21
24770.00 8.049514e-21
24780.00 6.959390e-21
24790.00 5.994661e-21
24800.00 5.143524e-21
24810.00 4.394989e-21
24820.00 3.738908e-21
24830.00 3.165953e-21
24840.00 2.667481e-21
24850.00 2.235564e-21
24860.00 1.862951e-21
24870.00 1.542974e-21
24880.00 1.269558e-21
24890.00 1.037181e-21
24900.00 8.408121e-22
24910.00 6.759033e-22
24920.00 5.383554e-22
24930.00 4.244707e-22
24940.00 3.309406e-22
24950.00 2.548145e-22
24960.00 1.934644e-22
24970.00 1.445683e-22
24980.00 1.060836e-22
24990.00 7.622059e-23
25000.00 5.342398e-23
