1000.00 1.402876e-38
1010.00 9.774868e-31
1020.00 3.225903e-29
1030.00 2.780824e-28
1040.00 1.344753e-27
1050.00 4.734912e-27
1060.00 1.376424e-26
1070.00 3.409206e-26
1080.00 7.837011e-26
1090.00 1.626051e-25
1100.00 3.218985e-25
1110.00 6.000184e-25
1120.00 1.071772e-24
1130.00 1.859988e-24
1140.00 3.079324e-24
1150.00 5.081264e-24
1160.00 8.025424e-24
1170.00 1.260541e-23
1180.00 1.925853e-23
1190.00 2.897027e-23
1200.00 4.314497e-23
1210.00 6.255412e-23
1220.00 9.132411e-23
1230.00 1.294630e-22
1240.00 1.842658e-22
1250.00 2.573208e-22
1260.00 3.568230e-22
1270.00 4.922698e-22
1280.00 6.666682e-22
1290.00 9.107261e-22
1300.00 1.215968e-21
1310.00 1.635629e-21
1320.00 2.166350e-21
1330.00 2.860531e-21
1340.00 3.763686e-21
1350.00 4.884215e-21
1360.00 6.391573e-21
1370.00 8.206560e-21
1380.00 1.063119e-20
1390.00 1.358615e-20
1400.00 1.734913e-20
1410.00 2.208542e-20
1420.00 2.781837e-20
1430.00 3.530100e-20
1440.00 4.407019e-20
1450.00 5.554693e-20
1460.00 6.914564e-20
1470.00 8.613515e-20
1480.00 1.069690e-19
1490.00 1.317496e-19
1500.00 1.633076e-19
1510.00 1.995438e-19
1520.00 2.462346e-19
1530.00 3.003238e-19
1540.00 3.669354e-19
1550.00 4.468843e-19
1560.00 5.407538e-19
1570.00 6.578327e-19
1580.00 7.901233e-19
1590.00 9.584884e-19
1600.00 1.149907e-18
1610.00 1.383006e-18
1620.00 1.657713e-18
1630.00 1.977066e-18
1640.00 2.368231e-18
1650.00 2.804485e-18
1660.00 3.354122e-18
1670.00 3.969079e-18
1680.00 4.711206e-18
1690.00 5.572002e-18
1700.00 6.564916e-18
1710.00 7.761743e-18
1720.00 9.082093e-18
1730.00 1.073160e-17
1740.00 1.255153e-17
1750.00 1.473154e-17
1760.00 1.722476e-17
1770.00 2.008269e-17
1780.00 2.347824e-17
1790.00 2.719503e-17
1800.00 3.179331e-17
1810.00 3.680991e-17
1820.00 4.278180e-17
1830.00 4.952579e-17
1840.00 5.721682e-17
1850.00 6.623583e-17
1860.00 7.606984e-17
1870.00 8.807052e-17
1880.00 1.010616e-16
1890.00 1.164450e-16
1900.00 1.336188e-16
1910.00 1.531213e-16
1920.00 1.757183e-16
1930.00 2.002820e-16
1940.00 2.298801e-16
1950.00 2.617028e-16
1960.00 2.992147e-16
1970.00 3.406534e-16
1980.00 3.875437e-16
1990.00 4.412755e-16
2000.00 4.995396e-16
2010.00 5.689249e-16
2020.00 6.430713e-16
2030.00 7.301295e-16
2040.00 8.253680e-16
2050.00 9.328117e-16
2060.00 1.054670e-15
2070.00 1.186542e-15
2080.00 1.341874e-15
2090.00 1.506951e-15
2100.00 1.700109e-15
2110.00 1.909506e-15
2120.00 2.145128e-15
2130.00 2.409800e-15
2140.00 2.695753e-15
2150.00 3.029133e-15
2160.00 3.381649e-15
2170.00 3.792886e-15
2180.00 4.234914e-15
2190.00 4.731194e-15
2200.00 5.283640e-15
2210.00 5.879692e-15
2220.00 6.567915e-15
2230.00 7.292274e-15
2240.00 8.135044e-15
2250.00 9.033657e-15
2260.00 1.004061e-14
2270.00 1.115198e-14
2280.00 1.234972e-14
2290.00 1.372009e-14
2300.00 1.515619e-14
2310.00 1.682310e-14
2320.00 1.858694e-14
2330.00 2.056011e-14
2340.00 2.272026e-14
2350.00 2.504609e-14
2360.00 2.768416e-14
2370.00 3.043756e-14
2380.00 3.362680e-14
2390.00 3.697694e-14
2400.00 4.071916e-14
2410.00 4.478434e-14
2420.00 4.915779e-14
2430.00 5.407758e-14
2440.00 5.919270e-14
2450.00 6.510658e-14
2460.00 7.127528e-14
2470.00 7.815708e-14
2480.00 8.557736e-14
2490.00 9.355487e-14
2500.00 1.024583e-13
2510.00 1.116812e-13
2520.00 1.223269e-13
2530.00 1.333561e-13
2540.00 1.456464e-13
2550.00 1.588037e-13
2560.00 1.729408e-13
2570.00 1.885993e-13
2580.00 2.048001e-13
2590.00 2.233915e-13
2600.00 2.425647e-13
2610.00 2.639096e-13
2620.00 2.866015e-13
2630.00 3.109709e-13
2640.00 3.377660e-13
2650.00 3.654887e-13
2660.00 3.970576e-13
2670.00 4.295019e-13
2680.00 4.655905e-13
2690.00 5.036971e-13
2700.00 5.446029e-13
2710.00 5.892619e-13
2720.00 6.354665e-13
2730.00 6.876908e-13
2740.00 7.411814e-13
2750.00 8.006371e-13
2760.00 8.630006e-13
2770.00 9.299196e-13
2780.00 1.002476e-12
2790.00 1.077539e-12
2800.00 1.161775e-12
2810.00 1.247759e-12
2820.00 1.343277e-12
2830.00 1.442810e-12
2840.00 1.549578e-12
2850.00 1.664556e-12
2860.00 1.783501e-12
2870.00 1.916052e-12
2880.00 2.050893e-12
2890.00 2.200613e-12
2900.00 2.355609e-12
2910.00 2.521825e-12
2920.00 2.699631e-12
2930.00 2.883551e-12
2940.00 3.087119e-12
2950.00 3.293486e-12
2960.00 3.522546e-12
2970.00 3.758127e-12
2980.00 4.010700e-12
2990.00 4.279101e-12
3000.00 4.556688e-12
3010.00 4.861884e-12
3020.00 5.170174e-12
3030.00 5.512295e-12
3040.00 5.861829e-12
3050.00 6.236497e-12
3060.00 6.632018e-12
3070.00 7.040993e-12
3080.00 7.487681e-12
3090.00 7.937237e-12
3100.00 8.436101e-12
3110.00 8.942322e-12
3120.00 9.484871e-12
3130.00 1.005379e-11
3140.00 1.064190e-11
3150.00 1.128006e-11
3160.00 1.191982e-11
3170.00 1.262982e-11
3180.00 1.334527e-11
3190.00 1.411199e-11
3200.00 1.491054e-11
3210.00 1.573570e-11
3220.00 1.662527e-11
3230.00 1.751334e-11
3240.00 1.849924e-11
3250.00 1.948547e-11
3260.00 2.054233e-11
3270.00 2.163539e-11
3280.00 2.108182e-11
3290.00 1.708563e-11
3300.00 2.517506e-11
3310.00 2.635525e-12
3320.00 1.269149e-11
3330.00 9.300006e-12
3340.00 2.065284e-11
3350.00 2.344820e-11
3360.00 1.649866e-11
3370.00 2.852499e-11
3380.00 3.103534e-11
3390.00 1.342227e-11
3400.00 1.341000e-11
3410.00 2.881551e-11
3420.00 2.058339e-11
3430.00 1.377607e-11
3440.00 1.468459e-11
3450.00 7.601024e-12
3460.00 3.625957e-11
3470.00 4.039008e-11
3480.00 5.531576e-11
3490.00 6.737911e-11
3500.00 6.906852e-11
3510.00 1.158440e-10
3520.00 1.396167e-10
3530.00 1.203288e-10
3540.00 9.751931e-11
3550.00 1.103830e-10
3560.00 1.341831e-10
3570.00 1.347134e-10
3580.00 1.374736e-10
3590.00 1.524332e-10
3600.00 1.455944e-10
3610.00 1.817190e-10
3620.00 2.028878e-10
3630.00 2.238182e-10
3640.00 2.219434e-10
3650.00 2.099654e-10
3660.00 1.929719e-10
3670.00 2.213505e-10
3680.00 2.751909e-10
3690.00 2.847234e-10
3700.00 2.271403e-10
3710.00 2.507954e-10
3720.00 2.523717e-10
3730.00 2.308395e-10
3740.00 2.503950e-10
3750.00 2.625498e-10
3760.00 1.741063e-10
3770.00 1.408446e-10
3780.00 1.588962e-10
3790.00 1.105413e-10
3800.00 7.571510e-11
3810.00 1.084790e-10
3820.00 8.447922e-11
3830.00 8.586483e-11
3840.00 9.873017e-11
3850.00 1.628220e-10
3860.00 1.747163e-10
3870.00 1.867445e-10
3880.00 2.332900e-10
3890.00 2.200079e-10
3900.00 2.487232e-10
3910.00 2.696510e-10
3920.00 2.673770e-10
3930.00 3.076918e-10
3940.00 3.482817e-10
3950.00 3.812675e-10
3960.00 4.305215e-10
3970.00 4.789798e-10
3980.00 4.953386e-10
3990.00 4.921112e-10
4000.00 4.739054e-10
4010.00 4.540132e-10
4020.00 4.231767e-10
4030.00 3.630644e-10
4040.00 3.055029e-10
4050.00 2.995250e-10
4060.00 2.859171e-10
4070.00 2.653587e-10
4080.00 2.362162e-10
4090.00 2.295692e-10
4100.00 2.081367e-10
4110.00 2.055759e-10
4120.00 2.220865e-10
4130.00 1.883697e-10
4140.00 1.645746e-10
4150.00 1.769985e-10
4160.00 1.773324e-10
4170.00 1.476647e-10
4180.00 1.660883e-10
4190.00 1.642095e-10
4200.00 1.476136e-10
4210.00 1.847667e-10
4220.00 1.697609e-10
4230.00 1.706977e-10
4240.00 1.770045e-10
4250.00 1.681795e-10
4260.00 1.770078e-10
4270.00 1.559968e-10
4280.00 1.840928e-10
4290.00 1.649953e-10
4300.00 1.759487e-10
4310.00 1.597760e-10
4320.00 1.547238e-10
4330.00 1.648733e-10
4340.00 1.659815e-10
4350.00 1.501883e-10
4360.00 1.532539e-10
4370.00 1.540541e-10
4380.00 1.478946e-10
4390.00 1.144805e-10
4400.00 1.340927e-10
4410.00 1.173924e-10
4420.00 1.199304e-10
4430.00 1.272972e-10
4440.00 1.242058e-10
4450.00 1.265430e-10
4460.00 1.235598e-10
4470.00 1.590146e-10
4480.00 1.545050e-10
4490.00 1.799047e-10
4500.00 1.848592e-10
4510.00 1.920076e-10
4520.00 1.948322e-10
4530.00 2.214340e-10
4540.00 2.400141e-10
4550.00 2.837872e-10
4560.00 2.904247e-10
4570.00 3.399212e-10
4580.00 3.508800e-10
4590.00 3.916162e-10
4600.00 3.904834e-10
4610.00 4.182559e-10
4620.00 4.195698e-10
4630.00 4.111829e-10
4640.00 4.089863e-10
4650.00 3.929866e-10
4660.00 3.613087e-10
4670.00 3.205595e-10
4680.00 2.787319e-10
4690.00 2.414093e-10
4700.00 2.099559e-10
4710.00 1.828775e-10
4720.00 1.671323e-10
4730.00 1.550706e-10
4740.00 1.630948e-10
4750.00 1.717337e-10
4760.00 1.688971e-10
4770.00 1.684294e-10
4780.00 1.777406e-10
4790.00 2.030346e-10
4800.00 2.052254e-10
4810.00 2.365412e-10
4820.00 2.715234e-10
4830.00 2.877941e-10
4840.00 2.952614e-10
4850.00 2.670247e-10
4860.00 2.526606e-10
4870.00 2.352113e-10
4880.00 2.219701e-10
4890.00 2.343566e-10
4900.00 2.582594e-10
4910.00 2.653441e-10
4920.00 3.034231e-10
4930.00 3.246589e-10
4940.00 3.567058e-10
4950.00 3.781908e-10
4960.00 3.875738e-10
4970.00 3.917069e-10
4980.00 3.808751e-10
4990.00 3.442548e-10
5000.00 2.841947e-10
5010.00 2.327266e-10
5020.00 2.125767e-10
5030.00 1.886288e-10
5040.00 1.990650e-10
5050.00 1.856297e-10
5060.00 1.771916e-10
5070.00 1.857540e-10
5080.00 1.928864e-10
5090.00 1.907372e-10
5100.00 2.049229e-10
5110.00 2.194318e-10
5120.00 2.189324e-10
5130.00 2.275594e-10
5140.00 2.102070e-10
5150.00 2.118369e-10
5160.00 2.173708e-10
5170.00 2.219489e-10
5180.00 2.299908e-10
5190.00 2.374484e-10
5200.00 2.545042e-10
5210.00 2.587208e-10
5220.00 2.752594e-10
5230.00 2.881412e-10
5240.00 2.990908e-10
5250.00 3.179333e-10
5260.00 3.161795e-10
5270.00 3.285125e-10
5280.00 3.528310e-10
5290.00 3.568867e-10
5300.00 3.742506e-10
5310.00 3.845862e-10
5320.00 3.863142e-10
5330.00 3.844875e-10
5340.00 3.910155e-10
5350.00 3.749780e-10
5360.00 3.591975e-10
5370.00 3.611177e-10
5380.00 3.552084e-10
5390.00 3.525737e-10
5400.00 3.515929e-10
5410.00 3.596367e-10
5420.00 3.955906e-10
5430.00 4.227797e-10
5440.00 4.381955e-10
5450.00 4.702695e-10
5460.00 5.166718e-10
5470.00 5.513671e-10
5480.00 5.693747e-10
5490.00 6.125275e-10
5500.00 6.243093e-10
5510.00 6.505901e-10
5520.00 6.706021e-10
5530.00 6.776546e-10
5540.00 6.714082e-10
5550.00 6.689562e-10
5560.00 6.551369e-10
5570.00 6.034990e-10
5580.00 5.931436e-10
5590.00 5.713622e-10
5600.00 5.456921e-10
5610.00 5.135076e-10
5620.00 4.728596e-10
5630.00 4.403527e-10
5640.00 3.612549e-10
5650.00 2.849315e-10
5660.00 2.072743e-10
5670.00 1.719680e-10
5680.00 1.816969e-10
5690.00 2.098354e-10
5700.00 2.497049e-10
5710.00 2.773860e-10
5720.00 2.732523e-10
5730.00 2.801317e-10
5740.00 2.893181e-10
5750.00 2.944904e-10
5760.00 2.926125e-10
5770.00 2.984835e-10
5780.00 3.011243e-10
5790.00 3.022080e-10
5800.00 3.038865e-10
5810.00 3.133310e-10
5820.00 3.362148e-10
5830.00 3.333820e-10
5840.00 3.548363e-10
5850.00 3.688733e-10
5860.00 3.790330e-10
5870.00 3.980795e-10
5880.00 3.915475e-10
5890.00 4.052178e-10
5900.00 4.223251e-10
5910.00 3.945113e-10
5920.00 3.672484e-10
5930.00 3.448194e-10
5940.00 3.398166e-10
5950.00 3.223756e-10
5960.00 2.940582e-10
5970.00 2.981139e-10
5980.00 2.933614e-10
5990.00 2.824099e-10
6000.00 2.832282e-10
6010.00 2.769062e-10
6020.00 2.735785e-10
6030.00 2.791317e-10
6040.00 2.766487e-10
6050.00 2.799191e-10
6060.00 2.891970e-10
6070.00 2.876183e-10
6080.00 2.762278e-10
6090.00 2.791793e-10
6100.00 2.643005e-10
6110.00 2.730013e-10
6120.00 2.534272e-10
6130.00 2.562771e-10
6140.00 2.512285e-10
6150.00 2.428858e-10
6160.00 2.312724e-10
6170.00 2.311791e-10
6180.00 2.205075e-10
6190.00 2.188923e-10
6200.00 2.166237e-10
6210.00 2.119986e-10
6220.00 1.963151e-10
6230.00 1.993501e-10
6240.00 2.085489e-10
6250.00 2.179949e-10
6260.00 2.227925e-10
6270.00 2.092259e-10
6280.00 2.230021e-10
6290.00 2.265288e-10
6300.00 2.347242e-10
6310.00 2.360979e-10
6320.00 2.403673e-10
6330.00 2.557190e-10
6340.00 2.610170e-10
6350.00 2.734443e-10
6360.00 2.857732e-10
6370.00 2.932354e-10
6380.00 3.102599e-10
6390.00 3.192961e-10
6400.00 3.453681e-10
6410.00 3.547286e-10
6420.00 3.637081e-10
6430.00 3.966560e-10
6440.00 4.028784e-10
6450.00 3.999151e-10
6460.00 4.116148e-10
6470.00 4.125806e-10
6480.00 4.287127e-10
6490.00 4.581027e-10
6500.00 4.325998e-10
6510.00 4.402645e-10
6520.00 4.368106e-10
6530.00 4.321086e-10
6540.00 4.206998e-10
6550.00 4.058088e-10
6560.00 3.817563e-10
6570.00 3.783827e-10
6580.00 3.552604e-10
6590.00 3.313271e-10
6600.00 3.136778e-10
6610.00 2.843881e-10
6620.00 2.709880e-10
6630.00 2.455095e-10
6640.00 2.223140e-10
6650.00 2.100367e-10
6660.00 1.950465e-10
6670.00 1.857166e-10
6680.00 1.749513e-10
6690.00 1.579025e-10
6700.00 1.450883e-10
6710.00 1.565665e-10
6720.00 1.447954e-10
6730.00 1.409807e-10
6740.00 1.392808e-10
6750.00 1.282522e-10
6760.00 1.343101e-10
6770.00 1.331983e-10
6780.00 1.318101e-10
6790.00 1.335330e-10
6800.00 1.404282e-10
6810.00 1.395732e-10
6820.00 1.497820e-10
6830.00 1.410772e-10
6840.00 1.403202e-10
6850.00 1.276134e-10
6860.00 9.668345e-11
6870.00 1.188256e-10
6880.00 1.168305e-10
6890.00 1.275348e-10
6900.00 1.321922e-10
6910.00 1.364331e-10
6920.00 1.358347e-10
6930.00 1.499427e-10
6940.00 1.580346e-10
6950.00 1.628038e-10
6960.00 1.618041e-10
6970.00 1.594656e-10
6980.00 1.691912e-10
6990.00 1.687443e-10
7000.00 1.661776e-10
7010.00 1.700778e-10
7020.00 1.691858e-10
7030.00 1.815428e-10
7040.00 1.824248e-10
7050.00 2.000993e-10
7060.00 1.956633e-10
7070.00 2.068087e-10
7080.00 2.064703e-10
7090.00 2.168785e-10
7100.00 2.197801e-10
7110.00 2.227928e-10
7120.00 2.288790e-10
7130.00 2.222907e-10
7140.00 2.224796e-10
7150.00 2.140575e-10
7160.00 2.054056e-10
7170.00 1.992321e-10
7180.00 2.092751e-10
7190.00 2.147922e-10
7200.00 2.265134e-10
7210.00 2.289752e-10
7220.00 2.173595e-10
7230.00 2.258048e-10
7240.00 2.198728e-10
7250.00 2.169678e-10
7260.00 2.213378e-10
7270.00 2.293537e-10
7280.00 2.106512e-10
7290.00 2.115581e-10
7300.00 2.226671e-10
7310.00 2.263566e-10
7320.00 2.256109e-10
7330.00 2.285111e-10
7340.00 2.270304e-10
7350.00 2.345554e-10
7360.00 2.313446e-10
7370.00 2.272803e-10
7380.00 2.159202e-10
7390.00 2.200219e-10
7400.00 2.156876e-10
7410.00 2.724894e-10
7420.00 2.720823e-10
7430.00 2.485843e-10
7440.00 2.117617e-10
7450.00 1.814179e-10
7460.00 1.571388e-10
7470.00 1.384989e-10
7480.00 1.304888e-10
7490.00 1.116026e-10
7500.00 1.027881e-10
7510.00 1.007554e-10
7520.00 1.230615e-10
7530.00 1.298042e-10
7540.00 1.436659e-10
7550.00 1.568947e-10
7560.00 1.741511e-10
7570.00 1.860954e-10
7580.00 9.895168e-11
7590.00 5.295938e-11
7600.00 1.281239e-10
7610.00 9.917849e-11
7620.00 1.098683e-10
7630.00 1.469771e-10
7640.00 1.732266e-10
7650.00 1.964678e-10
7660.00 2.341312e-10
7670.00 2.555160e-10
7680.00 2.590542e-10
7690.00 2.908938e-10
7700.00 3.002535e-10
7710.00 2.917655e-10
7720.00 3.009851e-10
7730.00 3.379327e-10
7740.00 3.216020e-10
7750.00 3.155953e-10
7760.00 3.284759e-10
7770.00 3.373713e-10
7780.00 3.174364e-10
7790.00 3.128460e-10
7800.00 3.380169e-10
7810.00 3.344148e-10
7820.00 3.162185e-10
7830.00 3.249387e-10
7840.00 3.411316e-10
7850.00 3.296926e-10
7860.00 3.234519e-10
7870.00 3.330742e-10
7880.00 3.343540e-10
7890.00 3.164248e-10
7900.00 3.314318e-10
7910.00 3.175960e-10
7920.00 2.982788e-10
7930.00 3.052121e-10
7940.00 3.020954e-10
7950.00 2.745859e-10
7960.00 2.733307e-10
7970.00 2.873956e-10
7980.00 2.738055e-10
7990.00 2.567970e-10
8000.00 2.634627e-10
8010.00 2.662717e-10
8020.00 2.491630e-10
8030.00 2.418736e-10
8040.00 2.642093e-10
8050.00 2.524129e-10
8060.00 2.288982e-10
8070.00 2.318703e-10
8080.00 2.288812e-10
8090.00 2.085641e-10
8100.00 1.668006e-10
8110.00 1.497539e-10
8120.00 1.394540e-10
8130.00 1.154018e-10
8140.00 9.424739e-11
8150.00 8.109458e-11
8160.00 7.405243e-11
8170.00 6.727050e-11
8180.00 5.158198e-11
8190.00 5.615732e-11
8200.00 5.579314e-11
8210.00 5.111314e-11
8220.00 6.519928e-11
8230.00 6.975114e-11
8240.00 7.223146e-11
8250.00 9.325486e-11
8260.00 9.921982e-11
8270.00 9.781819e-11
8280.00 8.251754e-11
8290.00 7.892056e-11
8300.00 7.448884e-11
8310.00 8.380196e-11
8320.00 7.682440e-11
8330.00 7.042608e-11
8340.00 9.088614e-11
8350.00 1.016297e-10
8360.00 1.025884e-10
8370.00 1.019375e-10
8380.00 1.194216e-10
8390.00 1.342424e-10
8400.00 1.410334e-10
8410.00 1.472802e-10
8420.00 1.546454e-10
8430.00 1.826187e-10
8440.00 1.631154e-10
8450.00 1.753145e-10
8460.00 2.008025e-10
8470.00 2.134254e-10
8480.00 2.162034e-10
8490.00 2.090254e-10
8500.00 2.297145e-10
8510.00 2.534802e-10
8520.00 2.551115e-10
8530.00 2.306205e-10
8540.00 2.431072e-10
8550.00 2.524686e-10
8560.00 2.571128e-10
8570.00 2.587241e-10
8580.00 2.449884e-10
8590.00 2.567141e-10
8600.00 2.631189e-10
8610.00 2.532498e-10
8620.00 2.598038e-10
8630.00 2.498819e-10
8640.00 2.488989e-10
8650.00 2.402759e-10
8660.00 2.308825e-10
8670.00 2.266043e-10
8680.00 2.290565e-10
8690.00 2.258454e-10
8700.00 2.280766e-10
8710.00 2.032096e-10
8720.00 1.950768e-10
8730.00 1.886530e-10
8740.00 1.866885e-10
8750.00 1.920294e-10
8760.00 1.766910e-10
8770.00 1.836362e-10
8780.00 1.918661e-10
8790.00 2.043782e-10
8800.00 2.029882e-10
8810.00 1.912944e-10
8820.00 1.898148e-10
8830.00 2.067049e-10
8840.00 1.829673e-10
8850.00 1.680703e-10
8860.00 1.547765e-10
8870.00 1.420092e-10
8880.00 1.350592e-10
8890.00 1.111548e-10
8900.00 1.013513e-10
8910.00 1.274172e-10
8920.00 1.080993e-10
8930.00 1.043313e-10
8940.00 1.083185e-10
8950.00 1.040608e-10
8960.00 1.245861e-10
8970.00 1.300615e-10
8980.00 1.413593e-10
8990.00 1.448427e-10
9000.00 1.483084e-10
9010.00 1.555006e-10
9020.00 1.445090e-10
9030.00 1.403959e-10
9040.00 1.542805e-10
9050.00 1.452663e-10
9060.00 1.531494e-10
9070.00 1.520767e-10
9080.00 1.612524e-10
9090.00 1.690626e-10
9100.00 1.722944e-10
9110.00 1.692015e-10
9120.00 1.697594e-10
9130.00 1.755338e-10
9140.00 1.761098e-10
9150.00 1.776248e-10
9160.00 1.916559e-10
9170.00 1.929454e-10
9180.00 1.989962e-10
9190.00 1.963131e-10
9200.00 2.060411e-10
9210.00 1.909215e-10
9220.00 1.868322e-10
9230.00 1.766631e-10
9240.00 1.883372e-10
9250.00 1.963924e-10
9260.00 1.879350e-10
9270.00 1.866330e-10
9280.00 1.801217e-10
9290.00 1.754044e-10
9300.00 1.737047e-10
9310.00 1.702472e-10
9320.00 1.758914e-10
9330.00 1.770950e-10
9340.00 1.794586e-10
9350.00 1.801440e-10
9360.00 1.932731e-10
9370.00 1.994890e-10
9380.00 2.073803e-10
9390.00 2.030993e-10
9400.00 1.983569e-10
9410.00 2.013641e-10
9420.00 2.095157e-10
9430.00 2.051854e-10
9440.00 2.115781e-10
9450.00 1.964250e-10
9460.00 2.113084e-10
9470.00 2.059352e-10
9480.00 2.125430e-10
9490.00 2.165499e-10
9500.00 2.089608e-10
9510.00 2.300205e-10
9520.00 2.265003e-10
9530.00 2.056677e-10
9540.00 2.038270e-10
9550.00 2.072305e-10
9560.00 1.874746e-10
9570.00 1.795674e-10
9580.00 1.812634e-10
9590.00 1.773328e-10
9600.00 1.715794e-10
9610.00 1.720830e-10
9620.00 1.710046e-10
9630.00 1.607957e-10
9640.00 1.796131e-10
9650.00 1.740998e-10
9660.00 1.656745e-10
9670.00 1.591144e-10
9680.00 1.585480e-10
9690.00 1.918708e-10
9700.00 1.581442e-10
9710.00 1.693150e-10
9720.00 1.789509e-10
9730.00 1.674825e-10
9740.00 1.530389e-10
9750.00 1.288342e-10
9760.00 1.504034e-10
9770.00 1.364523e-10
9780.00 1.576888e-10
9790.00 1.383624e-10
9800.00 1.425058e-10
9810.00 1.671258e-10
9820.00 1.675911e-10
9830.00 1.265483e-10
9840.00 1.555814e-10
9850.00 1.922898e-10
9860.00 1.583258e-10
9870.00 1.620110e-10
9880.00 1.353736e-10
9890.00 1.519220e-10
9900.00 1.461520e-10
9910.00 1.412914e-10
9920.00 1.364266e-10
9930.00 1.315577e-10
9940.00 1.311431e-10
9950.00 1.307284e-10
9960.00 1.303138e-10
9970.00 1.299002e-10
9980.00 1.294867e-10
9990.00 1.290731e-10
10000.00 1.286607e-10
10010.00 1.282482e-10
10020.00 1.278359e-10
10030.00 1.274246e-10
10040.00 1.270132e-10
10050.00 1.266021e-10
10060.00 1.261920e-10
10070.00 1.257820e-10
10080.00 1.253721e-10
10090.00 1.249633e-10
10100.00 1.245545e-10
10110.00 1.241459e-10
10120.00 1.237384e-10
10130.00 1.233309e-10
10140.00 1.229237e-10
10150.00 1.225175e-10
10160.00 1.221114e-10
10170.00 1.217056e-10
10180.00 1.213008e-10
10190.00 1.208961e-10
10200.00 1.204918e-10
10210.00 1.200884e-10
10220.00 1.196852e-10
10230.00 1.192824e-10
10240.00 1.188804e-10
10250.00 1.184787e-10
10260.00 1.180774e-10
10270.00 1.176771e-10
10280.00 1.172769e-10
10290.00 1.168772e-10
10300.00 1.164784e-10
10310.00 1.160797e-10
10320.00 1.156817e-10
10330.00 1.152845e-10
10340.00 1.148874e-10
10350.00 1.144911e-10
10360.00 1.140955e-10
10370.00 1.137001e-10
10380.00 1.133055e-10
10390.00 1.129116e-10
10400.00 1.125179e-10
10410.00 1.121250e-10
10420.00 1.117329e-10
10430.00 1.113409e-10
10440.00 1.109497e-10
10450.00 1.105593e-10
10460.00 1.101692e-10
10470.00 1.097798e-10
10480.00 1.093912e-10
10490.00 1.090029e-10
10500.00 1.086154e-10
10510.00 1.082286e-10
10520.00 1.078421e-10
10530.00 1.074565e-10
10540.00 1.070716e-10
10550.00 1.066870e-10
10560.00 1.063033e-10
10570.00 1.059203e-10
10580.00 1.055375e-10
10590.00 1.051559e-10
10600.00 1.047747e-10
10610.00 1.043939e-10
10620.00 1.040142e-10
10630.00 1.036350e-10
10640.00 1.032562e-10
10650.00 1.028785e-10
10660.00 1.025013e-10
10670.00 1.021245e-10
10680.00 1.017488e-10
10690.00 1.013737e-10
10700.00 1.009989e-10
10710.00 1.006253e-10
10720.00 1.002522e-10
10730.00 9.987943e-11
10740.00 9.950798e-11
10750.00 9.913691e-11
10760.00 9.876627e-11
10770.00 9.839687e-11
10780.00 9.802792e-11
10790.00 9.765940e-11
10800.00 9.729212e-11
10810.00 9.692535e-11
10820.00 9.655895e-11
10830.00 9.619386e-11
10840.00 9.582920e-11
10850.00 9.546499e-11
10860.00 9.510208e-11
10870.00 9.473961e-11
10880.00 9.437757e-11
10890.00 9.401684e-11
10900.00 9.365655e-11
10910.00 9.329682e-11
10920.00 9.293828e-11
10930.00 9.258023e-11
10940.00 9.222275e-11
10950.00 9.186645e-11
10960.00 9.151058e-11
10970.00 9.115540e-11
10980.00 9.080135e-11
10990.00 9.044779e-11
11000.00 9.009486e-11
11010.00 8.974311e-11
11020.00 8.939180e-11
11030.00 8.904123e-11
11040.00 8.869173e-11
11050.00 8.834272e-11
11060.00 8.799446e-11
11070.00 8.764726e-11
11080.00 8.730063e-11
11090.00 8.695474e-11
11100.00 8.660991e-11
11110.00 8.626552e-11
11120.00 8.592200e-11
11130.00 8.557948e-11
11140.00 8.523751e-11
11150.00 8.489636e-11
11160.00 8.455615e-11
11170.00 8.421656e-11
11180.00 8.387784e-11
11190.00 8.354005e-11
11200.00 8.320283e-11
11210.00 8.286648e-11
11220.00 8.253107e-11
11230.00 8.219621e-11
11240.00 8.186229e-11
11250.00 8.152931e-11
11260.00 8.119689e-11
11270.00 8.086540e-11
11280.00 8.053485e-11
11290.00 8.020486e-11
11300.00 7.987580e-11
11310.00 7.954768e-11
11320.00 7.922012e-11
11330.00 7.889356e-11
11340.00 7.856787e-11
11350.00 7.824274e-11
11360.00 7.791861e-11
11370.00 7.759536e-11
11380.00 7.727272e-11
11390.00 7.695115e-11
11400.00 7.663032e-11
11410.00 7.631012e-11
11420.00 7.599098e-11
11430.00 7.567271e-11
11440.00 7.535500e-11
11450.00 7.503835e-11
11460.00 7.472251e-11
11470.00 7.440729e-11
11480.00 7.409314e-11
11490.00 7.377979e-11
11500.00 7.346707e-11
11510.00 7.315547e-11
11520.00 7.284462e-11
11530.00 7.253439e-11
11540.00 7.222529e-11
11550.00 7.191693e-11
11560.00 7.160920e-11
11570.00 7.130265e-11
11580.00 7.099679e-11
11590.00 7.069161e-11
11600.00 7.038755e-11
11610.00 7.008425e-11
11620.00 6.978156e-11
11630.00 6.948006e-11
11640.00 6.917925e-11
11650.00 6.887906e-11
11660.00 6.858012e-11
11670.00 6.828180e-11
11680.00 6.798416e-11
11690.00 6.768777e-11
11700.00 6.739201e-11
11710.00 6.709693e-11
11720.00 6.680304e-11
11730.00 6.650983e-11
11740.00 6.621725e-11
11750.00 6.592591e-11
11760.00 6.563520e-11
11770.00 6.534523e-11
11780.00 6.505645e-11
11790.00 6.476823e-11
11800.00 6.448082e-11
11810.00 6.419454e-11
11820.00 6.390893e-11
11830.00 6.362402e-11
11840.00 6.334029e-11
11850.00 6.305724e-11
11860.00 6.277488e-11
11870.00 6.249371e-11
11880.00 6.221314e-11
11890.00 6.193336e-11
11900.00 6.165470e-11
11910.00 6.137670e-11
11920.00 6.109948e-11
11930.00 6.082335e-11
11940.00 6.054788e-11
11950.00 6.027322e-11
11960.00 5.999963e-11
11970.00 5.972668e-11
11980.00 5.945458e-11
11990.00 5.918353e-11
12000.00 5.891311e-11
12010.00 5.864356e-11
12020.00 5.837504e-11
12030.00 5.810716e-11
12040.00 5.784017e-11
12050.00 5.757416e-11
12060.00 5.730881e-11
12070.00 5.704437e-11
12080.00 5.678089e-11
12090.00 5.651807e-11
12100.00 5.625616e-11
12110.00 5.599521e-11
12120.00 5.573491e-11
12130.00 5.547554e-11
12140.00 5.521712e-11
12150.00 5.495934e-11
12160.00 5.470251e-11
12170.00 5.444658e-11
12180.00 5.419132e-11
12190.00 5.393703e-11
12200.00 5.368361e-11
12210.00 5.343085e-11
12220.00 5.317906e-11
12230.00 5.292816e-11
12240.00 5.267792e-11
12250.00 5.242865e-11
12260.00 5.218025e-11
12270.00 5.193250e-11
12280.00 5.168574e-11
12290.00 5.143984e-11
12300.00 5.119460e-11
12310.00 5.095034e-11
12320.00 5.070691e-11
12330.00 5.046415e-11
12340.00 5.022238e-11
12350.00 4.998144e-11
12360.00 4.974117e-11
12370.00 4.950191e-11
12380.00 4.926343e-11
12390.00 4.902564e-11
12400.00 4.878884e-11
12410.00 4.855284e-11
12420.00 4.831751e-11
12430.00 4.808320e-11
12440.00 4.784965e-11
12450.00 4.761676e-11
12460.00 4.738493e-11
12470.00 4.715383e-11
12480.00 4.692338e-11
12490.00 4.669402e-11
12500.00 4.646537e-11
12510.00 4.623737e-11
12520.00 4.601044e-11
12530.00 4.578420e-11
12540.00 4.555864e-11
12550.00 4.533417e-11
12560.00 4.511036e-11
12570.00 4.488722e-11
12580.00 4.466517e-11
12590.00 4.444378e-11
12600.00 4.422305e-11
12610.00 4.400340e-11
12620.00 4.378442e-11
12630.00 4.356614e-11
12640.00 4.334888e-11
12650.00 4.313230e-11
12660.00 4.291640e-11
12670.00 4.270153e-11
12680.00 4.248733e-11
12690.00 4.227384e-11
12700.00 4.206135e-11
12710.00 4.184951e-11
12720.00 4.163840e-11
12730.00 4.142827e-11
12740.00 4.121882e-11
12750.00 4.101009e-11
12760.00 4.080231e-11
12770.00 4.059520e-11
12780.00 4.038881e-11
12790.00 4.018338e-11
12800.00 3.997862e-11
12810.00 3.977459e-11
12820.00 3.957150e-11
12830.00 3.936906e-11
12840.00 3.916736e-11
12850.00 3.896658e-11
12860.00 3.876645e-11
12870.00 3.856710e-11
12880.00 3.836862e-11
12890.00 3.817081e-11
12900.00 3.797375e-11
12910.00 3.777757e-11
12920.00 3.758205e-11
12930.00 3.738729e-11
12940.00 3.719339e-11
12950.00 3.700015e-11
12960.00 3.680768e-11
12970.00 3.661606e-11
12980.00 3.642507e-11
12990.00 3.623489e-11
13000.00 3.604552e-11
13010.00 3.585679e-11
13020.00 3.566886e-11
13030.00 3.548174e-11
13040.00 3.529525e-11
13050.00 3.510957e-11
13060.00 3.492468e-11
13070.00 3.474042e-11
13080.00 3.455697e-11
13090.00 3.437429e-11
13100.00 3.419225e-11
13110.00 3.401102e-11
13120.00 3.383055e-11
13130.00 3.365071e-11
13140.00 3.347168e-11
13150.00 3.329340e-11
13160.00 3.311574e-11
13170.00 3.293890e-11
13180.00 3.276280e-11
13190.00 3.258731e-11
13200.00 3.241265e-11
13210.00 3.223870e-11
13220.00 3.206538e-11
13230.00 3.189288e-11
13240.00 3.172109e-11
13250.00 3.154990e-11
13260.00 3.137955e-11
13270.00 3.120988e-11
13280.00 3.104083e-11
13290.00 3.087261e-11
13300.00 3.070507e-11
13310.00 3.053813e-11
13320.00 3.037203e-11
13330.00 3.020658e-11
13340.00 3.004175e-11
13350.00 2.987774e-11
13360.00 2.971439e-11
13370.00 2.955164e-11
13380.00 2.938972e-11
13390.00 2.922844e-11
13400.00 2.906775e-11
13410.00 2.890792e-11
13420.00 2.874869e-11
13430.00 2.859006e-11
13440.00 2.843227e-11
13450.00 2.827510e-11
13460.00 2.811851e-11
13470.00 2.796276e-11
13480.00 2.780760e-11
13490.00 2.765305e-11
13500.00 2.749932e-11
13510.00 2.734618e-11
13520.00 2.719363e-11
13530.00 2.704191e-11
13540.00 2.689077e-11
13550.00 2.674022e-11
13560.00 2.659049e-11
13570.00 2.644132e-11
13580.00 2.629276e-11
13590.00 2.614499e-11
13600.00 2.599779e-11
13610.00 2.585120e-11
13620.00 2.570539e-11
13630.00 2.556014e-11
13640.00 2.541550e-11
13650.00 2.527163e-11
13660.00 2.512831e-11
13670.00 2.498561e-11
13680.00 2.484365e-11
13690.00 2.470226e-11
13700.00 2.456148e-11
13710.00 2.442143e-11
13720.00 2.428193e-11
13730.00 2.414306e-11
13740.00 2.400490e-11
13750.00 2.386729e-11
13760.00 2.373031e-11
13770.00 2.359402e-11
13780.00 2.345828e-11
13790.00 2.332316e-11
13800.00 2.318874e-11
13810.00 2.305485e-11
13820.00 2.292160e-11
13830.00 2.278901e-11
13840.00 2.265696e-11
13850.00 2.252554e-11
13860.00 2.239478e-11
13870.00 2.226456e-11
13880.00 2.213495e-11
13890.00 2.200600e-11
13900.00 2.187759e-11
13910.00 2.174979e-11
13920.00 2.162263e-11
13930.00 2.149601e-11
13940.00 2.137000e-11
13950.00 2.124461e-11
13960.00 2.111976e-11
13970.00 2.099554e-11
13980.00 2.087191e-11
13990.00 2.074881e-11
14000.00 2.062634e-11
14010.00 2.050446e-11
14020.00 2.038310e-11
14030.00 2.026236e-11
14040.00 2.014222e-11
14050.00 2.002258e-11
14060.00 1.990357e-11
14070.00 1.978512e-11
14080.00 1.966720e-11
14090.00 1.954990e-11
14100.00 1.943315e-11
14110.00 1.931691e-11
14120.00 1.920130e-11
14130.00 1.908623e-11
14140.00 1.897167e-11
14150.00 1.885773e-11
14160.00 1.874433e-11
14170.00 1.863142e-11
14180.00 1.851914e-11
14190.00 1.840739e-11
14200.00 1.829612e-11
14210.00 1.818548e-11
14220.00 1.807536e-11
14230.00 1.796572e-11
14240.00 1.785670e-11
14250.00 1.774819e-11
14260.00 1.764016e-11
14270.00 1.753275e-11
14280.00 1.742584e-11
14290.00 1.731939e-11
14300.00 1.721358e-11
14310.00 1.710825e-11
14320.00 1.700339e-11
14330.00 1.689914e-11
14340.00 1.679537e-11
14350.00 1.669208e-11
14360.00 1.658939e-11
14370.00 1.648717e-11
14380.00 1.638542e-11
14390.00 1.628427e-11
14400.00 1.618359e-11
14410.00 1.608337e-11
14420.00 1.598374e-11
14430.00 1.588457e-11
14440.00 1.578586e-11
14450.00 1.568774e-11
14460.00 1.559008e-11
14470.00 1.549287e-11
14480.00 1.539624e-11
14490.00 1.530005e-11
14500.00 1.520434e-11
14510.00 1.510918e-11
14520.00 1.501446e-11
14530.00 1.492021e-11
14540.00 1.482651e-11
14550.00 1.473324e-11
14560.00 1.464044e-11
14570.00 1.454818e-11
14580.00 1.445635e-11
14590.00 1.436499e-11
14600.00 1.427415e-11
14610.00 1.418374e-11
14620.00 1.409379e-11
14630.00 1.400437e-11
14640.00 1.391536e-11
14650.00 1.382682e-11
14660.00 1.373879e-11
14670.00 1.365117e-11
14680.00 1.356402e-11
14690.00 1.347736e-11
14700.00 1.339112e-11
14710.00 1.330534e-11
14720.00 1.322005e-11
14730.00 1.313516e-11
14740.00 1.305073e-11
14750.00 1.296678e-11
14760.00 1.288324e-11
14770.00 1.280015e-11
14780.00 1.271754e-11
14790.00 1.263532e-11
14800.00 1.255356e-11
14810.00 1.247226e-11
14820.00 1.239135e-11
14830.00 1.231090e-11
14840.00 1.223090e-11
14850.00 1.215129e-11
14860.00 1.207213e-11
14870.00 1.199341e-11
14880.00 1.191508e-11
14890.00 1.183720e-11
14900.00 1.175975e-11
14910.00 1.168269e-11
14920.00 1.160607e-11
14930.00 1.152987e-11
14940.00 1.145406e-11
14950.00 1.137869e-11
14960.00 1.130374e-11
14970.00 1.122915e-11
14980.00 1.115502e-11
14990.00 1.108128e-11
15000.00 1.100792e-11
15010.00 1.093500e-11
15020.00 1.086248e-11
15030.00 1.079033e-11
15040.00 1.071861e-11
15050.00 1.064728e-11
15060.00 1.057631e-11
15070.00 1.050579e-11
15080.00 1.043563e-11
15090.00 1.036584e-11
15100.00 1.029648e-11
15110.00 1.022750e-11
15120.00 1.015887e-11
15130.00 1.009067e-11
15140.00 1.002284e-11
15150.00 9.955349e-12
15160.00 9.888291e-12
15170.00 9.821595e-12
15180.00 9.755241e-12
15190.00 9.689312e-12
15200.00 9.623738e-12
15210.00 9.558500e-12
15220.00 9.493686e-12
15230.00 9.429216e-12
15240.00 9.365082e-12
15250.00 9.301365e-12
15260.00 9.237992e-12
15270.00 9.174943e-12
15280.00 9.112317e-12
15290.00 9.050016e-12
15300.00 8.988052e-12
15310.00 8.926492e-12
15320.00 8.865257e-12
15330.00 8.804353e-12
15340.00 8.743841e-12
15350.00 8.683660e-12
15360.00 8.623802e-12
15370.00 8.564338e-12
15380.00 8.505191e-12
15390.00 8.446375e-12
15400.00 8.387933e-12
15410.00 8.329809e-12
15420.00 8.272010e-12
15430.00 8.214584e-12
15440.00 8.157470e-12
15450.00 8.100680e-12
15460.00 8.044252e-12
15470.00 7.988135e-12
15480.00 7.932337e-12
15490.00 7.876900e-12
15500.00 7.821762e-12
15510.00 7.766948e-12
15520.00 7.712478e-12
15530.00 7.658313e-12
15540.00 7.604459e-12
15550.00 7.550955e-12
15560.00 7.497744e-12
15570.00 7.444844e-12
15580.00 7.392287e-12
15590.00 7.340018e-12
15600.00 7.288066e-12
15610.00 7.236438e-12
15620.00 7.185097e-12
15630.00 7.134068e-12
15640.00 7.083363e-12
15650.00 7.032938e-12
15660.00 6.982826e-12
15670.00 6.933031e-12
15680.00 6.883511e-12
15690.00 6.834296e-12
15700.00 6.785392e-12
15710.00 6.736763e-12
15720.00 6.688446e-12
15730.00 6.640422e-12
15740.00 6.592672e-12
15750.00 6.545228e-12
15760.00 6.498077e-12
15770.00 6.451193e-12
15780.00 6.404609e-12
15790.00 6.358318e-12
15800.00 6.312289e-12
15810.00 6.266559e-12
15820.00 6.221109e-12
15830.00 6.175922e-12
15840.00 6.131029e-12
15850.00 6.086413e-12
15860.00 6.042055e-12
15870.00 5.997990e-12
15880.00 5.954196e-12
15890.00 5.910653e-12
15900.00 5.867402e-12
15910.00 5.824417e-12
15920.00 5.781681e-12
15930.00 5.739232e-12
15940.00 5.697045e-12
15950.00 5.655101e-12
15960.00 5.613445e-12
15970.00 5.572042e-12
15980.00 5.530882e-12
15990.00 5.490002e-12
16000.00 5.449373e-12
16010.00 5.408983e-12
16020.00 5.368873e-12
16030.00 5.329006e-12
16040.00 5.289375e-12
16050.00 5.250020e-12
16060.00 5.210903e-12
16070.00 5.172020e-12
16080.00 5.133409e-12
16090.00 5.095033e-12
16100.00 5.056884e-12
16110.00 5.019009e-12
16120.00 4.981360e-12
16130.00 4.943937e-12
16140.00 4.906782e-12
16150.00 4.869852e-12
16160.00 4.833143e-12
16170.00 4.796699e-12
16180.00 4.760474e-12
16190.00 4.724471e-12
16200.00 4.688726e-12
16210.00 4.653195e-12
16220.00 4.617886e-12
16230.00 4.582827e-12
16240.00 4.547983e-12
16250.00 4.513356e-12
16260.00 4.478976e-12
16270.00 4.444805e-12
16280.00 4.410850e-12
16290.00 4.377136e-12
16300.00 4.343629e-12
16310.00 4.310336e-12
16320.00 4.277278e-12
16330.00 4.244424e-12
16340.00 4.211781e-12
16350.00 4.179371e-12
16360.00 4.147160e-12
16370.00 4.115157e-12
16380.00 4.083383e-12
16390.00 4.051805e-12
16400.00 4.020434e-12
16410.00 3.989284e-12
16420.00 3.958328e-12
16430.00 3.927577e-12
16440.00 3.897044e-12
16450.00 3.866700e-12
16460.00 3.836562e-12
16470.00 3.806634e-12
16480.00 3.776894e-12
16490.00 3.747353e-12
16500.00 3.718022e-12
16510.00 3.688876e-12
16520.00 3.659926e-12
16530.00 3.631181e-12
16540.00 3.602617e-12
16550.00 3.574252e-12
16560.00 3.546081e-12
16570.00 3.518093e-12
16580.00 3.490298e-12
16590.00 3.462697e-12
16600.00 3.435271e-12
16610.00 3.408039e-12
16620.00 3.380997e-12
16630.00 3.354127e-12
16640.00 3.327448e-12
16650.00 3.300954e-12
16660.00 3.274630e-12
16670.00 3.248495e-12
16680.00 3.222540e-12
16690.00 3.196754e-12
16700.00 3.171153e-12
16710.00 3.145730e-12
16720.00 3.120472e-12
16730.00 3.095397e-12
16740.00 3.070495e-12
16750.00 3.045756e-12
16760.00 3.021199e-12
16770.00 2.996810e-12
16780.00 2.972582e-12
16790.00 2.948532e-12
16800.00 2.924648e-12
16810.00 2.900921e-12
16820.00 2.877371e-12
16830.00 2.853983e-12
16840.00 2.830750e-12
16850.00 2.807691e-12
16860.00 2.784790e-12
16870.00 2.762042e-12
16880.00 2.739465e-12
16890.00 2.717044e-12
16900.00 2.694772e-12
16910.00 2.672670e-12
16920.00 2.650719e-12
16930.00 2.628916e-12
16940.00 2.607280e-12
16950.00 2.585792e-12
16960.00 2.564448e-12
16970.00 2.543271e-12
16980.00 2.522237e-12
16990.00 2.501346e-12
17000.00 2.480618e-12
17010.00 2.460032e-12
17020.00 2.439584e-12
17030.00 2.419299e-12
17040.00 2.399151e-12
17050.00 2.379141e-12
17060.00 2.359289e-12
17070.00 2.339572e-12
17080.00 2.319992e-12
17090.00 2.300565e-12
17100.00 2.281272e-12
17110.00 2.262113e-12
17120.00 2.243105e-12
17130.00 2.224227e-12
17140.00 2.205484e-12
17150.00 2.186886e-12
17160.00 2.168418e-12
17170.00 2.150080e-12
17180.00 2.131886e-12
17190.00 2.113819e-12
17200.00 2.095881e-12
17210.00 2.078083e-12
17220.00 2.060410e-12
17230.00 2.042864e-12
17240.00 2.025456e-12
17250.00 2.008169e-12
17260.00 1.991008e-12
17270.00 1.973982e-12
17280.00 1.957075e-12
17290.00 1.940292e-12
17300.00 1.923641e-12
17310.00 1.907107e-12
17320.00 1.890695e-12
17330.00 1.874412e-12
17340.00 1.858244e-12
17350.00 1.842197e-12
17360.00 1.826275e-12
17370.00 1.810466e-12
17380.00 1.794777e-12
17390.00 1.779210e-12
17400.00 1.763753e-12
17410.00 1.748415e-12
17420.00 1.733196e-12
17430.00 1.718086e-12
17440.00 1.703092e-12
17450.00 1.688214e-12
17460.00 1.673443e-12
17470.00 1.658787e-12
17480.00 1.644245e-12
17490.00 1.629808e-12
17500.00 1.615483e-12
17510.00 1.601269e-12
17520.00 1.587159e-12
17530.00 1.573160e-12
17540.00 1.559269e-12
17550.00 1.545479e-12
17560.00 1.531799e-12
17570.00 1.518225e-12
17580.00 1.504750e-12
17590.00 1.491382e-12
17600.00 1.478118e-12
17610.00 1.464952e-12
17620.00 1.451892e-12
17630.00 1.438932e-12
17640.00 1.426069e-12
17650.00 1.413309e-12
17660.00 1.400649e-12
17670.00 1.388083e-12
17680.00 1.375619e-12
17690.00 1.363251e-12
17700.00 1.350975e-12
17710.00 1.338800e-12
17720.00 1.326720e-12
17730.00 1.314730e-12
17740.00 1.302839e-12
17750.00 1.291040e-12
17760.00 1.279330e-12
17770.00 1.267718e-12
17780.00 1.256195e-12
17790.00 1.244759e-12
17800.00 1.233420e-12
17810.00 1.222168e-12
17820.00 1.211000e-12
17830.00 1.199929e-12
17840.00 1.188941e-12
17850.00 1.178039e-12
17860.00 1.167229e-12
17870.00 1.156502e-12
17880.00 1.145858e-12
17890.00 1.135304e-12
17900.00 1.124832e-12
17910.00 1.114441e-12
17920.00 1.104140e-12
17930.00 1.093918e-12
17940.00 1.083775e-12
17950.00 1.073720e-12
17960.00 1.063743e-12
17970.00 1.053844e-12
17980.00 1.044030e-12
17990.00 1.034293e-12
18000.00 1.024632e-12
18010.00 1.015055e-12
18020.00 1.005552e-12
18030.00 9.961253e-13
18040.00 9.867805e-13
18050.00 9.775080e-13
18060.00 9.683102e-13
18070.00 9.591917e-13
18080.00 9.501448e-13
18090.00 9.411709e-13
18100.00 9.322750e-13
18110.00 9.234488e-13
18120.00 9.146950e-13
18130.00 9.060166e-13
18140.00 8.974068e-13
18150.00 8.888680e-13
18160.00 8.804029e-13
18170.00 8.720050e-13
18180.00 8.636764e-13
18190.00 8.554201e-13
18200.00 8.472298e-13
18210.00 8.391082e-13
18220.00 8.310557e-13
18230.00 8.230687e-13
18240.00 8.151485e-13
18250.00 8.072961e-13
18260.00 7.995080e-13
18270.00 7.917854e-13
18280.00 7.841295e-13
18290.00 7.765359e-13
18300.00 7.690065e-13
18310.00 7.615426e-13
18320.00 7.541391e-13
18330.00 7.467993e-13
18340.00 7.395230e-13
18350.00 7.323060e-13
18360.00 7.251519e-13
18370.00 7.180590e-13
18380.00 7.110246e-13
18390.00 7.040520e-13
18400.00 6.971386e-13
18410.00 6.902831e-13
18420.00 6.834875e-13
18430.00 6.767506e-13
18440.00 6.700691e-13
18450.00 6.634474e-13
18460.00 6.568825e-13
18470.00 6.503725e-13
18480.00 6.439198e-13
18490.00 6.375239e-13
18500.00 6.311809e-13
18510.00 6.248947e-13
18520.00 6.186629e-13
18530.00 6.124836e-13
18540.00 6.063601e-13
18550.00 6.002895e-13
18560.00 5.942701e-13
18570.00 5.883055e-13
18580.00 5.823925e-13
18590.00 5.765297e-13
18600.00 5.707204e-13
18610.00 5.649615e-13
18620.00 5.592516e-13
18630.00 5.535945e-13
18640.00 5.479864e-13
18650.00 5.424261e-13
18660.00 5.369175e-13
18670.00 5.314568e-13
18680.00 5.260426e-13
18690.00 5.206794e-13
18700.00 5.153626e-13
18710.00 5.100917e-13
18720.00 5.048703e-13
18730.00 4.996943e-13
18740.00 4.945631e-13
18750.00 4.894805e-13
18760.00 4.844424e-13
18770.00 4.794477e-13
18780.00 4.745008e-13
18790.00 4.695972e-13
18800.00 4.647361e-13
18810.00 4.599218e-13
18820.00 4.551495e-13
18830.00 4.504192e-13
18840.00 4.457343e-13
18850.00 4.410904e-13
18860.00 4.364877e-13
18870.00 4.319292e-13
18880.00 4.274109e-13
18890.00 4.229329e-13
18900.00 4.184980e-13
18910.00 4.141022e-13
18920.00 4.097461e-13
18930.00 4.054316e-13
18940.00 4.011560e-13
18950.00 3.969187e-13
18960.00 3.927222e-13
18970.00 3.885633e-13
18980.00 3.844423e-13
18990.00 3.803611e-13
19000.00 3.763166e-13
19010.00 3.723090e-13
19020.00 3.683402e-13
19030.00 3.644072e-13
19040.00 3.605104e-13
19050.00 3.566515e-13
19060.00 3.528274e-13
19070.00 3.490389e-13
19080.00 3.452871e-13
19090.00 3.415693e-13
19100.00 3.378865e-13
19110.00 3.342394e-13
19120.00 3.306256e-13
19130.00 3.270459e-13
19140.00 3.235009e-13
19150.00 3.199884e-13
19160.00 3.165094e-13
19170.00 3.130641e-13
19180.00 3.096506e-13
19190.00 3.062698e-13
19200.00 3.029219e-13
19210.00 2.996049e-13
19220.00 2.963200e-13
19230.00 2.930670e-13
19240.00 2.898442e-13
19250.00 2.866529e-13
19260.00 2.834926e-13
19270.00 2.803619e-13
19280.00 2.772617e-13
19290.00 2.741918e-13
19300.00 2.711507e-13
19310.00 2.681397e-13
19320.00 2.651580e-13
19330.00 2.622044e-13
19340.00 2.592802e-13
19350.00 2.563845e-13
19360.00 2.535163e-13
19370.00 2.506767e-13
19380.00 2.478650e-13
19390.00 2.450800e-13
19400.00 2.423231e-13
19410.00 2.395932e-13
19420.00 2.368894e-13
19430.00 2.342130e-13
19440.00 2.315629e-13
19450.00 2.289382e-13
19460.00 2.263404e-13
19470.00 2.237680e-13
19480.00 2.212206e-13
19490.00 2.186992e-13
19500.00 2.162027e-13
19510.00 2.137305e-13
19520.00 2.112838e-13
19530.00 2.088613e-13
19540.00 2.064623e-13
19550.00 2.040883e-13
19560.00 2.017379e-13
19570.00 1.994104e-13
19580.00 1.971073e-13
19590.00 1.948270e-13
19600.00 1.925692e-13
19610.00 1.903352e-13
19620.00 1.881233e-13
19630.00 1.859334e-13
19640.00 1.837666e-13
19650.00 1.816215e-13
19660.00 1.794976e-13
19670.00 1.773964e-13
19680.00 1.753162e-13
19690.00 1.732567e-13
19700.00 1.712194e-13
19710.00 1.692024e-13
19720.00 1.672057e-13
19730.00 1.652306e-13
19740.00 1.632752e-13
19750.00 1.613397e-13
19760.00 1.594250e-13
19770.00 1.575296e-13
19780.00 1.556536e-13
19790.00 1.537979e-13
19800.00 1.519609e-13
19810.00 1.501429e-13
19820.00 1.483445e-13
19830.00 1.465644e-13
19840.00 1.448029e-13
19850.00 1.430604e-13
19860.00 1.413356e-13
19870.00 1.396290e-13
19880.00 1.379408e-13
19890.00 1.362701e-13
19900.00 1.346168e-13
19910.00 1.329816e-13
19920.00 1.313632e-13
19930.00 1.297620e-13
19940.00 1.281783e-13
19950.00 1.266109e-13
19960.00 1.250604e-13
19970.00 1.235267e-13
19980.00 1.220091e-13
19990.00 1.205078e-13
20000.00 1.190229e-13
20010.00 1.175536e-13
20020.00 1.161001e-13
20030.00 1.146626e-13
20040.00 1.132403e-13
20050.00 1.118334e-13
20060.00 1.104421e-13
20070.00 1.090654e-13
20080.00 1.077039e-13
20090.00 1.063574e-13
20100.00 1.050252e-13
20110.00 1.037077e-13
20120.00 1.024048e-13
20130.00 1.011159e-13
20140.00 9.984122e-14
20150.00 9.858067e-14
20160.00 9.733377e-14
20170.00 9.610072e-14
20180.00 9.488144e-14
20190.00 9.367532e-14
20200.00 9.248279e-14
20210.00 9.130360e-14
20220.00 9.013719e-14
20230.00 8.898394e-14
20240.00 8.784365e-14
20250.00 8.671583e-14
20260.00 8.560086e-14
20270.00 8.449836e-14
20280.00 8.340801e-14
20290.00 8.233019e-14
20300.00 8.126447e-14
20310.00 8.021053e-14
20320.00 7.916875e-14
20330.00 7.813875e-14
20340.00 7.712016e-14
20350.00 7.611342e-14
20360.00 7.511809e-14
20370.00 7.413385e-14
20380.00 7.316115e-14
20390.00 7.219954e-14
20400.00 7.124866e-14
20410.00 7.030900e-14
20420.00 6.938006e-14
20430.00 6.846154e-14
20440.00 6.755398e-14
20450.00 6.665678e-14
20460.00 6.576974e-14
20470.00 6.489330e-14
20480.00 6.402689e-14
20490.00 6.317034e-14
20500.00 6.232416e-14
20510.00 6.148766e-14
20520.00 6.066078e-14
20530.00 5.984389e-14
20540.00 5.903643e-14
20550.00 5.823827e-14
20560.00 5.744983e-14
20570.00 5.667054e-14
20580.00 5.590027e-14
20590.00 5.513944e-14
20600.00 5.438746e-14
20610.00 5.364426e-14
20620.00 5.291021e-14
20630.00 5.218473e-14
20640.00 5.146776e-14
20650.00 5.075967e-14
20660.00 5.005988e-14
20670.00 4.936839e-14
20680.00 4.868545e-14
20690.00 4.801059e-14
20700.00 4.734378e-14
20710.00 4.668524e-14
20720.00 4.603454e-14
20730.00 4.539164e-14
20740.00 4.475675e-14
20750.00 4.412946e-14
20760.00 4.350977e-14
20770.00 4.289783e-14
20780.00 4.229322e-14
20790.00 4.169601e-14
20800.00 4.110627e-14
20810.00 4.052367e-14
20820.00 3.994821e-14
20830.00 3.938002e-14
20840.00 3.881870e-14
20850.00 3.826435e-14
20860.00 3.771701e-14
20870.00 3.717635e-14
20880.00 3.664241e-14
20890.00 3.611526e-14
20900.00 3.559460e-14
20910.00 3.508046e-14
20920.00 3.457287e-14
20930.00 3.407154e-14
20940.00 3.357657e-14
20950.00 3.308792e-14
20960.00 3.260535e-14
20970.00 3.212891e-14
20980.00 3.165860e-14
20990.00 3.119416e-14
21000.00 3.073568e-14
21010.00 3.028311e-14
21020.00 2.983623e-14
21030.00 2.939512e-14
21040.00 2.895972e-14
21050.00 2.852983e-14
21060.00 2.810553e-14
21070.00 2.768674e-14
21080.00 2.727329e-14
21090.00 2.686525e-14
21100.00 2.646254e-14
21110.00 2.606498e-14
21120.00 2.567267e-14
21130.00 2.528550e-14
21140.00 2.490332e-14
21150.00 2.452622e-14
21160.00 2.415408e-14
21170.00 2.378677e-14
21180.00 2.342437e-14
21190.00 2.306676e-14
21200.00 2.271381e-14
21210.00 2.236564e-14
21220.00 2.202207e-14
21230.00 2.168302e-14
21240.00 2.134857e-14
21250.00 2.101858e-14
21260.00 2.069296e-14
21270.00 2.037178e-14
21280.00 2.005491e-14
21290.00 1.974226e-14
21300.00 1.943390e-14
21310.00 1.912971e-14
21320.00 1.882957e-14
21330.00 1.853361e-14
21340.00 1.824165e-14
21350.00 1.795362e-14
21360.00 1.766961e-14
21370.00 1.738946e-14
21380.00 1.711311e-14
21390.00 1.684066e-14
21400.00 1.657192e-14
21410.00 1.630685e-14
21420.00 1.604554e-14
21430.00 1.578781e-14
21440.00 1.553363e-14
21450.00 1.528308e-14
21460.00 1.503597e-14
21470.00 1.479229e-14
21480.00 1.455212e-14
21490.00 1.431527e-14
21500.00 1.408172e-14
21510.00 1.385155e-14
21520.00 1.362459e-14
21530.00 1.340083e-14
21540.00 1.318031e-14
21550.00 1.296289e-14
21560.00 1.274854e-14
21570.00 1.253733e-14
21580.00 1.232911e-14
21590.00 1.212386e-14
21600.00 1.192162e-14
21610.00 1.172225e-14
21620.00 1.152576e-14
21630.00 1.133216e-14
21640.00 1.114134e-14
21650.00 1.095329e-14
21660.00 1.076803e-14
21670.00 1.058544e-14
21680.00 1.040552e-14
21690.00 1.022828e-14
21700.00 1.005362e-14
21710.00 9.881527e-15
21720.00 9.712018e-15
21730.00 9.544990e-15
21740.00 9.380443e-15
21750.00 9.218378e-15
21760.00 9.058701e-15
21770.00 8.901411e-15
21780.00 8.746503e-15
21790.00 8.593902e-15
21800.00 8.443601e-15
21810.00 8.295595e-15
21820.00 8.149795e-15
21830.00 8.006221e-15
21840.00 7.864842e-15
21850.00 7.725601e-15
21860.00 7.588486e-15
21870.00 7.453491e-15
21880.00 7.320541e-15
21890.00 7.189655e-15
21900.00 7.060788e-15
21910.00 6.933904e-15
21920.00 6.808990e-15
21930.00 6.686027e-15
21940.00 6.564954e-15
21950.00 6.445788e-15
21960.00 6.328499e-15
21970.00 6.213021e-15
21980.00 6.099378e-15
21990.00 5.987531e-15
22000.00 5.877431e-15
22010.00 5.769092e-15
22020.00 5.662476e-15
22030.00 5.557541e-15
22040.00 5.454296e-15
22050.00 5.352704e-15
22060.00 5.252724e-15
22070.00 5.154369e-15
22080.00 5.057599e-15
22090.00 4.962379e-15
22100.00 4.868719e-15
22110.00 4.776578e-15
22120.00 4.685924e-15
22130.00 4.596766e-15
22140.00 4.509066e-15
22150.00 4.422793e-15
22160.00 4.337957e-15
22170.00 4.254515e-15
22180.00 4.172442e-15
22190.00 4.091747e-15
22200.00 4.012389e-15
22210.00 3.934344e-15
22220.00 3.857621e-15
22230.00 3.782178e-15
22240.00 3.707992e-15
22250.00 3.635074e-15
22260.00 3.563382e-15
22270.00 3.492895e-15
22280.00 3.423624e-15
22290.00 3.355523e-15
22300.00 3.288577e-15
22310.00 3.222797e-15
22320.00 3.158138e-15
22330.00 3.094583e-15
22340.00 3.032145e-15
22350.00 2.970779e-15
22360.00 2.910472e-15
22370.00 2.851232e-15
22380.00 2.793017e-15
22390.00 2.735816e-15
22400.00 2.679635e-15
22410.00 2.624435e-15
22420.00 2.570205e-15
22430.00 2.516950e-15
22440.00 2.464633e-15
22450.00 2.413244e-15
22460.00 2.362786e-15
22470.00 2.313224e-15
22480.00 2.264550e-15
22490.00 2.216764e-15
22500.00 2.169835e-15
22510.00 2.123756e-15
22520.00 2.078523e-15
22530.00 2.034110e-15
22540.00 1.990506e-15
22550.00 1.947712e-15
22560.00 1.905699e-15
22570.00 1.864461e-15
22580.00 1.823995e-15
22590.00 1.784274e-15
22600.00 1.745292e-15
22610.00 1.707045e-15
22620.00 1.669511e-15
22630.00 1.632682e-15
22640.00 1.596553e-15
22650.00 1.561104e-15
22660.00 1.526328e-15
22670.00 1.492218e-15
22680.00 1.458755e-15
22690.00 1.425935e-15
22700.00 1.393750e-15
22710.00 1.362181e-15
22720.00 1.331223e-15
22730.00 1.300871e-15
22740.00 1.271105e-15
22750.00 1.241923e-15
22760.00 1.213315e-15
22770.00 1.185266e-15
22780.00 1.157772e-15
22790.00 1.130825e-15
22800.00 1.104410e-15
22810.00 1.078523e-15
22820.00 1.053155e-15
22830.00 1.028293e-15
22840.00 1.003935e-15
22850.00 9.800685e-16
22860.00 9.566836e-16
22870.00 9.337768e-16
22880.00 9.113383e-16
22890.00 8.893562e-16
22900.00 8.678285e-16
22910.00 8.467454e-16
22920.00 8.260962e-16
22930.00 8.058784e-16
22940.00 7.860821e-16
22950.00 7.666979e-16
22960.00 7.477232e-16
22970.00 7.291476e-16
22980.00 7.109635e-16
22990.00 6.931672e-16
23000.00 6.757499e-16
23010.00 6.587036e-16
23020.00 6.420252e-16
23030.00 6.257052e-16
23040.00 6.097366e-16
23050.00 5.941169e-16
23060.00 5.788369e-16
23070.00 5.638891e-16
23080.00 5.492722e-16
23090.00 5.349764e-16
23100.00 5.209953e-16
23110.00 5.073270e-16
23120.00 4.939623e-16
23130.00 4.808954e-16
23140.00 4.681243e-16
23150.00 4.556405e-16
23160.00 4.434379e-16
23170.00 4.315149e-16
23180.00 4.198631e-16
23190.00 4.084769e-16
23200.00 3.973551e-16
23210.00 3.864893e-16
23220.00 3.758740e-16
23230.00 3.655085e-16
23240.00 3.553841e-16
23250.00 3.454966e-16
23260.00 3.358443e-16
23270.00 3.264195e-16
23280.00 3.172179e-16
23290.00 3.082378e-16
23300.00 2.994722e-16
23310.00 2.909171e-16
23320.00 2.825704e-16
23330.00 2.744256e-16
23340.00 2.664790e-16
23350.00 2.587285e-16
23360.00 2.511679e-16
23370.00 2.437940e-16
23380.00 2.366042e-16
23390.00 2.295931e-16
23400.00 2.227574e-16
23410.00 2.160946e-16
23420.00 2.095997e-16
23430.00 2.032697e-16
23440.00 1.971019e-16
23450.00 1.910918e-16
23460.00 1.852362e-16
23470.00 1.795329e-16
23480.00 1.739774e-16
23490.00 1.685670e-16
23500.00 1.632991e-16
23510.00 1.581697e-16
23520.00 1.531763e-16
23530.00 1.483163e-16
23540.00 1.435860e-16
23550.00 1.389829e-16
23560.00 1.345047e-16
23570.00 1.301478e-16
23580.00 1.259098e-16
23590.00 1.217884e-16
23600.00 1.177805e-16
23610.00 1.138837e-16
23620.00 1.100957e-16
23630.00 1.064135e-16
23640.00 1.028352e-16
23650.00 9.935835e-17
23660.00 9.598014e-17
23670.00 9.269875e-17
23680.00 8.951187e-17
23690.00 8.641689e-17
23700.00 8.341206e-17
23710.00 8.049520e-17
23720.00 7.766387e-17
23730.00 7.491640e-17
23740.00 7.225066e-17
23750.00 6.966448e-17
23760.00 6.715616e-17
23770.00 6.472378e-17
23780.00 6.236522e-17
23790.00 6.007893e-17
23800.00 5.786305e-17
23810.00 5.571559e-17
23820.00 5.363517e-17
23830.00 5.161993e-17
23840.00 4.966804e-17
23850.00 4.777821e-17
23860.00 4.594866e-17
23870.00 4.417770e-17
23880.00 4.246410e-17
23890.00 4.080620e-17
23900.00 3.920237e-17
23910.00 3.765151e-17
23920.00 3.615202e-17
23930.00 3.470239e-17
23940.00 3.330158e-17
23950.00 3.194805e-17
23960.00 3.064046e-17
23970.00 2.937778e-17
23980.00 2.815857e-17
23990.00 2.698161e-17
24000.00 2.584589e-17
24010.00 2.475010e-17
24020.00 2.369305e-17
24030.00 2.267385e-17
24040.00 2.169122e-17
24050.00 2.074410e-17
24060.00 1.983163e-17
24070.00 1.895261e-17
24080.00 1.810605e-17
24090.00 1.729117e-17
24100.00 1.650682e-17
24110.00 1.575211e-17
24120.00 1.502627e-17
24130.00 1.432826e-17
24140.00 1.365726e-17
24150.00 1.301251e-17
24160.00 1.239309e-17
24170.00 1.179820e-17
24180.00 1.122717e-17
24190.00 1.067910e-17
24200.00 1.015330e-17
24210.00 9.649093e-18
24220.00 9.165691e-18
24230.00 8.702419e-18
24240.00 8.258668e-18
24250.00 7.833713e-18
24260.00 7.426920e-18
24270.00 7.037720e-18
24280.00 6.665454e-18
24290.00 6.309533e-18
24300.00 5.969432e-18
24310.00 5.644535e-18
24320.00 5.334314e-18
24330.00 5.038266e-18
24340.00 4.755840e-18
24350.00 4.486547e-18
24360.00 4.229917e-18
24370.00 3.985449e-18
24380.00 3.752696e-18
24390.00 3.531221e-18
24400.00 3.320569e-18
24410.00 3.120329e-18
24420.00 2.930100e-18
24430.00 2.749467e-18
24440.00 2.578055e-18
24450.00 2.415495e-18
24460.00 2.261411e-18
24470.00 2.115461e-18
24480.00 1.977307e-18
24490.00 1.846608e-18
24500.00 1.723055e-18
24510.00 1.606337e-18
24520.00 1.496148e-18
24530.00 1.392206e-18
24540.00 1.294230e-18
24550.00 1.201944e-18
24560.00 1.115093e-18
24570.00 1.033422e-18
24580.00 9.566848e-19
24590.00 8.846492e-19
24600.00 8.170886e-19
24610.00 7.537788e-19
24620.00 6.945145e-19
24630.00 6.390906e-19
24640.00 5.873083e-19
24650.00 5.389833e-19
24660.00 4.939326e-19
24670.00 4.519804e-19
24680.00 4.129618e-19
24690.00 3.767144e-19
24700.00 3.430830e-19
24710.00 3.119214e-19
24720.00 2.830864e-19
24730.00 2.564414e-19
24740.00 2.318574e-19
24750.00 2.092091e-19
24760.00 1.883768e-19
24770.00 1.692477e-19
24780.00 1.517126e-19
24790.00 1.356673e-19
24800.00 1.210140e-19
24810.00 1.076581e-19
24820.00 9.550994e-20
24830.00 8.448508e-20
24840.00 7.450224e-20
24850.00 6.548482e-20
24860.00 5.736083e-20
24870.00 5.006115e-20
24880.00 4.352087e-20
24890.00 3.767913e-20
24900.00 3.247791e-20
24910.00 2.786287e-20
24920.00 2.378318e-20
24930.00 2.019073e-20
24940.00 1.704063e-20
24950.00 1.429108e-20
24960.00 1.190278e-20
24970.00 9.839263e-21
24980.00 8.066714e-21
24990.00 6.553638e-21
25000.00 5.270981e-21
