1000.00 1.791810e-37
1010.00 2.262099e-30
1020.00 4.397679e-29
1030.00 2.798928e-28
1040.00 1.102108e-27
1050.00 3.335485e-27
1060.00 8.621963e-27
1070.00 1.943211e-26
1080.00 4.132383e-26
1090.00 8.030012e-26
1100.00 1.502961e-25
1110.00 2.668601e-25
1120.00 4.567937e-25
1130.00 7.634129e-25
1140.00 1.222097e-24
1150.00 1.956628e-24
1160.00 3.007123e-24
1170.00 4.607511e-24
1180.00 6.881628e-24
1190.00 1.013890e-23
1200.00 1.481320e-23
1210.00 2.109995e-23
1220.00 3.030206e-23
1230.00 4.230464e-23
1240.00 5.935874e-23
1250.00 8.179178e-23
1260.00 1.120058e-22
1270.00 1.527103e-22
1280.00 2.045254e-22
1290.00 2.764818e-22
1300.00 3.655000e-22
1310.00 4.870367e-22
1320.00 6.393294e-22
1330.00 8.370521e-22
1340.00 1.092459e-21
1350.00 1.406811e-21
1360.00 1.827467e-21
1370.00 2.329937e-21
1380.00 2.998044e-21
1390.00 3.806690e-21
1400.00 4.831019e-21
1410.00 6.113414e-21
1420.00 7.656449e-21
1430.00 9.662622e-21
1440.00 1.199926e-20
1450.00 1.504718e-20
1460.00 1.863908e-20
1470.00 2.310891e-20
1480.00 2.856718e-20
1490.00 3.502969e-20
1500.00 4.323490e-20
1510.00 5.260999e-20
1520.00 6.466044e-20
1530.00 7.855858e-20
1540.00 9.562247e-20
1550.00 1.160331e-19
1560.00 1.399106e-19
1570.00 1.696198e-19
1580.00 2.030530e-19
1590.00 2.455258e-19
1600.00 2.936353e-19
1610.00 3.520821e-19
1620.00 4.207658e-19
1630.00 5.003790e-19
1640.00 5.976998e-19
1650.00 7.058731e-19
1660.00 8.419735e-19
1670.00 9.937718e-19
1680.00 1.176618e-18
1690.00 1.388195e-18
1700.00 1.631668e-18
1710.00 1.924653e-18
1720.00 2.246961e-18
1730.00 2.649210e-18
1740.00 3.091825e-18
1750.00 3.621238e-18
1760.00 4.225479e-18
1770.00 4.916784e-18
1780.00 5.736981e-18
1790.00 6.632654e-18
1800.00 7.739885e-18
1810.00 8.945096e-18
1820.00 1.037817e-17
1830.00 1.199372e-17
1840.00 1.383331e-17
1850.00 1.598799e-17
1860.00 1.833288e-17
1870.00 2.119254e-17
1880.00 2.428237e-17
1890.00 2.793799e-17
1900.00 3.201315e-17
1910.00 3.663526e-17
1920.00 4.198555e-17
1930.00 4.779251e-17
1940.00 5.478608e-17
1950.00 6.229361e-17
1960.00 7.113768e-17
1970.00 8.089583e-17
1980.00 9.192754e-17
1990.00 1.045589e-16
2000.00 1.182392e-16
2010.00 1.345245e-16
2020.00 1.519057e-16
2030.00 1.723049e-16
2040.00 1.945996e-16
2050.00 2.197344e-16
2060.00 2.482243e-16
2070.00 2.790279e-16
2080.00 3.153014e-16
2090.00 3.538150e-16
2100.00 3.988686e-16
2110.00 4.476751e-16
2120.00 5.025700e-16
2130.00 5.642070e-16
2140.00 6.307601e-16
2150.00 7.083394e-16
2160.00 7.903203e-16
2170.00 8.859478e-16
2180.00 9.886870e-16
2190.00 1.104010e-15
2200.00 1.232355e-15
2210.00 1.370786e-15
2220.00 1.530619e-15
2230.00 1.698787e-15
2240.00 1.894452e-15
2250.00 2.103039e-15
2260.00 2.336768e-15
2270.00 2.594724e-15
2280.00 2.872708e-15
2290.00 3.190793e-15
2300.00 3.524119e-15
2310.00 3.911082e-15
2320.00 4.320569e-15
2330.00 4.778727e-15
2340.00 5.280384e-15
2350.00 5.820617e-15
2360.00 6.433525e-15
2370.00 7.073394e-15
2380.00 7.814754e-15
2390.00 8.593777e-15
2400.00 9.464272e-15
2410.00 1.041025e-14
2420.00 1.142840e-14
2430.00 1.257420e-14
2440.00 1.376616e-14
2450.00 1.514477e-14
2460.00 1.658370e-14
2470.00 1.818978e-14
2480.00 1.992261e-14
2490.00 2.178683e-14
2500.00 2.386858e-14
2510.00 2.602692e-14
2520.00 2.851937e-14
2530.00 3.110413e-14
2540.00 3.398632e-14
2550.00 3.707455e-14
2560.00 4.039573e-14
2570.00 4.407710e-14
2580.00 4.789055e-14
2590.00 5.226914e-14
2600.00 5.679072e-14
2610.00 6.182840e-14
2620.00 6.719033e-14
2630.00 7.295510e-14
2640.00 7.929967e-14
2650.00 8.587399e-14
2660.00 9.336534e-14
2670.00 1.010775e-13
2680.00 1.096637e-13
2690.00 1.187436e-13
2700.00 1.285036e-13
2710.00 1.391718e-13
2720.00 1.502296e-13
2730.00 1.627380e-13
2740.00 1.755763e-13
2750.00 1.898609e-13
2760.00 2.048721e-13
2770.00 2.210049e-13
2780.00 2.385218e-13
2790.00 2.566837e-13
2800.00 2.770843e-13
2810.00 2.979603e-13
2820.00 3.211769e-13
2830.00 3.454240e-13
2840.00 3.714796e-13
2850.00 3.995877e-13
2860.00 4.287388e-13
2870.00 4.612607e-13
2880.00 4.944423e-13
2890.00 5.313297e-13
2900.00 5.696202e-13
2910.00 6.107635e-13
2920.00 6.548669e-13
2930.00 7.006180e-13
2940.00 7.513224e-13
2950.00 8.029021e-13
2960.00 8.602256e-13
2970.00 9.193708e-13
2980.00 9.829189e-13
2990.00 1.050616e-12
3000.00 1.120855e-12
3010.00 1.198198e-12
3020.00 1.276641e-12
3030.00 1.363802e-12
3040.00 1.453191e-12
3050.00 1.549234e-12
3060.00 1.650914e-12
3070.00 1.756429e-12
3080.00 1.871885e-12
3090.00 1.988621e-12
3100.00 2.118320e-12
3110.00 2.250527e-12
3120.00 2.392577e-12
3130.00 2.542040e-12
3140.00 2.697157e-12
3150.00 2.865829e-12
3160.00 3.035831e-12
3170.00 3.224717e-12
3180.00 3.416066e-12
3190.00 3.621672e-12
3200.00 3.836669e-12
3210.00 4.059807e-12
3220.00 4.300950e-12
3230.00 4.543181e-12
3240.00 4.812367e-12
3250.00 5.083329e-12
3260.00 5.374509e-12
3270.00 5.677076e-12
3280.00 5.548281e-12
3290.00 4.510158e-12
3300.00 6.665934e-12
3310.00 7.000158e-13
3320.00 3.381612e-12
3330.00 2.485908e-12
3340.00 5.538515e-12
3350.00 6.308922e-12
3360.00 4.453983e-12
3370.00 7.726811e-12
3380.00 8.435839e-12
3390.00 3.661143e-12
3400.00 3.670797e-12
3410.00 7.916283e-12
3420.00 5.675424e-12
3430.00 3.812555e-12
3440.00 4.079296e-12
3450.00 2.119589e-12
3460.00 1.015038e-11
3470.00 1.135112e-11
3480.00 1.560779e-11
3490.00 1.908848e-11
3500.00 1.964740e-11
3510.00 3.309044e-11
3520.00 4.004942e-11
3530.00 3.466447e-11
3540.00 2.821555e-11
3550.00 3.207817e-11
3560.00 3.916901e-11
3570.00 3.950210e-11
3580.00 4.049686e-11
3590.00 4.511313e-11
3600.00 4.329305e-11
3610.00 5.429422e-11
3620.00 6.091422e-11
3630.00 6.753017e-11
3640.00 6.729999e-11
3650.00 6.399154e-11
3660.00 5.911563e-11
3670.00 6.816390e-11
3680.00 8.519356e-11
3690.00 8.861916e-11
3700.00 7.108282e-11
3710.00 7.892056e-11
3720.00 7.986277e-11
3730.00 7.346464e-11
3740.00 8.014713e-11
3750.00 8.452722e-11
3760.00 5.638307e-11
3770.00 4.588267e-11
3780.00 5.207385e-11
3790.00 3.644601e-11
3800.00 2.511582e-11
3810.00 3.620498e-11
3820.00 2.836920e-11
3830.00 2.577890e-11
3840.00 2.595079e-11
3850.00 4.652445e-11
3860.00 5.668148e-11
3870.00 5.756651e-11
3880.00 8.117631e-11
3890.00 7.497170e-11
3900.00 8.301474e-11
3910.00 9.472246e-11
3920.00 9.138483e-11
3930.00 1.059675e-10
3940.00 1.168557e-10
3950.00 1.407485e-10
3960.00 1.650967e-10
3970.00 1.860345e-10
3980.00 1.953676e-10
3990.00 1.960335e-10
4000.00 1.919605e-10
4010.00 1.845450e-10
4020.00 1.731203e-10
4030.00 1.480575e-10
4040.00 1.232438e-10
4050.00 1.229691e-10
4060.00 1.117567e-10
4070.00 1.074193e-10
4080.00 9.405917e-11
4090.00 9.314152e-11
4100.00 8.145942e-11
4110.00 8.264322e-11
4120.00 9.753596e-11
4130.00 7.692097e-11
4140.00 6.491050e-11
4150.00 7.670557e-11
4160.00 7.964781e-11
4170.00 6.296703e-11
4180.00 7.206556e-11
4190.00 6.738746e-11
4200.00 5.983280e-11
4210.00 7.992244e-11
4220.00 7.222622e-11
4230.00 7.582140e-11
4240.00 7.746481e-11
4250.00 7.612676e-11
4260.00 8.232084e-11
4270.00 6.703284e-11
4280.00 8.669832e-11
4290.00 7.400960e-11
4300.00 8.048529e-11
4310.00 7.283147e-11
4320.00 6.965500e-11
4330.00 7.764835e-11
4340.00 7.404544e-11
4350.00 6.583645e-11
4360.00 7.148033e-11
4370.00 6.945294e-11
4380.00 6.980195e-11
4390.00 5.039433e-11
4400.00 6.290400e-11
4410.00 5.127937e-11
4420.00 5.404784e-11
4430.00 5.840059e-11
4440.00 5.469724e-11
4450.00 5.258285e-11
4460.00 4.689533e-11
4470.00 7.063774e-11
4480.00 6.828604e-11
4490.00 8.295289e-11
4500.00 8.147021e-11
4510.00 8.606633e-11
4520.00 8.428270e-11
4530.00 9.730428e-11
4540.00 1.049471e-10
4550.00 1.302956e-10
4560.00 1.250069e-10
4570.00 1.523462e-10
4580.00 1.531556e-10
4590.00 1.736246e-10
4600.00 1.738887e-10
4610.00 1.900558e-10
4620.00 1.941531e-10
4630.00 1.899575e-10
4640.00 1.896908e-10
4650.00 1.859446e-10
4660.00 1.691774e-10
4670.00 1.498384e-10
4680.00 1.308889e-10
4690.00 1.115675e-10
4700.00 9.401927e-11
4710.00 7.953702e-11
4720.00 6.992664e-11
4730.00 6.154007e-11
4740.00 6.575066e-11
4750.00 7.166469e-11
4760.00 6.895768e-11
4770.00 6.924421e-11
4780.00 7.260042e-11
4790.00 8.271904e-11
4800.00 8.004245e-11
4810.00 9.420226e-11
4820.00 1.103746e-10
4830.00 1.151454e-10
4840.00 1.175180e-10
4850.00 1.055660e-10
4860.00 9.958803e-11
4870.00 9.231252e-11
4880.00 8.418582e-11
4890.00 8.919279e-11
4900.00 9.671169e-11
4910.00 9.672847e-11
4920.00 1.135061e-10
4930.00 1.193321e-10
4940.00 1.331257e-10
4950.00 1.469164e-10
4960.00 1.502698e-10
4970.00 1.547708e-10
4980.00 1.554802e-10
4990.00 1.428802e-10
5000.00 1.146368e-10
5010.00 9.244532e-11
5020.00 8.341667e-11
5030.00 7.035195e-11
5040.00 7.578468e-11
5050.00 6.937408e-11
5060.00 6.542304e-11
5070.00 6.849053e-11
5080.00 7.183557e-11
5090.00 6.853610e-11
5100.00 7.411508e-11
5110.00 8.252415e-11
5120.00 7.893845e-11
5130.00 8.358488e-11
5140.00 7.511185e-11
5150.00 7.476752e-11
5160.00 7.718500e-11
5170.00 7.980143e-11
5180.00 8.005841e-11
5190.00 8.422098e-11
5200.00 8.972291e-11
5210.00 8.943924e-11
5220.00 9.464603e-11
5230.00 9.784762e-11
5240.00 1.016249e-10
5250.00 1.089218e-10
5260.00 1.124666e-10
5270.00 1.115619e-10
5280.00 1.227755e-10
5290.00 1.226946e-10
5300.00 1.288958e-10
5310.00 1.331160e-10
5320.00 1.327157e-10
5330.00 1.324324e-10
5340.00 1.367714e-10
5350.00 1.307907e-10
5360.00 1.246357e-10
5370.00 1.246533e-10
5380.00 1.216308e-10
5390.00 1.180212e-10
5400.00 1.150632e-10
5410.00 1.152328e-10
5420.00 1.279775e-10
5430.00 1.348006e-10
5440.00 1.342771e-10
5450.00 1.424706e-10
5460.00 1.596506e-10
5470.00 1.692846e-10
5480.00 1.728146e-10
5490.00 1.909348e-10
5500.00 1.931028e-10
5510.00 2.005081e-10
5520.00 2.072228e-10
5530.00 2.123143e-10
5540.00 2.079016e-10
5550.00 2.081195e-10
5560.00 2.036368e-10
5570.00 1.822837e-10
5580.00 1.794098e-10
5590.00 1.724091e-10
5600.00 1.609376e-10
5610.00 1.509049e-10
5620.00 1.342853e-10
5630.00 1.250700e-10
5640.00 1.004458e-10
5650.00 7.758663e-11
5660.00 5.248424e-11
5670.00 4.063354e-11
5680.00 4.690212e-11
5690.00 5.355245e-11
5700.00 6.517335e-11
5710.00 7.364600e-11
5720.00 7.067783e-11
5730.00 7.159193e-11
5740.00 7.743326e-11
5750.00 7.801731e-11
5760.00 7.735508e-11
5770.00 8.046770e-11
5780.00 8.108473e-11
5790.00 8.114714e-11
5800.00 8.020735e-11
5810.00 8.492380e-11
5820.00 9.434908e-11
5830.00 9.231888e-11
5840.00 1.020490e-10
5850.00 1.087788e-10
5860.00 1.130411e-10
5870.00 1.214015e-10
5880.00 1.188652e-10
5890.00 1.253667e-10
5900.00 1.331939e-10
5910.00 1.229286e-10
5920.00 1.110956e-10
5930.00 1.036919e-10
5940.00 1.023149e-10
5950.00 9.606668e-11
5960.00 8.602050e-11
5970.00 8.771809e-11
5980.00 8.594170e-11
5990.00 8.308226e-11
6000.00 8.451045e-11
6010.00 8.128174e-11
6020.00 7.971632e-11
6030.00 8.302664e-11
6040.00 8.141391e-11
6050.00 8.325539e-11
6060.00 8.694458e-11
6070.00 8.733118e-11
6080.00 8.380377e-11
6090.00 8.539444e-11
6100.00 8.052706e-11
6110.00 8.459287e-11
6120.00 7.831538e-11
6130.00 8.142881e-11
6140.00 8.161759e-11
6150.00 7.976533e-11
6160.00 7.594297e-11
6170.00 7.740813e-11
6180.00 7.448323e-11
6190.00 7.401621e-11
6200.00 7.268527e-11
6210.00 6.960774e-11
6220.00 6.174132e-11
6230.00 6.198906e-11
6240.00 6.503831e-11
6250.00 6.667449e-11
6260.00 6.760087e-11
6270.00 6.208739e-11
6280.00 6.758260e-11
6290.00 6.981785e-11
6300.00 7.256694e-11
6310.00 7.069236e-11
6320.00 7.166394e-11
6330.00 7.723014e-11
6340.00 7.743488e-11
6350.00 8.285096e-11
6360.00 8.618154e-11
6370.00 8.791809e-11
6380.00 9.291240e-11
6390.00 9.470756e-11
6400.00 1.037803e-10
6410.00 1.062914e-10
6420.00 1.085006e-10
6430.00 1.202693e-10
6440.00 1.202663e-10
6450.00 1.188171e-10
6460.00 1.223738e-10
6470.00 1.220542e-10
6480.00 1.276094e-10
6490.00 1.396972e-10
6500.00 1.285093e-10
6510.00 1.301815e-10
6520.00 1.299582e-10
6530.00 1.290592e-10
6540.00 1.246688e-10
6550.00 1.185847e-10
6560.00 1.118980e-10
6570.00 1.122052e-10
6580.00 1.029289e-10
6590.00 9.436161e-11
6600.00 8.755543e-11
6610.00 7.751636e-11
6620.00 7.354656e-11
6630.00 6.420632e-11
6640.00 5.666689e-11
6650.00 5.424435e-11
6660.00 4.850981e-11
6670.00 4.720887e-11
6680.00 4.360878e-11
6690.00 3.988818e-11
6700.00 3.358518e-11
6710.00 4.006584e-11
6720.00 3.601274e-11
6730.00 3.484784e-11
6740.00 3.429998e-11
6750.00 2.935162e-11
6760.00 3.319669e-11
6770.00 3.159547e-11
6780.00 2.961250e-11
6790.00 3.099107e-11
6800.00 3.328078e-11
6810.00 3.273857e-11
6820.00 3.633522e-11
6830.00 3.451722e-11
6840.00 3.356483e-11
6850.00 3.050072e-11
6860.00 2.343829e-11
6870.00 2.848388e-11
6880.00 2.880990e-11
6890.00 3.277771e-11
6900.00 3.388868e-11
6910.00 3.364577e-11
6920.00 3.344954e-11
6930.00 3.958019e-11
6940.00 4.279370e-11
6950.00 4.372857e-11
6960.00 4.153658e-11
6970.00 4.114402e-11
6980.00 4.561556e-11
6990.00 4.588766e-11
7000.00 4.524032e-11
7010.00 4.728375e-11
7020.00 4.663843e-11
7030.00 5.134739e-11
7040.00 5.329342e-11
7050.00 6.115153e-11
7060.00 5.887161e-11
7070.00 6.561444e-11
7080.00 6.453269e-11
7090.00 6.843068e-11
7100.00 7.057384e-11
7110.00 7.210658e-11
7120.00 7.410268e-11
7130.00 7.199505e-11
7140.00 7.208152e-11
7150.00 6.937713e-11
7160.00 6.659631e-11
7170.00 6.461723e-11
7180.00 6.789794e-11
7190.00 6.971198e-11
7200.00 7.354145e-11
7210.00 7.436615e-11
7220.00 7.061773e-11
7230.00 7.338640e-11
7240.00 7.148270e-11
7250.00 7.056206e-11
7260.00 7.200739e-11
7270.00 7.464009e-11
7280.00 6.857650e-11
7290.00 6.889452e-11
7300.00 7.253614e-11
7310.00 7.376227e-11
7320.00 7.354332e-11
7330.00 7.451303e-11
7340.00 7.405424e-11
7350.00 7.653350e-11
7360.00 7.551017e-11
7370.00 7.420735e-11
7380.00 7.052078e-11
7390.00 7.188327e-11
7400.00 7.048949e-11
7410.00 8.908113e-11
7420.00 8.897589e-11
7430.00 8.131703e-11
7440.00 6.929309e-11
7450.00 5.938235e-11
7460.00 5.145108e-11
7470.00 4.536183e-11
7480.00 4.275139e-11
7490.00 3.657492e-11
7500.00 3.369639e-11
7510.00 3.304000e-11
7520.00 4.036677e-11
7530.00 4.259126e-11
7540.00 4.715357e-11
7550.00 5.151074e-11
7560.00 5.719309e-11
7570.00 6.113368e-11
7580.00 3.251584e-11
7590.00 1.740769e-11
7600.00 4.212638e-11
7610.00 3.261871e-11
7620.00 3.614485e-11
7630.00 4.836683e-11
7640.00 5.702117e-11
7650.00 6.468980e-11
7660.00 7.711274e-11
7670.00 8.417965e-11
7680.00 8.536919e-11
7690.00 9.588837e-11
7700.00 9.900099e-11
7710.00 9.622890e-11
7720.00 9.929695e-11
7730.00 1.115167e-10
7740.00 1.061566e-10
7750.00 1.042020e-10
7760.00 1.084842e-10
7770.00 1.114520e-10
7780.00 1.048945e-10
7790.00 1.034052e-10
7800.00 1.117546e-10
7810.00 1.105929e-10
7820.00 1.046029e-10
7830.00 1.075157e-10
7840.00 1.129031e-10
7850.00 1.091455e-10
7860.00 1.071072e-10
7870.00 1.103221e-10
7880.00 1.107744e-10
7890.00 1.048612e-10
7900.00 1.098624e-10
7910.00 1.053029e-10
7920.00 9.892313e-11
7930.00 1.012480e-10
7940.00 1.002393e-10
7950.00 9.113415e-11
7960.00 9.074019e-11
7970.00 9.543319e-11
7980.00 9.094293e-11
7990.00 8.531476e-11
8000.00 8.755088e-11
8010.00 8.850600e-11
8020.00 8.283955e-11
8030.00 8.043566e-11
8040.00 8.788480e-11
8050.00 8.398127e-11
8060.00 7.617601e-11
8070.00 7.718363e-11
8080.00 7.620694e-11
8090.00 6.945887e-11
8100.00 5.556347e-11
8110.00 4.989684e-11
8120.00 4.647598e-11
8130.00 3.846915e-11
8140.00 3.142474e-11
8150.00 2.704556e-11
8160.00 2.470273e-11
8170.00 2.244560e-11
8180.00 1.721494e-11
8190.00 1.874625e-11
8200.00 1.862897e-11
8210.00 1.707028e-11
8220.00 2.177963e-11
8230.00 2.330546e-11
8240.00 2.413969e-11
8250.00 3.117276e-11
8260.00 3.317419e-11
8270.00 3.271292e-11
8280.00 2.760220e-11
8290.00 2.640490e-11
8300.00 2.492771e-11
8310.00 2.805059e-11
8320.00 2.572070e-11
8330.00 2.358378e-11
8340.00 3.044198e-11
8350.00 3.404795e-11
8360.00 3.437665e-11
8370.00 3.416597e-11
8380.00 4.003472e-11
8390.00 4.501294e-11
8400.00 4.730024e-11
8410.00 4.940593e-11
8420.00 5.188770e-11
8430.00 6.128659e-11
8440.00 5.475290e-11
8450.00 5.886027e-11
8460.00 6.743185e-11
8470.00 7.168582e-11
8480.00 7.263408e-11
8490.00 7.023730e-11
8500.00 7.720539e-11
8510.00 8.521052e-11
8520.00 8.577661e-11
8530.00 7.755795e-11
8540.00 8.177401e-11
8550.00 8.494025e-11
8560.00 8.652038e-11
8570.00 8.708024e-11
8580.00 8.247383e-11
8590.00 8.643865e-11
8600.00 8.861299e-11
8610.00 8.530634e-11
8620.00 8.753143e-11
8630.00 8.420540e-11
8640.00 8.389074e-11
8650.00 8.100032e-11
8660.00 7.784897e-11
8670.00 7.642140e-11
8680.00 7.726349e-11
8690.00 7.619515e-11
8700.00 7.696281e-11
8710.00 6.858485e-11
8720.00 6.585266e-11
8730.00 6.369634e-11
8740.00 6.304508e-11
8750.00 6.486100e-11
8760.00 5.969152e-11
8770.00 6.204952e-11
8780.00 6.484255e-11
8790.00 6.908405e-11
8800.00 6.862700e-11
8810.00 6.468550e-11
8820.00 6.419715e-11
8830.00 6.992240e-11
8840.00 6.190404e-11
8850.00 5.687429e-11
8860.00 5.238528e-11
8870.00 4.807283e-11
8880.00 4.572840e-11
8890.00 3.764164e-11
8900.00 3.432796e-11
8910.00 4.316425e-11
8920.00 3.662658e-11
8930.00 3.535617e-11
8940.00 3.671389e-11
8950.00 3.527701e-11
8960.00 4.224256e-11
8970.00 4.410679e-11
8980.00 4.794646e-11
8990.00 4.913653e-11
9000.00 5.032094e-11
9010.00 5.277034e-11
9020.00 4.904867e-11
9030.00 4.766076e-11
9040.00 5.238315e-11
9050.00 4.933091e-11
9060.00 5.201672e-11
9070.00 5.166106e-11
9080.00 5.478728e-11
9090.00 5.745049e-11
9100.00 5.855847e-11
9110.00 5.751676e-11
9120.00 5.771599e-11
9130.00 5.968899e-11
9140.00 5.989467e-11
9150.00 6.041976e-11
9160.00 6.520309e-11
9170.00 6.565247e-11
9180.00 6.772225e-11
9190.00 6.681981e-11
9200.00 7.014216e-11
9210.00 6.500539e-11
9220.00 6.362321e-11
9230.00 6.016969e-11
9240.00 6.415588e-11
9250.00 6.691034e-11
9260.00 6.403892e-11
9270.00 6.360519e-11
9280.00 6.139559e-11
9290.00 5.979690e-11
9300.00 5.922654e-11
9310.00 5.805654e-11
9320.00 5.999042e-11
9330.00 6.041007e-11
9340.00 6.122559e-11
9350.00 6.146865e-11
9360.00 6.595846e-11
9370.00 6.808990e-11
9380.00 7.079392e-11
9390.00 6.934278e-11
9400.00 6.773354e-11
9410.00 6.877052e-11
9420.00 7.156493e-11
9430.00 7.009603e-11
9440.00 7.229038e-11
9450.00 6.712268e-11
9460.00 7.221899e-11
9470.00 7.039273e-11
9480.00 7.266170e-11
9490.00 7.404202e-11
9500.00 7.145733e-11
9510.00 7.867005e-11
9520.00 7.747696e-11
9530.00 7.036074e-11
9540.00 6.974066e-11
9550.00 7.091499e-11
9560.00 6.416330e-11
9570.00 6.146544e-11
9580.00 6.205445e-11
9590.00 6.071711e-11
9600.00 5.875512e-11
9610.00 5.893550e-11
9620.00 5.857402e-11
9630.00 5.508454e-11
9640.00 6.153906e-11
9650.00 5.965797e-11
9660.00 5.677839e-11
9670.00 5.453733e-11
9680.00 5.435028e-11
9690.00 6.578190e-11
9700.00 5.422594e-11
9710.00 5.806376e-11
9720.00 6.137609e-11
9730.00 5.745003e-11
9740.00 5.250223e-11
9750.00 4.420405e-11
9760.00 5.161114e-11
9770.00 4.682965e-11
9780.00 5.412465e-11
9790.00 4.749700e-11
9800.00 4.892538e-11
9810.00 5.738503e-11
9820.00 5.755188e-11
9830.00 4.346277e-11
9840.00 5.344064e-11
9850.00 6.605758e-11
9860.00 5.439646e-11
9870.00 5.566924e-11
9880.00 4.652180e-11
9890.00 5.221491e-11
9900.00 5.023773e-11
9910.00 4.857265e-11
9920.00 4.690573e-11
9930.00 4.523699e-11
9940.00 4.509966e-11
9950.00 4.496224e-11
9960.00 4.482477e-11
9970.00 4.468761e-11
9980.00 4.455040e-11
9990.00 4.441315e-11
10000.00 4.427621e-11
10010.00 4.413920e-11
10020.00 4.400219e-11
10030.00 4.386548e-11
10040.00 4.372871e-11
10050.00 4.359196e-11
10060.00 4.345551e-11
10070.00 4.331900e-11
10080.00 4.318252e-11
10090.00 4.304634e-11
10100.00 4.291010e-11
10110.00 4.277393e-11
10120.00 4.263803e-11
10130.00 4.250209e-11
10140.00 4.236624e-11
10150.00 4.223064e-11
10160.00 4.209503e-11
10170.00 4.195951e-11
10180.00 4.182425e-11
10190.00 4.168897e-11
10200.00 4.155378e-11
10210.00 4.141888e-11
10220.00 4.128395e-11
10230.00 4.114914e-11
10240.00 4.101459e-11
10250.00 4.088003e-11
10260.00 4.074562e-11
10270.00 4.061144e-11
10280.00 4.047728e-11
10290.00 4.034327e-11
10300.00 4.020949e-11
10310.00 4.007573e-11
10320.00 3.994215e-11
10330.00 3.980878e-11
10340.00 3.967544e-11
10350.00 3.954229e-11
10360.00 3.940936e-11
10370.00 3.927646e-11
10380.00 3.914377e-11
10390.00 3.901129e-11
10400.00 3.887884e-11
10410.00 3.874662e-11
10420.00 3.861460e-11
10430.00 3.848262e-11
10440.00 3.835088e-11
10450.00 3.821934e-11
10460.00 3.808785e-11
10470.00 3.795661e-11
10480.00 3.782557e-11
10490.00 3.769457e-11
10500.00 3.756384e-11
10510.00 3.743331e-11
10520.00 3.730282e-11
10530.00 3.717264e-11
10540.00 3.704262e-11
10550.00 3.691267e-11
10560.00 3.678302e-11
10570.00 3.665354e-11
10580.00 3.652413e-11
10590.00 3.639504e-11
10600.00 3.626611e-11
10610.00 3.613725e-11
10620.00 3.600873e-11
10630.00 3.588037e-11
10640.00 3.575209e-11
10650.00 3.562414e-11
10660.00 3.549635e-11
10670.00 3.536865e-11
10680.00 3.524130e-11
10690.00 3.511411e-11
10700.00 3.498700e-11
10710.00 3.486026e-11
10720.00 3.473366e-11
10730.00 3.460716e-11
10740.00 3.448104e-11
10750.00 3.435505e-11
10760.00 3.422917e-11
10770.00 3.410368e-11
10780.00 3.397832e-11
10790.00 3.385306e-11
10800.00 3.372822e-11
10810.00 3.360349e-11
10820.00 3.347888e-11
10830.00 3.335468e-11
10840.00 3.323060e-11
10850.00 3.310665e-11
10860.00 3.298311e-11
10870.00 3.285968e-11
10880.00 3.273641e-11
10890.00 3.261353e-11
10900.00 3.249077e-11
10910.00 3.236817e-11
10920.00 3.224597e-11
10930.00 3.212390e-11
10940.00 3.200199e-11
10950.00 3.188046e-11
10960.00 3.175907e-11
10970.00 3.163787e-11
10980.00 3.151704e-11
10990.00 3.139634e-11
11000.00 3.127584e-11
11010.00 3.115572e-11
11020.00 3.103573e-11
11030.00 3.091595e-11
11040.00 3.079653e-11
11050.00 3.067726e-11
11060.00 3.055821e-11
11070.00 3.043951e-11
11080.00 3.032096e-11
11090.00 3.020264e-11
11100.00 3.008467e-11
11110.00 2.996685e-11
11120.00 2.984927e-11
11130.00 2.973204e-11
11140.00 2.961495e-11
11150.00 2.949813e-11
11160.00 2.938164e-11
11170.00 2.926530e-11
11180.00 2.914923e-11
11190.00 2.903348e-11
11200.00 2.891790e-11
11210.00 2.880260e-11
11220.00 2.868761e-11
11230.00 2.857279e-11
11240.00 2.845825e-11
11250.00 2.834403e-11
11260.00 2.822997e-11
11270.00 2.811622e-11
11280.00 2.800276e-11
11290.00 2.788948e-11
11300.00 2.777651e-11
11310.00 2.766383e-11
11320.00 2.755132e-11
11330.00 2.743913e-11
11340.00 2.732724e-11
11350.00 2.721552e-11
11360.00 2.710413e-11
11370.00 2.699302e-11
11380.00 2.688209e-11
11390.00 2.677150e-11
11400.00 2.666118e-11
11410.00 2.655105e-11
11420.00 2.644126e-11
11430.00 2.633174e-11
11440.00 2.622241e-11
11450.00 2.611344e-11
11460.00 2.600471e-11
11470.00 2.589619e-11
11480.00 2.578803e-11
11490.00 2.568011e-11
11500.00 2.557240e-11
11510.00 2.546505e-11
11520.00 2.535795e-11
11530.00 2.525105e-11
11540.00 2.514453e-11
11550.00 2.503824e-11
11560.00 2.493216e-11
11570.00 2.482646e-11
11580.00 2.472100e-11
11590.00 2.461573e-11
11600.00 2.451086e-11
11610.00 2.440622e-11
11620.00 2.430178e-11
11630.00 2.419774e-11
11640.00 2.409393e-11
11650.00 2.399032e-11
11660.00 2.388712e-11
11670.00 2.378413e-11
11680.00 2.368135e-11
11690.00 2.357898e-11
11700.00 2.347683e-11
11710.00 2.337489e-11
11720.00 2.327336e-11
11730.00 2.317204e-11
11740.00 2.307094e-11
11750.00 2.297024e-11
11760.00 2.286976e-11
11770.00 2.276951e-11
11780.00 2.266965e-11
11790.00 2.257001e-11
11800.00 2.247060e-11
11810.00 2.237159e-11
11820.00 2.227279e-11
11830.00 2.217423e-11
11840.00 2.207606e-11
11850.00 2.197809e-11
11860.00 2.188039e-11
11870.00 2.178306e-11
11880.00 2.168594e-11
11890.00 2.158909e-11
11900.00 2.149260e-11
11910.00 2.139633e-11
11920.00 2.130033e-11
11930.00 2.120469e-11
11940.00 2.110926e-11
11950.00 2.101411e-11
11960.00 2.091932e-11
11970.00 2.082475e-11
11980.00 2.073045e-11
11990.00 2.063650e-11
12000.00 2.054277e-11
12010.00 2.044934e-11
12020.00 2.035624e-11
12030.00 2.026336e-11
12040.00 2.017077e-11
12050.00 2.007852e-11
12060.00 1.998649e-11
12070.00 1.989476e-11
12080.00 1.980336e-11
12090.00 1.971218e-11
12100.00 1.962131e-11
12110.00 1.953075e-11
12120.00 1.944042e-11
12130.00 1.935040e-11
12140.00 1.926069e-11
12150.00 1.917121e-11
12160.00 1.908204e-11
12170.00 1.899318e-11
12180.00 1.890455e-11
12190.00 1.881624e-11
12200.00 1.872822e-11
12210.00 1.864044e-11
12220.00 1.855297e-11
12230.00 1.846581e-11
12240.00 1.837887e-11
12250.00 1.829226e-11
12260.00 1.820594e-11
12270.00 1.811985e-11
12280.00 1.803409e-11
12290.00 1.794862e-11
12300.00 1.786337e-11
12310.00 1.777846e-11
12320.00 1.769382e-11
12330.00 1.760942e-11
12340.00 1.752536e-11
12350.00 1.744157e-11
12360.00 1.735800e-11
12370.00 1.727479e-11
12380.00 1.719184e-11
12390.00 1.710912e-11
12400.00 1.702675e-11
12410.00 1.694463e-11
12420.00 1.686275e-11
12430.00 1.678122e-11
12440.00 1.669994e-11
12450.00 1.661890e-11
12460.00 1.653821e-11
12470.00 1.645777e-11
12480.00 1.637756e-11
12490.00 1.629771e-11
12500.00 1.621810e-11
12510.00 1.613872e-11
12520.00 1.605971e-11
12530.00 1.598093e-11
12540.00 1.590239e-11
12550.00 1.582420e-11
12560.00 1.574626e-11
12570.00 1.566853e-11
12580.00 1.559119e-11
12590.00 1.551406e-11
12600.00 1.543717e-11
12610.00 1.536064e-11
12620.00 1.528434e-11
12630.00 1.520828e-11
12640.00 1.513257e-11
12650.00 1.505710e-11
12660.00 1.498185e-11
12670.00 1.490697e-11
12680.00 1.483231e-11
12690.00 1.475789e-11
12700.00 1.468381e-11
12710.00 1.460997e-11
12720.00 1.453636e-11
12730.00 1.446310e-11
12740.00 1.439007e-11
12750.00 1.431728e-11
12760.00 1.424483e-11
12770.00 1.417260e-11
12780.00 1.410063e-11
12790.00 1.402898e-11
12800.00 1.395755e-11
12810.00 1.388639e-11
12820.00 1.381554e-11
12830.00 1.374492e-11
12840.00 1.367456e-11
12850.00 1.360451e-11
12860.00 1.353469e-11
12870.00 1.346512e-11
12880.00 1.339587e-11
12890.00 1.332684e-11
12900.00 1.325808e-11
12910.00 1.318962e-11
12920.00 1.312137e-11
12930.00 1.305340e-11
12940.00 1.298573e-11
12950.00 1.291827e-11
12960.00 1.285109e-11
12970.00 1.278420e-11
12980.00 1.271753e-11
12990.00 1.265113e-11
13000.00 1.258501e-11
13010.00 1.251912e-11
13020.00 1.245350e-11
13030.00 1.238817e-11
13040.00 1.232305e-11
13050.00 1.225821e-11
13060.00 1.219364e-11
13070.00 1.212929e-11
13080.00 1.206522e-11
13090.00 1.200142e-11
13100.00 1.193784e-11
13110.00 1.187454e-11
13120.00 1.181150e-11
13130.00 1.174868e-11
13140.00 1.168615e-11
13150.00 1.162386e-11
13160.00 1.156180e-11
13170.00 1.150002e-11
13180.00 1.143850e-11
13190.00 1.137718e-11
13200.00 1.131616e-11
13210.00 1.125538e-11
13220.00 1.119482e-11
13230.00 1.113454e-11
13240.00 1.107451e-11
13250.00 1.101469e-11
13260.00 1.095516e-11
13270.00 1.089587e-11
13280.00 1.083679e-11
13290.00 1.077799e-11
13300.00 1.071943e-11
13310.00 1.066109e-11
13320.00 1.060304e-11
13330.00 1.054521e-11
13340.00 1.048759e-11
13350.00 1.043026e-11
13360.00 1.037316e-11
13370.00 1.031626e-11
13380.00 1.025967e-11
13390.00 1.020328e-11
13400.00 1.014711e-11
13410.00 1.009123e-11
13420.00 1.003556e-11
13430.00 9.980100e-12
13440.00 9.924931e-12
13450.00 9.869981e-12
13460.00 9.815230e-12
13470.00 9.760771e-12
13480.00 9.706525e-12
13490.00 9.652479e-12
13500.00 9.598725e-12
13510.00 9.545177e-12
13520.00 9.491829e-12
13530.00 9.438773e-12
13540.00 9.385917e-12
13550.00 9.333267e-12
13560.00 9.280904e-12
13570.00 9.228740e-12
13580.00 9.176782e-12
13590.00 9.125104e-12
13600.00 9.073626e-12
13610.00 9.022354e-12
13620.00 8.971356e-12
13630.00 8.920557e-12
13640.00 8.869971e-12
13650.00 8.819640e-12
13660.00 8.769515e-12
13670.00 8.719608e-12
13680.00 8.669950e-12
13690.00 8.620492e-12
13700.00 8.571246e-12
13710.00 8.522261e-12
13720.00 8.473464e-12
13730.00 8.424885e-12
13740.00 8.376555e-12
13750.00 8.328419e-12
13760.00 8.280501e-12
13770.00 8.232826e-12
13780.00 8.185344e-12
13790.00 8.138074e-12
13800.00 8.091048e-12
13810.00 8.044214e-12
13820.00 7.997593e-12
13830.00 7.951208e-12
13840.00 7.905011e-12
13850.00 7.859038e-12
13860.00 7.813295e-12
13870.00 7.767734e-12
13880.00 7.722397e-12
13890.00 7.677278e-12
13900.00 7.632352e-12
13910.00 7.587645e-12
13920.00 7.543156e-12
13930.00 7.498853e-12
13940.00 7.454769e-12
13950.00 7.410904e-12
13960.00 7.367219e-12
13970.00 7.323758e-12
13980.00 7.280503e-12
13990.00 7.237436e-12
14000.00 7.194586e-12
14010.00 7.151948e-12
14020.00 7.109485e-12
14030.00 7.067247e-12
14040.00 7.025208e-12
14050.00 6.983349e-12
14060.00 6.941709e-12
14070.00 6.900275e-12
14080.00 6.859009e-12
14090.00 6.817974e-12
14100.00 6.777125e-12
14110.00 6.736458e-12
14120.00 6.696009e-12
14130.00 6.655753e-12
14140.00 6.615671e-12
14150.00 6.575808e-12
14160.00 6.536132e-12
14170.00 6.496630e-12
14180.00 6.457347e-12
14190.00 6.418244e-12
14200.00 6.379316e-12
14210.00 6.340612e-12
14220.00 6.302077e-12
14230.00 6.263723e-12
14240.00 6.225584e-12
14250.00 6.187620e-12
14260.00 6.149824e-12
14270.00 6.112247e-12
14280.00 6.074844e-12
14290.00 6.037607e-12
14300.00 6.000587e-12
14310.00 5.963737e-12
14320.00 5.927053e-12
14330.00 5.890585e-12
14340.00 5.854283e-12
14350.00 5.818145e-12
14360.00 5.782223e-12
14370.00 5.746464e-12
14380.00 5.710868e-12
14390.00 5.675486e-12
14400.00 5.640264e-12
14410.00 5.605205e-12
14420.00 5.570356e-12
14430.00 5.535665e-12
14440.00 5.501138e-12
14450.00 5.466816e-12
14460.00 5.432651e-12
14470.00 5.398650e-12
14480.00 5.364849e-12
14490.00 5.331205e-12
14500.00 5.297724e-12
14510.00 5.264440e-12
14520.00 5.231310e-12
14530.00 5.198344e-12
14540.00 5.165570e-12
14550.00 5.132950e-12
14560.00 5.100493e-12
14570.00 5.068224e-12
14580.00 5.036107e-12
14590.00 5.004154e-12
14600.00 4.972385e-12
14610.00 4.940767e-12
14620.00 4.909311e-12
14630.00 4.878036e-12
14640.00 4.846910e-12
14650.00 4.815946e-12
14660.00 4.785160e-12
14670.00 4.754521e-12
14680.00 4.724044e-12
14690.00 4.693741e-12
14700.00 4.663584e-12
14710.00 4.633588e-12
14720.00 4.603763e-12
14730.00 4.574081e-12
14740.00 4.544561e-12
14750.00 4.515209e-12
14760.00 4.485998e-12
14770.00 4.456949e-12
14780.00 4.428063e-12
14790.00 4.399317e-12
14800.00 4.370732e-12
14810.00 4.342307e-12
14820.00 4.314022e-12
14830.00 4.285897e-12
14840.00 4.257927e-12
14850.00 4.230097e-12
14860.00 4.202425e-12
14870.00 4.174907e-12
14880.00 4.147525e-12
14890.00 4.120302e-12
14900.00 4.093229e-12
14910.00 4.066291e-12
14920.00 4.039511e-12
14930.00 4.012878e-12
14940.00 3.986380e-12
14950.00 3.960037e-12
14960.00 3.933839e-12
14970.00 3.907773e-12
14980.00 3.881863e-12
14990.00 3.856095e-12
15000.00 3.830457e-12
15010.00 3.804974e-12
15020.00 3.779630e-12
15030.00 3.754415e-12
15040.00 3.729354e-12
15050.00 3.704429e-12
15060.00 3.679631e-12
15070.00 3.654987e-12
15080.00 3.630476e-12
15090.00 3.606090e-12
15100.00 3.581858e-12
15110.00 3.557755e-12
15120.00 3.533777e-12
15130.00 3.509950e-12
15140.00 3.486252e-12
15150.00 3.462676e-12
15160.00 3.439251e-12
15170.00 3.415950e-12
15180.00 3.392772e-12
15190.00 3.369742e-12
15200.00 3.346835e-12
15210.00 3.324049e-12
15220.00 3.301410e-12
15230.00 3.278892e-12
15240.00 3.256492e-12
15250.00 3.234239e-12
15260.00 3.212105e-12
15270.00 3.190088e-12
15280.00 3.168216e-12
15290.00 3.146459e-12
15300.00 3.124820e-12
15310.00 3.103323e-12
15320.00 3.081940e-12
15330.00 3.060674e-12
15340.00 3.039546e-12
15350.00 3.018532e-12
15360.00 2.997634e-12
15370.00 2.976872e-12
15380.00 2.956221e-12
15390.00 2.935687e-12
15400.00 2.915285e-12
15410.00 2.894994e-12
15420.00 2.874817e-12
15430.00 2.854771e-12
15440.00 2.834833e-12
15450.00 2.815010e-12
15460.00 2.795314e-12
15470.00 2.775727e-12
15480.00 2.756252e-12
15490.00 2.736903e-12
15500.00 2.717659e-12
15510.00 2.698529e-12
15520.00 2.679521e-12
15530.00 2.660618e-12
15540.00 2.641826e-12
15550.00 2.623155e-12
15560.00 2.604587e-12
15570.00 2.586131e-12
15580.00 2.567791e-12
15590.00 2.549554e-12
15600.00 2.531427e-12
15610.00 2.513415e-12
15620.00 2.495504e-12
15630.00 2.477702e-12
15640.00 2.460013e-12
15650.00 2.442424e-12
15660.00 2.424943e-12
15670.00 2.407572e-12
15680.00 2.390300e-12
15690.00 2.373135e-12
15700.00 2.356078e-12
15710.00 2.339118e-12
15720.00 2.322265e-12
15730.00 2.305518e-12
15740.00 2.288866e-12
15750.00 2.272320e-12
15760.00 2.255877e-12
15770.00 2.239529e-12
15780.00 2.223286e-12
15790.00 2.207145e-12
15800.00 2.191096e-12
15810.00 2.175152e-12
15820.00 2.159307e-12
15830.00 2.143553e-12
15840.00 2.127902e-12
15850.00 2.112349e-12
15860.00 2.096886e-12
15870.00 2.081525e-12
15880.00 2.066260e-12
15890.00 2.051084e-12
15900.00 2.036008e-12
15910.00 2.021027e-12
15920.00 2.006132e-12
15930.00 1.991339e-12
15940.00 1.976636e-12
15950.00 1.962020e-12
15960.00 1.947504e-12
15970.00 1.933077e-12
15980.00 1.918734e-12
15990.00 1.904490e-12
16000.00 1.890335e-12
16010.00 1.876262e-12
16020.00 1.862288e-12
16030.00 1.848399e-12
16040.00 1.834593e-12
16050.00 1.820884e-12
16060.00 1.807258e-12
16070.00 1.793713e-12
16080.00 1.780264e-12
16090.00 1.766897e-12
16100.00 1.753611e-12
16110.00 1.740419e-12
16120.00 1.727307e-12
16130.00 1.714275e-12
16140.00 1.701336e-12
16150.00 1.688475e-12
16160.00 1.675693e-12
16170.00 1.663003e-12
16180.00 1.650390e-12
16190.00 1.637854e-12
16200.00 1.625409e-12
16210.00 1.613040e-12
16220.00 1.600747e-12
16230.00 1.588543e-12
16240.00 1.576412e-12
16250.00 1.564359e-12
16260.00 1.552392e-12
16270.00 1.540498e-12
16280.00 1.528679e-12
16290.00 1.516946e-12
16300.00 1.505284e-12
16310.00 1.493698e-12
16320.00 1.482194e-12
16330.00 1.470760e-12
16340.00 1.459402e-12
16350.00 1.448124e-12
16360.00 1.436916e-12
16370.00 1.425782e-12
16380.00 1.414726e-12
16390.00 1.403740e-12
16400.00 1.392826e-12
16410.00 1.381990e-12
16420.00 1.371221e-12
16430.00 1.360525e-12
16440.00 1.349904e-12
16450.00 1.339349e-12
16460.00 1.328867e-12
16470.00 1.318458e-12
16480.00 1.308115e-12
16490.00 1.297842e-12
16500.00 1.287641e-12
16510.00 1.277505e-12
16520.00 1.267439e-12
16530.00 1.257444e-12
16540.00 1.247513e-12
16550.00 1.237650e-12
16560.00 1.227856e-12
16570.00 1.218125e-12
16580.00 1.208462e-12
16590.00 1.198867e-12
16600.00 1.189334e-12
16610.00 1.179867e-12
16620.00 1.170467e-12
16630.00 1.161128e-12
16640.00 1.151855e-12
16650.00 1.142647e-12
16660.00 1.133499e-12
16670.00 1.124417e-12
16680.00 1.115396e-12
16690.00 1.106436e-12
16700.00 1.097540e-12
16710.00 1.088707e-12
16720.00 1.079931e-12
16730.00 1.071219e-12
16740.00 1.062567e-12
16750.00 1.053973e-12
16760.00 1.045441e-12
16770.00 1.036969e-12
16780.00 1.028553e-12
16790.00 1.020199e-12
16800.00 1.011904e-12
16810.00 1.003662e-12
16820.00 9.954832e-13
16830.00 9.873609e-13
16840.00 9.792916e-13
16850.00 9.712841e-13
16860.00 9.633320e-13
16870.00 9.554329e-13
16880.00 9.475937e-13
16890.00 9.398087e-13
16900.00 9.320755e-13
16910.00 9.244021e-13
16920.00 9.167817e-13
16930.00 9.092118e-13
16940.00 9.017017e-13
16950.00 8.942422e-13
16960.00 8.868337e-13
16970.00 8.794827e-13
16980.00 8.721827e-13
16990.00 8.649314e-13
17000.00 8.577380e-13
17010.00 8.505933e-13
17020.00 8.434979e-13
17030.00 8.364579e-13
17040.00 8.294666e-13
17050.00 8.225239e-13
17060.00 8.156354e-13
17070.00 8.087943e-13
17080.00 8.020012e-13
17090.00 7.952611e-13
17100.00 7.885684e-13
17110.00 7.819218e-13
17120.00 7.753289e-13
17130.00 7.687802e-13
17140.00 7.622789e-13
17150.00 7.558280e-13
17160.00 7.494227e-13
17170.00 7.430630e-13
17180.00 7.367537e-13
17190.00 7.304880e-13
17200.00 7.242673e-13
17210.00 7.180957e-13
17220.00 7.119673e-13
17230.00 7.058837e-13
17240.00 6.998481e-13
17250.00 6.938549e-13
17260.00 6.879053e-13
17270.00 6.820025e-13
17280.00 6.761421e-13
17290.00 6.703241e-13
17300.00 6.645522e-13
17310.00 6.588208e-13
17320.00 6.531325e-13
17330.00 6.474890e-13
17340.00 6.418855e-13
17350.00 6.363243e-13
17360.00 6.308062e-13
17370.00 6.253280e-13
17380.00 6.198915e-13
17390.00 6.144973e-13
17400.00 6.091418e-13
17410.00 6.038274e-13
17420.00 5.985545e-13
17430.00 5.933196e-13
17440.00 5.881250e-13
17450.00 5.829710e-13
17460.00 5.778544e-13
17470.00 5.727776e-13
17480.00 5.677403e-13
17490.00 5.627397e-13
17500.00 5.577784e-13
17510.00 5.528556e-13
17520.00 5.479688e-13
17530.00 5.431207e-13
17540.00 5.383102e-13
17550.00 5.335351e-13
17560.00 5.287980e-13
17570.00 5.240978e-13
17580.00 5.194322e-13
17590.00 5.148041e-13
17600.00 5.102119e-13
17610.00 5.056536e-13
17620.00 5.011324e-13
17630.00 4.966462e-13
17640.00 4.921933e-13
17650.00 4.877768e-13
17660.00 4.833944e-13
17670.00 4.790449e-13
17680.00 4.747311e-13
17690.00 4.704507e-13
17700.00 4.662023e-13
17710.00 4.619892e-13
17720.00 4.578087e-13
17730.00 4.536597e-13
17740.00 4.495453e-13
17750.00 4.454628e-13
17760.00 4.414110e-13
17770.00 4.373934e-13
17780.00 4.334069e-13
17790.00 4.294506e-13
17800.00 4.255278e-13
17810.00 4.216353e-13
17820.00 4.177726e-13
17830.00 4.139428e-13
17840.00 4.101425e-13
17850.00 4.063714e-13
17860.00 4.026327e-13
17870.00 3.989229e-13
17880.00 3.952416e-13
17890.00 3.915921e-13
17900.00 3.879709e-13
17910.00 3.843776e-13
17920.00 3.808155e-13
17930.00 3.772811e-13
17940.00 3.737742e-13
17950.00 3.702977e-13
17960.00 3.668483e-13
17970.00 3.634260e-13
17980.00 3.600334e-13
17990.00 3.566673e-13
18000.00 3.533278e-13
18010.00 3.500174e-13
18020.00 3.467328e-13
18030.00 3.434745e-13
18040.00 3.402445e-13
18050.00 3.370399e-13
18060.00 3.338611e-13
18070.00 3.307099e-13
18080.00 3.275836e-13
18090.00 3.244826e-13
18100.00 3.214086e-13
18110.00 3.183589e-13
18120.00 3.153342e-13
18130.00 3.123357e-13
18140.00 3.093612e-13
18150.00 3.064111e-13
18160.00 3.034866e-13
18170.00 3.005855e-13
18180.00 2.977085e-13
18190.00 2.948565e-13
18200.00 2.920273e-13
18210.00 2.892219e-13
18220.00 2.864408e-13
18230.00 2.836821e-13
18240.00 2.809467e-13
18250.00 2.782350e-13
18260.00 2.755452e-13
18270.00 2.728784e-13
18280.00 2.702346e-13
18290.00 2.676124e-13
18300.00 2.650126e-13
18310.00 2.624354e-13
18320.00 2.598792e-13
18330.00 2.573450e-13
18340.00 2.548329e-13
18350.00 2.523414e-13
18360.00 2.498715e-13
18370.00 2.474230e-13
18380.00 2.449947e-13
18390.00 2.425877e-13
18400.00 2.402015e-13
18410.00 2.378351e-13
18420.00 2.354896e-13
18430.00 2.331644e-13
18440.00 2.308586e-13
18450.00 2.285732e-13
18460.00 2.263076e-13
18470.00 2.240610e-13
18480.00 2.218345e-13
18490.00 2.196273e-13
18500.00 2.174385e-13
18510.00 2.152696e-13
18520.00 2.131194e-13
18530.00 2.109873e-13
18540.00 2.088747e-13
18550.00 2.067803e-13
18560.00 2.047037e-13
18570.00 2.026460e-13
18580.00 2.006062e-13
18590.00 1.985837e-13
18600.00 1.965799e-13
18610.00 1.945935e-13
18620.00 1.926240e-13
18630.00 1.906727e-13
18640.00 1.887385e-13
18650.00 1.868208e-13
18660.00 1.849210e-13
18670.00 1.830377e-13
18680.00 1.811706e-13
18690.00 1.793211e-13
18700.00 1.774877e-13
18710.00 1.756702e-13
18720.00 1.738697e-13
18730.00 1.720850e-13
18740.00 1.703158e-13
18750.00 1.685635e-13
18760.00 1.668264e-13
18770.00 1.651045e-13
18780.00 1.633990e-13
18790.00 1.617085e-13
18800.00 1.600327e-13
18810.00 1.583731e-13
18820.00 1.567281e-13
18830.00 1.550975e-13
18840.00 1.534827e-13
18850.00 1.518820e-13
18860.00 1.502956e-13
18870.00 1.487244e-13
18880.00 1.471672e-13
18890.00 1.456239e-13
18900.00 1.440955e-13
18910.00 1.425806e-13
18920.00 1.410794e-13
18930.00 1.395927e-13
18940.00 1.381193e-13
18950.00 1.366592e-13
18960.00 1.352133e-13
18970.00 1.337803e-13
18980.00 1.323604e-13
18990.00 1.309542e-13
19000.00 1.295607e-13
19010.00 1.281800e-13
19020.00 1.268126e-13
19030.00 1.254577e-13
19040.00 1.241153e-13
19050.00 1.227859e-13
19060.00 1.214686e-13
19070.00 1.201636e-13
19080.00 1.188711e-13
19090.00 1.175906e-13
19100.00 1.163221e-13
19110.00 1.150659e-13
19120.00 1.138212e-13
19130.00 1.125882e-13
19140.00 1.113673e-13
19150.00 1.101576e-13
19160.00 1.089594e-13
19170.00 1.077730e-13
19180.00 1.065974e-13
19190.00 1.054332e-13
19200.00 1.042803e-13
19210.00 1.031381e-13
19220.00 1.020069e-13
19230.00 1.008869e-13
19240.00 9.977712e-14
19250.00 9.867830e-14
19260.00 9.759013e-14
19270.00 9.651219e-14
19280.00 9.544485e-14
19290.00 9.438792e-14
19300.00 9.334096e-14
19310.00 9.230429e-14
19320.00 9.127785e-14
19330.00 9.026101e-14
19340.00 8.925433e-14
19350.00 8.825756e-14
19360.00 8.727020e-14
19370.00 8.629276e-14
19380.00 8.532486e-14
19390.00 8.436625e-14
19400.00 8.341730e-14
19410.00 8.247764e-14
19420.00 8.154702e-14
19430.00 8.062581e-14
19440.00 7.971371e-14
19450.00 7.881039e-14
19460.00 7.791631e-14
19470.00 7.703101e-14
19480.00 7.615426e-14
19490.00 7.528654e-14
19500.00 7.442743e-14
19510.00 7.357661e-14
19520.00 7.273465e-14
19530.00 7.190097e-14
19540.00 7.107546e-14
19550.00 7.025856e-14
19560.00 6.944976e-14
19570.00 6.864888e-14
19580.00 6.785636e-14
19590.00 6.707181e-14
19600.00 6.629493e-14
19610.00 6.552622e-14
19620.00 6.476518e-14
19630.00 6.401168e-14
19640.00 6.326622e-14
19650.00 6.252818e-14
19660.00 6.179743e-14
19670.00 6.107454e-14
19680.00 6.035885e-14
19690.00 5.965033e-14
19700.00 5.894943e-14
19710.00 5.825554e-14
19720.00 5.756863e-14
19730.00 5.688914e-14
19740.00 5.621648e-14
19750.00 5.555063e-14
19760.00 5.489198e-14
19770.00 5.423999e-14
19780.00 5.359465e-14
19790.00 5.295629e-14
19800.00 5.232441e-14
19810.00 5.169904e-14
19820.00 5.108043e-14
19830.00 5.046814e-14
19840.00 4.986220e-14
19850.00 4.926283e-14
19860.00 4.866960e-14
19870.00 4.808257e-14
19880.00 4.750192e-14
19890.00 4.692725e-14
19900.00 4.635861e-14
19910.00 4.579618e-14
19920.00 4.523956e-14
19930.00 4.468883e-14
19940.00 4.414412e-14
19950.00 4.360508e-14
19960.00 4.307177e-14
19970.00 4.254431e-14
19980.00 4.202235e-14
19990.00 4.150600e-14
20000.00 4.099531e-14
20010.00 4.048998e-14
20020.00 3.999012e-14
20030.00 3.949573e-14
20040.00 3.900658e-14
20050.00 3.852274e-14
20060.00 3.804424e-14
20070.00 3.757080e-14
20080.00 3.710256e-14
20090.00 3.663948e-14
20100.00 3.618134e-14
20110.00 3.572825e-14
20120.00 3.528017e-14
20130.00 3.483690e-14
20140.00 3.439855e-14
20150.00 3.396506e-14
20160.00 3.353623e-14
20170.00 3.311220e-14
20180.00 3.269290e-14
20190.00 3.227812e-14
20200.00 3.186801e-14
20210.00 3.146247e-14
20220.00 3.106135e-14
20230.00 3.066477e-14
20240.00 3.027262e-14
20250.00 2.988476e-14
20260.00 2.950132e-14
20270.00 2.912218e-14
20280.00 2.874721e-14
20290.00 2.837654e-14
20300.00 2.801004e-14
20310.00 2.764759e-14
20320.00 2.728933e-14
20330.00 2.693510e-14
20340.00 2.658481e-14
20350.00 2.623859e-14
20360.00 2.589629e-14
20370.00 2.555781e-14
20380.00 2.522328e-14
20390.00 2.489256e-14
20400.00 2.456554e-14
20410.00 2.424238e-14
20420.00 2.392289e-14
20430.00 2.360701e-14
20440.00 2.329487e-14
20450.00 2.298630e-14
20460.00 2.268122e-14
20470.00 2.237979e-14
20480.00 2.208181e-14
20490.00 2.178722e-14
20500.00 2.149618e-14
20510.00 2.120847e-14
20520.00 2.092406e-14
20530.00 2.064310e-14
20540.00 2.036537e-14
20550.00 2.009084e-14
20560.00 1.981965e-14
20570.00 1.955160e-14
20580.00 1.928665e-14
20590.00 1.902495e-14
20600.00 1.876628e-14
20610.00 1.851064e-14
20620.00 1.825813e-14
20630.00 1.800857e-14
20640.00 1.776194e-14
20650.00 1.751836e-14
20660.00 1.727762e-14
20670.00 1.703974e-14
20680.00 1.680480e-14
20690.00 1.657263e-14
20700.00 1.634323e-14
20710.00 1.611667e-14
20720.00 1.589280e-14
20730.00 1.567162e-14
20740.00 1.545319e-14
20750.00 1.523737e-14
20760.00 1.502415e-14
20770.00 1.481359e-14
20780.00 1.460556e-14
20790.00 1.440006e-14
20800.00 1.419714e-14
20810.00 1.399667e-14
20820.00 1.379865e-14
20830.00 1.360312e-14
20840.00 1.340997e-14
20850.00 1.321919e-14
20860.00 1.303083e-14
20870.00 1.284476e-14
20880.00 1.266101e-14
20890.00 1.247958e-14
20900.00 1.230038e-14
20910.00 1.212342e-14
20920.00 1.194871e-14
20930.00 1.177616e-14
20940.00 1.160578e-14
20950.00 1.143758e-14
20960.00 1.127146e-14
20970.00 1.110746e-14
20980.00 1.094555e-14
20990.00 1.078566e-14
21000.00 1.062782e-14
21010.00 1.047201e-14
21020.00 1.031815e-14
21030.00 1.016627e-14
21040.00 1.001636e-14
21050.00 9.868335e-15
21060.00 9.722236e-15
21070.00 9.578026e-15
21080.00 9.435650e-15
21090.00 9.295131e-15
21100.00 9.156439e-15
21110.00 9.019523e-15
21120.00 8.884410e-15
21130.00 8.751061e-15
21140.00 8.619420e-15
21150.00 8.489530e-15
21160.00 8.361343e-15
21170.00 8.234808e-15
21180.00 8.109969e-15
21190.00 7.986770e-15
21200.00 7.865173e-15
21210.00 7.745215e-15
21220.00 7.626841e-15
21230.00 7.510019e-15
21240.00 7.394775e-15
21250.00 7.281064e-15
21260.00 7.168850e-15
21270.00 7.058169e-15
21280.00 6.948960e-15
21290.00 6.841203e-15
21300.00 6.734924e-15
21310.00 6.630073e-15
21320.00 6.526612e-15
21330.00 6.424591e-15
21340.00 6.323935e-15
21350.00 6.224636e-15
21360.00 6.126720e-15
21370.00 6.030128e-15
21380.00 5.934840e-15
21390.00 5.840891e-15
21400.00 5.748217e-15
21410.00 5.656804e-15
21420.00 5.566682e-15
21430.00 5.477793e-15
21440.00 5.390118e-15
21450.00 5.303692e-15
21460.00 5.218453e-15
21470.00 5.134387e-15
21480.00 5.051525e-15
21490.00 4.969808e-15
21500.00 4.889224e-15
21510.00 4.809801e-15
21520.00 4.731482e-15
21530.00 4.654257e-15
21540.00 4.578151e-15
21550.00 4.503108e-15
21560.00 4.429123e-15
21570.00 4.356213e-15
21580.00 4.284330e-15
21590.00 4.213469e-15
21600.00 4.143641e-15
21610.00 4.074805e-15
21620.00 4.006953e-15
21630.00 3.940097e-15
21640.00 3.874195e-15
21650.00 3.809245e-15
21660.00 3.745253e-15
21670.00 3.682180e-15
21680.00 3.620024e-15
21690.00 3.558790e-15
21700.00 3.498442e-15
21710.00 3.438978e-15
21720.00 3.380401e-15
21730.00 3.322677e-15
21740.00 3.265806e-15
21750.00 3.209787e-15
21760.00 3.154590e-15
21770.00 3.100214e-15
21780.00 3.046659e-15
21790.00 2.993895e-15
21800.00 2.941922e-15
21810.00 2.890737e-15
21820.00 2.840313e-15
21830.00 2.790652e-15
21840.00 2.741748e-15
21850.00 2.693576e-15
21860.00 2.646139e-15
21870.00 2.599429e-15
21880.00 2.553425e-15
21890.00 2.508127e-15
21900.00 2.463527e-15
21910.00 2.419606e-15
21920.00 2.376365e-15
21930.00 2.333795e-15
21940.00 2.291876e-15
21950.00 2.250612e-15
21960.00 2.209992e-15
21970.00 2.169999e-15
21980.00 2.130635e-15
21990.00 2.091889e-15
22000.00 2.053746e-15
22010.00 2.016208e-15
22020.00 1.979262e-15
22030.00 1.942895e-15
22040.00 1.907111e-15
22050.00 1.871895e-15
22060.00 1.837235e-15
22070.00 1.803134e-15
22080.00 1.769580e-15
22090.00 1.736557e-15
22100.00 1.704073e-15
22110.00 1.672111e-15
22120.00 1.640662e-15
22130.00 1.609728e-15
22140.00 1.579296e-15
22150.00 1.549355e-15
22160.00 1.519910e-15
22170.00 1.490945e-15
22180.00 1.462452e-15
22190.00 1.434433e-15
22200.00 1.406876e-15
22210.00 1.379770e-15
22220.00 1.353120e-15
22230.00 1.326912e-15
22240.00 1.301136e-15
22250.00 1.275798e-15
22260.00 1.250882e-15
22270.00 1.226382e-15
22280.00 1.202301e-15
22290.00 1.178623e-15
22300.00 1.155345e-15
22310.00 1.132467e-15
22320.00 1.109977e-15
22330.00 1.087867e-15
22340.00 1.066143e-15
22350.00 1.044789e-15
22360.00 1.023799e-15
22370.00 1.003178e-15
22380.00 9.829107e-16
22390.00 9.629928e-16
22400.00 9.434278e-16
22410.00 9.242013e-16
22420.00 9.053096e-16
22430.00 8.867539e-16
22440.00 8.685224e-16
22450.00 8.506114e-16
22460.00 8.330215e-16
22470.00 8.157420e-16
22480.00 7.987686e-16
22490.00 7.821020e-16
22500.00 7.657321e-16
22510.00 7.496547e-16
22520.00 7.338702e-16
22530.00 7.183688e-16
22540.00 7.031480e-16
22550.00 6.882064e-16
22560.00 6.735354e-16
22570.00 6.591319e-16
22580.00 6.449946e-16
22590.00 6.311154e-16
22600.00 6.174927e-16
22610.00 6.041237e-16
22620.00 5.910011e-16
22630.00 5.781226e-16
22640.00 5.654865e-16
22650.00 5.530852e-16
22660.00 5.409171e-16
22670.00 5.289799e-16
22680.00 5.172665e-16
22690.00 5.057756e-16
22700.00 4.945045e-16
22710.00 4.834469e-16
22720.00 4.726015e-16
22730.00 4.619652e-16
22740.00 4.515325e-16
22750.00 4.413018e-16
22760.00 4.312702e-16
22770.00 4.214325e-16
22780.00 4.117872e-16
22790.00 4.023314e-16
22800.00 3.930601e-16
22810.00 3.839720e-16
22820.00 3.750641e-16
22830.00 3.663316e-16
22840.00 3.577737e-16
22850.00 3.493870e-16
22860.00 3.411671e-16
22870.00 3.331133e-16
22880.00 3.252220e-16
22890.00 3.174894e-16
22900.00 3.099146e-16
22910.00 3.024942e-16
22920.00 2.952246e-16
22930.00 2.881049e-16
22940.00 2.811318e-16
22950.00 2.743018e-16
22960.00 2.676143e-16
22970.00 2.610657e-16
22980.00 2.546531e-16
22990.00 2.483756e-16
23000.00 2.422300e-16
23010.00 2.362133e-16
23020.00 2.303248e-16
23030.00 2.245613e-16
23040.00 2.189199e-16
23050.00 2.134002e-16
23060.00 2.079988e-16
23070.00 2.027132e-16
23080.00 1.975429e-16
23090.00 1.924846e-16
23100.00 1.875360e-16
23110.00 1.826965e-16
23120.00 1.779629e-16
23130.00 1.733333e-16
23140.00 1.688070e-16
23150.00 1.643808e-16
23160.00 1.600529e-16
23170.00 1.558227e-16
23180.00 1.516872e-16
23190.00 1.476446e-16
23200.00 1.436943e-16
23210.00 1.398334e-16
23220.00 1.360604e-16
23230.00 1.323746e-16
23240.00 1.287732e-16
23250.00 1.252547e-16
23260.00 1.218185e-16
23270.00 1.184620e-16
23280.00 1.151837e-16
23290.00 1.119830e-16
23300.00 1.088575e-16
23310.00 1.058057e-16
23320.00 1.028271e-16
23330.00 9.991921e-17
23340.00 9.708090e-17
23350.00 9.431148e-17
23360.00 9.160871e-17
23370.00 8.897141e-17
23380.00 8.639887e-17
23390.00 8.388912e-17
23400.00 8.144097e-17
23410.00 7.905372e-17
23420.00 7.672546e-17
23430.00 7.445524e-17
23440.00 7.224212e-17
23450.00 7.008449e-17
23460.00 6.798129e-17
23470.00 6.593177e-17
23480.00 6.393437e-17
23490.00 6.198810e-17
23500.00 6.009212e-17
23510.00 5.824500e-17
23520.00 5.644587e-17
23530.00 5.469388e-17
23540.00 5.298767e-17
23550.00 5.132645e-17
23560.00 4.970936e-17
23570.00 4.813515e-17
23580.00 4.660307e-17
23590.00 4.511226e-17
23600.00 4.366157e-17
23610.00 4.225030e-17
23620.00 4.087761e-17
23630.00 3.954241e-17
23640.00 3.824404e-17
23650.00 3.698170e-17
23660.00 3.575437e-17
23670.00 3.456144e-17
23680.00 3.340211e-17
23690.00 3.227544e-17
23700.00 3.118085e-17
23710.00 3.011757e-17
23720.00 2.908473e-17
23730.00 2.808178e-17
23740.00 2.710797e-17
23750.00 2.616250e-17
23760.00 2.524485e-17
23770.00 2.435429e-17
23780.00 2.349009e-17
23790.00 2.265174e-17
23800.00 2.183855e-17
23810.00 2.104985e-17
23820.00 2.028515e-17
23830.00 1.954379e-17
23840.00 1.882515e-17
23850.00 1.812875e-17
23860.00 1.745400e-17
23870.00 1.680028e-17
23880.00 1.616718e-17
23890.00 1.555408e-17
23900.00 1.496046e-17
23910.00 1.438591e-17
23920.00 1.382985e-17
23930.00 1.329177e-17
23940.00 1.277131e-17
23950.00 1.226791e-17
23960.00 1.178111e-17
23970.00 1.131054e-17
23980.00 1.085571e-17
23990.00 1.041618e-17
24000.00 9.991584e-18
24010.00 9.581468e-18
24020.00 9.185416e-18
24030.00 8.803112e-18
24040.00 8.434100e-18
24050.00 8.078005e-18
24060.00 7.734535e-18
24070.00 7.403254e-18
24080.00 7.083812e-18
24090.00 6.775935e-18
24100.00 6.479217e-18
24110.00 6.193340e-18
24120.00 5.918036e-18
24130.00 5.652932e-18
24140.00 5.397731e-18
24150.00 5.152176e-18
24160.00 4.915930e-18
24170.00 4.688710e-18
24180.00 4.470277e-18
24190.00 4.260317e-18
24200.00 4.058572e-18
24210.00 3.864811e-18
24220.00 3.678749e-18
24230.00 3.500144e-18
24240.00 3.328780e-18
24250.00 3.164393e-18
24260.00 3.006763e-18
24270.00 2.855682e-18
24280.00 2.710911e-18
24290.00 2.572244e-18
24300.00 2.439489e-18
24310.00 2.312425e-18
24320.00 2.190863e-18
24330.00 2.074621e-18
24340.00 1.963500e-18
24350.00 1.857323e-18
24360.00 1.755922e-18
24370.00 1.659115e-18
24380.00 1.566738e-18
24390.00 1.478636e-18
24400.00 1.394642e-18
24410.00 1.314606e-18
24420.00 1.238385e-18
24430.00 1.165824e-18
24440.00 1.096790e-18
24450.00 1.031146e-18
24460.00 9.687554e-19
24470.00 9.094929e-19
24480.00 8.532355e-19
24490.00 7.998565e-19
24500.00 7.492432e-19
24510.00 7.012820e-19
24520.00 6.558588e-19
24530.00 6.128705e-19
24540.00 5.722130e-19
24550.00 5.337839e-19
24560.00 4.974885e-19
24570.00 4.632331e-19
24580.00 4.309248e-19
24590.00 4.004780e-19
24600.00 3.718077e-19
24610.00 3.448303e-19
24620.00 3.194687e-19
24630.00 2.956459e-19
24640.00 2.732871e-19
24650.00 2.523229e-19
24660.00 2.326840e-19
24670.00 2.143038e-19
24680.00 1.971197e-19
24690.00 1.810702e-19
24700.00 1.660956e-19
24710.00 1.521403e-19
24720.00 1.391493e-19
24730.00 1.270699e-19
24740.00 1.158526e-19
24750.00 1.054488e-19
24760.00 9.581181e-20
24770.00 8.689813e-20
24780.00 7.866482e-20
24790.00 7.107104e-20
24800.00 6.407845e-20
24810.00 5.764948e-20
24820.00 5.174862e-20
24830.00 4.634235e-20
24840.00 4.139808e-20
24850.00 3.688498e-20
24860.00 3.277407e-20
24870.00 2.903724e-20
24880.00 2.564801e-20
24890.00 2.258147e-20
24900.00 1.981362e-20
24910.00 1.732190e-20
24920.00 1.508512e-20
24930.00 1.308299e-20
24940.00 1.129649e-20
24950.00 9.707803e-21
24960.00 8.299959e-21
24970.00 7.057128e-21
24980.00 5.964513e-21
24990.00 5.008131e-21
25000.00 4.174984e-21
