1000.00 7.763725e-42
1010.00 1.269135e-32
1020.00 4.934475e-31
1030.00 4.720375e-30
1040.00 2.483782e-29
1050.00 9.416304e-29
1060.00 2.926562e-28
1070.00 7.708862e-28
1080.00 1.876560e-27
1090.00 4.108326e-27
1100.00 8.555179e-27
1110.00 1.672940e-26
1120.00 3.127381e-26
1130.00 5.667811e-26
1140.00 9.780055e-26
1150.00 1.679067e-25
1160.00 2.754669e-25
1170.00 4.487607e-25
1180.00 7.101312e-25
1190.00 1.105022e-24
1200.00 1.700337e-24
1210.00 2.544288e-24
1220.00 3.829577e-24
1230.00 5.591715e-24
1240.00 8.189958e-24
1250.00 1.175917e-23
1260.00 1.675204e-23
1270.00 2.372463e-23
1280.00 3.295892e-23
1290.00 4.615517e-23
1300.00 6.313075e-23
1310.00 8.694034e-23
1320.00 1.178223e-22
1330.00 1.590977e-22
1340.00 2.139523e-22
1350.00 2.836368e-22
1360.00 3.789898e-22
1370.00 4.966263e-22
1380.00 6.563040e-22
1390.00 8.552386e-22
1400.00 1.113160e-21
1410.00 1.443785e-21
1420.00 1.852168e-21
1430.00 2.392922e-21
1440.00 3.040370e-21
1450.00 3.898828e-21
1460.00 4.936162e-21
1470.00 6.251989e-21
1480.00 7.891819e-21
1490.00 9.876932e-21
1500.00 1.243681e-20
1510.00 1.543304e-20
1520.00 1.933560e-20
1530.00 2.393765e-20
1540.00 2.967951e-20
1550.00 3.667183e-20
1560.00 4.500968e-20
1570.00 5.552543e-20
1580.00 6.761545e-20
1590.00 8.314192e-20
1600.00 1.010851e-19
1610.00 1.231836e-19
1620.00 1.495744e-19
1630.00 1.806781e-19
1640.00 2.191615e-19
1650.00 2.627672e-19
1660.00 3.181257e-19
1670.00 3.810108e-19
1680.00 4.576519e-19
1690.00 5.476455e-19
1700.00 6.527310e-19
1710.00 7.805746e-19
1720.00 9.236895e-19
1730.00 1.103637e-18
1740.00 1.305022e-18
1750.00 1.548348e-18
1760.00 1.829844e-18
1770.00 2.156084e-18
1780.00 2.547041e-18
1790.00 2.980795e-18
1800.00 3.520437e-18
1810.00 4.117102e-18
1820.00 4.832820e-18
1830.00 5.649865e-18
1840.00 6.590927e-18
1850.00 7.703425e-18
1860.00 8.931517e-18
1870.00 1.043804e-17
1880.00 1.208942e-17
1890.00 1.405813e-17
1900.00 1.627867e-17
1910.00 1.882304e-17
1920.00 2.179380e-17
1930.00 2.505989e-17
1940.00 2.901488e-17
1950.00 3.331743e-17
1960.00 3.841953e-17
1970.00 4.411138e-17
1980.00 5.060476e-17
1990.00 5.810025e-17
2000.00 6.631326e-17
2010.00 7.614017e-17
2020.00 8.675873e-17
2030.00 9.929246e-17
2040.00 1.131344e-16
2050.00 1.288663e-16
2060.00 1.468351e-16
2070.00 1.664693e-16
2080.00 1.897015e-16
2090.00 2.146530e-16
2100.00 2.439861e-16
2110.00 2.760780e-16
2120.00 3.124344e-16
2130.00 3.535533e-16
2140.00 3.983780e-16
2150.00 4.508676e-16
2160.00 5.069318e-16
2170.00 5.726059e-16
2180.00 6.438300e-16
2190.00 7.242928e-16
2200.00 8.144596e-16
2210.00 9.125590e-16
2220.00 1.026316e-15
2230.00 1.147206e-15
2240.00 1.288371e-15
2250.00 1.440211e-15
2260.00 1.611325e-15
2270.00 1.801418e-15
2280.00 2.007886e-15
2290.00 2.245114e-15
2300.00 2.496039e-15
2310.00 2.788226e-15
2320.00 3.100070e-15
2330.00 3.450741e-15
2340.00 3.837120e-15
2350.00 4.256171e-15
2360.00 4.733478e-15
2370.00 5.236145e-15
2380.00 5.820003e-15
2390.00 6.438543e-15
2400.00 7.132777e-15
2410.00 7.891750e-15
2420.00 8.713866e-15
2430.00 9.642553e-15
2440.00 1.061657e-14
2450.00 1.174539e-14
2460.00 1.293282e-14
2470.00 1.426332e-14
2480.00 1.570708e-14
2490.00 1.726924e-14
2500.00 1.902003e-14
2510.00 2.084914e-14
2520.00 2.296471e-14
2530.00 2.517506e-14
2540.00 2.764801e-14
2550.00 3.031230e-14
2560.00 3.319235e-14
2570.00 3.639582e-14
2580.00 3.973754e-14
2590.00 4.357988e-14
2600.00 4.757563e-14
2610.00 5.204023e-14
2620.00 5.681710e-14
2630.00 6.197646e-14
2640.00 6.767362e-14
2650.00 7.361464e-14
2660.00 8.039351e-14
2670.00 8.741796e-14
2680.00 9.525738e-14
2690.00 1.035892e-13
2700.00 1.125813e-13
2710.00 1.224413e-13
2720.00 1.327202e-13
2730.00 1.443627e-13
2740.00 1.563850e-13
2750.00 1.697884e-13
2760.00 1.839407e-13
2770.00 1.992046e-13
2780.00 2.158279e-13
2790.00 2.331525e-13
2800.00 2.526366e-13
2810.00 2.726876e-13
2820.00 2.950220e-13
2830.00 3.184536e-13
2840.00 3.437105e-13
2850.00 3.710350e-13
2860.00 3.995040e-13
2870.00 4.313020e-13
2880.00 4.639148e-13
2890.00 5.002135e-13
2900.00 5.380550e-13
2910.00 5.788226e-13
2920.00 6.226419e-13
2930.00 6.682829e-13
2940.00 7.189212e-13
2950.00 7.706817e-13
2960.00 8.282546e-13
2970.00 8.878979e-13
2980.00 9.521237e-13
2990.00 1.020714e-12
3000.00 1.092135e-12
3010.00 1.170860e-12
3020.00 1.251054e-12
3030.00 1.340207e-12
3040.00 1.431987e-12
3050.00 1.530775e-12
3060.00 1.635609e-12
3070.00 1.744732e-12
3080.00 1.864244e-12
3090.00 1.985564e-12
3100.00 2.120383e-12
3110.00 2.258295e-12
3120.00 2.406683e-12
3130.00 2.563152e-12
3140.00 2.725964e-12
3150.00 2.903149e-12
3160.00 3.082368e-12
3170.00 3.281477e-12
3180.00 3.483837e-12
3190.00 3.701500e-12
3200.00 3.929553e-12
3210.00 4.166749e-12
3220.00 4.423263e-12
3230.00 4.681747e-12
3240.00 4.968890e-12
3250.00 5.258779e-12
3260.00 5.570508e-12
3270.00 5.894994e-12
3280.00 5.771691e-12
3290.00 4.700083e-12
3300.00 6.958686e-12
3310.00 7.319986e-13
3320.00 3.541976e-12
3330.00 2.608012e-12
3340.00 5.819747e-12
3350.00 6.639506e-12
3360.00 4.694421e-12
3370.00 8.155874e-12
3380.00 8.916985e-12
3390.00 3.875341e-12
3400.00 3.890815e-12
3410.00 8.401793e-12
3420.00 6.031182e-12
3430.00 4.056556e-12
3440.00 4.345574e-12
3450.00 2.260568e-12
3460.00 1.083767e-11
3470.00 1.213285e-11
3480.00 1.670014e-11
3490.00 2.044502e-11
3500.00 2.106408e-11
3510.00 3.550950e-11
3520.00 4.301559e-11
3530.00 3.726364e-11
3540.00 3.035594e-11
3550.00 3.453842e-11
3560.00 4.220426e-11
3570.00 4.259298e-11
3580.00 4.369448e-11
3590.00 4.870558e-11
3600.00 4.676787e-11
3610.00 5.868400e-11
3620.00 6.587254e-11
3630.00 7.306115e-11
3640.00 7.284331e-11
3650.00 6.928922e-11
3660.00 6.403206e-11
3670.00 7.385573e-11
3680.00 9.233222e-11
3690.00 9.606711e-11
3700.00 7.707160e-11
3710.00 8.558253e-11
3720.00 8.661402e-11
3730.00 7.968091e-11
3740.00 8.693217e-11
3750.00 9.168334e-11
3760.00 6.115449e-11
3770.00 4.976226e-11
3780.00 5.647145e-11
3790.00 3.951878e-11
3800.00 2.722903e-11
3810.00 3.924387e-11
3820.00 3.074379e-11
3830.00 2.792994e-11
3840.00 2.810867e-11
3850.00 5.037843e-11
3860.00 6.135754e-11
3870.00 6.229462e-11
3880.00 8.781210e-11
3890.00 8.106970e-11
3900.00 8.973133e-11
3910.00 1.023439e-10
3920.00 9.869519e-11
3930.00 1.143932e-10
3940.00 1.260890e-10
3950.00 1.517976e-10
3960.00 1.779704e-10
3970.00 2.004409e-10
3980.00 2.103898e-10
3990.00 2.109977e-10
4000.00 2.065052e-10
4010.00 1.984221e-10
4020.00 1.860383e-10
4030.00 1.590191e-10
4040.00 1.322960e-10
4050.00 1.319288e-10
4060.00 1.198336e-10
4070.00 1.151195e-10
4080.00 1.007464e-10
4090.00 9.970904e-11
4100.00 8.715599e-11
4110.00 8.837495e-11
4120.00 1.042451e-10
4130.00 8.216891e-11
4140.00 6.930313e-11
4150.00 8.185487e-11
4160.00 8.495229e-11
4170.00 6.712798e-11
4180.00 7.679136e-11
4190.00 7.177354e-11
4200.00 6.369883e-11
4210.00 8.505017e-11
4220.00 7.682852e-11
4230.00 8.062082e-11
4240.00 8.233692e-11
4250.00 8.088535e-11
4260.00 8.743610e-11
4270.00 7.117441e-11
4280.00 9.202568e-11
4290.00 7.853352e-11
4300.00 8.538047e-11
4310.00 7.724012e-11
4320.00 7.385230e-11
4330.00 8.230731e-11
4340.00 7.847030e-11
4350.00 6.975575e-11
4360.00 7.572046e-11
4370.00 7.355916e-11
4380.00 7.391602e-11
4390.00 5.335608e-11
4400.00 6.659126e-11
4410.00 5.427813e-11
4420.00 5.720173e-11
4430.00 6.180199e-11
4440.00 5.787761e-11
4450.00 5.563587e-11
4460.00 4.961483e-11
4470.00 7.473005e-11
4480.00 7.223907e-11
4490.00 8.775232e-11
4500.00 8.618241e-11
4510.00 9.104393e-11
4520.00 8.915763e-11
4530.00 1.029343e-10
4540.00 1.110226e-10
4550.00 1.378441e-10
4560.00 1.322558e-10
4570.00 1.611905e-10
4580.00 1.620589e-10
4590.00 1.837332e-10
4600.00 1.840301e-10
4610.00 2.011611e-10
4620.00 2.055215e-10
4630.00 2.011052e-10
4640.00 2.008499e-10
4650.00 1.969116e-10
4660.00 1.791830e-10
4670.00 1.587260e-10
4680.00 1.386765e-10
4690.00 1.182268e-10
4700.00 9.965007e-11
4710.00 8.431712e-11
4720.00 7.414445e-11
4730.00 6.526599e-11
4740.00 6.974702e-11
4750.00 7.603798e-11
4760.00 7.318315e-11
4770.00 7.350529e-11
4780.00 7.708743e-11
4790.00 8.785419e-11
4800.00 8.503408e-11
4810.00 1.001041e-10
4820.00 1.173224e-10
4830.00 1.224284e-10
4840.00 1.249874e-10
4850.00 1.123090e-10
4860.00 1.059812e-10
4870.00 9.826882e-11
4880.00 8.964579e-11
4890.00 9.500763e-11
4900.00 1.030499e-10
4910.00 1.031014e-10
4920.00 1.210243e-10
4930.00 1.272788e-10
4940.00 1.420391e-10
4950.00 1.568068e-10
4960.00 1.604413e-10
4970.00 1.653045e-10
4980.00 1.661205e-10
4990.00 1.527122e-10
5000.00 1.225689e-10
5010.00 9.887730e-11
5020.00 8.925264e-11
5030.00 7.530113e-11
5040.00 8.114545e-11
5050.00 7.430835e-11
5060.00 7.010183e-11
5070.00 7.341551e-11
5080.00 7.702933e-11
5090.00 7.351820e-11
5100.00 7.953185e-11
5110.00 8.858780e-11
5120.00 8.476956e-11
5130.00 8.979180e-11
5140.00 8.071883e-11
5150.00 8.037780e-11
5160.00 8.300638e-11
5170.00 8.585080e-11
5180.00 8.615779e-11
5190.00 9.066943e-11
5200.00 9.662628e-11
5210.00 9.635415e-11
5220.00 1.019984e-10
5230.00 1.054844e-10
5240.00 1.095931e-10
5250.00 1.175009e-10
5260.00 1.213644e-10
5270.00 1.204268e-10
5280.00 1.325733e-10
5290.00 1.325270e-10
5300.00 1.392674e-10
5310.00 1.438701e-10
5320.00 1.434794e-10
5330.00 1.432141e-10
5340.00 1.479477e-10
5350.00 1.415171e-10
5360.00 1.348934e-10
5370.00 1.349479e-10
5380.00 1.317096e-10
5390.00 1.278330e-10
5400.00 1.246596e-10
5410.00 1.248733e-10
5420.00 1.387168e-10
5430.00 1.461458e-10
5440.00 1.456107e-10
5450.00 1.545293e-10
5460.00 1.732003e-10
5470.00 1.836899e-10
5480.00 1.875581e-10
5490.00 2.072651e-10
5500.00 2.096586e-10
5510.00 2.177395e-10
5520.00 2.250720e-10
5530.00 2.306429e-10
5540.00 2.258880e-10
5550.00 2.261626e-10
5560.00 2.213272e-10
5570.00 1.981503e-10
5580.00 1.950562e-10
5590.00 1.874728e-10
5600.00 1.750243e-10
5610.00 1.641364e-10
5620.00 1.460795e-10
5630.00 1.360726e-10
5640.00 1.092961e-10
5650.00 8.443327e-11
5660.00 5.712254e-11
5670.00 4.422966e-11
5680.00 5.105872e-11
5690.00 5.830473e-11
5700.00 7.096437e-11
5710.00 8.019788e-11
5720.00 7.697315e-11
5730.00 7.797603e-11
5740.00 8.434598e-11
5750.00 8.498963e-11
5760.00 8.427535e-11
5770.00 8.767364e-11
5780.00 8.835282e-11
5790.00 8.842763e-11
5800.00 8.740992e-11
5810.00 9.255648e-11
5820.00 1.028358e-10
5830.00 1.006296e-10
5840.00 1.112427e-10
5850.00 1.185860e-10
5860.00 1.232399e-10
5870.00 1.323621e-10
5880.00 1.296039e-10
5890.00 1.367000e-10
5900.00 1.452421e-10
5910.00 1.340548e-10
5920.00 1.211567e-10
5930.00 1.130878e-10
5940.00 1.115909e-10
5950.00 1.047808e-10
5960.00 9.382731e-11
5970.00 9.568288e-11
5980.00 9.374895e-11
5990.00 9.063327e-11
6000.00 9.219482e-11
6010.00 8.867589e-11
6020.00 8.697126e-11
6030.00 9.058620e-11
6040.00 8.882970e-11
6050.00 9.084212e-11
6060.00 9.487065e-11
6070.00 9.529566e-11
6080.00 9.144955e-11
6090.00 9.318834e-11
6100.00 8.787937e-11
6110.00 9.231926e-11
6120.00 8.547093e-11
6130.00 8.887140e-11
6140.00 8.908001e-11
6150.00 8.706073e-11
6160.00 8.289104e-11
6170.00 8.449243e-11
6180.00 8.130188e-11
6190.00 8.079414e-11
6200.00 7.934319e-11
6210.00 7.598555e-11
6220.00 6.739987e-11
6230.00 6.767175e-11
6240.00 7.100209e-11
6250.00 7.278970e-11
6260.00 7.380255e-11
6270.00 6.778453e-11
6280.00 7.378528e-11
6290.00 7.622701e-11
6300.00 7.922979e-11
6310.00 7.718432e-11
6320.00 7.824624e-11
6330.00 8.432497e-11
6340.00 8.454973e-11
6350.00 9.046456e-11
6360.00 9.410238e-11
6370.00 9.599966e-11
6380.00 1.014541e-10
6390.00 1.034154e-10
6400.00 1.133233e-10
6410.00 1.160664e-10
6420.00 1.184796e-10
6430.00 1.313317e-10
6440.00 1.313292e-10
6450.00 1.297474e-10
6460.00 1.336320e-10
6470.00 1.332836e-10
6480.00 1.393503e-10
6490.00 1.525507e-10
6500.00 1.403336e-10
6510.00 1.421600e-10
6520.00 1.419161e-10
6530.00 1.409343e-10
6540.00 1.361398e-10
6550.00 1.294958e-10
6560.00 1.221935e-10
6570.00 1.225285e-10
6580.00 1.123984e-10
6590.00 1.030424e-10
6600.00 9.560956e-11
6610.00 8.464649e-11
6620.00 8.031097e-11
6630.00 7.011112e-11
6640.00 6.187780e-11
6650.00 5.923195e-11
6660.00 5.296961e-11
6670.00 5.154851e-11
6680.00 4.761694e-11
6690.00 4.355384e-11
6700.00 3.667114e-11
6710.00 4.374667e-11
6720.00 3.932064e-11
6730.00 3.804817e-11
6740.00 3.744940e-11
6750.00 3.204615e-11
6760.00 3.624357e-11
6770.00 3.449476e-11
6780.00 3.232922e-11
6790.00 3.383358e-11
6800.00 3.633257e-11
6810.00 3.573988e-11
6820.00 3.966538e-11
6830.00 3.767990e-11
6840.00 3.663938e-11
6850.00 3.329379e-11
6860.00 2.558399e-11
6870.00 3.109068e-11
6880.00 3.144570e-11
6890.00 3.577554e-11
6900.00 3.698709e-11
6910.00 3.672091e-11
6920.00 3.650566e-11
6930.00 4.319511e-11
6940.00 4.670067e-11
6950.00 4.771936e-11
6960.00 4.532584e-11
6970.00 4.489597e-11
6980.00 4.977357e-11
6990.00 5.006871e-11
7000.00 4.936063e-11
7010.00 5.158827e-11
7020.00 5.088230e-11
7030.00 5.601762e-11
7040.00 5.813838e-11
7050.00 6.670821e-11
7060.00 6.421854e-11
7070.00 7.157079e-11
7080.00 7.038793e-11
7090.00 7.463641e-11
7100.00 7.697054e-11
7110.00 7.863870e-11
7120.00 8.081197e-11
7130.00 7.850989e-11
7140.00 7.860060e-11
7150.00 7.564795e-11
7160.00 7.261220e-11
7170.00 7.045096e-11
7180.00 7.402419e-11
7190.00 7.599802e-11
7200.00 8.016864e-11
7210.00 8.106341e-11
7220.00 7.697334e-11
7230.00 7.998696e-11
7240.00 7.790770e-11
7250.00 7.690002e-11
7260.00 7.847080e-11
7270.00 8.133523e-11
7280.00 7.472332e-11
7290.00 7.506547e-11
7300.00 7.902860e-11
7310.00 8.035960e-11
7320.00 8.011620e-11
7330.00 8.116759e-11
7340.00 8.066272e-11
7350.00 8.335794e-11
7360.00 8.223798e-11
7370.00 8.081390e-11
7380.00 7.679404e-11
7390.00 7.827248e-11
7400.00 7.674965e-11
7410.00 9.698576e-11
7420.00 9.686450e-11
7430.00 8.852040e-11
7440.00 7.542607e-11
7450.00 6.463344e-11
7460.00 5.599679e-11
7470.00 4.936594e-11
7480.00 4.652163e-11
7490.00 3.979748e-11
7500.00 3.666254e-11
7510.00 3.594562e-11
7520.00 4.391333e-11
7530.00 4.632964e-11
7540.00 5.128835e-11
7550.00 5.602312e-11
7560.00 6.219822e-11
7570.00 6.647822e-11
7580.00 3.535561e-11
7590.00 1.892641e-11
7600.00 4.579782e-11
7610.00 3.545853e-11
7620.00 3.928829e-11
7630.00 5.256865e-11
7640.00 6.196943e-11
7650.00 7.029734e-11
7660.00 8.378974e-11
7670.00 9.146027e-11
7680.00 9.274426e-11
7690.00 1.041626e-10
7700.00 1.075341e-10
7710.00 1.045133e-10
7720.00 1.078352e-10
7730.00 1.210943e-10
7740.00 1.152628e-10
7750.00 1.131296e-10
7760.00 1.177673e-10
7770.00 1.209771e-10
7780.00 1.138479e-10
7790.00 1.122203e-10
7800.00 1.212692e-10
7810.00 1.199965e-10
7820.00 1.134854e-10
7830.00 1.166335e-10
7840.00 1.224651e-10
7850.00 1.183768e-10
7860.00 1.161540e-10
7870.00 1.196275e-10
7880.00 1.201051e-10
7890.00 1.136814e-10
7900.00 1.190903e-10
7910.00 1.141353e-10
7920.00 1.072085e-10
7930.00 1.097159e-10
7940.00 1.086106e-10
7950.00 9.873379e-11
7960.00 9.829575e-11
7970.00 1.033676e-10
7980.00 9.849257e-11
7990.00 9.238634e-11
8000.00 9.479659e-11
8010.00 9.581942e-11
8020.00 8.967403e-11
8030.00 8.706129e-11
8040.00 9.511249e-11
8050.00 9.087685e-11
8060.00 8.242053e-11
8070.00 8.350046e-11
8080.00 8.243356e-11
8090.00 7.512463e-11
8100.00 6.008820e-11
8110.00 5.395324e-11
8120.00 5.024785e-11
8130.00 4.158583e-11
8140.00 3.396628e-11
8150.00 2.922910e-11
8160.00 2.669361e-11
8170.00 2.425136e-11
8180.00 1.859741e-11
8190.00 2.024898e-11
8200.00 2.011957e-11
8210.00 1.843366e-11
8220.00 2.351592e-11
8230.00 2.515992e-11
8240.00 2.605693e-11
8250.00 3.364389e-11
8260.00 3.579896e-11
8270.00 3.529622e-11
8280.00 2.977768e-11
8290.00 2.848194e-11
8300.00 2.688470e-11
8310.00 3.024837e-11
8320.00 2.773190e-11
8330.00 2.542416e-11
8340.00 3.281273e-11
8350.00 3.669410e-11
8360.00 3.704283e-11
8370.00 3.681030e-11
8380.00 4.312679e-11
8390.00 4.848216e-11
8400.00 5.093799e-11
8410.00 5.319747e-11
8420.00 5.586111e-11
8430.00 6.596955e-11
8440.00 5.892743e-11
8450.00 6.333804e-11
8460.00 7.255029e-11
8470.00 7.711493e-11
8480.00 7.812267e-11
8490.00 7.553268e-11
8500.00 8.301274e-11
8510.00 9.160522e-11
8520.00 9.219887e-11
8530.00 8.335121e-11
8540.00 8.786778e-11
8550.00 9.125491e-11
8560.00 9.293709e-11
8570.00 9.352288e-11
8580.00 8.856086e-11
8590.00 9.280268e-11
8600.00 9.512097e-11
8610.00 9.155591e-11
8620.00 9.392806e-11
8630.00 9.034330e-11
8640.00 8.999024e-11
8650.00 8.687463e-11
8660.00 8.348020e-11
8670.00 8.193499e-11
8680.00 8.282328e-11
8690.00 8.166360e-11
8700.00 8.247171e-11
8710.00 7.348104e-11
8720.00 7.054105e-11
8730.00 6.821895e-11
8740.00 6.750922e-11
8750.00 6.944116e-11
8760.00 6.389491e-11
8770.00 6.640678e-11
8780.00 6.938318e-11
8790.00 7.390797e-11
8800.00 7.340541e-11
8810.00 6.917651e-11
8820.00 6.864134e-11
8830.00 7.474888e-11
8840.00 6.616451e-11
8850.00 6.077702e-11
8860.00 5.596928e-11
8870.00 5.135193e-11
8880.00 4.883817e-11
8890.00 4.019369e-11
8900.00 3.664822e-11
8910.00 4.607277e-11
8920.00 3.908691e-11
8930.00 3.772373e-11
8940.00 3.916462e-11
8950.00 3.762435e-11
8960.00 4.504441e-11
8970.00 4.702287e-11
8980.00 5.110611e-11
8990.00 5.236404e-11
9000.00 5.361536e-11
9010.00 5.621368e-11
9020.00 5.223848e-11
9030.00 5.074989e-11
9040.00 5.576686e-11
9050.00 5.250660e-11
9060.00 5.535380e-11
9070.00 5.496386e-11
9080.00 5.827774e-11
9090.00 6.109776e-11
9100.00 6.226295e-11
9110.00 6.114235e-11
9120.00 6.134108e-11
9130.00 6.342445e-11
9140.00 6.362938e-11
9150.00 6.417340e-11
9160.00 6.923891e-11
9170.00 6.970095e-11
9180.00 7.188270e-11
9190.00 7.090938e-11
9200.00 7.441870e-11
9210.00 6.895356e-11
9220.00 6.747244e-11
9230.00 6.379590e-11
9240.00 6.800717e-11
9250.00 7.091106e-11
9260.00 6.785274e-11
9270.00 6.737798e-11
9280.00 6.502260e-11
9290.00 6.331510e-11
9300.00 6.269689e-11
9310.00 6.144429e-11
9320.00 6.347645e-11
9330.00 6.390575e-11
9340.00 6.475352e-11
9350.00 6.499548e-11
9360.00 6.972670e-11
9370.00 7.196307e-11
9380.00 7.480331e-11
9390.00 7.325273e-11
9400.00 7.153588e-11
9410.00 7.261388e-11
9420.00 7.554652e-11
9430.00 7.397824e-11
9440.00 7.627583e-11
9450.00 7.080620e-11
9460.00 7.616386e-11
9470.00 7.421982e-11
9480.00 7.659360e-11
9490.00 7.802959e-11
9500.00 7.528723e-11
9510.00 8.286623e-11
9520.00 8.158941e-11
9530.00 7.407718e-11
9540.00 7.340616e-11
9550.00 7.462369e-11
9560.00 6.750199e-11
9570.00 6.464759e-11
9580.00 6.525072e-11
9590.00 6.382845e-11
9600.00 6.175028e-11
9610.00 6.192414e-11
9620.00 6.152866e-11
9630.00 5.784839e-11
9640.00 6.461019e-11
9650.00 6.261915e-11
9660.00 5.958128e-11
9670.00 5.721480e-11
9680.00 5.700378e-11
9690.00 6.897557e-11
9700.00 5.684371e-11
9710.00 6.085087e-11
9720.00 6.430526e-11
9730.00 6.017600e-11
9740.00 5.497888e-11
9750.00 4.627699e-11
9760.00 5.401705e-11
9770.00 4.899958e-11
9780.00 5.661745e-11
9790.00 4.967120e-11
9800.00 5.115119e-11
9810.00 5.997949e-11
9820.00 6.013758e-11
9830.00 4.540312e-11
9840.00 5.581122e-11
9850.00 6.896896e-11
9860.00 5.677831e-11
9870.00 5.809084e-11
9880.00 4.853209e-11
9890.00 5.445613e-11
9900.00 5.237953e-11
9910.00 5.062936e-11
9920.00 4.887819e-11
9930.00 4.712607e-11
9940.00 4.696980e-11
9950.00 4.681349e-11
9960.00 4.665716e-11
9970.00 4.650122e-11
9980.00 4.634525e-11
9990.00 4.618929e-11
10000.00 4.603370e-11
10010.00 4.587810e-11
10020.00 4.572253e-11
10030.00 4.556733e-11
10040.00 4.541211e-11
10050.00 4.525696e-11
10060.00 4.510216e-11
10070.00 4.494736e-11
10080.00 4.479264e-11
10090.00 4.463827e-11
10100.00 4.448391e-11
10110.00 4.432964e-11
10120.00 4.417572e-11
10130.00 4.402181e-11
10140.00 4.386804e-11
10150.00 4.371459e-11
10160.00 4.356116e-11
10170.00 4.340788e-11
10180.00 4.325493e-11
10190.00 4.310201e-11
10200.00 4.294925e-11
10210.00 4.279681e-11
10220.00 4.264441e-11
10230.00 4.249219e-11
10240.00 4.234029e-11
10250.00 4.218843e-11
10260.00 4.203678e-11
10270.00 4.188542e-11
10280.00 4.173414e-11
10290.00 4.158307e-11
10300.00 4.143228e-11
10310.00 4.128157e-11
10320.00 4.113111e-11
10330.00 4.098092e-11
10340.00 4.083082e-11
10350.00 4.068097e-11
10360.00 4.053140e-11
10370.00 4.038191e-11
10380.00 4.023270e-11
10390.00 4.008376e-11
10400.00 3.993491e-11
10410.00 3.978635e-11
10420.00 3.963806e-11
10430.00 3.948987e-11
10440.00 3.934199e-11
10450.00 3.919436e-11
10460.00 3.904684e-11
10470.00 3.889964e-11
10480.00 3.875270e-11
10490.00 3.860587e-11
10500.00 3.845938e-11
10510.00 3.831313e-11
10520.00 3.816701e-11
10530.00 3.802124e-11
10540.00 3.787572e-11
10550.00 3.773031e-11
10560.00 3.758528e-11
10570.00 3.744048e-11
10580.00 3.729582e-11
10590.00 3.715153e-11
10600.00 3.700748e-11
10610.00 3.686356e-11
10620.00 3.672005e-11
10630.00 3.657676e-11
10640.00 3.643361e-11
10650.00 3.629088e-11
10660.00 3.614836e-11
10670.00 3.600599e-11
10680.00 3.586405e-11
10690.00 3.572232e-11
10700.00 3.558075e-11
10710.00 3.543961e-11
10720.00 3.529868e-11
10730.00 3.515792e-11
10740.00 3.501760e-11
10750.00 3.487749e-11
10760.00 3.473754e-11
10770.00 3.459805e-11
10780.00 3.445877e-11
10790.00 3.431965e-11
10800.00 3.418102e-11
10810.00 3.404257e-11
10820.00 3.390430e-11
10830.00 3.376651e-11
10840.00 3.362892e-11
10850.00 3.349151e-11
10860.00 3.335458e-11
10870.00 3.321785e-11
10880.00 3.308132e-11
10890.00 3.294526e-11
10900.00 3.280939e-11
10910.00 3.267375e-11
10920.00 3.253857e-11
10930.00 3.240359e-11
10940.00 3.226884e-11
10950.00 3.213455e-11
10960.00 3.200046e-11
10970.00 3.186662e-11
10980.00 3.173323e-11
10990.00 3.160004e-11
11000.00 3.146711e-11
11010.00 3.133463e-11
11020.00 3.120235e-11
11030.00 3.107035e-11
11040.00 3.093878e-11
11050.00 3.080742e-11
11060.00 3.067636e-11
11070.00 3.054572e-11
11080.00 3.041529e-11
11090.00 3.028516e-11
11100.00 3.015545e-11
11110.00 3.002596e-11
11120.00 2.989678e-11
11130.00 2.976801e-11
11140.00 2.963946e-11
11150.00 2.951124e-11
11160.00 2.938342e-11
11170.00 2.925582e-11
11180.00 2.912857e-11
11190.00 2.900170e-11
11200.00 2.887507e-11
11210.00 2.874878e-11
11220.00 2.862287e-11
11230.00 2.849720e-11
11240.00 2.837189e-11
11250.00 2.824695e-11
11260.00 2.812226e-11
11270.00 2.799792e-11
11280.00 2.787396e-11
11290.00 2.775024e-11
11300.00 2.762690e-11
11310.00 2.750392e-11
11320.00 2.738118e-11
11330.00 2.725883e-11
11340.00 2.713684e-11
11350.00 2.701508e-11
11360.00 2.689373e-11
11370.00 2.677273e-11
11380.00 2.665198e-11
11390.00 2.653163e-11
11400.00 2.641162e-11
11410.00 2.629185e-11
11420.00 2.617251e-11
11430.00 2.605350e-11
11440.00 2.593474e-11
11450.00 2.581641e-11
11460.00 2.569841e-11
11470.00 2.558066e-11
11480.00 2.546334e-11
11490.00 2.534634e-11
11500.00 2.522960e-11
11510.00 2.511329e-11
11520.00 2.499731e-11
11530.00 2.488158e-11
11540.00 2.476630e-11
11550.00 2.465133e-11
11560.00 2.453662e-11
11570.00 2.442236e-11
11580.00 2.430840e-11
11590.00 2.419471e-11
11600.00 2.408148e-11
11610.00 2.396853e-11
11620.00 2.385587e-11
11630.00 2.374366e-11
11640.00 2.363175e-11
11650.00 2.352009e-11
11660.00 2.340892e-11
11670.00 2.329803e-11
11680.00 2.318740e-11
11690.00 2.307726e-11
11700.00 2.296739e-11
11710.00 2.285779e-11
11720.00 2.274868e-11
11730.00 2.263983e-11
11740.00 2.253127e-11
11750.00 2.242319e-11
11760.00 2.231537e-11
11770.00 2.220785e-11
11780.00 2.210078e-11
11790.00 2.199400e-11
11800.00 2.188751e-11
11810.00 2.178148e-11
11820.00 2.167572e-11
11830.00 2.157027e-11
11840.00 2.146526e-11
11850.00 2.136053e-11
11860.00 2.125612e-11
11870.00 2.115214e-11
11880.00 2.104844e-11
11890.00 2.094506e-11
11900.00 2.084212e-11
11910.00 2.073944e-11
11920.00 2.063710e-11
11930.00 2.053518e-11
11940.00 2.043353e-11
11950.00 2.033222e-11
11960.00 2.023134e-11
11970.00 2.013072e-11
11980.00 2.003044e-11
11990.00 1.993058e-11
12000.00 1.983099e-11
12010.00 1.973175e-11
12020.00 1.963291e-11
12030.00 1.953435e-11
12040.00 1.943613e-11
12050.00 1.933832e-11
12060.00 1.924078e-11
12070.00 1.914360e-11
12080.00 1.904681e-11
12090.00 1.895029e-11
12100.00 1.885414e-11
12110.00 1.875837e-11
12120.00 1.866287e-11
12130.00 1.856774e-11
12140.00 1.847299e-11
12150.00 1.837852e-11
12160.00 1.828442e-11
12170.00 1.819068e-11
12180.00 1.809722e-11
12190.00 1.800414e-11
12200.00 1.791141e-11
12210.00 1.781898e-11
12220.00 1.772691e-11
12230.00 1.763520e-11
12240.00 1.754377e-11
12250.00 1.745273e-11
12260.00 1.736203e-11
12270.00 1.727160e-11
12280.00 1.718157e-11
12290.00 1.709187e-11
12300.00 1.700246e-11
12310.00 1.691344e-11
12320.00 1.682475e-11
12330.00 1.673633e-11
12340.00 1.664832e-11
12350.00 1.656062e-11
12360.00 1.647321e-11
12370.00 1.638620e-11
12380.00 1.629950e-11
12390.00 1.621309e-11
12400.00 1.612707e-11
12410.00 1.604137e-11
12420.00 1.595595e-11
12430.00 1.587093e-11
12440.00 1.578622e-11
12450.00 1.570178e-11
12460.00 1.561775e-11
12470.00 1.553403e-11
12480.00 1.545058e-11
12490.00 1.536754e-11
12500.00 1.528479e-11
12510.00 1.520232e-11
12520.00 1.512026e-11
12530.00 1.503849e-11
12540.00 1.495700e-11
12550.00 1.487592e-11
12560.00 1.479512e-11
12570.00 1.471461e-11
12580.00 1.463450e-11
12590.00 1.455467e-11
12600.00 1.447513e-11
12610.00 1.439599e-11
12620.00 1.431712e-11
12630.00 1.423853e-11
12640.00 1.416035e-11
12650.00 1.408245e-11
12660.00 1.400483e-11
12670.00 1.392760e-11
12680.00 1.385066e-11
12690.00 1.377399e-11
12700.00 1.369772e-11
12710.00 1.362171e-11
12720.00 1.354600e-11
12730.00 1.347067e-11
12740.00 1.339561e-11
12750.00 1.332085e-11
12760.00 1.324645e-11
12770.00 1.317233e-11
12780.00 1.309851e-11
12790.00 1.302505e-11
12800.00 1.295187e-11
12810.00 1.287898e-11
12820.00 1.280645e-11
12830.00 1.273419e-11
12840.00 1.266223e-11
12850.00 1.259063e-11
12860.00 1.251929e-11
12870.00 1.244825e-11
12880.00 1.237757e-11
12890.00 1.230714e-11
12900.00 1.223703e-11
12910.00 1.216725e-11
12920.00 1.209774e-11
12930.00 1.202854e-11
12940.00 1.195967e-11
12950.00 1.189106e-11
12960.00 1.182276e-11
12970.00 1.175479e-11
12980.00 1.168708e-11
12990.00 1.161969e-11
13000.00 1.155261e-11
13010.00 1.148579e-11
13020.00 1.141929e-11
13030.00 1.135310e-11
13040.00 1.128717e-11
13050.00 1.122155e-11
13060.00 1.115625e-11
13070.00 1.109120e-11
13080.00 1.102646e-11
13090.00 1.096203e-11
13100.00 1.089785e-11
13110.00 1.083399e-11
13120.00 1.077043e-11
13130.00 1.070712e-11
13140.00 1.064413e-11
13150.00 1.058143e-11
13160.00 1.051898e-11
13170.00 1.045685e-11
13180.00 1.039500e-11
13190.00 1.033341e-11
13200.00 1.027214e-11
13210.00 1.021114e-11
13220.00 1.015040e-11
13230.00 1.008996e-11
13240.00 1.002981e-11
13250.00 9.969913e-12
13260.00 9.910324e-12
13270.00 9.851009e-12
13280.00 9.791938e-12
13290.00 9.733184e-12
13300.00 9.674698e-12
13310.00 9.616456e-12
13320.00 9.558531e-12
13330.00 9.500869e-12
13340.00 9.443443e-12
13350.00 9.386341e-12
13360.00 9.329489e-12
13370.00 9.272886e-12
13380.00 9.216595e-12
13390.00 9.160553e-12
13400.00 9.104755e-12
13410.00 9.049268e-12
13420.00 8.994031e-12
13430.00 8.939030e-12
13440.00 8.884347e-12
13450.00 8.829902e-12
13460.00 8.775699e-12
13470.00 8.721808e-12
13480.00 8.668148e-12
13490.00 8.614731e-12
13500.00 8.561620e-12
13510.00 8.508745e-12
13520.00 8.456107e-12
13530.00 8.403775e-12
13540.00 8.351680e-12
13550.00 8.299815e-12
13560.00 8.248250e-12
13570.00 8.196915e-12
13580.00 8.145818e-12
13590.00 8.095019e-12
13600.00 8.044445e-12
13610.00 7.994108e-12
13620.00 7.944057e-12
13630.00 7.894238e-12
13640.00 7.844655e-12
13650.00 7.795359e-12
13660.00 7.746281e-12
13670.00 7.697440e-12
13680.00 7.648886e-12
13690.00 7.600544e-12
13700.00 7.552445e-12
13710.00 7.504614e-12
13720.00 7.457008e-12
13730.00 7.409638e-12
13740.00 7.362537e-12
13750.00 7.315653e-12
13760.00 7.269007e-12
13770.00 7.222629e-12
13780.00 7.176462e-12
13790.00 7.130533e-12
13800.00 7.084859e-12
13810.00 7.039404e-12
13820.00 6.994179e-12
13830.00 6.949209e-12
13840.00 6.904458e-12
13850.00 6.859938e-12
13860.00 6.815667e-12
13870.00 6.771608e-12
13880.00 6.727780e-12
13890.00 6.684201e-12
13900.00 6.640827e-12
13910.00 6.597691e-12
13920.00 6.554792e-12
13930.00 6.512098e-12
13940.00 6.469641e-12
13950.00 6.427415e-12
13960.00 6.385395e-12
13970.00 6.343611e-12
13980.00 6.302052e-12
13990.00 6.260699e-12
14000.00 6.219581e-12
14010.00 6.178684e-12
14020.00 6.137986e-12
14030.00 6.097525e-12
14040.00 6.057283e-12
14050.00 6.017237e-12
14060.00 5.977426e-12
14070.00 5.937829e-12
14080.00 5.898429e-12
14090.00 5.859258e-12
14100.00 5.820302e-12
14110.00 5.781538e-12
14120.00 5.743005e-12
14130.00 5.704680e-12
14140.00 5.666544e-12
14150.00 5.628639e-12
14160.00 5.590940e-12
14170.00 5.553427e-12
14180.00 5.516144e-12
14190.00 5.479061e-12
14200.00 5.442164e-12
14210.00 5.405496e-12
14220.00 5.369020e-12
14230.00 5.332732e-12
14240.00 5.296670e-12
14250.00 5.260800e-12
14260.00 5.225113e-12
14270.00 5.189649e-12
14280.00 5.154375e-12
14290.00 5.119281e-12
14300.00 5.084410e-12
14310.00 5.049725e-12
14320.00 5.015218e-12
14330.00 4.980935e-12
14340.00 4.946830e-12
14350.00 4.912903e-12
14360.00 4.879197e-12
14370.00 4.845668e-12
14380.00 4.812315e-12
14390.00 4.779179e-12
14400.00 4.746217e-12
14410.00 4.713431e-12
14420.00 4.680858e-12
14430.00 4.648458e-12
14440.00 4.616231e-12
14450.00 4.584214e-12
14460.00 4.552367e-12
14470.00 4.520694e-12
14480.00 4.489226e-12
14490.00 4.457925e-12
14500.00 4.426799e-12
14510.00 4.395872e-12
14520.00 4.365112e-12
14530.00 4.334524e-12
14540.00 4.304133e-12
14550.00 4.273906e-12
14560.00 4.243850e-12
14570.00 4.213987e-12
14580.00 4.184286e-12
14590.00 4.154757e-12
14600.00 4.125416e-12
14610.00 4.096234e-12
14620.00 4.067222e-12
14630.00 4.038396e-12
14640.00 4.009727e-12
14650.00 3.981227e-12
14660.00 3.952909e-12
14670.00 3.924746e-12
14680.00 3.896751e-12
14690.00 3.868934e-12
14700.00 3.841271e-12
14710.00 3.813774e-12
14720.00 3.786451e-12
14730.00 3.759280e-12
14740.00 3.732276e-12
14750.00 3.705441e-12
14760.00 3.678756e-12
14770.00 3.652237e-12
14780.00 3.625884e-12
14790.00 3.599678e-12
14800.00 3.573637e-12
14810.00 3.547758e-12
14820.00 3.522026e-12
14830.00 3.496457e-12
14840.00 3.471047e-12
14850.00 3.445781e-12
14860.00 3.420677e-12
14870.00 3.395729e-12
14880.00 3.370924e-12
14890.00 3.346278e-12
14900.00 3.321786e-12
14910.00 3.297434e-12
14920.00 3.273240e-12
14930.00 3.249198e-12
14940.00 3.225294e-12
14950.00 3.201547e-12
14960.00 3.177947e-12
14970.00 3.154484e-12
14980.00 3.131176e-12
14990.00 3.108013e-12
15000.00 3.084984e-12
15010.00 3.062111e-12
15020.00 3.039377e-12
15030.00 3.016778e-12
15040.00 2.994331e-12
15050.00 2.972022e-12
15060.00 2.949845e-12
15070.00 2.927819e-12
15080.00 2.905929e-12
15090.00 2.884168e-12
15100.00 2.862557e-12
15110.00 2.841079e-12
15120.00 2.819728e-12
15130.00 2.798527e-12
15140.00 2.777454e-12
15150.00 2.756508e-12
15160.00 2.735710e-12
15170.00 2.715037e-12
15180.00 2.694489e-12
15190.00 2.674087e-12
15200.00 2.653809e-12
15210.00 2.633654e-12
15220.00 2.613642e-12
15230.00 2.593753e-12
15240.00 2.573983e-12
15250.00 2.554357e-12
15260.00 2.534851e-12
15270.00 2.515463e-12
15280.00 2.496215e-12
15290.00 2.477085e-12
15300.00 2.458073e-12
15310.00 2.439198e-12
15320.00 2.420440e-12
15330.00 2.401797e-12
15340.00 2.383290e-12
15350.00 2.364896e-12
15360.00 2.346618e-12
15370.00 2.328472e-12
15380.00 2.310438e-12
15390.00 2.292519e-12
15400.00 2.274728e-12
15410.00 2.257048e-12
15420.00 2.239483e-12
15430.00 2.222042e-12
15440.00 2.204712e-12
15450.00 2.187493e-12
15460.00 2.170398e-12
15470.00 2.153410e-12
15480.00 2.136533e-12
15490.00 2.119778e-12
15500.00 2.103128e-12
15510.00 2.086588e-12
15520.00 2.070167e-12
15530.00 2.053849e-12
15540.00 2.037641e-12
15550.00 2.021548e-12
15560.00 2.005558e-12
15570.00 1.989675e-12
15580.00 1.973906e-12
15590.00 1.958237e-12
15600.00 1.942677e-12
15610.00 1.927225e-12
15620.00 1.911873e-12
15630.00 1.896628e-12
15640.00 1.881490e-12
15650.00 1.866450e-12
15660.00 1.851515e-12
15670.00 1.836685e-12
15680.00 1.821952e-12
15690.00 1.807322e-12
15700.00 1.792795e-12
15710.00 1.778363e-12
15720.00 1.764034e-12
15730.00 1.749805e-12
15740.00 1.735670e-12
15750.00 1.721635e-12
15760.00 1.707700e-12
15770.00 1.693856e-12
15780.00 1.680113e-12
15790.00 1.666466e-12
15800.00 1.652908e-12
15810.00 1.639450e-12
15820.00 1.626087e-12
15830.00 1.612812e-12
15840.00 1.599635e-12
15850.00 1.586550e-12
15860.00 1.573552e-12
15870.00 1.560650e-12
15880.00 1.547840e-12
15890.00 1.535115e-12
15900.00 1.522485e-12
15910.00 1.509943e-12
15920.00 1.497486e-12
15930.00 1.485123e-12
15940.00 1.472846e-12
15950.00 1.460652e-12
15960.00 1.448551e-12
15970.00 1.436534e-12
15980.00 1.424598e-12
15990.00 1.412755e-12
16000.00 1.400994e-12
16010.00 1.389313e-12
16020.00 1.377723e-12
16030.00 1.366213e-12
16040.00 1.354782e-12
16050.00 1.343441e-12
16060.00 1.332178e-12
16070.00 1.320993e-12
16080.00 1.309895e-12
16090.00 1.298875e-12
16100.00 1.287931e-12
16110.00 1.277073e-12
16120.00 1.266291e-12
16130.00 1.255584e-12
16140.00 1.244962e-12
16150.00 1.234415e-12
16160.00 1.223940e-12
16170.00 1.213550e-12
16180.00 1.203232e-12
16190.00 1.192986e-12
16200.00 1.182823e-12
16210.00 1.172731e-12
16220.00 1.162710e-12
16230.00 1.152770e-12
16240.00 1.142899e-12
16250.00 1.133099e-12
16260.00 1.123378e-12
16270.00 1.113725e-12
16280.00 1.104142e-12
16290.00 1.094636e-12
16300.00 1.085197e-12
16310.00 1.075826e-12
16320.00 1.066531e-12
16330.00 1.057301e-12
16340.00 1.048140e-12
16350.00 1.039052e-12
16360.00 1.030028e-12
16370.00 1.021072e-12
16380.00 1.012187e-12
16390.00 1.003366e-12
16400.00 9.946110e-13
16410.00 9.859257e-13
16420.00 9.773028e-13
16430.00 9.687454e-13
16440.00 9.602559e-13
16450.00 9.518275e-13
16460.00 9.434640e-13
16470.00 9.351665e-13
16480.00 9.269295e-13
16490.00 9.187561e-13
16500.00 9.106476e-13
16510.00 9.025976e-13
16520.00 8.946106e-13
16530.00 8.866866e-13
16540.00 8.788212e-13
16550.00 8.710175e-13
16560.00 8.632755e-13
16570.00 8.555903e-13
16580.00 8.479655e-13
16590.00 8.404012e-13
16600.00 8.328930e-13
16610.00 8.254447e-13
16620.00 8.180550e-13
16630.00 8.107201e-13
16640.00 8.034445e-13
16650.00 7.962268e-13
16660.00 7.890622e-13
16670.00 7.819555e-13
16680.00 7.749055e-13
16690.00 7.679080e-13
16700.00 7.609677e-13
16710.00 7.540818e-13
16720.00 7.472482e-13
16730.00 7.404707e-13
16740.00 7.337468e-13
16750.00 7.270734e-13
16760.00 7.204549e-13
16770.00 7.138893e-13
16780.00 7.073737e-13
16790.00 7.009117e-13
16800.00 6.945014e-13
16810.00 6.881397e-13
16820.00 6.818310e-13
16830.00 6.755729e-13
16840.00 6.693621e-13
16850.00 6.632043e-13
16860.00 6.570945e-13
16870.00 6.510327e-13
16880.00 6.450214e-13
16890.00 6.390582e-13
16900.00 6.331410e-13
16910.00 6.272750e-13
16920.00 6.214546e-13
16930.00 6.156798e-13
16940.00 6.099546e-13
16950.00 6.042748e-13
16960.00 5.986391e-13
16970.00 5.930527e-13
16980.00 5.875101e-13
16990.00 5.820111e-13
17000.00 5.765603e-13
17010.00 5.711526e-13
17020.00 5.657872e-13
17030.00 5.604692e-13
17040.00 5.551934e-13
17050.00 5.499592e-13
17060.00 5.447713e-13
17070.00 5.396246e-13
17080.00 5.345189e-13
17090.00 5.294584e-13
17100.00 5.244379e-13
17110.00 5.194583e-13
17120.00 5.145224e-13
17130.00 5.096259e-13
17140.00 5.047692e-13
17150.00 4.999554e-13
17160.00 4.951802e-13
17170.00 4.904441e-13
17180.00 4.857501e-13
17190.00 4.810935e-13
17200.00 4.764754e-13
17210.00 4.718984e-13
17220.00 4.673581e-13
17230.00 4.628556e-13
17240.00 4.583930e-13
17250.00 4.539665e-13
17260.00 4.495773e-13
17270.00 4.452267e-13
17280.00 4.409117e-13
17290.00 4.366330e-13
17300.00 4.323922e-13
17310.00 4.281861e-13
17320.00 4.240158e-13
17330.00 4.198824e-13
17340.00 4.157830e-13
17350.00 4.117187e-13
17360.00 4.076905e-13
17370.00 4.036953e-13
17380.00 3.997348e-13
17390.00 3.958093e-13
17400.00 3.919162e-13
17410.00 3.880571e-13
17420.00 3.842322e-13
17430.00 3.804390e-13
17440.00 3.766792e-13
17450.00 3.729526e-13
17460.00 3.692572e-13
17470.00 3.655944e-13
17480.00 3.619640e-13
17490.00 3.583642e-13
17500.00 3.547964e-13
17510.00 3.512601e-13
17520.00 3.477537e-13
17530.00 3.442787e-13
17540.00 3.408345e-13
17550.00 3.374194e-13
17560.00 3.340352e-13
17570.00 3.306810e-13
17580.00 3.273553e-13
17590.00 3.240599e-13
17600.00 3.207936e-13
17610.00 3.175552e-13
17620.00 3.143466e-13
17630.00 3.111663e-13
17640.00 3.080134e-13
17650.00 3.048895e-13
17660.00 3.017934e-13
17670.00 2.987239e-13
17680.00 2.956829e-13
17690.00 2.926690e-13
17700.00 2.896810e-13
17710.00 2.867211e-13
17720.00 2.837875e-13
17730.00 2.808793e-13
17740.00 2.779985e-13
17750.00 2.751433e-13
17760.00 2.723130e-13
17770.00 2.695096e-13
17780.00 2.667311e-13
17790.00 2.639770e-13
17800.00 2.612491e-13
17810.00 2.585455e-13
17820.00 2.558657e-13
17830.00 2.532117e-13
17840.00 2.505813e-13
17850.00 2.479742e-13
17860.00 2.453923e-13
17870.00 2.428334e-13
17880.00 2.402972e-13
17890.00 2.377857e-13
17900.00 2.352967e-13
17910.00 2.328298e-13
17920.00 2.303871e-13
17930.00 2.279662e-13
17940.00 2.255671e-13
17950.00 2.231915e-13
17960.00 2.208372e-13
17970.00 2.185043e-13
17980.00 2.161941e-13
17990.00 2.139049e-13
18000.00 2.116365e-13
18010.00 2.093904e-13
18020.00 2.071646e-13
18030.00 2.049592e-13
18040.00 2.027755e-13
18050.00 2.006117e-13
18060.00 1.984679e-13
18070.00 1.963452e-13
18080.00 1.942418e-13
18090.00 1.921580e-13
18100.00 1.900948e-13
18110.00 1.880505e-13
18120.00 1.860254e-13
18130.00 1.840201e-13
18140.00 1.820334e-13
18150.00 1.800655e-13
18160.00 1.781169e-13
18170.00 1.761864e-13
18180.00 1.742742e-13
18190.00 1.723809e-13
18200.00 1.705052e-13
18210.00 1.686475e-13
18220.00 1.668082e-13
18230.00 1.649859e-13
18240.00 1.631813e-13
18250.00 1.613945e-13
18260.00 1.596245e-13
18270.00 1.578717e-13
18280.00 1.561362e-13
18290.00 1.544171e-13
18300.00 1.527148e-13
18310.00 1.510293e-13
18320.00 1.493597e-13
18330.00 1.477067e-13
18340.00 1.460700e-13
18350.00 1.444489e-13
18360.00 1.428438e-13
18370.00 1.412547e-13
18380.00 1.396808e-13
18390.00 1.381226e-13
18400.00 1.365799e-13
18410.00 1.350519e-13
18420.00 1.335393e-13
18430.00 1.320417e-13
18440.00 1.305586e-13
18450.00 1.290905e-13
18460.00 1.276371e-13
18470.00 1.261976e-13
18480.00 1.247729e-13
18490.00 1.233623e-13
18500.00 1.219655e-13
18510.00 1.205829e-13
18520.00 1.192142e-13
18530.00 1.178589e-13
18540.00 1.165176e-13
18550.00 1.151896e-13
18560.00 1.138747e-13
18570.00 1.125735e-13
18580.00 1.112852e-13
18590.00 1.100097e-13
18600.00 1.087475e-13
18610.00 1.074980e-13
18620.00 1.062608e-13
18630.00 1.050367e-13
18640.00 1.038249e-13
18650.00 1.026250e-13
18660.00 1.014379e-13
18670.00 1.002628e-13
18680.00 9.909937e-14
18690.00 9.794837e-14
18700.00 9.680895e-14
18710.00 9.568095e-14
18720.00 9.456510e-14
18730.00 9.346048e-14
18740.00 9.236695e-14
18750.00 9.128533e-14
18760.00 9.021456e-14
18770.00 8.915470e-14
18780.00 8.810631e-14
18790.00 8.706852e-14
18800.00 8.604133e-14
18810.00 8.502529e-14
18820.00 8.401967e-14
18830.00 8.302428e-14
18840.00 8.203979e-14
18850.00 8.106534e-14
18860.00 8.010099e-14
18870.00 7.914718e-14
18880.00 7.820309e-14
18890.00 7.726886e-14
18900.00 7.634491e-14
18910.00 7.543043e-14
18920.00 7.452550e-14
18930.00 7.363054e-14
18940.00 7.274481e-14
18950.00 7.186843e-14
18960.00 7.100171e-14
18970.00 7.014403e-14
18980.00 6.929533e-14
18990.00 6.845605e-14
19000.00 6.762555e-14
19010.00 6.680391e-14
19020.00 6.599131e-14
19030.00 6.518731e-14
19040.00 6.439186e-14
19050.00 6.360525e-14
19060.00 6.282694e-14
19070.00 6.205705e-14
19080.00 6.129568e-14
19090.00 6.054238e-14
19100.00 5.979727e-14
19110.00 5.906044e-14
19120.00 5.833147e-14
19130.00 5.761045e-14
19140.00 5.689748e-14
19150.00 5.619212e-14
19160.00 5.549455e-14
19170.00 5.480477e-14
19180.00 5.412238e-14
19190.00 5.344756e-14
19200.00 5.278031e-14
19210.00 5.212024e-14
19220.00 5.146754e-14
19230.00 5.082217e-14
19240.00 5.018378e-14
19250.00 4.955257e-14
19260.00 4.892845e-14
19270.00 4.831114e-14
19280.00 4.770080e-14
19290.00 4.709732e-14
19300.00 4.650048e-14
19310.00 4.591041e-14
19320.00 4.532699e-14
19330.00 4.475000e-14
19340.00 4.417961e-14
19350.00 4.361568e-14
19360.00 4.305798e-14
19370.00 4.250672e-14
19380.00 4.196169e-14
19390.00 4.142272e-14
19400.00 4.089001e-14
19410.00 4.036335e-14
19420.00 3.984256e-14
19430.00 3.932786e-14
19440.00 3.881901e-14
19450.00 3.831588e-14
19460.00 3.781866e-14
19470.00 3.732711e-14
19480.00 3.684109e-14
19490.00 3.636083e-14
19500.00 3.588608e-14
19510.00 3.541668e-14
19520.00 3.495288e-14
19530.00 3.449441e-14
19540.00 3.404113e-14
19550.00 3.359330e-14
19560.00 3.315063e-14
19570.00 3.271300e-14
19580.00 3.228065e-14
19590.00 3.185329e-14
19600.00 3.143085e-14
19610.00 3.101352e-14
19620.00 3.060102e-14
19630.00 3.019330e-14
19640.00 2.979052e-14
19650.00 2.939242e-14
19660.00 2.899897e-14
19670.00 2.861033e-14
19680.00 2.822621e-14
19690.00 2.784658e-14
19700.00 2.747163e-14
19710.00 2.710106e-14
19720.00 2.673483e-14
19730.00 2.637315e-14
19740.00 2.601570e-14
19750.00 2.566248e-14
19760.00 2.531365e-14
19770.00 2.496893e-14
19780.00 2.462831e-14
19790.00 2.429193e-14
19800.00 2.395954e-14
19810.00 2.363112e-14
19820.00 2.330681e-14
19830.00 2.298635e-14
19840.00 2.266977e-14
19850.00 2.235714e-14
19860.00 2.204826e-14
19870.00 2.174313e-14
19880.00 2.144182e-14
19890.00 2.114415e-14
19900.00 2.085011e-14
19910.00 2.055977e-14
19920.00 2.027294e-14
19930.00 1.998964e-14
19940.00 1.970992e-14
19950.00 1.943359e-14
19960.00 1.916069e-14
19970.00 1.889124e-14
19980.00 1.862509e-14
19990.00 1.836225e-14
20000.00 1.810275e-14
20010.00 1.784643e-14
20020.00 1.759334e-14
20030.00 1.734347e-14
20040.00 1.709668e-14
20050.00 1.685301e-14
20060.00 1.661245e-14
20070.00 1.637488e-14
20080.00 1.614033e-14
20090.00 1.590878e-14
20100.00 1.568013e-14
20110.00 1.545439e-14
20120.00 1.523157e-14
20130.00 1.501153e-14
20140.00 1.479434e-14
20150.00 1.457994e-14
20160.00 1.436824e-14
20170.00 1.415929e-14
20180.00 1.395305e-14
20190.00 1.374942e-14
20200.00 1.354845e-14
20210.00 1.335008e-14
20220.00 1.315425e-14
20230.00 1.296099e-14
20240.00 1.277025e-14
20250.00 1.258195e-14
20260.00 1.239613e-14
20270.00 1.221275e-14
20280.00 1.203174e-14
20290.00 1.185313e-14
20300.00 1.167686e-14
20310.00 1.150288e-14
20320.00 1.133123e-14
20330.00 1.116184e-14
20340.00 1.099465e-14
20350.00 1.082972e-14
20360.00 1.066697e-14
20370.00 1.050635e-14
20380.00 1.034791e-14
20390.00 1.019157e-14
20400.00 1.003729e-14
20410.00 9.885118e-15
20420.00 9.734973e-15
20430.00 9.586817e-15
20440.00 9.440693e-15
20450.00 9.296527e-15
20460.00 9.154275e-15
20470.00 9.014000e-15
20480.00 8.875600e-15
20490.00 8.739053e-15
20500.00 8.604413e-15
20510.00 8.471581e-15
20520.00 8.340539e-15
20530.00 8.211336e-15
20540.00 8.083884e-15
20550.00 7.958154e-15
20560.00 7.834193e-15
20570.00 7.711923e-15
20580.00 7.591311e-15
20590.00 7.472413e-15
20600.00 7.355142e-15
20610.00 7.239474e-15
20620.00 7.125458e-15
20630.00 7.013007e-15
20640.00 6.902108e-15
20650.00 6.792793e-15
20660.00 6.684986e-15
20670.00 6.578682e-15
20680.00 6.473899e-15
20690.00 6.370575e-15
20700.00 6.268698e-15
20710.00 6.168286e-15
20720.00 6.069279e-15
20730.00 5.971667e-15
20740.00 5.875467e-15
20750.00 5.780620e-15
20760.00 5.687119e-15
20770.00 5.594976e-15
20780.00 5.504136e-15
20790.00 5.414593e-15
20800.00 5.326359e-15
20810.00 5.239377e-15
20820.00 5.153649e-15
20830.00 5.069176e-15
20840.00 4.985911e-15
20850.00 4.903854e-15
20860.00 4.823004e-15
20870.00 4.743318e-15
20880.00 4.664794e-15
20890.00 4.587431e-15
20900.00 4.511187e-15
20910.00 4.436065e-15
20920.00 4.362057e-15
20930.00 4.289129e-15
20940.00 4.217279e-15
20950.00 4.146500e-15
20960.00 4.076758e-15
20970.00 4.008055e-15
20980.00 3.940383e-15
20990.00 3.873708e-15
21000.00 3.808033e-15
21010.00 3.743348e-15
21020.00 3.679621e-15
21030.00 3.616858e-15
21040.00 3.555044e-15
21050.00 3.494152e-15
21060.00 3.434187e-15
21070.00 3.375134e-15
21080.00 3.316967e-15
21090.00 3.259692e-15
21100.00 3.203291e-15
21110.00 3.147742e-15
21120.00 3.093051e-15
21130.00 3.039199e-15
21140.00 2.986167e-15
21150.00 2.933958e-15
21160.00 2.882556e-15
21170.00 2.831939e-15
21180.00 2.782115e-15
21190.00 2.733064e-15
21200.00 2.684766e-15
21210.00 2.637232e-15
21220.00 2.590438e-15
21230.00 2.544368e-15
21240.00 2.499031e-15
21250.00 2.454404e-15
21260.00 2.410472e-15
21270.00 2.367244e-15
21280.00 2.324696e-15
21290.00 2.282816e-15
21300.00 2.241611e-15
21310.00 2.201059e-15
21320.00 2.161145e-15
21330.00 2.121882e-15
21340.00 2.083242e-15
21350.00 2.045217e-15
21360.00 2.007813e-15
21370.00 1.971009e-15
21380.00 1.934793e-15
21390.00 1.899174e-15
21400.00 1.864128e-15
21410.00 1.829646e-15
21420.00 1.795737e-15
21430.00 1.762376e-15
21440.00 1.729557e-15
21450.00 1.697286e-15
21460.00 1.665540e-15
21470.00 1.634313e-15
21480.00 1.603611e-15
21490.00 1.573412e-15
21500.00 1.543711e-15
21510.00 1.514511e-15
21520.00 1.485793e-15
21530.00 1.457551e-15
21540.00 1.429791e-15
21550.00 1.402490e-15
21560.00 1.375647e-15
21570.00 1.349262e-15
21580.00 1.323319e-15
21590.00 1.297813e-15
21600.00 1.272745e-15
21610.00 1.248100e-15
21620.00 1.223874e-15
21630.00 1.200066e-15
21640.00 1.176663e-15
21650.00 1.153659e-15
21660.00 1.131057e-15
21670.00 1.108840e-15
21680.00 1.087007e-15
21690.00 1.065556e-15
21700.00 1.044474e-15
21710.00 1.023759e-15
21720.00 1.003408e-15
21730.00 9.834108e-16
21740.00 9.637640e-16
21750.00 9.444646e-16
21760.00 9.255031e-16
21770.00 9.068763e-16
21780.00 8.885812e-16
21790.00 8.706085e-16
21800.00 8.529556e-16
21810.00 8.356194e-16
21820.00 8.185911e-16
21830.00 8.018678e-16
21840.00 7.854468e-16
21850.00 7.693195e-16
21860.00 7.534833e-16
21870.00 7.379357e-16
21880.00 7.226675e-16
21890.00 7.076779e-16
21900.00 6.929627e-16
21910.00 6.785137e-16
21920.00 6.643315e-16
21930.00 6.504099e-16
21940.00 6.367427e-16
21950.00 6.233295e-16
21960.00 6.101647e-16
21970.00 5.972424e-16
21980.00 5.845619e-16
21990.00 5.721180e-16
22000.00 5.599053e-16
22010.00 5.479227e-16
22020.00 5.361657e-16
22030.00 5.246284e-16
22040.00 5.133106e-16
22050.00 5.022072e-16
22060.00 4.913131e-16
22070.00 4.806280e-16
22080.00 4.701467e-16
22090.00 4.598646e-16
22100.00 4.497814e-16
22110.00 4.398920e-16
22120.00 4.301921e-16
22130.00 4.206814e-16
22140.00 4.113549e-16
22150.00 4.022086e-16
22160.00 3.932422e-16
22170.00 3.844507e-16
22180.00 3.758305e-16
22190.00 3.673812e-16
22200.00 3.590982e-16
22210.00 3.509778e-16
22220.00 3.430200e-16
22230.00 3.352199e-16
22240.00 3.275742e-16
22250.00 3.200830e-16
22260.00 3.127413e-16
22270.00 3.055463e-16
22280.00 2.984979e-16
22290.00 2.915913e-16
22300.00 2.848239e-16
22310.00 2.781957e-16
22320.00 2.717019e-16
22330.00 2.653400e-16
22340.00 2.591101e-16
22350.00 2.530078e-16
22360.00 2.470305e-16
22370.00 2.411784e-16
22380.00 2.354468e-16
22390.00 2.298340e-16
22400.00 2.243395e-16
22410.00 2.189594e-16
22420.00 2.136918e-16
22430.00 2.085361e-16
22440.00 2.034888e-16
22450.00 1.985479e-16
22460.00 1.937130e-16
22470.00 1.889806e-16
22480.00 1.843490e-16
22490.00 1.798175e-16
22500.00 1.753829e-16
22510.00 1.710439e-16
22520.00 1.667994e-16
22530.00 1.626465e-16
22540.00 1.585840e-16
22550.00 1.546107e-16
22560.00 1.507240e-16
22570.00 1.469226e-16
22580.00 1.432057e-16
22590.00 1.395704e-16
22600.00 1.360158e-16
22610.00 1.325407e-16
22620.00 1.291428e-16
22630.00 1.258211e-16
22640.00 1.225744e-16
22650.00 1.194005e-16
22660.00 1.162984e-16
22670.00 1.132670e-16
22680.00 1.103044e-16
22690.00 1.074094e-16
22700.00 1.045810e-16
22710.00 1.018174e-16
22720.00 9.911770e-17
22730.00 9.648065e-17
22740.00 9.390450e-17
22750.00 9.138857e-17
22760.00 8.893157e-17
22770.00 8.653204e-17
22780.00 8.418906e-17
22790.00 8.190157e-17
22800.00 7.966807e-17
22810.00 7.748787e-17
22820.00 7.535980e-17
22830.00 7.328247e-17
22840.00 7.125520e-17
22850.00 6.927694e-17
22860.00 6.734631e-17
22870.00 6.546281e-17
22880.00 6.362527e-17
22890.00 6.183246e-17
22900.00 6.008386e-17
22910.00 5.837838e-17
22920.00 5.671492e-17
22930.00 5.509290e-17
22940.00 5.351133e-17
22950.00 5.196914e-17
22960.00 5.046584e-17
22970.00 4.900040e-17
22980.00 4.757187e-17
22990.00 4.617978e-17
23000.00 4.482312e-17
23010.00 4.350104e-17
23020.00 4.221307e-17
23030.00 4.095827e-17
23040.00 3.973579e-17
23050.00 3.854524e-17
23060.00 3.738569e-17
23070.00 3.625637e-17
23080.00 3.515689e-17
23090.00 3.408637e-17
23100.00 3.304410e-17
23110.00 3.202970e-17
23120.00 3.104233e-17
23130.00 3.008134e-17
23140.00 2.914636e-17
23150.00 2.823658e-17
23160.00 2.735141e-17
23170.00 2.649049e-17
23180.00 2.565307e-17
23190.00 2.483858e-17
23200.00 2.404669e-17
23210.00 2.327668e-17
23220.00 2.252801e-17
23230.00 2.180040e-17
23240.00 2.109313e-17
23250.00 2.040573e-17
23260.00 1.973790e-17
23270.00 1.908898e-17
23280.00 1.845854e-17
23290.00 1.784627e-17
23300.00 1.725158e-17
23310.00 1.667405e-17
23320.00 1.611337e-17
23330.00 1.556901e-17
23340.00 1.504058e-17
23350.00 1.452776e-17
23360.00 1.403008e-17
23370.00 1.354716e-17
23380.00 1.307871e-17
23390.00 1.262427e-17
23400.00 1.218350e-17
23410.00 1.175613e-17
23420.00 1.134170e-17
23430.00 1.093994e-17
23440.00 1.055054e-17
23450.00 1.017313e-17
23460.00 9.807399e-18
23470.00 9.453100e-18
23480.00 9.109848e-18
23490.00 8.777395e-18
23500.00 8.455478e-18
23510.00 8.143754e-18
23520.00 7.841980e-18
23530.00 7.549908e-18
23540.00 7.267230e-18
23550.00 6.993711e-18
23560.00 6.729114e-18
23570.00 6.473164e-18
23580.00 6.225637e-18
23590.00 5.986313e-18
23600.00 5.754926e-18
23610.00 5.531279e-18
23620.00 5.315158e-18
23630.00 5.106321e-18
23640.00 4.904583e-18
23650.00 4.709742e-18
23660.00 4.521577e-18
23670.00 4.339914e-18
23680.00 4.164564e-18
23690.00 3.995321e-18
23700.00 3.832025e-18
23710.00 3.674499e-18
23720.00 3.522553e-18
23730.00 3.376040e-18
23740.00 3.234790e-18
23750.00 3.098632e-18
23760.00 2.967428e-18
23770.00 2.841019e-18
23780.00 2.719249e-18
23790.00 2.601988e-18
23800.00 2.489090e-18
23810.00 2.380410e-18
23820.00 2.275829e-18
23830.00 2.175210e-18
23840.00 2.078420e-18
23850.00 1.985349e-18
23860.00 1.895870e-18
23870.00 1.809861e-18
23880.00 1.727221e-18
23890.00 1.647830e-18
23900.00 1.571578e-18
23910.00 1.498372e-18
23920.00 1.428101e-18
23930.00 1.360663e-18
23940.00 1.295973e-18
23950.00 1.233929e-18
23960.00 1.174439e-18
23970.00 1.117421e-18
23980.00 1.062784e-18
23990.00 1.010443e-18
24000.00 9.603239e-19
24010.00 9.123408e-19
24020.00 8.664177e-19
24030.00 8.224864e-19
24040.00 7.804679e-19
24050.00 7.402930e-19
24060.00 7.018998e-19
24070.00 6.652155e-19
24080.00 6.301778e-19
24090.00 5.967279e-19
24100.00 5.648021e-19
24110.00 5.343419e-19
24120.00 5.052954e-19
24130.00 4.776031e-19
24140.00 4.512126e-19
24150.00 4.260762e-19
24160.00 4.021405e-19
24170.00 3.793577e-19
24180.00 3.576843e-19
24190.00 3.370722e-19
24200.00 3.174781e-19
24210.00 2.988625e-19
24220.00 2.811820e-19
24230.00 2.643977e-19
24240.00 2.484734e-19
24250.00 2.333705e-19
24260.00 2.190539e-19
24270.00 2.054908e-19
24280.00 1.926465e-19
24290.00 1.804896e-19
24300.00 1.689905e-19
24310.00 1.581181e-19
24320.00 1.478444e-19
24330.00 1.381428e-19
24340.00 1.289855e-19
24350.00 1.203476e-19
24360.00 1.122051e-19
24370.00 1.045333e-19
24380.00 9.731027e-20
24390.00 9.051431e-20
24400.00 8.412385e-20
24410.00 7.811905e-20
24420.00 7.248078e-20
24430.00 6.719008e-20
24440.00 6.222929e-20
24450.00 5.758157e-20
24460.00 5.323012e-20
24470.00 4.915949e-20
24480.00 4.535474e-20
24490.00 4.180117e-20
24500.00 3.848528e-20
24510.00 3.539387e-20
24520.00 3.251420e-20
24530.00 2.983437e-20
24540.00 2.734295e-20
24550.00 2.502881e-20
24560.00 2.288164e-20
24570.00 2.089147e-20
24580.00 1.904871e-20
24590.00 1.734443e-20
24600.00 1.577002e-20
24610.00 1.431723e-20
24620.00 1.297838e-20
24630.00 1.174608e-20
24640.00 1.061328e-20
24650.00 9.573419e-21
24660.00 8.620193e-21
24670.00 7.747609e-21
24680.00 6.950107e-21
24690.00 6.222341e-21
24700.00 5.559272e-21
24710.00 4.956201e-21
24720.00 4.408648e-21
24730.00 3.912400e-21
24740.00 3.463532e-21
24750.00 3.058314e-21
24760.00 2.693257e-21
24770.00 2.365112e-21
24780.00 2.070811e-21
24790.00 1.807486e-21
24800.00 1.572483e-21
24810.00 1.363300e-21
24820.00 1.177616e-21
24830.00 1.013281e-21
24840.00 8.682868e-22
24850.00 7.407743e-22
24860.00 6.290319e-22
24870.00 5.314669e-22
24880.00 4.466165e-22
24890.00 3.731376e-22
24900.00 3.097913e-22
24910.00 2.554450e-22
24920.00 2.090664e-22
24930.00 1.697102e-22
24940.00 1.365193e-22
24950.00 1.087177e-22
24960.00 8.560217e-23
24970.00 6.654051e-23
24980.00 5.096599e-23
24990.00 3.837095e-23
25000.00 2.830423e-23
