1000.00 1.656430e-35
1010.00 1.913115e-28
1020.00 3.443997e-27
1030.00 2.041248e-26
1040.00 7.521647e-26
1050.00 2.139359e-25
1060.00 5.216737e-25
1070.00 1.112833e-24
1080.00 2.246591e-24
1090.00 4.155459e-24
1100.00 7.421378e-24
1110.00 1.260122e-23
1120.00 2.066885e-23
1130.00 3.316079e-23
1140.00 5.104793e-23
1150.00 7.871706e-23
1160.00 1.166892e-22
1170.00 1.726833e-22
1180.00 2.494166e-22
1190.00 3.557819e-22
1200.00 5.038227e-22
1210.00 6.962944e-22
1220.00 9.711488e-22
1230.00 1.317952e-21
1240.00 1.799148e-21
1250.00 2.413876e-21
1260.00 3.221088e-21
1270.00 4.282557e-21
1280.00 5.596990e-21
1290.00 7.388079e-21
1300.00 9.542933e-21
1310.00 1.243208e-20
1320.00 1.596399e-20
1330.00 2.045688e-20
1340.00 2.614494e-20
1350.00 3.298599e-20
1360.00 4.200115e-20
1370.00 5.251363e-20
1380.00 6.629368e-20
1390.00 8.261716e-20
1400.00 1.029500e-19
1410.00 1.279691e-19
1420.00 1.574872e-19
1430.00 1.953737e-19
1440.00 2.385778e-19
1450.00 2.942937e-19
1460.00 3.587087e-19
1470.00 4.377485e-19
1480.00 5.328095e-19
1490.00 6.434691e-19
1500.00 7.824131e-19
1510.00 9.382083e-19
1520.00 1.136619e-18
1530.00 1.361531e-18
1540.00 1.634407e-18
1550.00 1.956384e-18
1560.00 2.327543e-18
1570.00 2.784822e-18
1580.00 3.290802e-18
1590.00 3.928750e-18
1600.00 4.640047e-18
1610.00 5.495459e-18
1620.00 6.488332e-18
1630.00 7.624453e-18
1640.00 9.001032e-18
1650.00 1.050789e-17
1660.00 1.239211e-17
1670.00 1.446329e-17
1680.00 1.693654e-17
1690.00 1.976608e-17
1700.00 2.298548e-17
1710.00 2.682842e-17
1720.00 3.099753e-17
1730.00 3.617449e-17
1740.00 4.179461e-17
1750.00 4.846683e-17
1760.00 5.600251e-17
1770.00 6.453824e-17
1780.00 7.459034e-17
1790.00 8.542947e-17
1800.00 9.877175e-17
1810.00 1.131140e-16
1820.00 1.300587e-16
1830.00 1.489750e-16
1840.00 1.703250e-16
1850.00 1.951595e-16
1860.00 2.218810e-16
1870.00 2.543405e-16
1880.00 2.890109e-16
1890.00 3.298046e-16
1900.00 3.748644e-16
1910.00 4.255739e-16
1920.00 4.838940e-16
1930.00 5.465483e-16
1940.00 6.217276e-16
1950.00 7.015800e-16
1960.00 7.952038e-16
1970.00 8.976163e-16
1980.00 1.012596e-15
1990.00 1.143449e-15
2000.00 1.283870e-15
2010.00 1.450450e-15
2020.00 1.626504e-15
2030.00 1.832293e-15
2040.00 2.055378e-15
2050.00 2.305345e-15
2060.00 2.587052e-15
2070.00 2.889123e-15
2080.00 3.243664e-15
2090.00 3.616689e-15
2100.00 4.051564e-15
2110.00 4.519038e-15
2120.00 5.041987e-15
2130.00 5.625969e-15
2140.00 6.251833e-15
2150.00 6.979110e-15
2160.00 7.741175e-15
2170.00 8.627537e-15
2180.00 9.572858e-15
2190.00 1.062891e-14
2200.00 1.179812e-14
2210.00 1.305075e-14
2220.00 1.449272e-14
2230.00 1.599801e-14
2240.00 1.774523e-14
2250.00 1.959490e-14
2260.00 2.165884e-14
2270.00 2.392545e-14
2280.00 2.635334e-14
2290.00 2.912347e-14
2300.00 3.200518e-14
2310.00 3.534406e-14
2320.00 3.885389e-14
2330.00 4.276650e-14
2340.00 4.703040e-14
2350.00 5.159733e-14
2360.00 5.676432e-14
2370.00 6.212197e-14
2380.00 6.831976e-14
2390.00 7.479128e-14
2400.00 8.199964e-14
2410.00 8.979779e-14
2420.00 9.815030e-14
2430.00 1.075249e-13
2440.00 1.172156e-13
2450.00 1.284103e-13
2460.00 1.400245e-13
2470.00 1.529523e-13
2480.00 1.668403e-13
2490.00 1.817166e-13
2500.00 1.982865e-13
2510.00 2.153650e-13
2520.00 2.350701e-13
2530.00 2.553876e-13
2540.00 2.779901e-13
2550.00 3.021090e-13
2560.00 3.279475e-13
2570.00 3.565181e-13
2580.00 3.859549e-13
2590.00 4.197285e-13
2600.00 4.544175e-13
2610.00 4.929900e-13
2620.00 5.338841e-13
2630.00 5.777019e-13
2640.00 6.258136e-13
2650.00 6.754264e-13
2660.00 7.319182e-13
2670.00 7.897835e-13
2680.00 8.541040e-13
2690.00 9.218690e-13
2700.00 9.944938e-13
2710.00 1.073698e-12
2720.00 1.155441e-12
2730.00 1.247839e-12
2740.00 1.342237e-12
2750.00 1.447135e-12
2760.00 1.556977e-12
2770.00 1.674724e-12
2780.00 1.802302e-12
2790.00 1.934068e-12
2800.00 2.081973e-12
2810.00 2.232683e-12
2820.00 2.400125e-12
2830.00 2.574415e-12
2840.00 2.761296e-12
2850.00 2.962495e-12
2860.00 3.170451e-12
2870.00 3.402302e-12
2880.00 3.637938e-12
2890.00 3.899708e-12
2900.00 4.170585e-12
2910.00 4.461113e-12
2920.00 4.771961e-12
2930.00 5.093468e-12
2940.00 5.449570e-12
2950.00 5.810548e-12
2960.00 6.211552e-12
2970.00 6.624094e-12
2980.00 7.066704e-12
2990.00 7.537389e-12
3000.00 8.024520e-12
3010.00 8.560628e-12
3020.00 9.102654e-12
3030.00 9.704817e-12
3040.00 1.032073e-11
3050.00 1.098173e-11
3060.00 1.168045e-11
3070.00 1.240399e-11
3080.00 1.319534e-11
3090.00 1.399325e-11
3100.00 1.487984e-11
3110.00 1.578141e-11
3120.00 1.674933e-11
3130.00 1.776635e-11
3140.00 1.882008e-11
3150.00 1.996549e-11
3160.00 2.111720e-11
3170.00 2.239724e-11
3180.00 2.369127e-11
3190.00 2.508103e-11
3200.00 2.653261e-11
3210.00 2.803726e-11
3220.00 2.966294e-11
3230.00 3.129283e-11
3240.00 3.310501e-11
3250.00 3.492602e-11
3260.00 3.688254e-11
3270.00 3.891379e-11
3280.00 3.798828e-11
3290.00 3.084686e-11
3300.00 4.554327e-11
3310.00 4.777832e-12
3320.00 2.305806e-11
3330.00 1.693464e-11
3340.00 3.769575e-11
3350.00 4.290214e-11
3360.00 3.026308e-11
3370.00 5.245931e-11
3380.00 5.723012e-11
3390.00 2.482013e-11
3400.00 2.486887e-11
3410.00 5.359721e-11
3420.00 3.840266e-11
3430.00 2.578333e-11
3440.00 2.757310e-11
3450.00 1.432013e-11
3460.00 6.854732e-11
3470.00 7.662639e-11
3480.00 1.053247e-10
3490.00 1.287740e-10
3500.00 1.325100e-10
3510.00 2.231266e-10
3520.00 2.700036e-10
3530.00 2.336692e-10
3540.00 1.901817e-10
3550.00 2.162085e-10
3560.00 2.640028e-10
3570.00 2.662620e-10
3580.00 2.729946e-10
3590.00 3.041585e-10
3600.00 2.919446e-10
3610.00 3.662205e-10
3620.00 4.109942e-10
3630.00 4.606472e-10
3640.00 5.758497e-10
3650.00 6.426779e-10
3660.00 6.931111e-10
3670.00 7.053774e-10
3680.00 6.723054e-10
3690.00 6.345544e-10
3700.00 6.395395e-10
3710.00 5.817301e-10
3720.00 6.513862e-10
3730.00 7.325984e-10
3740.00 6.238317e-10
3750.00 6.342907e-10
3760.00 5.110798e-10
3770.00 4.149030e-10
3780.00 4.872834e-10
3790.00 3.783059e-10
3800.00 3.424055e-10
3810.00 3.403708e-10
3820.00 4.128560e-10
3830.00 5.200510e-10
3840.00 5.432952e-10
3850.00 6.327526e-10
3860.00 6.549667e-10
3870.00 6.682062e-10
3880.00 7.195191e-10
3890.00 7.972530e-10
3900.00 8.517199e-10
3910.00 9.199014e-10
3920.00 1.000649e-09
3930.00 1.104309e-09
3940.00 1.161818e-09
3950.00 1.281587e-09
3960.00 1.305035e-09
3970.00 1.412111e-09
3980.00 1.419171e-09
3990.00 1.346324e-09
4000.00 1.269041e-09
4010.00 1.127028e-09
4020.00 1.077587e-09
4030.00 9.822580e-10
4040.00 9.211502e-10
4050.00 9.085235e-10
4060.00 8.567193e-10
4070.00 7.998235e-10
4080.00 7.040033e-10
4090.00 6.749039e-10
4100.00 6.777711e-10
4110.00 6.636095e-10
4120.00 5.932944e-10
4130.00 5.278433e-10
4140.00 4.993339e-10
4150.00 4.593540e-10
4160.00 4.204041e-10
4170.00 4.234079e-10
4180.00 4.670880e-10
4190.00 4.878871e-10
4200.00 4.954436e-10
4210.00 4.922191e-10
4220.00 4.595544e-10
4230.00 4.452512e-10
4240.00 4.726064e-10
4250.00 5.006028e-10
4260.00 4.969067e-10
4270.00 5.081575e-10
4280.00 5.078943e-10
4290.00 4.688964e-10
4300.00 4.939367e-10
4310.00 4.947853e-10
4320.00 4.791667e-10
4330.00 5.101009e-10
4340.00 5.199306e-10
4350.00 4.847162e-10
4360.00 4.648178e-10
4370.00 4.304701e-10
4380.00 4.409382e-10
4390.00 4.166437e-10
4400.00 4.239756e-10
4410.00 4.815739e-10
4420.00 4.974391e-10
4430.00 5.674642e-10
4440.00 6.257918e-10
4450.00 6.984191e-10
4460.00 7.365579e-10
4470.00 7.739822e-10
4480.00 8.224490e-10
4490.00 8.639214e-10
4500.00 9.451024e-10
4510.00 9.601381e-10
4520.00 1.022934e-09
4530.00 1.132518e-09
4540.00 1.226371e-09
4550.00 1.319728e-09
4560.00 1.460750e-09
4570.00 1.531970e-09
4580.00 1.556773e-09
4590.00 1.564592e-09
4600.00 1.480176e-09
4610.00 1.413964e-09
4620.00 1.370317e-09
4630.00 1.382722e-09
4640.00 1.382926e-09
4650.00 1.336863e-09
4660.00 1.255748e-09
4670.00 1.181386e-09
4680.00 1.083959e-09
4690.00 9.882786e-10
4700.00 9.637859e-10
4710.00 9.157885e-10
4720.00 9.014143e-10
4730.00 9.012447e-10
4740.00 8.955838e-10
4750.00 8.846803e-10
4760.00 8.773025e-10
4770.00 9.310680e-10
4780.00 9.569579e-10
4790.00 1.020137e-09
4800.00 1.085738e-09
4810.00 1.182324e-09
4820.00 1.261106e-09
4830.00 1.266181e-09
4840.00 1.217065e-09
4850.00 1.120796e-09
4860.00 1.073498e-09
4870.00 1.065852e-09
4880.00 1.092051e-09
4890.00 1.147779e-09
4900.00 1.199348e-09
4910.00 1.205445e-09
4920.00 1.239670e-09
4930.00 1.263120e-09
4940.00 1.231940e-09
4950.00 1.163413e-09
4960.00 1.073604e-09
4970.00 9.735640e-10
4980.00 9.048177e-10
4990.00 8.236972e-10
5000.00 7.911507e-10
5010.00 7.631959e-10
5020.00 7.467606e-10
5030.00 7.490774e-10
5040.00 7.582439e-10
5050.00 7.726437e-10
5060.00 7.738507e-10
5070.00 7.947106e-10
5080.00 8.426918e-10
5090.00 8.823187e-10
5100.00 9.037821e-10
5110.00 9.607522e-10
5120.00 9.686307e-10
5130.00 9.561941e-10
5140.00 9.580065e-10
5150.00 9.585620e-10
5160.00 9.597615e-10
5170.00 9.881608e-10
5180.00 9.946858e-10
5190.00 1.011826e-09
5200.00 1.054992e-09
5210.00 1.110741e-09
5220.00 1.174325e-09
5230.00 1.205069e-09
5240.00 1.215330e-09
5250.00 1.236019e-09
5260.00 1.275849e-09
5270.00 1.333579e-09
5280.00 1.396361e-09
5290.00 1.475135e-09
5300.00 1.498106e-09
5310.00 1.484272e-09
5320.00 1.411413e-09
5330.00 1.324948e-09
5340.00 1.284105e-09
5350.00 1.269476e-09
5360.00 1.263154e-09
5370.00 1.314304e-09
5380.00 1.406318e-09
5390.00 1.509227e-09
5400.00 1.645922e-09
5410.00 1.795057e-09
5420.00 1.932879e-09
5430.00 2.062289e-09
5440.00 2.129034e-09
5450.00 2.196427e-09
5460.00 2.201240e-09
5470.00 2.156519e-09
5480.00 2.171347e-09
5490.00 2.168381e-09
5500.00 2.173292e-09
5510.00 2.138532e-09
5520.00 2.148014e-09
5530.00 2.125640e-09
5540.00 2.117778e-09
5550.00 2.138080e-09
5560.00 2.135889e-09
5570.00 2.137840e-09
5580.00 2.150464e-09
5590.00 2.168163e-09
5600.00 2.178441e-09
5610.00 2.201017e-09
5620.00 2.205407e-09
5630.00 2.123253e-09
5640.00 1.994547e-09
5650.00 1.916835e-09
5660.00 1.814498e-09
5670.00 1.767675e-09
5680.00 1.735605e-09
5690.00 1.725375e-09
5700.00 1.712259e-09
5710.00 1.682089e-09
5720.00 1.636398e-09
5730.00 1.622256e-09
5740.00 1.541295e-09
5750.00 1.564412e-09
5760.00 1.553385e-09
5770.00 1.557243e-09
5780.00 1.526370e-09
5790.00 1.488375e-09
5800.00 1.423164e-09
5810.00 1.343479e-09
5820.00 1.307575e-09
5830.00 1.279932e-09
5840.00 1.287530e-09
5850.00 1.324940e-09
5860.00 1.393280e-09
5870.00 1.459470e-09
5880.00 1.504012e-09
5890.00 1.520051e-09
5900.00 1.571849e-09
5910.00 1.598077e-09
5920.00 1.631536e-09
5930.00 1.590628e-09
5940.00 1.552329e-09
5950.00 1.489787e-09
5960.00 1.425322e-09
5970.00 1.344175e-09
5980.00 1.341820e-09
5990.00 1.325304e-09
6000.00 1.355865e-09
6010.00 1.371637e-09
6020.00 1.436150e-09
6030.00 1.441174e-09
6040.00 1.400568e-09
6050.00 1.356068e-09
6060.00 1.311390e-09
6070.00 1.272268e-09
6080.00 1.252381e-09
6090.00 1.231645e-09
6100.00 1.173047e-09
6110.00 1.039257e-09
6120.00 9.325836e-10
6130.00 8.355171e-10
6140.00 7.613524e-10
6150.00 7.128345e-10
6160.00 6.899739e-10
6170.00 7.147946e-10
6180.00 7.607302e-10
6190.00 8.346443e-10
6200.00 9.073258e-10
6210.00 9.781632e-10
6220.00 1.050178e-09
6230.00 1.082364e-09
6240.00 1.106460e-09
6250.00 1.137286e-09
6260.00 1.150373e-09
6270.00 1.170269e-09
6280.00 1.186234e-09
6290.00 1.253398e-09
6300.00 1.294349e-09
6310.00 1.353830e-09
6320.00 1.399195e-09
6330.00 1.425515e-09
6340.00 1.498883e-09
6350.00 1.575622e-09
6360.00 1.643468e-09
6370.00 1.750969e-09
6380.00 1.853505e-09
6390.00 1.938301e-09
6400.00 1.986788e-09
6410.00 1.998220e-09
6420.00 2.011606e-09
6430.00 1.984606e-09
6440.00 1.999938e-09
6450.00 1.985513e-09
6460.00 1.964758e-09
6470.00 1.983368e-09
6480.00 1.975525e-09
6490.00 1.992659e-09
6500.00 1.975630e-09
6510.00 2.000661e-09
6520.00 1.979029e-09
6530.00 1.966727e-09
6540.00 1.979817e-09
6550.00 1.968497e-09
6560.00 1.938429e-09
6570.00 1.910014e-09
6580.00 1.878950e-09
6590.00 1.829296e-09
6600.00 1.772274e-09
6610.00 1.688685e-09
6620.00 1.637485e-09
6630.00 1.556852e-09
6640.00 1.512384e-09
6650.00 1.479090e-09
6660.00 1.464716e-09
6670.00 1.459616e-09
6680.00 1.453662e-09
6690.00 1.461954e-09
6700.00 1.457464e-09
6710.00 1.446182e-09
6720.00 1.421150e-09
6730.00 1.405888e-09
6740.00 1.381024e-09
6750.00 1.346261e-09
6760.00 1.308759e-09
6770.00 1.254803e-09
6780.00 1.229582e-09
6790.00 1.208640e-09
6800.00 1.196965e-09
6810.00 1.192396e-09
6820.00 1.164019e-09
6830.00 1.170918e-09
6840.00 1.156828e-09
6850.00 1.109382e-09
6860.00 9.201601e-10
6870.00 1.048633e-09
6880.00 1.032449e-09
6890.00 1.068104e-09
6900.00 1.128211e-09
6910.00 1.161389e-09
6920.00 1.156769e-09
6930.00 1.172710e-09
6940.00 1.156100e-09
6950.00 1.154289e-09
6960.00 1.158615e-09
6970.00 1.123046e-09
6980.00 1.095917e-09
6990.00 1.073126e-09
7000.00 1.047969e-09
7010.00 1.021035e-09
7020.00 1.025659e-09
7030.00 1.036466e-09
7040.00 1.046122e-09
7050.00 1.079538e-09
7060.00 1.057897e-09
7070.00 1.062650e-09
7080.00 1.026882e-09
7090.00 9.941390e-10
7100.00 9.952781e-10
7110.00 9.734281e-10
7120.00 9.893753e-10
7130.00 9.979178e-10
7140.00 1.030689e-09
7150.00 1.039901e-09
7160.00 1.061749e-09
7170.00 9.919832e-10
7180.00 1.062908e-09
7190.00 1.074447e-09
7200.00 1.112086e-09
7210.00 1.104600e-09
7220.00 1.032262e-09
7230.00 1.039345e-09
7240.00 1.074877e-09
7250.00 1.024948e-09
7260.00 1.037740e-09
7270.00 1.078920e-09
7280.00 1.060032e-09
7290.00 1.066159e-09
7300.00 1.076068e-09
7310.00 1.111805e-09
7320.00 1.094556e-09
7330.00 1.138374e-09
7340.00 1.182289e-09
7350.00 1.160004e-09
7360.00 1.192731e-09
7370.00 1.179295e-09
7380.00 1.193640e-09
7390.00 1.149409e-09
7400.00 1.186647e-09
7410.00 1.168071e-09
7420.00 1.167382e-09
7430.00 1.067527e-09
7440.00 9.102161e-10
7450.00 7.804929e-10
7460.00 6.766483e-10
7470.00 5.969203e-10
7480.00 5.629025e-10
7490.00 4.818633e-10
7500.00 4.442025e-10
7510.00 4.358081e-10
7520.00 5.327664e-10
7530.00 5.624591e-10
7540.00 6.230785e-10
7550.00 6.810573e-10
7560.00 7.566367e-10
7570.00 8.092494e-10
7580.00 4.306800e-10
7590.00 2.307059e-10
7600.00 5.586373e-10
7610.00 4.328135e-10
7620.00 4.798867e-10
7630.00 6.425370e-10
7640.00 7.579577e-10
7650.00 8.604058e-10
7660.00 1.026248e-09
7670.00 1.120963e-09
7680.00 1.137481e-09
7690.00 1.278402e-09
7700.00 1.320687e-09
7710.00 1.284472e-09
7720.00 1.326215e-09
7730.00 1.490310e-09
7740.00 1.419523e-09
7750.00 1.394218e-09
7760.00 1.452380e-09
7770.00 1.493003e-09
7780.00 1.405998e-09
7790.00 1.386863e-09
7800.00 1.499740e-09
7810.00 1.485037e-09
7820.00 1.405441e-09
7830.00 1.445440e-09
7840.00 1.518775e-09
7850.00 1.469106e-09
7860.00 1.442533e-09
7870.00 1.486719e-09
7880.00 1.493707e-09
7890.00 1.414817e-09
7900.00 1.483183e-09
7910.00 1.422478e-09
7920.00 1.337096e-09
7930.00 1.369340e-09
7940.00 1.356509e-09
7950.00 1.234029e-09
7960.00 1.229430e-09
7970.00 1.293790e-09
7980.00 1.233653e-09
7990.00 1.157999e-09
8000.00 1.189062e-09
8010.00 1.202755e-09
8020.00 1.126425e-09
8030.00 1.094393e-09
8040.00 1.196461e-09
8050.00 1.144003e-09
8060.00 1.038301e-09
8070.00 1.052666e-09
8080.00 1.039969e-09
8090.00 9.484491e-10
8100.00 7.591647e-10
8110.00 6.821502e-10
8120.00 6.357645e-10
8130.00 5.265513e-10
8140.00 4.303881e-10
8150.00 3.706339e-10
8160.00 3.387308e-10
8170.00 3.079653e-10
8180.00 2.363397e-10
8190.00 2.575172e-10
8200.00 2.560599e-10
8210.00 2.347761e-10
8220.00 2.997262e-10
8230.00 3.209170e-10
8240.00 3.326042e-10
8250.00 4.297662e-10
8260.00 4.576340e-10
8270.00 4.515421e-10
8280.00 3.812270e-10
8290.00 3.649098e-10
8300.00 3.447025e-10
8310.00 3.881193e-10
8320.00 3.560962e-10
8330.00 3.267075e-10
8340.00 4.219683e-10
8350.00 4.722363e-10
8360.00 4.770822e-10
8370.00 4.744439e-10
8380.00 5.562747e-10
8390.00 6.258230e-10
8400.00 6.580197e-10
8410.00 6.877270e-10
8420.00 7.227080e-10
8430.00 8.541333e-10
8440.00 7.635351e-10
8450.00 8.213075e-10
8460.00 9.414783e-10
8470.00 1.001475e-09
8480.00 1.015335e-09
8490.00 9.824226e-10
8500.00 1.080538e-09
8510.00 1.193294e-09
8520.00 1.201947e-09
8530.00 1.087438e-09
8540.00 1.147243e-09
8550.00 1.192384e-09
8560.00 1.215298e-09
8570.00 1.223901e-09
8580.00 1.159859e-09
8590.00 1.216351e-09
8600.00 1.247701e-09
8610.00 1.201869e-09
8620.00 1.233964e-09
8630.00 1.187792e-09
8640.00 1.184069e-09
8650.00 1.143964e-09
8660.00 1.100123e-09
8670.00 1.080602e-09
8680.00 1.093170e-09
8690.00 1.078706e-09
8700.00 1.090234e-09
8710.00 9.721419e-10
8720.00 9.339788e-10
8730.00 9.039436e-10
8740.00 8.952428e-10
8750.00 9.215872e-10
8760.00 8.486494e-10
8770.00 8.827084e-10
8780.00 9.230005e-10
8790.00 9.839719e-10
8800.00 9.780541e-10
8810.00 9.224407e-10
8820.00 9.160304e-10
8830.00 9.983299e-10
8840.00 8.843823e-10
8850.00 8.130181e-10
8860.00 7.493024e-10
8870.00 6.880350e-10
8880.00 6.548782e-10
8890.00 5.393947e-10
8900.00 4.922091e-10
8910.00 6.192835e-10
8920.00 5.258057e-10
8930.00 5.078762e-10
8940.00 5.276996e-10
8950.00 5.073550e-10
8960.00 6.079031e-10
8970.00 6.351167e-10
8980.00 6.908255e-10
8990.00 7.084030e-10
9000.00 7.259200e-10
9010.00 7.617171e-10
9020.00 7.084273e-10
9030.00 6.888006e-10
9040.00 7.575095e-10
9050.00 7.138052e-10
9060.00 7.531266e-10
9070.00 7.484327e-10
9080.00 7.942069e-10
9090.00 8.333207e-10
9100.00 8.499094e-10
9110.00 8.352989e-10
9120.00 8.387029e-10
9130.00 8.679027e-10
9140.00 8.714240e-10
9150.00 8.795999e-10
9160.00 9.498150e-10
9170.00 9.569442e-10
9180.00 9.877157e-10
9190.00 9.751488e-10
9200.00 1.024260e-09
9210.00 9.498281e-10
9220.00 9.301995e-10
9230.00 8.802458e-10
9240.00 9.391347e-10
9250.00 9.800529e-10
9260.00 9.385680e-10
9270.00 9.327806e-10
9280.00 9.009274e-10
9290.00 8.780045e-10
9300.00 8.701615e-10
9310.00 8.534936e-10
9320.00 8.824634e-10
9330.00 8.891798e-10
9340.00 9.017354e-10
9350.00 9.058695e-10
9360.00 9.726313e-10
9370.00 1.004677e-09
9380.00 1.045214e-09
9390.00 1.024417e-09
9400.00 1.001256e-09
9410.00 1.017208e-09
9420.00 1.059191e-09
9430.00 1.038086e-09
9440.00 1.071240e-09
9450.00 9.952718e-10
9460.00 1.071496e-09
9470.00 1.045040e-09
9480.00 1.079388e-09
9490.00 1.100568e-09
9500.00 1.062800e-09
9510.00 1.170795e-09
9520.00 1.153747e-09
9530.00 1.048420e-09
9540.00 1.039820e-09
9550.00 1.057978e-09
9560.00 9.578382e-10
9570.00 9.181289e-10
9580.00 9.274969e-10
9590.00 9.080671e-10
9600.00 8.792651e-10
9610.00 8.825070e-10
9620.00 8.776341e-10
9630.00 8.258580e-10
9640.00 9.231963e-10
9650.00 8.955277e-10
9660.00 8.528271e-10
9670.00 8.196710e-10
9680.00 8.173630e-10
9690.00 9.898915e-10
9700.00 8.164989e-10
9710.00 8.748261e-10
9720.00 9.253023e-10
9730.00 8.666477e-10
9740.00 7.924980e-10
9750.00 6.676526e-10
9760.00 7.800097e-10
9770.00 7.081829e-10
9780.00 8.190076e-10
9790.00 7.191631e-10
9800.00 7.412481e-10
9810.00 8.699545e-10
9820.00 8.730231e-10
9830.00 6.597086e-10
9840.00 8.116621e-10
9850.00 1.003910e-09
9860.00 8.272016e-10
9870.00 8.470808e-10
9880.00 7.083294e-10
9890.00 7.955036e-10
9900.00 7.658550e-10
9910.00 7.409301e-10
9920.00 7.159467e-10
9930.00 6.909035e-10
9940.00 6.892332e-10
9950.00 6.875593e-10
9960.00 6.858822e-10
9970.00 6.842082e-10
9980.00 6.825312e-10
9990.00 6.808504e-10
10000.00 6.791727e-10
10010.00 6.774918e-10
10020.00 6.758085e-10
10030.00 6.741277e-10
10040.00 6.724438e-10
10050.00 6.707574e-10
10060.00 6.690741e-10
10070.00 6.673870e-10
10080.00 6.656981e-10
10090.00 6.640117e-10
10100.00 6.623227e-10
10110.00 6.606319e-10
10120.00 6.589430e-10
10130.00 6.572516e-10
10140.00 6.555590e-10
10150.00 6.538682e-10
10160.00 6.521755e-10
10170.00 6.504810e-10
10180.00 6.487889e-10
10190.00 6.470938e-10
10200.00 6.453980e-10
10210.00 6.437041e-10
10220.00 6.420083e-10
10230.00 6.403119e-10
10240.00 6.386168e-10
10250.00 6.369191e-10
10260.00 6.352221e-10
10270.00 6.335263e-10
10280.00 6.318287e-10
10290.00 6.301310e-10
10300.00 6.284340e-10
10310.00 6.267357e-10
10320.00 6.250381e-10
10330.00 6.233412e-10
10340.00 6.216427e-10
10350.00 6.199448e-10
10360.00 6.182481e-10
10370.00 6.165495e-10
10380.00 6.148521e-10
10390.00 6.131557e-10
10400.00 6.114575e-10
10410.00 6.097606e-10
10420.00 6.080646e-10
10430.00 6.063670e-10
10440.00 6.046709e-10
10450.00 6.029756e-10
10460.00 6.012790e-10
10470.00 5.995840e-10
10480.00 5.978898e-10
10490.00 5.961942e-10
10500.00 5.945006e-10
10510.00 5.928076e-10
10520.00 5.911134e-10
10530.00 5.894214e-10
10540.00 5.877301e-10
10550.00 5.860373e-10
10560.00 5.843472e-10
10570.00 5.826575e-10
10580.00 5.809667e-10
10590.00 5.792788e-10
10600.00 5.775911e-10
10610.00 5.759024e-10
10620.00 5.742167e-10
10630.00 5.725312e-10
10640.00 5.708448e-10
10650.00 5.691617e-10
10660.00 5.674786e-10
10670.00 5.657948e-10
10680.00 5.641145e-10
10690.00 5.624341e-10
10700.00 5.607531e-10
10710.00 5.590758e-10
10720.00 5.573984e-10
10730.00 5.557202e-10
10740.00 5.540461e-10
10750.00 5.523719e-10
10760.00 5.506970e-10
10770.00 5.490263e-10
10780.00 5.473554e-10
10790.00 5.456840e-10
10800.00 5.440170e-10
10810.00 5.423496e-10
10820.00 5.406818e-10
10830.00 5.390186e-10
10840.00 5.373550e-10
10850.00 5.356913e-10
10860.00 5.340320e-10
10870.00 5.323724e-10
10880.00 5.307129e-10
10890.00 5.290577e-10
10900.00 5.274022e-10
10910.00 5.257471e-10
10920.00 5.240962e-10
10930.00 5.224451e-10
10940.00 5.207947e-10
10950.00 5.191482e-10
10960.00 5.175017e-10
10970.00 5.158561e-10
10980.00 5.142143e-10
10990.00 5.125726e-10
11000.00 5.109319e-10
11010.00 5.092950e-10
11020.00 5.076582e-10
11030.00 5.060227e-10
11040.00 5.043908e-10
11050.00 5.027592e-10
11060.00 5.011290e-10
11070.00 4.995024e-10
11080.00 4.978761e-10
11090.00 4.962514e-10
11100.00 4.946302e-10
11110.00 4.930093e-10
11120.00 4.913903e-10
11130.00 4.897747e-10
11140.00 4.881595e-10
11150.00 4.865463e-10
11160.00 4.849365e-10
11170.00 4.833271e-10
11180.00 4.817199e-10
11190.00 4.801160e-10
11200.00 4.785126e-10
11210.00 4.769116e-10
11220.00 4.753138e-10
11230.00 4.737165e-10
11240.00 4.721219e-10
11250.00 4.705302e-10
11260.00 4.689393e-10
11270.00 4.673511e-10
11280.00 4.657659e-10
11290.00 4.641813e-10
11300.00 4.625999e-10
11310.00 4.610212e-10
11320.00 4.594432e-10
11330.00 4.578686e-10
11340.00 4.562965e-10
11350.00 4.547253e-10
11360.00 4.531575e-10
11370.00 4.515923e-10
11380.00 4.500280e-10
11390.00 4.484673e-10
11400.00 4.469090e-10
11410.00 4.453517e-10
11420.00 4.437982e-10
11430.00 4.422471e-10
11440.00 4.406969e-10
11450.00 4.391507e-10
11460.00 4.376068e-10
11470.00 4.360640e-10
11480.00 4.345253e-10
11490.00 4.329887e-10
11500.00 4.314533e-10
11510.00 4.299221e-10
11520.00 4.283930e-10
11530.00 4.268651e-10
11540.00 4.253417e-10
11550.00 4.238202e-10
11560.00 4.222999e-10
11570.00 4.207843e-10
11580.00 4.192705e-10
11590.00 4.177581e-10
11600.00 4.162504e-10
11610.00 4.147444e-10
11620.00 4.132399e-10
11630.00 4.117402e-10
11640.00 4.102422e-10
11650.00 4.087458e-10
11660.00 4.072542e-10
11670.00 4.057642e-10
11680.00 4.042758e-10
11690.00 4.027925e-10
11700.00 4.013108e-10
11710.00 3.998306e-10
11720.00 3.983556e-10
11730.00 3.968821e-10
11740.00 3.954103e-10
11750.00 3.939437e-10
11760.00 3.924786e-10
11770.00 3.910153e-10
11780.00 3.895570e-10
11790.00 3.881004e-10
11800.00 3.866458e-10
11810.00 3.851961e-10
11820.00 3.837479e-10
11830.00 3.823021e-10
11840.00 3.808609e-10
11850.00 3.794215e-10
11860.00 3.779843e-10
11870.00 3.765519e-10
11880.00 3.751212e-10
11890.00 3.736929e-10
11900.00 3.722693e-10
11910.00 3.708473e-10
11920.00 3.694280e-10
11930.00 3.680132e-10
11940.00 3.666001e-10
11950.00 3.651899e-10
11960.00 3.637840e-10
11970.00 3.623799e-10
11980.00 3.609788e-10
11990.00 3.595818e-10
12000.00 3.581868e-10
12010.00 3.567949e-10
12020.00 3.554069e-10
12030.00 3.540210e-10
12040.00 3.526383e-10
12050.00 3.512596e-10
12060.00 3.498829e-10
12070.00 3.485094e-10
12080.00 3.471399e-10
12090.00 3.457724e-10
12100.00 3.444083e-10
12110.00 3.430481e-10
12120.00 3.416899e-10
12130.00 3.403352e-10
12140.00 3.389843e-10
12150.00 3.376354e-10
12160.00 3.362903e-10
12170.00 3.349488e-10
12180.00 3.336093e-10
12190.00 3.322737e-10
12200.00 3.309415e-10
12210.00 3.296116e-10
12220.00 3.282855e-10
12230.00 3.269629e-10
12240.00 3.256425e-10
12250.00 3.243260e-10
12260.00 3.230130e-10
12270.00 3.217021e-10
12280.00 3.203953e-10
12290.00 3.190918e-10
12300.00 3.177905e-10
12310.00 3.164935e-10
12320.00 3.151996e-10
12330.00 3.139080e-10
12340.00 3.126207e-10
12350.00 3.113365e-10
12360.00 3.100545e-10
12370.00 3.087770e-10
12380.00 3.075025e-10
12390.00 3.062304e-10
12400.00 3.049627e-10
12410.00 3.036979e-10
12420.00 3.024355e-10
12430.00 3.011776e-10
12440.00 2.999227e-10
12450.00 2.986700e-10
12460.00 2.974221e-10
12470.00 2.961769e-10
12480.00 2.949340e-10
12490.00 2.936960e-10
12500.00 2.924606e-10
12510.00 2.912277e-10
12520.00 2.899995e-10
12530.00 2.887740e-10
12540.00 2.875509e-10
12550.00 2.863327e-10
12560.00 2.851171e-10
12570.00 2.839039e-10
12580.00 2.826957e-10
12590.00 2.814900e-10
12600.00 2.802868e-10
12610.00 2.790885e-10
12620.00 2.778927e-10
12630.00 2.766995e-10
12640.00 2.755112e-10
12650.00 2.743253e-10
12660.00 2.731421e-10
12670.00 2.719637e-10
12680.00 2.707878e-10
12690.00 2.696147e-10
12700.00 2.684462e-10
12710.00 2.672802e-10
12720.00 2.661172e-10
12730.00 2.649586e-10
12740.00 2.638027e-10
12750.00 2.626496e-10
12760.00 2.615011e-10
12770.00 2.603551e-10
12780.00 2.592121e-10
12790.00 2.580736e-10
12800.00 2.569376e-10
12810.00 2.558047e-10
12820.00 2.546761e-10
12830.00 2.535501e-10
12840.00 2.524272e-10
12850.00 2.513086e-10
12860.00 2.501926e-10
12870.00 2.490798e-10
12880.00 2.479711e-10
12890.00 2.468651e-10
12900.00 2.457624e-10
12910.00 2.446637e-10
12920.00 2.435677e-10
12930.00 2.424750e-10
12940.00 2.413863e-10
12950.00 2.403002e-10
12960.00 2.392176e-10
12970.00 2.381389e-10
12980.00 2.370628e-10
12990.00 2.359903e-10
13000.00 2.349215e-10
13010.00 2.338553e-10
13020.00 2.327928e-10
13030.00 2.317340e-10
13040.00 2.306778e-10
13050.00 2.296252e-10
13060.00 2.285764e-10
13070.00 2.275302e-10
13080.00 2.264876e-10
13090.00 2.254486e-10
13100.00 2.244124e-10
13110.00 2.233799e-10
13120.00 2.223508e-10
13130.00 2.213244e-10
13140.00 2.203018e-10
13150.00 2.192827e-10
13160.00 2.182662e-10
13170.00 2.172536e-10
13180.00 2.162443e-10
13190.00 2.152376e-10
13200.00 2.142350e-10
13210.00 2.132356e-10
13220.00 2.122388e-10
13230.00 2.112460e-10
13240.00 2.102565e-10
13250.00 2.092695e-10
13260.00 2.082866e-10
13270.00 2.073069e-10
13280.00 2.063298e-10
13290.00 2.053567e-10
13300.00 2.043867e-10
13310.00 2.034194e-10
13320.00 2.024561e-10
13330.00 2.014960e-10
13340.00 2.005384e-10
13350.00 1.995850e-10
13360.00 1.986345e-10
13370.00 1.976867e-10
13380.00 1.967431e-10
13390.00 1.958023e-10
13400.00 1.948642e-10
13410.00 1.939303e-10
13420.00 1.929992e-10
13430.00 1.920708e-10
13440.00 1.911466e-10
13450.00 1.902251e-10
13460.00 1.893063e-10
13470.00 1.883919e-10
13480.00 1.874800e-10
13490.00 1.865708e-10
13500.00 1.856660e-10
13510.00 1.847637e-10
13520.00 1.838641e-10
13530.00 1.829688e-10
13540.00 1.820761e-10
13550.00 1.811861e-10
13560.00 1.803003e-10
13570.00 1.794171e-10
13580.00 1.785367e-10
13590.00 1.776604e-10
13600.00 1.767866e-10
13610.00 1.759158e-10
13620.00 1.750488e-10
13630.00 1.741845e-10
13640.00 1.733231e-10
13650.00 1.724656e-10
13660.00 1.716107e-10
13670.00 1.707588e-10
13680.00 1.699106e-10
13690.00 1.690650e-10
13700.00 1.682225e-10
13710.00 1.673837e-10
13720.00 1.665474e-10
13730.00 1.657141e-10
13740.00 1.648846e-10
13750.00 1.640576e-10
13760.00 1.632337e-10
13770.00 1.624134e-10
13780.00 1.615956e-10
13790.00 1.607809e-10
13800.00 1.599698e-10
13810.00 1.591612e-10
13820.00 1.583558e-10
13830.00 1.575538e-10
13840.00 1.567543e-10
13850.00 1.559580e-10
13860.00 1.551651e-10
13870.00 1.543747e-10
13880.00 1.535876e-10
13890.00 1.528037e-10
13900.00 1.520224e-10
13910.00 1.512442e-10
13920.00 1.504694e-10
13930.00 1.496971e-10
13940.00 1.489280e-10
13950.00 1.481620e-10
13960.00 1.473986e-10
13970.00 1.466385e-10
13980.00 1.458815e-10
13990.00 1.451270e-10
14000.00 1.443758e-10
14010.00 1.436276e-10
14020.00 1.428819e-10
14030.00 1.421395e-10
14040.00 1.414002e-10
14050.00 1.406633e-10
14060.00 1.399298e-10
14070.00 1.391991e-10
14080.00 1.384710e-10
14090.00 1.377461e-10
14100.00 1.370243e-10
14110.00 1.363047e-10
14120.00 1.355886e-10
14130.00 1.348754e-10
14140.00 1.341645e-10
14150.00 1.334570e-10
14160.00 1.327523e-10
14170.00 1.320501e-10
14180.00 1.313512e-10
14190.00 1.306550e-10
14200.00 1.299613e-10
14210.00 1.292709e-10
14220.00 1.285832e-10
14230.00 1.278979e-10
14240.00 1.272161e-10
14250.00 1.265367e-10
14260.00 1.258599e-10
14270.00 1.251864e-10
14280.00 1.245155e-10
14290.00 1.238469e-10
14300.00 1.231818e-10
14310.00 1.225192e-10
14320.00 1.218590e-10
14330.00 1.212022e-10
14340.00 1.205478e-10
14350.00 1.198958e-10
14360.00 1.192473e-10
14370.00 1.186011e-10
14380.00 1.179573e-10
14390.00 1.173169e-10
14400.00 1.166788e-10
14410.00 1.160432e-10
14420.00 1.154109e-10
14430.00 1.147809e-10
14440.00 1.141533e-10
14450.00 1.135290e-10
14460.00 1.129071e-10
14470.00 1.122875e-10
14480.00 1.116712e-10
14490.00 1.110572e-10
14500.00 1.104456e-10
14510.00 1.098372e-10
14520.00 1.092311e-10
14530.00 1.086274e-10
14540.00 1.080268e-10
14550.00 1.074286e-10
14560.00 1.068327e-10
14570.00 1.062400e-10
14580.00 1.056494e-10
14590.00 1.050614e-10
14600.00 1.044764e-10
14610.00 1.038936e-10
14620.00 1.033133e-10
14630.00 1.027358e-10
14640.00 1.021607e-10
14650.00 1.015881e-10
14660.00 1.010183e-10
14670.00 1.004507e-10
14680.00 9.988560e-11
14690.00 9.932338e-11
14700.00 9.876334e-11
14710.00 9.820579e-11
14720.00 9.765104e-11
14730.00 9.709842e-11
14740.00 9.654841e-11
14750.00 9.600109e-11
14760.00 9.545588e-11
14770.00 9.491324e-11
14780.00 9.437321e-11
14790.00 9.383536e-11
14800.00 9.330013e-11
14810.00 9.276739e-11
14820.00 9.223677e-11
14830.00 9.170878e-11
14840.00 9.118327e-11
14850.00 9.065995e-11
14860.00 9.013919e-11
14870.00 8.962085e-11
14880.00 8.910457e-11
14890.00 8.859098e-11
14900.00 8.807975e-11
14910.00 8.757064e-11
14920.00 8.706409e-11
14930.00 8.655991e-11
14940.00 8.605778e-11
14950.00 8.555822e-11
14960.00 8.506102e-11
14970.00 8.456587e-11
14980.00 8.407329e-11
14990.00 8.358301e-11
15000.00 8.309479e-11
15010.00 8.260906e-11
15020.00 8.212564e-11
15030.00 8.164421e-11
15040.00 8.116534e-11
15050.00 8.068872e-11
15060.00 8.021402e-11
15070.00 7.974195e-11
15080.00 7.927199e-11
15090.00 7.880403e-11
15100.00 7.833869e-11
15110.00 7.787541e-11
15120.00 7.741412e-11
15130.00 7.695539e-11
15140.00 7.649865e-11
15150.00 7.604397e-11
15160.00 7.559178e-11
15170.00 7.514159e-11
15180.00 7.469339e-11
15190.00 7.424769e-11
15200.00 7.380405e-11
15210.00 7.336227e-11
15220.00 7.292305e-11
15230.00 7.248577e-11
15240.00 7.205041e-11
15250.00 7.161755e-11
15260.00 7.118663e-11
15270.00 7.075757e-11
15280.00 7.033101e-11
15290.00 6.990631e-11
15300.00 6.948362e-11
15310.00 6.906329e-11
15320.00 6.864483e-11
15330.00 6.822824e-11
15340.00 6.781415e-11
15350.00 6.740180e-11
15360.00 6.699145e-11
15370.00 6.658340e-11
15380.00 6.617716e-11
15390.00 6.577286e-11
15400.00 6.537086e-11
15410.00 6.497067e-11
15420.00 6.457241e-11
15430.00 6.417639e-11
15440.00 6.378212e-11
15450.00 6.338985e-11
15460.00 6.299976e-11
15470.00 6.261141e-11
15480.00 6.222500e-11
15490.00 6.184075e-11
15500.00 6.145825e-11
15510.00 6.107766e-11
15520.00 6.069921e-11
15530.00 6.032248e-11
15540.00 5.994767e-11
15550.00 5.957494e-11
15560.00 5.920394e-11
15570.00 5.883483e-11
15580.00 5.846778e-11
15590.00 5.810241e-11
15600.00 5.773895e-11
15610.00 5.737750e-11
15620.00 5.701772e-11
15630.00 5.665985e-11
15640.00 5.630395e-11
15650.00 5.594970e-11
15660.00 5.559735e-11
15670.00 5.524692e-11
15680.00 5.489815e-11
15690.00 5.455125e-11
15700.00 5.420625e-11
15710.00 5.386287e-11
15720.00 5.352137e-11
15730.00 5.318174e-11
15740.00 5.284370e-11
15750.00 5.250754e-11
15760.00 5.217319e-11
15770.00 5.184044e-11
15780.00 5.150956e-11
15790.00 5.118045e-11
15800.00 5.085292e-11
15810.00 5.052725e-11
15820.00 5.020333e-11
15830.00 4.988097e-11
15840.00 4.956045e-11
15850.00 4.924164e-11
15860.00 4.892438e-11
15870.00 4.860896e-11
15880.00 4.829521e-11
15890.00 4.798298e-11
15900.00 4.767260e-11
15910.00 4.736385e-11
15920.00 4.705661e-11
15930.00 4.675121e-11
15940.00 4.644739e-11
15950.00 4.614508e-11
15960.00 4.584459e-11
15970.00 4.554566e-11
15980.00 4.524821e-11
15990.00 4.495257e-11
16000.00 4.465846e-11
16010.00 4.436582e-11
16020.00 4.407498e-11
16030.00 4.378565e-11
16040.00 4.349775e-11
16050.00 4.321164e-11
16060.00 4.292701e-11
16070.00 4.264381e-11
16080.00 4.236239e-11
16090.00 4.208241e-11
16100.00 4.180384e-11
16110.00 4.152704e-11
16120.00 4.125166e-11
16130.00 4.097766e-11
16140.00 4.070542e-11
16150.00 4.043457e-11
16160.00 4.016511e-11
16170.00 3.989737e-11
16180.00 3.963100e-11
16190.00 3.936602e-11
16200.00 3.910272e-11
16210.00 3.884077e-11
16220.00 3.858020e-11
16230.00 3.832129e-11
16240.00 3.806371e-11
16250.00 3.780749e-11
16260.00 3.755292e-11
16270.00 3.729965e-11
16280.00 3.704775e-11
16290.00 3.679743e-11
16300.00 3.654842e-11
16310.00 3.630078e-11
16320.00 3.605468e-11
16330.00 3.580987e-11
16340.00 3.556642e-11
16350.00 3.532449e-11
16360.00 3.508383e-11
16370.00 3.484451e-11
16380.00 3.460670e-11
16390.00 3.437013e-11
16400.00 3.413491e-11
16410.00 3.390114e-11
16420.00 3.366862e-11
16430.00 3.343742e-11
16440.00 3.320767e-11
16450.00 3.297913e-11
16460.00 3.275193e-11
16470.00 3.252611e-11
16480.00 3.230151e-11
16490.00 3.207823e-11
16500.00 3.185631e-11
16510.00 3.163559e-11
16520.00 3.141618e-11
16530.00 3.119811e-11
16540.00 3.098122e-11
16550.00 3.076563e-11
16560.00 3.055136e-11
16570.00 3.033825e-11
16580.00 3.012643e-11
16590.00 2.991591e-11
16600.00 2.970652e-11
16610.00 2.949842e-11
16620.00 2.929158e-11
16630.00 2.908587e-11
16640.00 2.888144e-11
16650.00 2.867824e-11
16660.00 2.847616e-11
16670.00 2.827535e-11
16680.00 2.807574e-11
16690.00 2.787724e-11
16700.00 2.767999e-11
16710.00 2.748392e-11
16720.00 2.728895e-11
16730.00 2.709522e-11
16740.00 2.690265e-11
16750.00 2.671114e-11
16760.00 2.652088e-11
16770.00 2.633175e-11
16780.00 2.614368e-11
16790.00 2.595684e-11
16800.00 2.577110e-11
16810.00 2.558641e-11
16820.00 2.540294e-11
16830.00 2.522055e-11
16840.00 2.503919e-11
16850.00 2.485904e-11
16860.00 2.467995e-11
16870.00 2.450189e-11
16880.00 2.432501e-11
16890.00 2.414917e-11
16900.00 2.397434e-11
16910.00 2.380069e-11
16920.00 2.362806e-11
16930.00 2.345642e-11
16940.00 2.328595e-11
16950.00 2.311648e-11
16960.00 2.294798e-11
16970.00 2.278065e-11
16980.00 2.261429e-11
16990.00 2.244890e-11
17000.00 2.228466e-11
17010.00 2.212136e-11
17020.00 2.195902e-11
17030.00 2.179782e-11
17040.00 2.163756e-11
17050.00 2.147823e-11
17060.00 2.132002e-11
17070.00 2.116273e-11
17080.00 2.100638e-11
17090.00 2.085111e-11
17100.00 2.069677e-11
17110.00 2.054334e-11
17120.00 2.039098e-11
17130.00 2.023952e-11
17140.00 2.008897e-11
17150.00 1.993948e-11
17160.00 1.979086e-11
17170.00 1.964315e-11
17180.00 1.949647e-11
17190.00 1.935066e-11
17200.00 1.920575e-11
17210.00 1.906185e-11
17220.00 1.891880e-11
17230.00 1.877665e-11
17240.00 1.863547e-11
17250.00 1.849515e-11
17260.00 1.835571e-11
17270.00 1.821723e-11
17280.00 1.807958e-11
17290.00 1.794280e-11
17300.00 1.780697e-11
17310.00 1.767196e-11
17320.00 1.753782e-11
17330.00 1.740460e-11
17340.00 1.727218e-11
17350.00 1.714063e-11
17360.00 1.700997e-11
17370.00 1.688011e-11
17380.00 1.675111e-11
17390.00 1.662298e-11
17400.00 1.649564e-11
17410.00 1.636914e-11
17420.00 1.624351e-11
17430.00 1.611864e-11
17440.00 1.599462e-11
17450.00 1.587143e-11
17460.00 1.574900e-11
17470.00 1.562740e-11
17480.00 1.550663e-11
17490.00 1.538659e-11
17500.00 1.526739e-11
17510.00 1.514899e-11
17520.00 1.503132e-11
17530.00 1.491447e-11
17540.00 1.479840e-11
17550.00 1.468306e-11
17560.00 1.456852e-11
17570.00 1.445475e-11
17580.00 1.434170e-11
17590.00 1.422943e-11
17600.00 1.411793e-11
17610.00 1.400712e-11
17620.00 1.389710e-11
17630.00 1.378782e-11
17640.00 1.367923e-11
17650.00 1.357141e-11
17660.00 1.346431e-11
17670.00 1.335790e-11
17680.00 1.325225e-11
17690.00 1.314731e-11
17700.00 1.304304e-11
17710.00 1.293952e-11
17720.00 1.283669e-11
17730.00 1.273453e-11
17740.00 1.263311e-11
17750.00 1.253237e-11
17760.00 1.243228e-11
17770.00 1.233292e-11
17780.00 1.223422e-11
17790.00 1.213616e-11
17800.00 1.203884e-11
17810.00 1.194216e-11
17820.00 1.184610e-11
17830.00 1.175077e-11
17840.00 1.165607e-11
17850.00 1.156199e-11
17860.00 1.146862e-11
17870.00 1.137586e-11
17880.00 1.128372e-11
17890.00 1.119228e-11
17900.00 1.110143e-11
17910.00 1.101119e-11
17920.00 1.092164e-11
17930.00 1.083268e-11
17940.00 1.074432e-11
17950.00 1.065663e-11
17960.00 1.056952e-11
17970.00 1.048299e-11
17980.00 1.039713e-11
17990.00 1.031184e-11
18000.00 1.022713e-11
18010.00 1.014306e-11
18020.00 1.005956e-11
18030.00 9.976634e-12
18040.00 9.894333e-12
18050.00 9.812586e-12
18060.00 9.731401e-12
18070.00 9.650839e-12
18080.00 9.570819e-12
18090.00 9.491355e-12
18100.00 9.412495e-12
18110.00 9.334171e-12
18120.00 9.256396e-12
18130.00 9.179213e-12
18140.00 9.102548e-12
18150.00 9.026437e-12
18160.00 8.950894e-12
18170.00 8.875875e-12
18180.00 8.801385e-12
18190.00 8.727469e-12
18200.00 8.654052e-12
18210.00 8.581171e-12
18220.00 8.508839e-12
18230.00 8.436999e-12
18240.00 8.365689e-12
18250.00 8.294915e-12
18260.00 8.224634e-12
18270.00 8.154864e-12
18280.00 8.085624e-12
18290.00 8.016864e-12
18300.00 7.948609e-12
18310.00 7.880877e-12
18320.00 7.813613e-12
18330.00 7.746848e-12
18340.00 7.680588e-12
18350.00 7.614796e-12
18360.00 7.549496e-12
18370.00 7.484689e-12
18380.00 7.420336e-12
18390.00 7.356470e-12
18400.00 7.293091e-12
18410.00 7.230154e-12
18420.00 7.167703e-12
18430.00 7.105720e-12
18440.00 7.044173e-12
18450.00 6.983100e-12
18460.00 6.922489e-12
18470.00 6.862307e-12
18480.00 6.802593e-12
18490.00 6.743335e-12
18500.00 6.684494e-12
18510.00 6.626114e-12
18520.00 6.568171e-12
18530.00 6.510645e-12
18540.00 6.453581e-12
18550.00 6.396935e-12
18560.00 6.340700e-12
18570.00 6.284914e-12
18580.00 6.229545e-12
18590.00 6.174577e-12
18600.00 6.120050e-12
18610.00 6.065931e-12
18620.00 6.012205e-12
18630.00 5.958915e-12
18640.00 5.906023e-12
18650.00 5.853516e-12
18660.00 5.801438e-12
18670.00 5.749750e-12
18680.00 5.698439e-12
18690.00 5.647552e-12
18700.00 5.597044e-12
18710.00 5.546907e-12
18720.00 5.497186e-12
18730.00 5.447836e-12
18740.00 5.398850e-12
18750.00 5.350274e-12
18760.00 5.302060e-12
18770.00 5.254204e-12
18780.00 5.206750e-12
18790.00 5.159650e-12
18800.00 5.112902e-12
18810.00 5.066548e-12
18820.00 5.020541e-12
18830.00 4.974880e-12
18840.00 4.929604e-12
18850.00 4.884669e-12
18860.00 4.840074e-12
18870.00 4.795855e-12
18880.00 4.751970e-12
18890.00 4.708420e-12
18900.00 4.665239e-12
18910.00 4.622383e-12
18920.00 4.579859e-12
18930.00 4.537693e-12
18940.00 4.495848e-12
18950.00 4.454328e-12
18960.00 4.413158e-12
18970.00 4.372302e-12
18980.00 4.331767e-12
18990.00 4.291574e-12
19000.00 4.251689e-12
19010.00 4.212118e-12
19020.00 4.172882e-12
19030.00 4.133947e-12
19040.00 4.095324e-12
19050.00 4.057025e-12
19060.00 4.019022e-12
19070.00 3.981326e-12
19080.00 3.943946e-12
19090.00 3.906857e-12
19100.00 3.870068e-12
19110.00 3.833590e-12
19120.00 3.797395e-12
19130.00 3.761496e-12
19140.00 3.725900e-12
19150.00 3.690582e-12
19160.00 3.655555e-12
19170.00 3.620823e-12
19180.00 3.586365e-12
19190.00 3.552192e-12
19200.00 3.518307e-12
19210.00 3.484689e-12
19220.00 3.451353e-12
19230.00 3.418297e-12
19240.00 3.385504e-12
19250.00 3.352987e-12
19260.00 3.320744e-12
19270.00 3.288757e-12
19280.00 3.257043e-12
19290.00 3.225595e-12
19300.00 3.194400e-12
19310.00 3.163471e-12
19320.00 3.132803e-12
19330.00 3.102382e-12
19340.00 3.072222e-12
19350.00 3.042316e-12
19360.00 3.012652e-12
19370.00 2.983246e-12
19380.00 2.954088e-12
19390.00 2.925166e-12
19400.00 2.896498e-12
19410.00 2.868071e-12
19420.00 2.839875e-12
19430.00 2.811928e-12
19440.00 2.784218e-12
19450.00 2.756733e-12
19460.00 2.729493e-12
19470.00 2.702482e-12
19480.00 2.675694e-12
19490.00 2.649145e-12
19500.00 2.622820e-12
19510.00 2.596713e-12
19520.00 2.570841e-12
19530.00 2.545188e-12
19540.00 2.519747e-12
19550.00 2.494537e-12
19560.00 2.469540e-12
19570.00 2.444751e-12
19580.00 2.420190e-12
19590.00 2.395835e-12
19600.00 2.371685e-12
19610.00 2.347757e-12
19620.00 2.324031e-12
19630.00 2.300505e-12
19640.00 2.277197e-12
19650.00 2.254086e-12
19660.00 2.231171e-12
19670.00 2.208469e-12
19680.00 2.185960e-12
19690.00 2.163643e-12
19700.00 2.141534e-12
19710.00 2.119614e-12
19720.00 2.097880e-12
19730.00 2.076351e-12
19740.00 2.055006e-12
19750.00 2.033845e-12
19760.00 2.012883e-12
19770.00 1.992100e-12
19780.00 1.971499e-12
19790.00 1.951090e-12
19800.00 1.930858e-12
19810.00 1.910802e-12
19820.00 1.890936e-12
19830.00 1.871241e-12
19840.00 1.851721e-12
19850.00 1.832384e-12
19860.00 1.813215e-12
19870.00 1.794217e-12
19880.00 1.775398e-12
19890.00 1.756743e-12
19900.00 1.738256e-12
19910.00 1.719942e-12
19920.00 1.701790e-12
19930.00 1.683802e-12
19940.00 1.665983e-12
19950.00 1.648321e-12
19960.00 1.630821e-12
19970.00 1.613486e-12
19980.00 1.596304e-12
19990.00 1.579280e-12
20000.00 1.562417e-12
20010.00 1.545704e-12
20020.00 1.529146e-12
20030.00 1.512743e-12
20040.00 1.496488e-12
20050.00 1.480385e-12
20060.00 1.464434e-12
20070.00 1.448626e-12
20080.00 1.432967e-12
20090.00 1.417456e-12
20100.00 1.402085e-12
20110.00 1.386860e-12
20120.00 1.371779e-12
20130.00 1.356835e-12
20140.00 1.342033e-12
20150.00 1.327372e-12
20160.00 1.312845e-12
20170.00 1.298458e-12
20180.00 1.284207e-12
20190.00 1.270086e-12
20200.00 1.256103e-12
20210.00 1.242253e-12
20220.00 1.228530e-12
20230.00 1.214941e-12
20240.00 1.201481e-12
20250.00 1.188146e-12
20260.00 1.174941e-12
20270.00 1.161863e-12
20280.00 1.148907e-12
20290.00 1.136079e-12
20300.00 1.123374e-12
20310.00 1.110787e-12
20320.00 1.098325e-12
20330.00 1.085983e-12
20340.00 1.073757e-12
20350.00 1.061653e-12
20360.00 1.049666e-12
20370.00 1.037792e-12
20380.00 1.026038e-12
20390.00 1.014397e-12
20400.00 1.002865e-12
20410.00 9.914520e-13
20420.00 9.801483e-13
20430.00 9.689530e-13
20440.00 9.578712e-13
20450.00 9.468973e-13
20460.00 9.360287e-13
20470.00 9.252711e-13
20480.00 9.146189e-13
20490.00 9.040689e-13
20500.00 8.936274e-13
20510.00 8.832882e-13
20520.00 8.730493e-13
20530.00 8.629164e-13
20540.00 8.528826e-13
20550.00 8.429467e-13
20560.00 8.331150e-13
20570.00 8.233786e-13
20580.00 8.137382e-13
20590.00 8.041995e-13
20600.00 7.947542e-13
20610.00 7.854019e-13
20620.00 7.761487e-13
20630.00 7.669865e-13
20640.00 7.579153e-13
20650.00 7.489408e-13
20660.00 7.400548e-13
20670.00 7.312573e-13
20680.00 7.225540e-13
20690.00 7.139367e-13
20700.00 7.054067e-13
20710.00 6.969671e-13
20720.00 6.886123e-13
20730.00 6.803422e-13
20740.00 6.721601e-13
20750.00 6.640609e-13
20760.00 6.560446e-13
20770.00 6.481137e-13
20780.00 6.402627e-13
20790.00 6.324933e-13
20800.00 6.248068e-13
20810.00 6.171985e-13
20820.00 6.096692e-13
20830.00 6.022209e-13
20840.00 5.948487e-13
20850.00 5.875537e-13
20860.00 5.803373e-13
20870.00 5.731949e-13
20880.00 5.661280e-13
20890.00 5.591374e-13
20900.00 5.522189e-13
20910.00 5.453740e-13
20920.00 5.386031e-13
20930.00 5.319026e-13
20940.00 5.252739e-13
20950.00 5.187171e-13
20960.00 5.122288e-13
20970.00 5.058104e-13
20980.00 4.994619e-13
20990.00 4.931801e-13
21000.00 4.869666e-13
21010.00 4.808208e-13
21020.00 4.747399e-13
21030.00 4.687257e-13
21040.00 4.627772e-13
21050.00 4.568919e-13
21060.00 4.510714e-13
21070.00 4.453149e-13
21080.00 4.396199e-13
21090.00 4.339882e-13
21100.00 4.284184e-13
21110.00 4.229084e-13
21120.00 4.174601e-13
21130.00 4.120720e-13
21140.00 4.067421e-13
21150.00 4.014722e-13
21160.00 3.962608e-13
21170.00 3.911059e-13
21180.00 3.860096e-13
21190.00 3.809699e-13
21200.00 3.759853e-13
21210.00 3.710577e-13
21220.00 3.661850e-13
21230.00 3.613659e-13
21240.00 3.566023e-13
21250.00 3.518921e-13
21260.00 3.472338e-13
21270.00 3.426297e-13
21280.00 3.380772e-13
21290.00 3.335754e-13
21300.00 3.291261e-13
21310.00 3.247271e-13
21320.00 3.203772e-13
21330.00 3.160786e-13
21340.00 3.118286e-13
21350.00 3.076263e-13
21360.00 3.034739e-13
21370.00 2.993687e-13
21380.00 2.953099e-13
21390.00 2.912997e-13
21400.00 2.873351e-13
21410.00 2.834157e-13
21420.00 2.795433e-13
21430.00 2.757154e-13
21440.00 2.719313e-13
21450.00 2.681930e-13
21460.00 2.644978e-13
21470.00 2.608451e-13
21480.00 2.572370e-13
21490.00 2.536705e-13
21500.00 2.501455e-13
21510.00 2.466636e-13
21520.00 2.432222e-13
21530.00 2.398211e-13
21540.00 2.364617e-13
21550.00 2.331417e-13
21560.00 2.298609e-13
21570.00 2.266204e-13
21580.00 2.234181e-13
21590.00 2.202540e-13
21600.00 2.171290e-13
21610.00 2.140410e-13
21620.00 2.109901e-13
21630.00 2.079770e-13
21640.00 2.049999e-13
21650.00 2.020588e-13
21660.00 1.991544e-13
21670.00 1.962848e-13
21680.00 1.934503e-13
21690.00 1.906512e-13
21700.00 1.878859e-13
21710.00 1.851545e-13
21720.00 1.824576e-13
21730.00 1.797935e-13
21740.00 1.771623e-13
21750.00 1.745644e-13
21760.00 1.719982e-13
21770.00 1.694641e-13
21780.00 1.669622e-13
21790.00 1.644911e-13
21800.00 1.620511e-13
21810.00 1.596422e-13
21820.00 1.572631e-13
21830.00 1.549142e-13
21840.00 1.525955e-13
21850.00 1.503057e-13
21860.00 1.480451e-13
21870.00 1.458136e-13
21880.00 1.436102e-13
21890.00 1.414352e-13
21900.00 1.392884e-13
21910.00 1.371686e-13
21920.00 1.350765e-13
21930.00 1.330115e-13
21940.00 1.309729e-13
21950.00 1.289609e-13
21960.00 1.269753e-13
21970.00 1.250151e-13
21980.00 1.230808e-13
21990.00 1.211719e-13
22000.00 1.192876e-13
22010.00 1.174285e-13
22020.00 1.155939e-13
22030.00 1.137831e-13
22040.00 1.119967e-13
22050.00 1.102340e-13
22060.00 1.084944e-13
22070.00 1.067783e-13
22080.00 1.050852e-13
22090.00 1.034144e-13
22100.00 1.017663e-13
22110.00 1.001404e-13
22120.00 9.853609e-14
22130.00 9.695390e-14
22140.00 9.539304e-14
22150.00 9.385306e-14
22160.00 9.233453e-14
22170.00 9.083651e-14
22180.00 8.935875e-14
22190.00 8.790169e-14
22200.00 8.646452e-14
22210.00 8.504686e-14
22220.00 8.364916e-14
22230.00 8.227071e-14
22240.00 8.091116e-14
22250.00 7.957094e-14
22260.00 7.824923e-14
22270.00 7.694579e-14
22280.00 7.566098e-14
22290.00 7.439408e-14
22300.00 7.314481e-14
22310.00 7.191363e-14
22320.00 7.069965e-14
22330.00 6.950276e-14
22340.00 6.832326e-14
22350.00 6.716034e-14
22360.00 6.601394e-14
22370.00 6.488438e-14
22380.00 6.377084e-14
22390.00 6.267320e-14
22400.00 6.159178e-14
22410.00 6.052583e-14
22420.00 5.947525e-14
22430.00 5.844028e-14
22440.00 5.742025e-14
22450.00 5.641506e-14
22460.00 5.542490e-14
22470.00 5.444916e-14
22480.00 5.348773e-14
22490.00 5.254079e-14
22500.00 5.160774e-14
22510.00 5.068852e-14
22520.00 4.978324e-14
22530.00 4.889135e-14
22540.00 4.801280e-14
22550.00 4.714766e-14
22560.00 4.629543e-14
22570.00 4.545607e-14
22580.00 4.462963e-14
22590.00 4.381561e-14
22600.00 4.301400e-14
22610.00 4.222481e-14
22620.00 4.144760e-14
22630.00 4.068235e-14
22640.00 3.992904e-14
22650.00 3.918727e-14
22660.00 3.845702e-14
22670.00 3.773825e-14
22680.00 3.703059e-14
22690.00 3.633403e-14
22700.00 3.564850e-14
22710.00 3.497366e-14
22720.00 3.430952e-14
22730.00 3.365597e-14
22740.00 3.301271e-14
22750.00 3.237973e-14
22760.00 3.175695e-14
22770.00 3.114405e-14
22780.00 3.054106e-14
22790.00 2.994784e-14
22800.00 2.936414e-14
22810.00 2.878997e-14
22820.00 2.822517e-14
22830.00 2.766953e-14
22840.00 2.712304e-14
22850.00 2.658557e-14
22860.00 2.605687e-14
22870.00 2.553698e-14
22880.00 2.502575e-14
22890.00 2.452294e-14
22900.00 2.402860e-14
22910.00 2.354254e-14
22920.00 2.306460e-14
22930.00 2.259477e-14
22940.00 2.213290e-14
22950.00 2.167880e-14
22960.00 2.123251e-14
22970.00 2.079383e-14
22980.00 2.036262e-14
22990.00 1.993889e-14
23000.00 1.952247e-14
23010.00 1.911320e-14
23020.00 1.871112e-14
23030.00 1.831603e-14
23040.00 1.792780e-14
23050.00 1.754646e-14
23060.00 1.717182e-14
23070.00 1.680375e-14
23080.00 1.644228e-14
23090.00 1.608723e-14
23100.00 1.573847e-14
23110.00 1.539605e-14
23120.00 1.505975e-14
23130.00 1.472948e-14
23140.00 1.440528e-14
23150.00 1.408694e-14
23160.00 1.377437e-14
23170.00 1.346760e-14
23180.00 1.316645e-14
23190.00 1.287081e-14
23200.00 1.258072e-14
23210.00 1.229600e-14
23220.00 1.201655e-14
23230.00 1.174242e-14
23240.00 1.147340e-14
23250.00 1.120943e-14
23260.00 1.095053e-14
23270.00 1.069652e-14
23280.00 1.044734e-14
23290.00 1.020300e-14
23300.00 9.963323e-15
23310.00 9.728265e-15
23320.00 9.497820e-15
23330.00 9.271833e-15
23340.00 9.050247e-15
23350.00 8.833063e-15
23360.00 8.620130e-15
23370.00 8.411406e-15
23380.00 8.206872e-15
23390.00 8.006390e-15
23400.00 7.809923e-15
23410.00 7.617446e-15
23420.00 7.428834e-15
23430.00 7.244044e-15
23440.00 7.063057e-15
23450.00 6.885755e-15
23460.00 6.712094e-15
23470.00 6.542042e-15
23480.00 6.375500e-15
23490.00 6.212430e-15
23500.00 6.052792e-15
23510.00 5.896493e-15
23520.00 5.743495e-15
23530.00 5.593762e-15
23540.00 5.447202e-15
23550.00 5.303782e-15
23560.00 5.163461e-15
23570.00 5.026158e-15
23580.00 4.891838e-15
23590.00 4.760461e-15
23600.00 4.631947e-15
23610.00 4.506269e-15
23620.00 4.383381e-15
23630.00 4.263212e-15
23640.00 4.145733e-15
23650.00 4.030898e-15
23660.00 3.918643e-15
23670.00 3.808939e-15
23680.00 3.701741e-15
23690.00 3.596986e-15
23700.00 3.494650e-15
23710.00 3.394686e-15
23720.00 3.297035e-15
23730.00 3.201674e-15
23740.00 3.108557e-15
23750.00 3.017631e-15
23760.00 2.928870e-15
23770.00 2.842231e-15
23780.00 2.757662e-15
23790.00 2.675142e-15
23800.00 2.594624e-15
23810.00 2.516063e-15
23820.00 2.439437e-15
23830.00 2.364701e-15
23840.00 2.291812e-15
23850.00 2.220749e-15
23860.00 2.151469e-15
23870.00 2.083931e-15
23880.00 2.018113e-15
23890.00 1.953975e-15
23900.00 1.891478e-15
23910.00 1.830604e-15
23920.00 1.771310e-15
23930.00 1.713561e-15
23940.00 1.657338e-15
23950.00 1.602601e-15
23960.00 1.549317e-15
23970.00 1.497467e-15
23980.00 1.447015e-15
23990.00 1.397926e-15
24000.00 1.350185e-15
24010.00 1.303754e-15
24020.00 1.258604e-15
24030.00 1.214717e-15
24040.00 1.172059e-15
24050.00 1.130600e-15
24060.00 1.090326e-15
24070.00 1.051201e-15
24080.00 1.013201e-15
24090.00 9.763084e-16
24100.00 9.404907e-16
24110.00 9.057236e-16
24120.00 8.719926e-16
24130.00 8.392647e-16
24140.00 8.075193e-16
24150.00 7.767391e-16
24160.00 7.468953e-16
24170.00 7.179679e-16
24180.00 6.899396e-16
24190.00 6.627841e-16
24200.00 6.364808e-16
24210.00 6.110146e-16
24220.00 5.863601e-16
24230.00 5.624984e-16
24240.00 5.394140e-16
24250.00 5.170833e-16
24260.00 4.954886e-16
24270.00 4.746146e-16
24280.00 4.544395e-16
24290.00 4.349466e-16
24300.00 4.161208e-16
24310.00 3.979417e-16
24320.00 3.803936e-16
24330.00 3.634619e-16
24340.00 3.471277e-16
24350.00 3.313761e-16
24360.00 3.161930e-16
24370.00 3.015606e-16
24380.00 2.874652e-16
24390.00 2.738927e-16
24400.00 2.608270e-16
24410.00 2.482549e-16
24420.00 2.361630e-16
24430.00 2.245364e-16
24440.00 2.133623e-16
24450.00 2.026283e-16
24460.00 1.923203e-16
24470.00 1.824263e-16
24480.00 1.729345e-16
24490.00 1.638316e-16
24500.00 1.551067e-16
24510.00 1.467482e-16
24520.00 1.387439e-16
24530.00 1.310835e-16
24540.00 1.237560e-16
24550.00 1.167503e-16
24560.00 1.100563e-16
24570.00 1.036641e-16
24580.00 9.756295e-17
24590.00 9.174375e-17
24600.00 8.619675e-17
24610.00 8.091235e-17
24620.00 7.588187e-17
24630.00 7.109629e-17
24640.00 6.654662e-17
24650.00 6.222467e-17
24660.00 5.812210e-17
24670.00 5.423056e-17
24680.00 5.054249e-17
24690.00 4.705001e-17
24700.00 4.374547e-17
24710.00 4.062179e-17
24720.00 3.767169e-17
24730.00 3.488807e-17
24740.00 3.226440e-17
24750.00 2.979392e-17
24760.00 2.747010e-17
24770.00 2.528689e-17
24780.00 2.323805e-17
24790.00 2.131761e-17
24800.00 1.951995e-17
24810.00 1.783937e-17
24820.00 1.627039e-17
24830.00 1.480784e-17
24840.00 1.344652e-17
24850.00 1.218141e-17
24860.00 1.100780e-17
24870.00 9.920916e-18
24880.00 8.916243e-18
24890.00 7.989451e-18
24900.00 7.136238e-18
24910.00 6.352501e-18
24920.00 5.634326e-18
24930.00 4.977835e-18
24940.00 4.379333e-18
24950.00 3.835292e-18
24960.00 3.342244e-18
24970.00 2.896883e-18
24980.00 2.496054e-18
24990.00 2.136674e-18
25000.00 1.815809e-18
