1000.00 5.738818e-40
1010.00 6.823709e-31
1020.00 2.444380e-29
1030.00 2.169150e-28
1040.00 1.064605e-27
1050.00 3.782235e-27
1060.00 1.106085e-26
1070.00 2.751343e-26
1080.00 6.344958e-26
1090.00 1.319730e-25
1100.00 2.617717e-25
1110.00 4.887210e-25
1120.00 8.741210e-25
1130.00 1.518656e-24
1140.00 2.516592e-24
1150.00 4.156038e-24
1160.00 6.568701e-24
1170.00 1.032366e-23
1180.00 1.578099e-23
1190.00 2.375041e-23
1200.00 3.538623e-23
1210.00 5.132474e-23
1220.00 7.495599e-23
1230.00 1.062928e-22
1240.00 1.513309e-22
1250.00 2.113841e-22
1260.00 2.931947e-22
1270.00 4.045801e-22
1280.00 5.480276e-22
1290.00 7.488005e-22
1300.00 9.999558e-22
1310.00 1.345302e-21
1320.00 1.782115e-21
1330.00 2.353545e-21
1340.00 3.097099e-21
1350.00 4.019757e-21
1360.00 5.261070e-21
1370.00 6.755953e-21
1380.00 8.753174e-21
1390.00 1.118758e-20
1400.00 1.428806e-20
1410.00 1.819097e-20
1420.00 2.291584e-20
1430.00 2.908335e-20
1440.00 3.631245e-20
1450.00 4.577451e-20
1460.00 5.698773e-20
1470.00 7.099859e-20
1480.00 8.818212e-20
1490.00 1.086239e-19
1500.00 1.346593e-19
1510.00 1.645593e-19
1520.00 2.030899e-19
1530.00 2.477333e-19
1540.00 3.027196e-19
1550.00 3.687254e-19
1560.00 4.462370e-19
1570.00 5.429254e-19
1580.00 6.521979e-19
1590.00 7.912841e-19
1600.00 9.494459e-19
1610.00 1.142075e-18
1620.00 1.369128e-18
1630.00 1.633133e-18
1640.00 1.956551e-18
1650.00 2.317334e-18
1660.00 2.771940e-18
1670.00 3.280694e-18
1680.00 3.894757e-18
1690.00 4.607161e-18
1700.00 5.429084e-18
1710.00 6.419977e-18
1720.00 7.513442e-18
1730.00 8.879684e-18
1740.00 1.038750e-17
1750.00 1.219399e-17
1760.00 1.426055e-17
1770.00 1.662999e-17
1780.00 1.944573e-17
1790.00 2.252882e-17
1800.00 2.634371e-17
1810.00 3.050703e-17
1820.00 3.546419e-17
1830.00 4.106390e-17
1840.00 4.745175e-17
1850.00 5.494434e-17
1860.00 6.311703e-17
1870.00 7.309201e-17
1880.00 8.389442e-17
1890.00 9.668913e-17
1900.00 1.109777e-16
1910.00 1.272090e-16
1920.00 1.460210e-16
1930.00 1.664785e-16
1940.00 1.911339e-16
1950.00 2.176542e-16
1960.00 2.489238e-16
1970.00 2.834803e-16
1980.00 3.225967e-16
1990.00 3.674350e-16
2000.00 4.160775e-16
2010.00 4.740185e-16
2020.00 5.359665e-16
2030.00 6.087224e-16
2040.00 6.883517e-16
2050.00 7.782192e-16
2060.00 8.801822e-16
2070.00 9.905798e-16
2080.00 1.120653e-15
2090.00 1.258965e-15
2100.00 1.420854e-15
2110.00 1.596446e-15
2120.00 1.794112e-15
2130.00 2.016245e-15
2140.00 2.256372e-15
2150.00 2.536412e-15
2160.00 2.832721e-15
2170.00 3.178495e-15
2180.00 3.550385e-15
2190.00 3.968108e-15
2200.00 4.433337e-15
2210.00 4.935598e-15
2220.00 5.515732e-15
2230.00 6.126775e-15
2240.00 6.837937e-15
2250.00 7.596747e-15
2260.00 8.447460e-15
2270.00 9.386915e-15
2280.00 1.040007e-14
2290.00 1.155972e-14
2300.00 1.277599e-14
2310.00 1.418822e-14
2320.00 1.568375e-14
2330.00 1.735766e-14
2340.00 1.919136e-14
2350.00 2.116715e-14
2360.00 2.340922e-14
2370.00 2.575147e-14
2380.00 2.846542e-14
2390.00 3.131887e-14
2400.00 3.450805e-14
2410.00 3.797500e-14
2420.00 4.170781e-14
2430.00 4.590913e-14
2440.00 5.028175e-14
2450.00 5.533895e-14
2460.00 6.061952e-14
2470.00 6.651401e-14
2480.00 7.287505e-14
2490.00 7.971957e-14
2500.00 8.736303e-14
2510.00 9.528986e-14
2520.00 1.044428e-13
2530.00 1.139366e-13
2540.00 1.245225e-13
2550.00 1.358658e-13
2560.00 1.480650e-13
2570.00 1.615863e-13
2580.00 1.755934e-13
2590.00 1.916737e-13
2600.00 2.082790e-13
2610.00 2.267770e-13
2620.00 2.464635e-13
2630.00 2.676261e-13
2640.00 2.909133e-13
2650.00 3.150393e-13
2660.00 3.425248e-13
2670.00 3.708137e-13
2680.00 4.023014e-13
2690.00 4.355903e-13
2700.00 4.713619e-13
2710.00 5.104504e-13
2720.00 5.509510e-13
2730.00 5.967521e-13
2740.00 6.437390e-13
2750.00 6.960026e-13
2760.00 7.508991e-13
2770.00 8.098704e-13
2780.00 8.738735e-13
2790.00 9.401946e-13
2800.00 1.014664e-12
2810.00 1.090816e-12
2820.00 1.175471e-12
2830.00 1.263824e-12
2840.00 1.358711e-12
2850.00 1.461014e-12
2860.00 1.567029e-12
2870.00 1.685250e-12
2880.00 1.805756e-12
2890.00 1.939655e-12
2900.00 2.078523e-12
2910.00 2.227630e-12
2920.00 2.387345e-12
2930.00 2.552862e-12
2940.00 2.736200e-12
2950.00 2.922479e-12
2960.00 3.129391e-12
2970.00 3.342631e-12
2980.00 3.571556e-12
2990.00 3.815196e-12
3000.00 4.067684e-12
3010.00 4.345532e-12
3020.00 4.626906e-12
3030.00 4.939378e-12
3040.00 5.259375e-12
3050.00 5.602866e-12
3060.00 5.966105e-12
3070.00 6.342520e-12
3080.00 6.754070e-12
3090.00 7.169449e-12
3100.00 7.630681e-12
3110.00 8.100000e-12
3120.00 8.603746e-12
3130.00 9.133047e-12
3140.00 9.681488e-12
3150.00 1.027732e-11
3160.00 1.087657e-11
3170.00 1.154201e-11
3180.00 1.221471e-11
3190.00 1.293669e-11
3200.00 1.369043e-11
3210.00 1.447129e-11
3220.00 1.531427e-11
3230.00 1.615894e-11
3240.00 1.709713e-11
3250.00 1.803911e-11
3260.00 1.905015e-11
3270.00 2.009870e-11
3280.00 1.961896e-11
3290.00 1.592846e-11
3300.00 2.351247e-11
3310.00 2.465986e-12
3320.00 1.189715e-11
3330.00 8.734346e-12
3340.00 1.943369e-11
3350.00 2.210673e-11
3360.00 1.558529e-11
3370.00 2.699942e-11
3380.00 2.943472e-11
3390.00 1.275604e-11
3400.00 1.277078e-11
3410.00 2.749961e-11
3420.00 1.968526e-11
3430.00 1.320343e-11
3440.00 1.410501e-11
3450.00 7.317237e-12
3460.00 3.498445e-11
3470.00 3.905875e-11
3480.00 5.361644e-11
3490.00 6.546269e-11
3500.00 6.726414e-11
3510.00 1.130906e-10
3520.00 1.366328e-10
3530.00 1.180504e-10
3540.00 9.591468e-11
3550.00 1.088451e-10
3560.00 1.326581e-10
3570.00 1.335343e-10
3580.00 1.366357e-10
3590.00 1.519166e-10
3600.00 1.455019e-10
3610.00 1.821132e-10
3620.00 2.039072e-10
3630.00 2.255935e-10
3640.00 2.243610e-10
3650.00 2.128860e-10
3660.00 1.962491e-10
3670.00 2.258028e-10
3680.00 2.816042e-10
3690.00 2.922849e-10
3700.00 2.339257e-10
3710.00 2.591350e-10
3720.00 2.616329e-10
3730.00 2.401203e-10
3740.00 2.613561e-10
3750.00 2.749970e-10
3760.00 1.830038e-10
3770.00 1.485714e-10
3780.00 1.682200e-10
3790.00 1.174562e-10
3800.00 8.074938e-11
3810.00 1.161250e-10
3820.00 9.077579e-11
3830.00 1.122581e-10
3840.00 1.529263e-10
3850.00 2.321818e-10
3860.00 2.114228e-10
3870.00 2.470284e-10
3880.00 2.575628e-10
3890.00 2.560410e-10
3900.00 3.039306e-10
3910.00 3.065581e-10
3920.00 3.233519e-10
3930.00 3.727436e-10
3940.00 4.456192e-10
3950.00 4.210693e-10
3960.00 4.481177e-10
3970.00 4.939277e-10
3980.00 5.030418e-10
3990.00 4.978776e-10
4000.00 4.703858e-10
4010.00 4.553515e-10
4020.00 4.259613e-10
4030.00 3.745540e-10
4040.00 3.278913e-10
4050.00 3.150903e-10
4060.00 3.361135e-10
4070.00 2.964737e-10
4080.00 2.762189e-10
4090.00 2.629689e-10
4100.00 2.576119e-10
4110.00 2.460879e-10
4120.00 2.258791e-10
4130.00 2.249784e-10
4140.00 2.109608e-10
4150.00 1.935850e-10
4160.00 1.820551e-10
4170.00 1.710224e-10
4180.00 1.882230e-10
4190.00 2.080329e-10
4200.00 1.926185e-10
4210.00 2.176688e-10
4220.00 2.080765e-10
4230.00 1.949303e-10
4240.00 2.098760e-10
4250.00 1.884113e-10
4260.00 1.889979e-10
4270.00 1.956796e-10
4280.00 1.945185e-10
4290.00 1.941779e-10
4300.00 2.006384e-10
4310.00 1.846341e-10
4320.00 1.841866e-10
4330.00 1.802974e-10
4340.00 2.029421e-10
4350.00 1.901884e-10
4360.00 1.735037e-10
4370.00 1.869644e-10
4380.00 1.645933e-10
4390.00 1.457873e-10
4400.00 1.519832e-10
4410.00 1.520901e-10
4420.00 1.474111e-10
4430.00 1.515551e-10
4440.00 1.593239e-10
4450.00 1.779838e-10
4460.00 1.958825e-10
4470.00 2.010809e-10
4480.00 1.970221e-10
4490.00 2.121312e-10
4500.00 2.364506e-10
4510.00 2.380499e-10
4520.00 2.563467e-10
4530.00 2.832294e-10
4540.00 3.089095e-10
4550.00 3.331613e-10
4560.00 3.817535e-10
4570.00 4.150694e-10
4580.00 4.475958e-10
4590.00 4.841112e-10
4600.00 4.768171e-10
4610.00 4.890982e-10
4620.00 4.702774e-10
4630.00 4.598476e-10
4640.00 4.507951e-10
4650.00 4.114645e-10
4660.00 3.847403e-10
4670.00 3.401837e-10
4680.00 2.904083e-10
4690.00 2.588353e-10
4700.00 2.390483e-10
4710.00 2.189985e-10
4720.00 2.132360e-10
4730.00 2.141579e-10
4740.00 2.184168e-10
4750.00 2.155266e-10
4760.00 2.185302e-10
4770.00 2.137827e-10
4780.00 2.264257e-10
4790.00 2.578069e-10
4800.00 2.779198e-10
4810.00 3.073968e-10
4820.00 3.378225e-10
4830.00 3.651661e-10
4840.00 3.749145e-10
4850.00 3.401609e-10
4860.00 3.208028e-10
4870.00 2.983047e-10
4880.00 2.955373e-10
4890.00 3.077452e-10
4900.00 3.452482e-10
4910.00 3.668378e-10
4920.00 3.996211e-10
4930.00 4.361491e-10
4940.00 4.636043e-10
4950.00 4.537266e-10
4960.00 4.620977e-10
4970.00 4.453755e-10
4980.00 3.990377e-10
4990.00 3.424268e-10
5000.00 2.987429e-10
5010.00 2.502546e-10
5020.00 2.320862e-10
5030.00 2.257276e-10
5040.00 2.265230e-10
5050.00 2.168824e-10
5060.00 2.097955e-10
5070.00 2.183240e-10
5080.00 2.200199e-10
5090.00 2.308213e-10
5100.00 2.426357e-10
5110.00 2.374767e-10
5120.00 2.557295e-10
5130.00 2.534961e-10
5140.00 2.450848e-10
5150.00 2.505327e-10
5160.00 2.517078e-10
5170.00 2.481819e-10
5180.00 2.716969e-10
5190.00 2.677922e-10
5200.00 2.878796e-10
5210.00 3.015429e-10
5220.00 3.213691e-10
5230.00 3.416438e-10
5240.00 3.513003e-10
5250.00 3.643744e-10
5260.00 3.314920e-10
5270.00 3.768651e-10
5280.00 3.815008e-10
5290.00 3.927167e-10
5300.00 4.068774e-10
5310.00 4.101920e-10
5320.00 4.155533e-10
5330.00 4.079676e-10
5340.00 3.971526e-10
5350.00 3.803611e-10
5360.00 3.660229e-10
5370.00 3.697177e-10
5380.00 3.679037e-10
5390.00 3.817465e-10
5400.00 3.969142e-10
5410.00 4.211795e-10
5420.00 4.520578e-10
5430.00 4.946880e-10
5440.00 5.493313e-10
5450.00 5.988209e-10
5460.00 6.325961e-10
5470.00 6.801465e-10
5480.00 7.141406e-10
5490.00 7.285771e-10
5500.00 7.506815e-10
5510.00 7.846581e-10
5520.00 8.018123e-10
5530.00 7.857498e-10
5540.00 7.939706e-10
5550.00 7.811157e-10
5560.00 7.638188e-10
5570.00 7.412132e-10
5580.00 7.245740e-10
5590.00 6.992227e-10
5600.00 6.943536e-10
5610.00 6.560596e-10
5620.00 6.384983e-10
5630.00 5.934502e-10
5640.00 5.026003e-10
5650.00 4.084415e-10
5660.00 3.272582e-10
5670.00 2.937988e-10
5680.00 2.795166e-10
5690.00 3.273332e-10
5700.00 3.780285e-10
5710.00 4.099231e-10
5720.00 4.181987e-10
5730.00 4.353161e-10
5740.00 4.219449e-10
5750.00 4.355931e-10
5760.00 4.339556e-10
5770.00 4.301635e-10
5780.00 4.345848e-10
5790.00 4.378631e-10
5800.00 4.513053e-10
5810.00 4.475205e-10
5820.00 4.543317e-10
5830.00 4.603420e-10
5840.00 4.594426e-10
5850.00 4.558290e-10
5860.00 4.580547e-10
5870.00 4.592779e-10
5880.00 4.560459e-10
5890.00 4.527760e-10
5900.00 4.511567e-10
5910.00 4.335288e-10
5920.00 4.308081e-10
5930.00 4.095855e-10
5940.00 4.026449e-10
5950.00 3.902316e-10
5960.00 3.692722e-10
5970.00 3.702640e-10
5980.00 3.676019e-10
5990.00 3.511184e-10
6000.00 3.424206e-10
6010.00 3.460443e-10
6020.00 3.469246e-10
6030.00 3.400284e-10
6040.00 3.444425e-10
6050.00 3.413318e-10
6060.00 3.450300e-10
6070.00 3.360881e-10
6080.00 3.235069e-10
6090.00 3.212798e-10
6100.00 3.069711e-10
6110.00 3.053181e-10
6120.00 2.853648e-10
6130.00 2.698629e-10
6140.00 2.495127e-10
6150.00 2.340789e-10
6160.00 2.230721e-10
6170.00 2.103997e-10
6180.00 1.952821e-10
6190.00 1.932905e-10
6200.00 1.962047e-10
6210.00 2.051513e-10
6220.00 2.133066e-10
6230.00 2.228092e-10
6240.00 2.316569e-10
6250.00 2.535612e-10
6260.00 2.639938e-10
6270.00 2.601162e-10
6280.00 2.653984e-10
6290.00 2.598064e-10
6300.00 2.675286e-10
6310.00 2.891396e-10
6320.00 2.972853e-10
6330.00 3.080402e-10
6340.00 3.267666e-10
6350.00 3.277227e-10
6360.00 3.463398e-10
6370.00 3.601858e-10
6380.00 3.824372e-10
6390.00 4.018684e-10
6400.00 4.235311e-10
6410.00 4.380871e-10
6420.00 4.538338e-10
6430.00 4.786527e-10
6440.00 5.031064e-10
6450.00 5.048619e-10
6460.00 5.195091e-10
6470.00 5.265875e-10
6480.00 5.409897e-10
6490.00 5.496992e-10
6500.00 5.493948e-10
6510.00 5.650433e-10
6520.00 5.543223e-10
6530.00 5.446577e-10
6540.00 5.394777e-10
6550.00 5.355651e-10
6560.00 5.014416e-10
6570.00 4.863163e-10
6580.00 4.782435e-10
6590.00 4.607877e-10
6600.00 4.522583e-10
6610.00 4.267323e-10
6620.00 4.098357e-10
6630.00 3.928429e-10
6640.00 3.689332e-10
6650.00 3.427475e-10
6660.00 3.348435e-10
6670.00 3.102531e-10
6680.00 3.000824e-10
6690.00 2.664949e-10
6700.00 2.718089e-10
6710.00 2.602791e-10
6720.00 2.500141e-10
6730.00 2.455436e-10
6740.00 2.439260e-10
6750.00 2.442417e-10
6760.00 2.346186e-10
6770.00 2.444280e-10
6780.00 2.564657e-10
6790.00 2.514202e-10
6800.00 2.586443e-10
6810.00 2.602454e-10
6820.00 2.690965e-10
6830.00 2.511452e-10
6840.00 2.566802e-10
6850.00 2.338593e-10
6860.00 1.744784e-10
6870.00 2.174217e-10
6880.00 2.070069e-10
6890.00 2.147060e-10
6900.00 2.235176e-10
6910.00 2.424071e-10
6920.00 2.419907e-10
6930.00 2.444683e-10
6940.00 2.486564e-10
6950.00 2.595257e-10
6960.00 2.747749e-10
6970.00 2.692934e-10
6980.00 2.691513e-10
6990.00 2.653759e-10
7000.00 2.612094e-10
7010.00 2.592370e-10
7020.00 2.615992e-10
7030.00 2.698965e-10
7040.00 2.570496e-10
7050.00 2.593288e-10
7060.00 2.618802e-10
7070.00 2.483166e-10
7080.00 2.566670e-10
7090.00 2.645859e-10
7100.00 2.581671e-10
7110.00 2.574036e-10
7120.00 2.647342e-10
7130.00 2.574068e-10
7140.00 2.579216e-10
7150.00 2.484453e-10
7160.00 2.386819e-10
7170.00 2.317807e-10
7180.00 2.437530e-10
7190.00 2.504778e-10
7200.00 2.644640e-10
7210.00 2.676620e-10
7220.00 2.543936e-10
7230.00 2.646022e-10
7240.00 2.579692e-10
7250.00 2.548772e-10
7260.00 2.603358e-10
7270.00 2.701034e-10
7280.00 2.483918e-10
7290.00 2.497785e-10
7300.00 2.632308e-10
7310.00 2.679364e-10
7320.00 2.673987e-10
7330.00 2.711879e-10
7340.00 2.697822e-10
7350.00 2.790896e-10
7360.00 2.756317e-10
7370.00 2.711476e-10
7380.00 2.579370e-10
7390.00 2.631875e-10
7400.00 2.583484e-10
7410.00 3.268237e-10
7420.00 3.267757e-10
7430.00 2.989585e-10
7440.00 2.550200e-10
7450.00 2.187756e-10
7460.00 1.897560e-10
7470.00 1.674766e-10
7480.00 1.580076e-10
7490.00 1.353251e-10
7500.00 1.248093e-10
7510.00 1.225110e-10
7520.00 1.498415e-10
7530.00 1.582719e-10
7540.00 1.754184e-10
7550.00 1.918393e-10
7560.00 2.132379e-10
7570.00 2.281833e-10
7580.00 1.215018e-10
7590.00 6.512011e-11
7600.00 1.577667e-10
7610.00 1.222974e-10
7620.00 1.356711e-10
7630.00 1.817525e-10
7640.00 2.145171e-10
7650.00 2.436442e-10
7660.00 2.907650e-10
7670.00 3.177748e-10
7680.00 3.226347e-10
7690.00 3.628058e-10
7700.00 3.750142e-10
7710.00 3.649337e-10
7720.00 3.770035e-10
7730.00 4.238880e-10
7740.00 4.039807e-10
7750.00 3.970024e-10
7760.00 4.137967e-10
7770.00 4.256106e-10
7780.00 4.010345e-10
7790.00 3.958004e-10
7800.00 4.282569e-10
7810.00 4.242985e-10
7820.00 4.017845e-10
7830.00 4.134535e-10
7840.00 4.346764e-10
7850.00 4.206993e-10
7860.00 4.133237e-10
7870.00 4.262249e-10
7880.00 4.284705e-10
7890.00 4.060700e-10
7900.00 4.259313e-10
7910.00 4.087283e-10
7920.00 3.844108e-10
7930.00 3.939013e-10
7940.00 3.904283e-10
7950.00 3.553741e-10
7960.00 3.542463e-10
7970.00 3.729970e-10
7980.00 3.558560e-10
7990.00 3.342165e-10
8000.00 3.433694e-10
8010.00 3.475125e-10
8020.00 3.256349e-10
8030.00 3.165455e-10
8040.00 3.462541e-10
8050.00 3.312501e-10
8060.00 3.008038e-10
8070.00 3.051273e-10
8080.00 3.016058e-10
8090.00 2.752083e-10
8100.00 2.203995e-10
8110.00 1.981439e-10
8120.00 1.847659e-10
8130.00 1.531054e-10
8140.00 1.252083e-10
8150.00 1.078798e-10
8160.00 9.864407e-11
8170.00 8.973002e-11
8180.00 6.889564e-11
8190.00 7.510680e-11
8200.00 7.471914e-11
8210.00 6.854252e-11
8220.00 8.754795e-11
8230.00 9.378386e-11
8240.00 9.724699e-11
8250.00 1.257167e-10
8260.00 1.339337e-10
8270.00 1.322148e-10
8280.00 1.116798e-10
8290.00 1.069509e-10
8300.00 1.010766e-10
8310.00 1.138617e-10
8320.00 1.045166e-10
8330.00 9.593588e-11
8340.00 1.239668e-10
8350.00 1.387992e-10
8360.00 1.402886e-10
8370.00 1.395772e-10
8380.00 1.637262e-10
8390.00 1.842803e-10
8400.00 1.938491e-10
8410.00 2.026925e-10
8420.00 2.130985e-10
8430.00 2.519635e-10
8440.00 2.253382e-10
8450.00 2.424959e-10
8460.00 2.780998e-10
8470.00 2.959523e-10
8480.00 3.001794e-10
8490.00 2.905755e-10
8500.00 3.197341e-10
8510.00 3.532512e-10
8520.00 3.559652e-10
8530.00 3.221901e-10
8540.00 3.400539e-10
8550.00 3.535832e-10
8560.00 3.605298e-10
8570.00 3.632338e-10
8580.00 3.443704e-10
8590.00 3.612930e-10
8600.00 3.707577e-10
8610.00 3.572848e-10
8620.00 3.669754e-10
8630.00 3.533875e-10
8640.00 3.524220e-10
8650.00 3.406221e-10
8660.00 3.276989e-10
8670.00 3.220121e-10
8680.00 3.258861e-10
8690.00 3.217009e-10
8700.00 3.252658e-10
8710.00 2.901467e-10
8720.00 2.788646e-10
8730.00 2.700006e-10
8740.00 2.675042e-10
8750.00 2.754810e-10
8760.00 2.537746e-10
8770.00 2.640588e-10
8780.00 2.762156e-10
8790.00 2.945716e-10
8800.00 2.929088e-10
8810.00 2.763554e-10
8820.00 2.745357e-10
8830.00 2.993101e-10
8840.00 2.652436e-10
8850.00 2.439281e-10
8860.00 2.248922e-10
8870.00 2.065776e-10
8880.00 1.966923e-10
8890.00 1.620640e-10
8900.00 1.479388e-10
8910.00 1.861973e-10
8920.00 1.581467e-10
8930.00 1.528067e-10
8940.00 1.588255e-10
8950.00 1.527544e-10
8960.00 1.830894e-10
8970.00 1.913501e-10
8980.00 2.082041e-10
8990.00 2.135729e-10
9000.00 2.189265e-10
9010.00 2.297983e-10
9020.00 2.137915e-10
9030.00 2.079360e-10
9040.00 2.287521e-10
9050.00 2.156238e-10
9060.00 2.275745e-10
9070.00 2.262280e-10
9080.00 2.401401e-10
9090.00 2.520458e-10
9100.00 2.571435e-10
9110.00 2.528015e-10
9120.00 2.539100e-10
9130.00 2.628304e-10
9140.00 2.639774e-10
9150.00 2.665347e-10
9160.00 2.878978e-10
9170.00 2.901454e-10
9180.00 2.995642e-10
9190.00 2.958403e-10
9200.00 3.108306e-10
9210.00 2.883271e-10
9220.00 2.824503e-10
9230.00 2.673590e-10
9240.00 2.853272e-10
9250.00 2.978436e-10
9260.00 2.853165e-10
9270.00 2.836367e-10
9280.00 2.740271e-10
9290.00 2.671288e-10
9300.00 2.648154e-10
9310.00 2.598138e-10
9320.00 2.687054e-10
9330.00 2.708236e-10
9340.00 2.747212e-10
9350.00 2.760539e-10
9360.00 2.964772e-10
9370.00 3.063255e-10
9380.00 3.187683e-10
9390.00 3.125062e-10
9400.00 3.055195e-10
9410.00 3.104661e-10
9420.00 3.233615e-10
9430.00 3.169981e-10
9440.00 3.272038e-10
9450.00 3.040752e-10
9460.00 3.274435e-10
9470.00 3.194368e-10
9480.00 3.300158e-10
9490.00 3.365724e-10
9500.00 3.251000e-10
9510.00 3.582196e-10
9520.00 3.530866e-10
9530.00 3.209277e-10
9540.00 3.183688e-10
9550.00 3.240031e-10
9560.00 2.934024e-10
9570.00 2.813025e-10
9580.00 2.842366e-10
9590.00 2.783441e-10
9600.00 2.695752e-10
9610.00 2.706287e-10
9620.00 2.691929e-10
9630.00 2.533666e-10
9640.00 2.832898e-10
9650.00 2.748579e-10
9660.00 2.618074e-10
9670.00 2.516814e-10
9680.00 2.510249e-10
9690.00 3.040733e-10
9700.00 2.508622e-10
9710.00 2.688369e-10
9720.00 2.844054e-10
9730.00 2.664300e-10
9740.00 2.436824e-10
9750.00 2.053342e-10
9760.00 2.399357e-10
9770.00 2.178833e-10
9780.00 2.520281e-10
9790.00 2.213452e-10
9800.00 2.281853e-10
9810.00 2.678557e-10
9820.00 2.688499e-10
9830.00 2.031961e-10
9840.00 2.500440e-10
9850.00 3.093239e-10
9860.00 2.549218e-10
9870.00 2.610937e-10
9880.00 2.183644e-10
9890.00 2.452806e-10
9900.00 2.361791e-10
9910.00 2.285312e-10
9920.00 2.208621e-10
9930.00 2.131718e-10
9940.00 2.126912e-10
9950.00 2.122089e-10
9960.00 2.117253e-10
9970.00 2.112418e-10
9980.00 2.107570e-10
9990.00 2.102708e-10
10000.00 2.097848e-10
10010.00 2.092973e-10
10020.00 2.088086e-10
10030.00 2.083202e-10
10040.00 2.078303e-10
10050.00 2.073393e-10
10060.00 2.068485e-10
10070.00 2.063564e-10
10080.00 2.058631e-10
10090.00 2.053701e-10
10100.00 2.048757e-10
10110.00 2.043804e-10
10120.00 2.038853e-10
10130.00 2.033888e-10
10140.00 2.028915e-10
10150.00 2.023943e-10
10160.00 2.018959e-10
10170.00 2.013967e-10
10180.00 2.008977e-10
10190.00 2.003975e-10
10200.00 1.998965e-10
10210.00 1.993957e-10
10220.00 1.988937e-10
10230.00 1.983911e-10
10240.00 1.978886e-10
10250.00 1.973850e-10
10260.00 1.968810e-10
10270.00 1.963769e-10
10280.00 1.958718e-10
10290.00 1.953664e-10
10300.00 1.948608e-10
10310.00 1.943543e-10
10320.00 1.938475e-10
10330.00 1.933407e-10
10340.00 1.928329e-10
10350.00 1.923249e-10
10360.00 1.918168e-10
10370.00 1.913078e-10
10380.00 1.907987e-10
10390.00 1.902896e-10
10400.00 1.897795e-10
10410.00 1.892694e-10
10420.00 1.887593e-10
10430.00 1.882482e-10
10440.00 1.877372e-10
10450.00 1.872261e-10
10460.00 1.867142e-10
10470.00 1.862025e-10
10480.00 1.856906e-10
10490.00 1.851780e-10
10500.00 1.846655e-10
10510.00 1.841530e-10
10520.00 1.836396e-10
10530.00 1.831267e-10
10540.00 1.826135e-10
10550.00 1.820996e-10
10560.00 1.815861e-10
10570.00 1.810724e-10
10580.00 1.805580e-10
10590.00 1.800443e-10
10600.00 1.795302e-10
10610.00 1.790154e-10
10620.00 1.785013e-10
10630.00 1.779870e-10
10640.00 1.774719e-10
10650.00 1.769576e-10
10660.00 1.764430e-10
10670.00 1.759279e-10
10680.00 1.754135e-10
10690.00 1.748988e-10
10700.00 1.743836e-10
10710.00 1.738691e-10
10720.00 1.733545e-10
10730.00 1.728393e-10
10740.00 1.723250e-10
10750.00 1.718103e-10
10760.00 1.712952e-10
10770.00 1.707811e-10
10780.00 1.702666e-10
10790.00 1.697517e-10
10800.00 1.692379e-10
10810.00 1.687237e-10
10820.00 1.682090e-10
10830.00 1.676956e-10
10840.00 1.671817e-10
10850.00 1.666675e-10
10860.00 1.661544e-10
10870.00 1.656410e-10
10880.00 1.651273e-10
10890.00 1.646147e-10
10900.00 1.641018e-10
10910.00 1.635887e-10
10920.00 1.630767e-10
10930.00 1.625644e-10
10940.00 1.620519e-10
10950.00 1.615406e-10
10960.00 1.610289e-10
10970.00 1.605173e-10
10980.00 1.600067e-10
10990.00 1.594958e-10
11000.00 1.589850e-10
11010.00 1.584752e-10
11020.00 1.579651e-10
11030.00 1.574553e-10
11040.00 1.569463e-10
11050.00 1.564372e-10
11060.00 1.559283e-10
11070.00 1.554204e-10
11080.00 1.549123e-10
11090.00 1.544045e-10
11100.00 1.538976e-10
11110.00 1.533905e-10
11120.00 1.528838e-10
11130.00 1.523780e-10
11140.00 1.518722e-10
11150.00 1.513667e-10
11160.00 1.508621e-10
11170.00 1.503574e-10
11180.00 1.498533e-10
11190.00 1.493500e-10
11200.00 1.488466e-10
11210.00 1.483439e-10
11220.00 1.478419e-10
11230.00 1.473399e-10
11240.00 1.468386e-10
11250.00 1.463379e-10
11260.00 1.458374e-10
11270.00 1.453376e-10
11280.00 1.448384e-10
11290.00 1.443394e-10
11300.00 1.438411e-10
11310.00 1.433435e-10
11320.00 1.428460e-10
11330.00 1.423494e-10
11340.00 1.418534e-10
11350.00 1.413576e-10
11360.00 1.408626e-10
11370.00 1.403683e-10
11380.00 1.398742e-10
11390.00 1.393810e-10
11400.00 1.388884e-10
11410.00 1.383960e-10
11420.00 1.379047e-10
11430.00 1.374138e-10
11440.00 1.369233e-10
11450.00 1.364338e-10
11460.00 1.359449e-10
11470.00 1.354562e-10
11480.00 1.349686e-10
11490.00 1.344817e-10
11500.00 1.339949e-10
11510.00 1.335093e-10
11520.00 1.330243e-10
11530.00 1.325395e-10
11540.00 1.320560e-10
11550.00 1.315730e-10
11560.00 1.310903e-10
11570.00 1.306089e-10
11580.00 1.301279e-10
11590.00 1.296473e-10
11600.00 1.291681e-10
11610.00 1.286893e-10
11620.00 1.282108e-10
11630.00 1.277338e-10
11640.00 1.272571e-10
11650.00 1.267809e-10
11660.00 1.263061e-10
11670.00 1.258318e-10
11680.00 1.253577e-10
11690.00 1.248852e-10
11700.00 1.244132e-10
11710.00 1.239415e-10
11720.00 1.234713e-10
11730.00 1.230015e-10
11740.00 1.225323e-10
11750.00 1.220645e-10
11760.00 1.215971e-10
11770.00 1.211303e-10
11780.00 1.206649e-10
11790.00 1.201999e-10
11800.00 1.197356e-10
11810.00 1.192726e-10
11820.00 1.188101e-10
11830.00 1.183483e-10
11840.00 1.178878e-10
11850.00 1.174278e-10
11860.00 1.169686e-10
11870.00 1.165106e-10
11880.00 1.160532e-10
11890.00 1.155965e-10
11900.00 1.151412e-10
11910.00 1.146864e-10
11920.00 1.142323e-10
11930.00 1.137796e-10
11940.00 1.133274e-10
11950.00 1.128760e-10
11960.00 1.124259e-10
11970.00 1.119764e-10
11980.00 1.115277e-10
11990.00 1.110804e-10
12000.00 1.106335e-10
12010.00 1.101876e-10
12020.00 1.097429e-10
12030.00 1.092989e-10
12040.00 1.088558e-10
12050.00 1.084139e-10
12060.00 1.079725e-10
12070.00 1.075322e-10
12080.00 1.070931e-10
12090.00 1.066546e-10
12100.00 1.062172e-10
12110.00 1.057809e-10
12120.00 1.053452e-10
12130.00 1.049106e-10
12140.00 1.044772e-10
12150.00 1.040444e-10
12160.00 1.036127e-10
12170.00 1.031821e-10
12180.00 1.027522e-10
12190.00 1.023235e-10
12200.00 1.018958e-10
12210.00 1.014688e-10
12220.00 1.010431e-10
12230.00 1.006183e-10
12240.00 1.001943e-10
12250.00 9.977151e-11
12260.00 9.934981e-11
12270.00 9.892874e-11
12280.00 9.850897e-11
12290.00 9.809020e-11
12300.00 9.767212e-11
12310.00 9.725540e-11
12320.00 9.683969e-11
12330.00 9.642466e-11
12340.00 9.601094e-11
12350.00 9.559828e-11
12360.00 9.518624e-11
12370.00 9.477564e-11
12380.00 9.436597e-11
12390.00 9.395705e-11
12400.00 9.354957e-11
12410.00 9.314302e-11
12420.00 9.273715e-11
12430.00 9.233279e-11
12440.00 9.192929e-11
12450.00 9.152661e-11
12460.00 9.112535e-11
12470.00 9.072498e-11
12480.00 9.032541e-11
12490.00 8.992728e-11
12500.00 8.953008e-11
12510.00 8.913363e-11
12520.00 8.873867e-11
12530.00 8.834459e-11
12540.00 8.795126e-11
12550.00 8.755955e-11
12560.00 8.716864e-11
12570.00 8.677849e-11
12580.00 8.638996e-11
12590.00 8.600224e-11
12600.00 8.561526e-11
12610.00 8.522997e-11
12620.00 8.484543e-11
12630.00 8.446170e-11
12640.00 8.407959e-11
12650.00 8.369822e-11
12660.00 8.331773e-11
12670.00 8.293880e-11
12680.00 8.256068e-11
12690.00 8.218349e-11
12700.00 8.180774e-11
12710.00 8.143286e-11
12720.00 8.105886e-11
12730.00 8.068641e-11
12740.00 8.031477e-11
12750.00 7.994401e-11
12760.00 7.957480e-11
12770.00 7.920641e-11
12780.00 7.883895e-11
12790.00 7.847298e-11
12800.00 7.810777e-11
12810.00 7.774367e-11
12820.00 7.738089e-11
12830.00 7.701898e-11
12840.00 7.665813e-11
12850.00 7.629865e-11
12860.00 7.594004e-11
12870.00 7.558249e-11
12880.00 7.522625e-11
12890.00 7.487089e-11
12900.00 7.451658e-11
12910.00 7.416365e-11
12920.00 7.381153e-11
12930.00 7.346059e-11
12940.00 7.311090e-11
12950.00 7.276208e-11
12960.00 7.241438e-11
12970.00 7.206799e-11
12980.00 7.172248e-11
12990.00 7.137809e-11
13000.00 7.103494e-11
13010.00 7.069273e-11
13020.00 7.035164e-11
13030.00 7.001186e-11
13040.00 6.967283e-11
13050.00 6.933511e-11
13060.00 6.899851e-11
13070.00 6.866285e-11
13080.00 6.832843e-11
13090.00 6.799513e-11
13100.00 6.766277e-11
13110.00 6.733160e-11
13120.00 6.700161e-11
13130.00 6.667249e-11
13140.00 6.634462e-11
13150.00 6.601793e-11
13160.00 6.569206e-11
13170.00 6.536755e-11
13180.00 6.504405e-11
13190.00 6.472154e-11
13200.00 6.440027e-11
13210.00 6.408007e-11
13220.00 6.376080e-11
13230.00 6.344284e-11
13240.00 6.312595e-11
13250.00 6.280992e-11
13260.00 6.249527e-11
13270.00 6.218162e-11
13280.00 6.186888e-11
13290.00 6.155748e-11
13300.00 6.124709e-11
13310.00 6.093763e-11
13320.00 6.062950e-11
13330.00 6.032237e-11
13340.00 6.001615e-11
13350.00 5.971129e-11
13360.00 5.940741e-11
13370.00 5.910444e-11
13380.00 5.880285e-11
13390.00 5.850221e-11
13400.00 5.820248e-11
13410.00 5.790413e-11
13420.00 5.760673e-11
13430.00 5.731023e-11
13440.00 5.701513e-11
13450.00 5.672095e-11
13460.00 5.642767e-11
13470.00 5.613581e-11
13480.00 5.584485e-11
13490.00 5.555480e-11
13500.00 5.526615e-11
13510.00 5.497840e-11
13520.00 5.469157e-11
13530.00 5.440613e-11
13540.00 5.412157e-11
13550.00 5.383795e-11
13560.00 5.355569e-11
13570.00 5.327432e-11
13580.00 5.299391e-11
13590.00 5.271483e-11
13600.00 5.243663e-11
13610.00 5.215941e-11
13620.00 5.188349e-11
13630.00 5.160846e-11
13640.00 5.133442e-11
13650.00 5.106165e-11
13660.00 5.078978e-11
13670.00 5.051891e-11
13680.00 5.024928e-11
13690.00 4.998055e-11
13700.00 4.971282e-11
13710.00 4.944633e-11
13720.00 4.918072e-11
13730.00 4.891613e-11
13740.00 4.865275e-11
13750.00 4.839026e-11
13760.00 4.812879e-11
13770.00 4.786852e-11
13780.00 4.760913e-11
13790.00 4.735078e-11
13800.00 4.709360e-11
13810.00 4.683729e-11
13820.00 4.658203e-11
13830.00 4.632792e-11
13840.00 4.607468e-11
13850.00 4.582251e-11
13860.00 4.557146e-11
13870.00 4.532128e-11
13880.00 4.507216e-11
13890.00 4.482415e-11
13900.00 4.457702e-11
13910.00 4.433095e-11
13920.00 4.408597e-11
13930.00 4.384186e-11
13940.00 4.359883e-11
13950.00 4.335686e-11
13960.00 4.311576e-11
13970.00 4.287574e-11
13980.00 4.263676e-11
13990.00 4.239865e-11
14000.00 4.216164e-11
14010.00 4.192564e-11
14020.00 4.169051e-11
14030.00 4.145646e-11
14040.00 4.122343e-11
14050.00 4.099125e-11
14060.00 4.076018e-11
14070.00 4.053009e-11
14080.00 4.030085e-11
14090.00 4.007272e-11
14100.00 3.984556e-11
14110.00 3.961924e-11
14120.00 3.939404e-11
14130.00 3.916978e-11
14140.00 3.894638e-11
14150.00 3.872408e-11
14160.00 3.850271e-11
14170.00 3.828219e-11
14180.00 3.806278e-11
14190.00 3.784429e-11
14200.00 3.762663e-11
14210.00 3.741009e-11
14220.00 3.719445e-11
14230.00 3.697964e-11
14240.00 3.676596e-11
14250.00 3.655314e-11
14260.00 3.634116e-11
14270.00 3.613030e-11
14280.00 3.592030e-11
14290.00 3.571114e-11
14300.00 3.550309e-11
14310.00 3.529588e-11
14320.00 3.508950e-11
14330.00 3.488425e-11
14340.00 3.467982e-11
14350.00 3.447620e-11
14360.00 3.427371e-11
14370.00 3.407204e-11
14380.00 3.387118e-11
14390.00 3.367144e-11
14400.00 3.347249e-11
14410.00 3.327437e-11
14420.00 3.307735e-11
14430.00 3.288112e-11
14440.00 3.268571e-11
14450.00 3.249138e-11
14460.00 3.229784e-11
14470.00 3.210514e-11
14480.00 3.191348e-11
14490.00 3.172261e-11
14500.00 3.153258e-11
14510.00 3.134358e-11
14520.00 3.115536e-11
14530.00 3.096799e-11
14540.00 3.078161e-11
14550.00 3.059603e-11
14560.00 3.041128e-11
14570.00 3.022753e-11
14580.00 3.004455e-11
14590.00 2.986241e-11
14600.00 2.968125e-11
14610.00 2.950085e-11
14620.00 2.932130e-11
14630.00 2.914271e-11
14640.00 2.896488e-11
14650.00 2.878789e-11
14660.00 2.861185e-11
14670.00 2.843655e-11
14680.00 2.826211e-11
14690.00 2.808859e-11
14700.00 2.791582e-11
14710.00 2.774389e-11
14720.00 2.757288e-11
14730.00 2.740261e-11
14740.00 2.723319e-11
14750.00 2.706465e-11
14760.00 2.689685e-11
14770.00 2.672991e-11
14780.00 2.656383e-11
14790.00 2.639848e-11
14800.00 2.623399e-11
14810.00 2.607034e-11
14820.00 2.590744e-11
14830.00 2.574537e-11
14840.00 2.558414e-11
14850.00 2.542364e-11
14860.00 2.526398e-11
14870.00 2.510515e-11
14880.00 2.494703e-11
14890.00 2.478976e-11
14900.00 2.463330e-11
14910.00 2.447754e-11
14920.00 2.432263e-11
14930.00 2.416851e-11
14940.00 2.401510e-11
14950.00 2.386253e-11
14960.00 2.371073e-11
14970.00 2.355964e-11
14980.00 2.340938e-11
14990.00 2.325988e-11
15000.00 2.311108e-11
15010.00 2.296312e-11
15020.00 2.281591e-11
15030.00 2.266938e-11
15040.00 2.252369e-11
15050.00 2.237873e-11
15060.00 2.223444e-11
15070.00 2.209100e-11
15080.00 2.194828e-11
15090.00 2.180622e-11
15100.00 2.166500e-11
15110.00 2.152449e-11
15120.00 2.138464e-11
15130.00 2.124561e-11
15140.00 2.110729e-11
15150.00 2.096962e-11
15160.00 2.083277e-11
15170.00 2.069660e-11
15180.00 2.056110e-11
15190.00 2.042641e-11
15200.00 2.029239e-11
15210.00 2.015901e-11
15220.00 2.002645e-11
15230.00 1.989455e-11
15240.00 1.976328e-11
15250.00 1.963284e-11
15260.00 1.950303e-11
15270.00 1.937386e-11
15280.00 1.924549e-11
15290.00 1.911775e-11
15300.00 1.899066e-11
15310.00 1.886435e-11
15320.00 1.873867e-11
15330.00 1.861362e-11
15340.00 1.848934e-11
15350.00 1.836568e-11
15360.00 1.824266e-11
15370.00 1.812040e-11
15380.00 1.799874e-11
15390.00 1.787773e-11
15400.00 1.775745e-11
15410.00 1.763778e-11
15420.00 1.751874e-11
15430.00 1.740044e-11
15440.00 1.728272e-11
15450.00 1.716565e-11
15460.00 1.704928e-11
15470.00 1.693351e-11
15480.00 1.681836e-11
15490.00 1.670391e-11
15500.00 1.659005e-11
15510.00 1.647682e-11
15520.00 1.636428e-11
15530.00 1.625231e-11
15540.00 1.614097e-11
15550.00 1.603030e-11
15560.00 1.592020e-11
15570.00 1.581073e-11
15580.00 1.570192e-11
15590.00 1.559366e-11
15600.00 1.548603e-11
15610.00 1.537904e-11
15620.00 1.527262e-11
15630.00 1.516682e-11
15640.00 1.506164e-11
15650.00 1.495702e-11
15660.00 1.485302e-11
15670.00 1.474963e-11
15680.00 1.464679e-11
15690.00 1.454456e-11
15700.00 1.444294e-11
15710.00 1.434186e-11
15720.00 1.424138e-11
15730.00 1.414151e-11
15740.00 1.404217e-11
15750.00 1.394342e-11
15760.00 1.384527e-11
15770.00 1.374764e-11
15780.00 1.365061e-11
15790.00 1.355416e-11
15800.00 1.345822e-11
15810.00 1.336289e-11
15820.00 1.326811e-11
15830.00 1.317385e-11
15840.00 1.308018e-11
15850.00 1.298706e-11
15860.00 1.289445e-11
15870.00 1.280243e-11
15880.00 1.271094e-11
15890.00 1.261996e-11
15900.00 1.252956e-11
15910.00 1.243970e-11
15920.00 1.235032e-11
15930.00 1.226153e-11
15940.00 1.217326e-11
15950.00 1.208548e-11
15960.00 1.199826e-11
15970.00 1.191156e-11
15980.00 1.182534e-11
15990.00 1.173969e-11
16000.00 1.165454e-11
16010.00 1.156987e-11
16020.00 1.148576e-11
16030.00 1.140214e-11
16040.00 1.131899e-11
16050.00 1.123640e-11
16060.00 1.115430e-11
16070.00 1.107265e-11
16080.00 1.099156e-11
16090.00 1.091094e-11
16100.00 1.083078e-11
16110.00 1.075117e-11
16120.00 1.067202e-11
16130.00 1.059332e-11
16140.00 1.051517e-11
16150.00 1.043747e-11
16160.00 1.036022e-11
16170.00 1.028350e-11
16180.00 1.020723e-11
16190.00 1.013140e-11
16200.00 1.005610e-11
16210.00 9.981241e-12
16220.00 9.906820e-12
16230.00 9.832911e-12
16240.00 9.759437e-12
16250.00 9.686400e-12
16260.00 9.613875e-12
16270.00 9.541767e-12
16280.00 9.470101e-12
16290.00 9.398929e-12
16300.00 9.328174e-12
16310.00 9.257849e-12
16320.00 9.188016e-12
16330.00 9.118589e-12
16340.00 9.049592e-12
16350.00 8.981075e-12
16360.00 8.912957e-12
16370.00 8.845276e-12
16380.00 8.778056e-12
16390.00 8.711235e-12
16400.00 8.644837e-12
16410.00 8.578889e-12
16420.00 8.513340e-12
16430.00 8.448215e-12
16440.00 8.383532e-12
16450.00 8.319242e-12
16460.00 8.255363e-12
16470.00 8.191928e-12
16480.00 8.128866e-12
16490.00 8.066222e-12
16500.00 8.004002e-12
16510.00 7.942168e-12
16520.00 7.880734e-12
16530.00 7.819723e-12
16540.00 7.759080e-12
16550.00 7.698843e-12
16560.00 7.639017e-12
16570.00 7.579565e-12
16580.00 7.520506e-12
16590.00 7.461846e-12
16600.00 7.403547e-12
16610.00 7.345654e-12
16620.00 7.288147e-12
16630.00 7.230995e-12
16640.00 7.174237e-12
16650.00 7.117865e-12
16660.00 7.061842e-12
16670.00 7.006211e-12
16680.00 6.950949e-12
16690.00 6.896042e-12
16700.00 6.841515e-12
16710.00 6.787356e-12
16720.00 6.733534e-12
16730.00 6.680098e-12
16740.00 6.627018e-12
16750.00 6.574274e-12
16760.00 6.521911e-12
16770.00 6.469890e-12
16780.00 6.418207e-12
16790.00 6.366903e-12
16800.00 6.315930e-12
16810.00 6.265287e-12
16820.00 6.215016e-12
16830.00 6.165078e-12
16840.00 6.115462e-12
16850.00 6.066209e-12
16860.00 6.017286e-12
16870.00 5.968679e-12
16880.00 5.920432e-12
16890.00 5.872506e-12
16900.00 5.824891e-12
16910.00 5.777633e-12
16920.00 5.730689e-12
16930.00 5.684051e-12
16940.00 5.637764e-12
16950.00 5.591786e-12
16960.00 5.546108e-12
16970.00 5.500778e-12
16980.00 5.455749e-12
16990.00 5.411016e-12
17000.00 5.366627e-12
17010.00 5.322532e-12
17020.00 5.278729e-12
17030.00 5.235264e-12
17040.00 5.192088e-12
17050.00 5.149200e-12
17060.00 5.106644e-12
17070.00 5.064370e-12
17080.00 5.022382e-12
17090.00 4.980718e-12
17100.00 4.939333e-12
17110.00 4.898231e-12
17120.00 4.857444e-12
17130.00 4.816932e-12
17140.00 4.776699e-12
17150.00 4.736775e-12
17160.00 4.697121e-12
17170.00 4.657744e-12
17180.00 4.618668e-12
17190.00 4.579858e-12
17200.00 4.541320e-12
17210.00 4.503078e-12
17220.00 4.465097e-12
17230.00 4.427386e-12
17240.00 4.389963e-12
17250.00 4.352797e-12
17260.00 4.315897e-12
17270.00 4.279279e-12
17280.00 4.242914e-12
17290.00 4.206811e-12
17300.00 4.170984e-12
17310.00 4.135406e-12
17320.00 4.100086e-12
17330.00 4.065036e-12
17340.00 4.030231e-12
17350.00 3.995682e-12
17360.00 3.961396e-12
17370.00 3.927349e-12
17380.00 3.893556e-12
17390.00 3.860020e-12
17400.00 3.826720e-12
17410.00 3.793668e-12
17420.00 3.760869e-12
17430.00 3.728302e-12
17440.00 3.695980e-12
17450.00 3.663904e-12
17460.00 3.632056e-12
17470.00 3.600450e-12
17480.00 3.569085e-12
17490.00 3.537943e-12
17500.00 3.507041e-12
17510.00 3.476374e-12
17520.00 3.445926e-12
17530.00 3.415714e-12
17540.00 3.385732e-12
17550.00 3.355965e-12
17560.00 3.326430e-12
17570.00 3.297120e-12
17580.00 3.268022e-12
17590.00 3.239153e-12
17600.00 3.210504e-12
17610.00 3.182063e-12
17620.00 3.153846e-12
17630.00 3.125845e-12
17640.00 3.098047e-12
17650.00 3.070472e-12
17660.00 3.043107e-12
17670.00 3.015942e-12
17680.00 2.988996e-12
17690.00 2.962254e-12
17700.00 2.935710e-12
17710.00 2.909380e-12
17720.00 2.883252e-12
17730.00 2.857315e-12
17740.00 2.831593e-12
17750.00 2.806064e-12
17760.00 2.780726e-12
17770.00 2.755597e-12
17780.00 2.730658e-12
17790.00 2.705906e-12
17800.00 2.681359e-12
17810.00 2.656999e-12
17820.00 2.632821e-12
17830.00 2.608847e-12
17840.00 2.585054e-12
17850.00 2.561440e-12
17860.00 2.538026e-12
17870.00 2.514790e-12
17880.00 2.491728e-12
17890.00 2.468864e-12
17900.00 2.446174e-12
17910.00 2.423655e-12
17920.00 2.401330e-12
17930.00 2.379174e-12
17940.00 2.357188e-12
17950.00 2.335390e-12
17960.00 2.313759e-12
17970.00 2.292295e-12
17980.00 2.271015e-12
17990.00 2.249899e-12
18000.00 2.228946e-12
18010.00 2.208174e-12
18020.00 2.187561e-12
18030.00 2.167110e-12
18040.00 2.146835e-12
18050.00 2.126717e-12
18060.00 2.106757e-12
18070.00 2.086970e-12
18080.00 2.067336e-12
18090.00 2.047859e-12
18100.00 2.028548e-12
18110.00 2.009389e-12
18120.00 1.990384e-12
18130.00 1.971542e-12
18140.00 1.952848e-12
18150.00 1.934306e-12
18160.00 1.915923e-12
18170.00 1.897684e-12
18180.00 1.879595e-12
18190.00 1.861661e-12
18200.00 1.843870e-12
18210.00 1.826225e-12
18220.00 1.808731e-12
18230.00 1.791376e-12
18240.00 1.774166e-12
18250.00 1.757104e-12
18260.00 1.740178e-12
18270.00 1.723393e-12
18280.00 1.706753e-12
18290.00 1.690247e-12
18300.00 1.673880e-12
18310.00 1.657654e-12
18320.00 1.641558e-12
18330.00 1.625600e-12
18340.00 1.609779e-12
18350.00 1.594086e-12
18360.00 1.578527e-12
18370.00 1.563102e-12
18380.00 1.547803e-12
18390.00 1.532636e-12
18400.00 1.517600e-12
18410.00 1.502687e-12
18420.00 1.487903e-12
18430.00 1.473247e-12
18440.00 1.458711e-12
18450.00 1.444303e-12
18460.00 1.430019e-12
18470.00 1.415852e-12
18480.00 1.401811e-12
18490.00 1.387891e-12
18500.00 1.374087e-12
18510.00 1.360405e-12
18520.00 1.346841e-12
18530.00 1.333391e-12
18540.00 1.320061e-12
18550.00 1.306845e-12
18560.00 1.293741e-12
18570.00 1.280755e-12
18580.00 1.267882e-12
18590.00 1.255116e-12
18600.00 1.242467e-12
18610.00 1.229927e-12
18620.00 1.217493e-12
18630.00 1.205173e-12
18640.00 1.192960e-12
18650.00 1.180850e-12
18660.00 1.168852e-12
18670.00 1.156958e-12
18680.00 1.145165e-12
18690.00 1.133482e-12
18700.00 1.121900e-12
18710.00 1.110418e-12
18720.00 1.099043e-12
18730.00 1.087767e-12
18740.00 1.076588e-12
18750.00 1.065514e-12
18760.00 1.054537e-12
18770.00 1.043654e-12
18780.00 1.032874e-12
18790.00 1.022189e-12
18800.00 1.011596e-12
18810.00 1.001105e-12
18820.00 9.907045e-13
18830.00 9.803951e-13
18840.00 9.701849e-13
18850.00 9.600639e-13
18860.00 9.500326e-13
18870.00 9.400967e-13
18880.00 9.302481e-13
18890.00 9.204874e-13
18900.00 9.108202e-13
18910.00 9.012385e-13
18920.00 8.917421e-13
18930.00 8.823374e-13
18940.00 8.730163e-13
18950.00 8.637786e-13
18960.00 8.546302e-13
18970.00 8.455634e-13
18980.00 8.365789e-13
18990.00 8.276810e-13
19000.00 8.188623e-13
19010.00 8.101247e-13
19020.00 8.014713e-13
19030.00 7.928957e-13
19040.00 7.843994e-13
19050.00 7.759854e-13
19060.00 7.676461e-13
19070.00 7.593854e-13
19080.00 7.512046e-13
19090.00 7.430979e-13
19100.00 7.350666e-13
19110.00 7.271133e-13
19120.00 7.192329e-13
19130.00 7.114261e-13
19140.00 7.036960e-13
19150.00 6.960357e-13
19160.00 6.884489e-13
19170.00 6.809351e-13
19180.00 6.734912e-13
19190.00 6.661183e-13
19200.00 6.588165e-13
19210.00 6.515826e-13
19220.00 6.444186e-13
19230.00 6.373244e-13
19240.00 6.302956e-13
19250.00 6.233353e-13
19260.00 6.164430e-13
19270.00 6.096150e-13
19280.00 6.028538e-13
19290.00 5.961584e-13
19300.00 5.895259e-13
19310.00 5.829589e-13
19320.00 5.764560e-13
19330.00 5.700142e-13
19340.00 5.636366e-13
19350.00 5.573213e-13
19360.00 5.510658e-13
19370.00 5.448729e-13
19380.00 5.387406e-13
19390.00 5.326668e-13
19400.00 5.266541e-13
19410.00 5.207004e-13
19420.00 5.148036e-13
19430.00 5.089666e-13
19440.00 5.031871e-13
19450.00 4.974630e-13
19460.00 4.917975e-13
19470.00 4.861877e-13
19480.00 4.806321e-13
19490.00 4.751337e-13
19500.00 4.696894e-13
19510.00 4.642981e-13
19520.00 4.589625e-13
19530.00 4.536797e-13
19540.00 4.484484e-13
19550.00 4.432717e-13
19560.00 4.381462e-13
19570.00 4.330709e-13
19580.00 4.280490e-13
19590.00 4.230768e-13
19600.00 4.181537e-13
19610.00 4.132825e-13
19620.00 4.084598e-13
19630.00 4.036849e-13
19640.00 3.989607e-13
19650.00 3.942836e-13
19660.00 3.896531e-13
19670.00 3.850721e-13
19680.00 3.805369e-13
19690.00 3.760470e-13
19700.00 3.716056e-13
19710.00 3.672086e-13
19720.00 3.628559e-13
19730.00 3.585502e-13
19740.00 3.542878e-13
19750.00 3.500687e-13
19760.00 3.458952e-13
19770.00 3.417639e-13
19780.00 3.376748e-13
19790.00 3.336301e-13
19800.00 3.296265e-13
19810.00 3.256642e-13
19820.00 3.217448e-13
19830.00 3.178655e-13
19840.00 3.140264e-13
19850.00 3.102291e-13
19860.00 3.064708e-13
19870.00 3.027519e-13
19880.00 2.990734e-13
19890.00 2.954329e-13
19900.00 2.918307e-13
19910.00 2.882679e-13
19920.00 2.847420e-13
19930.00 2.812536e-13
19940.00 2.778033e-13
19950.00 2.743890e-13
19960.00 2.710112e-13
19970.00 2.676705e-13
19980.00 2.643648e-13
19990.00 2.610945e-13
20000.00 2.578603e-13
20010.00 2.546602e-13
20020.00 2.514948e-13
20030.00 2.483642e-13
20040.00 2.452668e-13
20050.00 2.422032e-13
20060.00 2.391735e-13
20070.00 2.361759e-13
20080.00 2.332114e-13
20090.00 2.302797e-13
20100.00 2.273794e-13
20110.00 2.245111e-13
20120.00 2.216748e-13
20130.00 2.188689e-13
20140.00 2.160943e-13
20150.00 2.133506e-13
20160.00 2.106366e-13
20170.00 2.079530e-13
20180.00 2.052994e-13
20190.00 2.026747e-13
20200.00 2.000796e-13
20210.00 1.975135e-13
20220.00 1.949755e-13
20230.00 1.924665e-13
20240.00 1.899855e-13
20250.00 1.875318e-13
20260.00 1.851063e-13
20270.00 1.827080e-13
20280.00 1.803362e-13
20290.00 1.779919e-13
20300.00 1.756740e-13
20310.00 1.733818e-13
20320.00 1.711162e-13
20330.00 1.688764e-13
20340.00 1.666615e-13
20350.00 1.644725e-13
20360.00 1.623084e-13
20370.00 1.601686e-13
20380.00 1.580540e-13
20390.00 1.559635e-13
20400.00 1.538967e-13
20410.00 1.518542e-13
20420.00 1.498352e-13
20430.00 1.478391e-13
20440.00 1.458667e-13
20450.00 1.439171e-13
20460.00 1.419897e-13
20470.00 1.400854e-13
20480.00 1.382031e-13
20490.00 1.363423e-13
20500.00 1.345041e-13
20510.00 1.326871e-13
20520.00 1.308910e-13
20530.00 1.291169e-13
20540.00 1.273633e-13
20550.00 1.256301e-13
20560.00 1.239180e-13
20570.00 1.222260e-13
20580.00 1.205536e-13
20590.00 1.189019e-13
20600.00 1.172695e-13
20610.00 1.156563e-13
20620.00 1.140630e-13
20630.00 1.124885e-13
20640.00 1.109325e-13
20650.00 1.093959e-13
20660.00 1.078775e-13
20670.00 1.063772e-13
20680.00 1.048956e-13
20690.00 1.034315e-13
20700.00 1.019851e-13
20710.00 1.005567e-13
20720.00 9.914545e-14
20730.00 9.775123e-14
20740.00 9.637447e-14
20750.00 9.501430e-14
20760.00 9.367070e-14
20770.00 9.234401e-14
20780.00 9.103333e-14
20790.00 8.973874e-14
20800.00 8.846061e-14
20810.00 8.719795e-14
20820.00 8.595086e-14
20830.00 8.471962e-14
20840.00 8.350346e-14
20850.00 8.230245e-14
20860.00 8.111671e-14
20870.00 7.994550e-14
20880.00 7.878901e-14
20890.00 7.764735e-14
20900.00 7.651978e-14
20910.00 7.540649e-14
20920.00 7.430748e-14
20930.00 7.322206e-14
20940.00 7.215054e-14
20950.00 7.109280e-14
20960.00 7.004833e-14
20970.00 6.901721e-14
20980.00 6.799944e-14
20990.00 6.699444e-14
21000.00 6.600253e-14
21010.00 6.502341e-14
21020.00 6.405669e-14
21030.00 6.310263e-14
21040.00 6.216089e-14
21050.00 6.123122e-14
21060.00 6.031373e-14
21070.00 5.940824e-14
21080.00 5.851437e-14
21090.00 5.763230e-14
21100.00 5.676182e-14
21110.00 5.590258e-14
21120.00 5.505476e-14
21130.00 5.421813e-14
21140.00 5.339236e-14
21150.00 5.257766e-14
21160.00 5.177376e-14
21170.00 5.098036e-14
21180.00 5.019766e-14
21190.00 4.942539e-14
21200.00 4.866328e-14
21210.00 4.791152e-14
21220.00 4.716981e-14
21230.00 4.643792e-14
21240.00 4.571605e-14
21250.00 4.500389e-14
21260.00 4.430120e-14
21270.00 4.360821e-14
21280.00 4.292456e-14
21290.00 4.225008e-14
21300.00 4.158498e-14
21310.00 4.092889e-14
21320.00 4.028166e-14
21330.00 3.964348e-14
21340.00 3.901400e-14
21350.00 3.839306e-14
21360.00 3.778088e-14
21370.00 3.717708e-14
21380.00 3.658153e-14
21390.00 3.599445e-14
21400.00 3.541544e-14
21410.00 3.484440e-14
21420.00 3.428152e-14
21430.00 3.372644e-14
21440.00 3.317903e-14
21450.00 3.263952e-14
21460.00 3.210751e-14
21470.00 3.158292e-14
21480.00 3.106594e-14
21490.00 3.055619e-14
21500.00 3.005360e-14
21510.00 2.955833e-14
21520.00 2.907005e-14
21530.00 2.858868e-14
21540.00 2.811436e-14
21550.00 2.764677e-14
21560.00 2.718585e-14
21570.00 2.673171e-14
21580.00 2.628407e-14
21590.00 2.584286e-14
21600.00 2.540819e-14
21610.00 2.497975e-14
21620.00 2.455754e-14
21630.00 2.414161e-14
21640.00 2.373169e-14
21650.00 2.332777e-14
21660.00 2.292989e-14
21670.00 2.253781e-14
21680.00 2.215152e-14
21690.00 2.177102e-14
21700.00 2.139612e-14
21710.00 2.102678e-14
21720.00 2.066303e-14
21730.00 2.030466e-14
21740.00 1.995165e-14
21750.00 1.960401e-14
21760.00 1.926155e-14
21770.00 1.892425e-14
21780.00 1.859211e-14
21790.00 1.826496e-14
21800.00 1.794279e-14
21810.00 1.762556e-14
21820.00 1.731314e-14
21830.00 1.700550e-14
21840.00 1.670263e-14
21850.00 1.640436e-14
21860.00 1.611070e-14
21870.00 1.582162e-14
21880.00 1.553698e-14
21890.00 1.525676e-14
21900.00 1.498094e-14
21910.00 1.470937e-14
21920.00 1.444208e-14
21930.00 1.417900e-14
21940.00 1.392001e-14
21950.00 1.366512e-14
21960.00 1.341429e-14
21970.00 1.316738e-14
21980.00 1.292441e-14
21990.00 1.268533e-14
22000.00 1.245002e-14
22010.00 1.221851e-14
22020.00 1.199071e-14
22030.00 1.176653e-14
22040.00 1.154601e-14
22050.00 1.132905e-14
22060.00 1.111557e-14
22070.00 1.090558e-14
22080.00 1.069902e-14
22090.00 1.049579e-14
22100.00 1.029593e-14
22110.00 1.009933e-14
22120.00 9.905947e-15
22130.00 9.715790e-15
22140.00 9.528762e-15
22150.00 9.344813e-15
22160.00 9.163951e-15
22170.00 8.986094e-15
22180.00 8.811186e-15
22190.00 8.639239e-15
22200.00 8.470179e-15
22210.00 8.303930e-15
22220.00 8.140531e-15
22230.00 7.979887e-15
22240.00 7.821949e-15
22250.00 7.666729e-15
22260.00 7.514147e-15
22270.00 7.364158e-15
22280.00 7.216781e-15
22290.00 7.071916e-15
22300.00 6.929540e-15
22310.00 6.789657e-15
22320.00 6.652193e-15
22330.00 6.517092e-15
22340.00 6.384391e-15
22350.00 6.253997e-15
22360.00 6.125868e-15
22370.00 6.000031e-15
22380.00 5.876396e-15
22390.00 5.754935e-15
22400.00 5.635661e-15
22410.00 5.518492e-15
22420.00 5.403403e-15
22430.00 5.290403e-15
22440.00 5.179415e-15
22450.00 5.070416e-15
22460.00 4.963409e-15
22470.00 4.858325e-15
22480.00 4.755143e-15
22490.00 4.653862e-15
22500.00 4.554417e-15
22510.00 4.456789e-15
22520.00 4.360975e-15
22530.00 4.266913e-15
22540.00 4.174586e-15
22550.00 4.083989e-15
22560.00 3.995064e-15
22570.00 3.907797e-15
22580.00 3.822177e-15
22590.00 3.738153e-15
22600.00 3.655709e-15
22610.00 3.574836e-15
22620.00 3.495484e-15
22630.00 3.417640e-15
22640.00 3.341291e-15
22650.00 3.266393e-15
22660.00 3.192931e-15
22670.00 3.120893e-15
22680.00 3.050236e-15
22690.00 2.980950e-15
22700.00 2.913019e-15
22710.00 2.846401e-15
22720.00 2.781090e-15
22730.00 2.717067e-15
22740.00 2.654295e-15
22750.00 2.592767e-15
22760.00 2.532462e-15
22770.00 2.473349e-15
22780.00 2.415418e-15
22790.00 2.358652e-15
22800.00 2.303018e-15
22810.00 2.248508e-15
22820.00 2.195104e-15
22830.00 2.142776e-15
22840.00 2.091518e-15
22850.00 2.041309e-15
22860.00 1.992122e-15
22870.00 1.943952e-15
22880.00 1.896778e-15
22890.00 1.850574e-15
22900.00 1.805336e-15
22910.00 1.761041e-15
22920.00 1.717669e-15
22930.00 1.675213e-15
22940.00 1.633651e-15
22950.00 1.592964e-15
22960.00 1.553145e-15
22970.00 1.514175e-15
22980.00 1.476034e-15
22990.00 1.438716e-15
23000.00 1.402201e-15
23010.00 1.366471e-15
23020.00 1.331523e-15
23030.00 1.297334e-15
23040.00 1.263889e-15
23050.00 1.231183e-15
23060.00 1.199197e-15
23070.00 1.167913e-15
23080.00 1.137329e-15
23090.00 1.107425e-15
23100.00 1.078187e-15
23110.00 1.049611e-15
23120.00 1.021676e-15
23130.00 9.943710e-16
23140.00 9.676905e-16
23150.00 9.416173e-16
23160.00 9.161383e-16
23170.00 8.912496e-16
23180.00 8.669333e-16
23190.00 8.431780e-16
23200.00 8.199808e-16
23210.00 7.973228e-16
23220.00 7.751942e-16
23230.00 7.535911e-16
23240.00 7.324974e-16
23250.00 7.119024e-16
23260.00 6.918031e-16
23270.00 6.721826e-16
23280.00 6.530334e-16
23290.00 6.343493e-16
23300.00 6.161172e-16
23310.00 5.983279e-16
23320.00 5.809770e-16
23330.00 5.640507e-16
23340.00 5.475413e-16
23350.00 5.314440e-16
23360.00 5.157458e-16
23370.00 5.004396e-16
23380.00 4.855204e-16
23390.00 4.709762e-16
23400.00 4.568002e-16
23410.00 4.429872e-16
23420.00 4.295264e-16
23430.00 4.164112e-16
23440.00 4.036364e-16
23450.00 3.911917e-16
23460.00 3.790713e-16
23470.00 3.672697e-16
23480.00 3.557776e-16
23490.00 3.445892e-16
23500.00 3.336993e-16
23510.00 3.230991e-16
23520.00 3.127833e-16
23530.00 3.027466e-16
23540.00 2.929809e-16
23550.00 2.834812e-16
23560.00 2.742423e-16
23570.00 2.652567e-16
23580.00 2.565195e-16
23590.00 2.480257e-16
23600.00 2.397685e-16
23610.00 2.317432e-16
23620.00 2.239448e-16
23630.00 2.163670e-16
23640.00 2.090055e-16
23650.00 2.018555e-16
23660.00 1.949109e-16
23670.00 1.881678e-16
23680.00 1.816214e-16
23690.00 1.752662e-16
23700.00 1.690986e-16
23710.00 1.631138e-16
23720.00 1.573067e-16
23730.00 1.516738e-16
23740.00 1.462108e-16
23750.00 1.409128e-16
23760.00 1.357766e-16
23770.00 1.307977e-16
23780.00 1.259720e-16
23790.00 1.212961e-16
23800.00 1.167661e-16
23810.00 1.123779e-16
23820.00 1.081284e-16
23830.00 1.040138e-16
23840.00 1.000304e-16
23850.00 9.617534e-17
23860.00 9.244494e-17
23870.00 8.883556e-17
23880.00 8.534469e-17
23890.00 8.196884e-17
23900.00 7.870472e-17
23910.00 7.554976e-17
23920.00 7.250073e-17
23930.00 6.955463e-17
23940.00 6.670902e-17
23950.00 6.396087e-17
23960.00 6.130729e-17
23970.00 5.874615e-17
23980.00 5.627446e-17
23990.00 5.388961e-17
24000.00 5.158955e-17
24010.00 4.937151e-17
24020.00 4.723306e-17
24030.00 4.517227e-17
24040.00 4.318653e-17
24050.00 4.127361e-17
24060.00 3.943169e-17
24070.00 3.765833e-17
24080.00 3.595144e-17
24090.00 3.430935e-17
24100.00 3.272977e-17
24110.00 3.121077e-17
24120.00 2.975077e-17
24130.00 2.834763e-17
24140.00 2.699961e-17
24150.00 2.570518e-17
24160.00 2.446239e-17
24170.00 2.326961e-17
24180.00 2.212541e-17
24190.00 2.102799e-17
24200.00 1.997586e-17
24210.00 1.896765e-17
24220.00 1.800174e-17
24230.00 1.707672e-17
24240.00 1.619132e-17
24250.00 1.534405e-17
24260.00 1.453362e-17
24270.00 1.375884e-17
24280.00 1.301834e-17
24290.00 1.231093e-17
24300.00 1.163551e-17
24310.00 1.099081e-17
24320.00 1.037577e-17
24330.00 9.789332e-18
24340.00 9.230367e-18
24350.00 8.697868e-18
24360.00 8.190880e-18
24370.00 7.708369e-18
24380.00 7.249412e-18
24390.00 6.813130e-18
24400.00 6.398574e-18
24410.00 6.004911e-18
24420.00 5.631318e-18
24430.00 5.276948e-18
24440.00 4.941033e-18
24450.00 4.622821e-18
24460.00 4.321546e-18
24470.00 4.036507e-18
24480.00 3.767018e-18
24490.00 3.512384e-18
24500.00 3.271974e-18
24510.00 3.045159e-18
24520.00 2.831316e-18
24530.00 2.629872e-18
24540.00 2.440258e-18
24550.00 2.261913e-18
24560.00 2.094319e-18
24570.00 1.936965e-18
24580.00 1.789348e-18
24590.00 1.651002e-18
24600.00 1.521465e-18
24610.00 1.400292e-18
24620.00 1.287064e-18
24630.00 1.181368e-18
24640.00 1.082808e-18
24650.00 9.910106e-19
24660.00 9.056082e-19
24670.00 8.262496e-19
24680.00 7.526036e-19
24690.00 6.843454e-19
24700.00 6.211655e-19
24710.00 5.627710e-19
24720.00 5.088768e-19
24730.00 4.592105e-19
24740.00 4.135161e-19
24750.00 3.715441e-19
24760.00 3.330570e-19
24770.00 2.978319e-19
24780.00 2.656519e-19
24790.00 2.363119e-19
24800.00 2.096188e-19
24810.00 1.853860e-19
24820.00 1.634374e-19
24830.00 1.436072e-19
24840.00 1.257364e-19
24850.00 1.096751e-19
24860.00 9.528263e-20
24870.00 8.242458e-20
24880.00 7.097478e-20
24890.00 6.081522e-20
24900.00 5.183364e-20
24910.00 4.392528e-20
24920.00 3.699222e-20
24930.00 3.094224e-20
24940.00 2.568949e-20
24950.00 2.115416e-20
24960.00 1.726163e-20
24970.00 1.394288e-20
24980.00 1.113408e-20
24990.00 8.776111e-21
25000.00 6.814682e-21
