1000.00 2.199704e-18
1010.00 4.744880e-18
1020.00 8.872321e-18
1030.00 1.515303e-17
1040.00 2.420883e-17
1050.00 3.675603e-17
1060.00 5.378393e-17
1070.00 7.602657e-17
1080.00 1.050800e-16
1090.00 1.417585e-16
1100.00 1.878914e-16
1110.00 2.450956e-16
1120.00 3.147830e-16
1130.00 4.003276e-16
1140.00 5.021865e-16
1150.00 6.253766e-16
1160.00 7.706917e-16
1170.00 9.424247e-16
1180.00 1.144756e-15
1190.00 1.378610e-15
1200.00 1.654636e-15
1210.00 1.969845e-15
1220.00 2.336851e-15
1230.00 2.756177e-15
1240.00 3.235095e-15
1250.00 3.785087e-15
1260.00 4.401241e-15
1270.00 5.113648e-15
1280.00 5.907334e-15
1290.00 6.808984e-15
1300.00 7.820596e-15
1310.00 8.949535e-15
1320.00 1.022666e-14
1330.00 1.163136e-14
1340.00 1.322483e-14
1350.00 1.497615e-14
1360.00 1.692967e-14
1370.00 1.909655e-14
1380.00 2.147269e-14
1390.00 2.413499e-14
1400.00 2.702493e-14
1410.00 3.025395e-14
1420.00 3.377157e-14
1430.00 3.763814e-14
1440.00 4.189474e-14
1450.00 4.649658e-14
1460.00 5.161926e-14
1470.00 5.712468e-14
1480.00 6.319839e-14
1490.00 6.977551e-14
1500.00 7.691636e-14
1510.00 8.473695e-14
1520.00 9.309121e-14
1530.00 1.023491e-13
1540.00 1.122202e-13
1550.00 1.229909e-13
1560.00 1.346064e-13
1570.00 1.470831e-13
1580.00 1.606982e-13
1590.00 1.751439e-13
1600.00 1.909919e-13
1610.00 2.078355e-13
1620.00 2.260349e-13
1630.00 2.456066e-13
1640.00 2.664300e-13
1650.00 2.890965e-13
1660.00 3.130098e-13
1670.00 3.390068e-13
1680.00 3.665779e-13
1690.00 3.961054e-13
1700.00 4.277987e-13
1710.00 4.612308e-13
1720.00 4.975585e-13
1730.00 5.357003e-13
1740.00 5.768216e-13
1750.00 6.203715e-13
1760.00 6.666364e-13
1770.00 7.162316e-13
1780.00 7.681393e-13
1790.00 8.244759e-13
1800.00 8.833804e-13
1810.00 9.463992e-13
1820.00 1.013084e-12
1830.00 1.083397e-12
1840.00 1.158714e-12
1850.00 1.237245e-12
1860.00 1.321850e-12
1870.00 1.410269e-12
1880.00 1.504187e-12
1890.00 1.603525e-12
1900.00 1.707545e-12
1910.00 1.818919e-12
1920.00 1.934657e-12
1930.00 2.058485e-12
1940.00 2.187882e-12
1950.00 2.324404e-12
1960.00 2.468787e-12
1970.00 2.618993e-12
1980.00 2.779797e-12
1990.00 2.946403e-12
2000.00 3.123490e-12
2010.00 3.308568e-12
2020.00 3.502603e-12
2030.00 3.707839e-12
2040.00 3.920041e-12
2050.00 4.147237e-12
2060.00 4.381987e-12
2070.00 4.629963e-12
2080.00 4.889224e-12
2090.00 5.159399e-12
2100.00 5.445262e-12
2110.00 5.740076e-12
2120.00 6.053808e-12
2130.00 6.378156e-12
2140.00 6.718758e-12
2150.00 7.075046e-12
2160.00 7.444214e-12
2170.00 7.835004e-12
2180.00 8.237078e-12
2190.00 8.662475e-12
2200.00 9.102573e-12
2210.00 9.562129e-12
2220.00 1.004316e-11
2230.00 1.053885e-11
2240.00 1.106388e-11
2250.00 1.160290e-11
2260.00 1.217002e-11
2270.00 1.275720e-11
2280.00 1.336704e-11
2290.00 1.400585e-11
2300.00 1.466066e-11
2310.00 1.535472e-11
2320.00 1.606580e-11
2330.00 1.680994e-11
2340.00 1.758112e-11
2350.00 1.837785e-11
2360.00 1.921316e-11
2370.00 2.006769e-11
2380.00 2.096866e-11
2390.00 2.189265e-11
2400.00 2.285461e-11
2410.00 2.385247e-11
2420.00 2.487818e-11
2430.00 2.595455e-11
2440.00 2.705361e-11
2450.00 2.820648e-11
2460.00 2.939005e-11
2470.00 3.061609e-11
2480.00 3.188917e-11
2490.00 3.319136e-11
2500.00 3.455919e-11
2510.00 3.595335e-11
2520.00 3.740849e-11
2530.00 3.890403e-11
2540.00 4.044565e-11
2550.00 4.204817e-11
2560.00 4.367938e-11
2570.00 4.539466e-11
2580.00 4.713987e-11
2590.00 4.895261e-11
2600.00 5.081777e-11
2610.00 5.273120e-11
2620.00 5.472246e-11
2630.00 5.674591e-11
2640.00 5.886338e-11
2650.00 6.102041e-11
2660.00 6.325020e-11
2670.00 6.554717e-11
2680.00 6.789252e-11
2690.00 7.033606e-11
2700.00 7.281495e-11
2710.00 7.539683e-11
2720.00 7.803009e-11
2730.00 8.073940e-11
2740.00 8.353382e-11
2750.00 8.637362e-11
2760.00 8.933600e-11
2770.00 9.233628e-11
2780.00 9.544666e-11
2790.00 9.862281e-11
2800.00 1.018756e-10
2810.00 1.052346e-10
2820.00 1.086324e-10
2830.00 1.121814e-10
2840.00 1.157697e-10
2850.00 1.194727e-10
2860.00 1.232587e-10
2870.00 1.271180e-10
2880.00 1.311087e-10
2890.00 1.351386e-10
2900.00 1.393287e-10
2910.00 1.435705e-10
2920.00 1.479277e-10
2930.00 1.523882e-10
2940.00 1.569142e-10
2950.00 1.616002e-10
2960.00 1.663244e-10
2970.00 1.712144e-10
2980.00 1.761705e-10
2990.00 1.812382e-10
3000.00 1.864327e-10
3010.00 1.916788e-10
3020.00 1.971180e-10
3030.00 2.025921e-10
3040.00 2.082325e-10
3050.00 2.139564e-10
3060.00 2.197819e-10
3070.00 2.257612e-10
3080.00 2.317711e-10
3090.00 2.380114e-10
3100.00 2.442804e-10
3110.00 2.507106e-10
3120.00 2.572439e-10
3130.00 2.638619e-10
3140.00 2.706639e-10
3150.00 2.774883e-10
3160.00 2.845426e-10
3170.00 2.916373e-10
3180.00 2.988804e-10
3190.00 3.062490e-10
3200.00 3.136772e-10
3210.00 3.213229e-10
3220.00 3.289789e-10
3230.00 3.368568e-10
3240.00 3.447886e-10
3250.00 3.528477e-10
3260.00 3.610571e-10
3270.00 3.692913e-10
3280.00 3.777795e-10
3290.00 3.862619e-10
3300.00 3.949494e-10
3310.00 4.037061e-10
3320.00 4.291682e-10
3330.00 4.419878e-10
3340.00 4.447573e-10
3350.00 4.119036e-10
3360.00 4.735860e-10
3370.00 4.591358e-10
3380.00 4.790969e-10
3390.00 4.980178e-10
3400.00 4.747945e-10
3410.00 4.222849e-10
3420.00 3.854289e-10
3430.00 3.957510e-10
3440.00 4.229973e-10
3450.00 4.342024e-10
3460.00 4.045619e-10
3470.00 4.464941e-10
3480.00 4.687960e-10
3490.00 5.096705e-10
3500.00 5.006480e-10
3510.00 5.125218e-10
3520.00 5.071411e-10
3530.00 5.434776e-10
3540.00 5.394743e-10
3550.00 5.733183e-10
3560.00 5.585425e-10
3570.00 5.303369e-10
3580.00 5.007058e-10
3590.00 4.827787e-10
3600.00 4.783520e-10
3610.00 5.313506e-10
3620.00 5.820333e-10
3630.00 8.413252e-10
3640.00 1.018154e-09
3650.00 1.188872e-09
3660.00 1.212907e-09
3670.00 1.259127e-09
3680.00 1.188995e-09
3690.00 1.055977e-09
3700.00 9.555333e-10
3710.00 8.909884e-10
3720.00 8.682600e-10
3730.00 8.039594e-10
3740.00 6.920051e-10
3750.00 6.157250e-10
3760.00 6.198950e-10
3770.00 5.409836e-10
3780.00 5.485435e-10
3790.00 5.536754e-10
3800.00 5.470146e-10
3810.00 6.628502e-10
3820.00 7.383590e-10
3830.00 8.618846e-10
3840.00 9.331952e-10
3850.00 1.004251e-09
3860.00 1.081995e-09
3870.00 1.121887e-09
3880.00 1.258011e-09
3890.00 1.389233e-09
3900.00 1.438129e-09
3910.00 1.493657e-09
3920.00 1.532263e-09
3930.00 1.512614e-09
3940.00 1.605737e-09
3950.00 1.593892e-09
3960.00 1.420464e-09
3970.00 1.338748e-09
3980.00 1.289914e-09
3990.00 1.218123e-09
4000.00 1.171481e-09
4010.00 1.147014e-09
4020.00 1.157283e-09
4030.00 1.136270e-09
4040.00 1.109094e-09
4050.00 1.133715e-09
4060.00 1.063748e-09
4070.00 1.046970e-09
4080.00 1.111117e-09
4090.00 1.203155e-09
4100.00 1.177313e-09
4110.00 1.024768e-09
4120.00 9.135852e-10
4130.00 8.128997e-10
4140.00 8.221959e-10
4150.00 8.331150e-10
4160.00 8.430047e-10
4170.00 9.270498e-10
4180.00 1.008747e-09
4190.00 1.014576e-09
4200.00 9.865074e-10
4210.00 8.342272e-10
4220.00 8.225706e-10
4230.00 7.951333e-10
4240.00 8.419087e-10
4250.00 8.762601e-10
4260.00 8.392304e-10
4270.00 8.426157e-10
4280.00 7.867860e-10
4290.00 6.830424e-10
4300.00 6.506474e-10
4310.00 6.284614e-10
4320.00 6.530814e-10
4330.00 6.950787e-10
4340.00 6.788728e-10
4350.00 6.673103e-10
4360.00 6.539473e-10
4370.00 6.523600e-10
4380.00 6.370482e-10
4390.00 6.696271e-10
4400.00 7.318758e-10
4410.00 8.051814e-10
4420.00 8.548914e-10
4430.00 9.167243e-10
4440.00 9.541025e-10
4450.00 1.011231e-09
4460.00 1.057341e-09
4470.00 1.079184e-09
4480.00 1.117604e-09
4490.00 1.167189e-09
4500.00 1.158432e-09
4510.00 1.156997e-09
4520.00 1.187220e-09
4530.00 1.211877e-09
4540.00 1.257748e-09
4550.00 1.264862e-09
4560.00 1.209783e-09
4570.00 1.195888e-09
4580.00 1.134326e-09
4590.00 1.144186e-09
4600.00 1.096762e-09
4610.00 1.086866e-09
4620.00 1.073596e-09
4630.00 1.048239e-09
4640.00 1.053683e-09
4650.00 9.920399e-10
4660.00 9.290374e-10
4670.00 8.990128e-10
4680.00 8.872084e-10
4690.00 9.137667e-10
4700.00 8.989479e-10
4710.00 8.985751e-10
4720.00 9.054648e-10
4730.00 8.924903e-10
4740.00 9.048127e-10
4750.00 9.018251e-10
4760.00 8.880445e-10
4770.00 8.941405e-10
4780.00 8.926143e-10
4790.00 8.948600e-10
4800.00 8.917116e-10
4810.00 8.905819e-10
4820.00 8.457803e-10
4830.00 7.850615e-10
4840.00 7.114174e-10
4850.00 6.522004e-10
4860.00 6.122288e-10
4870.00 6.278199e-10
4880.00 6.532304e-10
4890.00 6.911983e-10
4900.00 7.377774e-10
4910.00 7.728893e-10
4920.00 8.057643e-10
4930.00 8.133317e-10
4940.00 7.881750e-10
4950.00 7.770034e-10
4960.00 7.367487e-10
4970.00 7.032783e-10
4980.00 7.029559e-10
4990.00 7.024478e-10
5000.00 7.067789e-10
5010.00 7.081904e-10
5020.00 7.381446e-10
5030.00 7.533037e-10
5040.00 7.641928e-10
5050.00 7.767472e-10
5060.00 8.012593e-10
5070.00 8.233138e-10
5080.00 8.495690e-10
5090.00 8.668952e-10
5100.00 8.610810e-10
5110.00 8.758112e-10
5120.00 8.855126e-10
5130.00 8.972964e-10
5140.00 9.015739e-10
5150.00 8.958644e-10
5160.00 8.945776e-10
5170.00 8.905108e-10
5180.00 8.859996e-10
5190.00 8.849640e-10
5200.00 9.059031e-10
5210.00 9.109131e-10
5220.00 9.296110e-10
5230.00 9.161127e-10
5240.00 8.906985e-10
5250.00 8.636402e-10
5260.00 8.215563e-10
5270.00 8.035717e-10
5280.00 7.755471e-10
5290.00 7.560974e-10
5300.00 7.473111e-10
5310.00 7.744729e-10
5320.00 7.664765e-10
5330.00 7.607720e-10
5340.00 7.723145e-10
5350.00 7.735620e-10
5360.00 7.784536e-10
5370.00 7.732247e-10
5380.00 7.459981e-10
5390.00 7.513342e-10
5400.00 7.355142e-10
5410.00 7.172242e-10
5420.00 6.890799e-10
5430.00 6.885107e-10
5440.00 6.634082e-10
5450.00 6.487422e-10
5460.00 6.286460e-10
5470.00 6.292569e-10
5480.00 6.223624e-10
5490.00 6.318312e-10
5500.00 6.475452e-10
5510.00 6.662392e-10
5520.00 6.884016e-10
5530.00 7.143962e-10
5540.00 7.208115e-10
5550.00 7.280198e-10
5560.00 7.512594e-10
5570.00 7.269200e-10
5580.00 7.378728e-10
5590.00 7.367487e-10
5600.00 7.291856e-10
5610.00 7.389918e-10
5620.00 7.366870e-10
5630.00 7.033500e-10
5640.00 6.840150e-10
5650.00 6.871715e-10
5660.00 6.923393e-10
5670.00 6.818242e-10
5680.00 6.693359e-10
5690.00 6.810187e-10
5700.00 6.641339e-10
5710.00 6.388325e-10
5720.00 5.948027e-10
5730.00 5.414697e-10
5740.00 5.039254e-10
5750.00 4.901466e-10
5760.00 4.708203e-10
5770.00 4.830759e-10
5780.00 5.048358e-10
5790.00 5.368800e-10
5800.00 5.531940e-10
5810.00 5.768901e-10
5820.00 6.017347e-10
5830.00 6.180728e-10
5840.00 6.392415e-10
5850.00 6.727624e-10
5860.00 6.947620e-10
5870.00 7.029435e-10
5880.00 7.072696e-10
5890.00 7.250304e-10
5900.00 7.255247e-10
5910.00 7.059242e-10
5920.00 7.048917e-10
5930.00 6.943867e-10
5940.00 7.038949e-10
5950.00 6.996005e-10
5960.00 6.958730e-10
5970.00 6.961990e-10
5980.00 6.984783e-10
5990.00 6.865555e-10
6000.00 6.819825e-10
6010.00 6.566699e-10
6020.00 6.416791e-10
6030.00 6.265350e-10
6040.00 6.203587e-10
6050.00 6.127201e-10
6060.00 5.939524e-10
6070.00 5.149871e-10
6080.00 4.565255e-10
6090.00 3.928763e-10
6100.00 3.465426e-10
6110.00 3.145813e-10
6120.00 2.993203e-10
6130.00 2.980264e-10
6140.00 3.111839e-10
6150.00 3.279352e-10
6160.00 3.566166e-10
6170.00 3.796337e-10
6180.00 4.008026e-10
6190.00 4.349059e-10
6200.00 4.498499e-10
6210.00 4.763325e-10
6220.00 5.063825e-10
6230.00 5.234592e-10
6240.00 5.495437e-10
6250.00 5.825804e-10
6260.00 5.829284e-10
6270.00 5.895822e-10
6280.00 5.961810e-10
6290.00 5.939414e-10
6300.00 5.956312e-10
6310.00 6.079240e-10
6320.00 6.280699e-10
6330.00 6.320469e-10
6340.00 6.435682e-10
6350.00 6.368443e-10
6360.00 6.402278e-10
6370.00 6.535377e-10
6380.00 6.545084e-10
6390.00 6.571170e-10
6400.00 6.522198e-10
6410.00 6.524710e-10
6420.00 6.441648e-10
6430.00 6.311890e-10
6440.00 6.117515e-10
6450.00 5.995048e-10
6460.00 5.857949e-10
6470.00 5.739626e-10
6480.00 5.774936e-10
6490.00 5.822563e-10
6500.00 5.685600e-10
6510.00 5.603294e-10
6520.00 5.574757e-10
6530.00 5.520329e-10
6540.00 5.879290e-10
6550.00 5.897388e-10
6560.00 5.705620e-10
6570.00 5.650035e-10
6580.00 5.498022e-10
6590.00 5.394717e-10
6600.00 5.308062e-10
6610.00 5.274865e-10
6620.00 5.272191e-10
6630.00 5.226079e-10
6640.00 5.185229e-10
6650.00 5.135310e-10
6660.00 5.223609e-10
6670.00 5.130729e-10
6680.00 4.906761e-10
6690.00 4.904735e-10
6700.00 4.808850e-10
6710.00 4.675972e-10
6720.00 4.700118e-10
6730.00 4.707079e-10
6740.00 4.572977e-10
6750.00 4.669287e-10
6760.00 4.609024e-10
6770.00 4.498528e-10
6780.00 4.497156e-10
6790.00 4.329225e-10
6800.00 4.284379e-10
6810.00 4.319855e-10
6820.00 4.174043e-10
6830.00 4.169141e-10
6840.00 4.312634e-10
6850.00 4.088293e-10
6860.00 4.205785e-10
6870.00 4.287016e-10
6880.00 4.326827e-10
6890.00 4.345953e-10
6900.00 4.274714e-10
6910.00 4.223116e-10
6920.00 4.199153e-10
6930.00 4.257903e-10
6940.00 4.175737e-10
6950.00 4.191535e-10
6960.00 4.190995e-10
6970.00 4.122557e-10
6980.00 4.039403e-10
6990.00 4.062312e-10
7000.00 4.044181e-10
7010.00 4.025264e-10
7020.00 4.059365e-10
7030.00 4.047878e-10
7040.00 3.981986e-10
7050.00 3.942532e-10
7060.00 3.920593e-10
7070.00 3.892537e-10
7080.00 3.822234e-10
7090.00 3.805416e-10
7100.00 3.801821e-10
7110.00 3.934460e-10
7120.00 4.015871e-10
7130.00 3.954361e-10
7140.00 3.991872e-10
7150.00 4.021422e-10
7160.00 4.026098e-10
7170.00 4.034507e-10
7180.00 3.932782e-10
7190.00 3.930172e-10
7200.00 3.909547e-10
7210.00 3.932248e-10
7220.00 3.890073e-10
7230.00 3.880411e-10
7240.00 3.906618e-10
7250.00 3.875462e-10
7260.00 3.883718e-10
7270.00 3.888434e-10
7280.00 3.850373e-10
7290.00 3.722496e-10
7300.00 3.806833e-10
7310.00 3.787024e-10
7320.00 3.855064e-10
7330.00 3.806867e-10
7340.00 3.774033e-10
7350.00 3.813665e-10
7360.00 3.828960e-10
7370.00 3.725812e-10
7380.00 3.706505e-10
7390.00 3.587610e-10
7400.00 3.468554e-10
7410.00 3.425253e-10
7420.00 3.323821e-10
7430.00 3.047072e-10
7440.00 2.674428e-10
7450.00 2.291799e-10
7460.00 2.062639e-10
7470.00 1.941649e-10
7480.00 1.768149e-10
7490.00 1.559435e-10
7500.00 1.530088e-10
7510.00 1.536616e-10
7520.00 1.697909e-10
7530.00 1.825424e-10
7540.00 2.022615e-10
7550.00 2.156564e-10
7560.00 2.298847e-10
7570.00 2.327890e-10
7580.00 2.248589e-10
7590.00 2.216965e-10
7600.00 2.177246e-10
7610.00 2.117172e-10
7620.00 2.100409e-10
7630.00 2.218969e-10
7640.00 2.491149e-10
7650.00 2.803788e-10
7660.00 2.870712e-10
7670.00 3.077769e-10
7680.00 3.229827e-10
7690.00 3.405819e-10
7700.00 3.561774e-10
7710.00 3.649272e-10
7720.00 3.668152e-10
7730.00 3.853784e-10
7740.00 3.880851e-10
7750.00 4.072525e-10
7760.00 4.056017e-10
7770.00 4.076964e-10
7780.00 4.185728e-10
7790.00 4.317193e-10
7800.00 4.319514e-10
7810.00 4.257600e-10
7820.00 4.170543e-10
7830.00 3.944741e-10
7840.00 4.023875e-10
7850.00 4.040799e-10
7860.00 4.027997e-10
7870.00 3.949200e-10
7880.00 4.017237e-10
7890.00 4.060176e-10
7900.00 3.763206e-10
7910.00 3.696333e-10
7920.00 3.429101e-10
7930.00 3.371243e-10
7940.00 3.253848e-10
7950.00 3.222547e-10
7960.00 3.173977e-10
7970.00 3.172503e-10
7980.00 3.262871e-10
7990.00 3.002576e-10
8000.00 3.026126e-10
8010.00 2.944947e-10
8020.00 2.858013e-10
8030.00 2.859222e-10
8040.00 3.006299e-10
8050.00 3.033269e-10
8060.00 2.981877e-10
8070.00 2.915171e-10
8080.00 2.865751e-10
8090.00 2.534592e-10
8100.00 2.331714e-10
8110.00 2.059875e-10
8120.00 1.862105e-10
8130.00 1.594648e-10
8140.00 1.345312e-10
8150.00 1.196130e-10
8160.00 1.031888e-10
8170.00 8.609606e-11
8180.00 8.089682e-11
8190.00 8.483564e-11
8200.00 7.459720e-11
8210.00 7.602639e-11
8220.00 8.029775e-11
8230.00 9.568400e-11
8240.00 1.204133e-10
8250.00 1.277634e-10
8260.00 1.285394e-10
8270.00 1.195539e-10
8280.00 1.284069e-10
8290.00 1.315561e-10
8300.00 1.060062e-10
8310.00 1.150933e-10
8320.00 1.150444e-10
8330.00 1.066297e-10
8340.00 1.194511e-10
8350.00 1.400229e-10
8360.00 1.353646e-10
8370.00 1.520932e-10
8380.00 1.618495e-10
8390.00 1.632342e-10
8400.00 1.825614e-10
8410.00 2.064448e-10
8420.00 2.308324e-10
8430.00 2.169138e-10
8440.00 2.519272e-10
8450.00 2.517445e-10
8460.00 2.664073e-10
8470.00 2.777971e-10
8480.00 2.825578e-10
8490.00 2.951088e-10
8500.00 3.261058e-10
8510.00 3.124154e-10
8520.00 3.373654e-10
8530.00 3.161337e-10
8540.00 3.384822e-10
8550.00 3.263609e-10
8560.00 3.319407e-10
8570.00 3.335960e-10
8580.00 3.154845e-10
8590.00 3.301657e-10
8600.00 3.379755e-10
8610.00 3.248887e-10
8620.00 3.328776e-10
8630.00 3.197634e-10
8640.00 3.181069e-10
8650.00 3.067028e-10
8660.00 2.943452e-10
8670.00 2.885320e-10
8680.00 2.912928e-10
8690.00 2.868538e-10
8700.00 2.893301e-10
8710.00 2.574673e-10
8720.00 2.468592e-10
8730.00 2.384376e-10
8740.00 2.356661e-10
8750.00 2.421123e-10
8760.00 2.225023e-10
8770.00 2.309673e-10
8780.00 2.410260e-10
8790.00 2.564334e-10
8800.00 2.543822e-10
8810.00 2.394390e-10
8820.00 2.373018e-10
8830.00 2.581077e-10
8840.00 2.281941e-10
8850.00 2.093646e-10
8860.00 1.925752e-10
8870.00 1.764801e-10
8880.00 1.676442e-10
8890.00 1.378095e-10
8900.00 1.255070e-10
8910.00 1.575997e-10
8920.00 1.335487e-10
8930.00 1.287426e-10
8940.00 1.335066e-10
8950.00 1.281093e-10
8960.00 1.531995e-10
8970.00 1.597468e-10
8980.00 1.734220e-10
8990.00 1.774903e-10
9000.00 1.815276e-10
9010.00 1.901118e-10
9020.00 1.764709e-10
9030.00 1.712517e-10
9040.00 1.879728e-10
9050.00 1.767882e-10
9060.00 1.861699e-10
9070.00 1.846560e-10
9080.00 1.955757e-10
9090.00 2.048166e-10
9100.00 2.085035e-10
9110.00 2.045308e-10
9120.00 2.049759e-10
9130.00 2.117118e-10
9140.00 2.121703e-10
9150.00 2.137581e-10
9160.00 2.303883e-10
9170.00 2.316825e-10
9180.00 2.386852e-10
9190.00 2.352085e-10
9200.00 2.465937e-10
9210.00 2.282488e-10
9220.00 2.231168e-10
9230.00 2.107436e-10
9240.00 2.244267e-10
9250.00 2.337727e-10
9260.00 2.234646e-10
9270.00 2.216782e-10
9280.00 2.137150e-10
9290.00 2.078956e-10
9300.00 2.056617e-10
9310.00 2.013540e-10
9320.00 2.078091e-10
9330.00 2.090100e-10
9340.00 2.115764e-10
9350.00 2.121612e-10
9360.00 2.273854e-10
9370.00 2.344531e-10
9380.00 2.434735e-10
9390.00 2.381997e-10
9400.00 2.323965e-10
9410.00 2.356761e-10
9420.00 2.449641e-10
9430.00 2.396546e-10
9440.00 2.468679e-10
9450.00 2.289532e-10
9460.00 2.460504e-10
9470.00 2.395502e-10
9480.00 2.469861e-10
9490.00 2.513882e-10
9500.00 2.423338e-10
9510.00 2.664890e-10
9520.00 2.621480e-10
9530.00 2.377990e-10
9540.00 2.354360e-10
9550.00 2.391296e-10
9560.00 2.161184e-10
9570.00 2.067988e-10
9580.00 2.085465e-10
9590.00 2.038242e-10
9600.00 1.970183e-10
9610.00 1.974037e-10
9620.00 1.959758e-10
9630.00 1.840975e-10
9640.00 2.054429e-10
9650.00 1.989447e-10
9660.00 1.891351e-10
9670.00 1.814720e-10
9680.00 1.806532e-10
9690.00 2.184137e-10
9700.00 1.798505e-10
9710.00 1.923723e-10
9720.00 2.031284e-10
9730.00 1.899316e-10
9740.00 1.733891e-10
9750.00 1.458293e-10
9760.00 1.700851e-10
9770.00 1.541648e-10
9780.00 1.779927e-10
9790.00 1.560336e-10
9800.00 1.605580e-10
9810.00 1.881239e-10
9820.00 1.884750e-10
9830.00 1.421877e-10
9840.00 1.746499e-10
9850.00 2.156616e-10
9860.00 1.774090e-10
9870.00 1.813747e-10
9880.00 1.514174e-10
9890.00 1.697747e-10
9900.00 1.621963e-10
9910.00 1.551542e-10
9920.00 1.545149e-10
9930.00 1.538770e-10
9940.00 1.532401e-10
9950.00 1.526064e-10
9960.00 1.519740e-10
9970.00 1.513426e-10
9980.00 1.507145e-10
9990.00 1.500875e-10
10000.00 1.494617e-10
10010.00 1.488392e-10
10020.00 1.482177e-10
10030.00 1.475974e-10
10040.00 1.469803e-10
10050.00 1.463644e-10
10060.00 1.457497e-10
10070.00 1.451381e-10
10080.00 1.445276e-10
10090.00 1.439185e-10
10100.00 1.433124e-10
10110.00 1.427073e-10
10120.00 1.421038e-10
10130.00 1.415031e-10
10140.00 1.409035e-10
10150.00 1.403056e-10
10160.00 1.397103e-10
10170.00 1.391162e-10
10180.00 1.385238e-10
10190.00 1.379340e-10
10200.00 1.373453e-10
10210.00 1.367585e-10
10220.00 1.361741e-10
10230.00 1.355908e-10
10240.00 1.350095e-10
10250.00 1.344306e-10
10260.00 1.338527e-10
10270.00 1.332770e-10
10280.00 1.327034e-10
10290.00 1.321309e-10
10300.00 1.315608e-10
10310.00 1.309926e-10
10320.00 1.304256e-10
10330.00 1.298608e-10
10340.00 1.292980e-10
10350.00 1.287364e-10
10360.00 1.281772e-10
10370.00 1.276197e-10
10380.00 1.270634e-10
10390.00 1.265097e-10
10400.00 1.259576e-10
10410.00 1.254067e-10
10420.00 1.248583e-10
10430.00 1.243116e-10
10440.00 1.237660e-10
10450.00 1.232231e-10
10460.00 1.226817e-10
10470.00 1.221414e-10
10480.00 1.216040e-10
10490.00 1.210679e-10
10500.00 1.205329e-10
10510.00 1.200008e-10
10520.00 1.194700e-10
10530.00 1.189403e-10
10540.00 1.184136e-10
10550.00 1.178881e-10
10560.00 1.173638e-10
10570.00 1.168423e-10
10580.00 1.163221e-10
10590.00 1.158030e-10
10600.00 1.152868e-10
10610.00 1.147718e-10
10620.00 1.142581e-10
10630.00 1.137471e-10
10640.00 1.132372e-10
10650.00 1.127289e-10
10660.00 1.122231e-10
10670.00 1.117185e-10
10680.00 1.112154e-10
10690.00 1.107148e-10
10700.00 1.102153e-10
10710.00 1.097174e-10
10720.00 1.092219e-10
10730.00 1.087276e-10
10740.00 1.082350e-10
10750.00 1.077446e-10
10760.00 1.072554e-10
10770.00 1.067680e-10
10780.00 1.062827e-10
10790.00 1.057986e-10
10800.00 1.053164e-10
10810.00 1.048362e-10
10820.00 1.043572e-10
10830.00 1.038801e-10
10840.00 1.034050e-10
10850.00 1.029310e-10
10860.00 1.024590e-10
10870.00 1.019889e-10
10880.00 1.015200e-10
10890.00 1.010531e-10
10900.00 1.005880e-10
10910.00 1.001241e-10
10920.00 9.966229e-11
10930.00 9.920212e-11
10940.00 9.874314e-11
10950.00 9.828640e-11
10960.00 9.783122e-11
10970.00 9.737716e-11
10980.00 9.692541e-11
10990.00 9.647516e-11
11000.00 9.602603e-11
11010.00 9.557926e-11
11020.00 9.513387e-11
11030.00 9.468967e-11
11040.00 9.424789e-11
11050.00 9.380736e-11
11060.00 9.336802e-11
11070.00 9.293111e-11
11080.00 9.249544e-11
11090.00 9.206096e-11
11100.00 9.162891e-11
11110.00 9.119811e-11
11120.00 9.076843e-11
11130.00 9.034118e-11
11140.00 8.991518e-11
11150.00 8.949036e-11
11160.00 8.906785e-11
11170.00 8.864659e-11
11180.00 8.822657e-11
11190.00 8.780886e-11
11200.00 8.739227e-11
11210.00 8.697706e-11
11220.00 8.656409e-11
11230.00 8.615217e-11
11240.00 8.574170e-11
11250.00 8.533334e-11
11260.00 8.492610e-11
11270.00 8.452043e-11
11280.00 8.411668e-11
11290.00 8.371406e-11
11300.00 8.331306e-11
11310.00 8.291393e-11
11320.00 8.251592e-11
11330.00 8.211953e-11
11340.00 8.172501e-11
11350.00 8.133162e-11
11360.00 8.093984e-11
11370.00 8.054981e-11
11380.00 8.016097e-11
11390.00 7.977381e-11
11400.00 7.938833e-11
11410.00 7.900397e-11
11420.00 7.862136e-11
11430.00 7.824031e-11
11440.00 7.786045e-11
11450.00 7.748232e-11
11460.00 7.710576e-11
11470.00 7.673032e-11
11480.00 7.635675e-11
11490.00 7.598462e-11
11500.00 7.561354e-11
11510.00 7.524440e-11
11520.00 7.487669e-11
11530.00 7.451004e-11
11540.00 7.414532e-11
11550.00 7.378191e-11
11560.00 7.341957e-11
11570.00 7.305928e-11
11580.00 7.270017e-11
11590.00 7.234219e-11
11600.00 7.198620e-11
11610.00 7.163139e-11
11620.00 7.127771e-11
11630.00 7.092602e-11
11640.00 7.057552e-11
11650.00 7.022602e-11
11660.00 6.987869e-11
11670.00 6.953237e-11
11680.00 6.918710e-11
11690.00 6.884396e-11
11700.00 6.850181e-11
11710.00 6.816085e-11
11720.00 6.782188e-11
11730.00 6.748391e-11
11740.00 6.714712e-11
11750.00 6.681221e-11
11760.00 6.647841e-11
11770.00 6.614580e-11
11780.00 6.581500e-11
11790.00 6.548526e-11
11800.00 6.515676e-11
11810.00 6.483002e-11
11820.00 6.450433e-11
11830.00 6.417995e-11
11840.00 6.385725e-11
11850.00 6.353555e-11
11860.00 6.321522e-11
11870.00 6.289658e-11
11880.00 6.257887e-11
11890.00 6.226255e-11
11900.00 6.194780e-11
11910.00 6.163408e-11
11920.00 6.132178e-11
11930.00 6.101096e-11
11940.00 6.070113e-11
11950.00 6.039278e-11
11960.00 6.008587e-11
11970.00 5.977992e-11
11980.00 5.947550e-11
11990.00 5.917244e-11
12000.00 5.887035e-11
12010.00 5.856982e-11
12020.00 5.827057e-11
12030.00 5.797232e-11
12040.00 5.767564e-11
12050.00 5.738018e-11
12060.00 5.708570e-11
12070.00 5.679282e-11
12080.00 5.650114e-11
12090.00 5.621040e-11
12100.00 5.592131e-11
12110.00 5.563335e-11
12120.00 5.534634e-11
12130.00 5.506098e-11
12140.00 5.477672e-11
12150.00 5.449338e-11
12160.00 5.421175e-11
12170.00 5.393113e-11
12180.00 5.365145e-11
12190.00 5.337350e-11
12200.00 5.309651e-11
12210.00 5.282044e-11
12220.00 5.254611e-11
12230.00 5.227271e-11
12240.00 5.200028e-11
12250.00 5.172951e-11
12260.00 5.145967e-11
12270.00 5.119083e-11
12280.00 5.092360e-11
12290.00 5.065728e-11
12300.00 5.039198e-11
12310.00 5.012824e-11
12320.00 4.986542e-11
12330.00 4.960364e-11
12340.00 4.934336e-11
12350.00 4.908400e-11
12360.00 4.882571e-11
12370.00 4.856885e-11
12380.00 4.831292e-11
12390.00 4.805808e-11
12400.00 4.780464e-11
12410.00 4.755207e-11
12420.00 4.730064e-11
12430.00 4.705057e-11
12440.00 4.680136e-11
12450.00 4.655333e-11
12460.00 4.630656e-11
12470.00 4.606068e-11
12480.00 4.581600e-11
12490.00 4.557255e-11
12500.00 4.532996e-11
12510.00 4.508859e-11
12520.00 4.484839e-11
12530.00 4.460906e-11
12540.00 4.437097e-11
12550.00 4.413400e-11
12560.00 4.389789e-11
12570.00 4.366306e-11
12580.00 4.342928e-11
12590.00 4.319638e-11
12600.00 4.296473e-11
12610.00 4.273416e-11
12620.00 4.250439e-11
12630.00 4.227594e-11
12640.00 4.204847e-11
12650.00 4.182184e-11
12660.00 4.159653e-11
12670.00 4.137219e-11
12680.00 4.114865e-11
12690.00 4.092645e-11
12700.00 4.070517e-11
12710.00 4.048469e-11
12720.00 4.026558e-11
12730.00 4.004734e-11
12740.00 3.982989e-11
12750.00 3.961382e-11
12760.00 3.939859e-11
12770.00 3.918414e-11
12780.00 3.897108e-11
12790.00 3.875882e-11
12800.00 3.854738e-11
12810.00 3.833727e-11
12820.00 3.812795e-11
12830.00 3.791946e-11
12840.00 3.771229e-11
12850.00 3.750587e-11
12860.00 3.730033e-11
12870.00 3.709603e-11
12880.00 3.689250e-11
12890.00 3.668984e-11
12900.00 3.648841e-11
12910.00 3.628771e-11
12920.00 3.608795e-11
12930.00 3.588934e-11
12940.00 3.569147e-11
12950.00 3.549453e-11
12960.00 3.529871e-11
12970.00 3.510363e-11
12980.00 3.490950e-11
12990.00 3.471644e-11
13000.00 3.452412e-11
13010.00 3.433276e-11
13020.00 3.414243e-11
13030.00 3.395283e-11
13040.00 3.376422e-11
13050.00 3.357660e-11
13060.00 3.338970e-11
13070.00 3.320379e-11
13080.00 3.301885e-11
13090.00 3.283461e-11
13100.00 3.265139e-11
13110.00 3.246908e-11
13120.00 3.228748e-11
13130.00 3.210691e-11
13140.00 3.192722e-11
13150.00 3.174822e-11
13160.00 3.157027e-11
13170.00 3.139316e-11
13180.00 3.121675e-11
13190.00 3.104138e-11
13200.00 3.086683e-11
13210.00 3.069296e-11
13220.00 3.052015e-11
13230.00 3.034812e-11
13240.00 3.017677e-11
13250.00 3.000649e-11
13260.00 2.983695e-11
13270.00 2.966809e-11
13280.00 2.950032e-11
13290.00 2.933324e-11
13300.00 2.916685e-11
13310.00 2.900154e-11
13320.00 2.883690e-11
13330.00 2.867294e-11
13340.00 2.851007e-11
13350.00 2.834785e-11
13360.00 2.818631e-11
13370.00 2.802582e-11
13380.00 2.786598e-11
13390.00 2.770684e-11
13400.00 2.754871e-11
13410.00 2.739123e-11
13420.00 2.723445e-11
13430.00 2.707866e-11
13440.00 2.692350e-11
13450.00 2.676907e-11
13460.00 2.661557e-11
13470.00 2.646272e-11
13480.00 2.631059e-11
13490.00 2.615938e-11
13500.00 2.600878e-11
13510.00 2.585894e-11
13520.00 2.570998e-11
13530.00 2.556163e-11
13540.00 2.541405e-11
13550.00 2.526731e-11
13560.00 2.512118e-11
13570.00 2.497582e-11
13580.00 2.483127e-11
13590.00 2.468733e-11
13600.00 2.454417e-11
13610.00 2.440179e-11
13620.00 2.426001e-11
13630.00 2.411903e-11
13640.00 2.397879e-11
13650.00 2.383915e-11
13660.00 2.370031e-11
13670.00 2.356219e-11
13680.00 2.342466e-11
13690.00 2.328793e-11
13700.00 2.315190e-11
13710.00 2.301645e-11
13720.00 2.288182e-11
13730.00 2.274786e-11
13740.00 2.261447e-11
13750.00 2.248190e-11
13760.00 2.234998e-11
13770.00 2.221861e-11
13780.00 2.208809e-11
13790.00 2.195818e-11
13800.00 2.182882e-11
13810.00 2.170031e-11
13820.00 2.157239e-11
13830.00 2.144502e-11
13840.00 2.131849e-11
13850.00 2.119253e-11
13860.00 2.106711e-11
13870.00 2.094255e-11
13880.00 2.081853e-11
13890.00 2.069505e-11
13900.00 2.057241e-11
13910.00 2.045031e-11
13920.00 2.032875e-11
13930.00 2.020801e-11
13940.00 2.008780e-11
13950.00 1.996814e-11
13960.00 1.984928e-11
13970.00 1.973093e-11
13980.00 1.961314e-11
13990.00 1.949612e-11
14000.00 1.937961e-11
14010.00 1.926368e-11
14020.00 1.914848e-11
14030.00 1.903379e-11
14040.00 1.891968e-11
14050.00 1.880628e-11
14060.00 1.869338e-11
14070.00 1.858108e-11
14080.00 1.846946e-11
14090.00 1.835833e-11
14100.00 1.824780e-11
14110.00 1.813793e-11
14120.00 1.802855e-11
14130.00 1.791977e-11
14140.00 1.781164e-11
14150.00 1.770398e-11
14160.00 1.759693e-11
14170.00 1.749051e-11
14180.00 1.738455e-11
14190.00 1.727921e-11
14200.00 1.717447e-11
14210.00 1.707019e-11
14220.00 1.696654e-11
14230.00 1.686346e-11
14240.00 1.676084e-11
14250.00 1.665885e-11
14260.00 1.655740e-11
14270.00 1.645642e-11
14280.00 1.635607e-11
14290.00 1.625625e-11
14300.00 1.615688e-11
14310.00 1.605815e-11
14320.00 1.595992e-11
14330.00 1.586214e-11
14340.00 1.576500e-11
14350.00 1.566835e-11
14360.00 1.557215e-11
14370.00 1.547658e-11
14380.00 1.538148e-11
14390.00 1.528682e-11
14400.00 1.519281e-11
14410.00 1.509925e-11
14420.00 1.500612e-11
14430.00 1.491363e-11
14440.00 1.482158e-11
14450.00 1.472996e-11
14460.00 1.463898e-11
14470.00 1.454843e-11
14480.00 1.445831e-11
14490.00 1.436880e-11
14500.00 1.427971e-11
14510.00 1.419107e-11
14520.00 1.410303e-11
14530.00 1.401540e-11
14540.00 1.392821e-11
14550.00 1.384160e-11
14560.00 1.375539e-11
14570.00 1.366964e-11
14580.00 1.358445e-11
14590.00 1.349966e-11
14600.00 1.341532e-11
14610.00 1.333153e-11
14620.00 1.324813e-11
14630.00 1.316519e-11
14640.00 1.308277e-11
14650.00 1.300075e-11
14660.00 1.291918e-11
14670.00 1.283813e-11
14680.00 1.275745e-11
14690.00 1.267725e-11
14700.00 1.259753e-11
14710.00 1.251819e-11
14720.00 1.243933e-11
14730.00 1.236093e-11
14740.00 1.228290e-11
14750.00 1.220535e-11
14760.00 1.212826e-11
14770.00 1.205153e-11
14780.00 1.197528e-11
14790.00 1.189947e-11
14800.00 1.182402e-11
14810.00 1.174906e-11
14820.00 1.167451e-11
14830.00 1.160032e-11
14840.00 1.152662e-11
14850.00 1.145332e-11
14860.00 1.138037e-11
14870.00 1.130791e-11
14880.00 1.123584e-11
14890.00 1.116412e-11
14900.00 1.109289e-11
14910.00 1.102203e-11
14920.00 1.095152e-11
14930.00 1.088149e-11
14940.00 1.081183e-11
14950.00 1.074251e-11
14960.00 1.067367e-11
14970.00 1.060519e-11
14980.00 1.053704e-11
14990.00 1.046938e-11
15000.00 1.040206e-11
15010.00 1.033506e-11
15020.00 1.026855e-11
15030.00 1.020237e-11
15040.00 1.013653e-11
15050.00 1.007115e-11
15060.00 1.000610e-11
15070.00 9.941384e-12
15080.00 9.877119e-12
15090.00 9.813178e-12
15100.00 9.749574e-12
15110.00 9.686413e-12
15120.00 9.623563e-12
15130.00 9.561062e-12
15140.00 9.498979e-12
15150.00 9.437202e-12
15160.00 9.375786e-12
15170.00 9.314769e-12
15180.00 9.254058e-12
15190.00 9.193702e-12
15200.00 9.133733e-12
15210.00 9.074069e-12
15220.00 9.014760e-12
15230.00 8.955832e-12
15240.00 8.897197e-12
15250.00 8.838923e-12
15260.00 8.781011e-12
15270.00 8.723398e-12
15280.00 8.666134e-12
15290.00 8.609226e-12
15300.00 8.552611e-12
15310.00 8.496351e-12
15320.00 8.440440e-12
15330.00 8.384804e-12
15340.00 8.329535e-12
15350.00 8.274591e-12
15360.00 8.219933e-12
15370.00 8.165631e-12
15380.00 8.111646e-12
15390.00 8.057943e-12
15400.00 8.004600e-12
15410.00 7.951564e-12
15420.00 7.898801e-12
15430.00 7.846401e-12
15440.00 7.794293e-12
15450.00 7.742459e-12
15460.00 7.690981e-12
15470.00 7.639796e-12
15480.00 7.588873e-12
15490.00 7.538311e-12
15500.00 7.488024e-12
15510.00 7.437999e-12
15520.00 7.388341e-12
15530.00 7.338945e-12
15540.00 7.289805e-12
15550.00 7.241027e-12
15560.00 7.192510e-12
15570.00 7.144243e-12
15580.00 7.096337e-12
15590.00 7.048681e-12
15600.00 7.001280e-12
15610.00 6.954222e-12
15620.00 6.907414e-12
15630.00 6.860867e-12
15640.00 6.814651e-12
15650.00 6.768678e-12
15660.00 6.722967e-12
15670.00 6.677573e-12
15680.00 6.632423e-12
15690.00 6.587535e-12
15700.00 6.542959e-12
15710.00 6.498619e-12
15720.00 6.454541e-12
15730.00 6.410769e-12
15740.00 6.367221e-12
15750.00 6.323948e-12
15760.00 6.280955e-12
15770.00 6.238199e-12
15780.00 6.195706e-12
15790.00 6.153495e-12
15800.00 6.111509e-12
15810.00 6.069789e-12
15820.00 6.028342e-12
15830.00 5.987117e-12
15840.00 5.946158e-12
15850.00 5.905463e-12
15860.00 5.864985e-12
15870.00 5.824775e-12
15880.00 5.784820e-12
15890.00 5.745080e-12
15900.00 5.705607e-12
15910.00 5.666378e-12
15920.00 5.627365e-12
15930.00 5.588616e-12
15940.00 5.550104e-12
15950.00 5.511801e-12
15960.00 5.473768e-12
15970.00 5.435960e-12
15980.00 5.398360e-12
15990.00 5.361029e-12
16000.00 5.323916e-12
16010.00 5.287006e-12
16020.00 5.250364e-12
16030.00 5.213935e-12
16040.00 5.177705e-12
16050.00 5.141742e-12
16060.00 5.105986e-12
16070.00 5.070424e-12
16080.00 5.035129e-12
16090.00 5.000032e-12
16100.00 4.965128e-12
16110.00 4.930492e-12
16120.00 4.896045e-12
16130.00 4.861792e-12
16140.00 4.827800e-12
16150.00 4.793993e-12
16160.00 4.760380e-12
16170.00 4.727019e-12
16180.00 4.693841e-12
16190.00 4.660860e-12
16200.00 4.628121e-12
16210.00 4.595562e-12
16220.00 4.563200e-12
16230.00 4.531071e-12
16240.00 4.499123e-12
16250.00 4.467370e-12
16260.00 4.435844e-12
16270.00 4.404494e-12
16280.00 4.373339e-12
16290.00 4.342406e-12
16300.00 4.311645e-12
16310.00 4.281080e-12
16320.00 4.250728e-12
16330.00 4.220549e-12
16340.00 4.190563e-12
16350.00 4.160784e-12
16360.00 4.131172e-12
16370.00 4.101758e-12
16380.00 4.072542e-12
16390.00 4.043491e-12
16400.00 4.014636e-12
16410.00 3.985975e-12
16420.00 3.957474e-12
16430.00 3.929171e-12
16440.00 3.901054e-12
16450.00 3.873095e-12
16460.00 3.845334e-12
16470.00 3.817752e-12
16480.00 3.790327e-12
16490.00 3.763098e-12
16500.00 3.736043e-12
16510.00 3.709141e-12
16520.00 3.682435e-12
16530.00 3.655898e-12
16540.00 3.629512e-12
16550.00 3.603322e-12
16560.00 3.577293e-12
16570.00 3.551414e-12
16580.00 3.525729e-12
16590.00 3.500201e-12
16600.00 3.474819e-12
16610.00 3.449632e-12
16620.00 3.424595e-12
16630.00 3.399704e-12
16640.00 3.375005e-12
16650.00 3.350452e-12
16660.00 3.326042e-12
16670.00 3.301823e-12
16680.00 3.277746e-12
16690.00 3.253812e-12
16700.00 3.230062e-12
16710.00 3.206453e-12
16720.00 3.182985e-12
16730.00 3.159699e-12
16740.00 3.136548e-12
16750.00 3.113541e-12
16760.00 3.090707e-12
16770.00 3.068009e-12
16780.00 3.045452e-12
16790.00 3.023065e-12
16800.00 3.000810e-12
16810.00 2.978697e-12
16820.00 2.956747e-12
16830.00 2.934928e-12
16840.00 2.913252e-12
16850.00 2.891734e-12
16860.00 2.870343e-12
16870.00 2.849095e-12
16880.00 2.827999e-12
16890.00 2.807029e-12
16900.00 2.786203e-12
16910.00 2.765524e-12
16920.00 2.744968e-12
16930.00 2.724555e-12
16940.00 2.704283e-12
16950.00 2.684135e-12
16960.00 2.664127e-12
16970.00 2.644258e-12
16980.00 2.624508e-12
16990.00 2.604900e-12
17000.00 2.585426e-12
17010.00 2.566069e-12
17020.00 2.546852e-12
17030.00 2.527766e-12
17040.00 2.508795e-12
17050.00 2.489963e-12
17060.00 2.471257e-12
17070.00 2.452665e-12
17080.00 2.434212e-12
17090.00 2.415880e-12
17100.00 2.397660e-12
17110.00 2.379579e-12
17120.00 2.361615e-12
17130.00 2.343760e-12
17140.00 2.326044e-12
17150.00 2.308440e-12
17160.00 2.290945e-12
17170.00 2.273587e-12
17180.00 2.256339e-12
17190.00 2.239196e-12
17200.00 2.222190e-12
17210.00 2.205290e-12
17220.00 2.188494e-12
17230.00 2.171834e-12
17240.00 2.155275e-12
17250.00 2.138821e-12
17260.00 2.122499e-12
17270.00 2.106277e-12
17280.00 2.090158e-12
17290.00 2.074168e-12
17300.00 2.058276e-12
17310.00 2.042487e-12
17320.00 2.026822e-12
17330.00 2.011254e-12
17340.00 1.995789e-12
17350.00 1.980444e-12
17360.00 1.965194e-12
17370.00 1.950048e-12
17380.00 1.935016e-12
17390.00 1.920079e-12
17400.00 1.905244e-12
17410.00 1.890522e-12
17420.00 1.875892e-12
17430.00 1.861363e-12
17440.00 1.846944e-12
17450.00 1.832614e-12
17460.00 1.818387e-12
17470.00 1.804264e-12
17480.00 1.790231e-12
17490.00 1.776298e-12
17500.00 1.762468e-12
17510.00 1.748725e-12
17520.00 1.735082e-12
17530.00 1.721538e-12
17540.00 1.708080e-12
17550.00 1.694722e-12
17560.00 1.681460e-12
17570.00 1.668281e-12
17580.00 1.655203e-12
17590.00 1.642217e-12
17600.00 1.629313e-12
17610.00 1.616508e-12
17620.00 1.603793e-12
17630.00 1.591159e-12
17640.00 1.578623e-12
17650.00 1.566174e-12
17660.00 1.553804e-12
17670.00 1.541533e-12
17680.00 1.529345e-12
17690.00 1.517235e-12
17700.00 1.505222e-12
17710.00 1.493291e-12
17720.00 1.481435e-12
17730.00 1.469677e-12
17740.00 1.457997e-12
17750.00 1.446392e-12
17760.00 1.434883e-12
17770.00 1.423449e-12
17780.00 1.412090e-12
17790.00 1.400826e-12
17800.00 1.389635e-12
17810.00 1.378518e-12
17820.00 1.367493e-12
17830.00 1.356539e-12
17840.00 1.345659e-12
17850.00 1.334868e-12
17860.00 1.324147e-12
17870.00 1.313501e-12
17880.00 1.302940e-12
17890.00 1.292448e-12
17900.00 1.282030e-12
17910.00 1.271695e-12
17920.00 1.261428e-12
17930.00 1.251233e-12
17940.00 1.241120e-12
17950.00 1.231073e-12
17960.00 1.221098e-12
17970.00 1.211202e-12
17980.00 1.201371e-12
17990.00 1.191612e-12
18000.00 1.181930e-12
18010.00 1.172310e-12
18020.00 1.162764e-12
18030.00 1.153290e-12
18040.00 1.143878e-12
18050.00 1.134538e-12
18060.00 1.125269e-12
18070.00 1.116062e-12
18080.00 1.106926e-12
18090.00 1.097858e-12
18100.00 1.088851e-12
18110.00 1.079914e-12
18120.00 1.071044e-12
18130.00 1.062233e-12
18140.00 1.053491e-12
18150.00 1.044815e-12
18160.00 1.036196e-12
18170.00 1.027646e-12
18180.00 1.019159e-12
18190.00 1.010730e-12
18200.00 1.002368e-12
18210.00 9.940667e-13
18220.00 9.858216e-13
18230.00 9.776451e-13
18240.00 9.695260e-13
18250.00 9.614629e-13
18260.00 9.534666e-13
18270.00 9.455270e-13
18280.00 9.376410e-13
18290.00 9.298223e-13
18300.00 9.220579e-13
18310.00 9.143465e-13
18320.00 9.067011e-13
18330.00 8.991094e-13
18340.00 8.915688e-13
18350.00 8.840943e-13
18360.00 8.766703e-13
18370.00 8.692986e-13
18380.00 8.619900e-13
18390.00 8.547318e-13
18400.00 8.475247e-13
18410.00 8.403794e-13
18420.00 8.332827e-13
18430.00 8.262377e-13
18440.00 8.192520e-13
18450.00 8.123143e-13
18460.00 8.054277e-13
18470.00 7.985984e-13
18480.00 7.918166e-13
18490.00 7.850852e-13
18500.00 7.784093e-13
18510.00 7.717802e-13
18520.00 7.652016e-13
18530.00 7.586760e-13
18540.00 7.521965e-13
18550.00 7.457668e-13
18560.00 7.393890e-13
18570.00 7.330554e-13
18580.00 7.267716e-13
18590.00 7.205384e-13
18600.00 7.143488e-13
18610.00 7.082085e-13
18620.00 7.021168e-13
18630.00 6.960681e-13
18640.00 6.900680e-13
18650.00 6.841154e-13
18660.00 6.782044e-13
18670.00 6.723415e-13
18680.00 6.665248e-13
18690.00 6.607492e-13
18700.00 6.550209e-13
18710.00 6.493376e-13
18720.00 6.436941e-13
18730.00 6.380981e-13
18740.00 6.325450e-13
18750.00 6.270312e-13
18760.00 6.215645e-13
18770.00 6.161392e-13
18780.00 6.107526e-13
18790.00 6.054125e-13
18800.00 6.001124e-13
18810.00 5.948504e-13
18820.00 5.896343e-13
18830.00 5.844569e-13
18840.00 5.793169e-13
18850.00 5.742220e-13
18860.00 5.691649e-13
18870.00 5.641444e-13
18880.00 5.591685e-13
18890.00 5.542291e-13
18900.00 5.493257e-13
18910.00 5.444663e-13
18920.00 5.396420e-13
18930.00 5.348538e-13
18940.00 5.301078e-13
18950.00 5.253966e-13
18960.00 5.207208e-13
18970.00 5.160862e-13
18980.00 5.114856e-13
18990.00 5.069201e-13
19000.00 5.023944e-13
19010.00 4.979021e-13
19020.00 4.934446e-13
19030.00 4.890257e-13
19040.00 4.846393e-13
19050.00 4.802876e-13
19060.00 4.759732e-13
19070.00 4.716907e-13
19080.00 4.674424e-13
19090.00 4.632302e-13
19100.00 4.590494e-13
19110.00 4.549025e-13
19120.00 4.507904e-13
19130.00 4.467091e-13
19140.00 4.426612e-13
19150.00 4.386474e-13
19160.00 4.346635e-13
19170.00 4.307128e-13
19180.00 4.267949e-13
19190.00 4.229064e-13
19200.00 4.190507e-13
19210.00 4.152267e-13
19220.00 4.114316e-13
19230.00 4.076688e-13
19240.00 4.039368e-13
19250.00 4.002331e-13
19260.00 3.965614e-13
19270.00 3.929194e-13
19280.00 3.893050e-13
19290.00 3.857224e-13
19300.00 3.821686e-13
19310.00 3.786418e-13
19320.00 3.751462e-13
19330.00 3.716787e-13
19340.00 3.682376e-13
19350.00 3.648273e-13
19360.00 3.614440e-13
19370.00 3.580867e-13
19380.00 3.547599e-13
19390.00 3.514591e-13
19400.00 3.481839e-13
19410.00 3.449387e-13
19420.00 3.417189e-13
19430.00 3.385238e-13
19440.00 3.353585e-13
19450.00 3.322177e-13
19460.00 3.291014e-13
19470.00 3.260139e-13
19480.00 3.229505e-13
19490.00 3.199113e-13
19500.00 3.169000e-13
19510.00 3.139123e-13
19520.00 3.109483e-13
19530.00 3.080116e-13
19540.00 3.050978e-13
19550.00 3.022078e-13
19560.00 2.993439e-13
19570.00 2.965025e-13
19580.00 2.936846e-13
19590.00 2.908920e-13
19600.00 2.881213e-13
19610.00 2.853739e-13
19620.00 2.826510e-13
19630.00 2.799498e-13
19640.00 2.772713e-13
19650.00 2.746167e-13
19660.00 2.719831e-13
19670.00 2.693721e-13
19680.00 2.667841e-13
19690.00 2.642167e-13
19700.00 2.616717e-13
19710.00 2.591490e-13
19720.00 2.566464e-13
19730.00 2.541658e-13
19740.00 2.517069e-13
19750.00 2.492676e-13
19760.00 2.468500e-13
19770.00 2.444535e-13
19780.00 2.420762e-13
19790.00 2.397202e-13
19800.00 2.373846e-13
19810.00 2.350678e-13
19820.00 2.327722e-13
19830.00 2.304961e-13
19840.00 2.282386e-13
19850.00 2.260017e-13
19860.00 2.237840e-13
19870.00 2.215843e-13
19880.00 2.194051e-13
19890.00 2.172443e-13
19900.00 2.151011e-13
19910.00 2.129781e-13
19920.00 2.108729e-13
19930.00 2.087851e-13
19940.00 2.067171e-13
19950.00 2.046663e-13
19960.00 2.026325e-13
19970.00 2.006182e-13
19980.00 1.986207e-13
19990.00 1.966397e-13
20000.00 1.946778e-13
20010.00 1.927323e-13
20020.00 1.908029e-13
20030.00 1.888924e-13
20040.00 1.869976e-13
20050.00 1.851188e-13
20060.00 1.832581e-13
20070.00 1.814129e-13
20080.00 1.795835e-13
20090.00 1.777718e-13
20100.00 1.759751e-13
20110.00 1.741940e-13
20120.00 1.724298e-13
20130.00 1.706805e-13
20140.00 1.689465e-13
20150.00 1.672290e-13
20160.00 1.655260e-13
20170.00 1.638381e-13
20180.00 1.621660e-13
20190.00 1.605082e-13
20200.00 1.588652e-13
20210.00 1.572377e-13
20220.00 1.556240e-13
20230.00 1.540250e-13
20240.00 1.524409e-13
20250.00 1.508703e-13
20260.00 1.493142e-13
20270.00 1.477725e-13
20280.00 1.462440e-13
20290.00 1.447298e-13
20300.00 1.432295e-13
20310.00 1.417421e-13
20320.00 1.402688e-13
20330.00 1.388090e-13
20340.00 1.373618e-13
20350.00 1.359284e-13
20360.00 1.345081e-13
20370.00 1.331001e-13
20380.00 1.317056e-13
20390.00 1.303239e-13
20400.00 1.289542e-13
20410.00 1.275978e-13
20420.00 1.262537e-13
20430.00 1.249214e-13
20440.00 1.236021e-13
20450.00 1.222948e-13
20460.00 1.209990e-13
20470.00 1.197160e-13
20480.00 1.184445e-13
20490.00 1.171843e-13
20500.00 1.159367e-13
20510.00 1.147003e-13
20520.00 1.134748e-13
20530.00 1.122617e-13
20540.00 1.110595e-13
20550.00 1.098679e-13
20560.00 1.086885e-13
20570.00 1.075197e-13
20580.00 1.063612e-13
20590.00 1.052147e-13
20600.00 1.040784e-13
20610.00 1.029523e-13
20620.00 1.018378e-13
20630.00 1.007332e-13
20640.00 9.963878e-14
20650.00 9.855548e-14
20660.00 9.748190e-14
20670.00 9.641830e-14
20680.00 9.536542e-14
20690.00 9.432208e-14
20700.00 9.328853e-14
20710.00 9.226539e-14
20720.00 9.125154e-14
20730.00 9.024735e-14
20740.00 8.925320e-14
20750.00 8.826809e-14
20760.00 8.729252e-14
20770.00 8.632662e-14
20780.00 8.536962e-14
20790.00 8.442186e-14
20800.00 8.348363e-14
20810.00 8.255395e-14
20820.00 8.163343e-14
20830.00 8.072201e-14
20840.00 7.981907e-14
20850.00 7.892504e-14
20860.00 7.803987e-14
20870.00 7.716293e-14
20880.00 7.629478e-14
20890.00 7.543517e-14
20900.00 7.458360e-14
20910.00 7.374070e-14
20920.00 7.290603e-14
20930.00 7.207915e-14
20940.00 7.126082e-14
20950.00 7.045046e-14
20960.00 6.964777e-14
20970.00 6.885331e-14
20980.00 6.806671e-14
20990.00 6.728746e-14
21000.00 6.651638e-14
21010.00 6.575284e-14
21020.00 6.499654e-14
21030.00 6.424821e-14
21040.00 6.350718e-14
21050.00 6.277320e-14
21060.00 6.204704e-14
21070.00 6.132793e-14
21080.00 6.061570e-14
21090.00 5.991118e-14
21100.00 5.921344e-14
21110.00 5.852240e-14
21120.00 5.783892e-14
21130.00 5.716201e-14
21140.00 5.649168e-14
21150.00 5.582865e-14
21160.00 5.517204e-14
21170.00 5.452188e-14
21180.00 5.387880e-14
21190.00 5.324193e-14
21200.00 5.261143e-14
21210.00 5.198775e-14
21220.00 5.137015e-14
21230.00 5.075878e-14
21240.00 5.015400e-14
21250.00 4.955516e-14
21260.00 4.896241e-14
21270.00 4.837605e-14
21280.00 4.779548e-14
21290.00 4.722088e-14
21300.00 4.665246e-14
21310.00 4.608967e-14
21320.00 4.553273e-14
21330.00 4.498177e-14
21340.00 4.443631e-14
21350.00 4.389656e-14
21360.00 4.336261e-14
21370.00 4.283399e-14
21380.00 4.231100e-14
21390.00 4.179359e-14
21400.00 4.128139e-14
21410.00 4.077469e-14
21420.00 4.027340e-14
21430.00 3.977718e-14
21440.00 3.928635e-14
21450.00 3.880073e-14
21460.00 3.832007e-14
21470.00 3.784466e-14
21480.00 3.737431e-14
21490.00 3.690877e-14
21500.00 3.644839e-14
21510.00 3.599289e-14
21520.00 3.554208e-14
21530.00 3.509631e-14
21540.00 3.465527e-14
21550.00 3.421879e-14
21560.00 3.378723e-14
21570.00 3.336024e-14
21580.00 3.293769e-14
21590.00 3.251997e-14
21600.00 3.210666e-14
21610.00 3.169768e-14
21620.00 3.129340e-14
21630.00 3.089341e-14
21640.00 3.049761e-14
21650.00 3.010641e-14
21660.00 2.971935e-14
21670.00 2.933638e-14
21680.00 2.895790e-14
21690.00 2.858342e-14
21700.00 2.821295e-14
21710.00 2.784681e-14
21720.00 2.748457e-14
21730.00 2.712625e-14
21740.00 2.677211e-14
21750.00 2.642176e-14
21760.00 2.607525e-14
21770.00 2.573278e-14
21780.00 2.539400e-14
21790.00 2.505896e-14
21800.00 2.472784e-14
21810.00 2.440030e-14
21820.00 2.407641e-14
21830.00 2.375632e-14
21840.00 2.343969e-14
21850.00 2.312665e-14
21860.00 2.281727e-14
21870.00 2.251126e-14
21880.00 2.220875e-14
21890.00 2.190977e-14
21900.00 2.161409e-14
21910.00 2.132181e-14
21920.00 2.103294e-14
21930.00 2.074728e-14
21940.00 2.046494e-14
21950.00 2.018589e-14
21960.00 1.990997e-14
21970.00 1.963729e-14
21980.00 1.936778e-14
21990.00 1.910131e-14
22000.00 1.883800e-14
22010.00 1.857777e-14
22020.00 1.832048e-14
22030.00 1.806627e-14
22040.00 1.781504e-14
22050.00 1.756666e-14
22060.00 1.732129e-14
22070.00 1.707879e-14
22080.00 1.683907e-14
22090.00 1.660229e-14
22100.00 1.636827e-14
22110.00 1.613695e-14
22120.00 1.590849e-14
22130.00 1.568271e-14
22140.00 1.545954e-14
22150.00 1.523917e-14
22160.00 1.502138e-14
22170.00 1.480612e-14
22180.00 1.459359e-14
22190.00 1.438355e-14
22200.00 1.417598e-14
22210.00 1.397104e-14
22220.00 1.376853e-14
22230.00 1.356842e-14
22240.00 1.337086e-14
22250.00 1.317564e-14
22260.00 1.298276e-14
22270.00 1.279235e-14
22280.00 1.260422e-14
22290.00 1.241835e-14
22300.00 1.223488e-14
22310.00 1.205360e-14
22320.00 1.187455e-14
22330.00 1.169779e-14
22340.00 1.152317e-14
22350.00 1.135071e-14
22360.00 1.118047e-14
22370.00 1.101231e-14
22380.00 1.084624e-14
22390.00 1.068232e-14
22400.00 1.052041e-14
22410.00 1.036054e-14
22420.00 1.020274e-14
22430.00 1.004689e-14
22440.00 9.893030e-15
22450.00 9.741164e-15
22460.00 9.591187e-15
22470.00 9.443144e-15
22480.00 9.297026e-15
22490.00 9.152742e-15
22500.00 9.010334e-15
22510.00 8.869784e-15
22520.00 8.731010e-15
22530.00 8.594064e-15
22540.00 8.458907e-15
22550.00 8.325470e-15
22560.00 8.193811e-15
22570.00 8.063878e-15
22580.00 7.935610e-15
22590.00 7.809062e-15
22600.00 7.684192e-15
22610.00 7.560924e-15
22620.00 7.439339e-15
22630.00 7.319357e-15
22640.00 7.200933e-15
22650.00 7.084142e-15
22660.00 6.968898e-15
22670.00 6.855162e-15
22680.00 6.743010e-15
22690.00 6.632348e-15
22700.00 6.523152e-15
22710.00 6.415488e-15
22720.00 6.309265e-15
22730.00 6.204453e-15
22740.00 6.101128e-15
22750.00 5.999193e-15
22760.00 5.898627e-15
22770.00 5.799500e-15
22780.00 5.701714e-15
22790.00 5.605253e-15
22800.00 5.510184e-15
22810.00 5.416408e-15
22820.00 5.323919e-15
22830.00 5.232770e-15
22840.00 5.142870e-15
22850.00 5.054218e-15
22860.00 4.966858e-15
22870.00 4.880706e-15
22880.00 4.795764e-15
22890.00 4.712064e-15
22900.00 4.629532e-15
22910.00 4.548173e-15
22920.00 4.468008e-15
22930.00 4.388974e-15
22940.00 4.311076e-15
22950.00 4.234327e-15
22960.00 4.158670e-15
22970.00 4.084113e-15
22980.00 4.010664e-15
22990.00 3.938268e-15
23000.00 3.866938e-15
23010.00 3.796673e-15
23020.00 3.727425e-15
23030.00 3.659208e-15
23040.00 3.592016e-15
23050.00 3.525806e-15
23060.00 3.460594e-15
23070.00 3.396368e-15
23080.00 3.333089e-15
23090.00 3.270775e-15
23100.00 3.209409e-15
23110.00 3.148959e-15
23120.00 3.089440e-15
23130.00 3.030833e-15
23140.00 2.973108e-15
23150.00 2.916286e-15
23160.00 2.860339e-15
23170.00 2.805242e-15
23180.00 2.751016e-15
23190.00 2.697634e-15
23200.00 2.645071e-15
23210.00 2.593349e-15
23220.00 2.542436e-15
23230.00 2.492314e-15
23240.00 2.443005e-15
23250.00 2.394472e-15
23260.00 2.346701e-15
23270.00 2.299713e-15
23280.00 2.253473e-15
23290.00 2.207965e-15
23300.00 2.163214e-15
23310.00 2.119180e-15
23320.00 2.075853e-15
23330.00 2.033254e-15
23340.00 1.991344e-15
23350.00 1.950114e-15
23360.00 1.909585e-15
23370.00 1.869718e-15
23380.00 1.830508e-15
23390.00 1.791969e-15
23400.00 1.754067e-15
23410.00 1.716798e-15
23420.00 1.680173e-15
23430.00 1.644161e-15
23440.00 1.608759e-15
23450.00 1.573973e-15
23460.00 1.539777e-15
23470.00 1.506169e-15
23480.00 1.473151e-15
23490.00 1.440700e-15
23500.00 1.408814e-15
23510.00 1.377495e-15
23520.00 1.346719e-15
23530.00 1.316487e-15
23540.00 1.286798e-15
23550.00 1.257632e-15
23560.00 1.228988e-15
23570.00 1.200864e-15
23580.00 1.173241e-15
23590.00 1.146122e-15
23600.00 1.119499e-15
23610.00 1.093357e-15
23620.00 1.067698e-15
23630.00 1.042515e-15
23640.00 1.017795e-15
23650.00 9.935362e-16
23660.00 9.697336e-16
23670.00 9.463730e-16
23680.00 9.234575e-16
23690.00 9.009779e-16
23700.00 8.789215e-16
23710.00 8.572917e-16
23720.00 8.360776e-16
23730.00 8.152700e-16
23740.00 7.948708e-16
23750.00 7.748694e-16
23760.00 7.552563e-16
23770.00 7.360355e-16
23780.00 7.171942e-16
23790.00 6.987246e-16
23800.00 6.806297e-16
23810.00 6.628976e-16
23820.00 6.455208e-16
23830.00 6.285026e-16
23840.00 6.118307e-16
23850.00 5.954984e-16
23860.00 5.795089e-16
23870.00 5.638496e-16
23880.00 5.485144e-16
23890.00 5.335073e-16
23900.00 5.188146e-16
23910.00 5.044319e-16
23920.00 4.903615e-16
23930.00 4.765909e-16
23940.00 4.631169e-16
23950.00 4.499398e-16
23960.00 4.370487e-16
23970.00 4.244404e-16
23980.00 4.121148e-16
23990.00 4.000618e-16
24000.00 3.882783e-16
24010.00 3.767635e-16
24020.00 3.655084e-16
24030.00 3.545101e-16
24040.00 3.437670e-16
24050.00 3.332711e-16
24060.00 3.230196e-16
24070.00 3.130105e-16
24080.00 3.032363e-16
24090.00 2.936947e-16
24100.00 2.843831e-16
24110.00 2.752945e-16
24120.00 2.664271e-16
24130.00 2.577777e-16
24140.00 2.493400e-16
24150.00 2.411123e-16
24160.00 2.330910e-16
24170.00 2.252707e-16
24180.00 2.176494e-16
24190.00 2.102236e-16
24200.00 2.029880e-16
24210.00 1.959412e-16
24220.00 1.890791e-16
24230.00 1.823972e-16
24240.00 1.758939e-16
24250.00 1.695651e-16
24260.00 1.634067e-16
24270.00 1.574171e-16
24280.00 1.515922e-16
24290.00 1.459283e-16
24300.00 1.404237e-16
24310.00 1.350745e-16
24320.00 1.298770e-16
24330.00 1.248298e-16
24340.00 1.199289e-16
24350.00 1.151710e-16
24360.00 1.105546e-16
24370.00 1.060758e-16
24380.00 1.017315e-16
24390.00 9.752031e-17
24400.00 9.343828e-17
24410.00 8.948269e-17
24420.00 8.565205e-17
24430.00 8.194259e-17
24440.00 7.835166e-17
24450.00 7.487787e-17
24460.00 7.151755e-17
24470.00 6.826827e-17
24480.00 6.512846e-17
24490.00 6.209483e-17
24500.00 5.916501e-17
24510.00 5.633740e-17
24520.00 5.360882e-17
24530.00 5.097716e-17
24540.00 4.844064e-17
24550.00 4.599643e-17
24560.00 4.364243e-17
24570.00 4.137687e-17
24580.00 3.919708e-17
24590.00 3.710110e-17
24600.00 3.508712e-17
24610.00 3.315265e-17
24620.00 3.129584e-17
24630.00 2.951485e-17
24640.00 2.780737e-17
24650.00 2.617165e-17
24660.00 2.460584e-17
24670.00 2.310780e-17
24680.00 2.167582e-17
24690.00 2.030811e-17
24700.00 1.900266e-17
24710.00 1.775783e-17
24720.00 1.657186e-17
24730.00 1.544289e-17
24740.00 1.436931e-17
24750.00 1.334943e-17
24760.00 1.238148e-17
24770.00 1.146395e-17
24780.00 1.059518e-17
24790.00 9.773502e-18
24800.00 8.997459e-18
24810.00 8.265463e-18
24820.00 7.575943e-18
24830.00 6.927489e-18
24840.00 6.318580e-18
24850.00 5.747731e-18
24860.00 5.213584e-18
24870.00 4.714686e-18
24880.00 4.249633e-18
24890.00 3.817116e-18
24900.00 3.415751e-18
24910.00 3.044210e-18
24920.00 2.701229e-18
24930.00 2.385497e-18
24940.00 2.095752e-18
24950.00 1.830783e-18
24960.00 1.589344e-18
24970.00 1.370237e-18
24980.00 1.172300e-18
24990.00 9.943560e-19
25000.00 8.352634e-19
