1000.00 2.260452e-37
1010.00 3.209414e-30
1020.00 6.828672e-29
1030.00 4.669823e-28
1040.00 1.949953e-27
1050.00 6.197600e-27
1060.00 1.669969e-26
1070.00 3.900638e-26
1080.00 8.556875e-26
1090.00 1.708815e-25
1100.00 3.276758e-25
1110.00 5.945317e-25
1120.00 1.037672e-24
1130.00 1.764990e-24
1140.00 2.871041e-24
1150.00 4.664389e-24
1160.00 7.265553e-24
1170.00 1.127089e-23
1180.00 1.702761e-23
1190.00 2.535516e-23
1200.00 3.741271e-23
1210.00 5.378502e-23
1220.00 7.791219e-23
1230.00 1.096588e-22
1240.00 1.550434e-22
1250.00 2.151795e-22
1260.00 2.966752e-22
1270.00 4.070992e-22
1280.00 5.485607e-22
1290.00 7.458579e-22
1300.00 9.914389e-22
1310.00 1.328054e-21
1320.00 1.752058e-21
1330.00 2.304881e-21
1340.00 3.021918e-21
1350.00 3.908499e-21
1360.00 5.098488e-21
1370.00 6.526493e-21
1380.00 8.430403e-21
1390.00 1.074403e-20
1400.00 1.368380e-20
1410.00 1.737572e-20
1420.00 2.183349e-20
1430.00 2.764242e-20
1440.00 3.443280e-20
1450.00 4.330758e-20
1460.00 5.379981e-20
1470.00 6.688708e-20
1480.00 8.290813e-20
1490.00 1.019285e-19
1500.00 1.261210e-19
1510.00 1.538442e-19
1520.00 1.895305e-19
1530.00 2.307971e-19
1540.00 2.815551e-19
1550.00 3.423920e-19
1560.00 4.137169e-19
1570.00 5.025896e-19
1580.00 6.028453e-19
1590.00 7.303459e-19
1600.00 8.750873e-19
1610.00 1.051178e-18
1620.00 1.258461e-18
1630.00 1.499149e-18
1640.00 1.793720e-18
1650.00 2.121800e-18
1660.00 2.534916e-18
1670.00 2.996541e-18
1680.00 3.553205e-18
1690.00 4.198250e-18
1700.00 4.941583e-18
1710.00 5.836960e-18
1720.00 6.823603e-18
1730.00 8.055698e-18
1740.00 9.413580e-18
1750.00 1.103914e-17
1760.00 1.289668e-17
1770.00 1.502425e-17
1780.00 1.755056e-17
1790.00 2.031315e-17
1800.00 2.372977e-17
1810.00 2.745364e-17
1820.00 3.188445e-17
1830.00 3.688442e-17
1840.00 4.258276e-17
1850.00 4.926153e-17
1860.00 5.653785e-17
1870.00 6.541462e-17
1880.00 7.501609e-17
1890.00 8.638104e-17
1900.00 9.906053e-17
1910.00 1.134513e-16
1920.00 1.301181e-16
1930.00 1.482225e-16
1940.00 1.700319e-16
1950.00 1.934637e-16
1960.00 2.210757e-16
1970.00 2.515605e-16
1980.00 2.860401e-16
1990.00 3.255346e-16
2000.00 3.683349e-16
2010.00 4.192932e-16
2020.00 4.737141e-16
2030.00 5.375957e-16
2040.00 6.074444e-16
2050.00 6.862139e-16
2060.00 7.755203e-16
2070.00 8.721160e-16
2080.00 9.858740e-16
2090.00 1.106704e-15
2100.00 1.248059e-15
2110.00 1.401230e-15
2120.00 1.573529e-15
2130.00 1.767013e-15
2140.00 1.975965e-15
2150.00 2.219532e-15
2160.00 2.476959e-15
2170.00 2.777223e-15
2180.00 3.099842e-15
2190.00 3.461967e-15
2200.00 3.864967e-15
2210.00 4.299627e-15
2220.00 4.801429e-15
2230.00 5.329370e-15
2240.00 5.943543e-15
2250.00 6.598190e-15
2260.00 7.331626e-15
2270.00 8.140930e-15
2280.00 9.012884e-15
2290.00 1.001040e-14
2300.00 1.105542e-14
2310.00 1.226830e-14
2320.00 1.355135e-14
2330.00 1.498645e-14
2340.00 1.655726e-14
2350.00 1.824818e-14
2360.00 2.016593e-14
2370.00 2.216698e-14
2380.00 2.448470e-14
2390.00 2.691878e-14
2400.00 2.963747e-14
2410.00 3.259035e-14
2420.00 3.576665e-14
2430.00 3.933950e-14
2440.00 4.305346e-14
2450.00 4.734733e-14
2460.00 5.182543e-14
2470.00 5.682093e-14
2480.00 6.220673e-14
2490.00 6.799644e-14
2500.00 7.445786e-14
2510.00 8.115013e-14
2520.00 8.887502e-14
2530.00 9.687716e-14
2540.00 1.057943e-13
2550.00 1.153397e-13
2560.00 1.255955e-13
2570.00 1.369549e-13
2580.00 1.487068e-13
2590.00 1.621934e-13
2600.00 1.761012e-13
2610.00 1.915845e-13
2620.00 2.080448e-13
2630.00 2.257218e-13
2640.00 2.451589e-13
2650.00 2.652686e-13
2660.00 2.881697e-13
2670.00 3.117059e-13
2680.00 3.378871e-13
2690.00 3.655333e-13
2700.00 3.952116e-13
2710.00 4.276151e-13
2720.00 4.611417e-13
2730.00 4.990396e-13
2740.00 5.378585e-13
2750.00 5.810103e-13
2760.00 6.262769e-13
2770.00 6.748540e-13
2780.00 7.275285e-13
2790.00 7.820303e-13
2800.00 8.431974e-13
2810.00 9.056431e-13
2820.00 9.750198e-13
2830.00 1.047324e-12
2840.00 1.124894e-12
2850.00 1.208442e-12
2860.00 1.294887e-12
2870.00 1.391233e-12
2880.00 1.489264e-12
2890.00 1.598127e-12
2900.00 1.710851e-12
2910.00 1.831755e-12
2920.00 1.961116e-12
2930.00 2.094959e-12
2940.00 2.243120e-12
2950.00 2.393364e-12
2960.00 2.560155e-12
2970.00 2.731744e-12
2980.00 2.915750e-12
2990.00 3.111336e-12
3000.00 3.313678e-12
3010.00 3.536185e-12
3020.00 3.761035e-12
3030.00 4.010600e-12
3040.00 4.265669e-12
3050.00 4.539152e-12
3060.00 4.827945e-12
3070.00 5.126669e-12
3080.00 5.453018e-12
3090.00 5.781618e-12
3100.00 6.146316e-12
3110.00 6.516574e-12
3120.00 6.913523e-12
3130.00 7.329930e-12
3140.00 7.760558e-12
3150.00 8.227963e-12
3160.00 8.696821e-12
3170.00 9.217231e-12
3180.00 9.741962e-12
3190.00 1.030447e-11
3200.00 1.089061e-11
3210.00 1.149659e-11
3220.00 1.215007e-11
3230.00 1.280293e-11
3240.00 1.352781e-11
3250.00 1.425347e-11
3260.00 1.503136e-11
3270.00 1.583636e-11
3280.00 1.543632e-11
3290.00 1.251455e-11
3300.00 1.844616e-11
3310.00 1.931778e-12
3320.00 9.305941e-12
3330.00 6.821683e-12
3340.00 1.515487e-11
3350.00 1.721270e-11
3360.00 1.211599e-11
3370.00 2.095605e-11
3380.00 2.280959e-11
3390.00 9.868871e-12
3400.00 9.864021e-12
3410.00 2.120503e-11
3420.00 1.515375e-11
3430.00 1.014665e-11
3440.00 1.082074e-11
3450.00 5.603619e-12
3460.00 2.674385e-11
3470.00 2.980469e-11
3480.00 4.083861e-11
3490.00 4.976949e-11
3500.00 5.104321e-11
3510.00 8.565535e-11
3520.00 1.032869e-10
3530.00 8.906536e-11
3540.00 7.222124e-11
3550.00 8.179284e-11
3560.00 9.948423e-11
3570.00 9.993430e-11
3580.00 1.020408e-10
3590.00 1.132113e-10
3600.00 1.081968e-10
3610.00 1.351245e-10
3620.00 1.509586e-10
3630.00 1.666364e-10
3640.00 1.653460e-10
3650.00 1.565240e-10
3660.00 1.439506e-10
3670.00 1.652307e-10
3680.00 2.055605e-10
3690.00 2.128283e-10
3700.00 1.699048e-10
3710.00 1.877332e-10
3720.00 1.890502e-10
3730.00 1.730477e-10
3740.00 1.878470e-10
3750.00 1.971140e-10
3760.00 1.308130e-10
3770.00 1.059035e-10
3780.00 1.195695e-10
3790.00 8.324735e-11
3800.00 5.706499e-11
3810.00 8.182314e-11
3820.00 6.377140e-11
3830.00 5.763683e-11
3840.00 5.770738e-11
3850.00 1.028955e-10
3860.00 1.246757e-10
3870.00 1.259297e-10
3880.00 1.766035e-10
3890.00 1.622090e-10
3900.00 1.786230e-10
3910.00 2.026929e-10
3920.00 1.944751e-10
3930.00 2.242686e-10
3940.00 2.459553e-10
3950.00 2.946228e-10
3960.00 3.437041e-10
3970.00 3.851881e-10
3980.00 4.023246e-10
3990.00 4.015248e-10
4000.00 3.910814e-10
4010.00 3.739798e-10
4020.00 3.489827e-10
4030.00 2.969050e-10
4040.00 2.458709e-10
4050.00 2.440725e-10
4060.00 2.207015e-10
4070.00 2.110828e-10
4080.00 1.839260e-10
4090.00 1.812556e-10
4100.00 1.577732e-10
4110.00 1.593245e-10
4120.00 1.871826e-10
4130.00 1.469655e-10
4140.00 1.234818e-10
4150.00 1.453056e-10
4160.00 1.502617e-10
4170.00 1.183212e-10
4180.00 1.348991e-10
4190.00 1.256763e-10
4200.00 1.111910e-10
4210.00 1.480199e-10
4220.00 1.333318e-10
4230.00 1.395349e-10
4240.00 1.421390e-10
4250.00 1.392930e-10
4260.00 1.502274e-10
4270.00 1.220222e-10
4280.00 1.574482e-10
4290.00 1.341081e-10
4300.00 1.455413e-10
4310.00 1.314482e-10
4320.00 1.254920e-10
4330.00 1.396646e-10
4340.00 1.329856e-10
4350.00 1.180824e-10
4360.00 1.280499e-10
4370.00 1.242845e-10
4380.00 1.247920e-10
4390.00 9.002285e-11
4400.00 1.122948e-10
4410.00 9.149394e-11
4420.00 9.639467e-11
4430.00 1.041295e-10
4440.00 9.751226e-11
4450.00 9.374122e-11
4460.00 8.361094e-11
4470.00 1.259712e-10
4480.00 1.218204e-10
4490.00 1.480557e-10
4500.00 1.454957e-10
4510.00 1.538130e-10
4520.00 1.507496e-10
4530.00 1.742036e-10
4540.00 1.880836e-10
4550.00 2.337833e-10
4560.00 2.245780e-10
4570.00 2.740693e-10
4580.00 2.759320e-10
4590.00 3.133033e-10
4600.00 3.143061e-10
4610.00 3.441377e-10
4620.00 3.522140e-10
4630.00 3.452790e-10
4640.00 3.455025e-10
4650.00 3.394048e-10
4660.00 3.094882e-10
4670.00 2.747443e-10
4680.00 2.405739e-10
4690.00 2.055690e-10
4700.00 1.736781e-10
4710.00 1.473121e-10
4720.00 1.298628e-10
4730.00 1.146050e-10
4740.00 1.227947e-10
4750.00 1.342292e-10
4760.00 1.295433e-10
4770.00 1.304767e-10
4780.00 1.372244e-10
4790.00 1.568433e-10
4800.00 1.522555e-10
4810.00 1.797747e-10
4820.00 2.113358e-10
4830.00 2.212117e-10
4840.00 2.265389e-10
4850.00 2.042015e-10
4860.00 1.933107e-10
4870.00 1.798209e-10
4880.00 1.645755e-10
4890.00 1.749917e-10
4900.00 1.904327e-10
4910.00 1.911634e-10
4920.00 2.251485e-10
4930.00 2.375842e-10
4940.00 2.660372e-10
4950.00 2.946996e-10
4960.00 3.025642e-10
4970.00 3.128081e-10
4980.00 3.154373e-10
4990.00 2.909803e-10
5000.00 2.343543e-10
5010.00 1.897116e-10
5020.00 1.718398e-10
5030.00 1.454821e-10
5040.00 1.573174e-10
5050.00 1.445617e-10
5060.00 1.368502e-10
5070.00 1.438138e-10
5080.00 1.514122e-10
5090.00 1.450061e-10
5100.00 1.574032e-10
5110.00 1.759221e-10
5120.00 1.689087e-10
5130.00 1.795173e-10
5140.00 1.619168e-10
5150.00 1.617671e-10
5160.00 1.676068e-10
5170.00 1.739153e-10
5180.00 1.751010e-10
5190.00 1.848595e-10
5200.00 1.976277e-10
5210.00 1.976875e-10
5220.00 2.099142e-10
5230.00 2.177504e-10
5240.00 2.269124e-10
5250.00 2.440066e-10
5260.00 2.527649e-10
5270.00 2.515318e-10
5280.00 2.776827e-10
5290.00 2.783541e-10
5300.00 2.933053e-10
5310.00 3.038044e-10
5320.00 3.037681e-10
5330.00 3.039795e-10
5340.00 3.148104e-10
5350.00 3.018621e-10
5360.00 2.884211e-10
5370.00 2.892119e-10
5380.00 2.829169e-10
5390.00 2.752034e-10
5400.00 2.689578e-10
5410.00 2.699939e-10
5420.00 3.005511e-10
5430.00 3.172922e-10
5440.00 3.167594e-10
5450.00 3.368135e-10
5460.00 3.782243e-10
5470.00 4.018726e-10
5480.00 4.110755e-10
5490.00 4.550665e-10
5500.00 4.611106e-10
5510.00 4.796831e-10
5520.00 4.966435e-10
5530.00 5.097425e-10
5540.00 5.000038e-10
5550.00 5.013629e-10
5560.00 4.913602e-10
5570.00 4.405305e-10
5580.00 4.342502e-10
5590.00 4.179271e-10
5600.00 3.906843e-10
5610.00 3.668440e-10
5620.00 3.268875e-10
5630.00 3.048574e-10
5640.00 2.451499e-10
5650.00 1.895948e-10
5660.00 1.284076e-10
5670.00 9.952968e-11
5680.00 1.150138e-10
5690.00 1.314652e-10
5700.00 1.601621e-10
5710.00 1.811679e-10
5720.00 1.740376e-10
5730.00 1.764562e-10
5740.00 1.910289e-10
5750.00 1.926403e-10
5760.00 1.911681e-10
5770.00 1.990239e-10
5780.00 2.007089e-10
5790.00 2.010167e-10
5800.00 1.988344e-10
5810.00 2.106751e-10
5820.00 2.342156e-10
5830.00 2.293250e-10
5840.00 2.536538e-10
5850.00 2.705437e-10
5860.00 2.813066e-10
5870.00 3.022785e-10
5880.00 2.961202e-10
5890.00 3.124755e-10
5900.00 3.321459e-10
5910.00 3.066901e-10
5920.00 2.772921e-10
5930.00 2.589232e-10
5940.00 2.555890e-10
5950.00 2.400746e-10
5960.00 2.150494e-10
5970.00 2.193720e-10
5980.00 2.150035e-10
5990.00 2.079185e-10
6000.00 2.115597e-10
6010.00 2.035389e-10
6020.00 1.996771e-10
6030.00 2.080273e-10
6040.00 2.040409e-10
6050.00 2.087093e-10
6060.00 2.180104e-10
6070.00 2.190303e-10
6080.00 2.102295e-10
6090.00 2.142642e-10
6100.00 2.020908e-10
6110.00 2.123334e-10
6120.00 1.966103e-10
6130.00 2.044592e-10
6140.00 2.049639e-10
6150.00 2.003399e-10
6160.00 1.907636e-10
6170.00 1.944662e-10
6180.00 1.871376e-10
6190.00 1.859815e-10
6200.00 1.826520e-10
6210.00 1.749307e-10
6220.00 1.551709e-10
6230.00 1.558011e-10
6240.00 1.634711e-10
6250.00 1.675880e-10
6260.00 1.699194e-10
6270.00 1.560617e-10
6280.00 1.698735e-10
6290.00 1.754893e-10
6300.00 1.823945e-10
6310.00 1.776764e-10
6320.00 1.801100e-10
6330.00 1.940884e-10
6340.00 1.945900e-10
6350.00 2.081844e-10
6360.00 2.165347e-10
6370.00 2.208765e-10
6380.00 2.333989e-10
6390.00 2.378808e-10
6400.00 2.606363e-10
6410.00 2.669067e-10
6420.00 2.724146e-10
6430.00 3.019159e-10
6440.00 3.018589e-10
6450.00 2.981699e-10
6460.00 3.070394e-10
6470.00 3.061787e-10
6480.00 3.200498e-10
6490.00 3.502930e-10
6500.00 3.221684e-10
6510.00 3.262865e-10
6520.00 3.256494e-10
6530.00 3.233171e-10
6540.00 3.122389e-10
6550.00 2.969229e-10
6560.00 2.801040e-10
6570.00 2.807941e-10
6580.00 2.575057e-10
6590.00 2.360019e-10
6600.00 2.189125e-10
6610.00 1.937511e-10
6620.00 1.837694e-10
6630.00 1.603780e-10
6640.00 1.414977e-10
6650.00 1.354017e-10
6660.00 1.210444e-10
6670.00 1.177555e-10
6680.00 1.087353e-10
6690.00 9.942058e-11
6700.00 8.367821e-11
6710.00 9.978554e-11
6720.00 8.965514e-11
6730.00 8.671957e-11
6740.00 8.532068e-11
6750.00 7.298072e-11
6760.00 8.250563e-11
6770.00 7.849156e-11
6780.00 7.353253e-11
6790.00 7.692091e-11
6800.00 8.256604e-11
6810.00 8.118292e-11
6820.00 9.005888e-11
6830.00 8.551171e-11
6840.00 8.311175e-11
6850.00 7.548711e-11
6860.00 5.797902e-11
6870.00 7.042440e-11
6880.00 7.119380e-11
6890.00 8.095667e-11
6900.00 8.365645e-11
6910.00 8.301243e-11
6920.00 8.248368e-11
6930.00 9.754793e-11
6940.00 1.054095e-10
6950.00 1.076520e-10
6960.00 1.021979e-10
6970.00 1.011742e-10
6980.00 1.121051e-10
6990.00 1.127080e-10
7000.00 1.110525e-10
7010.00 1.159995e-10
7020.00 1.143477e-10
7030.00 1.258167e-10
7040.00 1.305051e-10
7050.00 1.496557e-10
7060.00 1.439862e-10
7070.00 1.603767e-10
7080.00 1.576328e-10
7090.00 1.670475e-10
7100.00 1.721683e-10
7110.00 1.757932e-10
7120.00 1.805413e-10
7130.00 1.752906e-10
7140.00 1.753847e-10
7150.00 1.686915e-10
7160.00 1.618206e-10
7170.00 1.569050e-10
7180.00 1.647587e-10
7190.00 1.690442e-10
7200.00 1.782065e-10
7210.00 1.800793e-10
7220.00 1.708823e-10
7230.00 1.774566e-10
7240.00 1.727304e-10
7250.00 1.703837e-10
7260.00 1.737487e-10
7270.00 1.799710e-10
7280.00 1.652301e-10
7290.00 1.658750e-10
7300.00 1.745145e-10
7310.00 1.773331e-10
7320.00 1.766753e-10
7330.00 1.788712e-10
7340.00 1.776363e-10
7350.00 1.834450e-10
7360.00 1.808549e-10
7370.00 1.775992e-10
7380.00 1.686471e-10
7390.00 1.717733e-10
7400.00 1.683128e-10
7410.00 2.125405e-10
7420.00 2.121243e-10
7430.00 1.937136e-10
7440.00 1.649408e-10
7450.00 1.412386e-10
7460.00 1.222777e-10
7470.00 1.077206e-10
7480.00 1.014408e-10
7490.00 8.671596e-11
7500.00 7.982711e-11
7510.00 7.820920e-11
7520.00 9.547546e-11
7530.00 1.006553e-10
7540.00 1.113469e-10
7550.00 1.215369e-10
7560.00 1.348340e-10
7570.00 1.440061e-10
7580.00 7.653126e-11
7590.00 4.093809e-11
7600.00 9.898796e-11
7610.00 7.658362e-11
7620.00 8.479219e-11
7630.00 1.133695e-10
7640.00 1.335437e-10
7650.00 1.513775e-10
7660.00 1.802970e-10
7670.00 1.966554e-10
7680.00 1.992672e-10
7690.00 2.236327e-10
7700.00 2.306981e-10
7710.00 2.240494e-10
7720.00 2.309977e-10
7730.00 2.592057e-10
7740.00 2.465381e-10
7750.00 2.417940e-10
7760.00 2.515171e-10
7770.00 2.581785e-10
7780.00 2.427816e-10
7790.00 2.391311e-10
7800.00 2.582197e-10
7810.00 2.553179e-10
7820.00 2.412833e-10
7830.00 2.477906e-10
7840.00 2.599848e-10
7850.00 2.511178e-10
7860.00 2.462179e-10
7870.00 2.533915e-10
7880.00 2.542131e-10
7890.00 2.404375e-10
7900.00 2.516897e-10
7910.00 2.410380e-10
7920.00 2.262413e-10
7930.00 2.313607e-10
7940.00 2.288603e-10
7950.00 2.078942e-10
7960.00 2.068190e-10
7970.00 2.173301e-10
7980.00 2.069281e-10
7990.00 1.939566e-10
8000.00 1.988709e-10
8010.00 2.008697e-10
8020.00 1.878496e-10
8030.00 1.822437e-10
8040.00 1.989525e-10
8050.00 1.899547e-10
8060.00 1.721544e-10
8070.00 1.742842e-10
8080.00 1.719334e-10
8090.00 1.565766e-10
8100.00 1.251475e-10
8110.00 1.122896e-10
8120.00 1.045032e-10
8130.00 8.642674e-11
8140.00 7.054111e-11
8150.00 6.065989e-11
8160.00 5.535874e-11
8170.00 5.025837e-11
8180.00 3.851403e-11
8190.00 4.190486e-11
8200.00 4.160789e-11
8210.00 3.809470e-11
8220.00 4.856373e-11
8230.00 5.192268e-11
8240.00 5.373650e-11
8250.00 6.933480e-11
8260.00 7.372512e-11
8270.00 7.263957e-11
8280.00 6.124029e-11
8290.00 5.853531e-11
8300.00 5.521486e-11
8310.00 6.208061e-11
8320.00 5.687712e-11
8330.00 5.210858e-11
8340.00 6.720635e-11
8350.00 7.510524e-11
8360.00 7.576784e-11
8370.00 7.524147e-11
8380.00 8.809334e-11
8390.00 9.896627e-11
8400.00 1.039098e-10
8410.00 1.084466e-10
8420.00 1.138008e-10
8430.00 1.343045e-10
8440.00 1.198884e-10
8450.00 1.287767e-10
8460.00 1.474095e-10
8470.00 1.565811e-10
8480.00 1.585232e-10
8490.00 1.531674e-10
8500.00 1.682259e-10
8510.00 1.855178e-10
8520.00 1.865988e-10
8530.00 1.685830e-10
8540.00 1.776032e-10
8550.00 1.843307e-10
8560.00 1.876079e-10
8570.00 1.886694e-10
8580.00 1.785448e-10
8590.00 1.869772e-10
8600.00 1.915261e-10
8610.00 1.842308e-10
8620.00 1.888844e-10
8630.00 1.815611e-10
8640.00 1.807375e-10
8650.00 1.743704e-10
8660.00 1.674522e-10
8670.00 1.642500e-10
8680.00 1.659271e-10
8690.00 1.635021e-10
8700.00 1.650176e-10
8710.00 1.469371e-10
8720.00 1.409712e-10
8730.00 1.362467e-10
8740.00 1.347464e-10
8750.00 1.385177e-10
8760.00 1.273765e-10
8770.00 1.323034e-10
8780.00 1.381493e-10
8790.00 1.470695e-10
8800.00 1.459811e-10
8810.00 1.374884e-10
8820.00 1.363426e-10
8830.00 1.483850e-10
8840.00 1.312656e-10
8850.00 1.205053e-10
8860.00 1.109068e-10
8870.00 1.016969e-10
8880.00 9.666151e-11
8890.00 7.950523e-11
8900.00 7.244948e-11
8910.00 9.102735e-11
8920.00 7.718001e-11
8930.00 7.444489e-11
8940.00 7.724342e-11
8950.00 7.416253e-11
8960.00 8.873711e-11
8970.00 9.258123e-11
8980.00 1.005627e-10
8990.00 1.029788e-10
9000.00 1.053794e-10
9010.00 1.104232e-10
9020.00 1.025562e-10
9030.00 9.957731e-11
9040.00 1.093593e-10
9050.00 1.029078e-10
9060.00 1.084270e-10
9070.00 1.076029e-10
9080.00 1.140267e-10
9090.00 1.194778e-10
9100.00 1.216886e-10
9110.00 1.194323e-10
9120.00 1.197543e-10
9130.00 1.237534e-10
9140.00 1.240850e-10
9150.00 1.250773e-10
9160.00 1.348766e-10
9170.00 1.357027e-10
9180.00 1.398745e-10
9190.00 1.379058e-10
9200.00 1.446528e-10
9210.00 1.339577e-10
9220.00 1.310100e-10
9230.00 1.238050e-10
9240.00 1.319073e-10
9250.00 1.374667e-10
9260.00 1.314682e-10
9270.00 1.304793e-10
9280.00 1.258518e-10
9290.00 1.224825e-10
9300.00 1.212232e-10
9310.00 1.187393e-10
9320.00 1.226026e-10
9330.00 1.233678e-10
9340.00 1.249397e-10
9350.00 1.253420e-10
9360.00 1.343970e-10
9370.00 1.386366e-10
9380.00 1.440347e-10
9390.00 1.409774e-10
9400.00 1.376034e-10
9410.00 1.396064e-10
9420.00 1.451715e-10
9430.00 1.420863e-10
9440.00 1.464259e-10
9450.00 1.358581e-10
9460.00 1.460653e-10
9470.00 1.422665e-10
9480.00 1.467441e-10
9490.00 1.494217e-10
9500.00 1.440995e-10
9510.00 1.585282e-10
9520.00 1.560094e-10
9530.00 1.415762e-10
9540.00 1.402258e-10
9550.00 1.424827e-10
9560.00 1.288230e-10
9570.00 1.233165e-10
9580.00 1.244074e-10
9590.00 1.216377e-10
9600.00 1.176216e-10
9610.00 1.178969e-10
9620.00 1.170888e-10
9630.00 1.100336e-10
9640.00 1.228377e-10
9650.00 1.189968e-10
9660.00 1.131713e-10
9670.00 1.086259e-10
9680.00 1.081753e-10
9690.00 1.308339e-10
9700.00 1.077726e-10
9710.00 1.153172e-10
9720.00 1.218082e-10
9730.00 1.139348e-10
9740.00 1.040477e-10
9750.00 8.753997e-11
9760.00 1.021357e-10
9770.00 9.260723e-11
9780.00 1.069571e-10
9790.00 9.379315e-11
9800.00 9.654517e-11
9810.00 1.131582e-10
9820.00 1.134067e-10
9830.00 8.558328e-11
9840.00 1.051564e-10
9850.00 1.298911e-10
9860.00 1.068860e-10
9870.00 1.093098e-10
9880.00 9.128383e-11
9890.00 1.023826e-10
9900.00 9.843653e-11
9910.00 9.510713e-11
9920.00 9.177879e-11
9930.00 8.845164e-11
9940.00 8.812140e-11
9950.00 8.779147e-11
9960.00 8.746191e-11
9970.00 8.713354e-11
9980.00 8.680549e-11
9990.00 8.647780e-11
10000.00 8.615130e-11
10010.00 8.582511e-11
10020.00 8.549936e-11
10030.00 8.517473e-11
10040.00 8.485042e-11
10050.00 8.452666e-11
10060.00 8.420390e-11
10070.00 8.388158e-11
10080.00 8.355969e-11
10090.00 8.323893e-11
10100.00 8.291854e-11
10110.00 8.259865e-11
10120.00 8.227982e-11
10130.00 8.196136e-11
10140.00 8.164359e-11
10150.00 8.132675e-11
10160.00 8.101029e-11
10170.00 8.069445e-11
10180.00 8.037961e-11
10190.00 8.006521e-11
10200.00 7.975142e-11
10210.00 7.943864e-11
10220.00 7.912623e-11
10230.00 7.881451e-11
10240.00 7.850378e-11
10250.00 7.819343e-11
10260.00 7.788382e-11
10270.00 7.757509e-11
10280.00 7.726692e-11
10290.00 7.695938e-11
10300.00 7.665277e-11
10310.00 7.634659e-11
10320.00 7.604123e-11
10330.00 7.573673e-11
10340.00 7.543268e-11
10350.00 7.512943e-11
10360.00 7.482706e-11
10370.00 7.452513e-11
10380.00 7.422406e-11
10390.00 7.392381e-11
10400.00 7.362399e-11
10410.00 7.332511e-11
10420.00 7.302704e-11
10430.00 7.272941e-11
10440.00 7.243265e-11
10450.00 7.213670e-11
10460.00 7.184125e-11
10470.00 7.154673e-11
10480.00 7.125296e-11
10490.00 7.095975e-11
10500.00 7.066742e-11
10510.00 7.037583e-11
10520.00 7.008474e-11
10530.00 6.979465e-11
10540.00 6.950531e-11
10550.00 6.921641e-11
10560.00 6.892856e-11
10570.00 6.864140e-11
10580.00 6.835480e-11
10590.00 6.806914e-11
10600.00 6.778422e-11
10610.00 6.749981e-11
10620.00 6.721639e-11
10630.00 6.693371e-11
10640.00 6.665154e-11
10650.00 6.637043e-11
10660.00 6.609000e-11
10670.00 6.581008e-11
10680.00 6.553121e-11
10690.00 6.525296e-11
10700.00 6.497534e-11
10710.00 6.469872e-11
10720.00 6.442278e-11
10730.00 6.414740e-11
10740.00 6.387309e-11
10750.00 6.359945e-11
10760.00 6.332632e-11
10770.00 6.305425e-11
10780.00 6.278286e-11
10790.00 6.251197e-11
10800.00 6.224231e-11
10810.00 6.197317e-11
10820.00 6.170459e-11
10830.00 6.143714e-11
10840.00 6.117030e-11
10850.00 6.090405e-11
10860.00 6.063889e-11
10870.00 6.037432e-11
10880.00 6.011037e-11
10890.00 5.984751e-11
10900.00 5.958522e-11
10910.00 5.932358e-11
10920.00 5.906301e-11
10930.00 5.880302e-11
10940.00 5.854369e-11
10950.00 5.828541e-11
10960.00 5.802771e-11
10970.00 5.777070e-11
10980.00 5.751471e-11
10990.00 5.725932e-11
11000.00 5.700461e-11
11010.00 5.675093e-11
11020.00 5.649782e-11
11030.00 5.624544e-11
11040.00 5.599404e-11
11050.00 5.574325e-11
11060.00 5.549318e-11
11070.00 5.524408e-11
11080.00 5.499558e-11
11090.00 5.474783e-11
11100.00 5.450103e-11
11110.00 5.425482e-11
11120.00 5.400939e-11
11130.00 5.376489e-11
11140.00 5.352098e-11
11150.00 5.327785e-11
11160.00 5.303565e-11
11170.00 5.279403e-11
11180.00 5.255323e-11
11190.00 5.231331e-11
11200.00 5.207400e-11
11210.00 5.183550e-11
11220.00 5.159787e-11
11230.00 5.136085e-11
11240.00 5.112466e-11
11250.00 5.088932e-11
11260.00 5.065459e-11
11270.00 5.042070e-11
11280.00 5.018764e-11
11290.00 4.995520e-11
11300.00 4.972361e-11
11310.00 4.949284e-11
11320.00 4.926268e-11
11330.00 4.903338e-11
11340.00 4.880489e-11
11350.00 4.857700e-11
11360.00 4.834999e-11
11370.00 4.812378e-11
11380.00 4.789817e-11
11390.00 4.767345e-11
11400.00 4.744950e-11
11410.00 4.722615e-11
11420.00 4.700371e-11
11430.00 4.678202e-11
11440.00 4.656095e-11
11450.00 4.634078e-11
11460.00 4.612135e-11
11470.00 4.590253e-11
11480.00 4.568463e-11
11490.00 4.546745e-11
11500.00 4.525088e-11
11510.00 4.503524e-11
11520.00 4.482031e-11
11530.00 4.460598e-11
11540.00 4.439260e-11
11550.00 4.417990e-11
11560.00 4.396782e-11
11570.00 4.375668e-11
11580.00 4.354621e-11
11590.00 4.333636e-11
11600.00 4.312746e-11
11610.00 4.291922e-11
11620.00 4.271158e-11
11630.00 4.250491e-11
11640.00 4.229889e-11
11650.00 4.209347e-11
11660.00 4.188902e-11
11670.00 4.168520e-11
11680.00 4.148199e-11
11690.00 4.127975e-11
11700.00 4.107814e-11
11710.00 4.087713e-11
11720.00 4.067709e-11
11730.00 4.047766e-11
11740.00 4.027885e-11
11750.00 4.008100e-11
11760.00 3.988375e-11
11770.00 3.968713e-11
11780.00 3.949146e-11
11790.00 3.929637e-11
11800.00 3.910194e-11
11810.00 3.890843e-11
11820.00 3.871551e-11
11830.00 3.852325e-11
11840.00 3.833189e-11
11850.00 3.814112e-11
11860.00 3.795102e-11
11870.00 3.776179e-11
11880.00 3.757317e-11
11890.00 3.738522e-11
11900.00 3.719814e-11
11910.00 3.701164e-11
11920.00 3.682583e-11
11930.00 3.664087e-11
11940.00 3.645649e-11
11950.00 3.627281e-11
11960.00 3.608996e-11
11970.00 3.590769e-11
11980.00 3.572613e-11
11990.00 3.554538e-11
12000.00 3.536521e-11
12010.00 3.518575e-11
12020.00 3.500708e-11
12030.00 3.482900e-11
12040.00 3.465163e-11
12050.00 3.447505e-11
12060.00 3.429905e-11
12070.00 3.412375e-11
12080.00 3.394923e-11
12090.00 3.377529e-11
12100.00 3.360207e-11
12110.00 3.342961e-11
12120.00 3.325772e-11
12130.00 3.308655e-11
12140.00 3.291613e-11
12150.00 3.274628e-11
12160.00 3.257715e-11
12170.00 3.240875e-11
12180.00 3.224093e-11
12190.00 3.207384e-11
12200.00 3.190746e-11
12210.00 3.174165e-11
12220.00 3.157658e-11
12230.00 3.141219e-11
12240.00 3.124838e-11
12250.00 3.108531e-11
12260.00 3.092293e-11
12270.00 3.076110e-11
12280.00 3.060003e-11
12290.00 3.043961e-11
12300.00 3.027976e-11
12310.00 3.012067e-11
12320.00 2.996222e-11
12330.00 2.980433e-11
12340.00 2.964719e-11
12350.00 2.949070e-11
12360.00 2.933476e-11
12370.00 2.917958e-11
12380.00 2.902502e-11
12390.00 2.887101e-11
12400.00 2.871776e-11
12410.00 2.856512e-11
12420.00 2.841303e-11
12430.00 2.826171e-11
12440.00 2.811099e-11
12450.00 2.796080e-11
12460.00 2.781139e-11
12470.00 2.766256e-11
12480.00 2.751427e-11
12490.00 2.736675e-11
12500.00 2.721980e-11
12510.00 2.707339e-11
12520.00 2.692775e-11
12530.00 2.678266e-11
12540.00 2.663812e-11
12550.00 2.649434e-11
12560.00 2.635111e-11
12570.00 2.620842e-11
12580.00 2.606649e-11
12590.00 2.592510e-11
12600.00 2.578424e-11
12610.00 2.564415e-11
12620.00 2.550458e-11
12630.00 2.536556e-11
12640.00 2.522728e-11
12650.00 2.508952e-11
12660.00 2.495231e-11
12670.00 2.481583e-11
12680.00 2.467987e-11
12690.00 2.454446e-11
12700.00 2.440976e-11
12710.00 2.427558e-11
12720.00 2.414195e-11
12730.00 2.400903e-11
12740.00 2.387662e-11
12750.00 2.374476e-11
12760.00 2.361359e-11
12770.00 2.348293e-11
12780.00 2.335282e-11
12790.00 2.322339e-11
12800.00 2.309447e-11
12810.00 2.296610e-11
12820.00 2.283840e-11
12830.00 2.271119e-11
12840.00 2.258455e-11
12850.00 2.245855e-11
12860.00 2.233306e-11
12870.00 2.220813e-11
12880.00 2.208383e-11
12890.00 2.196003e-11
12900.00 2.183679e-11
12910.00 2.171417e-11
12920.00 2.159204e-11
12930.00 2.147048e-11
12940.00 2.134953e-11
12950.00 2.122907e-11
12960.00 2.110917e-11
12970.00 2.098987e-11
12980.00 2.087106e-11
12990.00 2.075281e-11
13000.00 2.063514e-11
13010.00 2.051796e-11
13020.00 2.040134e-11
13030.00 2.028530e-11
13040.00 2.016973e-11
13050.00 2.005473e-11
13060.00 1.994029e-11
13070.00 1.982633e-11
13080.00 1.971293e-11
13090.00 1.960008e-11
13100.00 1.948770e-11
13110.00 1.937589e-11
13120.00 1.926463e-11
13130.00 1.915381e-11
13140.00 1.904358e-11
13150.00 1.893387e-11
13160.00 1.882462e-11
13170.00 1.871593e-11
13180.00 1.860777e-11
13190.00 1.850006e-11
13200.00 1.839292e-11
13210.00 1.828628e-11
13220.00 1.818010e-11
13230.00 1.807448e-11
13240.00 1.796936e-11
13250.00 1.786469e-11
13260.00 1.776058e-11
13270.00 1.765697e-11
13280.00 1.755379e-11
13290.00 1.745119e-11
13300.00 1.734905e-11
13310.00 1.724736e-11
13320.00 1.714623e-11
13330.00 1.704556e-11
13340.00 1.694533e-11
13350.00 1.684567e-11
13360.00 1.674646e-11
13370.00 1.664769e-11
13380.00 1.654947e-11
13390.00 1.645170e-11
13400.00 1.635436e-11
13410.00 1.625758e-11
13420.00 1.616123e-11
13430.00 1.606532e-11
13440.00 1.596995e-11
13450.00 1.587502e-11
13460.00 1.578051e-11
13470.00 1.568655e-11
13480.00 1.559301e-11
13490.00 1.549989e-11
13500.00 1.540732e-11
13510.00 1.531517e-11
13520.00 1.522343e-11
13530.00 1.513223e-11
13540.00 1.504144e-11
13550.00 1.495107e-11
13560.00 1.486122e-11
13570.00 1.477178e-11
13580.00 1.468276e-11
13590.00 1.459426e-11
13600.00 1.450616e-11
13610.00 1.441847e-11
13620.00 1.433129e-11
13630.00 1.424451e-11
13640.00 1.415815e-11
13650.00 1.407229e-11
13660.00 1.398681e-11
13670.00 1.390175e-11
13680.00 1.381718e-11
13690.00 1.373300e-11
13700.00 1.364924e-11
13710.00 1.356595e-11
13720.00 1.348305e-11
13730.00 1.340056e-11
13740.00 1.331854e-11
13750.00 1.323690e-11
13760.00 1.315568e-11
13770.00 1.307491e-11
13780.00 1.299452e-11
13790.00 1.291454e-11
13800.00 1.283502e-11
13810.00 1.275586e-11
13820.00 1.267712e-11
13830.00 1.259882e-11
13840.00 1.252089e-11
13850.00 1.244337e-11
13860.00 1.236628e-11
13870.00 1.228955e-11
13880.00 1.221323e-11
13890.00 1.213734e-11
13900.00 1.206180e-11
13910.00 1.198668e-11
13920.00 1.191197e-11
13930.00 1.183761e-11
13940.00 1.176367e-11
13950.00 1.169012e-11
13960.00 1.161693e-11
13970.00 1.154414e-11
13980.00 1.147175e-11
13990.00 1.139972e-11
14000.00 1.132808e-11
14010.00 1.125683e-11
14020.00 1.118593e-11
14030.00 1.111543e-11
14040.00 1.104531e-11
14050.00 1.097553e-11
14060.00 1.090615e-11
14070.00 1.083715e-11
14080.00 1.076847e-11
14090.00 1.070020e-11
14100.00 1.063230e-11
14110.00 1.056473e-11
14120.00 1.049754e-11
14130.00 1.043073e-11
14140.00 1.036423e-11
14150.00 1.029814e-11
14160.00 1.023239e-11
14170.00 1.016697e-11
14180.00 1.010194e-11
14190.00 1.003725e-11
14200.00 9.972887e-12
14210.00 9.908909e-12
14220.00 9.845267e-12
14230.00 9.781944e-12
14240.00 9.719013e-12
14250.00 9.656406e-12
14260.00 9.594111e-12
14270.00 9.532203e-12
14280.00 9.470613e-12
14290.00 9.409334e-12
14300.00 9.348442e-12
14310.00 9.287861e-12
14320.00 9.227586e-12
14330.00 9.167698e-12
14340.00 9.108115e-12
14350.00 9.048832e-12
14360.00 8.989922e-12
14370.00 8.931318e-12
14380.00 8.873019e-12
14390.00 8.815089e-12
14400.00 8.757451e-12
14410.00 8.700112e-12
14420.00 8.643148e-12
14430.00 8.586470e-12
14440.00 8.530086e-12
14450.00 8.474063e-12
14460.00 8.418333e-12
14470.00 8.362890e-12
14480.00 8.307808e-12
14490.00 8.253007e-12
14500.00 8.198493e-12
14510.00 8.144334e-12
14520.00 8.090449e-12
14530.00 8.036858e-12
14540.00 7.983603e-12
14550.00 7.930628e-12
14560.00 7.877941e-12
14570.00 7.825590e-12
14580.00 7.773507e-12
14590.00 7.721717e-12
14600.00 7.670245e-12
14610.00 7.619048e-12
14620.00 7.568137e-12
14630.00 7.517544e-12
14640.00 7.467213e-12
14650.00 7.417176e-12
14660.00 7.367443e-12
14670.00 7.317979e-12
14680.00 7.268789e-12
14690.00 7.219910e-12
14700.00 7.171294e-12
14710.00 7.122952e-12
14720.00 7.074909e-12
14730.00 7.027128e-12
14740.00 6.979621e-12
14750.00 6.932414e-12
14760.00 6.885449e-12
14770.00 6.838766e-12
14780.00 6.792369e-12
14790.00 6.746221e-12
14800.00 6.700354e-12
14810.00 6.654761e-12
14820.00 6.609418e-12
14830.00 6.564343e-12
14840.00 6.519542e-12
14850.00 6.474990e-12
14860.00 6.430707e-12
14870.00 6.386691e-12
14880.00 6.342919e-12
14890.00 6.299409e-12
14900.00 6.256166e-12
14910.00 6.213158e-12
14920.00 6.170419e-12
14930.00 6.127935e-12
14940.00 6.085685e-12
14950.00 6.043701e-12
14960.00 6.001967e-12
14970.00 5.960463e-12
14980.00 5.919224e-12
14990.00 5.878229e-12
15000.00 5.837461e-12
15010.00 5.796956e-12
15020.00 5.756689e-12
15030.00 5.716647e-12
15040.00 5.676865e-12
15050.00 5.637316e-12
15060.00 5.597988e-12
15070.00 5.558919e-12
15080.00 5.520078e-12
15090.00 5.481453e-12
15100.00 5.443086e-12
15110.00 5.404943e-12
15120.00 5.367013e-12
15130.00 5.329338e-12
15140.00 5.291881e-12
15150.00 5.254636e-12
15160.00 5.217643e-12
15170.00 5.180863e-12
15180.00 5.144290e-12
15190.00 5.107968e-12
15200.00 5.071856e-12
15210.00 5.035948e-12
15220.00 5.000288e-12
15230.00 4.964832e-12
15240.00 4.929578e-12
15250.00 4.894569e-12
15260.00 4.859761e-12
15270.00 4.825152e-12
15280.00 4.790784e-12
15290.00 4.756613e-12
15300.00 4.722641e-12
15310.00 4.688904e-12
15320.00 4.655361e-12
15330.00 4.622015e-12
15340.00 4.588899e-12
15350.00 4.555975e-12
15360.00 4.523245e-12
15370.00 4.490742e-12
15380.00 4.458426e-12
15390.00 4.426304e-12
15400.00 4.394403e-12
15410.00 4.362688e-12
15420.00 4.331164e-12
15430.00 4.299857e-12
15440.00 4.268732e-12
15450.00 4.237797e-12
15460.00 4.207073e-12
15470.00 4.176530e-12
15480.00 4.146175e-12
15490.00 4.116028e-12
15500.00 4.086056e-12
15510.00 4.056272e-12
15520.00 4.026691e-12
15530.00 3.997283e-12
15540.00 3.968062e-12
15550.00 3.939037e-12
15560.00 3.910185e-12
15570.00 3.881516e-12
15580.00 3.853041e-12
15590.00 3.824734e-12
15600.00 3.796610e-12
15610.00 3.768676e-12
15620.00 3.740907e-12
15630.00 3.713318e-12
15640.00 3.685915e-12
15650.00 3.658676e-12
15660.00 3.631615e-12
15670.00 3.604734e-12
15680.00 3.578016e-12
15690.00 3.551475e-12
15700.00 3.525109e-12
15710.00 3.498903e-12
15720.00 3.472872e-12
15730.00 3.447013e-12
15740.00 3.421312e-12
15750.00 3.395783e-12
15760.00 3.370424e-12
15770.00 3.345218e-12
15780.00 3.320184e-12
15790.00 3.295314e-12
15800.00 3.270597e-12
15810.00 3.246049e-12
15820.00 3.221663e-12
15830.00 3.197426e-12
15840.00 3.173357e-12
15850.00 3.149446e-12
15860.00 3.125681e-12
15870.00 3.102083e-12
15880.00 3.078638e-12
15890.00 3.055339e-12
15900.00 3.032203e-12
15910.00 3.009219e-12
15920.00 2.986376e-12
15930.00 2.963696e-12
15940.00 2.941163e-12
15950.00 2.918771e-12
15960.00 2.896538e-12
15970.00 2.874450e-12
15980.00 2.852499e-12
15990.00 2.830708e-12
16000.00 2.809057e-12
16010.00 2.787541e-12
16020.00 2.766183e-12
16030.00 2.744961e-12
16040.00 2.723875e-12
16050.00 2.702941e-12
16060.00 2.682143e-12
16070.00 2.661476e-12
16080.00 2.640962e-12
16090.00 2.620579e-12
16100.00 2.600325e-12
16110.00 2.580224e-12
16120.00 2.560250e-12
16130.00 2.540403e-12
16140.00 2.520705e-12
16150.00 2.501133e-12
16160.00 2.481686e-12
16170.00 2.462386e-12
16180.00 2.443209e-12
16190.00 2.424157e-12
16200.00 2.405246e-12
16210.00 2.386457e-12
16220.00 2.367791e-12
16230.00 2.349265e-12
16240.00 2.330858e-12
16250.00 2.312572e-12
16260.00 2.294423e-12
16270.00 2.276391e-12
16280.00 2.258479e-12
16290.00 2.240701e-12
16300.00 2.223037e-12
16310.00 2.205493e-12
16320.00 2.188079e-12
16330.00 2.170777e-12
16340.00 2.153594e-12
16350.00 2.136538e-12
16360.00 2.119592e-12
16370.00 2.102764e-12
16380.00 2.086058e-12
16390.00 2.069464e-12
16400.00 2.052983e-12
16410.00 2.036624e-12
16420.00 2.020373e-12
16430.00 2.004235e-12
16440.00 1.988215e-12
16450.00 1.972302e-12
16460.00 1.956500e-12
16470.00 1.940813e-12
16480.00 1.925232e-12
16490.00 1.909760e-12
16500.00 1.894402e-12
16510.00 1.879145e-12
16520.00 1.863999e-12
16530.00 1.848962e-12
16540.00 1.834026e-12
16550.00 1.819198e-12
16560.00 1.804478e-12
16570.00 1.789856e-12
16580.00 1.775341e-12
16590.00 1.760931e-12
16600.00 1.746619e-12
16610.00 1.732410e-12
16620.00 1.718305e-12
16630.00 1.704296e-12
16640.00 1.690390e-12
16650.00 1.676585e-12
16660.00 1.662873e-12
16670.00 1.649263e-12
16680.00 1.635753e-12
16690.00 1.622333e-12
16700.00 1.609014e-12
16710.00 1.595792e-12
16720.00 1.582660e-12
16730.00 1.569627e-12
16740.00 1.556688e-12
16750.00 1.543838e-12
16760.00 1.531085e-12
16770.00 1.518425e-12
16780.00 1.505851e-12
16790.00 1.493374e-12
16800.00 1.480986e-12
16810.00 1.468684e-12
16820.00 1.456478e-12
16830.00 1.444359e-12
16840.00 1.432323e-12
16850.00 1.420381e-12
16860.00 1.408526e-12
16870.00 1.396752e-12
16880.00 1.385071e-12
16890.00 1.373473e-12
16900.00 1.361957e-12
16910.00 1.350531e-12
16920.00 1.339187e-12
16930.00 1.327922e-12
16940.00 1.316748e-12
16950.00 1.305652e-12
16960.00 1.294635e-12
16970.00 1.283706e-12
16980.00 1.272855e-12
16990.00 1.262081e-12
17000.00 1.251393e-12
17010.00 1.240782e-12
17020.00 1.230245e-12
17030.00 1.219795e-12
17040.00 1.209418e-12
17050.00 1.199116e-12
17060.00 1.188897e-12
17070.00 1.178752e-12
17080.00 1.168679e-12
17090.00 1.158687e-12
17100.00 1.148768e-12
17110.00 1.138920e-12
17120.00 1.129153e-12
17130.00 1.119455e-12
17140.00 1.109828e-12
17150.00 1.100280e-12
17160.00 1.090799e-12
17170.00 1.081389e-12
17180.00 1.072055e-12
17190.00 1.062789e-12
17200.00 1.053591e-12
17210.00 1.044468e-12
17220.00 1.035411e-12
17230.00 1.026421e-12
17240.00 1.017505e-12
17250.00 1.008653e-12
17260.00 9.998679e-13
17270.00 9.911534e-13
17280.00 9.825030e-13
17290.00 9.739181e-13
17300.00 9.654025e-13
17310.00 9.569491e-13
17320.00 9.485613e-13
17330.00 9.402401e-13
17340.00 9.319801e-13
17350.00 9.237848e-13
17360.00 9.156551e-13
17370.00 9.075846e-13
17380.00 8.995776e-13
17390.00 8.916349e-13
17400.00 8.837508e-13
17410.00 8.759290e-13
17420.00 8.681696e-13
17430.00 8.604681e-13
17440.00 8.528271e-13
17450.00 8.452473e-13
17460.00 8.377248e-13
17470.00 8.302615e-13
17480.00 8.228586e-13
17490.00 8.155101e-13
17500.00 8.082213e-13
17510.00 8.009912e-13
17520.00 7.938147e-13
17530.00 7.866968e-13
17540.00 7.796350e-13
17550.00 7.726268e-13
17560.00 7.656760e-13
17570.00 7.587807e-13
17580.00 7.519377e-13
17590.00 7.451503e-13
17600.00 7.384170e-13
17610.00 7.317355e-13
17620.00 7.251089e-13
17630.00 7.185347e-13
17640.00 7.120115e-13
17650.00 7.055420e-13
17660.00 6.991242e-13
17670.00 6.927557e-13
17680.00 6.864402e-13
17690.00 6.801752e-13
17700.00 6.739581e-13
17710.00 6.677935e-13
17720.00 6.616781e-13
17730.00 6.556095e-13
17740.00 6.495932e-13
17750.00 6.436243e-13
17760.00 6.377015e-13
17770.00 6.318299e-13
17780.00 6.260044e-13
17790.00 6.202244e-13
17800.00 6.144943e-13
17810.00 6.088095e-13
17820.00 6.031690e-13
17830.00 5.975777e-13
17840.00 5.920305e-13
17850.00 5.865268e-13
17860.00 5.810713e-13
17870.00 5.756589e-13
17880.00 5.702891e-13
17890.00 5.649666e-13
17900.00 5.596862e-13
17910.00 5.544474e-13
17920.00 5.492551e-13
17930.00 5.441039e-13
17940.00 5.389936e-13
17950.00 5.339287e-13
17960.00 5.289039e-13
17970.00 5.239194e-13
17980.00 5.189790e-13
17990.00 5.140780e-13
18000.00 5.092166e-13
18010.00 5.043982e-13
18020.00 4.996183e-13
18030.00 4.948774e-13
18040.00 4.901783e-13
18050.00 4.855170e-13
18060.00 4.808939e-13
18070.00 4.763118e-13
18080.00 4.717665e-13
18090.00 4.672587e-13
18100.00 4.627909e-13
18110.00 4.583591e-13
18120.00 4.539642e-13
18130.00 4.496082e-13
18140.00 4.452875e-13
18150.00 4.410031e-13
18160.00 4.367564e-13
18170.00 4.325445e-13
18180.00 4.283681e-13
18190.00 4.242285e-13
18200.00 4.201228e-13
18210.00 4.160521e-13
18220.00 4.120172e-13
18230.00 4.080156e-13
18240.00 4.040483e-13
18250.00 4.001159e-13
18260.00 3.962159e-13
18270.00 3.923496e-13
18280.00 3.885174e-13
18290.00 3.847170e-13
18300.00 3.809495e-13
18310.00 3.772153e-13
18320.00 3.735122e-13
18330.00 3.698414e-13
18340.00 3.662030e-13
18350.00 3.625950e-13
18360.00 3.590188e-13
18370.00 3.554741e-13
18380.00 3.519591e-13
18390.00 3.484753e-13
18400.00 3.450222e-13
18410.00 3.415981e-13
18420.00 3.382047e-13
18430.00 3.348412e-13
18440.00 3.315061e-13
18450.00 3.282010e-13
18460.00 3.249250e-13
18470.00 3.216769e-13
18480.00 3.184581e-13
18490.00 3.152677e-13
18500.00 3.121045e-13
18510.00 3.089701e-13
18520.00 3.058634e-13
18530.00 3.027832e-13
18540.00 2.997313e-13
18550.00 2.967063e-13
18560.00 2.937073e-13
18570.00 2.907360e-13
18580.00 2.877909e-13
18590.00 2.848712e-13
18600.00 2.819786e-13
18610.00 2.791116e-13
18620.00 2.762694e-13
18630.00 2.734538e-13
18640.00 2.706631e-13
18650.00 2.678965e-13
18660.00 2.651561e-13
18670.00 2.624399e-13
18680.00 2.597473e-13
18690.00 2.570803e-13
18700.00 2.544369e-13
18710.00 2.518166e-13
18720.00 2.492214e-13
18730.00 2.466491e-13
18740.00 2.440993e-13
18750.00 2.415742e-13
18760.00 2.390713e-13
18770.00 2.365905e-13
18780.00 2.341338e-13
18790.00 2.316988e-13
18800.00 2.292853e-13
18810.00 2.268953e-13
18820.00 2.245265e-13
18830.00 2.221789e-13
18840.00 2.198541e-13
18850.00 2.175500e-13
18860.00 2.152666e-13
18870.00 2.130054e-13
18880.00 2.107645e-13
18890.00 2.085438e-13
18900.00 2.063448e-13
18910.00 2.041655e-13
18920.00 2.020061e-13
18930.00 1.998677e-13
18940.00 1.977486e-13
18950.00 1.956489e-13
18960.00 1.935698e-13
18970.00 1.915094e-13
18980.00 1.894681e-13
18990.00 1.874466e-13
19000.00 1.854436e-13
19010.00 1.834593e-13
19020.00 1.814943e-13
19030.00 1.795472e-13
19040.00 1.776184e-13
19050.00 1.757084e-13
19060.00 1.738160e-13
19070.00 1.719413e-13
19080.00 1.700851e-13
19090.00 1.682458e-13
19100.00 1.664241e-13
19110.00 1.646202e-13
19120.00 1.628330e-13
19130.00 1.610629e-13
19140.00 1.593101e-13
19150.00 1.575736e-13
19160.00 1.558537e-13
19170.00 1.541509e-13
19180.00 1.524638e-13
19190.00 1.507931e-13
19200.00 1.491388e-13
19210.00 1.475000e-13
19220.00 1.458772e-13
19230.00 1.442703e-13
19240.00 1.426785e-13
19250.00 1.411024e-13
19260.00 1.395417e-13
19270.00 1.379958e-13
19280.00 1.364652e-13
19290.00 1.349497e-13
19300.00 1.334485e-13
19310.00 1.319622e-13
19320.00 1.304907e-13
19330.00 1.290332e-13
19340.00 1.275902e-13
19350.00 1.261614e-13
19360.00 1.247464e-13
19370.00 1.233456e-13
19380.00 1.219587e-13
19390.00 1.205851e-13
19400.00 1.192254e-13
19410.00 1.178792e-13
19420.00 1.165459e-13
19430.00 1.152263e-13
19440.00 1.139198e-13
19450.00 1.126259e-13
19460.00 1.113454e-13
19470.00 1.100775e-13
19480.00 1.088220e-13
19490.00 1.075795e-13
19500.00 1.063493e-13
19510.00 1.051312e-13
19520.00 1.039257e-13
19530.00 1.027323e-13
19540.00 1.015505e-13
19550.00 1.003811e-13
19560.00 9.922344e-14
19570.00 9.807717e-14
19580.00 9.694293e-14
19590.00 9.582010e-14
19600.00 9.470831e-14
19610.00 9.360842e-14
19620.00 9.251951e-14
19630.00 9.144138e-14
19640.00 9.037479e-14
19650.00 8.931891e-14
19660.00 8.827358e-14
19670.00 8.723947e-14
19680.00 8.621570e-14
19690.00 8.520229e-14
19700.00 8.419979e-14
19710.00 8.320738e-14
19720.00 8.222502e-14
19730.00 8.125331e-14
19740.00 8.029139e-14
19750.00 7.933926e-14
19760.00 7.839755e-14
19770.00 7.746530e-14
19780.00 7.654266e-14
19790.00 7.563000e-14
19800.00 7.472669e-14
19810.00 7.383266e-14
19820.00 7.294836e-14
19830.00 7.207317e-14
19840.00 7.120707e-14
19850.00 7.035040e-14
19860.00 6.950251e-14
19870.00 6.866353e-14
19880.00 6.783372e-14
19890.00 6.701246e-14
19900.00 6.619992e-14
19910.00 6.539623e-14
19920.00 6.460084e-14
19930.00 6.381398e-14
19940.00 6.303567e-14
19950.00 6.226552e-14
19960.00 6.150360e-14
19970.00 6.075005e-14
19980.00 6.000439e-14
19990.00 5.926675e-14
20000.00 5.853725e-14
20010.00 5.781540e-14
20020.00 5.710139e-14
20030.00 5.639525e-14
20040.00 5.569659e-14
20050.00 5.500555e-14
20060.00 5.432214e-14
20070.00 5.364599e-14
20080.00 5.297727e-14
20090.00 5.231596e-14
20100.00 5.166171e-14
20110.00 5.101470e-14
20120.00 5.037486e-14
20130.00 4.974189e-14
20140.00 4.911597e-14
20150.00 4.849701e-14
20160.00 4.788473e-14
20170.00 4.727931e-14
20180.00 4.668064e-14
20190.00 4.608846e-14
20200.00 4.550294e-14
20210.00 4.492399e-14
20220.00 4.435133e-14
20230.00 4.378518e-14
20240.00 4.322537e-14
20250.00 4.267169e-14
20260.00 4.212434e-14
20270.00 4.158313e-14
20280.00 4.104788e-14
20290.00 4.051879e-14
20300.00 3.999565e-14
20310.00 3.947830e-14
20320.00 3.896694e-14
20330.00 3.846135e-14
20340.00 3.796138e-14
20350.00 3.746724e-14
20360.00 3.697869e-14
20370.00 3.649560e-14
20380.00 3.601817e-14
20390.00 3.554617e-14
20400.00 3.507946e-14
20410.00 3.461827e-14
20420.00 3.416232e-14
20430.00 3.371152e-14
20440.00 3.326608e-14
20450.00 3.282572e-14
20460.00 3.239036e-14
20470.00 3.196020e-14
20480.00 3.153497e-14
20490.00 3.111460e-14
20500.00 3.069927e-14
20510.00 3.028873e-14
20520.00 2.988288e-14
20530.00 2.948195e-14
20540.00 2.908565e-14
20550.00 2.869390e-14
20560.00 2.830694e-14
20570.00 2.792445e-14
20580.00 2.754639e-14
20590.00 2.717297e-14
20600.00 2.680387e-14
20610.00 2.643909e-14
20620.00 2.607879e-14
20630.00 2.572270e-14
20640.00 2.537078e-14
20650.00 2.502321e-14
20660.00 2.467972e-14
20670.00 2.434029e-14
20680.00 2.400506e-14
20690.00 2.367379e-14
20700.00 2.334646e-14
20710.00 2.302319e-14
20720.00 2.270375e-14
20730.00 2.238816e-14
20740.00 2.207647e-14
20750.00 2.176852e-14
20760.00 2.146429e-14
20770.00 2.116384e-14
20780.00 2.086701e-14
20790.00 2.057379e-14
20800.00 2.028423e-14
20810.00 1.999817e-14
20820.00 1.971562e-14
20830.00 1.943661e-14
20840.00 1.916099e-14
20850.00 1.888877e-14
20860.00 1.861998e-14
20870.00 1.835447e-14
20880.00 1.809226e-14
20890.00 1.783336e-14
20900.00 1.757764e-14
20910.00 1.732512e-14
20920.00 1.707581e-14
20930.00 1.682956e-14
20940.00 1.658644e-14
20950.00 1.634639e-14
20960.00 1.610933e-14
20970.00 1.587528e-14
20980.00 1.564422e-14
20990.00 1.541604e-14
21000.00 1.519078e-14
21010.00 1.496840e-14
21020.00 1.474883e-14
21030.00 1.453208e-14
21040.00 1.431811e-14
21050.00 1.410685e-14
21060.00 1.389833e-14
21070.00 1.369249e-14
21080.00 1.348928e-14
21090.00 1.328872e-14
21100.00 1.309076e-14
21110.00 1.289533e-14
21120.00 1.270247e-14
21130.00 1.251213e-14
21140.00 1.232422e-14
21150.00 1.213880e-14
21160.00 1.195581e-14
21170.00 1.177519e-14
21180.00 1.159697e-14
21190.00 1.142110e-14
21200.00 1.124751e-14
21210.00 1.107625e-14
21220.00 1.090726e-14
21230.00 1.074047e-14
21240.00 1.057594e-14
21250.00 1.041359e-14
21260.00 1.025337e-14
21270.00 1.009534e-14
21280.00 9.939408e-15
21290.00 9.785547e-15
21300.00 9.633788e-15
21310.00 9.484067e-15
21320.00 9.336334e-15
21330.00 9.190647e-15
21340.00 9.046911e-15
21350.00 8.905102e-15
21360.00 8.765275e-15
21370.00 8.627325e-15
21380.00 8.491239e-15
21390.00 8.357054e-15
21400.00 8.224696e-15
21410.00 8.094134e-15
21420.00 7.965410e-15
21430.00 7.838445e-15
21440.00 7.713213e-15
21450.00 7.589758e-15
21460.00 7.467999e-15
21470.00 7.347910e-15
21480.00 7.229536e-15
21490.00 7.112796e-15
21500.00 6.997670e-15
21510.00 6.884203e-15
21520.00 6.772306e-15
21530.00 6.661975e-15
21540.00 6.553227e-15
21550.00 6.446006e-15
21560.00 6.340294e-15
21570.00 6.236110e-15
21580.00 6.133391e-15
21590.00 6.032128e-15
21600.00 5.932342e-15
21610.00 5.833966e-15
21620.00 5.736997e-15
21630.00 5.641447e-15
21640.00 5.547258e-15
21650.00 5.454425e-15
21660.00 5.362959e-15
21670.00 5.272803e-15
21680.00 5.183956e-15
21690.00 5.096424e-15
21700.00 5.010155e-15
21710.00 4.925147e-15
21720.00 4.841405e-15
21730.00 4.758879e-15
21740.00 4.677569e-15
21750.00 4.597476e-15
21760.00 4.518555e-15
21770.00 4.440805e-15
21780.00 4.364225e-15
21790.00 4.288774e-15
21800.00 4.214452e-15
21810.00 4.141254e-15
21820.00 4.069142e-15
21830.00 3.998119e-15
21840.00 3.928175e-15
21850.00 3.859277e-15
21860.00 3.791426e-15
21870.00 3.724614e-15
21880.00 3.658807e-15
21890.00 3.594009e-15
21900.00 3.530208e-15
21910.00 3.467375e-15
21920.00 3.405512e-15
21930.00 3.344607e-15
21940.00 3.284632e-15
21950.00 3.225591e-15
21960.00 3.167469e-15
21970.00 3.110242e-15
21980.00 3.053914e-15
21990.00 2.998468e-15
22000.00 2.943881e-15
22010.00 2.890159e-15
22020.00 2.837283e-15
22030.00 2.785234e-15
22040.00 2.734015e-15
22050.00 2.683609e-15
22060.00 2.633995e-15
22070.00 2.585181e-15
22080.00 2.537145e-15
22090.00 2.489871e-15
22100.00 2.443366e-15
22110.00 2.397606e-15
22120.00 2.352578e-15
22130.00 2.308287e-15
22140.00 2.264712e-15
22150.00 2.221839e-15
22160.00 2.179673e-15
22170.00 2.138195e-15
22180.00 2.097389e-15
22190.00 2.057263e-15
22200.00 2.017794e-15
22210.00 1.978971e-15
22220.00 1.940799e-15
22230.00 1.903259e-15
22240.00 1.866336e-15
22250.00 1.830040e-15
22260.00 1.794346e-15
22270.00 1.759246e-15
22280.00 1.724745e-15
22290.00 1.690822e-15
22300.00 1.657467e-15
22310.00 1.624687e-15
22320.00 1.592461e-15
22330.00 1.560778e-15
22340.00 1.529646e-15
22350.00 1.499043e-15
22360.00 1.468962e-15
22370.00 1.439408e-15
22380.00 1.410360e-15
22390.00 1.381812e-15
22400.00 1.353767e-15
22410.00 1.326207e-15
22420.00 1.299125e-15
22430.00 1.272525e-15
22440.00 1.246388e-15
22450.00 1.220710e-15
22460.00 1.195491e-15
22470.00 1.170716e-15
22480.00 1.146379e-15
22490.00 1.122481e-15
22500.00 1.099007e-15
22510.00 1.075952e-15
22520.00 1.053316e-15
22530.00 1.031085e-15
22540.00 1.009255e-15
22550.00 9.878260e-16
22560.00 9.667828e-16
22570.00 9.461230e-16
22580.00 9.258453e-16
22590.00 9.059368e-16
22600.00 8.863942e-16
22610.00 8.672157e-16
22620.00 8.483894e-16
22630.00 8.299130e-16
22640.00 8.117837e-16
22650.00 7.939905e-16
22660.00 7.765315e-16
22670.00 7.594035e-16
22680.00 7.425954e-16
22690.00 7.261058e-16
22700.00 7.099317e-16
22710.00 6.940631e-16
22720.00 6.784987e-16
22730.00 6.632336e-16
22740.00 6.482596e-16
22750.00 6.335762e-16
22760.00 6.191772e-16
22770.00 6.050563e-16
22780.00 5.912112e-16
22790.00 5.776376e-16
22800.00 5.643284e-16
22810.00 5.512818e-16
22820.00 5.384934e-16
22830.00 5.259566e-16
22840.00 5.136699e-16
22850.00 5.016287e-16
22860.00 4.898267e-16
22870.00 4.782626e-16
22880.00 4.669317e-16
22890.00 4.558283e-16
22900.00 4.449512e-16
22910.00 4.342954e-16
22920.00 4.238559e-16
22930.00 4.136315e-16
22940.00 4.036173e-16
22950.00 3.938084e-16
22960.00 3.842038e-16
22970.00 3.747985e-16
22980.00 3.655883e-16
22990.00 3.565720e-16
23000.00 3.477448e-16
23010.00 3.391026e-16
23020.00 3.306444e-16
23030.00 3.223655e-16
23040.00 3.142619e-16
23050.00 3.063329e-16
23060.00 2.985738e-16
23070.00 2.909808e-16
23080.00 2.835533e-16
23090.00 2.762865e-16
23100.00 2.691772e-16
23110.00 2.622246e-16
23120.00 2.554241e-16
23130.00 2.487728e-16
23140.00 2.422698e-16
23150.00 2.359106e-16
23160.00 2.296925e-16
23170.00 2.236147e-16
23180.00 2.176729e-16
23190.00 2.118645e-16
23200.00 2.061888e-16
23210.00 2.006415e-16
23220.00 1.952203e-16
23230.00 1.899244e-16
23240.00 1.847499e-16
23250.00 1.796943e-16
23260.00 1.747570e-16
23270.00 1.699342e-16
23280.00 1.652238e-16
23290.00 1.606249e-16
23300.00 1.561339e-16
23310.00 1.517490e-16
23320.00 1.474691e-16
23330.00 1.432910e-16
23340.00 1.392129e-16
23350.00 1.352337e-16
23360.00 1.313503e-16
23370.00 1.275611e-16
23380.00 1.238650e-16
23390.00 1.202590e-16
23400.00 1.167417e-16
23410.00 1.133119e-16
23420.00 1.099669e-16
23430.00 1.067052e-16
23440.00 1.035258e-16
23450.00 1.004261e-16
23460.00 9.740472e-17
23470.00 9.446055e-17
23480.00 9.159119e-17
23490.00 8.879541e-17
23500.00 8.607194e-17
23510.00 8.341873e-17
23520.00 8.083460e-17
23530.00 7.831818e-17
23540.00 7.586766e-17
23550.00 7.348179e-17
23560.00 7.115944e-17
23570.00 6.889876e-17
23580.00 6.669868e-17
23590.00 6.455788e-17
23600.00 6.247488e-17
23610.00 6.044856e-17
23620.00 5.847771e-17
23630.00 5.656081e-17
23640.00 5.469688e-17
23650.00 5.288477e-17
23660.00 5.112304e-17
23670.00 4.941078e-17
23680.00 4.774685e-17
23690.00 4.612991e-17
23700.00 4.455913e-17
23710.00 4.303337e-17
23720.00 4.155141e-17
23730.00 4.011244e-17
23740.00 3.871540e-17
23750.00 3.735912e-17
23760.00 3.604286e-17
23770.00 3.476557e-17
23780.00 3.352620e-17
23790.00 3.232402e-17
23800.00 3.115803e-17
23810.00 3.002727e-17
23820.00 2.893102e-17
23830.00 2.786836e-17
23840.00 2.683836e-17
23850.00 2.584038e-17
23860.00 2.487350e-17
23870.00 2.393689e-17
23880.00 2.302992e-17
23890.00 2.215174e-17
23900.00 2.130155e-17
23910.00 2.047878e-17
23920.00 1.968262e-17
23930.00 1.891231e-17
23940.00 1.816733e-17
23950.00 1.744688e-17
23960.00 1.675029e-17
23970.00 1.607705e-17
23980.00 1.542643e-17
23990.00 1.479778e-17
24000.00 1.419062e-17
24010.00 1.360426e-17
24020.00 1.303812e-17
24030.00 1.249173e-17
24040.00 1.196445e-17
24050.00 1.145573e-17
24060.00 1.096514e-17
24070.00 1.049206e-17
24080.00 1.003599e-17
24090.00 9.596524e-18
24100.00 9.173085e-18
24110.00 8.765219e-18
24120.00 8.372528e-18
24130.00 7.994482e-18
24140.00 7.630650e-18
24150.00 7.280665e-18
24160.00 6.944041e-18
24170.00 6.620366e-18
24180.00 6.309297e-18
24190.00 6.010382e-18
24200.00 5.723250e-18
24210.00 5.447566e-18
24220.00 5.182921e-18
24230.00 4.928965e-18
24240.00 4.685387e-18
24250.00 4.451809e-18
24260.00 4.227909e-18
24270.00 4.013391e-18
24280.00 3.807909e-18
24290.00 3.611168e-18
24300.00 3.422889e-18
24310.00 3.242754e-18
24320.00 3.070491e-18
24330.00 2.905839e-18
24340.00 2.748509e-18
24350.00 2.598248e-18
24360.00 2.454813e-18
24370.00 2.317942e-18
24380.00 2.187399e-18
24390.00 2.062962e-18
24400.00 1.944387e-18
24410.00 1.831463e-18
24420.00 1.723979e-18
24430.00 1.621716e-18
24440.00 1.524480e-18
24450.00 1.432075e-18
24460.00 1.344305e-18
24470.00 1.260988e-18
24480.00 1.181949e-18
24490.00 1.107005e-18
24500.00 1.035994e-18
24510.00 9.687510e-19
24520.00 9.051145e-19
24530.00 8.449355e-19
24540.00 7.880647e-19
24550.00 7.343534e-19
24560.00 6.836683e-19
24570.00 6.358736e-19
24580.00 5.908352e-19
24590.00 5.484316e-19
24600.00 5.085400e-19
24610.00 4.710411e-19
24620.00 4.358240e-19
24630.00 4.027785e-19
24640.00 3.717978e-19
24650.00 3.427819e-19
24660.00 3.156323e-19
24670.00 2.902532e-19
24680.00 2.665555e-19
24690.00 2.444510e-19
24700.00 2.238546e-19
24710.00 2.046870e-19
24720.00 1.868695e-19
24730.00 1.703270e-19
24740.00 1.549892e-19
24750.00 1.407865e-19
24760.00 1.276528e-19
24770.00 1.155260e-19
24780.00 1.043451e-19
24790.00 9.405225e-20
24800.00 8.459287e-20
24810.00 7.591379e-20
24820.00 6.796471e-20
24830.00 6.069818e-20
24840.00 5.406811e-20
24850.00 4.803099e-20
24860.00 4.254589e-20
24870.00 3.757325e-20
24880.00 3.307581e-20
24890.00 2.901851e-20
24900.00 2.536773e-20
24910.00 2.209184e-20
24920.00 1.916116e-20
24930.00 1.654738e-20
24940.00 1.422398e-20
24950.00 1.216613e-20
24960.00 1.035029e-20
24970.00 8.754521e-21
24980.00 7.358335e-21
24990.00 6.142473e-21
25000.00 5.089036e-21
