1000.00 2.667371e-44
1010.00 3.849373e-33
1020.00 2.745840e-31
1030.00 3.649477e-30
1040.00 2.386272e-29
1050.00 1.059163e-28
1060.00 3.715502e-28
1070.00 1.077919e-27
1080.00 2.840191e-27
1090.00 6.644381e-27
1100.00 1.464048e-26
1110.00 3.006053e-26
1120.00 5.864206e-26
1130.00 1.103506e-25
1140.00 1.968923e-25
1150.00 3.483172e-25
1160.00 5.871097e-25
1170.00 9.802069e-25
1180.00 1.586191e-24
1190.00 2.519337e-24
1200.00 3.950363e-24
1210.00 6.014897e-24
1220.00 9.200660e-24
1230.00 1.363726e-23
1240.00 2.025528e-23
1250.00 2.946548e-23
1260.00 4.249424e-23
1270.00 6.087885e-23
1280.00 8.549755e-23
1290.00 1.209624e-22
1300.00 1.670625e-22
1310.00 2.321916e-22
1320.00 3.174219e-22
1330.00 4.321866e-22
1340.00 5.858010e-22
1350.00 7.824611e-22
1360.00 1.053047e-21
1370.00 1.389422e-21
1380.00 1.848274e-21
1390.00 2.423746e-21
1400.00 3.173848e-21
1410.00 4.140537e-21
1420.00 5.341507e-21
1430.00 6.938268e-21
1440.00 8.861411e-21
1450.00 1.142050e-20
1460.00 1.452914e-20
1470.00 1.848833e-20
1480.00 2.344330e-20
1490.00 2.946881e-20
1500.00 3.726397e-20
1510.00 4.643171e-20
1520.00 5.840504e-20
1530.00 7.258608e-20
1540.00 9.033557e-20
1550.00 1.120261e-19
1560.00 1.379856e-19
1570.00 1.708124e-19
1580.00 2.087053e-19
1590.00 2.574717e-19
1600.00 3.140383e-19
1610.00 3.838837e-19
1620.00 4.675442e-19
1630.00 5.664448e-19
1640.00 6.890855e-19
1650.00 8.285283e-19
1660.00 1.005853e-18
1670.00 1.207942e-18
1680.00 1.454758e-18
1690.00 1.745331e-18
1700.00 2.085503e-18
1710.00 2.500153e-18
1720.00 2.965732e-18
1730.00 3.551930e-18
1740.00 4.209861e-18
1750.00 5.006227e-18
1760.00 5.929646e-18
1770.00 7.002196e-18
1780.00 8.289747e-18
1790.00 9.722012e-18
1800.00 1.150596e-17
1810.00 1.348354e-17
1820.00 1.585927e-17
1830.00 1.857700e-17
1840.00 2.171321e-17
1850.00 2.542653e-17
1860.00 2.953522e-17
1870.00 3.458056e-17
1880.00 4.012395e-17
1890.00 4.674097e-17
1900.00 5.421864e-17
1910.00 6.280101e-17
1920.00 7.283583e-17
1930.00 8.389099e-17
1940.00 9.729032e-17
1950.00 1.118978e-16
1960.00 1.292388e-16
1970.00 1.486181e-16
1980.00 1.707586e-16
1990.00 1.963491e-16
2000.00 2.244407e-16
2010.00 2.580807e-16
2020.00 2.945003e-16
2030.00 3.375288e-16
2040.00 3.851251e-16
2050.00 4.392893e-16
2060.00 5.012293e-16
2070.00 5.690198e-16
2080.00 6.492952e-16
2090.00 7.356626e-16
2100.00 8.372765e-16
2110.00 9.486143e-16
2120.00 1.074888e-15
2130.00 1.217861e-15
2140.00 1.373945e-15
2150.00 1.556851e-15
2160.00 1.752524e-15
2170.00 1.981890e-15
2180.00 2.230988e-15
2190.00 2.512669e-15
2200.00 2.828649e-15
2210.00 3.172867e-15
2220.00 3.572292e-15
2230.00 3.997380e-15
2240.00 4.494039e-15
2250.00 5.028950e-15
2260.00 5.632265e-15
2270.00 6.303143e-15
2280.00 7.032633e-15
2290.00 7.871320e-15
2300.00 8.759614e-15
2310.00 9.794438e-15
2320.00 1.090022e-14
2330.00 1.214458e-14
2340.00 1.351687e-14
2350.00 1.500668e-14
2360.00 1.670456e-14
2370.00 1.849480e-14
2380.00 2.057496e-14
2390.00 2.278115e-14
2400.00 2.525884e-14
2410.00 2.796978e-14
2420.00 3.090883e-14
2430.00 3.423057e-14
2440.00 3.771823e-14
2450.00 4.176132e-14
2460.00 4.601876e-14
2470.00 5.079153e-14
2480.00 5.597449e-14
2490.00 6.158670e-14
2500.00 6.787949e-14
2510.00 7.446022e-14
2520.00 8.207308e-14
2530.00 9.003445e-14
2540.00 9.894545e-14
2550.00 1.085524e-13
2560.00 1.189439e-13
2570.00 1.305072e-13
2580.00 1.425797e-13
2590.00 1.564631e-13
2600.00 1.709128e-13
2610.00 1.870632e-13
2620.00 2.043539e-13
2630.00 2.230387e-13
2640.00 2.436789e-13
2650.00 2.652180e-13
2660.00 2.897980e-13
2670.00 3.152869e-13
2680.00 3.437401e-13
2690.00 3.739963e-13
2700.00 4.066644e-13
2710.00 4.424967e-13
2720.00 4.798735e-13
2730.00 5.222132e-13
2740.00 5.659610e-13
2750.00 6.147425e-13
2760.00 6.662735e-13
2770.00 7.218695e-13
2780.00 7.824337e-13
2790.00 8.455827e-13
2800.00 9.166077e-13
2810.00 9.897369e-13
2820.00 1.071202e-12
2830.00 1.156701e-12
2840.00 1.248882e-12
2850.00 1.348630e-12
2860.00 1.452593e-12
2870.00 1.568718e-12
2880.00 1.687865e-12
2890.00 1.820484e-12
2900.00 1.958780e-12
2910.00 2.107791e-12
2920.00 2.267980e-12
2930.00 2.434871e-12
2940.00 2.620035e-12
2950.00 2.809357e-12
2960.00 3.019934e-12
2970.00 3.238130e-12
2980.00 3.473103e-12
2990.00 3.724069e-12
3000.00 3.985429e-12
3010.00 4.273505e-12
3020.00 4.567011e-12
3030.00 4.893283e-12
3040.00 5.229206e-12
3050.00 5.590779e-12
3060.00 5.974483e-12
3070.00 6.373904e-12
3080.00 6.811328e-12
3090.00 7.255391e-12
3100.00 7.748806e-12
3110.00 8.253549e-12
3120.00 8.796603e-12
3130.00 9.369196e-12
3140.00 9.964969e-12
3150.00 1.061326e-11
3160.00 1.126897e-11
3170.00 1.199734e-11
3180.00 1.273753e-11
3190.00 1.353361e-11
3200.00 1.436756e-11
3210.00 1.523484e-11
3220.00 1.617261e-11
3230.00 1.711741e-11
3240.00 1.816681e-11
3250.00 1.922602e-11
3260.00 2.036484e-11
3270.00 2.155000e-11
3280.00 2.109800e-11
3290.00 1.717965e-11
3300.00 2.543332e-11
3310.00 2.675155e-12
3320.00 1.294327e-11
3330.00 9.529366e-12
3340.00 2.126235e-11
3350.00 2.425447e-11
3360.00 1.714682e-11
3370.00 2.978613e-11
3380.00 3.256121e-11
3390.00 1.414906e-11
3400.00 1.420332e-11
3410.00 3.066550e-11
3420.00 2.200927e-11
3430.00 1.480072e-11
3440.00 1.585226e-11
3450.00 8.244740e-12
3460.00 3.951914e-11
3470.00 4.423276e-11
3480.00 6.087058e-11
3490.00 7.450374e-11
3500.00 7.674204e-11
3510.00 1.293398e-10
3520.00 1.566418e-10
3530.00 1.356621e-10
3540.00 1.104855e-10
3550.00 1.256753e-10
3560.00 1.535277e-10
3570.00 1.548991e-10
3580.00 1.588601e-10
3590.00 1.770280e-10
3600.00 1.699352e-10
3610.00 2.131697e-10
3620.00 2.392092e-10
3630.00 2.652315e-10
3640.00 2.643570e-10
3650.00 2.513781e-10
3660.00 2.322294e-10
3670.00 2.677690e-10
3680.00 3.346444e-10
3690.00 3.480622e-10
3700.00 2.791430e-10
3710.00 3.098602e-10
3720.00 3.134843e-10
3730.00 2.882892e-10
3740.00 3.144131e-10
3750.00 3.314799e-10
3760.00 2.210259e-10
3770.00 1.797896e-10
3780.00 2.039602e-10
3790.00 1.426839e-10
3800.00 9.827929e-11
3810.00 1.416003e-10
3820.00 1.108963e-10
3830.00 1.373932e-10
3840.00 1.875092e-10
3850.00 2.852026e-10
3860.00 2.601683e-10
3870.00 3.045218e-10
3880.00 3.180649e-10
3890.00 3.167342e-10
3900.00 3.766211e-10
3910.00 3.805217e-10
3920.00 4.020407e-10
3930.00 4.642204e-10
3940.00 5.558896e-10
3950.00 5.261145e-10
3960.00 5.608050e-10
3970.00 6.191092e-10
3980.00 6.315138e-10
3990.00 6.259895e-10
4000.00 5.923174e-10
4010.00 5.742401e-10
4020.00 5.379645e-10
4030.00 4.737231e-10
4040.00 4.152949e-10
4050.00 3.996390e-10
4060.00 4.268887e-10
4070.00 3.770507e-10
4080.00 3.517556e-10
4090.00 3.353165e-10
4100.00 3.289032e-10
4110.00 3.145810e-10
4120.00 2.890990e-10
4130.00 2.882887e-10
4140.00 2.706404e-10
4150.00 2.486303e-10
4160.00 2.340799e-10
4170.00 2.201303e-10
4180.00 2.425226e-10
4190.00 2.683185e-10
4200.00 2.486807e-10
4210.00 2.812882e-10
4220.00 2.691386e-10
4230.00 2.523573e-10
4240.00 2.719382e-10
4250.00 2.443270e-10
4260.00 2.452821e-10
4270.00 2.541475e-10
4280.00 2.528249e-10
4290.00 2.525604e-10
4300.00 2.611402e-10
4310.00 2.404661e-10
4320.00 2.400328e-10
4330.00 2.351046e-10
4340.00 2.647838e-10
4350.00 2.482791e-10
4360.00 2.266161e-10
4370.00 2.443184e-10
4380.00 2.151861e-10
4390.00 1.906850e-10
4400.00 1.988738e-10
4410.00 1.990940e-10
4420.00 1.930428e-10
4430.00 1.985413e-10
4440.00 2.087898e-10
4450.00 2.333178e-10
4460.00 2.568586e-10
4470.00 2.637499e-10
4480.00 2.584945e-10
4490.00 2.783866e-10
4500.00 3.103731e-10
4510.00 3.125393e-10
4520.00 3.366281e-10
4530.00 3.719980e-10
4540.00 4.057951e-10
4550.00 4.377209e-10
4560.00 5.016342e-10
4570.00 5.454824e-10
4580.00 5.882970e-10
4590.00 6.363580e-10
4600.00 6.268292e-10
4610.00 6.430283e-10
4620.00 6.183302e-10
4630.00 6.046566e-10
4640.00 5.927875e-10
4650.00 5.410954e-10
4660.00 5.059734e-10
4670.00 4.473931e-10
4680.00 3.819425e-10
4690.00 3.404266e-10
4700.00 3.144090e-10
4710.00 2.880433e-10
4720.00 2.804679e-10
4730.00 2.816837e-10
4740.00 2.872881e-10
4750.00 2.834890e-10
4760.00 2.874419e-10
4770.00 2.811994e-10
4780.00 2.978319e-10
4790.00 3.391127e-10
4800.00 3.655729e-10
4810.00 4.043524e-10
4820.00 4.443823e-10
4830.00 4.803612e-10
4840.00 4.931977e-10
4850.00 4.474935e-10
4860.00 4.220430e-10
4870.00 3.924619e-10
4880.00 3.888407e-10
4890.00 4.049265e-10
4900.00 4.543030e-10
4910.00 4.827489e-10
4920.00 5.259363e-10
4930.00 5.740658e-10
4940.00 6.102685e-10
4950.00 5.973375e-10
4960.00 6.084386e-10
4970.00 5.865060e-10
4980.00 5.255681e-10
4990.00 4.510850e-10
5000.00 3.936137e-10
5010.00 3.297946e-10
5020.00 3.059192e-10
5030.00 2.976087e-10
5040.00 2.987339e-10
5050.00 2.860987e-10
5060.00 2.768313e-10
5070.00 2.881753e-10
5080.00 2.905110e-10
5090.00 3.048813e-10
5100.00 3.206075e-10
5110.00 3.139161e-10
5120.00 3.381873e-10
5130.00 3.353839e-10
5140.00 3.244084e-10
5150.00 3.317846e-10
5160.00 3.335154e-10
5170.00 3.290246e-10
5180.00 3.604077e-10
5190.00 3.554436e-10
5200.00 3.823487e-10
5210.00 4.007620e-10
5220.00 4.274088e-10
5230.00 4.547036e-10
5240.00 4.679105e-10
5250.00 4.857084e-10
5260.00 4.422409e-10
5270.00 5.032045e-10
5280.00 5.098496e-10
5290.00 5.253266e-10
5300.00 5.447948e-10
5310.00 5.497836e-10
5320.00 5.575483e-10
5330.00 5.479590e-10
5340.00 5.340253e-10
5350.00 5.120324e-10
5360.00 4.933114e-10
5370.00 4.988950e-10
5380.00 4.970647e-10
5390.00 5.164255e-10
5400.00 5.376460e-10
5410.00 5.712779e-10
5420.00 6.139985e-10
5430.00 6.728378e-10
5440.00 7.482239e-10
5450.00 8.168156e-10
5460.00 8.641620e-10
5470.00 9.305175e-10
5480.00 9.785198e-10
5490.00 9.998523e-10
5500.00 1.031815e-09
5510.00 1.080243e-09
5520.00 1.105653e-09
5530.00 1.085288e-09
5540.00 1.098471e-09
5550.00 1.082511e-09
5560.00 1.060347e-09
5570.00 1.030744e-09
5580.00 1.009363e-09
5590.00 9.757635e-10
5600.00 9.706930e-10
5610.00 9.188041e-10
5620.00 8.958288e-10
5630.00 8.341443e-10
5640.00 7.077459e-10
5650.00 5.762189e-10
5660.00 4.625477e-10
5670.00 4.160344e-10
5680.00 3.965560e-10
5690.00 4.652741e-10
5700.00 5.383554e-10
5710.00 5.848926e-10
5720.00 5.978452e-10
5730.00 6.235137e-10
5740.00 6.055283e-10
5750.00 6.263242e-10
5760.00 6.251796e-10
5770.00 6.209201e-10
5780.00 6.285213e-10
5790.00 6.344945e-10
5800.00 6.552460e-10
5810.00 6.510146e-10
5820.00 6.622080e-10
5830.00 6.722711e-10
5840.00 6.722580e-10
5850.00 6.682617e-10
5860.00 6.728204e-10
5870.00 6.759151e-10
5880.00 6.724457e-10
5890.00 6.688989e-10
5900.00 6.677735e-10
5910.00 6.428961e-10
5920.00 6.400632e-10
5930.00 6.096698e-10
5940.00 6.004519e-10
5950.00 5.830135e-10
5960.00 5.527094e-10
5970.00 5.551995e-10
5980.00 5.521989e-10
5990.00 5.283776e-10
6000.00 5.161973e-10
6010.00 5.225698e-10
6020.00 5.248030e-10
6030.00 5.152483e-10
6040.00 5.228173e-10
6050.00 5.189596e-10
6060.00 5.254471e-10
6070.00 5.126634e-10
6080.00 4.942669e-10
6090.00 4.916452e-10
6100.00 4.704875e-10
6110.00 4.686807e-10
6120.00 4.387232e-10
6130.00 4.155189e-10
6140.00 3.847595e-10
6150.00 3.614932e-10
6160.00 3.449975e-10
6170.00 3.258670e-10
6180.00 3.028825e-10
6190.00 3.002137e-10
6200.00 3.051612e-10
6210.00 3.195113e-10
6220.00 3.326596e-10
6230.00 3.479402e-10
6240.00 3.622300e-10
6250.00 3.969918e-10
6260.00 4.138509e-10
6270.00 4.082828e-10
6280.00 4.170878e-10
6290.00 4.087959e-10
6300.00 4.214504e-10
6310.00 4.560320e-10
6320.00 4.694235e-10
6330.00 4.869614e-10
6340.00 5.171453e-10
6350.00 5.192322e-10
6360.00 5.493255e-10
6370.00 5.718977e-10
6380.00 6.078669e-10
6390.00 6.394129e-10
6400.00 6.745654e-10
6410.00 6.984459e-10
6420.00 7.242610e-10
6430.00 7.646049e-10
6440.00 8.044277e-10
6450.00 8.079844e-10
6460.00 8.321835e-10
6470.00 8.442766e-10
6480.00 8.681284e-10
6490.00 8.828630e-10
6500.00 8.831180e-10
6510.00 9.090222e-10
6520.00 8.924965e-10
6530.00 8.776304e-10
6540.00 8.699582e-10
6550.00 8.643048e-10
6560.00 8.098361e-10
6570.00 7.859792e-10
6580.00 7.734810e-10
6590.00 7.457662e-10
6600.00 7.324575e-10
6610.00 6.915743e-10
6620.00 6.646195e-10
6630.00 6.374646e-10
6640.00 5.990339e-10
6650.00 5.568495e-10
6660.00 5.443252e-10
6670.00 5.046370e-10
6680.00 4.883636e-10
6690.00 4.339352e-10
6700.00 4.428189e-10
6710.00 4.242500e-10
6720.00 4.077187e-10
6730.00 4.006194e-10
6740.00 3.981640e-10
6750.00 3.988579e-10
6760.00 3.833091e-10
6770.00 3.995025e-10
6780.00 4.193470e-10
6790.00 4.112575e-10
6800.00 4.232336e-10
6810.00 4.260080e-10
6820.00 4.406504e-10
6830.00 4.113924e-10
6840.00 4.205943e-10
6850.00 3.833181e-10
6860.00 2.860713e-10
6870.00 3.565806e-10
6880.00 3.395908e-10
6890.00 3.523108e-10
6900.00 3.668587e-10
6910.00 3.979534e-10
6920.00 3.973558e-10
6930.00 4.015062e-10
6940.00 4.084628e-10
6950.00 4.263940e-10
6960.00 4.515237e-10
6970.00 4.425849e-10
6980.00 4.424148e-10
6990.00 4.362665e-10
7000.00 4.294683e-10
7010.00 4.262716e-10
7020.00 4.301974e-10
7030.00 4.438801e-10
7040.00 4.227831e-10
7050.00 4.265587e-10
7060.00 4.307779e-10
7070.00 4.084835e-10
7080.00 4.222329e-10
7090.00 4.352687e-10
7100.00 4.247132e-10
7110.00 4.234569e-10
7120.00 4.355117e-10
7130.00 4.234486e-10
7140.00 4.242823e-10
7150.00 4.086769e-10
7160.00 3.925968e-10
7170.00 3.812224e-10
7180.00 4.008860e-10
7190.00 4.119133e-10
7200.00 4.348753e-10
7210.00 4.400911e-10
7220.00 4.182308e-10
7230.00 4.349638e-10
7240.00 4.240077e-10
7250.00 4.188700e-10
7260.00 4.277805e-10
7270.00 4.437642e-10
7280.00 4.080290e-10
7290.00 4.102389e-10
7300.00 4.322580e-10
7310.00 4.399052e-10
7320.00 4.389394e-10
7330.00 4.450719e-10
7340.00 4.426743e-10
7350.00 4.578496e-10
7360.00 4.520778e-10
7370.00 4.446227e-10
7380.00 4.228617e-10
7390.00 4.313657e-10
7400.00 4.233299e-10
7410.00 5.353980e-10
7420.00 5.351804e-10
7430.00 4.894922e-10
7440.00 4.174369e-10
7450.00 3.580093e-10
7460.00 3.104328e-10
7470.00 2.739049e-10
7480.00 2.583421e-10
7490.00 2.211893e-10
7500.00 2.039386e-10
7510.00 2.001205e-10
7520.00 2.446869e-10
7530.00 2.583699e-10
7540.00 2.862667e-10
7550.00 3.129596e-10
7560.00 3.477508e-10
7570.00 3.719966e-10
7580.00 1.980099e-10
7590.00 1.060880e-10
7600.00 2.569285e-10
7610.00 1.990936e-10
7620.00 2.207848e-10
7630.00 2.956665e-10
7640.00 3.488366e-10
7650.00 3.960526e-10
7660.00 4.724695e-10
7670.00 5.161604e-10
7680.00 5.238517e-10
7690.00 5.888466e-10
7700.00 6.084219e-10
7710.00 5.918328e-10
7720.00 6.111629e-10
7730.00 6.868916e-10
7740.00 6.543675e-10
7750.00 6.428020e-10
7760.00 6.697199e-10
7770.00 6.885562e-10
7780.00 6.485277e-10
7790.00 6.397970e-10
7800.00 6.919714e-10
7810.00 6.852874e-10
7820.00 6.486505e-10
7830.00 6.672062e-10
7840.00 7.011554e-10
7850.00 6.783192e-10
7860.00 6.661414e-10
7870.00 6.866384e-10
7880.00 6.899577e-10
7890.00 6.536038e-10
7900.00 6.852756e-10
7910.00 6.573121e-10
7920.00 6.179359e-10
7930.00 6.329160e-10
7940.00 6.270618e-10
7950.00 5.705123e-10
7960.00 5.684530e-10
7970.00 5.982800e-10
7980.00 5.705365e-10
7990.00 5.356078e-10
8000.00 5.500353e-10
8010.00 5.564285e-10
8020.00 5.211706e-10
8030.00 5.064018e-10
8040.00 5.536869e-10
8050.00 5.294631e-10
8060.00 4.805882e-10
8070.00 4.872830e-10
8080.00 4.814492e-10
8090.00 4.391196e-10
8100.00 3.515138e-10
8110.00 3.158808e-10
8120.00 2.944253e-10
8130.00 2.438677e-10
8140.00 1.993461e-10
8150.00 1.716823e-10
8160.00 1.569159e-10
8170.00 1.426741e-10
8180.00 1.094990e-10
8190.00 1.193187e-10
8200.00 1.186511e-10
8210.00 1.087957e-10
8220.00 1.389020e-10
8230.00 1.487310e-10
8240.00 1.541562e-10
8250.00 1.991997e-10
8260.00 2.121275e-10
8270.00 2.093141e-10
8280.00 1.767275e-10
8290.00 1.691709e-10
8300.00 1.598097e-10
8310.00 1.799456e-10
8320.00 1.651050e-10
8330.00 1.514843e-10
8340.00 1.956604e-10
8350.00 2.189758e-10
8360.00 2.212294e-10
8370.00 2.200120e-10
8380.00 2.579656e-10
8390.00 2.902243e-10
8400.00 3.051619e-10
8410.00 3.189448e-10
8420.00 3.351734e-10
8430.00 3.961307e-10
8440.00 3.541171e-10
8450.00 3.809150e-10
8460.00 4.366525e-10
8470.00 4.644814e-10
8480.00 4.709112e-10
8490.00 4.556470e-10
8500.00 5.011525e-10
8510.00 5.534470e-10
8520.00 5.574570e-10
8530.00 5.043447e-10
8540.00 5.320768e-10
8550.00 5.530057e-10
8560.00 5.636253e-10
8570.00 5.676060e-10
8580.00 5.378952e-10
8590.00 5.640827e-10
8600.00 5.786082e-10
8610.00 5.573400e-10
8620.00 5.722079e-10
8630.00 5.507813e-10
8640.00 5.490377e-10
8650.00 5.304240e-10
8660.00 5.100778e-10
8670.00 5.010080e-10
8680.00 5.068149e-10
8690.00 5.000884e-10
8700.00 5.054101e-10
8710.00 4.506444e-10
8720.00 4.329329e-10
8730.00 4.189891e-10
8740.00 4.149344e-10
8750.00 4.271213e-10
8760.00 3.932950e-10
8770.00 4.090549e-10
8780.00 4.277005e-10
8790.00 4.559245e-10
8800.00 4.531531e-10
8810.00 4.273570e-10
8820.00 4.243578e-10
8830.00 4.624502e-10
8840.00 4.096367e-10
8850.00 3.765530e-10
8860.00 3.470155e-10
8870.00 3.186161e-10
8880.00 3.032367e-10
8890.00 2.497417e-10
8900.00 2.278749e-10
8910.00 2.866801e-10
8920.00 2.433851e-10
8930.00 2.350639e-10
8940.00 2.442157e-10
8950.00 2.347775e-10
8960.00 2.812779e-10
8970.00 2.938397e-10
8980.00 3.195807e-10
8990.00 3.276775e-10
9000.00 3.357437e-10
9010.00 3.522616e-10
9020.00 3.275805e-10
9030.00 3.184684e-10
9040.00 3.501956e-10
9050.00 3.299522e-10
9060.00 3.480862e-10
9070.00 3.458742e-10
9080.00 3.669821e-10
9090.00 3.850065e-10
9100.00 3.926202e-10
9110.00 3.858201e-10
9120.00 3.873409e-10
9130.00 4.007719e-10
9140.00 4.023429e-10
9150.00 4.060609e-10
9160.00 4.384133e-10
9170.00 4.416404e-10
9180.00 4.557752e-10
9190.00 4.499098e-10
9200.00 4.724974e-10
9210.00 4.380951e-10
9220.00 4.289753e-10
9230.00 4.058748e-10
9240.00 4.329596e-10
9250.00 4.517514e-10
9260.00 4.325586e-10
9270.00 4.298205e-10
9280.00 4.150734e-10
9290.00 4.044441e-10
9300.00 4.007628e-10
9310.00 3.930181e-10
9320.00 4.062870e-10
9330.00 4.093069e-10
9340.00 4.150119e-10
9350.00 4.168389e-10
9360.00 4.474776e-10
9370.00 4.621349e-10
9380.00 4.806911e-10
9390.00 4.710369e-10
9400.00 4.602994e-10
9410.00 4.675422e-10
9420.00 4.867432e-10
9430.00 4.769502e-10
9440.00 4.920842e-10
9450.00 4.570952e-10
9460.00 4.920016e-10
9470.00 4.797549e-10
9480.00 4.954199e-10
9490.00 5.050347e-10
9500.00 4.875998e-10
9510.00 5.370316e-10
9520.00 5.290971e-10
9530.00 4.806899e-10
9540.00 4.766412e-10
9550.00 4.848569e-10
9560.00 4.388653e-10
9570.00 4.205755e-10
9580.00 4.247695e-10
9590.00 4.157748e-10
9600.00 4.024933e-10
9610.00 4.038822e-10
9620.00 4.015568e-10
9630.00 3.777765e-10
9640.00 4.222002e-10
9650.00 4.094470e-10
9660.00 3.898280e-10
9670.00 3.745793e-10
9680.00 3.734314e-10
9690.00 4.521408e-10
9700.00 3.728478e-10
9710.00 3.993799e-10
9720.00 4.223145e-10
9730.00 3.954413e-10
9740.00 3.615127e-10
9750.00 3.044817e-10
9760.00 3.556271e-10
9770.00 3.227928e-10
9780.00 3.732061e-10
9790.00 3.276194e-10
9800.00 3.375878e-10
9810.00 3.960951e-10
9820.00 3.973815e-10
9830.00 3.002010e-10
9840.00 3.692428e-10
9850.00 4.565706e-10
9860.00 3.760970e-10
9870.00 3.850240e-10
9880.00 3.218633e-10
9890.00 3.613692e-10
9900.00 3.477981e-10
9910.00 3.363791e-10
9920.00 3.249392e-10
9930.00 3.134788e-10
9940.00 3.126260e-10
9950.00 3.117715e-10
9960.00 3.109154e-10
9970.00 3.100604e-10
9980.00 3.092039e-10
9990.00 3.083458e-10
10000.00 3.074889e-10
10010.00 3.066304e-10
10020.00 3.057706e-10
10030.00 3.049119e-10
10040.00 3.040516e-10
10050.00 3.031903e-10
10060.00 3.023300e-10
10070.00 3.014682e-10
10080.00 3.006056e-10
10090.00 2.997438e-10
10100.00 2.988807e-10
10110.00 2.980168e-10
10120.00 2.971539e-10
10130.00 2.962896e-10
10140.00 2.954247e-10
10150.00 2.945607e-10
10160.00 2.936954e-10
10170.00 2.928298e-10
10180.00 2.919649e-10
10190.00 2.910988e-10
10200.00 2.902325e-10
10210.00 2.893669e-10
10220.00 2.885002e-10
10230.00 2.876334e-10
10240.00 2.867673e-10
10250.00 2.859002e-10
10260.00 2.850331e-10
10270.00 2.841666e-10
10280.00 2.832992e-10
10290.00 2.824320e-10
10300.00 2.815654e-10
10310.00 2.806979e-10
10320.00 2.798307e-10
10330.00 2.789641e-10
10340.00 2.780966e-10
10350.00 2.772296e-10
10360.00 2.763632e-10
10370.00 2.754959e-10
10380.00 2.746293e-10
10390.00 2.737632e-10
10400.00 2.728964e-10
10410.00 2.720302e-10
10420.00 2.711646e-10
10430.00 2.702984e-10
10440.00 2.694329e-10
10450.00 2.685679e-10
10460.00 2.677024e-10
10470.00 2.668378e-10
10480.00 2.659736e-10
10490.00 2.651089e-10
10500.00 2.642453e-10
10510.00 2.633821e-10
10520.00 2.625183e-10
10530.00 2.616559e-10
10540.00 2.607938e-10
10550.00 2.599313e-10
10560.00 2.590701e-10
10570.00 2.582093e-10
10580.00 2.573481e-10
10590.00 2.564883e-10
10600.00 2.556289e-10
10610.00 2.547692e-10
10620.00 2.539110e-10
10630.00 2.530532e-10
10640.00 2.521950e-10
10650.00 2.513386e-10
10660.00 2.504823e-10
10670.00 2.496259e-10
10680.00 2.487714e-10
10690.00 2.479170e-10
10700.00 2.470625e-10
10710.00 2.462099e-10
10720.00 2.453575e-10
10730.00 2.445051e-10
10740.00 2.436546e-10
10750.00 2.428042e-10
10760.00 2.419540e-10
10770.00 2.411057e-10
10780.00 2.402577e-10
10790.00 2.394096e-10
10800.00 2.385638e-10
10810.00 2.377181e-10
10820.00 2.368725e-10
10830.00 2.360291e-10
10840.00 2.351859e-10
10850.00 2.343429e-10
10860.00 2.335022e-10
10870.00 2.326616e-10
10880.00 2.318213e-10
10890.00 2.309832e-10
10900.00 2.301453e-10
10910.00 2.293079e-10
10920.00 2.284726e-10
10930.00 2.276376e-10
10940.00 2.268031e-10
10950.00 2.259707e-10
10960.00 2.251387e-10
10970.00 2.243073e-10
10980.00 2.234779e-10
10990.00 2.226490e-10
11000.00 2.218207e-10
11010.00 2.209946e-10
11020.00 2.201688e-10
11030.00 2.193439e-10
11040.00 2.185210e-10
11050.00 2.176985e-10
11060.00 2.168770e-10
11070.00 2.160575e-10
11080.00 2.152383e-10
11090.00 2.144204e-10
11100.00 2.136043e-10
11110.00 2.127887e-10
11120.00 2.119743e-10
11130.00 2.111618e-10
11140.00 2.103498e-10
11150.00 2.095391e-10
11160.00 2.087303e-10
11170.00 2.079220e-10
11180.00 2.071152e-10
11190.00 2.063101e-10
11200.00 2.055056e-10
11210.00 2.047026e-10
11220.00 2.039014e-10
11230.00 2.031008e-10
11240.00 2.023018e-10
11250.00 2.015045e-10
11260.00 2.007079e-10
11270.00 1.999130e-10
11280.00 1.991198e-10
11290.00 1.983273e-10
11300.00 1.975366e-10
11310.00 1.967474e-10
11320.00 1.959591e-10
11330.00 1.951725e-10
11340.00 1.943876e-10
11350.00 1.936036e-10
11360.00 1.928214e-10
11370.00 1.920408e-10
11380.00 1.912610e-10
11390.00 1.904832e-10
11400.00 1.897070e-10
11410.00 1.889316e-10
11420.00 1.881583e-10
11430.00 1.873865e-10
11440.00 1.866156e-10
11450.00 1.858469e-10
11460.00 1.850795e-10
11470.00 1.843133e-10
11480.00 1.835492e-10
11490.00 1.827864e-10
11500.00 1.820248e-10
11510.00 1.812654e-10
11520.00 1.805073e-10
11530.00 1.797503e-10
11540.00 1.789956e-10
11550.00 1.782424e-10
11560.00 1.774901e-10
11570.00 1.767403e-10
11580.00 1.759918e-10
11590.00 1.752444e-10
11600.00 1.744994e-10
11610.00 1.737558e-10
11620.00 1.730133e-10
11630.00 1.722733e-10
11640.00 1.715346e-10
11650.00 1.707970e-10
11660.00 1.700620e-10
11670.00 1.693283e-10
11680.00 1.685957e-10
11690.00 1.678658e-10
11700.00 1.671371e-10
11710.00 1.664096e-10
11720.00 1.656848e-10
11730.00 1.649612e-10
11740.00 1.642389e-10
11750.00 1.635192e-10
11760.00 1.628007e-10
11770.00 1.620835e-10
11780.00 1.613691e-10
11790.00 1.606558e-10
11800.00 1.599439e-10
11810.00 1.592346e-10
11820.00 1.585266e-10
11830.00 1.578200e-10
11840.00 1.571160e-10
11850.00 1.564132e-10
11860.00 1.557120e-10
11870.00 1.550133e-10
11880.00 1.543159e-10
11890.00 1.536201e-10
11900.00 1.529267e-10
11910.00 1.522346e-10
11920.00 1.515442e-10
11930.00 1.508563e-10
11940.00 1.501696e-10
11950.00 1.494847e-10
11960.00 1.488021e-10
11970.00 1.481209e-10
11980.00 1.474415e-10
11990.00 1.467644e-10
12000.00 1.460886e-10
12010.00 1.454148e-10
12020.00 1.447432e-10
12030.00 1.440730e-10
12040.00 1.434046e-10
12050.00 1.427385e-10
12060.00 1.420739e-10
12070.00 1.414111e-10
12080.00 1.407506e-10
12090.00 1.400916e-10
12100.00 1.394344e-10
12110.00 1.387795e-10
12120.00 1.381260e-10
12130.00 1.374746e-10
12140.00 1.368252e-10
12150.00 1.361774e-10
12160.00 1.355316e-10
12170.00 1.348879e-10
12180.00 1.342456e-10
12190.00 1.336056e-10
12200.00 1.329675e-10
12210.00 1.323310e-10
12220.00 1.316966e-10
12230.00 1.310642e-10
12240.00 1.304334e-10
12250.00 1.298047e-10
12260.00 1.291781e-10
12270.00 1.285529e-10
12280.00 1.279300e-10
12290.00 1.273091e-10
12300.00 1.266897e-10
12310.00 1.260725e-10
12320.00 1.254573e-10
12330.00 1.248436e-10
12340.00 1.242322e-10
12350.00 1.236228e-10
12360.00 1.230148e-10
12370.00 1.224093e-10
12380.00 1.218055e-10
12390.00 1.212033e-10
12400.00 1.206036e-10
12410.00 1.200056e-10
12420.00 1.194092e-10
12430.00 1.188153e-10
12440.00 1.182231e-10
12450.00 1.176324e-10
12460.00 1.170443e-10
12470.00 1.164578e-10
12480.00 1.158730e-10
12490.00 1.152907e-10
12500.00 1.147101e-10
12510.00 1.141310e-10
12520.00 1.135545e-10
12530.00 1.129796e-10
12540.00 1.124064e-10
12550.00 1.118357e-10
12560.00 1.112666e-10
12570.00 1.106992e-10
12580.00 1.101343e-10
12590.00 1.095711e-10
12600.00 1.090094e-10
12610.00 1.084503e-10
12620.00 1.078929e-10
12630.00 1.073371e-10
12640.00 1.067837e-10
12650.00 1.062321e-10
12660.00 1.056821e-10
12670.00 1.051346e-10
12680.00 1.045886e-10
12690.00 1.040445e-10
12700.00 1.035027e-10
12710.00 1.029626e-10
12720.00 1.024243e-10
12730.00 1.018883e-10
12740.00 1.013540e-10
12750.00 1.008214e-10
12760.00 1.002912e-10
12770.00 9.976266e-11
12780.00 9.923591e-11
12790.00 9.871147e-11
12800.00 9.818864e-11
12810.00 9.766769e-11
12820.00 9.714898e-11
12830.00 9.663189e-11
12840.00 9.611668e-11
12850.00 9.560377e-11
12860.00 9.509241e-11
12870.00 9.458300e-11
12880.00 9.407576e-11
12890.00 9.357014e-11
12900.00 9.306646e-11
12910.00 9.256496e-11
12920.00 9.206501e-11
12930.00 9.156707e-11
12940.00 9.107124e-11
12950.00 9.057703e-11
12960.00 9.008482e-11
12970.00 8.959467e-11
12980.00 8.910613e-11
12990.00 8.861959e-11
13000.00 8.813511e-11
13010.00 8.765225e-11
13020.00 8.717139e-11
13030.00 8.669258e-11
13040.00 8.621533e-11
13050.00 8.574014e-11
13060.00 8.526694e-11
13070.00 8.479537e-11
13080.00 8.432578e-11
13090.00 8.385820e-11
13100.00 8.339223e-11
13110.00 8.292826e-11
13120.00 8.246623e-11
13130.00 8.200581e-11
13140.00 8.154752e-11
13150.00 8.109103e-11
13160.00 8.063622e-11
13170.00 8.018347e-11
13180.00 7.973253e-11
13190.00 7.928328e-11
13200.00 7.883602e-11
13210.00 7.839063e-11
13220.00 7.794686e-11
13230.00 7.750514e-11
13240.00 7.706524e-11
13250.00 7.662695e-11
13260.00 7.619079e-11
13270.00 7.575637e-11
13280.00 7.532351e-11
13290.00 7.489277e-11
13300.00 7.446378e-11
13310.00 7.403640e-11
13320.00 7.361115e-11
13330.00 7.318758e-11
13340.00 7.276557e-11
13350.00 7.234574e-11
13360.00 7.192753e-11
13370.00 7.151094e-11
13380.00 7.109641e-11
13390.00 7.068363e-11
13400.00 7.027240e-11
13410.00 6.986330e-11
13420.00 6.945575e-11
13430.00 6.904982e-11
13440.00 6.864601e-11
13450.00 6.824383e-11
13460.00 6.784320e-11
13470.00 6.744469e-11
13480.00 6.704774e-11
13490.00 6.665242e-11
13500.00 6.625914e-11
13510.00 6.586749e-11
13520.00 6.547734e-11
13530.00 6.508931e-11
13540.00 6.470283e-11
13550.00 6.431792e-11
13560.00 6.393506e-11
13570.00 6.355376e-11
13580.00 6.317401e-11
13590.00 6.279627e-11
13600.00 6.242014e-11
13610.00 6.204552e-11
13620.00 6.167295e-11
13630.00 6.130187e-11
13640.00 6.093241e-11
13650.00 6.056489e-11
13660.00 6.019887e-11
13670.00 5.983449e-11
13680.00 5.947200e-11
13690.00 5.911102e-11
13700.00 5.875166e-11
13710.00 5.839421e-11
13720.00 5.803823e-11
13730.00 5.768387e-11
13740.00 5.733136e-11
13750.00 5.698035e-11
13760.00 5.663097e-11
13770.00 5.628340e-11
13780.00 5.593730e-11
13790.00 5.559287e-11
13800.00 5.525019e-11
13810.00 5.490901e-11
13820.00 5.456943e-11
13830.00 5.423162e-11
13840.00 5.389527e-11
13850.00 5.356056e-11
13860.00 5.322757e-11
13870.00 5.289602e-11
13880.00 5.256613e-11
13890.00 5.223793e-11
13900.00 5.191117e-11
13910.00 5.158605e-11
13920.00 5.126259e-11
13930.00 5.094056e-11
13940.00 5.062017e-11
13950.00 5.030143e-11
13960.00 4.998409e-11
13970.00 4.966840e-11
13980.00 4.935432e-11
13990.00 4.904163e-11
14000.00 4.873061e-11
14010.00 4.842115e-11
14020.00 4.811309e-11
14030.00 4.780668e-11
14040.00 4.750181e-11
14050.00 4.719832e-11
14060.00 4.689649e-11
14070.00 4.659617e-11
14080.00 4.629721e-11
14090.00 4.599991e-11
14100.00 4.570410e-11
14110.00 4.540965e-11
14120.00 4.511684e-11
14130.00 4.482549e-11
14140.00 4.453548e-11
14150.00 4.424713e-11
14160.00 4.396021e-11
14170.00 4.367462e-11
14180.00 4.339068e-11
14190.00 4.310814e-11
14200.00 4.282693e-11
14210.00 4.254735e-11
14220.00 4.226916e-11
14230.00 4.199227e-11
14240.00 4.171702e-11
14250.00 4.144313e-11
14260.00 4.117053e-11
14270.00 4.089957e-11
14280.00 4.062994e-11
14290.00 4.036160e-11
14300.00 4.009487e-11
14310.00 3.982945e-11
14320.00 3.956532e-11
14330.00 3.930280e-11
14340.00 3.904155e-11
14350.00 3.878157e-11
14360.00 3.852321e-11
14370.00 3.826611e-11
14380.00 3.801026e-11
14390.00 3.775600e-11
14400.00 3.750299e-11
14410.00 3.725123e-11
14420.00 3.700104e-11
14430.00 3.675207e-11
14440.00 3.650436e-11
14450.00 3.625818e-11
14460.00 3.601323e-11
14470.00 3.576952e-11
14480.00 3.552733e-11
14490.00 3.528633e-11
14500.00 3.504659e-11
14510.00 3.480832e-11
14520.00 3.457125e-11
14530.00 3.433543e-11
14540.00 3.410106e-11
14550.00 3.386787e-11
14560.00 3.363592e-11
14570.00 3.340540e-11
14580.00 3.317604e-11
14590.00 3.294794e-11
14600.00 3.272121e-11
14610.00 3.249566e-11
14620.00 3.227133e-11
14630.00 3.204838e-11
14640.00 3.182657e-11
14650.00 3.160600e-11
14660.00 3.138677e-11
14670.00 3.116867e-11
14680.00 3.095180e-11
14690.00 3.073625e-11
14700.00 3.052182e-11
14710.00 3.030862e-11
14720.00 3.009670e-11
14730.00 2.988589e-11
14740.00 2.967631e-11
14750.00 2.946799e-11
14760.00 2.926076e-11
14770.00 2.905476e-11
14780.00 2.884999e-11
14790.00 2.864630e-11
14800.00 2.844383e-11
14810.00 2.824257e-11
14820.00 2.804239e-11
14830.00 2.784341e-11
14840.00 2.764562e-11
14850.00 2.744889e-11
14860.00 2.725336e-11
14870.00 2.705899e-11
14880.00 2.686568e-11
14890.00 2.667355e-11
14900.00 2.648257e-11
14910.00 2.629263e-11
14920.00 2.610388e-11
14930.00 2.591623e-11
14940.00 2.572963e-11
14950.00 2.554419e-11
14960.00 2.535986e-11
14970.00 2.517653e-11
14980.00 2.499438e-11
14990.00 2.481330e-11
15000.00 2.463322e-11
15010.00 2.445431e-11
15020.00 2.427645e-11
15030.00 2.409958e-11
15040.00 2.392387e-11
15050.00 2.374919e-11
15060.00 2.357548e-11
15070.00 2.340292e-11
15080.00 2.323137e-11
15090.00 2.306079e-11
15100.00 2.289135e-11
15110.00 2.272290e-11
15120.00 2.255540e-11
15130.00 2.238903e-11
15140.00 2.222363e-11
15150.00 2.205918e-11
15160.00 2.189585e-11
15170.00 2.173346e-11
15180.00 2.157201e-11
15190.00 2.141167e-11
15200.00 2.125226e-11
15210.00 2.109377e-11
15220.00 2.093638e-11
15230.00 2.077991e-11
15240.00 2.062433e-11
15250.00 2.046986e-11
15260.00 2.031628e-11
15270.00 2.016359e-11
15280.00 2.001199e-11
15290.00 1.986126e-11
15300.00 1.971143e-11
15310.00 1.956265e-11
15320.00 1.941473e-11
15330.00 1.926771e-11
15340.00 1.912171e-11
15350.00 1.897658e-11
15360.00 1.883232e-11
15370.00 1.868908e-11
15380.00 1.854668e-11
15390.00 1.840515e-11
15400.00 1.826462e-11
15410.00 1.812492e-11
15420.00 1.798608e-11
15430.00 1.784822e-11
15440.00 1.771118e-11
15450.00 1.757500e-11
15460.00 1.743976e-11
15470.00 1.730535e-11
15480.00 1.717178e-11
15490.00 1.703914e-11
15500.00 1.690731e-11
15510.00 1.677632e-11
15520.00 1.664624e-11
15530.00 1.651695e-11
15540.00 1.638850e-11
15550.00 1.626094e-11
15560.00 1.613416e-11
15570.00 1.600821e-11
15580.00 1.588313e-11
15590.00 1.575882e-11
15600.00 1.563534e-11
15610.00 1.551271e-11
15620.00 1.539083e-11
15630.00 1.526977e-11
15640.00 1.514955e-11
15650.00 1.503008e-11
15660.00 1.491141e-11
15670.00 1.479356e-11
15680.00 1.467644e-11
15690.00 1.456013e-11
15700.00 1.444462e-11
15710.00 1.432983e-11
15720.00 1.421584e-11
15730.00 1.410263e-11
15740.00 1.399013e-11
15750.00 1.387842e-11
15760.00 1.376747e-11
15770.00 1.365723e-11
15780.00 1.354777e-11
15790.00 1.343905e-11
15800.00 1.333103e-11
15810.00 1.322377e-11
15820.00 1.311726e-11
15830.00 1.301142e-11
15840.00 1.290635e-11
15850.00 1.280198e-11
15860.00 1.269830e-11
15870.00 1.259536e-11
15880.00 1.249314e-11
15890.00 1.239156e-11
15900.00 1.229073e-11
15910.00 1.219060e-11
15920.00 1.209111e-11
15930.00 1.199236e-11
15940.00 1.189428e-11
15950.00 1.179685e-11
15960.00 1.170014e-11
15970.00 1.160409e-11
15980.00 1.150867e-11
15990.00 1.141397e-11
16000.00 1.131991e-11
16010.00 1.122647e-11
16020.00 1.113375e-11
16030.00 1.104165e-11
16040.00 1.095017e-11
16050.00 1.085938e-11
16060.00 1.076921e-11
16070.00 1.067965e-11
16080.00 1.059077e-11
16090.00 1.050250e-11
16100.00 1.041482e-11
16110.00 1.032782e-11
16120.00 1.024142e-11
16130.00 1.015559e-11
16140.00 1.007044e-11
16150.00 9.985873e-12
16160.00 9.901876e-12
16170.00 9.818540e-12
16180.00 9.735771e-12
16190.00 9.653570e-12
16200.00 9.572016e-12
16210.00 9.491018e-12
16220.00 9.410587e-12
16230.00 9.330780e-12
16240.00 9.251527e-12
16250.00 9.172829e-12
16260.00 9.094748e-12
16270.00 9.017204e-12
16280.00 8.940215e-12
16290.00 8.863823e-12
16300.00 8.787962e-12
16310.00 8.712644e-12
16320.00 8.637917e-12
16330.00 8.563708e-12
16340.00 8.490042e-12
16350.00 8.416949e-12
16360.00 8.344367e-12
16370.00 8.272309e-12
16380.00 8.200824e-12
16390.00 8.129839e-12
16400.00 8.059370e-12
16410.00 7.989457e-12
16420.00 7.920042e-12
16430.00 7.851139e-12
16440.00 7.782771e-12
16450.00 7.714890e-12
16460.00 7.647521e-12
16470.00 7.580681e-12
16480.00 7.514309e-12
16490.00 7.448448e-12
16500.00 7.383098e-12
16510.00 7.318209e-12
16520.00 7.253826e-12
16530.00 7.189941e-12
16540.00 7.126512e-12
16550.00 7.063581e-12
16560.00 7.001130e-12
16570.00 6.939141e-12
16580.00 6.877631e-12
16590.00 6.816596e-12
16600.00 6.756009e-12
16610.00 6.695896e-12
16620.00 6.636251e-12
16630.00 6.577036e-12
16640.00 6.518295e-12
16650.00 6.460015e-12
16660.00 6.402159e-12
16670.00 6.344765e-12
16680.00 6.287813e-12
16690.00 6.231288e-12
16700.00 6.175214e-12
16710.00 6.119580e-12
16720.00 6.064353e-12
16730.00 6.009578e-12
16740.00 5.955228e-12
16750.00 5.901282e-12
16760.00 5.847777e-12
16770.00 5.794690e-12
16780.00 5.741998e-12
16790.00 5.689743e-12
16800.00 5.637892e-12
16810.00 5.586433e-12
16820.00 5.535400e-12
16830.00 5.484763e-12
16840.00 5.434510e-12
16850.00 5.384678e-12
16860.00 5.335233e-12
16870.00 5.286163e-12
16880.00 5.237508e-12
16890.00 5.189232e-12
16900.00 5.141324e-12
16910.00 5.093822e-12
16920.00 5.046688e-12
16930.00 4.999919e-12
16940.00 4.953550e-12
16950.00 4.907541e-12
16960.00 4.861886e-12
16970.00 4.816625e-12
16980.00 4.771718e-12
16990.00 4.727157e-12
17000.00 4.682984e-12
17010.00 4.639156e-12
17020.00 4.595667e-12
17030.00 4.552559e-12
17040.00 4.509787e-12
17050.00 4.467351e-12
17060.00 4.425285e-12
17070.00 4.383550e-12
17080.00 4.342146e-12
17090.00 4.301104e-12
17100.00 4.260384e-12
17110.00 4.219990e-12
17120.00 4.179949e-12
17130.00 4.140224e-12
17140.00 4.100820e-12
17150.00 4.061759e-12
17160.00 4.023010e-12
17170.00 3.984575e-12
17180.00 3.946477e-12
17190.00 3.908681e-12
17200.00 3.871196e-12
17210.00 3.834039e-12
17220.00 3.797180e-12
17230.00 3.760624e-12
17240.00 3.724390e-12
17250.00 3.688447e-12
17260.00 3.652802e-12
17270.00 3.617470e-12
17280.00 3.582424e-12
17290.00 3.547672e-12
17300.00 3.513224e-12
17310.00 3.479057e-12
17320.00 3.445178e-12
17330.00 3.411596e-12
17340.00 3.378288e-12
17350.00 3.345264e-12
17360.00 3.312530e-12
17370.00 3.280064e-12
17380.00 3.247877e-12
17390.00 3.215972e-12
17400.00 3.184331e-12
17410.00 3.152963e-12
17420.00 3.121871e-12
17430.00 3.091035e-12
17440.00 3.060469e-12
17450.00 3.030171e-12
17460.00 3.000126e-12
17470.00 2.970343e-12
17480.00 2.940824e-12
17490.00 2.911550e-12
17500.00 2.882536e-12
17510.00 2.853777e-12
17520.00 2.825259e-12
17530.00 2.796996e-12
17540.00 2.768981e-12
17550.00 2.741203e-12
17560.00 2.713674e-12
17570.00 2.686387e-12
17580.00 2.659332e-12
17590.00 2.632521e-12
17600.00 2.605947e-12
17610.00 2.579599e-12
17620.00 2.553491e-12
17630.00 2.527614e-12
17640.00 2.501957e-12
17650.00 2.476537e-12
17660.00 2.451341e-12
17670.00 2.426361e-12
17680.00 2.401612e-12
17690.00 2.377082e-12
17700.00 2.352763e-12
17710.00 2.328671e-12
17720.00 2.304792e-12
17730.00 2.281120e-12
17740.00 2.257670e-12
17750.00 2.234428e-12
17760.00 2.211388e-12
17770.00 2.188566e-12
17780.00 2.165946e-12
17790.00 2.143523e-12
17800.00 2.121314e-12
17810.00 2.099302e-12
17820.00 2.077484e-12
17830.00 2.055874e-12
17840.00 2.034457e-12
17850.00 2.013228e-12
17860.00 1.992205e-12
17870.00 1.971368e-12
17880.00 1.950716e-12
17890.00 1.930264e-12
17900.00 1.909995e-12
17910.00 1.889906e-12
17920.00 1.870013e-12
17930.00 1.850298e-12
17940.00 1.830760e-12
17950.00 1.811412e-12
17960.00 1.792239e-12
17970.00 1.773239e-12
17980.00 1.754424e-12
17990.00 1.735779e-12
18000.00 1.717304e-12
18010.00 1.699010e-12
18020.00 1.680882e-12
18030.00 1.662919e-12
18040.00 1.645133e-12
18050.00 1.627509e-12
18060.00 1.610047e-12
18070.00 1.592757e-12
18080.00 1.575625e-12
18090.00 1.558653e-12
18100.00 1.541847e-12
18110.00 1.525195e-12
18120.00 1.508700e-12
18130.00 1.492367e-12
18140.00 1.476184e-12
18150.00 1.460154e-12
18160.00 1.444283e-12
18170.00 1.428558e-12
18180.00 1.412983e-12
18190.00 1.397561e-12
18200.00 1.382284e-12
18210.00 1.367152e-12
18220.00 1.352170e-12
18230.00 1.337328e-12
18240.00 1.322629e-12
18250.00 1.308075e-12
18260.00 1.293659e-12
18270.00 1.279382e-12
18280.00 1.265247e-12
18290.00 1.251244e-12
18300.00 1.237380e-12
18310.00 1.223653e-12
18320.00 1.210055e-12
18330.00 1.196592e-12
18340.00 1.183263e-12
18350.00 1.170060e-12
18360.00 1.156988e-12
18370.00 1.144046e-12
18380.00 1.131229e-12
18390.00 1.118539e-12
18400.00 1.105976e-12
18410.00 1.093533e-12
18420.00 1.081215e-12
18430.00 1.069021e-12
18440.00 1.056944e-12
18450.00 1.044990e-12
18460.00 1.033155e-12
18470.00 1.021435e-12
18480.00 1.009834e-12
18490.00 9.983492e-13
18500.00 9.869769e-13
18510.00 9.757212e-13
18520.00 9.645783e-13
18530.00 9.535439e-13
18540.00 9.426242e-13
18550.00 9.318142e-13
18560.00 9.211103e-13
18570.00 9.105173e-13
18580.00 9.000315e-13
18590.00 8.896492e-13
18600.00 8.793760e-13
18610.00 8.692057e-13
18620.00 8.591364e-13
18630.00 8.491737e-13
18640.00 8.393114e-13
18650.00 8.295476e-13
18660.00 8.198873e-13
18670.00 8.103249e-13
18680.00 8.008584e-13
18690.00 7.914924e-13
18700.00 7.822217e-13
18710.00 7.730446e-13
18720.00 7.639659e-13
18730.00 7.549795e-13
18740.00 7.460842e-13
18750.00 7.372848e-13
18760.00 7.285747e-13
18770.00 7.199536e-13
18780.00 7.114267e-13
18790.00 7.029865e-13
18800.00 6.946317e-13
18810.00 6.863691e-13
18820.00 6.781914e-13
18830.00 6.700971e-13
18840.00 6.620921e-13
18850.00 6.541693e-13
18860.00 6.463282e-13
18870.00 6.385731e-13
18880.00 6.308991e-13
18890.00 6.233041e-13
18900.00 6.157933e-13
18910.00 6.083602e-13
18920.00 6.010052e-13
18930.00 5.937313e-13
18940.00 5.865334e-13
18950.00 5.794114e-13
18960.00 5.723683e-13
18970.00 5.653989e-13
18980.00 5.585037e-13
18990.00 5.516850e-13
19000.00 5.449378e-13
19010.00 5.382631e-13
19020.00 5.316626e-13
19030.00 5.251316e-13
19040.00 5.186713e-13
19050.00 5.122828e-13
19060.00 5.059622e-13
19070.00 4.997102e-13
19080.00 4.935279e-13
19090.00 4.874116e-13
19100.00 4.813624e-13
19110.00 4.753806e-13
19120.00 4.694630e-13
19130.00 4.636106e-13
19140.00 4.578237e-13
19150.00 4.520991e-13
19160.00 4.464381e-13
19170.00 4.408407e-13
19180.00 4.353038e-13
19190.00 4.298287e-13
19200.00 4.244151e-13
19210.00 4.190606e-13
19220.00 4.137661e-13
19230.00 4.085313e-13
19240.00 4.033539e-13
19250.00 3.982349e-13
19260.00 3.931738e-13
19270.00 3.881684e-13
19280.00 3.832199e-13
19290.00 3.783274e-13
19300.00 3.734891e-13
19310.00 3.687061e-13
19320.00 3.639776e-13
19330.00 3.593014e-13
19340.00 3.546791e-13
19350.00 3.501096e-13
19360.00 3.455909e-13
19370.00 3.411247e-13
19380.00 3.367096e-13
19390.00 3.323438e-13
19400.00 3.280290e-13
19410.00 3.237639e-13
19420.00 3.195465e-13
19430.00 3.153790e-13
19440.00 3.112590e-13
19450.00 3.071859e-13
19460.00 3.031608e-13
19470.00 2.991821e-13
19480.00 2.952487e-13
19490.00 2.913621e-13
19500.00 2.875204e-13
19510.00 2.837226e-13
19520.00 2.799703e-13
19530.00 2.762614e-13
19540.00 2.725951e-13
19550.00 2.689731e-13
19560.00 2.653932e-13
19570.00 2.618545e-13
19580.00 2.583588e-13
19590.00 2.549038e-13
19600.00 2.514889e-13
19610.00 2.481157e-13
19620.00 2.447819e-13
19630.00 2.414870e-13
19640.00 2.382325e-13
19650.00 2.350163e-13
19660.00 2.318376e-13
19670.00 2.286983e-13
19680.00 2.255960e-13
19690.00 2.225301e-13
19700.00 2.195024e-13
19710.00 2.165104e-13
19720.00 2.135539e-13
19730.00 2.106343e-13
19740.00 2.077492e-13
19750.00 2.048987e-13
19760.00 2.020838e-13
19770.00 1.993024e-13
19780.00 1.965545e-13
19790.00 1.938410e-13
19800.00 1.911601e-13
19810.00 1.885116e-13
19820.00 1.858964e-13
19830.00 1.833128e-13
19840.00 1.807605e-13
19850.00 1.782405e-13
19860.00 1.757510e-13
19870.00 1.732921e-13
19880.00 1.708642e-13
19890.00 1.684660e-13
19900.00 1.660973e-13
19910.00 1.637587e-13
19920.00 1.614487e-13
19930.00 1.591674e-13
19940.00 1.569152e-13
19950.00 1.546906e-13
19960.00 1.524939e-13
19970.00 1.503253e-13
19980.00 1.481835e-13
19990.00 1.460686e-13
20000.00 1.439809e-13
20010.00 1.419191e-13
20020.00 1.398835e-13
20030.00 1.378740e-13
20040.00 1.358896e-13
20050.00 1.339306e-13
20060.00 1.319969e-13
20070.00 1.300874e-13
20080.00 1.282025e-13
20090.00 1.263419e-13
20100.00 1.245049e-13
20110.00 1.226916e-13
20120.00 1.209019e-13
20130.00 1.191349e-13
20140.00 1.173910e-13
20150.00 1.156697e-13
20160.00 1.139704e-13
20170.00 1.122934e-13
20180.00 1.106383e-13
20190.00 1.090045e-13
20200.00 1.073922e-13
20210.00 1.058011e-13
20220.00 1.042305e-13
20230.00 1.026808e-13
20240.00 1.011515e-13
20250.00 9.964202e-14
20260.00 9.815273e-14
20270.00 9.668314e-14
20280.00 9.523269e-14
20290.00 9.380182e-14
20300.00 9.238989e-14
20310.00 9.099649e-14
20320.00 8.962204e-14
20330.00 8.826579e-14
20340.00 8.692749e-14
20350.00 8.560741e-14
20360.00 8.430502e-14
20370.00 8.301985e-14
20380.00 8.175238e-14
20390.00 8.050193e-14
20400.00 7.926813e-14
20410.00 7.805135e-14
20420.00 7.685102e-14
20430.00 7.566672e-14
20440.00 7.449894e-14
20450.00 7.334700e-14
20460.00 7.221051e-14
20470.00 7.108999e-14
20480.00 6.998468e-14
20490.00 6.889433e-14
20500.00 6.781938e-14
20510.00 6.675915e-14
20520.00 6.571332e-14
20530.00 6.468232e-14
20540.00 6.366548e-14
20550.00 6.266254e-14
20560.00 6.167392e-14
20570.00 6.069895e-14
20580.00 5.973741e-14
20590.00 5.878967e-14
20600.00 5.785506e-14
20610.00 5.693342e-14
20620.00 5.602508e-14
20630.00 5.512937e-14
20640.00 5.424618e-14
20650.00 5.337580e-14
20660.00 5.251759e-14
20670.00 5.167145e-14
20680.00 5.083763e-14
20690.00 5.001555e-14
20700.00 4.920512e-14
20710.00 4.840653e-14
20720.00 4.761925e-14
20730.00 4.684321e-14
20740.00 4.607854e-14
20750.00 4.532477e-14
20760.00 4.458184e-14
20770.00 4.384985e-14
20780.00 4.312834e-14
20790.00 4.241729e-14
20800.00 4.171677e-14
20810.00 4.102633e-14
20820.00 4.034596e-14
20830.00 3.967570e-14
20840.00 3.901516e-14
20850.00 3.836432e-14
20860.00 3.772320e-14
20870.00 3.709141e-14
20880.00 3.646899e-14
20890.00 3.585590e-14
20900.00 3.525179e-14
20910.00 3.465669e-14
20920.00 3.407055e-14
20930.00 3.349307e-14
20940.00 3.292425e-14
20950.00 3.236403e-14
20960.00 3.181215e-14
20970.00 3.126860e-14
20980.00 3.073331e-14
20990.00 3.020602e-14
21000.00 2.968676e-14
21010.00 2.917542e-14
21020.00 2.867177e-14
21030.00 2.817586e-14
21040.00 2.768755e-14
21050.00 2.720664e-14
21060.00 2.673312e-14
21070.00 2.626693e-14
21080.00 2.580785e-14
21090.00 2.535588e-14
21100.00 2.491093e-14
21110.00 2.447281e-14
21120.00 2.404153e-14
21130.00 2.361698e-14
21140.00 2.319897e-14
21150.00 2.278757e-14
21160.00 2.238259e-14
21170.00 2.198391e-14
21180.00 2.159156e-14
21190.00 2.120538e-14
21200.00 2.082524e-14
21210.00 2.045118e-14
21220.00 2.008304e-14
21230.00 1.972068e-14
21240.00 1.936417e-14
21250.00 1.901333e-14
21260.00 1.866804e-14
21270.00 1.832835e-14
21280.00 1.799410e-14
21290.00 1.766517e-14
21300.00 1.734162e-14
21310.00 1.702328e-14
21320.00 1.671003e-14
21330.00 1.640195e-14
21340.00 1.609885e-14
21350.00 1.580064e-14
21360.00 1.550738e-14
21370.00 1.521889e-14
21380.00 1.493509e-14
21390.00 1.465603e-14
21400.00 1.438153e-14
21410.00 1.411153e-14
21420.00 1.384607e-14
21430.00 1.358497e-14
21440.00 1.332818e-14
21450.00 1.307574e-14
21460.00 1.282749e-14
21470.00 1.258334e-14
21480.00 1.234337e-14
21490.00 1.210739e-14
21500.00 1.187536e-14
21510.00 1.164731e-14
21520.00 1.142309e-14
21530.00 1.120264e-14
21540.00 1.098600e-14
21550.00 1.077303e-14
21560.00 1.056366e-14
21570.00 1.035793e-14
21580.00 1.015570e-14
21590.00 9.956933e-15
21600.00 9.761638e-15
21610.00 9.569691e-15
21620.00 9.381048e-15
21630.00 9.195728e-15
21640.00 9.013601e-15
21650.00 8.834640e-15
21660.00 8.658846e-15
21670.00 8.486101e-15
21680.00 8.316393e-15
21690.00 8.149695e-15
21700.00 7.985922e-15
21710.00 7.825035e-15
21720.00 7.667035e-15
21730.00 7.511815e-15
21740.00 7.359363e-15
21750.00 7.209655e-15
21760.00 7.062608e-15
21770.00 6.918199e-15
21780.00 6.776408e-15
21790.00 6.637155e-15
21800.00 6.500421e-15
21810.00 6.366186e-15
21820.00 6.234369e-15
21830.00 6.104957e-15
21840.00 5.977922e-15
21850.00 5.853195e-15
21860.00 5.730761e-15
21870.00 5.610593e-15
21880.00 5.492623e-15
21890.00 5.376842e-15
21900.00 5.263216e-15
21910.00 5.151686e-15
21920.00 5.042241e-15
21930.00 4.934849e-15
21940.00 4.829453e-15
21950.00 4.726044e-15
21960.00 4.624586e-15
21970.00 4.525030e-15
21980.00 4.427367e-15
21990.00 4.331560e-15
22000.00 4.237563e-15
22010.00 4.145368e-15
22020.00 4.054938e-15
22030.00 3.966229e-15
22040.00 3.879235e-15
22050.00 3.793920e-15
22060.00 3.710241e-15
22070.00 3.628195e-15
22080.00 3.547741e-15
22090.00 3.468845e-15
22100.00 3.391501e-15
22110.00 3.315670e-15
22120.00 3.241317e-15
22130.00 3.168441e-15
22140.00 3.097002e-15
22150.00 3.026966e-15
22160.00 2.958334e-15
22170.00 2.891065e-15
22180.00 2.825129e-15
22190.00 2.760526e-15
22200.00 2.697214e-15
22210.00 2.635170e-15
22220.00 2.574389e-15
22230.00 2.514835e-15
22240.00 2.456483e-15
22250.00 2.399330e-15
22260.00 2.343338e-15
22270.00 2.288486e-15
22280.00 2.234772e-15
22290.00 2.182158e-15
22300.00 2.130624e-15
22310.00 2.080170e-15
22320.00 2.030758e-15
22330.00 1.982368e-15
22340.00 1.935002e-15
22350.00 1.888622e-15
22360.00 1.843211e-15
22370.00 1.798767e-15
22380.00 1.755258e-15
22390.00 1.712666e-15
22400.00 1.670989e-15
22410.00 1.630197e-15
22420.00 1.590272e-15
22430.00 1.551214e-15
22440.00 1.512990e-15
22450.00 1.475588e-15
22460.00 1.439004e-15
22470.00 1.403209e-15
22480.00 1.368193e-15
22490.00 1.333947e-15
22500.00 1.300448e-15
22510.00 1.267684e-15
22520.00 1.235648e-15
22530.00 1.204317e-15
22540.00 1.173680e-15
22550.00 1.143730e-15
22560.00 1.114445e-15
22570.00 1.085816e-15
22580.00 1.057834e-15
22590.00 1.030480e-15
22600.00 1.003744e-15
22610.00 9.776189e-16
22620.00 9.520850e-16
22630.00 9.271346e-16
22640.00 9.027584e-16
22650.00 8.789403e-16
22660.00 8.556719e-16
22670.00 8.329442e-16
22680.00 8.107419e-16
22690.00 7.890572e-16
22700.00 7.678818e-16
22710.00 7.472002e-16
22720.00 7.270061e-16
22730.00 7.072908e-16
22740.00 6.880400e-16
22750.00 6.692480e-16
22760.00 6.509055e-16
22770.00 6.330007e-16
22780.00 6.155264e-16
22790.00 5.984744e-16
22800.00 5.818332e-16
22810.00 5.655970e-16
22820.00 5.497571e-16
22830.00 5.343028e-16
22840.00 5.192288e-16
22850.00 5.045265e-16
22860.00 4.901860e-16
22870.00 4.762024e-16
22880.00 4.625671e-16
22890.00 4.492710e-16
22900.00 4.363096e-16
22910.00 4.236745e-16
22920.00 4.113573e-16
22930.00 3.993536e-16
22940.00 3.876553e-16
22950.00 3.762547e-16
22960.00 3.651476e-16
22970.00 3.543263e-16
22980.00 3.437834e-16
22990.00 3.335153e-16
23000.00 3.235142e-16
23010.00 3.137734e-16
23020.00 3.042893e-16
23030.00 2.950549e-16
23040.00 2.860637e-16
23050.00 2.773122e-16
23060.00 2.687937e-16
23070.00 2.605022e-16
23080.00 2.524346e-16
23090.00 2.445842e-16
23100.00 2.369456e-16
23110.00 2.295157e-16
23120.00 2.222883e-16
23130.00 2.152583e-16
23140.00 2.084229e-16
23150.00 2.017758e-16
23160.00 1.953126e-16
23170.00 1.890305e-16
23180.00 1.829238e-16
23190.00 1.769881e-16
23200.00 1.712209e-16
23210.00 1.656166e-16
23220.00 1.601713e-16
23230.00 1.548827e-16
23240.00 1.497453e-16
23250.00 1.447557e-16
23260.00 1.399113e-16
23270.00 1.352075e-16
23280.00 1.306407e-16
23290.00 1.262086e-16
23300.00 1.219068e-16
23310.00 1.177320e-16
23320.00 1.136821e-16
23330.00 1.097527e-16
23340.00 1.059412e-16
23350.00 1.022449e-16
23360.00 9.866041e-17
23370.00 9.518475e-17
23380.00 9.181582e-17
23390.00 8.855008e-17
23400.00 8.538502e-17
23410.00 8.231847e-17
23420.00 7.934718e-17
23430.00 7.646885e-17
23440.00 7.368141e-17
23450.00 7.098182e-17
23460.00 6.836796e-17
23470.00 6.583776e-17
23480.00 6.338854e-17
23490.00 6.101830e-17
23500.00 5.872505e-17
23510.00 5.650630e-17
23520.00 5.436018e-17
23530.00 5.228484e-17
23540.00 5.027797e-17
23550.00 4.833782e-17
23560.00 4.646265e-17
23570.00 4.465031e-17
23580.00 4.289921e-17
23590.00 4.120765e-17
23600.00 3.957371e-17
23610.00 3.799587e-17
23620.00 3.647254e-17
23630.00 3.500195e-17
23640.00 3.358269e-17
23650.00 3.221327e-17
23660.00 3.089206e-17
23670.00 2.961775e-17
23680.00 2.838893e-17
23690.00 2.720411e-17
23700.00 2.606208e-17
23710.00 2.496152e-17
23720.00 2.390104e-17
23730.00 2.287955e-17
23740.00 2.189580e-17
23750.00 2.094852e-17
23760.00 2.003669e-17
23770.00 1.915915e-17
23780.00 1.831474e-17
23790.00 1.750251e-17
23800.00 1.672138e-17
23810.00 1.597030e-17
23820.00 1.524838e-17
23830.00 1.455462e-17
23840.00 1.388805e-17
23850.00 1.324786e-17
23860.00 1.263313e-17
23870.00 1.204296e-17
23880.00 1.147661e-17
23890.00 1.093321e-17
23900.00 1.041197e-17
23910.00 9.912188e-18
23920.00 9.433069e-18
23930.00 8.973887e-18
23940.00 8.533995e-18
23950.00 8.112675e-18
23960.00 7.709248e-18
23970.00 7.323135e-18
23980.00 6.953661e-18
23990.00 6.600222e-18
24000.00 6.262276e-18
24010.00 5.939217e-18
24020.00 5.630484e-18
24030.00 5.335591e-18
24040.00 5.053975e-18
24050.00 4.785133e-18
24060.00 4.528618e-18
24070.00 4.283920e-18
24080.00 4.050579e-18
24090.00 3.828189e-18
24100.00 3.616286e-18
24110.00 3.414456e-18
24120.00 3.222327e-18
24130.00 3.039478e-18
24140.00 2.865537e-18
24150.00 2.700163e-18
24160.00 2.542980e-18
24170.00 2.393649e-18
24180.00 2.251861e-18
24190.00 2.117278e-18
24200.00 1.989595e-18
24210.00 1.868532e-18
24220.00 1.753785e-18
24230.00 1.645082e-18
24240.00 1.542168e-18
24250.00 1.444772e-18
24260.00 1.352650e-18
24270.00 1.265571e-18
24280.00 1.183296e-18
24290.00 1.105604e-18
24300.00 1.032290e-18
24310.00 9.631400e-19
24320.00 8.979585e-19
24330.00 8.365602e-19
24340.00 7.787560e-19
24350.00 7.243732e-19
24360.00 6.732449e-19
24370.00 6.252052e-19
24380.00 5.801000e-19
24390.00 5.377825e-19
24400.00 4.981059e-19
24410.00 4.609344e-19
24420.00 4.261378e-19
24430.00 3.935874e-19
24440.00 3.631641e-19
24450.00 3.347531e-19
24460.00 3.082418e-19
24470.00 2.835259e-19
24480.00 2.605050e-19
24490.00 2.390810e-19
24500.00 2.191630e-19
24510.00 2.006634e-19
24520.00 1.834975e-19
24530.00 1.675861e-19
24540.00 1.528535e-19
24550.00 1.392265e-19
24560.00 1.266369e-19
24570.00 1.150194e-19
24580.00 1.043113e-19
24590.00 9.445419e-20
24600.00 8.539201e-20
24610.00 7.707141e-20
24620.00 6.944247e-20
24630.00 6.245773e-20
24640.00 5.607188e-20
24650.00 5.024283e-20
24660.00 4.493038e-20
24670.00 4.009656e-20
24680.00 3.570603e-20
24690.00 3.172512e-20
24700.00 2.812222e-20
24710.00 2.486790e-20
24720.00 2.193429e-20
24730.00 1.929526e-20
24740.00 1.692659e-20
24750.00 1.480540e-20
24760.00 1.291037e-20
24770.00 1.122174e-20
24780.00 9.720977e-21
24790.00 8.390882e-21
24800.00 7.215559e-21
24810.00 6.180173e-21
24820.00 5.271042e-21
24830.00 4.475564e-21
24840.00 3.782061e-21
24850.00 3.179811e-21
24860.00 2.658996e-21
24870.00 2.210583e-21
24880.00 1.826332e-21
24890.00 1.498745e-21
24900.00 1.220983e-21
24910.00 9.868541e-22
24920.00 7.907710e-22
24930.00 6.276846e-22
24940.00 4.930706e-22
24950.00 3.828858e-22
24960.00 2.935212e-22
24970.00 2.217814e-22
24980.00 1.648480e-22
24990.00 1.202440e-22
25000.00 8.581021e-23
