1000.00 1.580906e-37
1010.00 1.979126e-30
1020.00 3.819859e-29
1030.00 2.415953e-28
1040.00 9.460806e-28
1050.00 2.849344e-27
1060.00 7.333365e-27
1070.00 1.646346e-26
1080.00 3.488750e-26
1090.00 6.757630e-26
1100.00 1.261121e-25
1110.00 2.233204e-25
1120.00 3.813236e-25
1130.00 6.358331e-25
1140.00 1.015715e-24
1150.00 1.623010e-24
1160.00 2.489821e-24
1170.00 3.808369e-24
1180.00 5.678924e-24
1190.00 8.354286e-24
1200.00 1.218848e-23
1210.00 1.733800e-23
1220.00 2.486784e-23
1230.00 3.467620e-23
1240.00 4.859955e-23
1250.00 6.689381e-23
1260.00 9.150990e-23
1270.00 1.246431e-22
1280.00 1.667780e-22
1290.00 2.252516e-22
1300.00 2.975196e-22
1310.00 3.961250e-22
1320.00 5.195797e-22
1330.00 6.797518e-22
1340.00 8.865170e-22
1350.00 1.140811e-21
1360.00 1.480930e-21
1370.00 1.886894e-21
1380.00 2.426439e-21
1390.00 3.079049e-21
1400.00 3.905303e-21
1410.00 4.939186e-21
1420.00 6.182480e-21
1430.00 7.798339e-21
1440.00 9.679218e-21
1450.00 1.213184e-20
1460.00 1.502066e-20
1470.00 1.861415e-20
1480.00 2.300047e-20
1490.00 2.819142e-20
1500.00 3.478021e-20
1510.00 4.230468e-20
1520.00 5.197404e-20
1530.00 6.312108e-20
1540.00 7.680302e-20
1550.00 9.316284e-20
1560.00 1.122945e-19
1570.00 1.360928e-19
1580.00 1.628635e-19
1590.00 1.968660e-19
1600.00 2.353668e-19
1610.00 2.821293e-19
1620.00 3.370667e-19
1630.00 4.007275e-19
1640.00 4.785323e-19
1650.00 5.649842e-19
1660.00 6.737418e-19
1670.00 7.950042e-19
1680.00 9.410437e-19
1690.00 1.109990e-18
1700.00 1.304361e-18
1710.00 1.538221e-18
1720.00 1.795417e-18
1730.00 2.116373e-18
1740.00 2.469447e-18
1750.00 2.891701e-18
1760.00 3.373546e-18
1770.00 3.924720e-18
1780.00 4.578577e-18
1790.00 5.292447e-18
1800.00 6.174878e-18
1810.00 7.135190e-18
1820.00 8.276960e-18
1830.00 9.563918e-18
1840.00 1.102916e-17
1850.00 1.274519e-17
1860.00 1.461241e-17
1870.00 1.688945e-17
1880.00 1.934937e-17
1890.00 2.225955e-17
1900.00 2.550334e-17
1910.00 2.918219e-17
1920.00 3.344034e-17
1930.00 3.806140e-17
1940.00 4.362660e-17
1950.00 4.960016e-17
1960.00 5.663694e-17
1970.00 6.440040e-17
1980.00 7.317667e-17
1990.00 8.322515e-17
2000.00 9.410743e-17
2010.00 1.070617e-16
2020.00 1.208871e-16
2030.00 1.371128e-16
2040.00 1.548456e-16
2050.00 1.748372e-16
2060.00 1.974970e-16
2070.00 2.219966e-16
2080.00 2.508472e-16
2090.00 2.814791e-16
2100.00 3.173132e-16
2110.00 3.561325e-16
2120.00 3.997952e-16
2130.00 4.488217e-16
2140.00 5.017597e-16
2150.00 5.634704e-16
2160.00 6.286846e-16
2170.00 7.047577e-16
2180.00 7.864929e-16
2190.00 8.782432e-16
2200.00 9.803596e-16
2210.00 1.090508e-15
2220.00 1.217693e-15
2230.00 1.351522e-15
2240.00 1.507245e-15
2250.00 1.673266e-15
2260.00 1.859313e-15
2270.00 2.064664e-15
2280.00 2.285984e-15
2290.00 2.539249e-15
2300.00 2.804688e-15
2310.00 3.112864e-15
2320.00 3.439024e-15
2330.00 3.803992e-15
2340.00 4.203663e-15
2350.00 4.634133e-15
2360.00 5.122566e-15
2370.00 5.632579e-15
2380.00 6.223546e-15
2390.00 6.844657e-15
2400.00 7.538785e-15
2410.00 8.293244e-15
2420.00 9.105422e-15
2430.00 1.001954e-14
2440.00 1.097072e-14
2450.00 1.207096e-14
2460.00 1.321965e-14
2470.00 1.450198e-14
2480.00 1.588581e-14
2490.00 1.737490e-14
2500.00 1.903803e-14
2510.00 2.076290e-14
2520.00 2.275499e-14
2530.00 2.482152e-14
2540.00 2.712628e-14
2550.00 2.959648e-14
2560.00 3.225370e-14
2570.00 3.519972e-14
2580.00 3.825255e-14
2590.00 4.175826e-14
2600.00 4.537985e-14
2610.00 4.941565e-14
2620.00 5.371260e-14
2630.00 5.833379e-14
2640.00 6.342109e-14
2650.00 6.869477e-14
2660.00 7.470499e-14
2670.00 8.089508e-14
2680.00 8.778835e-14
2690.00 9.508082e-14
2700.00 1.029222e-13
2710.00 1.114957e-13
2720.00 1.203864e-13
2730.00 1.304455e-13
2740.00 1.407752e-13
2750.00 1.522715e-13
2760.00 1.643578e-13
2770.00 1.773522e-13
2780.00 1.914663e-13
2790.00 2.061079e-13
2800.00 2.225577e-13
2810.00 2.394009e-13
2820.00 2.581374e-13
2830.00 2.777159e-13
2840.00 2.987634e-13
2850.00 3.214779e-13
2860.00 3.450490e-13
2870.00 3.713523e-13
2880.00 3.982074e-13
2890.00 4.280696e-13
2900.00 4.590868e-13
2910.00 4.924296e-13
2920.00 5.281879e-13
2930.00 5.653056e-13
2940.00 6.064540e-13
2950.00 6.483450e-13
2960.00 6.949135e-13
2970.00 7.429956e-13
2980.00 7.946825e-13
2990.00 8.497723e-13
3000.00 9.069711e-13
3010.00 9.699755e-13
3020.00 1.033932e-12
3030.00 1.105014e-12
3040.00 1.177974e-12
3050.00 1.256403e-12
3060.00 1.339487e-12
3070.00 1.425770e-12
3080.00 1.520217e-12
3090.00 1.615805e-12
3100.00 1.722034e-12
3110.00 1.830420e-12
3120.00 1.946935e-12
3130.00 2.069617e-12
3140.00 2.197045e-12
3150.00 2.335667e-12
3160.00 2.475536e-12
3170.00 2.630978e-12
3180.00 2.788617e-12
3190.00 2.958093e-12
3200.00 3.135452e-12
3210.00 3.319690e-12
3220.00 3.518892e-12
3230.00 3.719237e-12
3240.00 3.941924e-12
3250.00 4.166359e-12
3260.00 4.407671e-12
3270.00 4.658653e-12
3280.00 4.555779e-12
3290.00 3.705678e-12
3300.00 5.480396e-12
3310.00 5.758868e-13
3320.00 2.783779e-12
3330.00 2.047771e-12
3340.00 4.565390e-12
3350.00 5.203936e-12
3360.00 3.676380e-12
3370.00 6.382209e-12
3380.00 6.972707e-12
3390.00 3.028277e-12
3400.00 3.038426e-12
3410.00 6.557267e-12
3420.00 4.704529e-12
3430.00 3.162673e-12
3440.00 3.386470e-12
3450.00 1.760927e-12
3460.00 8.439237e-12
3470.00 9.444839e-12
3480.00 1.299680e-11
3490.00 1.590776e-11
3500.00 1.638662e-11
3510.00 2.762088e-11
3520.00 3.345688e-11
3530.00 2.898225e-11
3540.00 2.361014e-11
3550.00 2.686495e-11
3560.00 3.283140e-11
3570.00 3.313916e-11
3580.00 3.400333e-11
3590.00 3.791281e-11
3600.00 3.641567e-11
3610.00 4.571041e-11
3620.00 5.133053e-11
3630.00 5.695804e-11
3640.00 5.681679e-11
3650.00 5.407454e-11
3660.00 5.000184e-11
3670.00 5.771068e-11
3680.00 7.219892e-11
3690.00 7.517594e-11
3700.00 6.035974e-11
3710.00 6.708247e-11
3720.00 6.795224e-11
3730.00 6.257239e-11
3740.00 6.833466e-11
3750.00 7.214424e-11
3760.00 4.817356e-11
3770.00 3.924340e-11
3780.00 4.458595e-11
3790.00 3.123855e-11
3800.00 2.155027e-11
3810.00 3.109850e-11
3820.00 2.439414e-11
3830.00 2.219070e-11
3840.00 2.236278e-11
3850.00 4.013520e-11
3860.00 4.895019e-11
3870.00 4.976818e-11
3880.00 7.025526e-11
3890.00 6.495527e-11
3900.00 7.200085e-11
3910.00 8.224310e-11
3920.00 7.942973e-11
3930.00 9.220217e-11
3940.00 1.017831e-10
3950.00 1.227225e-10
3960.00 1.441020e-10
3970.00 1.625446e-10
3980.00 1.708738e-10
3990.00 1.716298e-10
4000.00 1.682323e-10
4010.00 1.618936e-10
4020.00 1.520200e-10
4030.00 1.301375e-10
4040.00 1.084303e-10
4050.00 1.082901e-10
4060.00 9.850704e-11
4070.00 9.476978e-11
4080.00 8.305682e-11
4090.00 8.231828e-11
4100.00 7.205521e-11
4110.00 7.316345e-11
4120.00 8.641832e-11
4130.00 6.820729e-11
4140.00 5.760184e-11
4150.00 6.811995e-11
4160.00 7.078425e-11
4170.00 5.599920e-11
4180.00 6.413431e-11
4190.00 6.001020e-11
4200.00 5.331587e-11
4210.00 7.125994e-11
4220.00 6.443463e-11
4230.00 6.767861e-11
4240.00 6.918118e-11
4250.00 6.801957e-11
4260.00 7.358796e-11
4270.00 5.994797e-11
4280.00 7.756680e-11
4290.00 6.624000e-11
4300.00 7.206182e-11
4310.00 6.523089e-11
4320.00 6.240530e-11
4330.00 6.958655e-11
4340.00 6.637511e-11
4350.00 5.903047e-11
4360.00 6.410463e-11
4370.00 6.229832e-11
4380.00 6.262183e-11
4390.00 4.521707e-11
4400.00 5.644840e-11
4410.00 4.602134e-11
4420.00 4.850965e-11
4430.00 5.241925e-11
4440.00 4.909683e-11
4450.00 4.719948e-11
4460.00 4.209384e-11
4470.00 6.340344e-11
4480.00 6.128939e-11
4490.00 7.444813e-11
4500.00 7.311077e-11
4510.00 7.722665e-11
4520.00 7.561628e-11
4530.00 8.728573e-11
4540.00 9.412557e-11
4550.00 1.168383e-10
4560.00 1.120724e-10
4570.00 1.365521e-10
4580.00 1.372441e-10
4590.00 1.555458e-10
4600.00 1.557389e-10
4610.00 1.701680e-10
4620.00 1.737820e-10
4630.00 1.699703e-10
4640.00 1.696728e-10
4650.00 1.662615e-10
4660.00 1.512117e-10
4670.00 1.338735e-10
4680.00 1.168951e-10
4690.00 9.959701e-11
4700.00 8.389467e-11
4710.00 7.093968e-11
4720.00 6.233888e-11
4730.00 5.483585e-11
4740.00 5.855867e-11
4750.00 6.379328e-11
4760.00 6.135153e-11
4770.00 6.157352e-11
4780.00 6.452253e-11
4790.00 7.347424e-11
4800.00 7.105620e-11
4810.00 8.357765e-11
4820.00 9.786788e-11
4830.00 1.020365e-10
4840.00 1.040749e-10
4850.00 9.343186e-11
4860.00 8.808517e-11
4870.00 8.159758e-11
4880.00 7.436565e-11
4890.00 7.873664e-11
4900.00 8.531700e-11
4910.00 8.527417e-11
4920.00 9.999670e-11
4930.00 1.050567e-10
4940.00 1.171187e-10
4950.00 1.291605e-10
4960.00 1.320150e-10
4970.00 1.358723e-10
4980.00 1.363971e-10
4990.00 1.252529e-10
5000.00 1.004210e-10
5010.00 8.092232e-11
5020.00 7.296557e-11
5030.00 6.149243e-11
5040.00 6.619212e-11
5050.00 6.054811e-11
5060.00 5.705744e-11
5070.00 5.968841e-11
5080.00 6.255717e-11
5090.00 5.963956e-11
5100.00 6.444660e-11
5110.00 7.170565e-11
5120.00 6.853934e-11
5130.00 7.252030e-11
5140.00 6.512110e-11
5150.00 6.477528e-11
5160.00 6.682106e-11
5170.00 6.903629e-11
5180.00 6.920899e-11
5190.00 7.275572e-11
5200.00 7.745390e-11
5210.00 7.715508e-11
5220.00 8.159022e-11
5230.00 8.429237e-11
5240.00 8.748710e-11
5250.00 9.370630e-11
5260.00 9.669218e-11
5270.00 9.585221e-11
5280.00 1.054195e-10
5290.00 1.052840e-10
5300.00 1.105370e-10
5310.00 1.140873e-10
5320.00 1.136770e-10
5330.00 1.133687e-10
5340.00 1.170167e-10
5350.00 1.118376e-10
5360.00 1.065167e-10
5370.00 1.064751e-10
5380.00 1.038394e-10
5390.00 1.007067e-10
5400.00 9.813390e-11
5410.00 9.823091e-11
5420.00 1.090437e-10
5430.00 1.148044e-10
5440.00 1.143070e-10
5450.00 1.212286e-10
5460.00 1.357891e-10
5470.00 1.439231e-10
5480.00 1.468647e-10
5490.00 1.621999e-10
5500.00 1.639785e-10
5510.00 1.702033e-10
5520.00 1.758392e-10
5530.00 1.800960e-10
5540.00 1.762924e-10
5550.00 1.764185e-10
5560.00 1.725630e-10
5570.00 1.544198e-10
5580.00 1.519392e-10
5590.00 1.459675e-10
5600.00 1.362166e-10
5610.00 1.276899e-10
5620.00 1.135969e-10
5630.00 1.057741e-10
5640.00 8.492785e-11
5650.00 6.558457e-11
5660.00 4.435510e-11
5670.00 3.433230e-11
5680.00 3.962030e-11
5690.00 4.522881e-11
5700.00 5.503261e-11
5710.00 6.217508e-11
5720.00 5.965832e-11
5730.00 6.041932e-11
5740.00 6.533806e-11
5750.00 6.582036e-11
5760.00 6.525159e-11
5770.00 6.786720e-11
5780.00 6.837799e-11
5790.00 6.842145e-11
5800.00 6.762038e-11
5810.00 7.158800e-11
5820.00 7.952387e-11
5830.00 7.780409e-11
5840.00 8.599538e-11
5850.00 9.165734e-11
5860.00 9.523980e-11
5870.00 1.022745e-10
5880.00 1.001293e-10
5890.00 1.055976e-10
5900.00 1.121819e-10
5910.00 1.035286e-10
5920.00 9.355668e-11
5930.00 8.731628e-11
5940.00 8.615149e-11
5950.00 8.088573e-11
5960.00 7.242323e-11
5970.00 7.384868e-11
5980.00 7.234973e-11
5990.00 6.993936e-11
6000.00 7.113856e-11
6010.00 6.841789e-11
6020.00 6.709768e-11
6030.00 6.988150e-11
6040.00 6.852170e-11
6050.00 7.006941e-11
6060.00 7.317206e-11
6070.00 7.349538e-11
6080.00 7.052502e-11
6090.00 7.186201e-11
6100.00 6.776452e-11
6110.00 7.118457e-11
6120.00 6.590097e-11
6130.00 6.851977e-11
6140.00 6.867781e-11
6150.00 6.711844e-11
6160.00 6.390158e-11
6170.00 6.513395e-11
6180.00 6.267251e-11
6190.00 6.227939e-11
6200.00 6.115941e-11
6210.00 5.856995e-11
6220.00 5.195108e-11
6230.00 5.215979e-11
6240.00 5.472591e-11
6250.00 5.610311e-11
6260.00 5.688325e-11
6270.00 5.224453e-11
6280.00 5.686937e-11
6290.00 5.875125e-11
6300.00 6.106568e-11
6310.00 5.948938e-11
6320.00 6.030826e-11
6330.00 6.499398e-11
6340.00 6.516799e-11
6350.00 6.972795e-11
6360.00 7.253309e-11
6370.00 7.399688e-11
6380.00 7.820291e-11
6390.00 7.971657e-11
6400.00 8.735630e-11
6410.00 8.947334e-11
6420.00 9.133652e-11
6430.00 1.012477e-10
6440.00 1.012495e-10
6450.00 1.000338e-10
6460.00 1.030330e-10
6470.00 1.027687e-10
6480.00 1.074514e-10
6490.00 1.176357e-10
6500.00 1.082202e-10
6510.00 1.096345e-10
6520.00 1.094523e-10
6530.00 1.087013e-10
6540.00 1.050097e-10
6550.00 9.989103e-11
6560.00 9.426423e-11
6570.00 9.452894e-11
6580.00 8.671957e-11
6590.00 7.950666e-11
6600.00 7.377699e-11
6610.00 6.532217e-11
6620.00 6.198126e-11
6630.00 5.411364e-11
6640.00 4.776286e-11
6650.00 4.572438e-11
6660.00 4.089365e-11
6670.00 3.980003e-11
6680.00 3.676783e-11
6690.00 3.363357e-11
6700.00 2.832122e-11
6710.00 3.378892e-11
6720.00 3.037336e-11
6730.00 2.939339e-11
6740.00 2.893379e-11
6750.00 2.476178e-11
6760.00 2.800807e-11
6770.00 2.665953e-11
6780.00 2.498864e-11
6790.00 2.615438e-11
6800.00 2.808940e-11
6810.00 2.763440e-11
6820.00 3.067328e-11
6830.00 2.914142e-11
6840.00 2.834015e-11
6850.00 2.575558e-11
6860.00 1.979389e-11
6870.00 2.405741e-11
6880.00 2.433529e-11
6890.00 2.768974e-11
6900.00 2.863129e-11
6910.00 2.842911e-11
6920.00 2.826635e-11
6930.00 3.345066e-11
6940.00 3.617051e-11
6950.00 3.696479e-11
6960.00 3.511579e-11
6970.00 3.478786e-11
6980.00 3.857301e-11
6990.00 3.880758e-11
7000.00 3.826456e-11
7010.00 3.999760e-11
7020.00 3.945638e-11
7030.00 4.344536e-11
7040.00 4.509732e-11
7050.00 5.175319e-11
7060.00 4.982973e-11
7070.00 5.554376e-11
7080.00 5.463482e-11
7090.00 5.794216e-11
7100.00 5.976433e-11
7110.00 6.107002e-11
7120.00 6.276859e-11
7130.00 6.099109e-11
7140.00 6.107226e-11
7150.00 5.878853e-11
7160.00 5.643944e-11
7170.00 5.476939e-11
7180.00 5.755775e-11
7190.00 5.910338e-11
7200.00 6.235836e-11
7210.00 6.306616e-11
7220.00 5.989539e-11
7230.00 6.225213e-11
7240.00 6.064552e-11
7250.00 5.987263e-11
7260.00 6.110744e-11
7270.00 6.335045e-11
7280.00 5.821203e-11
7290.00 5.849019e-11
7300.00 6.159052e-11
7310.00 6.264047e-11
7320.00 6.246335e-11
7330.00 6.329596e-11
7340.00 6.291522e-11
7350.00 6.503089e-11
7360.00 6.417053e-11
7370.00 6.307252e-11
7380.00 5.994777e-11
7390.00 6.111487e-11
7400.00 5.993866e-11
7410.00 7.575855e-11
7420.00 7.568025e-11
7430.00 6.917607e-11
7440.00 5.895607e-11
7450.00 5.053128e-11
7460.00 4.378870e-11
7470.00 3.861207e-11
7480.00 3.639550e-11
7490.00 3.114197e-11
7500.00 2.869534e-11
7510.00 2.814061e-11
7520.00 3.438612e-11
7530.00 3.628654e-11
7540.00 4.017961e-11
7550.00 4.389904e-11
7560.00 4.874916e-11
7570.00 5.211593e-11
7580.00 2.772373e-11
7590.00 1.484446e-11
7600.00 3.592892e-11
7610.00 2.782428e-11
7620.00 3.083688e-11
7630.00 4.127041e-11
7640.00 4.866252e-11
7650.00 5.521559e-11
7660.00 6.582934e-11
7670.00 7.187335e-11
7680.00 7.290030e-11
7690.00 8.189584e-11
7700.00 8.456750e-11
7710.00 8.221236e-11
7720.00 8.484674e-11
7730.00 9.530314e-11
7740.00 9.073651e-11
7750.00 8.907989e-11
7760.00 9.275511e-11
7770.00 9.530757e-11
7780.00 8.971399e-11
7790.00 8.845419e-11
7800.00 9.561137e-11
7810.00 9.463237e-11
7820.00 8.952085e-11
7830.00 9.202811e-11
7840.00 9.665459e-11
7850.00 9.345250e-11
7860.00 9.172168e-11
7870.00 9.448954e-11
7880.00 9.489185e-11
7890.00 8.984049e-11
7900.00 9.414016e-11
7910.00 9.024729e-11
7920.00 8.479293e-11
7930.00 8.679931e-11
7940.00 8.594800e-11
7950.00 7.815315e-11
7960.00 7.782747e-11
7970.00 8.186541e-11
7980.00 7.802572e-11
7990.00 7.320828e-11
8000.00 7.513872e-11
8010.00 7.597028e-11
8020.00 7.111742e-11
8030.00 6.906435e-11
8040.00 7.547208e-11
8050.00 7.213102e-11
8060.00 6.543719e-11
8070.00 6.631301e-11
8080.00 6.548395e-11
8090.00 5.969455e-11
8100.00 4.775983e-11
8110.00 4.289562e-11
8120.00 3.996088e-11
8130.00 3.308150e-11
8140.00 2.702779e-11
8150.00 2.326489e-11
8160.00 2.125279e-11
8170.00 1.931383e-11
8180.00 1.481524e-11
8190.00 1.613553e-11
8200.00 1.603701e-11
8210.00 1.469740e-11
8220.00 1.875496e-11
8230.00 2.007191e-11
8240.00 2.079353e-11
8250.00 2.685573e-11
8260.00 2.858428e-11
8270.00 2.819106e-11
8280.00 2.379035e-11
8290.00 2.276179e-11
8300.00 2.149162e-11
8310.00 2.418764e-11
8320.00 2.218191e-11
8330.00 2.034202e-11
8340.00 2.626142e-11
8350.00 2.937654e-11
8360.00 2.966453e-11
8370.00 2.948709e-11
8380.00 3.455724e-11
8390.00 3.886009e-11
8400.00 4.084075e-11
8410.00 4.266515e-11
8420.00 4.481490e-11
8430.00 5.294039e-11
8440.00 4.730341e-11
8450.00 5.085938e-11
8460.00 5.827432e-11
8470.00 6.195963e-11
8480.00 6.278841e-11
8490.00 6.072533e-11
8500.00 6.675946e-11
8510.00 7.369220e-11
8520.00 7.419252e-11
8530.00 6.709344e-11
8540.00 7.075090e-11
8550.00 7.350093e-11
8560.00 7.487906e-11
8570.00 7.537439e-11
8580.00 7.139748e-11
8590.00 7.484053e-11
8600.00 7.673413e-11
8610.00 7.388135e-11
8620.00 7.581928e-11
8630.00 7.294861e-11
8640.00 7.268645e-11
8650.00 7.019210e-11
8660.00 6.747082e-11
8670.00 6.624293e-11
8680.00 6.698234e-11
8690.00 6.606550e-11
8700.00 6.674057e-11
8710.00 5.948377e-11
8720.00 5.712214e-11
8730.00 5.525949e-11
8740.00 5.470218e-11
8750.00 5.628572e-11
8760.00 5.180695e-11
8770.00 5.386103e-11
8780.00 5.629334e-11
8790.00 5.998396e-11
8800.00 5.959544e-11
8810.00 5.618050e-11
8820.00 5.576405e-11
8830.00 6.074567e-11
8840.00 5.378711e-11
8850.00 4.942370e-11
8860.00 4.552905e-11
8870.00 4.178677e-11
8880.00 3.975438e-11
8890.00 3.272860e-11
8900.00 2.985152e-11
8910.00 3.754069e-11
8920.00 3.185913e-11
8930.00 3.075829e-11
8940.00 3.194381e-11
8950.00 3.069780e-11
8960.00 3.676418e-11
8970.00 3.839186e-11
8980.00 4.173970e-11
8990.00 4.278151e-11
9000.00 4.381867e-11
9010.00 4.595778e-11
9020.00 4.272234e-11
9030.00 4.151905e-11
9040.00 4.563904e-11
9050.00 4.298554e-11
9060.00 4.533197e-11
9070.00 4.502805e-11
9080.00 4.775928e-11
9090.00 5.008755e-11
9100.00 5.106036e-11
9110.00 5.015871e-11
9120.00 5.033915e-11
9130.00 5.206690e-11
9140.00 5.225326e-11
9150.00 5.271834e-11
9160.00 5.689949e-11
9170.00 5.729919e-11
9180.00 5.911342e-11
9190.00 5.833342e-11
9200.00 6.124189e-11
9210.00 5.676437e-11
9220.00 5.556464e-11
9230.00 5.255548e-11
9240.00 5.604459e-11
9250.00 5.845840e-11
9260.00 5.595700e-11
9270.00 5.558522e-11
9280.00 5.366123e-11
9290.00 5.227072e-11
9300.00 5.177886e-11
9310.00 5.076255e-11
9320.00 5.246026e-11
9330.00 5.283405e-11
9340.00 5.355420e-11
9350.00 5.377373e-11
9360.00 5.770891e-11
9370.00 5.958141e-11
9380.00 6.195542e-11
9390.00 6.069323e-11
9400.00 5.929233e-11
9410.00 6.020776e-11
9420.00 6.266223e-11
9430.00 6.138383e-11
9440.00 6.331348e-11
9450.00 5.879495e-11
9460.00 6.326703e-11
9470.00 6.167488e-11
9480.00 6.367096e-11
9490.00 6.488862e-11
9500.00 6.263130e-11
9510.00 6.896185e-11
9520.00 6.792450e-11
9530.00 6.169339e-11
9540.00 6.115737e-11
9550.00 6.219493e-11
9560.00 5.628047e-11
9570.00 5.392079e-11
9580.00 5.444426e-11
9590.00 5.327754e-11
9600.00 5.156235e-11
9610.00 5.172705e-11
9620.00 5.141613e-11
9630.00 4.835905e-11
9640.00 5.403216e-11
9650.00 5.238699e-11
9660.00 4.986448e-11
9670.00 4.790220e-11
9680.00 4.774375e-11
9690.00 5.779287e-11
9700.00 4.764616e-11
9710.00 5.102452e-11
9720.00 5.394185e-11
9730.00 5.049748e-11
9740.00 4.615405e-11
9750.00 3.886394e-11
9760.00 4.538169e-11
9770.00 4.118230e-11
9780.00 4.760330e-11
9790.00 4.177924e-11
9800.00 4.304084e-11
9810.00 5.048907e-11
9820.00 5.064192e-11
9830.00 3.824900e-11
9840.00 4.703555e-11
9850.00 5.814723e-11
9860.00 4.788822e-11
9870.00 4.901454e-11
9880.00 4.096546e-11
9890.00 4.598407e-11
9900.00 4.424805e-11
9910.00 4.278655e-11
9920.00 4.132307e-11
9930.00 3.985764e-11
9940.00 3.974131e-11
9950.00 3.962487e-11
9960.00 3.950835e-11
9970.00 3.939207e-11
9980.00 3.927571e-11
9990.00 3.915927e-11
10000.00 3.904308e-11
10010.00 3.892680e-11
10020.00 3.881047e-11
10030.00 3.869438e-11
10040.00 3.857821e-11
10050.00 3.846200e-11
10060.00 3.834603e-11
10070.00 3.822998e-11
10080.00 3.811392e-11
10090.00 3.799808e-11
10100.00 3.788217e-11
10110.00 3.776626e-11
10120.00 3.765058e-11
10130.00 3.753483e-11
10140.00 3.741912e-11
10150.00 3.730360e-11
10160.00 3.718803e-11
10170.00 3.707250e-11
10180.00 3.695718e-11
10190.00 3.684181e-11
10200.00 3.672649e-11
10210.00 3.661137e-11
10220.00 3.649621e-11
10230.00 3.638113e-11
10240.00 3.626622e-11
10250.00 3.615129e-11
10260.00 3.603645e-11
10270.00 3.592179e-11
10280.00 3.580711e-11
10290.00 3.569253e-11
10300.00 3.557812e-11
10310.00 3.546370e-11
10320.00 3.534940e-11
10330.00 3.523526e-11
10340.00 3.512111e-11
10350.00 3.500710e-11
10360.00 3.489326e-11
10370.00 3.477940e-11
10380.00 3.466570e-11
10390.00 3.455215e-11
10400.00 3.443859e-11
10410.00 3.432522e-11
10420.00 3.421199e-11
10430.00 3.409876e-11
10440.00 3.398572e-11
10450.00 3.387282e-11
10460.00 3.375992e-11
10470.00 3.364723e-11
10480.00 3.353468e-11
10490.00 3.342214e-11
10500.00 3.330980e-11
10510.00 3.319762e-11
10520.00 3.308543e-11
10530.00 3.297349e-11
10540.00 3.286166e-11
10550.00 3.274987e-11
10560.00 3.263831e-11
10570.00 3.252687e-11
10580.00 3.241547e-11
10590.00 3.230431e-11
10600.00 3.219327e-11
10610.00 3.208227e-11
10620.00 3.197153e-11
10630.00 3.186091e-11
10640.00 3.175033e-11
10650.00 3.164002e-11
10660.00 3.152981e-11
10670.00 3.141966e-11
10680.00 3.130979e-11
10690.00 3.120003e-11
10700.00 3.109032e-11
10710.00 3.098090e-11
10720.00 3.087159e-11
10730.00 3.076232e-11
10740.00 3.065338e-11
10750.00 3.054452e-11
10760.00 3.043572e-11
10770.00 3.032726e-11
10780.00 3.021887e-11
10790.00 3.011055e-11
10800.00 3.000257e-11
10810.00 2.989467e-11
10820.00 2.978683e-11
10830.00 2.967934e-11
10840.00 2.957194e-11
10850.00 2.946462e-11
10860.00 2.935762e-11
10870.00 2.925072e-11
10880.00 2.914391e-11
10890.00 2.903744e-11
10900.00 2.893104e-11
10910.00 2.882476e-11
10920.00 2.871880e-11
10930.00 2.861293e-11
10940.00 2.850718e-11
10950.00 2.840176e-11
10960.00 2.829642e-11
10970.00 2.819122e-11
10980.00 2.808633e-11
10990.00 2.798154e-11
11000.00 2.787689e-11
11010.00 2.777255e-11
11020.00 2.766831e-11
11030.00 2.756422e-11
11040.00 2.746044e-11
11050.00 2.735676e-11
11060.00 2.725325e-11
11070.00 2.715003e-11
11080.00 2.704692e-11
11090.00 2.694399e-11
11100.00 2.684134e-11
11110.00 2.673880e-11
11120.00 2.663646e-11
11130.00 2.653440e-11
11140.00 2.643245e-11
11150.00 2.633070e-11
11160.00 2.622923e-11
11170.00 2.612787e-11
11180.00 2.602673e-11
11190.00 2.592585e-11
11200.00 2.582509e-11
11210.00 2.572456e-11
11220.00 2.562428e-11
11230.00 2.552414e-11
11240.00 2.542423e-11
11250.00 2.532456e-11
11260.00 2.522503e-11
11270.00 2.512574e-11
11280.00 2.502669e-11
11290.00 2.492778e-11
11300.00 2.482912e-11
11310.00 2.473070e-11
11320.00 2.463242e-11
11330.00 2.453439e-11
11340.00 2.443660e-11
11350.00 2.433895e-11
11360.00 2.424157e-11
11370.00 2.414442e-11
11380.00 2.404741e-11
11390.00 2.395068e-11
11400.00 2.385417e-11
11410.00 2.375781e-11
11420.00 2.366173e-11
11430.00 2.356587e-11
11440.00 2.347015e-11
11450.00 2.337474e-11
11460.00 2.327953e-11
11470.00 2.318447e-11
11480.00 2.308971e-11
11490.00 2.299517e-11
11500.00 2.290077e-11
11510.00 2.280669e-11
11520.00 2.271280e-11
11530.00 2.261907e-11
11540.00 2.252566e-11
11550.00 2.243244e-11
11560.00 2.233939e-11
11570.00 2.224666e-11
11580.00 2.215411e-11
11590.00 2.206173e-11
11600.00 2.196968e-11
11610.00 2.187781e-11
11620.00 2.178610e-11
11630.00 2.169474e-11
11640.00 2.160356e-11
11650.00 2.151253e-11
11660.00 2.142185e-11
11670.00 2.133136e-11
11680.00 2.124102e-11
11690.00 2.115104e-11
11700.00 2.106123e-11
11710.00 2.097158e-11
11720.00 2.088229e-11
11730.00 2.079317e-11
11740.00 2.070422e-11
11750.00 2.061563e-11
11760.00 2.052720e-11
11770.00 2.043896e-11
11780.00 2.035106e-11
11790.00 2.026333e-11
11800.00 2.017579e-11
11810.00 2.008859e-11
11820.00 2.000157e-11
11830.00 1.991474e-11
11840.00 1.982824e-11
11850.00 1.974191e-11
11860.00 1.965579e-11
11870.00 1.957000e-11
11880.00 1.948438e-11
11890.00 1.939897e-11
11900.00 1.931388e-11
11910.00 1.922897e-11
11920.00 1.914427e-11
11930.00 1.905989e-11
11940.00 1.897568e-11
11950.00 1.889170e-11
11960.00 1.880803e-11
11970.00 1.872454e-11
11980.00 1.864128e-11
11990.00 1.855832e-11
12000.00 1.847553e-11
12010.00 1.839300e-11
12020.00 1.831075e-11
12030.00 1.822868e-11
12040.00 1.814685e-11
12050.00 1.806532e-11
12060.00 1.798396e-11
12070.00 1.790287e-11
12080.00 1.782204e-11
12090.00 1.774141e-11
12100.00 1.766103e-11
12110.00 1.758092e-11
12120.00 1.750101e-11
12130.00 1.742134e-11
12140.00 1.734196e-11
12150.00 1.726275e-11
12160.00 1.718382e-11
12170.00 1.710515e-11
12180.00 1.702666e-11
12190.00 1.694845e-11
12200.00 1.687050e-11
12210.00 1.679273e-11
12220.00 1.671524e-11
12230.00 1.663800e-11
12240.00 1.656095e-11
12250.00 1.648419e-11
12260.00 1.640767e-11
12270.00 1.633134e-11
12280.00 1.625529e-11
12290.00 1.617950e-11
12300.00 1.610388e-11
12310.00 1.602857e-11
12320.00 1.595348e-11
12330.00 1.587859e-11
12340.00 1.580399e-11
12350.00 1.572962e-11
12360.00 1.565545e-11
12370.00 1.558157e-11
12380.00 1.550792e-11
12390.00 1.543446e-11
12400.00 1.536130e-11
12410.00 1.528837e-11
12420.00 1.521563e-11
12430.00 1.514319e-11
12440.00 1.507097e-11
12450.00 1.499895e-11
12460.00 1.492723e-11
12470.00 1.485572e-11
12480.00 1.478441e-11
12490.00 1.471341e-11
12500.00 1.464262e-11
12510.00 1.457202e-11
12520.00 1.450173e-11
12530.00 1.443165e-11
12540.00 1.436177e-11
12550.00 1.429219e-11
12560.00 1.422282e-11
12570.00 1.415365e-11
12580.00 1.408479e-11
12590.00 1.401613e-11
12600.00 1.394767e-11
12610.00 1.387952e-11
12620.00 1.381157e-11
12630.00 1.374381e-11
12640.00 1.367637e-11
12650.00 1.360913e-11
12660.00 1.354208e-11
12670.00 1.347534e-11
12680.00 1.340879e-11
12690.00 1.334246e-11
12700.00 1.327642e-11
12710.00 1.321058e-11
12720.00 1.314495e-11
12730.00 1.307961e-11
12740.00 1.301448e-11
12750.00 1.294954e-11
12760.00 1.288491e-11
12770.00 1.282047e-11
12780.00 1.275624e-11
12790.00 1.269229e-11
12800.00 1.262854e-11
12810.00 1.256501e-11
12820.00 1.250177e-11
12830.00 1.243870e-11
12840.00 1.237588e-11
12850.00 1.231332e-11
12860.00 1.225095e-11
12870.00 1.218881e-11
12880.00 1.212694e-11
12890.00 1.206526e-11
12900.00 1.200381e-11
12910.00 1.194263e-11
12920.00 1.188163e-11
12930.00 1.182087e-11
12940.00 1.176037e-11
12950.00 1.170006e-11
12960.00 1.163999e-11
12970.00 1.158016e-11
12980.00 1.152053e-11
12990.00 1.146114e-11
13000.00 1.140199e-11
13010.00 1.134304e-11
13020.00 1.128432e-11
13030.00 1.122585e-11
13040.00 1.116756e-11
13050.00 1.110953e-11
13060.00 1.105173e-11
13070.00 1.099411e-11
13080.00 1.093674e-11
13090.00 1.087961e-11
13100.00 1.082267e-11
13110.00 1.076597e-11
13120.00 1.070950e-11
13130.00 1.065322e-11
13140.00 1.059718e-11
13150.00 1.054138e-11
13160.00 1.048575e-11
13170.00 1.043039e-11
13180.00 1.037524e-11
13190.00 1.032027e-11
13200.00 1.026556e-11
13210.00 1.021106e-11
13220.00 1.015675e-11
13230.00 1.010269e-11
13240.00 1.004884e-11
13250.00 9.995181e-12
13260.00 9.941777e-12
13270.00 9.888578e-12
13280.00 9.835560e-12
13290.00 9.782804e-12
13300.00 9.730247e-12
13310.00 9.677872e-12
13320.00 9.625758e-12
13330.00 9.573837e-12
13340.00 9.522103e-12
13350.00 9.470625e-12
13360.00 9.419347e-12
13370.00 9.368249e-12
13380.00 9.317407e-12
13390.00 9.266758e-12
13400.00 9.216290e-12
13410.00 9.166077e-12
13420.00 9.116058e-12
13430.00 9.066213e-12
13440.00 9.016631e-12
13450.00 8.967229e-12
13460.00 8.918014e-12
13470.00 8.869054e-12
13480.00 8.820276e-12
13490.00 8.771678e-12
13500.00 8.723336e-12
13510.00 8.675174e-12
13520.00 8.627188e-12
13530.00 8.579457e-12
13540.00 8.531906e-12
13550.00 8.484543e-12
13560.00 8.437416e-12
13570.00 8.390477e-12
13580.00 8.343712e-12
13590.00 8.297197e-12
13600.00 8.250850e-12
13610.00 8.204696e-12
13620.00 8.158779e-12
13630.00 8.113037e-12
13640.00 8.067481e-12
13650.00 8.022157e-12
13660.00 7.977013e-12
13670.00 7.932050e-12
13680.00 7.887317e-12
13690.00 7.842760e-12
13700.00 7.798389e-12
13710.00 7.754243e-12
13720.00 7.710271e-12
13730.00 7.666486e-12
13740.00 7.622926e-12
13750.00 7.579534e-12
13760.00 7.536335e-12
13770.00 7.493348e-12
13780.00 7.450530e-12
13790.00 7.407911e-12
13800.00 7.365498e-12
13810.00 7.323253e-12
13820.00 7.281208e-12
13830.00 7.239362e-12
13840.00 7.197685e-12
13850.00 7.156200e-12
13860.00 7.114928e-12
13870.00 7.073812e-12
13880.00 7.032895e-12
13890.00 6.992171e-12
13900.00 6.951616e-12
13910.00 6.911260e-12
13920.00 6.871091e-12
13930.00 6.831091e-12
13940.00 6.791284e-12
13950.00 6.751670e-12
13960.00 6.712218e-12
13970.00 6.672966e-12
13980.00 6.633895e-12
13990.00 6.594991e-12
14000.00 6.556275e-12
14010.00 6.517753e-12
14020.00 6.479386e-12
14030.00 6.441218e-12
14040.00 6.403225e-12
14050.00 6.365388e-12
14060.00 6.327757e-12
14070.00 6.290294e-12
14080.00 6.252993e-12
14090.00 6.215888e-12
14100.00 6.178957e-12
14110.00 6.142181e-12
14120.00 6.105601e-12
14130.00 6.069191e-12
14140.00 6.032937e-12
14150.00 5.996878e-12
14160.00 5.960985e-12
14170.00 5.925247e-12
14180.00 5.889704e-12
14190.00 5.854325e-12
14200.00 5.819098e-12
14210.00 5.784066e-12
14220.00 5.749194e-12
14230.00 5.714474e-12
14240.00 5.679949e-12
14250.00 5.645580e-12
14260.00 5.611362e-12
14270.00 5.577338e-12
14280.00 5.543470e-12
14290.00 5.509747e-12
14300.00 5.476221e-12
14310.00 5.442845e-12
14320.00 5.409616e-12
14330.00 5.376581e-12
14340.00 5.343694e-12
14350.00 5.310953e-12
14360.00 5.278405e-12
14370.00 5.246002e-12
14380.00 5.213745e-12
14390.00 5.181678e-12
14400.00 5.149754e-12
14410.00 5.117977e-12
14420.00 5.086386e-12
14430.00 5.054937e-12
14440.00 5.023634e-12
14450.00 4.992514e-12
14460.00 4.961535e-12
14470.00 4.930702e-12
14480.00 4.900049e-12
14490.00 4.869534e-12
14500.00 4.839166e-12
14510.00 4.808974e-12
14520.00 4.778920e-12
14530.00 4.749012e-12
14540.00 4.719276e-12
14550.00 4.689678e-12
14560.00 4.660225e-12
14570.00 4.630942e-12
14580.00 4.601794e-12
14590.00 4.572792e-12
14600.00 4.543956e-12
14610.00 4.515254e-12
14620.00 4.486697e-12
14630.00 4.458304e-12
14640.00 4.430043e-12
14650.00 4.401928e-12
14660.00 4.373972e-12
14670.00 4.346147e-12
14680.00 4.318468e-12
14690.00 4.290945e-12
14700.00 4.263552e-12
14710.00 4.236304e-12
14720.00 4.209209e-12
14730.00 4.182243e-12
14740.00 4.155421e-12
14750.00 4.128751e-12
14760.00 4.102207e-12
14770.00 4.075807e-12
14780.00 4.049555e-12
14790.00 4.023428e-12
14800.00 3.997447e-12
14810.00 3.971608e-12
14820.00 3.945894e-12
14830.00 3.920324e-12
14840.00 3.894895e-12
14850.00 3.869590e-12
14860.00 3.844428e-12
14870.00 3.819404e-12
14880.00 3.794501e-12
14890.00 3.769742e-12
14900.00 3.745118e-12
14910.00 3.720615e-12
14920.00 3.696254e-12
14930.00 3.672026e-12
14940.00 3.647917e-12
14950.00 3.623949e-12
14960.00 3.600112e-12
14970.00 3.576393e-12
14980.00 3.552814e-12
14990.00 3.529363e-12
15000.00 3.506029e-12
15010.00 3.482834e-12
15020.00 3.459765e-12
15030.00 3.436811e-12
15040.00 3.413996e-12
15050.00 3.391305e-12
15060.00 3.368726e-12
15070.00 3.346287e-12
15080.00 3.323967e-12
15090.00 3.301761e-12
15100.00 3.279692e-12
15110.00 3.257741e-12
15120.00 3.235901e-12
15130.00 3.214198e-12
15140.00 3.192611e-12
15150.00 3.171133e-12
15160.00 3.149792e-12
15170.00 3.128563e-12
15180.00 3.107444e-12
15190.00 3.086460e-12
15200.00 3.065586e-12
15210.00 3.044820e-12
15220.00 3.024189e-12
15230.00 3.003665e-12
15240.00 2.983249e-12
15250.00 2.962965e-12
15260.00 2.942788e-12
15270.00 2.922716e-12
15280.00 2.902776e-12
15290.00 2.882940e-12
15300.00 2.863210e-12
15310.00 2.843608e-12
15320.00 2.824109e-12
15330.00 2.804715e-12
15340.00 2.785448e-12
15350.00 2.766282e-12
15360.00 2.747220e-12
15370.00 2.728282e-12
15380.00 2.709446e-12
15390.00 2.690712e-12
15400.00 2.672100e-12
15410.00 2.653587e-12
15420.00 2.635178e-12
15430.00 2.616887e-12
15440.00 2.598694e-12
15450.00 2.580605e-12
15460.00 2.562630e-12
15470.00 2.544754e-12
15480.00 2.526980e-12
15490.00 2.509319e-12
15500.00 2.491753e-12
15510.00 2.474290e-12
15520.00 2.456939e-12
15530.00 2.439680e-12
15540.00 2.422524e-12
15550.00 2.405477e-12
15560.00 2.388523e-12
15570.00 2.371669e-12
15580.00 2.354922e-12
15590.00 2.338267e-12
15600.00 2.321712e-12
15610.00 2.305262e-12
15620.00 2.288902e-12
15630.00 2.272642e-12
15640.00 2.256484e-12
15650.00 2.240416e-12
15660.00 2.224446e-12
15670.00 2.208576e-12
15680.00 2.192795e-12
15690.00 2.177112e-12
15700.00 2.161527e-12
15710.00 2.146029e-12
15720.00 2.130628e-12
15730.00 2.115324e-12
15740.00 2.100105e-12
15750.00 2.084982e-12
15760.00 2.069954e-12
15770.00 2.055011e-12
15780.00 2.040163e-12
15790.00 2.025408e-12
15800.00 2.010736e-12
15810.00 1.996159e-12
15820.00 1.981673e-12
15830.00 1.967269e-12
15840.00 1.952959e-12
15850.00 1.938736e-12
15860.00 1.924597e-12
15870.00 1.910550e-12
15880.00 1.896589e-12
15890.00 1.882708e-12
15900.00 1.868921e-12
15910.00 1.855218e-12
15920.00 1.841594e-12
15930.00 1.828061e-12
15940.00 1.814612e-12
15950.00 1.801241e-12
15960.00 1.787961e-12
15970.00 1.774760e-12
15980.00 1.761638e-12
15990.00 1.748605e-12
16000.00 1.735653e-12
16010.00 1.722775e-12
16020.00 1.709987e-12
16030.00 1.697277e-12
16040.00 1.684641e-12
16050.00 1.672094e-12
16060.00 1.659623e-12
16070.00 1.647225e-12
16080.00 1.634915e-12
16090.00 1.622679e-12
16100.00 1.610516e-12
16110.00 1.598439e-12
16120.00 1.586436e-12
16130.00 1.574503e-12
16140.00 1.562657e-12
16150.00 1.550882e-12
16160.00 1.539178e-12
16170.00 1.527557e-12
16180.00 1.516007e-12
16190.00 1.504527e-12
16200.00 1.493129e-12
16210.00 1.481800e-12
16220.00 1.470542e-12
16230.00 1.459363e-12
16240.00 1.448253e-12
16250.00 1.437211e-12
16260.00 1.426249e-12
16270.00 1.415354e-12
16280.00 1.404527e-12
16290.00 1.393777e-12
16300.00 1.383093e-12
16310.00 1.372477e-12
16320.00 1.361936e-12
16330.00 1.351461e-12
16340.00 1.341052e-12
16350.00 1.330717e-12
16360.00 1.320447e-12
16370.00 1.310243e-12
16380.00 1.300110e-12
16390.00 1.290042e-12
16400.00 1.280038e-12
16410.00 1.270106e-12
16420.00 1.260235e-12
16430.00 1.250431e-12
16440.00 1.240695e-12
16450.00 1.231020e-12
16460.00 1.221409e-12
16470.00 1.211867e-12
16480.00 1.202384e-12
16490.00 1.192965e-12
16500.00 1.183612e-12
16510.00 1.174319e-12
16520.00 1.165089e-12
16530.00 1.155924e-12
16540.00 1.146816e-12
16550.00 1.137771e-12
16560.00 1.128790e-12
16570.00 1.119865e-12
16580.00 1.111004e-12
16590.00 1.102202e-12
16600.00 1.093459e-12
16610.00 1.084776e-12
16620.00 1.076154e-12
16630.00 1.067587e-12
16640.00 1.059080e-12
16650.00 1.050633e-12
16660.00 1.042241e-12
16670.00 1.033908e-12
16680.00 1.025633e-12
16690.00 1.017412e-12
16700.00 1.009250e-12
16710.00 1.001145e-12
16720.00 9.930923e-13
16730.00 9.850978e-13
16740.00 9.771588e-13
16750.00 9.692716e-13
16760.00 9.614423e-13
16770.00 9.536673e-13
16780.00 9.459434e-13
16790.00 9.382769e-13
16800.00 9.306627e-13
16810.00 9.230984e-13
16820.00 9.155915e-13
16830.00 9.081357e-13
16840.00 9.007291e-13
16850.00 8.933781e-13
16860.00 8.860781e-13
16870.00 8.788262e-13
16880.00 8.716297e-13
16890.00 8.644825e-13
16900.00 8.573833e-13
16910.00 8.503377e-13
16920.00 8.433408e-13
16930.00 8.363912e-13
16940.00 8.294946e-13
16950.00 8.226454e-13
16960.00 8.158424e-13
16970.00 8.090923e-13
16980.00 8.023884e-13
16990.00 7.957293e-13
17000.00 7.891226e-13
17010.00 7.825615e-13
17020.00 7.760446e-13
17030.00 7.695788e-13
17040.00 7.631573e-13
17050.00 7.567807e-13
17060.00 7.504533e-13
17070.00 7.441696e-13
17080.00 7.379295e-13
17090.00 7.317386e-13
17100.00 7.255902e-13
17110.00 7.194842e-13
17120.00 7.134267e-13
17130.00 7.074111e-13
17140.00 7.014378e-13
17150.00 6.955120e-13
17160.00 6.896266e-13
17170.00 6.837831e-13
17180.00 6.779856e-13
17190.00 6.722287e-13
17200.00 6.665129e-13
17210.00 6.608421e-13
17220.00 6.552104e-13
17230.00 6.496200e-13
17240.00 6.440732e-13
17250.00 6.385656e-13
17260.00 6.330980e-13
17270.00 6.276734e-13
17280.00 6.222866e-13
17290.00 6.169397e-13
17300.00 6.116348e-13
17310.00 6.063673e-13
17320.00 6.011390e-13
17330.00 5.959514e-13
17340.00 5.908008e-13
17350.00 5.856888e-13
17360.00 5.806167e-13
17370.00 5.755807e-13
17380.00 5.705829e-13
17390.00 5.656240e-13
17400.00 5.607006e-13
17410.00 5.558149e-13
17420.00 5.509671e-13
17430.00 5.461543e-13
17440.00 5.413784e-13
17450.00 5.366397e-13
17460.00 5.319353e-13
17470.00 5.272674e-13
17480.00 5.226357e-13
17490.00 5.180376e-13
17500.00 5.134755e-13
17510.00 5.089488e-13
17520.00 5.044551e-13
17530.00 4.999969e-13
17540.00 4.955732e-13
17550.00 4.911819e-13
17560.00 4.868255e-13
17570.00 4.825029e-13
17580.00 4.782120e-13
17590.00 4.739555e-13
17600.00 4.697320e-13
17610.00 4.655397e-13
17620.00 4.613812e-13
17630.00 4.572550e-13
17640.00 4.531592e-13
17650.00 4.490968e-13
17660.00 4.450659e-13
17670.00 4.410650e-13
17680.00 4.370968e-13
17690.00 4.331594e-13
17700.00 4.292514e-13
17710.00 4.253757e-13
17720.00 4.215299e-13
17730.00 4.177130e-13
17740.00 4.139279e-13
17750.00 4.101720e-13
17760.00 4.064444e-13
17770.00 4.027482e-13
17780.00 3.990804e-13
17790.00 3.954404e-13
17800.00 3.918312e-13
17810.00 3.882498e-13
17820.00 3.846957e-13
17830.00 3.811718e-13
17840.00 3.776751e-13
17850.00 3.742051e-13
17860.00 3.707649e-13
17870.00 3.673512e-13
17880.00 3.639637e-13
17890.00 3.606054e-13
17900.00 3.572731e-13
17910.00 3.539664e-13
17920.00 3.506884e-13
17930.00 3.474358e-13
17940.00 3.442084e-13
17950.00 3.410091e-13
17960.00 3.378345e-13
17970.00 3.346848e-13
17980.00 3.315626e-13
17990.00 3.284645e-13
18000.00 3.253909e-13
18010.00 3.223441e-13
18020.00 3.193210e-13
18030.00 3.163220e-13
18040.00 3.133490e-13
18050.00 3.103994e-13
18060.00 3.074734e-13
18070.00 3.045729e-13
18080.00 3.016952e-13
18090.00 2.988408e-13
18100.00 2.960111e-13
18110.00 2.932038e-13
18120.00 2.904195e-13
18130.00 2.876592e-13
18140.00 2.849209e-13
18150.00 2.822052e-13
18160.00 2.795130e-13
18170.00 2.768422e-13
18180.00 2.741937e-13
18190.00 2.715681e-13
18200.00 2.689635e-13
18210.00 2.663807e-13
18220.00 2.638202e-13
18230.00 2.612804e-13
18240.00 2.587620e-13
18250.00 2.562654e-13
18260.00 2.537890e-13
18270.00 2.513335e-13
18280.00 2.488994e-13
18290.00 2.464850e-13
18300.00 2.440913e-13
18310.00 2.417183e-13
18320.00 2.393647e-13
18330.00 2.370313e-13
18340.00 2.347181e-13
18350.00 2.324240e-13
18360.00 2.301497e-13
18370.00 2.278951e-13
18380.00 2.256591e-13
18390.00 2.234426e-13
18400.00 2.212453e-13
18410.00 2.190662e-13
18420.00 2.169063e-13
18430.00 2.147651e-13
18440.00 2.126417e-13
18450.00 2.105371e-13
18460.00 2.084507e-13
18470.00 2.063818e-13
18480.00 2.043314e-13
18490.00 2.022987e-13
18500.00 2.002830e-13
18510.00 1.982855e-13
18520.00 1.963053e-13
18530.00 1.943418e-13
18540.00 1.923960e-13
18550.00 1.904672e-13
18560.00 1.885546e-13
18570.00 1.866595e-13
18580.00 1.847809e-13
18590.00 1.829182e-13
18600.00 1.810726e-13
18610.00 1.792431e-13
18620.00 1.774291e-13
18630.00 1.756319e-13
18640.00 1.738504e-13
18650.00 1.720840e-13
18660.00 1.703343e-13
18670.00 1.685996e-13
18680.00 1.668799e-13
18690.00 1.651763e-13
18700.00 1.634876e-13
18710.00 1.618135e-13
18720.00 1.601551e-13
18730.00 1.585112e-13
18740.00 1.568816e-13
18750.00 1.552674e-13
18760.00 1.536674e-13
18770.00 1.520812e-13
18780.00 1.505102e-13
18790.00 1.489531e-13
18800.00 1.474094e-13
18810.00 1.458806e-13
18820.00 1.443653e-13
18830.00 1.428633e-13
18840.00 1.413757e-13
18850.00 1.399012e-13
18860.00 1.384399e-13
18870.00 1.369925e-13
18880.00 1.355580e-13
18890.00 1.341363e-13
18900.00 1.327284e-13
18910.00 1.313329e-13
18920.00 1.299499e-13
18930.00 1.285803e-13
18940.00 1.272230e-13
18950.00 1.258779e-13
18960.00 1.245459e-13
18970.00 1.232257e-13
18980.00 1.219177e-13
18990.00 1.206223e-13
19000.00 1.193385e-13
19010.00 1.180665e-13
19020.00 1.168068e-13
19030.00 1.155586e-13
19040.00 1.143219e-13
19050.00 1.130972e-13
19060.00 1.118836e-13
19070.00 1.106813e-13
19080.00 1.094907e-13
19090.00 1.083109e-13
19100.00 1.071423e-13
19110.00 1.059849e-13
19120.00 1.048382e-13
19130.00 1.037024e-13
19140.00 1.025775e-13
19150.00 1.014630e-13
19160.00 1.003592e-13
19170.00 9.926602e-14
19180.00 9.818303e-14
19190.00 9.711039e-14
19200.00 9.604828e-14
19210.00 9.499590e-14
19220.00 9.395375e-14
19230.00 9.292182e-14
19240.00 9.189943e-14
19250.00 9.088707e-14
19260.00 8.988457e-14
19270.00 8.889148e-14
19280.00 8.790812e-14
19290.00 8.693429e-14
19300.00 8.596969e-14
19310.00 8.501463e-14
19320.00 8.406892e-14
19330.00 8.313207e-14
19340.00 8.220463e-14
19350.00 8.128623e-14
19360.00 8.037656e-14
19370.00 7.947599e-14
19380.00 7.858433e-14
19390.00 7.770109e-14
19400.00 7.682677e-14
19410.00 7.596105e-14
19420.00 7.510368e-14
19430.00 7.425492e-14
19440.00 7.341458e-14
19450.00 7.258234e-14
19460.00 7.175851e-14
19470.00 7.094292e-14
19480.00 7.013518e-14
19490.00 6.933567e-14
19500.00 6.854420e-14
19510.00 6.776028e-14
19520.00 6.698459e-14
19530.00 6.621650e-14
19540.00 6.545596e-14
19550.00 6.470327e-14
19560.00 6.395812e-14
19570.00 6.322027e-14
19580.00 6.249015e-14
19590.00 6.176727e-14
19600.00 6.105150e-14
19610.00 6.034331e-14
19620.00 5.964216e-14
19630.00 5.894796e-14
19640.00 5.826113e-14
19650.00 5.758115e-14
19660.00 5.690793e-14
19670.00 5.624192e-14
19680.00 5.558256e-14
19690.00 5.492979e-14
19700.00 5.428405e-14
19710.00 5.364477e-14
19720.00 5.301193e-14
19730.00 5.238592e-14
19740.00 5.176620e-14
19750.00 5.115276e-14
19760.00 5.054596e-14
19770.00 4.994528e-14
19780.00 4.935075e-14
19790.00 4.876263e-14
19800.00 4.818050e-14
19810.00 4.760436e-14
19820.00 4.703446e-14
19830.00 4.647037e-14
19840.00 4.591214e-14
19850.00 4.535996e-14
19860.00 4.481345e-14
19870.00 4.427264e-14
19880.00 4.373771e-14
19890.00 4.320830e-14
19900.00 4.268445e-14
19910.00 4.216631e-14
19920.00 4.165354e-14
19930.00 4.114619e-14
19940.00 4.064438e-14
19950.00 4.014780e-14
19960.00 3.965651e-14
19970.00 3.917060e-14
19980.00 3.868977e-14
19990.00 3.821409e-14
20000.00 3.774365e-14
20010.00 3.727813e-14
20020.00 3.681765e-14
20030.00 3.636224e-14
20040.00 3.591163e-14
20050.00 3.546593e-14
20060.00 3.502514e-14
20070.00 3.458902e-14
20080.00 3.415769e-14
20090.00 3.373112e-14
20100.00 3.330910e-14
20110.00 3.289173e-14
20120.00 3.247899e-14
20130.00 3.207067e-14
20140.00 3.166688e-14
20150.00 3.126758e-14
20160.00 3.087258e-14
20170.00 3.048199e-14
20180.00 3.009576e-14
20190.00 2.971370e-14
20200.00 2.933594e-14
20210.00 2.896240e-14
20220.00 2.859292e-14
20230.00 2.822764e-14
20240.00 2.786644e-14
20250.00 2.750919e-14
20260.00 2.715601e-14
20270.00 2.680680e-14
20280.00 2.646143e-14
20290.00 2.612003e-14
20300.00 2.578245e-14
20310.00 2.544862e-14
20320.00 2.511864e-14
20330.00 2.479239e-14
20340.00 2.446976e-14
20350.00 2.415089e-14
20360.00 2.383563e-14
20370.00 2.352388e-14
20380.00 2.321578e-14
20390.00 2.291119e-14
20400.00 2.261001e-14
20410.00 2.231238e-14
20420.00 2.201815e-14
20430.00 2.172723e-14
20440.00 2.143976e-14
20450.00 2.115558e-14
20460.00 2.087462e-14
20470.00 2.059702e-14
20480.00 2.032260e-14
20490.00 2.005130e-14
20500.00 1.978328e-14
20510.00 1.951833e-14
20520.00 1.925642e-14
20530.00 1.899768e-14
20540.00 1.874192e-14
20550.00 1.848911e-14
20560.00 1.823938e-14
20570.00 1.799254e-14
20580.00 1.774856e-14
20590.00 1.750757e-14
20600.00 1.726939e-14
20610.00 1.703398e-14
20620.00 1.680147e-14
20630.00 1.657166e-14
20640.00 1.634457e-14
20650.00 1.612027e-14
20660.00 1.589861e-14
20670.00 1.567957e-14
20680.00 1.546324e-14
20690.00 1.524946e-14
20700.00 1.503824e-14
20710.00 1.482964e-14
20720.00 1.462351e-14
20730.00 1.441986e-14
20740.00 1.421874e-14
20750.00 1.402003e-14
20760.00 1.382372e-14
20770.00 1.362986e-14
20780.00 1.343833e-14
20790.00 1.324913e-14
20800.00 1.306231e-14
20810.00 1.287773e-14
20820.00 1.269543e-14
20830.00 1.251541e-14
20840.00 1.233759e-14
20850.00 1.216196e-14
20860.00 1.198854e-14
20870.00 1.181724e-14
20880.00 1.164808e-14
20890.00 1.148106e-14
20900.00 1.131609e-14
20910.00 1.115319e-14
20920.00 1.099235e-14
20930.00 1.083351e-14
20940.00 1.067667e-14
20950.00 1.052183e-14
20960.00 1.036891e-14
20970.00 1.021794e-14
20980.00 1.006890e-14
20990.00 9.921727e-15
21000.00 9.776432e-15
21010.00 9.633014e-15
21020.00 9.491392e-15
21030.00 9.351596e-15
21040.00 9.213603e-15
21050.00 9.077361e-15
21060.00 8.942883e-15
21070.00 8.810151e-15
21080.00 8.679102e-15
21090.00 8.549768e-15
21100.00 8.422123e-15
21110.00 8.296106e-15
21120.00 8.171747e-15
21130.00 8.049015e-15
21140.00 7.927866e-15
21150.00 7.808314e-15
21160.00 7.690339e-15
21170.00 7.573892e-15
21180.00 7.458996e-15
21190.00 7.345616e-15
21200.00 7.233714e-15
21210.00 7.123313e-15
21220.00 7.014378e-15
21230.00 6.906871e-15
21240.00 6.800816e-15
21250.00 6.696177e-15
21260.00 6.592915e-15
21270.00 6.491063e-15
21280.00 6.390569e-15
21290.00 6.291410e-15
21300.00 6.193610e-15
21310.00 6.097126e-15
21320.00 6.001928e-15
21330.00 5.908049e-15
21340.00 5.815436e-15
21350.00 5.724065e-15
21360.00 5.633970e-15
21370.00 5.545094e-15
21380.00 5.457418e-15
21390.00 5.370976e-15
21400.00 5.285708e-15
21410.00 5.201601e-15
21420.00 5.118684e-15
21430.00 5.036900e-15
21440.00 4.956236e-15
21450.00 4.876720e-15
21460.00 4.798298e-15
21470.00 4.720957e-15
21480.00 4.644725e-15
21490.00 4.569546e-15
21500.00 4.495411e-15
21510.00 4.422344e-15
21520.00 4.350294e-15
21530.00 4.279251e-15
21540.00 4.209237e-15
21550.00 4.140205e-15
21560.00 4.072144e-15
21570.00 4.005075e-15
21580.00 3.938950e-15
21590.00 3.873766e-15
21600.00 3.809534e-15
21610.00 3.746214e-15
21620.00 3.683801e-15
21630.00 3.622304e-15
21640.00 3.561687e-15
21650.00 3.501944e-15
21660.00 3.443083e-15
21670.00 3.385070e-15
21680.00 3.327899e-15
21690.00 3.271578e-15
21700.00 3.216073e-15
21710.00 3.161381e-15
21720.00 3.107506e-15
21730.00 3.054415e-15
21740.00 3.002110e-15
21750.00 2.950589e-15
21760.00 2.899825e-15
21770.00 2.849817e-15
21780.00 2.800563e-15
21790.00 2.752038e-15
21800.00 2.704241e-15
21810.00 2.657169e-15
21820.00 2.610798e-15
21830.00 2.565129e-15
21840.00 2.520156e-15
21850.00 2.475858e-15
21860.00 2.432236e-15
21870.00 2.389283e-15
21880.00 2.346979e-15
21890.00 2.305325e-15
21900.00 2.264314e-15
21910.00 2.223927e-15
21920.00 2.184166e-15
21930.00 2.145022e-15
21940.00 2.106478e-15
21950.00 2.068537e-15
21960.00 2.031188e-15
21970.00 1.994415e-15
21980.00 1.958222e-15
21990.00 1.922598e-15
22000.00 1.887528e-15
22010.00 1.853014e-15
22020.00 1.819046e-15
22030.00 1.785611e-15
22040.00 1.752711e-15
22050.00 1.720335e-15
22060.00 1.688469e-15
22070.00 1.657118e-15
22080.00 1.626269e-15
22090.00 1.595911e-15
22100.00 1.566047e-15
22110.00 1.536664e-15
22120.00 1.507753e-15
22130.00 1.479316e-15
22140.00 1.451340e-15
22150.00 1.423817e-15
22160.00 1.396748e-15
22170.00 1.370122e-15
22180.00 1.343930e-15
22190.00 1.318175e-15
22200.00 1.292843e-15
22210.00 1.267927e-15
22220.00 1.243431e-15
22230.00 1.219340e-15
22240.00 1.195648e-15
22250.00 1.172358e-15
22260.00 1.149456e-15
22270.00 1.126937e-15
22280.00 1.104802e-15
22290.00 1.083040e-15
22300.00 1.061643e-15
22310.00 1.040617e-15
22320.00 1.019946e-15
22330.00 9.996248e-16
22340.00 9.796588e-16
22350.00 9.600327e-16
22360.00 9.407420e-16
22370.00 9.217898e-16
22380.00 9.031631e-16
22390.00 8.848580e-16
22400.00 8.668772e-16
22410.00 8.492080e-16
22420.00 8.318456e-16
22430.00 8.147937e-16
22440.00 7.980392e-16
22450.00 7.815789e-16
22460.00 7.654148e-16
22470.00 7.495350e-16
22480.00 7.339369e-16
22490.00 7.186219e-16
22500.00 7.035781e-16
22510.00 6.888043e-16
22520.00 6.742998e-16
22530.00 6.600553e-16
22540.00 6.460688e-16
22550.00 6.323393e-16
22560.00 6.188579e-16
22570.00 6.056227e-16
22580.00 5.926326e-16
22590.00 5.798798e-16
22600.00 5.673621e-16
22610.00 5.550780e-16
22620.00 5.430204e-16
22630.00 5.311872e-16
22640.00 5.195767e-16
22650.00 5.081823e-16
22660.00 4.970020e-16
22670.00 4.860339e-16
22680.00 4.752717e-16
22690.00 4.647140e-16
22700.00 4.543582e-16
22710.00 4.441988e-16
22720.00 4.342342e-16
22730.00 4.244620e-16
22740.00 4.148768e-16
22750.00 4.054773e-16
22760.00 3.962608e-16
22770.00 3.872224e-16
22780.00 3.783609e-16
22790.00 3.696736e-16
22800.00 3.611557e-16
22810.00 3.528064e-16
22820.00 3.446225e-16
22830.00 3.366000e-16
22840.00 3.287378e-16
22850.00 3.210328e-16
22860.00 3.134813e-16
22870.00 3.060823e-16
22880.00 2.988326e-16
22890.00 2.917289e-16
22900.00 2.847700e-16
22910.00 2.779531e-16
22920.00 2.712747e-16
22930.00 2.647341e-16
22940.00 2.583281e-16
22950.00 2.520537e-16
22960.00 2.459101e-16
22970.00 2.398942e-16
22980.00 2.340033e-16
22990.00 2.282365e-16
23000.00 2.225908e-16
23010.00 2.170635e-16
23020.00 2.116542e-16
23030.00 2.063596e-16
23040.00 2.011771e-16
23050.00 1.961066e-16
23060.00 1.911446e-16
23070.00 1.862891e-16
23080.00 1.815395e-16
23090.00 1.768927e-16
23100.00 1.723467e-16
23110.00 1.679011e-16
23120.00 1.635526e-16
23130.00 1.592997e-16
23140.00 1.551416e-16
23150.00 1.510756e-16
23160.00 1.470999e-16
23170.00 1.432138e-16
23180.00 1.394148e-16
23190.00 1.357011e-16
23200.00 1.320722e-16
23210.00 1.285255e-16
23220.00 1.250593e-16
23230.00 1.216734e-16
23240.00 1.183649e-16
23250.00 1.151326e-16
23260.00 1.119759e-16
23270.00 1.088924e-16
23280.00 1.058808e-16
23290.00 1.029404e-16
23300.00 1.000690e-16
23310.00 9.726538e-17
23320.00 9.452894e-17
23330.00 9.185753e-17
23340.00 8.924996e-17
23350.00 8.670567e-17
23360.00 8.422260e-17
23370.00 8.179970e-17
23380.00 7.943621e-17
23390.00 7.713039e-17
23400.00 7.488124e-17
23410.00 7.268789e-17
23420.00 7.054884e-17
23430.00 6.846297e-17
23440.00 6.642960e-17
23450.00 6.444722e-17
23460.00 6.251484e-17
23470.00 6.063171e-17
23480.00 5.879642e-17
23490.00 5.700812e-17
23500.00 5.526602e-17
23510.00 5.356877e-17
23520.00 5.191561e-17
23530.00 5.030574e-17
23540.00 4.873791e-17
23550.00 4.721140e-17
23560.00 4.572541e-17
23570.00 4.427881e-17
23580.00 4.287089e-17
23590.00 4.150088e-17
23600.00 4.016772e-17
23610.00 3.887075e-17
23620.00 3.760921e-17
23630.00 3.638210e-17
23640.00 3.518883e-17
23650.00 3.402863e-17
23660.00 3.290060e-17
23670.00 3.180415e-17
23680.00 3.073856e-17
23690.00 2.970297e-17
23700.00 2.869683e-17
23710.00 2.771946e-17
23720.00 2.677004e-17
23730.00 2.584807e-17
23740.00 2.495286e-17
23750.00 2.408369e-17
23760.00 2.324006e-17
23770.00 2.242132e-17
23780.00 2.162678e-17
23790.00 2.085598e-17
23800.00 2.010831e-17
23810.00 1.938311e-17
23820.00 1.867996e-17
23830.00 1.799826e-17
23840.00 1.733741e-17
23850.00 1.669702e-17
23860.00 1.607648e-17
23870.00 1.547527e-17
23880.00 1.489301e-17
23890.00 1.432912e-17
23900.00 1.378312e-17
23910.00 1.325463e-17
23920.00 1.274313e-17
23930.00 1.224815e-17
23940.00 1.176936e-17
23950.00 1.130624e-17
23960.00 1.085837e-17
23970.00 1.042542e-17
23980.00 1.000692e-17
23990.00 9.602472e-18
24000.00 9.211757e-18
24010.00 8.834341e-18
24020.00 8.469854e-18
24030.00 8.117993e-18
24040.00 7.778351e-18
24050.00 7.450574e-18
24060.00 7.134398e-18
24070.00 6.829426e-18
24080.00 6.535334e-18
24090.00 6.251877e-18
24100.00 5.978669e-18
24110.00 5.715426e-18
24120.00 5.461901e-18
24130.00 5.217753e-18
24140.00 4.982707e-18
24150.00 4.756529e-18
24160.00 4.538908e-18
24170.00 4.329587e-18
24180.00 4.128343e-18
24190.00 3.934890e-18
24200.00 3.748990e-18
24210.00 3.570431e-18
24220.00 3.398952e-18
24230.00 3.234331e-18
24240.00 3.076370e-18
24250.00 2.924826e-18
24260.00 2.779496e-18
24270.00 2.640190e-18
24280.00 2.506689e-18
24290.00 2.378804e-18
24300.00 2.256357e-18
24310.00 2.139147e-18
24320.00 2.026999e-18
24330.00 1.919747e-18
24340.00 1.817207e-18
24350.00 1.719218e-18
24360.00 1.625625e-18
24370.00 1.536260e-18
24380.00 1.450974e-18
24390.00 1.369624e-18
24400.00 1.292056e-18
24410.00 1.218133e-18
24420.00 1.147723e-18
24430.00 1.080684e-18
24440.00 1.016894e-18
24450.00 9.562266e-19
24460.00 8.985570e-19
24470.00 8.437691e-19
24480.00 7.917505e-19
24490.00 7.423853e-19
24500.00 6.955693e-19
24510.00 6.511979e-19
24520.00 6.091666e-19
24530.00 5.693803e-19
24540.00 5.317438e-19
24550.00 4.961626e-19
24560.00 4.625499e-19
24570.00 4.308195e-19
24580.00 4.008858e-19
24590.00 3.726701e-19
24600.00 3.460945e-19
24610.00 3.210818e-19
24620.00 2.975612e-19
24630.00 2.754619e-19
24640.00 2.547152e-19
24650.00 2.352569e-19
24660.00 2.170235e-19
24670.00 1.999535e-19
24680.00 1.839896e-19
24690.00 1.690749e-19
24700.00 1.551545e-19
24710.00 1.421772e-19
24720.00 1.300925e-19
24730.00 1.188516e-19
24740.00 1.084091e-19
24750.00 9.872001e-20
24760.00 8.974155e-20
24770.00 8.143342e-20
24780.00 7.375610e-20
24790.00 6.667199e-20
24800.00 6.014559e-20
24810.00 5.414238e-20
24820.00 4.862948e-20
24830.00 4.357601e-20
24840.00 3.895186e-20
24850.00 3.472857e-20
24860.00 3.087933e-20
24870.00 2.737821e-20
24880.00 2.420070e-20
24890.00 2.132379e-20
24900.00 1.872526e-20
24910.00 1.638423e-20
24920.00 1.428110e-20
24930.00 1.239707e-20
24940.00 1.071452e-20
24950.00 9.216919e-21
24960.00 7.888546e-21
24970.00 6.714706e-21
24980.00 5.681658e-21
24990.00 4.776412e-21
25000.00 3.986885e-21
