1000.00 7.383597e-38
1010.00 1.660819e-30
1020.00 4.435748e-29
1030.00 3.485832e-28
1040.00 1.600080e-27
1050.00 5.448434e-27
1060.00 1.547310e-26
1070.00 3.767109e-26
1080.00 8.546127e-26
1090.00 1.754726e-25
1100.00 3.444339e-25
1110.00 6.375251e-25
1120.00 1.132046e-24
1130.00 1.954687e-24
1140.00 3.222014e-24
1150.00 5.296518e-24
1160.00 8.337409e-24
1170.00 1.305657e-23
1180.00 1.989492e-23
1190.00 2.985624e-23
1200.00 4.436863e-23
1210.00 6.420233e-23
1220.00 9.356285e-23
1230.00 1.324196e-22
1240.00 1.881900e-22
1250.00 2.624352e-22
1260.00 3.634464e-22
1270.00 5.008073e-22
1280.00 6.774744e-22
1290.00 9.245243e-22
1300.00 1.233187e-21
1310.00 1.657272e-21
1320.00 2.193126e-21
1330.00 2.893536e-21
1340.00 3.804193e-21
1350.00 4.933202e-21
1360.00 6.451237e-21
1370.00 8.277764e-21
1380.00 1.071678e-20
1390.00 1.368743e-20
1400.00 1.746862e-20
1410.00 2.222556e-20
1420.00 2.798048e-20
1430.00 3.548922e-20
1440.00 4.428424e-20
1450.00 5.579143e-20
1460.00 6.941977e-20
1470.00 8.644039e-20
1480.00 1.073048e-19
1490.00 1.321117e-19
1500.00 1.636950e-19
1510.00 1.999448e-19
1520.00 2.466430e-19
1530.00 3.007200e-19
1540.00 3.672989e-19
1550.00 4.471848e-19
1560.00 5.409506e-19
1570.00 6.578751e-19
1580.00 7.899443e-19
1590.00 9.580009e-19
1600.00 1.149006e-18
1610.00 1.381553e-18
1620.00 1.655539e-18
1630.00 1.973971e-18
1640.00 2.363936e-18
1650.00 2.798722e-18
1660.00 3.346438e-18
1670.00 3.959071e-18
1680.00 4.698264e-18
1690.00 5.555465e-18
1700.00 6.544018e-18
1710.00 7.735389e-18
1720.00 9.049374e-18
1730.00 1.069076e-17
1740.00 1.250125e-17
1750.00 1.466965e-17
1760.00 1.714908e-17
1770.00 1.999066e-17
1780.00 2.336628e-17
1790.00 2.706038e-17
1800.00 3.163017e-17
1810.00 3.661451e-17
1820.00 4.254723e-17
1830.00 4.924574e-17
1840.00 5.688358e-17
1850.00 6.583894e-17
1860.00 7.560151e-17
1870.00 8.751391e-17
1880.00 1.004067e-16
1890.00 1.156719e-16
1900.00 1.327107e-16
1910.00 1.520569e-16
1920.00 1.744699e-16
1930.00 1.988285e-16
1940.00 2.281772e-16
1950.00 2.597251e-16
1960.00 2.969094e-16
1970.00 3.379790e-16
1980.00 3.844449e-16
1990.00 4.376836e-16
2000.00 4.954021e-16
2010.00 5.641322e-16
2020.00 6.375631e-16
2030.00 7.237741e-16
2040.00 8.180693e-16
2050.00 9.244339e-16
2060.00 1.045054e-15
2070.00 1.175562e-15
2080.00 1.329274e-15
2090.00 1.492599e-15
2100.00 1.683688e-15
2110.00 1.890809e-15
2120.00 2.123838e-15
2130.00 2.385565e-15
2140.00 2.668287e-15
2150.00 2.997872e-15
2160.00 3.346307e-15
2170.00 3.752750e-15
2180.00 4.189550e-15
2190.00 4.679899e-15
2200.00 5.225671e-15
2210.00 5.814424e-15
2220.00 6.494161e-15
2230.00 7.209449e-15
2240.00 8.041596e-15
2250.00 8.928724e-15
2260.00 9.922687e-15
2270.00 1.101957e-14
2280.00 1.220151e-14
2290.00 1.355368e-14
2300.00 1.497042e-14
2310.00 1.661474e-14
2320.00 1.835434e-14
2330.00 2.030018e-14
2340.00 2.243011e-14
2350.00 2.472300e-14
2360.00 2.732348e-14
2370.00 3.003709e-14
2380.00 3.318003e-14
2390.00 3.648087e-14
2400.00 4.016760e-14
2410.00 4.417190e-14
2420.00 4.847915e-14
2430.00 5.332396e-14
2440.00 5.836005e-14
2450.00 6.418219e-14
2460.00 7.025395e-14
2470.00 7.702683e-14
2480.00 8.432847e-14
2490.00 9.217711e-14
2500.00 1.009358e-13
2510.00 1.100067e-13
2520.00 1.204763e-13
2530.00 1.313206e-13
2540.00 1.434037e-13
2550.00 1.563367e-13
2560.00 1.702306e-13
2570.00 1.856178e-13
2580.00 2.015342e-13
2590.00 2.197982e-13
2600.00 2.386292e-13
2610.00 2.595908e-13
2620.00 2.818710e-13
2630.00 3.057942e-13
2640.00 3.320950e-13
2650.00 3.592999e-13
2660.00 3.902770e-13
2670.00 4.221050e-13
2680.00 4.575042e-13
2690.00 4.948750e-13
2700.00 5.349838e-13
2710.00 5.787665e-13
2720.00 6.240530e-13
2730.00 6.752356e-13
2740.00 7.276445e-13
2750.00 7.858919e-13
2760.00 8.469742e-13
2770.00 9.125067e-13
2780.00 9.835473e-13
2790.00 1.057024e-12
2800.00 1.139472e-12
2810.00 1.223606e-12
2820.00 1.317058e-12
2830.00 1.414413e-12
2840.00 1.518826e-12
2850.00 1.631248e-12
2860.00 1.747515e-12
2870.00 1.877070e-12
2880.00 2.008819e-12
2890.00 2.155092e-12
2900.00 2.306475e-12
2910.00 2.468784e-12
2920.00 2.642377e-12
2930.00 2.821886e-12
2940.00 3.020548e-12
2950.00 3.221868e-12
2960.00 3.445305e-12
2970.00 3.675029e-12
2980.00 3.921271e-12
2990.00 4.182883e-12
3000.00 4.453364e-12
3010.00 4.750707e-12
3020.00 5.050946e-12
3030.00 5.384100e-12
3040.00 5.724344e-12
3050.00 6.088981e-12
3060.00 6.473806e-12
3070.00 6.871584e-12
3080.00 7.305984e-12
3090.00 7.742971e-12
3100.00 8.227838e-12
3110.00 8.719657e-12
3120.00 9.246639e-12
3130.00 9.799082e-12
3140.00 1.036994e-11
3150.00 1.098927e-11
3160.00 1.160983e-11
3170.00 1.229847e-11
3180.00 1.299206e-11
3190.00 1.373517e-11
3200.00 1.450886e-11
3210.00 1.530800e-11
3220.00 1.616933e-11
3230.00 1.702874e-11
3240.00 1.798274e-11
3250.00 1.893649e-11
3260.00 1.995831e-11
3270.00 2.101466e-11
3280.00 2.047142e-11
3290.00 1.658638e-11
3300.00 2.443260e-11
3310.00 2.557076e-12
3320.00 1.231019e-11
3330.00 9.017971e-12
3340.00 2.002061e-11
3350.00 2.272358e-11
3360.00 1.598395e-11
3370.00 2.762657e-11
3380.00 3.004844e-11
3390.00 1.299133e-11
3400.00 1.297526e-11
3410.00 2.787222e-11
3420.00 1.990296e-11
3430.00 1.331617e-11
3440.00 1.418949e-11
3450.00 7.342193e-12
3460.00 3.501244e-11
3470.00 3.898685e-11
3480.00 5.337445e-11
3490.00 6.499024e-11
3500.00 6.659462e-11
3510.00 1.116517e-10
3520.00 1.345114e-10
3530.00 1.158826e-10
3540.00 9.387800e-11
3550.00 1.062176e-10
3560.00 1.290655e-10
3570.00 1.295203e-10
3580.00 1.321167e-10
3590.00 1.464286e-10
3600.00 1.397962e-10
3610.00 1.744023e-10
3620.00 1.946278e-10
3630.00 2.146038e-10
3640.00 2.127030e-10
3650.00 2.011242e-10
3660.00 1.847532e-10
3670.00 2.118143e-10
3680.00 2.631970e-10
3690.00 2.721686e-10
3700.00 2.170063e-10
3710.00 2.394726e-10
3720.00 2.408411e-10
3730.00 2.201652e-10
3740.00 2.386755e-10
3750.00 2.501109e-10
3760.00 1.657560e-10
3770.00 1.340058e-10
3780.00 1.510849e-10
3790.00 1.050391e-10
3800.00 7.189898e-11
3810.00 1.029425e-10
3820.00 8.011302e-11
3830.00 7.229867e-11
3840.00 7.227828e-11
3850.00 1.286810e-10
3860.00 1.556810e-10
3870.00 1.570049e-10
3880.00 2.198424e-10
3890.00 2.016089e-10
3900.00 2.216622e-10
3910.00 2.511363e-10
3920.00 2.405738e-10
3930.00 2.769904e-10
3940.00 3.032930e-10
3950.00 3.627283e-10
3960.00 4.224820e-10
3970.00 4.727208e-10
3980.00 4.929667e-10
3990.00 4.912059e-10
4000.00 4.776726e-10
4010.00 4.560640e-10
4020.00 4.249122e-10
4030.00 3.609394e-10
4040.00 2.984352e-10
4050.00 2.957965e-10
4060.00 2.670648e-10
4070.00 2.550401e-10
4080.00 2.218966e-10
4090.00 2.183531e-10
4100.00 1.897888e-10
4110.00 1.913813e-10
4120.00 2.245296e-10
4130.00 1.760461e-10
4140.00 1.477167e-10
4150.00 1.735956e-10
4160.00 1.792874e-10
4170.00 1.410018e-10
4180.00 1.605643e-10
4190.00 1.494132e-10
4200.00 1.320442e-10
4210.00 1.755922e-10
4220.00 1.580059e-10
4230.00 1.651953e-10
4240.00 1.681216e-10
4250.00 1.646098e-10
4260.00 1.773829e-10
4270.00 1.439655e-10
4280.00 1.856242e-10
4290.00 1.579972e-10
4300.00 1.713558e-10
4310.00 1.546699e-10
4320.00 1.475796e-10
4330.00 1.641631e-10
4340.00 1.562402e-10
4350.00 1.386733e-10
4360.00 1.503232e-10
4370.00 1.458555e-10
4380.00 1.464102e-10
4390.00 1.055931e-10
4400.00 1.316921e-10
4410.00 1.072825e-10
4420.00 1.130173e-10
4430.00 1.220787e-10
4440.00 1.143189e-10
4450.00 1.099006e-10
4460.00 9.803054e-11
4470.00 1.477120e-10
4480.00 1.428658e-10
4490.00 1.736659e-10
4500.00 1.707015e-10
4510.00 1.805071e-10
4520.00 1.769651e-10
4530.00 2.045666e-10
4540.00 2.209482e-10
4550.00 2.747451e-10
4560.00 2.640435e-10
4570.00 3.223851e-10
4580.00 3.247409e-10
4590.00 3.689215e-10
4600.00 3.703134e-10
4610.00 4.057043e-10
4620.00 4.154867e-10
4630.00 4.075737e-10
4640.00 4.081169e-10
4650.00 4.011995e-10
4660.00 3.661057e-10
4670.00 3.252535e-10
4680.00 2.850249e-10
4690.00 2.437491e-10
4700.00 2.061061e-10
4710.00 1.749662e-10
4720.00 1.543758e-10
4730.00 1.363594e-10
4740.00 1.462366e-10
4750.00 1.600023e-10
4760.00 1.545625e-10
4770.00 1.558256e-10
4780.00 1.640442e-10
4790.00 1.876830e-10
4800.00 1.823758e-10
4810.00 2.155576e-10
4820.00 2.536609e-10
4830.00 2.657903e-10
4840.00 2.724762e-10
4850.00 2.458687e-10
4860.00 2.330036e-10
4870.00 2.169764e-10
4880.00 1.987953e-10
4890.00 2.116068e-10
4900.00 2.305300e-10
4910.00 2.316680e-10
4920.00 2.731541e-10
4930.00 2.885590e-10
4940.00 3.234738e-10
4950.00 3.587208e-10
4960.00 3.687019e-10
4970.00 3.816074e-10
4980.00 3.852410e-10
4990.00 3.557651e-10
5000.00 2.868485e-10
5010.00 2.324621e-10
5020.00 2.107945e-10
5030.00 1.786574e-10
5040.00 1.934026e-10
5050.00 1.779143e-10
5060.00 1.686059e-10
5070.00 1.773762e-10
5080.00 1.869478e-10
5090.00 1.792285e-10
5100.00 1.947568e-10
5110.00 2.178984e-10
5120.00 2.094290e-10
5130.00 2.228118e-10
5140.00 2.011715e-10
5150.00 2.011887e-10
5160.00 2.086598e-10
5170.00 2.167276e-10
5180.00 2.184183e-10
5190.00 2.308134e-10
5200.00 2.469908e-10
5210.00 2.472976e-10
5220.00 2.628357e-10
5230.00 2.728963e-10
5240.00 2.846338e-10
5250.00 3.063466e-10
5260.00 3.176180e-10
5270.00 3.163378e-10
5280.00 3.495181e-10
5290.00 3.506502e-10
5300.00 3.697811e-10
5310.00 3.833183e-10
5320.00 3.835666e-10
5330.00 3.841216e-10
5340.00 3.981001e-10
5350.00 3.820000e-10
5360.00 3.652468e-10
5370.00 3.664995e-10
5380.00 3.587627e-10
5390.00 3.492098e-10
5400.00 3.415032e-10
5410.00 3.430332e-10
5420.00 3.820901e-10
5430.00 4.036138e-10
5440.00 4.031707e-10
5450.00 4.289395e-10
5460.00 4.819445e-10
5470.00 5.123553e-10
5480.00 5.243654e-10
5490.00 5.807795e-10
5500.00 5.887893e-10
5510.00 6.128050e-10
5520.00 6.347757e-10
5530.00 6.518214e-10
5540.00 6.396592e-10
5550.00 6.416816e-10
5560.00 6.291503e-10
5570.00 5.643037e-10
5580.00 5.564860e-10
5590.00 5.357811e-10
5600.00 5.010496e-10
5610.00 4.706517e-10
5620.00 4.195419e-10
5630.00 3.914066e-10
5640.00 3.148568e-10
5650.00 2.435867e-10
5660.00 1.650288e-10
5670.00 1.279555e-10
5680.00 1.479073e-10
5690.00 1.691140e-10
5700.00 2.060887e-10
5710.00 2.331833e-10
5720.00 2.240665e-10
5730.00 2.272401e-10
5740.00 2.460695e-10
5750.00 2.482063e-10
5760.00 2.463682e-10
5770.00 2.565517e-10
5780.00 2.587814e-10
5790.00 2.592341e-10
5800.00 2.564732e-10
5810.00 2.718011e-10
5820.00 3.022304e-10
5830.00 2.959752e-10
5840.00 3.274341e-10
5850.00 3.492977e-10
5860.00 3.632548e-10
5870.00 3.903995e-10
5880.00 3.825057e-10
5890.00 4.036930e-10
5900.00 4.291678e-10
5910.00 3.963317e-10
5920.00 3.583893e-10
5930.00 3.346916e-10
5940.00 3.304230e-10
5950.00 3.104033e-10
5960.00 2.780792e-10
5970.00 2.837004e-10
5980.00 2.780807e-10
5990.00 2.689450e-10
6000.00 2.736822e-10
6010.00 2.633315e-10
6020.00 2.583593e-10
6030.00 2.691874e-10
6040.00 2.640516e-10
6050.00 2.701153e-10
6060.00 2.821753e-10
6070.00 2.835168e-10
6080.00 2.721444e-10
6090.00 2.773865e-10
6100.00 2.616438e-10
6110.00 2.749218e-10
6120.00 2.545791e-10
6130.00 2.647569e-10
6140.00 2.654243e-10
6150.00 2.594489e-10
6160.00 2.470585e-10
6170.00 2.518646e-10
6180.00 2.423824e-10
6190.00 2.408937e-10
6200.00 2.365888e-10
6210.00 2.265944e-10
6220.00 2.010041e-10
6230.00 2.018252e-10
6240.00 2.117653e-10
6250.00 2.171024e-10
6260.00 2.201257e-10
6270.00 2.021759e-10
6280.00 2.200708e-10
6290.00 2.273474e-10
6300.00 2.362937e-10
6310.00 2.301813e-10
6320.00 2.333333e-10
6330.00 2.514409e-10
6340.00 2.520885e-10
6350.00 2.696966e-10
6360.00 2.805099e-10
6370.00 2.861296e-10
6380.00 3.023454e-10
6390.00 3.081440e-10
6400.00 3.376121e-10
6410.00 3.457245e-10
6420.00 3.528479e-10
6430.00 3.910464e-10
6440.00 3.909581e-10
6450.00 3.861649e-10
6460.00 3.976352e-10
6470.00 3.965028e-10
6480.00 4.144463e-10
6490.00 4.535867e-10
6500.00 4.171469e-10
6510.00 4.224556e-10
6520.00 4.216064e-10
6530.00 4.185614e-10
6540.00 4.041944e-10
6550.00 3.843427e-10
6560.00 3.625472e-10
6570.00 3.634149e-10
6580.00 3.332499e-10
6590.00 3.053977e-10
6600.00 2.832611e-10
6610.00 2.506836e-10
6620.00 2.377491e-10
6630.00 2.074692e-10
6640.00 1.830292e-10
6650.00 1.751281e-10
6660.00 1.565442e-10
6670.00 1.522763e-10
6680.00 1.405982e-10
6690.00 1.285413e-10
6700.00 1.081768e-10
6710.00 1.289866e-10
6720.00 1.158795e-10
6730.00 1.120732e-10
6740.00 1.102531e-10
6750.00 9.429658e-11
6760.00 1.065913e-10
6770.00 1.013936e-10
6780.00 9.497633e-11
6790.00 9.934077e-11
6800.00 1.066182e-10
6810.00 1.048191e-10
6820.00 1.162645e-10
6830.00 1.103799e-10
6840.00 1.072678e-10
6850.00 9.741426e-11
6860.00 7.481035e-11
6870.00 9.085621e-11
6880.00 9.183602e-11
6890.00 1.044148e-10
6900.00 1.078814e-10
6910.00 1.070355e-10
6920.00 1.063380e-10
6930.00 1.257402e-10
6940.00 1.358534e-10
6950.00 1.387224e-10
6960.00 1.316738e-10
6970.00 1.303345e-10
6980.00 1.443930e-10
6990.00 1.451464e-10
7000.00 1.429914e-10
7010.00 1.493368e-10
7020.00 1.471858e-10
7030.00 1.619216e-10
7040.00 1.679271e-10
7050.00 1.925362e-10
7060.00 1.852106e-10
7070.00 2.062580e-10
7080.00 2.026936e-10
7090.00 2.147616e-10
7100.00 2.213055e-10
7110.00 2.259243e-10
7120.00 2.319844e-10
7130.00 2.251964e-10
7140.00 2.252756e-10
7150.00 2.166381e-10
7160.00 2.077753e-10
7170.00 2.014258e-10
7180.00 2.114676e-10
7190.00 2.169262e-10
7200.00 2.286396e-10
7210.00 2.309975e-10
7220.00 2.191570e-10
7230.00 2.275436e-10
7240.00 2.214392e-10
7250.00 2.183871e-10
7260.00 2.226552e-10
7270.00 2.305822e-10
7280.00 2.116526e-10
7290.00 2.124351e-10
7300.00 2.234532e-10
7310.00 2.270151e-10
7320.00 2.261257e-10
7330.00 2.288880e-10
7340.00 2.272597e-10
7350.00 2.346411e-10
7360.00 2.312786e-10
7370.00 2.270664e-10
7380.00 2.155741e-10
7390.00 2.195225e-10
7400.00 2.150530e-10
7410.00 2.715030e-10
7420.00 2.709117e-10
7430.00 2.473439e-10
7440.00 2.105583e-10
7450.00 1.802605e-10
7460.00 1.560259e-10
7470.00 1.374201e-10
7480.00 1.293795e-10
7490.00 1.105741e-10
7500.00 1.017667e-10
7510.00 9.968124e-11
7520.00 1.216598e-10
7530.00 1.282307e-10
7540.00 1.418184e-10
7550.00 1.547610e-10
7560.00 1.716530e-10
7570.00 1.832867e-10
7580.00 9.738390e-11
7590.00 5.208029e-11
7600.00 1.259000e-10
7610.00 9.738140e-11
7620.00 1.077935e-10
7630.00 1.440885e-10
7640.00 1.696886e-10
7650.00 1.923030e-10
7660.00 2.289861e-10
7670.00 2.497018e-10
7680.00 2.529569e-10
7690.00 2.838187e-10
7700.00 2.927145e-10
7710.00 2.842094e-10
7720.00 2.929520e-10
7730.00 3.286453e-10
7740.00 3.125074e-10
7750.00 3.064189e-10
7760.00 3.186624e-10
7770.00 3.270217e-10
7780.00 3.074435e-10
7790.00 3.027461e-10
7800.00 3.268319e-10
7810.00 3.230792e-10
7820.00 3.052441e-10
7830.00 3.133987e-10
7840.00 3.287401e-10
7850.00 3.174491e-10
7860.00 3.111776e-10
7870.00 3.201641e-10
7880.00 3.211222e-10
7890.00 3.036451e-10
7900.00 3.177761e-10
7910.00 3.042516e-10
7920.00 2.855031e-10
7930.00 2.918907e-10
7940.00 2.886639e-10
7950.00 2.621538e-10
7960.00 2.607328e-10
7970.00 2.739155e-10
7980.00 2.607399e-10
7990.00 2.443342e-10
8000.00 2.504624e-10
8010.00 2.529165e-10
8020.00 2.364638e-10
8030.00 2.293499e-10
8040.00 2.503152e-10
8050.00 2.389349e-10
8060.00 2.164908e-10
8070.00 2.191145e-10
8080.00 2.161052e-10
8090.00 1.967540e-10
8100.00 1.572211e-10
8110.00 1.410328e-10
8120.00 1.312206e-10
8130.00 1.084958e-10
8140.00 8.853175e-11
8150.00 7.611155e-11
8160.00 6.944284e-11
8170.00 6.302919e-11
8180.00 4.828858e-11
8190.00 5.252695e-11
8200.00 5.214178e-11
8210.00 4.772731e-11
8220.00 6.082845e-11
8230.00 6.501961e-11
8240.00 6.727430e-11
8250.00 8.678080e-11
8260.00 9.225292e-11
8270.00 9.087211e-11
8280.00 7.659266e-11
8290.00 7.319145e-11
8300.00 6.902258e-11
8310.00 7.758613e-11
8320.00 7.106543e-11
8330.00 6.509124e-11
8340.00 8.392990e-11
8350.00 9.377120e-11
8360.00 9.457514e-11
8370.00 9.389508e-11
8380.00 1.099060e-10
8390.00 1.234407e-10
8400.00 1.295749e-10
8410.00 1.351989e-10
8420.00 1.418391e-10
8430.00 1.673534e-10
8440.00 1.493531e-10
8450.00 1.603865e-10
8460.00 1.835479e-10
8470.00 1.949202e-10
8480.00 1.972893e-10
8490.00 1.905770e-10
8500.00 2.092621e-10
8510.00 2.307156e-10
8520.00 2.320030e-10
8530.00 2.095522e-10
8540.00 2.207105e-10
8550.00 2.290147e-10
8560.00 2.330294e-10
8570.00 2.342906e-10
8580.00 2.216637e-10
8590.00 2.320758e-10
8600.00 2.376639e-10
8610.00 2.285555e-10
8620.00 2.342714e-10
8630.00 2.251334e-10
8640.00 2.240576e-10
8650.00 2.161118e-10
8660.00 2.074869e-10
8670.00 2.034696e-10
8680.00 2.054972e-10
8690.00 2.024446e-10
8700.00 2.042714e-10
8710.00 1.818457e-10
8720.00 1.744200e-10
8730.00 1.685337e-10
8740.00 1.666375e-10
8750.00 1.712596e-10
8760.00 1.574468e-10
8770.00 1.634972e-10
8780.00 1.706800e-10
8790.00 1.816568e-10
8800.00 1.802687e-10
8810.00 1.697400e-10
8820.00 1.682849e-10
8830.00 1.831043e-10
8840.00 1.619401e-10
8850.00 1.486294e-10
8860.00 1.367578e-10
8870.00 1.253709e-10
8880.00 1.191346e-10
8890.00 9.796601e-11
8900.00 8.925040e-11
8910.00 1.121094e-10
8920.00 9.503213e-11
8930.00 9.164225e-11
8940.00 9.506442e-11
8950.00 9.125079e-11
8960.00 1.091573e-10
8970.00 1.138587e-10
8980.00 1.236448e-10
8990.00 1.265851e-10
9000.00 1.295049e-10
9010.00 1.356710e-10
9020.00 1.259750e-10
9030.00 1.222865e-10
9040.00 1.342672e-10
9050.00 1.263161e-10
9060.00 1.330590e-10
9070.00 1.320160e-10
9080.00 1.398639e-10
9090.00 1.465151e-10
9100.00 1.491906e-10
9110.00 1.463894e-10
9120.00 1.467490e-10
9130.00 1.516135e-10
9140.00 1.519835e-10
9150.00 1.531625e-10
9160.00 1.651229e-10
9170.00 1.660947e-10
9180.00 1.711600e-10
9190.00 1.687109e-10
9200.00 1.769230e-10
9210.00 1.638030e-10
9220.00 1.601606e-10
9230.00 1.513166e-10
9240.00 1.611811e-10
9250.00 1.679344e-10
9260.00 1.605684e-10
9270.00 1.593229e-10
9280.00 1.536361e-10
9290.00 1.494876e-10
9300.00 1.479156e-10
9310.00 1.448506e-10
9320.00 1.495281e-10
9330.00 1.504259e-10
9340.00 1.523066e-10
9350.00 1.527611e-10
9360.00 1.637582e-10
9370.00 1.688842e-10
9380.00 1.754188e-10
9390.00 1.716549e-10
9400.00 1.675074e-10
9410.00 1.699057e-10
9420.00 1.766371e-10
9430.00 1.728427e-10
9440.00 1.780798e-10
9450.00 1.651888e-10
9460.00 1.775580e-10
9470.00 1.728997e-10
9480.00 1.782997e-10
9490.00 1.815106e-10
9500.00 1.750044e-10
9510.00 1.924825e-10
9520.00 1.893800e-10
9530.00 1.718194e-10
9540.00 1.701409e-10
9550.00 1.728390e-10
9560.00 1.562326e-10
9570.00 1.495196e-10
9580.00 1.508073e-10
9590.00 1.474154e-10
9600.00 1.425151e-10
9610.00 1.428156e-10
9620.00 1.418037e-10
9630.00 1.332283e-10
9640.00 1.486970e-10
9650.00 1.440141e-10
9660.00 1.369320e-10
9670.00 1.314019e-10
9680.00 1.308266e-10
9690.00 1.581930e-10
9700.00 1.302792e-10
9710.00 1.393673e-10
9720.00 1.471780e-10
9730.00 1.376329e-10
9740.00 1.256604e-10
9750.00 1.056993e-10
9760.00 1.232943e-10
9770.00 1.117661e-10
9780.00 1.290550e-10
9790.00 1.131454e-10
9800.00 1.164384e-10
9810.00 1.364433e-10
9820.00 1.367115e-10
9830.00 1.031467e-10
9840.00 1.267076e-10
9850.00 1.564757e-10
9860.00 1.287326e-10
9870.00 1.316216e-10
9880.00 1.098913e-10
9890.00 1.232242e-10
9900.00 1.184478e-10
9910.00 1.144154e-10
9920.00 1.103861e-10
9930.00 1.063602e-10
9940.00 1.059389e-10
9950.00 1.055183e-10
9960.00 1.050983e-10
9970.00 1.046798e-10
9980.00 1.042620e-10
9990.00 1.038448e-10
10000.00 1.034292e-10
10010.00 1.030143e-10
10020.00 1.026000e-10
10030.00 1.021872e-10
10040.00 1.017751e-10
10050.00 1.013638e-10
10060.00 1.009539e-10
10070.00 1.005447e-10
10080.00 1.001363e-10
10090.00 9.972931e-11
10100.00 9.932301e-11
10110.00 9.891758e-11
10120.00 9.851352e-11
10130.00 9.811015e-11
10140.00 9.770771e-11
10150.00 9.730665e-11
10160.00 9.690621e-11
10170.00 9.650677e-11
10180.00 9.610863e-11
10190.00 9.571119e-11
10200.00 9.531474e-11
10210.00 9.491966e-11
10220.00 9.452520e-11
10230.00 9.413181e-11
10240.00 9.373966e-11
10250.00 9.334826e-11
10260.00 9.295785e-11
10270.00 9.256870e-11
10280.00 9.218035e-11
10290.00 9.179307e-11
10300.00 9.140690e-11
10310.00 9.102161e-11
10320.00 9.063738e-11
10330.00 9.025434e-11
10340.00 8.987204e-11
10350.00 8.949092e-11
10360.00 8.911093e-11
10370.00 8.873169e-11
10380.00 8.835369e-11
10390.00 8.797676e-11
10400.00 8.760063e-11
10410.00 8.722569e-11
10420.00 8.685187e-11
10430.00 8.647880e-11
10440.00 8.610697e-11
10450.00 8.573627e-11
10460.00 8.536632e-11
10470.00 8.499767e-11
10480.00 8.463003e-11
10490.00 8.426319e-11
10500.00 8.389766e-11
10510.00 8.353313e-11
10520.00 8.316941e-11
10530.00 8.280700e-11
10540.00 8.244559e-11
10550.00 8.208499e-11
10560.00 8.172570e-11
10570.00 8.136746e-11
10580.00 8.101004e-11
10590.00 8.065393e-11
10600.00 8.029875e-11
10610.00 7.994444e-11
10620.00 7.959145e-11
10630.00 7.923945e-11
10640.00 7.888826e-11
10650.00 7.853845e-11
10660.00 7.818963e-11
10670.00 7.784156e-11
10680.00 7.749492e-11
10690.00 7.714915e-11
10700.00 7.680433e-11
10710.00 7.646081e-11
10720.00 7.611822e-11
10730.00 7.577645e-11
10740.00 7.543617e-11
10750.00 7.509670e-11
10760.00 7.475811e-11
10770.00 7.442095e-11
10780.00 7.408466e-11
10790.00 7.374918e-11
10800.00 7.341520e-11
10810.00 7.308209e-11
10820.00 7.274973e-11
10830.00 7.241893e-11
10840.00 7.208894e-11
10850.00 7.175976e-11
10860.00 7.143208e-11
10870.00 7.110520e-11
10880.00 7.077926e-11
10890.00 7.045470e-11
10900.00 7.013094e-11
10910.00 6.980812e-11
10920.00 6.948667e-11
10930.00 6.916609e-11
10940.00 6.884645e-11
10950.00 6.852812e-11
10960.00 6.821066e-11
10970.00 6.789420e-11
10980.00 6.757905e-11
10990.00 6.726470e-11
11000.00 6.695130e-11
11010.00 6.663926e-11
11020.00 6.632804e-11
11030.00 6.601781e-11
11040.00 6.570889e-11
11050.00 6.540078e-11
11060.00 6.509373e-11
11070.00 6.478787e-11
11080.00 6.448288e-11
11090.00 6.417889e-11
11100.00 6.387614e-11
11110.00 6.357427e-11
11120.00 6.327345e-11
11130.00 6.297382e-11
11140.00 6.267501e-11
11150.00 6.237725e-11
11160.00 6.208071e-11
11170.00 6.178501e-11
11180.00 6.149036e-11
11190.00 6.119690e-11
11200.00 6.090427e-11
11210.00 6.061272e-11
11220.00 6.032232e-11
11230.00 6.003275e-11
11240.00 5.974428e-11
11250.00 5.945694e-11
11260.00 5.917043e-11
11270.00 5.888504e-11
11280.00 5.860074e-11
11290.00 5.831728e-11
11300.00 5.803495e-11
11310.00 5.775369e-11
11320.00 5.747326e-11
11330.00 5.719398e-11
11340.00 5.691575e-11
11350.00 5.663834e-11
11360.00 5.636209e-11
11370.00 5.608687e-11
11380.00 5.581249e-11
11390.00 5.553926e-11
11400.00 5.526705e-11
11410.00 5.499566e-11
11420.00 5.472545e-11
11430.00 5.445622e-11
11440.00 5.418783e-11
11450.00 5.392060e-11
11460.00 5.365436e-11
11470.00 5.338893e-11
11480.00 5.312470e-11
11490.00 5.286142e-11
11500.00 5.259896e-11
11510.00 5.233770e-11
11520.00 5.207736e-11
11530.00 5.181785e-11
11540.00 5.155954e-11
11550.00 5.130214e-11
11560.00 5.104556e-11
11570.00 5.079020e-11
11580.00 5.053572e-11
11590.00 5.028206e-11
11600.00 5.002962e-11
11610.00 4.977805e-11
11620.00 4.952730e-11
11630.00 4.927776e-11
11640.00 4.902908e-11
11650.00 4.878121e-11
11660.00 4.853458e-11
11670.00 4.828878e-11
11680.00 4.804378e-11
11690.00 4.780003e-11
11700.00 4.755708e-11
11710.00 4.731495e-11
11720.00 4.707405e-11
11730.00 4.683395e-11
11740.00 4.659466e-11
11750.00 4.635660e-11
11760.00 4.611933e-11
11770.00 4.588289e-11
11780.00 4.564763e-11
11790.00 4.541317e-11
11800.00 4.517955e-11
11810.00 4.494709e-11
11820.00 4.471542e-11
11830.00 4.448461e-11
11840.00 4.425493e-11
11850.00 4.402603e-11
11860.00 4.379801e-11
11870.00 4.357109e-11
11880.00 4.334496e-11
11890.00 4.311969e-11
11900.00 4.289552e-11
11910.00 4.267213e-11
11920.00 4.244961e-11
11930.00 4.222817e-11
11940.00 4.200750e-11
11950.00 4.178771e-11
11960.00 4.156898e-11
11970.00 4.135101e-11
11980.00 4.113394e-11
11990.00 4.091789e-11
12000.00 4.070262e-11
12010.00 4.048824e-11
12020.00 4.027486e-11
12030.00 4.006225e-11
12040.00 3.985054e-11
12050.00 3.963982e-11
12060.00 3.942986e-11
12070.00 3.922081e-11
12080.00 3.901272e-11
12090.00 3.880539e-11
12100.00 3.859897e-11
12110.00 3.839350e-11
12120.00 3.818878e-11
12130.00 3.798497e-11
12140.00 3.778210e-11
12150.00 3.757997e-11
12160.00 3.737876e-11
12170.00 3.717846e-11
12180.00 3.697890e-11
12190.00 3.678026e-11
12200.00 3.658252e-11
12210.00 3.638552e-11
12220.00 3.618944e-11
12230.00 3.599423e-11
12240.00 3.579976e-11
12250.00 3.560621e-11
12260.00 3.541353e-11
12270.00 3.522156e-11
12280.00 3.503054e-11
12290.00 3.484034e-11
12300.00 3.465088e-11
12310.00 3.446234e-11
12320.00 3.427463e-11
12330.00 3.408763e-11
12340.00 3.390157e-11
12350.00 3.371631e-11
12360.00 3.353176e-11
12370.00 3.334816e-11
12380.00 3.316534e-11
12390.00 3.298322e-11
12400.00 3.280204e-11
12410.00 3.262164e-11
12420.00 3.244194e-11
12430.00 3.226318e-11
12440.00 3.208517e-11
12450.00 3.190785e-11
12460.00 3.173148e-11
12470.00 3.155585e-11
12480.00 3.138091e-11
12490.00 3.120690e-11
12500.00 3.103362e-11
12510.00 3.086103e-11
12520.00 3.068938e-11
12530.00 3.051843e-11
12540.00 3.034817e-11
12550.00 3.017884e-11
12560.00 3.001020e-11
12570.00 2.984224e-11
12580.00 2.967523e-11
12590.00 2.950889e-11
12600.00 2.934322e-11
12610.00 2.917849e-11
12620.00 2.901442e-11
12630.00 2.885103e-11
12640.00 2.868854e-11
12650.00 2.852673e-11
12660.00 2.836559e-11
12670.00 2.820535e-11
12680.00 2.804576e-11
12690.00 2.788685e-11
12700.00 2.772882e-11
12710.00 2.757144e-11
12720.00 2.741474e-11
12730.00 2.725890e-11
12740.00 2.710371e-11
12750.00 2.694920e-11
12760.00 2.679554e-11
12770.00 2.664252e-11
12780.00 2.649018e-11
12790.00 2.633867e-11
12800.00 2.618779e-11
12810.00 2.603760e-11
12820.00 2.588822e-11
12830.00 2.573947e-11
12840.00 2.559140e-11
12850.00 2.544413e-11
12860.00 2.529748e-11
12870.00 2.515152e-11
12880.00 2.500634e-11
12890.00 2.486178e-11
12900.00 2.471790e-11
12910.00 2.457479e-11
12920.00 2.443228e-11
12930.00 2.429047e-11
12940.00 2.414941e-11
12950.00 2.400894e-11
12960.00 2.386918e-11
12970.00 2.373013e-11
12980.00 2.359170e-11
12990.00 2.345395e-11
13000.00 2.331691e-11
13010.00 2.318048e-11
13020.00 2.304473e-11
13030.00 2.290968e-11
13040.00 2.277522e-11
13050.00 2.264144e-11
13060.00 2.250836e-11
13070.00 2.237585e-11
13080.00 2.224405e-11
13090.00 2.211290e-11
13100.00 2.198233e-11
13110.00 2.185246e-11
13120.00 2.172325e-11
13130.00 2.159459e-11
13140.00 2.146664e-11
13150.00 2.133932e-11
13160.00 2.121257e-11
13170.00 2.108651e-11
13180.00 2.096108e-11
13190.00 2.083620e-11
13200.00 2.071201e-11
13210.00 2.058844e-11
13220.00 2.046542e-11
13230.00 2.034309e-11
13240.00 2.022136e-11
13250.00 2.010018e-11
13260.00 1.997968e-11
13270.00 1.985977e-11
13280.00 1.974040e-11
13290.00 1.962171e-11
13300.00 1.950360e-11
13310.00 1.938603e-11
13320.00 1.926914e-11
13330.00 1.915281e-11
13340.00 1.903701e-11
13350.00 1.892189e-11
13360.00 1.880732e-11
13370.00 1.869328e-11
13380.00 1.857991e-11
13390.00 1.846709e-11
13400.00 1.835478e-11
13410.00 1.824314e-11
13420.00 1.813203e-11
13430.00 1.802145e-11
13440.00 1.791152e-11
13450.00 1.780212e-11
13460.00 1.769322e-11
13470.00 1.758499e-11
13480.00 1.747726e-11
13490.00 1.737004e-11
13500.00 1.726348e-11
13510.00 1.715742e-11
13520.00 1.705186e-11
13530.00 1.694695e-11
13540.00 1.684253e-11
13550.00 1.673862e-11
13560.00 1.663533e-11
13570.00 1.653254e-11
13580.00 1.643024e-11
13590.00 1.632856e-11
13600.00 1.622737e-11
13610.00 1.612668e-11
13620.00 1.602659e-11
13630.00 1.592698e-11
13640.00 1.582788e-11
13650.00 1.572936e-11
13660.00 1.563132e-11
13670.00 1.553377e-11
13680.00 1.543681e-11
13690.00 1.534032e-11
13700.00 1.524431e-11
13710.00 1.514888e-11
13720.00 1.505391e-11
13730.00 1.495944e-11
13740.00 1.486552e-11
13750.00 1.477206e-11
13760.00 1.467910e-11
13770.00 1.458667e-11
13780.00 1.449470e-11
13790.00 1.440323e-11
13800.00 1.431228e-11
13810.00 1.422178e-11
13820.00 1.413178e-11
13830.00 1.404229e-11
13840.00 1.395324e-11
13850.00 1.386469e-11
13860.00 1.377665e-11
13870.00 1.368903e-11
13880.00 1.360191e-11
13890.00 1.351529e-11
13900.00 1.342909e-11
13910.00 1.334338e-11
13920.00 1.325816e-11
13930.00 1.317337e-11
13940.00 1.308906e-11
13950.00 1.300522e-11
13960.00 1.292181e-11
13970.00 1.283888e-11
13980.00 1.275641e-11
13990.00 1.267436e-11
14000.00 1.259279e-11
14010.00 1.251168e-11
14020.00 1.243097e-11
14030.00 1.235074e-11
14040.00 1.227096e-11
14050.00 1.219159e-11
14060.00 1.211268e-11
14070.00 1.203422e-11
14080.00 1.195616e-11
14090.00 1.187856e-11
14100.00 1.180139e-11
14110.00 1.172462e-11
14120.00 1.164832e-11
14130.00 1.157243e-11
14140.00 1.149694e-11
14150.00 1.142190e-11
14160.00 1.134728e-11
14170.00 1.127305e-11
14180.00 1.119928e-11
14190.00 1.112590e-11
14200.00 1.105291e-11
14210.00 1.098037e-11
14220.00 1.090823e-11
14230.00 1.083647e-11
14240.00 1.076516e-11
14250.00 1.069423e-11
14260.00 1.062367e-11
14270.00 1.055357e-11
14280.00 1.048384e-11
14290.00 1.041447e-11
14300.00 1.034557e-11
14310.00 1.027702e-11
14320.00 1.020882e-11
14330.00 1.014109e-11
14340.00 1.007370e-11
14350.00 1.000668e-11
14360.00 9.940100e-12
14370.00 9.873865e-12
14380.00 9.807985e-12
14390.00 9.742542e-12
14400.00 9.677448e-12
14410.00 9.612703e-12
14420.00 9.548375e-12
14430.00 9.484397e-12
14440.00 9.420768e-12
14450.00 9.357557e-12
14460.00 9.294676e-12
14470.00 9.232144e-12
14480.00 9.170030e-12
14490.00 9.108240e-12
14500.00 9.046793e-12
14510.00 8.985745e-12
14520.00 8.925027e-12
14530.00 8.864653e-12
14540.00 8.804671e-12
14550.00 8.745013e-12
14560.00 8.685686e-12
14570.00 8.626751e-12
14580.00 8.568135e-12
14590.00 8.509849e-12
14600.00 8.451943e-12
14610.00 8.394355e-12
14620.00 8.337097e-12
14630.00 8.280208e-12
14640.00 8.223630e-12
14650.00 8.167376e-12
14660.00 8.111490e-12
14670.00 8.055910e-12
14680.00 8.000660e-12
14690.00 7.945753e-12
14700.00 7.891158e-12
14710.00 7.836887e-12
14720.00 7.782959e-12
14730.00 7.729330e-12
14740.00 7.676025e-12
14750.00 7.623057e-12
14760.00 7.570382e-12
14770.00 7.518031e-12
14780.00 7.466004e-12
14790.00 7.414270e-12
14800.00 7.362861e-12
14810.00 7.311763e-12
14820.00 7.260958e-12
14830.00 7.210465e-12
14840.00 7.160290e-12
14850.00 7.110402e-12
14860.00 7.060819e-12
14870.00 7.011548e-12
14880.00 6.962551e-12
14890.00 6.913872e-12
14900.00 6.865493e-12
14910.00 6.817381e-12
14920.00 6.769582e-12
14930.00 6.722081e-12
14940.00 6.674843e-12
14950.00 6.627916e-12
14960.00 6.581276e-12
14970.00 6.534904e-12
14980.00 6.488831e-12
14990.00 6.443045e-12
15000.00 6.397514e-12
15010.00 6.352290e-12
15020.00 6.307339e-12
15030.00 6.262644e-12
15040.00 6.218247e-12
15050.00 6.174122e-12
15060.00 6.130249e-12
15070.00 6.086672e-12
15080.00 6.043359e-12
15090.00 6.000294e-12
15100.00 5.957524e-12
15110.00 5.915010e-12
15120.00 5.872743e-12
15130.00 5.830766e-12
15140.00 5.789040e-12
15150.00 5.747557e-12
15160.00 5.706362e-12
15170.00 5.665411e-12
15180.00 5.624699e-12
15190.00 5.584273e-12
15200.00 5.544086e-12
15210.00 5.504135e-12
15220.00 5.464466e-12
15230.00 5.425031e-12
15240.00 5.385827e-12
15250.00 5.346903e-12
15260.00 5.308208e-12
15270.00 5.269742e-12
15280.00 5.231551e-12
15290.00 5.193584e-12
15300.00 5.155844e-12
15310.00 5.118373e-12
15320.00 5.081123e-12
15330.00 5.044099e-12
15340.00 5.007336e-12
15350.00 4.970792e-12
15360.00 4.934470e-12
15370.00 4.898406e-12
15380.00 4.862556e-12
15390.00 4.826927e-12
15400.00 4.791549e-12
15410.00 4.756381e-12
15420.00 4.721435e-12
15430.00 4.686732e-12
15440.00 4.652237e-12
15450.00 4.617960e-12
15460.00 4.583921e-12
15470.00 4.550088e-12
15480.00 4.516470e-12
15490.00 4.483086e-12
15500.00 4.449904e-12
15510.00 4.416934e-12
15520.00 4.384194e-12
15530.00 4.351652e-12
15540.00 4.319320e-12
15550.00 4.287212e-12
15560.00 4.255300e-12
15570.00 4.223596e-12
15580.00 4.192111e-12
15590.00 4.160818e-12
15600.00 4.129732e-12
15610.00 4.098859e-12
15620.00 4.068176e-12
15630.00 4.037696e-12
15640.00 4.007426e-12
15650.00 3.977342e-12
15660.00 3.947460e-12
15670.00 3.917783e-12
15680.00 3.888287e-12
15690.00 3.858993e-12
15700.00 3.829898e-12
15710.00 3.800982e-12
15720.00 3.772265e-12
15730.00 3.743743e-12
15740.00 3.715398e-12
15750.00 3.687248e-12
15760.00 3.659289e-12
15770.00 3.631505e-12
15780.00 3.603913e-12
15790.00 3.576508e-12
15800.00 3.549274e-12
15810.00 3.522232e-12
15820.00 3.495372e-12
15830.00 3.468680e-12
15840.00 3.442177e-12
15850.00 3.415852e-12
15860.00 3.389693e-12
15870.00 3.363721e-12
15880.00 3.337921e-12
15890.00 3.312286e-12
15900.00 3.286835e-12
15910.00 3.261554e-12
15920.00 3.236433e-12
15930.00 3.211495e-12
15940.00 3.186722e-12
15950.00 3.162107e-12
15960.00 3.137672e-12
15970.00 3.113400e-12
15980.00 3.089282e-12
15990.00 3.065342e-12
16000.00 3.041560e-12
16010.00 3.017932e-12
16020.00 2.994478e-12
16030.00 2.971179e-12
16040.00 2.948031e-12
16050.00 2.925056e-12
16060.00 2.902231e-12
16070.00 2.879554e-12
16080.00 2.857049e-12
16090.00 2.834691e-12
16100.00 2.812478e-12
16110.00 2.790433e-12
16120.00 2.768533e-12
16130.00 2.746776e-12
16140.00 2.725186e-12
16150.00 2.703735e-12
16160.00 2.682427e-12
16170.00 2.661281e-12
16180.00 2.640273e-12
16190.00 2.619405e-12
16200.00 2.598695e-12
16210.00 2.578122e-12
16220.00 2.557687e-12
16230.00 2.537406e-12
16240.00 2.517260e-12
16250.00 2.497248e-12
16260.00 2.477390e-12
16270.00 2.457662e-12
16280.00 2.438069e-12
16290.00 2.418625e-12
16300.00 2.399309e-12
16310.00 2.380126e-12
16320.00 2.361087e-12
16330.00 2.342176e-12
16340.00 2.323396e-12
16350.00 2.304756e-12
16360.00 2.286242e-12
16370.00 2.267857e-12
16380.00 2.249611e-12
16390.00 2.231486e-12
16400.00 2.213489e-12
16410.00 2.195627e-12
16420.00 2.177886e-12
16430.00 2.160270e-12
16440.00 2.142787e-12
16450.00 2.125421e-12
16460.00 2.108180e-12
16470.00 2.091067e-12
16480.00 2.074071e-12
16490.00 2.057197e-12
16500.00 2.040449e-12
16510.00 2.023815e-12
16520.00 2.007301e-12
16530.00 1.990911e-12
16540.00 1.974633e-12
16550.00 1.958474e-12
16560.00 1.942435e-12
16570.00 1.926505e-12
16580.00 1.910694e-12
16590.00 1.895000e-12
16600.00 1.879413e-12
16610.00 1.863943e-12
16620.00 1.848587e-12
16630.00 1.833336e-12
16640.00 1.818201e-12
16650.00 1.803177e-12
16660.00 1.788257e-12
16670.00 1.773450e-12
16680.00 1.758752e-12
16690.00 1.744157e-12
16700.00 1.729671e-12
16710.00 1.715293e-12
16720.00 1.701015e-12
16730.00 1.686847e-12
16740.00 1.672783e-12
16750.00 1.658817e-12
16760.00 1.644959e-12
16770.00 1.631203e-12
16780.00 1.617543e-12
16790.00 1.603989e-12
16800.00 1.590535e-12
16810.00 1.577175e-12
16820.00 1.563921e-12
16830.00 1.550763e-12
16840.00 1.537698e-12
16850.00 1.524737e-12
16860.00 1.511869e-12
16870.00 1.499093e-12
16880.00 1.486419e-12
16890.00 1.473837e-12
16900.00 1.461345e-12
16910.00 1.448953e-12
16920.00 1.436651e-12
16930.00 1.424436e-12
16940.00 1.412321e-12
16950.00 1.400293e-12
16960.00 1.388351e-12
16970.00 1.376507e-12
16980.00 1.364748e-12
16990.00 1.353074e-12
17000.00 1.341496e-12
17010.00 1.330001e-12
17020.00 1.318589e-12
17030.00 1.307271e-12
17040.00 1.296035e-12
17050.00 1.284881e-12
17060.00 1.273819e-12
17070.00 1.262837e-12
17080.00 1.251935e-12
17090.00 1.241123e-12
17100.00 1.230390e-12
17110.00 1.219735e-12
17120.00 1.209169e-12
17130.00 1.198680e-12
17140.00 1.188269e-12
17150.00 1.177943e-12
17160.00 1.167693e-12
17170.00 1.157519e-12
17180.00 1.147429e-12
17190.00 1.137414e-12
17200.00 1.127473e-12
17210.00 1.117615e-12
17220.00 1.107828e-12
17230.00 1.098116e-12
17240.00 1.088485e-12
17250.00 1.078924e-12
17260.00 1.069437e-12
17270.00 1.060026e-12
17280.00 1.050686e-12
17290.00 1.041418e-12
17300.00 1.032226e-12
17310.00 1.023103e-12
17320.00 1.014049e-12
17330.00 1.005071e-12
17340.00 9.961590e-13
17350.00 9.873167e-13
17360.00 9.785466e-13
17370.00 9.698427e-13
17380.00 9.612073e-13
17390.00 9.526424e-13
17400.00 9.441417e-13
17410.00 9.357089e-13
17420.00 9.273447e-13
17430.00 9.190435e-13
17440.00 9.108084e-13
17450.00 9.026412e-13
17460.00 8.945352e-13
17470.00 8.864946e-13
17480.00 8.785194e-13
17490.00 8.706048e-13
17500.00 8.627549e-13
17510.00 8.549681e-13
17520.00 8.472411e-13
17530.00 8.395776e-13
17540.00 8.319753e-13
17550.00 8.244322e-13
17560.00 8.169509e-13
17570.00 8.095300e-13
17580.00 8.021664e-13
17590.00 7.948640e-13
17600.00 7.876201e-13
17610.00 7.804324e-13
17620.00 7.733052e-13
17630.00 7.662353e-13
17640.00 7.592196e-13
17650.00 7.522638e-13
17660.00 7.453641e-13
17670.00 7.385174e-13
17680.00 7.317293e-13
17690.00 7.249954e-13
17700.00 7.183146e-13
17710.00 7.116904e-13
17720.00 7.051199e-13
17730.00 6.986005e-13
17740.00 6.921373e-13
17750.00 6.857263e-13
17760.00 6.793653e-13
17770.00 6.730598e-13
17780.00 6.668047e-13
17790.00 6.605989e-13
17800.00 6.544473e-13
17810.00 6.483450e-13
17820.00 6.422914e-13
17830.00 6.362907e-13
17840.00 6.303380e-13
17850.00 6.244327e-13
17860.00 6.185794e-13
17870.00 6.127732e-13
17880.00 6.070133e-13
17890.00 6.013046e-13
17900.00 5.956416e-13
17910.00 5.900239e-13
17920.00 5.844566e-13
17930.00 5.789339e-13
17940.00 5.734557e-13
17950.00 5.680265e-13
17960.00 5.626410e-13
17970.00 5.572992e-13
17980.00 5.520052e-13
17990.00 5.467538e-13
18000.00 5.415455e-13
18010.00 5.363837e-13
18020.00 5.312637e-13
18030.00 5.261858e-13
18040.00 5.211534e-13
18050.00 5.161619e-13
18060.00 5.112117e-13
18070.00 5.063059e-13
18080.00 5.014400e-13
18090.00 4.966148e-13
18100.00 4.918327e-13
18110.00 4.870897e-13
18120.00 4.823866e-13
18130.00 4.777256e-13
18140.00 4.731029e-13
18150.00 4.685193e-13
18160.00 4.639766e-13
18170.00 4.594714e-13
18180.00 4.550047e-13
18190.00 4.505778e-13
18200.00 4.461875e-13
18210.00 4.418351e-13
18220.00 4.375214e-13
18230.00 4.332435e-13
18240.00 4.290028e-13
18250.00 4.247997e-13
18260.00 4.206318e-13
18270.00 4.165002e-13
18280.00 4.124054e-13
18290.00 4.083449e-13
18300.00 4.043201e-13
18310.00 4.003311e-13
18320.00 3.963756e-13
18330.00 3.924551e-13
18340.00 3.885695e-13
18350.00 3.847168e-13
18360.00 3.808983e-13
18370.00 3.771138e-13
18380.00 3.733613e-13
18390.00 3.696425e-13
18400.00 3.659568e-13
18410.00 3.623024e-13
18420.00 3.586810e-13
18430.00 3.550918e-13
18440.00 3.515333e-13
18450.00 3.480071e-13
18460.00 3.445123e-13
18470.00 3.410474e-13
18480.00 3.376142e-13
18490.00 3.342116e-13
18500.00 3.308382e-13
18510.00 3.274959e-13
18520.00 3.241834e-13
18530.00 3.208994e-13
18540.00 3.176460e-13
18550.00 3.144214e-13
18560.00 3.112248e-13
18570.00 3.080580e-13
18580.00 3.049193e-13
18590.00 3.018081e-13
18600.00 2.987260e-13
18610.00 2.956714e-13
18620.00 2.926434e-13
18630.00 2.896441e-13
18640.00 2.866715e-13
18650.00 2.837249e-13
18660.00 2.808063e-13
18670.00 2.779138e-13
18680.00 2.750467e-13
18690.00 2.722071e-13
18700.00 2.693928e-13
18710.00 2.666034e-13
18720.00 2.638408e-13
18730.00 2.611029e-13
18740.00 2.583891e-13
18750.00 2.557018e-13
18760.00 2.530385e-13
18770.00 2.503988e-13
18780.00 2.477849e-13
18790.00 2.451944e-13
18800.00 2.426269e-13
18810.00 2.400847e-13
18820.00 2.375652e-13
18830.00 2.350684e-13
18840.00 2.325960e-13
18850.00 2.301460e-13
18860.00 2.277181e-13
18870.00 2.253140e-13
18880.00 2.229315e-13
18890.00 2.205709e-13
18900.00 2.182334e-13
18910.00 2.159171e-13
18920.00 2.136220e-13
18930.00 2.113495e-13
18940.00 2.090977e-13
18950.00 2.068667e-13
18960.00 2.046576e-13
18970.00 2.024687e-13
18980.00 2.003001e-13
18990.00 1.981529e-13
19000.00 1.960254e-13
19010.00 1.939178e-13
19020.00 1.918309e-13
19030.00 1.897633e-13
19040.00 1.877152e-13
19050.00 1.856873e-13
19060.00 1.836780e-13
19070.00 1.816879e-13
19080.00 1.797174e-13
19090.00 1.777652e-13
19100.00 1.758317e-13
19110.00 1.739171e-13
19120.00 1.720205e-13
19130.00 1.701421e-13
19140.00 1.682823e-13
19150.00 1.664398e-13
19160.00 1.646152e-13
19170.00 1.628087e-13
19180.00 1.610191e-13
19190.00 1.592470e-13
19200.00 1.574924e-13
19210.00 1.557543e-13
19220.00 1.540333e-13
19230.00 1.523294e-13
19240.00 1.506415e-13
19250.00 1.489704e-13
19260.00 1.473158e-13
19270.00 1.456770e-13
19280.00 1.440545e-13
19290.00 1.424481e-13
19300.00 1.408570e-13
19310.00 1.392818e-13
19320.00 1.377223e-13
19330.00 1.361777e-13
19340.00 1.346487e-13
19350.00 1.331349e-13
19360.00 1.316357e-13
19370.00 1.301517e-13
19380.00 1.286825e-13
19390.00 1.272275e-13
19400.00 1.257873e-13
19410.00 1.243615e-13
19420.00 1.229495e-13
19430.00 1.215520e-13
19440.00 1.201685e-13
19450.00 1.187985e-13
19460.00 1.174426e-13
19470.00 1.161004e-13
19480.00 1.147712e-13
19490.00 1.134559e-13
19500.00 1.121537e-13
19510.00 1.108643e-13
19520.00 1.095884e-13
19530.00 1.083254e-13
19540.00 1.070748e-13
19550.00 1.058374e-13
19560.00 1.046125e-13
19570.00 1.033995e-13
19580.00 1.021996e-13
19590.00 1.010117e-13
19600.00 9.983560e-14
19610.00 9.867213e-14
19620.00 9.752024e-14
19630.00 9.638002e-14
19640.00 9.525195e-14
19650.00 9.413530e-14
19660.00 9.302986e-14
19670.00 9.193634e-14
19680.00 9.085391e-14
19690.00 8.978239e-14
19700.00 8.872252e-14
19710.00 8.767339e-14
19720.00 8.663491e-14
19730.00 8.560778e-14
19740.00 8.459106e-14
19750.00 8.358469e-14
19760.00 8.258936e-14
19770.00 8.160419e-14
19780.00 8.062918e-14
19790.00 7.966477e-14
19800.00 7.871027e-14
19810.00 7.776568e-14
19820.00 7.683145e-14
19830.00 7.590681e-14
19840.00 7.499184e-14
19850.00 7.408690e-14
19860.00 7.319132e-14
19870.00 7.230515e-14
19880.00 7.142877e-14
19890.00 7.056143e-14
19900.00 6.970332e-14
19910.00 6.885462e-14
19920.00 6.801477e-14
19930.00 6.718390e-14
19940.00 6.636220e-14
19950.00 6.554910e-14
19960.00 6.474473e-14
19970.00 6.394921e-14
19980.00 6.316211e-14
19990.00 6.238348e-14
20000.00 6.161349e-14
20010.00 6.085163e-14
20020.00 6.009808e-14
20030.00 5.935287e-14
20040.00 5.861559e-14
20050.00 5.788638e-14
20060.00 5.716527e-14
20070.00 5.645185e-14
20080.00 5.574631e-14
20090.00 5.504861e-14
20100.00 5.435842e-14
20110.00 5.367588e-14
20120.00 5.300094e-14
20130.00 5.233329e-14
20140.00 5.167311e-14
20150.00 5.102029e-14
20160.00 5.037455e-14
20170.00 4.973607e-14
20180.00 4.910475e-14
20190.00 4.848029e-14
20200.00 4.786291e-14
20210.00 4.725245e-14
20220.00 4.664868e-14
20230.00 4.605179e-14
20240.00 4.546162e-14
20250.00 4.487793e-14
20260.00 4.430093e-14
20270.00 4.373045e-14
20280.00 4.316627e-14
20290.00 4.260860e-14
20300.00 4.205724e-14
20310.00 4.151200e-14
20320.00 4.097310e-14
20330.00 4.044030e-14
20340.00 3.991345e-14
20350.00 3.939276e-14
20360.00 3.887800e-14
20370.00 3.836900e-14
20380.00 3.786599e-14
20390.00 3.736872e-14
20400.00 3.687706e-14
20410.00 3.639121e-14
20420.00 3.591092e-14
20430.00 3.543607e-14
20440.00 3.496689e-14
20450.00 3.450307e-14
20460.00 3.404454e-14
20470.00 3.359152e-14
20480.00 3.314369e-14
20490.00 3.270100e-14
20500.00 3.226365e-14
20510.00 3.183134e-14
20520.00 3.140401e-14
20530.00 3.098186e-14
20540.00 3.056461e-14
20550.00 3.015217e-14
20560.00 2.974478e-14
20570.00 2.934212e-14
20580.00 2.894414e-14
20590.00 2.855104e-14
20600.00 2.816253e-14
20610.00 2.777857e-14
20620.00 2.739935e-14
20630.00 2.702455e-14
20640.00 2.665419e-14
20650.00 2.628840e-14
20660.00 2.592691e-14
20670.00 2.556973e-14
20680.00 2.521696e-14
20690.00 2.486837e-14
20700.00 2.452396e-14
20710.00 2.418382e-14
20720.00 2.384773e-14
20730.00 2.351569e-14
20740.00 2.318778e-14
20750.00 2.286380e-14
20760.00 2.254376e-14
20770.00 2.222770e-14
20780.00 2.191546e-14
20790.00 2.160703e-14
20800.00 2.130246e-14
20810.00 2.100159e-14
20820.00 2.070441e-14
20830.00 2.041097e-14
20840.00 2.012111e-14
20850.00 1.983483e-14
20860.00 1.955216e-14
20870.00 1.927295e-14
20880.00 1.899723e-14
20890.00 1.872499e-14
20900.00 1.845611e-14
20910.00 1.819060e-14
20920.00 1.792847e-14
20930.00 1.766958e-14
20940.00 1.741397e-14
20950.00 1.716161e-14
20960.00 1.691240e-14
20970.00 1.666635e-14
20980.00 1.642346e-14
20990.00 1.618360e-14
21000.00 1.594682e-14
21010.00 1.571309e-14
21020.00 1.548229e-14
21030.00 1.525447e-14
21040.00 1.502960e-14
21050.00 1.480757e-14
21060.00 1.458842e-14
21070.00 1.437211e-14
21080.00 1.415856e-14
21090.00 1.394780e-14
21100.00 1.373978e-14
21110.00 1.353442e-14
21120.00 1.333177e-14
21130.00 1.313177e-14
21140.00 1.293434e-14
21150.00 1.273953e-14
21160.00 1.254727e-14
21170.00 1.235751e-14
21180.00 1.217027e-14
21190.00 1.198551e-14
21200.00 1.180315e-14
21210.00 1.162325e-14
21220.00 1.144573e-14
21230.00 1.127052e-14
21240.00 1.109770e-14
21250.00 1.092717e-14
21260.00 1.075889e-14
21270.00 1.059289e-14
21280.00 1.042913e-14
21290.00 1.026752e-14
21300.00 1.010814e-14
21310.00 9.950898e-15
21320.00 9.795753e-15
21330.00 9.642753e-15
21340.00 9.491816e-15
21350.00 9.342899e-15
21360.00 9.196065e-15
21370.00 9.051207e-15
21380.00 8.908313e-15
21390.00 8.767426e-15
21400.00 8.628447e-15
21410.00 8.491357e-15
21420.00 8.356206e-15
21430.00 8.222907e-15
21440.00 8.091422e-15
21450.00 7.961813e-15
21460.00 7.833981e-15
21470.00 7.707914e-15
21480.00 7.583642e-15
21490.00 7.461097e-15
21500.00 7.340242e-15
21510.00 7.221132e-15
21520.00 7.103675e-15
21530.00 6.987857e-15
21540.00 6.873716e-15
21550.00 6.761165e-15
21560.00 6.650204e-15
21570.00 6.540857e-15
21580.00 6.433045e-15
21590.00 6.326766e-15
21600.00 6.222036e-15
21610.00 6.118790e-15
21620.00 6.017020e-15
21630.00 5.916743e-15
21640.00 5.817897e-15
21650.00 5.720475e-15
21660.00 5.624489e-15
21670.00 5.529881e-15
21680.00 5.436648e-15
21690.00 5.344795e-15
21700.00 5.254270e-15
21710.00 5.165071e-15
21720.00 5.077200e-15
21730.00 4.990607e-15
21740.00 4.905292e-15
21750.00 4.821255e-15
21760.00 4.738449e-15
21770.00 4.656873e-15
21780.00 4.576527e-15
21790.00 4.497366e-15
21800.00 4.419390e-15
21810.00 4.342596e-15
21820.00 4.266942e-15
21830.00 4.192431e-15
21840.00 4.119054e-15
21850.00 4.046775e-15
21860.00 3.975596e-15
21870.00 3.905508e-15
21880.00 3.836474e-15
21890.00 3.768501e-15
21900.00 3.701575e-15
21910.00 3.635664e-15
21920.00 3.570772e-15
21930.00 3.506886e-15
21940.00 3.443976e-15
21950.00 3.382048e-15
21960.00 3.321084e-15
21970.00 3.261060e-15
21980.00 3.201978e-15
21990.00 3.143823e-15
22000.00 3.086570e-15
22010.00 3.030225e-15
22020.00 2.974768e-15
22030.00 2.920178e-15
22040.00 2.866460e-15
22050.00 2.813595e-15
22060.00 2.761562e-15
22070.00 2.710368e-15
22080.00 2.659991e-15
22090.00 2.610413e-15
22100.00 2.561642e-15
22110.00 2.513654e-15
22120.00 2.466433e-15
22130.00 2.419986e-15
22140.00 2.374290e-15
22150.00 2.329331e-15
22160.00 2.285115e-15
22170.00 2.241618e-15
22180.00 2.198828e-15
22190.00 2.156750e-15
22200.00 2.115364e-15
22210.00 2.074654e-15
22220.00 2.034628e-15
22230.00 1.995263e-15
22240.00 1.956548e-15
22250.00 1.918489e-15
22260.00 1.881063e-15
22270.00 1.844259e-15
22280.00 1.808084e-15
22290.00 1.772515e-15
22300.00 1.737542e-15
22310.00 1.703172e-15
22320.00 1.669383e-15
22330.00 1.636164e-15
22340.00 1.603524e-15
22350.00 1.571437e-15
22360.00 1.539898e-15
22370.00 1.508912e-15
22380.00 1.478457e-15
22390.00 1.448526e-15
22400.00 1.419123e-15
22410.00 1.390228e-15
22420.00 1.361835e-15
22430.00 1.333948e-15
22440.00 1.306546e-15
22450.00 1.279624e-15
22460.00 1.253186e-15
22470.00 1.227212e-15
22480.00 1.201697e-15
22490.00 1.176643e-15
22500.00 1.152034e-15
22510.00 1.127864e-15
22520.00 1.104134e-15
22530.00 1.080828e-15
22540.00 1.057943e-15
22550.00 1.035478e-15
22560.00 1.013418e-15
22570.00 9.917600e-16
22580.00 9.705023e-16
22590.00 9.496317e-16
22600.00 9.291446e-16
22610.00 9.090397e-16
22620.00 8.893044e-16
22630.00 8.699358e-16
22640.00 8.509312e-16
22650.00 8.322789e-16
22660.00 8.139764e-16
22670.00 7.960211e-16
22680.00 7.784012e-16
22690.00 7.611161e-16
22700.00 7.441608e-16
22710.00 7.275266e-16
22720.00 7.112104e-16
22730.00 6.952090e-16
22740.00 6.795124e-16
22750.00 6.641201e-16
22760.00 6.490265e-16
22770.00 6.342240e-16
22780.00 6.197111e-16
22790.00 6.054826e-16
22800.00 5.915313e-16
22810.00 5.778553e-16
22820.00 5.644500e-16
22830.00 5.513084e-16
22840.00 5.384291e-16
22850.00 5.258070e-16
22860.00 5.134357e-16
22870.00 5.013138e-16
22880.00 4.894365e-16
22890.00 4.777975e-16
22900.00 4.663958e-16
22910.00 4.552262e-16
22920.00 4.442833e-16
22930.00 4.335657e-16
22940.00 4.230685e-16
22950.00 4.127866e-16
22960.00 4.027188e-16
22970.00 3.928601e-16
22980.00 3.832057e-16
22990.00 3.737546e-16
23000.00 3.645018e-16
23010.00 3.554428e-16
23020.00 3.465768e-16
23030.00 3.378987e-16
23040.00 3.294043e-16
23050.00 3.210930e-16
23060.00 3.129596e-16
23070.00 3.050005e-16
23080.00 2.972149e-16
23090.00 2.895977e-16
23100.00 2.821456e-16
23110.00 2.748577e-16
23120.00 2.677294e-16
23130.00 2.607572e-16
23140.00 2.539406e-16
23150.00 2.472748e-16
23160.00 2.407568e-16
23170.00 2.343860e-16
23180.00 2.281577e-16
23190.00 2.220691e-16
23200.00 2.161197e-16
23210.00 2.103049e-16
23220.00 2.046222e-16
23230.00 1.990710e-16
23240.00 1.936468e-16
23250.00 1.883474e-16
23260.00 1.831720e-16
23270.00 1.781166e-16
23280.00 1.731790e-16
23290.00 1.683582e-16
23300.00 1.636507e-16
23310.00 1.590543e-16
23320.00 1.545679e-16
23330.00 1.501883e-16
23340.00 1.459135e-16
23350.00 1.417423e-16
23360.00 1.376716e-16
23370.00 1.336996e-16
23380.00 1.298252e-16
23390.00 1.260453e-16
23400.00 1.223583e-16
23410.00 1.187630e-16
23420.00 1.152566e-16
23430.00 1.118377e-16
23440.00 1.085048e-16
23450.00 1.052556e-16
23460.00 1.020884e-16
23470.00 9.900218e-17
23480.00 9.599442e-17
23490.00 9.306372e-17
23500.00 9.020889e-17
23510.00 8.742769e-17
23520.00 8.471887e-17
23530.00 8.208106e-17
23540.00 7.951227e-17
23550.00 7.701137e-17
23560.00 7.457693e-17
23570.00 7.220721e-17
23580.00 6.990095e-17
23590.00 6.765691e-17
23600.00 6.547341e-17
23610.00 6.334933e-17
23620.00 6.128340e-17
23630.00 5.927402e-17
23640.00 5.732020e-17
23650.00 5.542068e-17
23660.00 5.357397e-17
23670.00 5.177912e-17
23680.00 5.003494e-17
23690.00 4.834003e-17
23700.00 4.669349e-17
23710.00 4.509416e-17
23720.00 4.354074e-17
23730.00 4.203239e-17
23740.00 4.056798e-17
23750.00 3.914633e-17
23760.00 3.776661e-17
23770.00 3.642776e-17
23780.00 3.512865e-17
23790.00 3.386853e-17
23800.00 3.264636e-17
23810.00 3.146111e-17
23820.00 3.031206e-17
23830.00 2.919820e-17
23840.00 2.811859e-17
23850.00 2.707255e-17
23860.00 2.605911e-17
23870.00 2.507741e-17
23880.00 2.412678e-17
23890.00 2.320634e-17
23900.00 2.231524e-17
23910.00 2.145288e-17
23920.00 2.061842e-17
23930.00 1.981106e-17
23940.00 1.903025e-17
23950.00 1.827517e-17
23960.00 1.754510e-17
23970.00 1.683951e-17
23980.00 1.615763e-17
23990.00 1.549879e-17
24000.00 1.486248e-17
24010.00 1.424798e-17
24020.00 1.365467e-17
24030.00 1.308207e-17
24040.00 1.252950e-17
24050.00 1.199639e-17
24060.00 1.148228e-17
24070.00 1.098654e-17
24080.00 1.050863e-17
24090.00 1.004812e-17
24100.00 9.604429e-18
24110.00 9.177050e-18
24120.00 8.765587e-18
24130.00 8.369473e-18
24140.00 7.988266e-18
24150.00 7.621573e-18
24160.00 7.268882e-18
24170.00 6.929764e-18
24180.00 6.603869e-18
24190.00 6.290712e-18
24200.00 5.989911e-18
24210.00 5.701110e-18
24220.00 5.423879e-18
24230.00 5.157855e-18
24240.00 4.902710e-18
24250.00 4.658047e-18
24260.00 4.423530e-18
24270.00 4.198846e-18
24280.00 3.983636e-18
24290.00 3.777587e-18
24300.00 3.580408e-18
24310.00 3.391767e-18
24320.00 3.211375e-18
24330.00 3.038962e-18
24340.00 2.874223e-18
24350.00 2.716894e-18
24360.00 2.566718e-18
24370.00 2.423421e-18
24380.00 2.286759e-18
24390.00 2.156493e-18
24400.00 2.032373e-18
24410.00 1.914173e-18
24420.00 1.801674e-18
24430.00 1.694647e-18
24440.00 1.592887e-18
24450.00 1.496190e-18
24460.00 1.404349e-18
24470.00 1.317174e-18
24480.00 1.234479e-18
24490.00 1.156076e-18
24500.00 1.081793e-18
24510.00 1.011459e-18
24520.00 9.449023e-19
24530.00 8.819658e-19
24540.00 8.224952e-19
24550.00 7.663350e-19
24560.00 7.133432e-19
24570.00 6.633782e-19
24580.00 6.163001e-19
24590.00 5.719807e-19
24600.00 5.302918e-19
24610.00 4.911079e-19
24620.00 4.543129e-19
24630.00 4.197913e-19
24640.00 3.874308e-19
24650.00 3.571270e-19
24660.00 3.287764e-19
24670.00 3.022786e-19
24680.00 2.775403e-19
24690.00 2.544687e-19
24700.00 2.329750e-19
24710.00 2.129757e-19
24720.00 1.943887e-19
24730.00 1.771351e-19
24740.00 1.611410e-19
24750.00 1.463338e-19
24760.00 1.326442e-19
24770.00 1.200069e-19
24780.00 1.083582e-19
24790.00 9.763733e-20
24800.00 8.778717e-20
24810.00 7.875216e-20
24820.00 7.047939e-20
24830.00 6.291927e-20
24840.00 5.602351e-20
24850.00 4.974660e-20
24860.00 4.404565e-20
24870.00 3.887926e-20
24880.00 3.420842e-20
24890.00 2.999644e-20
24900.00 2.620814e-20
24910.00 2.281042e-20
24920.00 1.977226e-20
24930.00 1.706403e-20
24940.00 1.465800e-20
24950.00 1.252824e-20
24960.00 1.065013e-20
24970.00 9.000739e-21
24980.00 7.558686e-21
24990.00 6.303848e-21
25000.00 5.217541e-21
