1000.00 1.615087e-37
1010.00 2.024585e-30
1020.00 3.912056e-29
1030.00 2.476731e-28
1040.00 9.707336e-28
1050.00 2.925877e-27
1060.00 7.535606e-27
1070.00 1.692816e-26
1080.00 3.589271e-26
1090.00 6.955955e-26
1100.00 1.298749e-25
1110.00 2.300842e-25
1120.00 3.930313e-25
1130.00 6.555995e-25
1140.00 1.047653e-24
1150.00 1.674585e-24
1160.00 2.569715e-24
1170.00 3.931682e-24
1180.00 5.864358e-24
1190.00 8.629233e-24
1200.00 1.259258e-23
1210.00 1.791679e-23
1220.00 2.570340e-23
1230.00 3.584847e-23
1240.00 5.025203e-23
1250.00 6.918075e-23
1260.00 9.465469e-23
1270.00 1.289477e-22
1280.00 1.725647e-22
1290.00 2.331020e-22
1300.00 3.079326e-22
1310.00 4.100454e-22
1320.00 5.379092e-22
1330.00 7.038213e-22
1340.00 9.180186e-22
1350.00 1.181487e-21
1360.00 1.533906e-21
1370.00 1.954603e-21
1380.00 2.513772e-21
1390.00 3.190192e-21
1400.00 4.046666e-21
1410.00 5.118454e-21
1420.00 6.407458e-21
1430.00 8.082824e-21
1440.00 1.003317e-20
1450.00 1.257653e-20
1460.00 1.557247e-20
1470.00 1.929947e-20
1480.00 2.384907e-20
1490.00 2.923366e-20
1500.00 3.606859e-20
1510.00 4.387478e-20
1520.00 5.390660e-20
1530.00 6.547229e-20
1540.00 7.966888e-20
1550.00 9.664505e-20
1560.00 1.164986e-19
1570.00 1.411961e-19
1580.00 1.689800e-19
1590.00 2.042706e-19
1600.00 2.442324e-19
1610.00 2.927712e-19
1620.00 3.497982e-19
1630.00 4.158836e-19
1640.00 4.966544e-19
1650.00 5.864070e-19
1660.00 6.993187e-19
1670.00 8.252209e-19
1680.00 9.768521e-19
1690.00 1.152273e-18
1700.00 1.354102e-18
1710.00 1.596942e-18
1720.00 1.864026e-18
1730.00 2.197325e-18
1740.00 2.563994e-18
1750.00 3.002517e-18
1760.00 3.502942e-18
1770.00 4.075387e-18
1780.00 4.754491e-18
1790.00 5.495954e-18
1800.00 6.412502e-18
1810.00 7.409981e-18
1820.00 8.595947e-18
1830.00 9.932762e-18
1840.00 1.145480e-17
1850.00 1.323738e-17
1860.00 1.517706e-17
1870.00 1.754248e-17
1880.00 2.009795e-17
1890.00 2.312120e-17
1900.00 2.649109e-17
1910.00 3.031299e-17
1920.00 3.473677e-17
1930.00 3.953767e-17
1940.00 4.531948e-17
1950.00 5.152565e-17
1960.00 5.883648e-17
1970.00 6.690242e-17
1980.00 7.602065e-17
1990.00 8.646072e-17
2000.00 9.776719e-17
2010.00 1.112265e-16
2020.00 1.255909e-16
2030.00 1.424494e-16
2040.00 1.608737e-16
2050.00 1.816450e-16
2060.00 2.051885e-16
2070.00 2.306438e-16
2080.00 2.606196e-16
2090.00 2.924461e-16
2100.00 3.296778e-16
2110.00 3.700109e-16
2120.00 4.153761e-16
2130.00 4.663140e-16
2140.00 5.213156e-16
2150.00 5.854318e-16
2160.00 6.531874e-16
2170.00 7.322243e-16
2180.00 8.171429e-16
2190.00 9.124668e-16
2200.00 1.018559e-15
2210.00 1.132994e-15
2220.00 1.265127e-15
2230.00 1.404162e-15
2240.00 1.565939e-15
2250.00 1.738412e-15
2260.00 1.931687e-15
2270.00 2.145012e-15
2280.00 2.374922e-15
2290.00 2.638014e-15
2300.00 2.913744e-15
2310.00 3.233864e-15
2320.00 3.572657e-15
2330.00 3.951754e-15
2340.00 4.366887e-15
2350.00 4.813999e-15
2360.00 5.321307e-15
2370.00 5.851010e-15
2380.00 6.464784e-15
2390.00 7.109835e-15
2400.00 7.830715e-15
2410.00 8.614214e-15
2420.00 9.457632e-15
2430.00 1.040689e-14
2440.00 1.139459e-14
2450.00 1.253706e-14
2460.00 1.372978e-14
2470.00 1.506122e-14
2480.00 1.649800e-14
2490.00 1.804400e-14
2500.00 1.977065e-14
2510.00 2.156129e-14
2520.00 2.362931e-14
2530.00 2.577449e-14
2540.00 2.816689e-14
2550.00 3.073089e-14
2560.00 3.348890e-14
2570.00 3.654655e-14
2580.00 3.971486e-14
2590.00 4.335310e-14
2600.00 4.711134e-14
2610.00 5.129928e-14
2620.00 5.575797e-14
2630.00 6.055284e-14
2640.00 6.583115e-14
2650.00 7.130240e-14
2660.00 7.753762e-14
2670.00 8.395901e-14
2680.00 9.110958e-14
2690.00 9.867368e-14
2700.00 1.068066e-13
2710.00 1.156985e-13
2720.00 1.249188e-13
2730.00 1.353502e-13
2740.00 1.460613e-13
2750.00 1.579817e-13
2760.00 1.705129e-13
2770.00 1.839847e-13
2780.00 1.986165e-13
2790.00 2.137937e-13
2800.00 2.308447e-13
2810.00 2.483017e-13
2820.00 2.677202e-13
2830.00 2.880095e-13
2840.00 3.098195e-13
2850.00 3.333553e-13
2860.00 3.577764e-13
2870.00 3.850269e-13
2880.00 4.128460e-13
2890.00 4.437786e-13
2900.00 4.759044e-13
2910.00 5.104362e-13
2920.00 5.474667e-13
2930.00 5.859010e-13
2940.00 6.285069e-13
2950.00 6.718758e-13
2960.00 7.200845e-13
2970.00 7.698556e-13
2980.00 8.233524e-13
2990.00 8.803667e-13
3000.00 9.395568e-13
3010.00 1.004751e-12
3020.00 1.070920e-12
3030.00 1.144459e-12
3040.00 1.219929e-12
3050.00 1.301050e-12
3060.00 1.386977e-12
3070.00 1.476201e-12
3080.00 1.573861e-12
3090.00 1.672685e-12
3100.00 1.782505e-12
3110.00 1.894536e-12
3120.00 2.014961e-12
3130.00 2.141744e-12
3140.00 2.273412e-12
3150.00 2.416640e-12
3160.00 2.561126e-12
3170.00 2.721695e-12
3180.00 2.884502e-12
3190.00 3.059520e-12
3200.00 3.242654e-12
3210.00 3.432861e-12
3220.00 3.638500e-12
3230.00 3.845279e-12
3240.00 4.075107e-12
3250.00 4.306690e-12
3260.00 4.555667e-12
3270.00 4.814580e-12
3280.00 4.707772e-12
3290.00 3.828904e-12
3300.00 5.662034e-12
3310.00 5.949093e-13
3320.00 2.875418e-12
3330.00 2.114946e-12
3340.00 4.714629e-12
3350.00 5.373441e-12
3360.00 3.795694e-12
3370.00 6.588576e-12
3380.00 7.197323e-12
3390.00 3.125459e-12
3400.00 3.135560e-12
3410.00 6.766072e-12
3420.00 4.853744e-12
3430.00 3.262580e-12
3440.00 3.493010e-12
3450.00 1.816096e-12
3460.00 8.702525e-12
3470.00 9.738240e-12
3480.00 1.339879e-11
3490.00 1.639762e-11
3500.00 1.688897e-11
3510.00 2.846378e-11
3520.00 3.447318e-11
3530.00 2.985850e-11
3540.00 2.432057e-11
3550.00 2.766942e-11
3560.00 3.380973e-11
3570.00 3.412175e-11
3580.00 3.500644e-11
3590.00 3.902552e-11
3600.00 3.747887e-11
3610.00 4.703792e-11
3620.00 5.281325e-11
3630.00 5.859432e-11
3640.00 5.843996e-11
3650.00 5.561066e-11
3660.00 5.141413e-11
3670.00 5.933121e-11
3680.00 7.421427e-11
3690.00 7.726181e-11
3700.00 6.202429e-11
3710.00 6.892089e-11
3720.00 6.980282e-11
3730.00 6.426555e-11
3740.00 7.017172e-11
3750.00 7.407094e-11
3760.00 4.945153e-11
3770.00 4.027744e-11
3780.00 4.575275e-11
3790.00 3.205042e-11
3800.00 2.210644e-11
3810.00 3.189545e-11
3820.00 2.501484e-11
3830.00 2.275129e-11
3840.00 2.292365e-11
3850.00 4.113450e-11
3860.00 5.016004e-11
3870.00 5.098921e-11
3880.00 7.196618e-11
3890.00 6.652536e-11
3900.00 7.372830e-11
3910.00 8.420153e-11
3920.00 8.130693e-11
3930.00 9.436491e-11
3940.00 1.041526e-10
3950.00 1.255579e-10
3960.00 1.474064e-10
3970.00 1.662439e-10
3980.00 1.747334e-10
3990.00 1.754776e-10
4000.00 1.719757e-10
4010.00 1.654694e-10
4020.00 1.553528e-10
4030.00 1.329697e-10
4040.00 1.107729e-10
4050.00 1.106128e-10
4060.00 1.006048e-10
4070.00 9.677373e-11
4080.00 8.480079e-11
4090.00 8.403488e-11
4100.00 7.354756e-11
4110.00 7.466864e-11
4120.00 8.818455e-11
4130.00 6.959235e-11
4140.00 5.876421e-11
4150.00 6.948617e-11
4160.00 7.219536e-11
4170.00 5.710909e-11
4180.00 6.539829e-11
4190.00 6.118647e-11
4200.00 5.435543e-11
4210.00 7.264244e-11
4220.00 6.567865e-11
4230.00 6.897925e-11
4240.00 7.050482e-11
4250.00 6.931553e-11
4260.00 7.498448e-11
4270.00 6.108134e-11
4280.00 7.902804e-11
4290.00 6.748372e-11
4300.00 7.341065e-11
4310.00 6.644836e-11
4320.00 6.356685e-11
4330.00 7.087852e-11
4340.00 6.760461e-11
4350.00 6.012168e-11
4360.00 6.528744e-11
4370.00 6.344590e-11
4380.00 6.377365e-11
4390.00 4.604775e-11
4400.00 5.748432e-11
4410.00 4.686520e-11
4420.00 4.939857e-11
4430.00 5.337939e-11
4440.00 4.999588e-11
4450.00 4.806374e-11
4460.00 4.286471e-11
4470.00 6.456493e-11
4480.00 6.241272e-11
4490.00 7.581360e-11
4500.00 7.445287e-11
4510.00 7.864587e-11
4520.00 7.700757e-11
4530.00 8.889397e-11
4540.00 9.586262e-11
4550.00 1.189982e-10
4560.00 1.141483e-10
4570.00 1.390866e-10
4580.00 1.397970e-10
4590.00 1.584461e-10
4600.00 1.586502e-10
4610.00 1.733575e-10
4620.00 1.770484e-10
4630.00 1.731746e-10
4640.00 1.728814e-10
4650.00 1.694157e-10
4660.00 1.540901e-10
4670.00 1.364307e-10
4680.00 1.191362e-10
4690.00 1.015136e-10
4700.00 8.551520e-11
4710.00 7.231544e-11
4720.00 6.355276e-11
4730.00 5.590809e-11
4740.00 5.970861e-11
4750.00 6.505146e-11
4760.00 6.256696e-11
4770.00 6.279889e-11
4780.00 6.581257e-11
4790.00 7.495019e-11
4800.00 7.249044e-11
4810.00 8.527280e-11
4820.00 9.986266e-11
4830.00 1.041267e-10
4840.00 1.062177e-10
4850.00 9.536530e-11
4860.00 8.991742e-11
4870.00 8.330377e-11
4880.00 7.592882e-11
4890.00 8.040043e-11
4900.00 8.712955e-11
4910.00 8.709558e-11
4920.00 1.021441e-10
4930.00 1.073251e-10
4940.00 1.196614e-10
4950.00 1.319799e-10
4960.00 1.349127e-10
4970.00 1.388711e-10
4980.00 1.394240e-10
4990.00 1.280480e-10
5000.00 1.026743e-10
5010.00 8.274821e-11
5020.00 7.462101e-11
5030.00 6.289527e-11
5040.00 6.771059e-11
5050.00 6.194471e-11
5060.00 5.838073e-11
5070.00 6.108028e-11
5080.00 6.402390e-11
5090.00 6.104542e-11
5100.00 6.597398e-11
5110.00 7.341408e-11
5120.00 7.018107e-11
5130.00 7.426652e-11
5140.00 6.669730e-11
5150.00 6.635123e-11
5160.00 6.845518e-11
5170.00 7.073313e-11
5180.00 7.091854e-11
5190.00 7.456178e-11
5200.00 7.938602e-11
5210.00 7.908901e-11
5220.00 8.364510e-11
5230.00 8.642524e-11
5240.00 8.971106e-11
5250.00 9.609916e-11
5260.00 9.917232e-11
5270.00 9.832150e-11
5280.00 1.081468e-10
5290.00 1.080192e-10
5300.00 1.134206e-10
5310.00 1.170754e-10
5320.00 1.166659e-10
5330.00 1.163609e-10
5340.00 1.201167e-10
5350.00 1.148112e-10
5360.00 1.093588e-10
5370.00 1.093260e-10
5380.00 1.066291e-10
5390.00 1.034211e-10
5400.00 1.007874e-10
5410.00 1.008953e-10
5420.00 1.120104e-10
5430.00 1.179370e-10
5440.00 1.174350e-10
5450.00 1.245554e-10
5460.00 1.395255e-10
5470.00 1.478938e-10
5480.00 1.509269e-10
5490.00 1.666974e-10
5500.00 1.685363e-10
5510.00 1.749453e-10
5520.00 1.807493e-10
5530.00 1.851361e-10
5540.00 1.812367e-10
5550.00 1.813766e-10
5560.00 1.774224e-10
5570.00 1.587768e-10
5580.00 1.562342e-10
5590.00 1.501013e-10
5600.00 1.400810e-10
5610.00 1.313185e-10
5620.00 1.168303e-10
5630.00 1.087896e-10
5640.00 8.735275e-11
5650.00 6.745990e-11
5660.00 4.562518e-11
5670.00 3.531671e-11
5680.00 4.075782e-11
5690.00 4.652898e-11
5700.00 5.661652e-11
5710.00 6.396660e-11
5720.00 6.137927e-11
5730.00 6.216407e-11
5740.00 6.722680e-11
5750.00 6.772487e-11
5760.00 6.714139e-11
5770.00 6.983455e-11
5780.00 7.036180e-11
5790.00 7.040813e-11
5800.00 6.958530e-11
5810.00 7.366976e-11
5820.00 8.183804e-11
5830.00 8.006969e-11
5840.00 8.850114e-11
5850.00 9.432969e-11
5860.00 9.801813e-11
5870.00 1.052596e-10
5880.00 1.030533e-10
5890.00 1.086828e-10
5900.00 1.154609e-10
5910.00 1.065560e-10
5920.00 9.629361e-11
5930.00 8.987160e-11
5940.00 8.867365e-11
5950.00 8.325458e-11
5960.00 7.454483e-11
5970.00 7.601273e-11
5980.00 7.447045e-11
5990.00 7.199000e-11
6000.00 7.322486e-11
6010.00 7.042496e-11
6020.00 6.906640e-11
6030.00 7.193233e-11
6040.00 7.053307e-11
6050.00 7.212654e-11
6060.00 7.532071e-11
6070.00 7.565388e-11
6080.00 7.259655e-11
6090.00 7.397312e-11
6100.00 6.975544e-11
6110.00 7.327624e-11
6120.00 6.783753e-11
6130.00 7.053350e-11
6140.00 7.069635e-11
6150.00 6.909122e-11
6160.00 6.577990e-11
6170.00 6.704855e-11
6180.00 6.451480e-11
6190.00 6.411012e-11
6200.00 6.295724e-11
6210.00 6.029163e-11
6220.00 5.347816e-11
6230.00 5.369295e-11
6240.00 5.633441e-11
6250.00 5.775199e-11
6260.00 5.855493e-11
6270.00 5.377977e-11
6280.00 5.854034e-11
6290.00 6.047733e-11
6300.00 6.285955e-11
6310.00 6.123671e-11
6320.00 6.207940e-11
6330.00 6.690248e-11
6340.00 6.708122e-11
6350.00 7.177472e-11
6360.00 7.466179e-11
6370.00 7.616816e-11
6380.00 8.049713e-11
6390.00 8.205463e-11
6400.00 8.991792e-11
6410.00 9.209637e-11
6420.00 9.401354e-11
6430.00 1.042144e-10
6440.00 1.042154e-10
6450.00 1.029633e-10
6460.00 1.060495e-10
6470.00 1.057766e-10
6480.00 1.105954e-10
6490.00 1.210765e-10
6500.00 1.113847e-10
6510.00 1.128391e-10
6520.00 1.126506e-10
6530.00 1.118765e-10
6540.00 1.080758e-10
6550.00 1.028066e-10
6560.00 9.701457e-11
6570.00 9.728589e-11
6580.00 8.924772e-11
6590.00 8.182364e-11
6600.00 7.592601e-11
6610.00 6.722418e-11
6620.00 6.378512e-11
6630.00 5.568784e-11
6640.00 4.915167e-11
6650.00 4.705330e-11
6660.00 4.208160e-11
6670.00 4.095565e-11
6680.00 3.783488e-11
6690.00 3.460918e-11
6700.00 2.914230e-11
6710.00 3.476802e-11
6720.00 3.125301e-11
6730.00 3.024420e-11
6740.00 2.977084e-11
6750.00 2.547774e-11
6760.00 2.881744e-11
6770.00 2.742950e-11
6780.00 2.570993e-11
6790.00 2.690887e-11
6800.00 2.889923e-11
6810.00 2.843063e-11
6820.00 3.155653e-11
6830.00 2.998004e-11
6840.00 2.915521e-11
6850.00 2.649584e-11
6860.00 2.036244e-11
6870.00 2.474797e-11
6880.00 2.503337e-11
6890.00 2.848352e-11
6900.00 2.945151e-11
6910.00 2.924298e-11
6920.00 2.907501e-11
6930.00 3.440697e-11
6940.00 3.720385e-11
6950.00 3.802010e-11
6960.00 3.611758e-11
6970.00 3.577959e-11
6980.00 3.967185e-11
6990.00 3.991228e-11
7000.00 3.935301e-11
7010.00 4.113448e-11
7020.00 4.057704e-11
7030.00 4.467839e-11
7040.00 4.637625e-11
7050.00 5.321974e-11
7060.00 5.124068e-11
7070.00 5.711526e-11
7080.00 5.617939e-11
7090.00 5.957892e-11
7100.00 6.145122e-11
7110.00 6.279234e-11
7120.00 6.453737e-11
7130.00 6.270836e-11
7140.00 6.279041e-11
7150.00 6.044107e-11
7160.00 5.802462e-11
7170.00 5.630636e-11
7180.00 5.917159e-11
7190.00 6.075915e-11
7200.00 6.410382e-11
7210.00 6.482989e-11
7220.00 6.156899e-11
7230.00 6.399004e-11
7240.00 6.233709e-11
7250.00 6.154117e-11
7260.00 6.280886e-11
7270.00 6.511275e-11
7280.00 5.982992e-11
7290.00 6.011434e-11
7300.00 6.329920e-11
7310.00 6.437664e-11
7320.00 6.419304e-11
7330.00 6.504710e-11
7340.00 6.465420e-11
7350.00 6.682667e-11
7360.00 6.594094e-11
7370.00 6.481094e-11
7380.00 6.159852e-11
7390.00 6.279614e-11
7400.00 6.158601e-11
7410.00 7.783869e-11
7420.00 7.775621e-11
7430.00 7.107179e-11
7440.00 6.057015e-11
7450.00 5.191336e-11
7460.00 4.498519e-11
7470.00 3.966607e-11
7480.00 3.738801e-11
7490.00 3.199038e-11
7500.00 2.947631e-11
7510.00 2.890573e-11
7520.00 3.532011e-11
7530.00 3.727115e-11
7540.00 4.126876e-11
7550.00 4.508782e-11
7560.00 5.006793e-11
7570.00 5.352435e-11
7580.00 2.847219e-11
7590.00 1.524480e-11
7600.00 3.689691e-11
7610.00 2.857314e-11
7620.00 3.166598e-11
7630.00 4.237888e-11
7640.00 4.996817e-11
7650.00 5.669553e-11
7660.00 6.759195e-11
7670.00 7.379575e-11
7680.00 7.484813e-11
7690.00 8.408171e-11
7700.00 8.682232e-11
7710.00 8.440209e-11
7720.00 8.710430e-11
7730.00 9.783621e-11
7740.00 9.314564e-11
7750.00 9.144250e-11
7760.00 9.521262e-11
7770.00 9.783004e-11
7780.00 9.208590e-11
7790.00 9.079025e-11
7800.00 9.813378e-11
7810.00 9.712629e-11
7820.00 9.187748e-11
7830.00 9.444814e-11
7840.00 9.919364e-11
7850.00 9.590477e-11
7860.00 9.412601e-11
7870.00 9.696369e-11
7880.00 9.737386e-11
7890.00 9.218790e-11
7900.00 9.659723e-11
7910.00 9.260018e-11
7920.00 8.700125e-11
7930.00 8.905750e-11
7940.00 8.818162e-11
7950.00 8.018198e-11
7960.00 7.984569e-11
7970.00 8.398607e-11
7980.00 8.004469e-11
7990.00 7.510057e-11
8000.00 7.707883e-11
8010.00 7.792977e-11
8020.00 7.294974e-11
8030.00 7.084186e-11
8040.00 7.741244e-11
8050.00 7.398341e-11
8060.00 6.711595e-11
8070.00 6.801240e-11
8080.00 6.716021e-11
8090.00 6.122103e-11
8100.00 4.897981e-11
8110.00 4.399017e-11
8120.00 4.097945e-11
8130.00 3.392382e-11
8140.00 2.771523e-11
8150.00 2.385599e-11
8160.00 2.179220e-11
8170.00 1.980349e-11
8180.00 1.519045e-11
8190.00 1.654374e-11
8200.00 1.644229e-11
8210.00 1.506844e-11
8220.00 1.922791e-11
8230.00 2.057754e-11
8240.00 2.131677e-11
8250.00 2.753080e-11
8260.00 2.930203e-11
8270.00 2.889818e-11
8280.00 2.438645e-11
8290.00 2.333151e-11
8300.00 2.202897e-11
8310.00 2.479176e-11
8320.00 2.273535e-11
8330.00 2.084901e-11
8340.00 2.691524e-11
8350.00 3.010714e-11
8360.00 3.040150e-11
8370.00 3.021888e-11
8380.00 3.541395e-11
8390.00 3.982244e-11
8400.00 4.185108e-11
8410.00 4.371948e-11
8420.00 4.592118e-11
8430.00 5.424588e-11
8440.00 4.846865e-11
8450.00 5.211089e-11
8460.00 5.970677e-11
8470.00 6.348106e-11
8480.00 6.432851e-11
8490.00 6.221328e-11
8500.00 6.839352e-11
8510.00 7.549403e-11
8520.00 7.600469e-11
8530.00 6.873049e-11
8540.00 7.247535e-11
8550.00 7.529053e-11
8560.00 7.670027e-11
8570.00 7.720576e-11
8580.00 7.313041e-11
8590.00 7.665507e-11
8600.00 7.859262e-11
8610.00 7.566884e-11
8620.00 7.765178e-11
8630.00 7.470985e-11
8640.00 7.443946e-11
8650.00 7.188320e-11
8660.00 6.909465e-11
8670.00 6.783553e-11
8680.00 6.859109e-11
8690.00 6.765056e-11
8700.00 6.834009e-11
8710.00 6.090789e-11
8720.00 5.848827e-11
8730.00 5.657970e-11
8740.00 5.600769e-11
8750.00 5.762763e-11
8760.00 5.304078e-11
8770.00 5.514244e-11
8780.00 5.763121e-11
8790.00 6.140805e-11
8800.00 6.100882e-11
8810.00 5.751151e-11
8820.00 5.708382e-11
8830.00 6.218183e-11
8840.00 5.505743e-11
8850.00 5.058975e-11
8860.00 4.660210e-11
8870.00 4.277059e-11
8880.00 4.068938e-11
8890.00 3.349754e-11
8900.00 3.055215e-11
8910.00 3.842087e-11
8920.00 3.260532e-11
8930.00 3.147795e-11
8940.00 3.269042e-11
8950.00 3.141455e-11
8960.00 3.762168e-11
8970.00 3.928640e-11
8980.00 4.271123e-11
8990.00 4.377627e-11
9000.00 4.483648e-11
9010.00 4.702418e-11
9020.00 4.371263e-11
9030.00 4.248045e-11
9040.00 4.669475e-11
9050.00 4.397885e-11
9060.00 4.637841e-11
9070.00 4.606640e-11
9080.00 4.885948e-11
9090.00 5.124020e-11
9100.00 5.223418e-11
9110.00 5.131062e-11
9120.00 5.149401e-11
9130.00 5.326016e-11
9140.00 5.344956e-11
9150.00 5.392405e-11
9160.00 5.819949e-11
9170.00 5.860697e-11
9180.00 6.046122e-11
9190.00 5.966208e-11
9200.00 6.263536e-11
9210.00 5.805464e-11
9220.00 5.682634e-11
9230.00 5.374763e-11
9240.00 5.731459e-11
9250.00 5.978174e-11
9260.00 5.722242e-11
9270.00 5.684095e-11
9280.00 5.487225e-11
9290.00 5.344915e-11
9300.00 5.294501e-11
9310.00 5.190465e-11
9320.00 5.363935e-11
9330.00 5.402034e-11
9340.00 5.475543e-11
9350.00 5.497865e-11
9360.00 5.900070e-11
9370.00 6.091376e-11
9380.00 6.333948e-11
9390.00 6.204768e-11
9400.00 6.061417e-11
9410.00 6.154864e-11
9420.00 6.405632e-11
9430.00 6.274814e-11
9440.00 6.471929e-11
9450.00 6.009908e-11
9460.00 6.466892e-11
9470.00 6.304010e-11
9480.00 6.507896e-11
9490.00 6.632211e-11
9500.00 6.401355e-11
9510.00 7.048225e-11
9520.00 6.942052e-11
9530.00 6.305082e-11
9540.00 6.250163e-11
9550.00 6.356061e-11
9560.00 5.751504e-11
9570.00 5.510241e-11
9580.00 5.563615e-11
9590.00 5.444272e-11
9600.00 5.268888e-11
9610.00 5.285604e-11
9620.00 5.253722e-11
9630.00 4.941241e-11
9640.00 5.520792e-11
9650.00 5.352581e-11
9660.00 5.094739e-11
9670.00 4.894144e-11
9680.00 4.877853e-11
9690.00 5.904420e-11
9700.00 4.867675e-11
9710.00 5.212709e-11
9720.00 5.510630e-11
9730.00 5.158649e-11
9740.00 4.714840e-11
9750.00 3.970040e-11
9760.00 4.635746e-11
9770.00 4.206689e-11
9780.00 4.862481e-11
9790.00 4.267487e-11
9800.00 4.396261e-11
9810.00 5.156927e-11
9820.00 5.172432e-11
9830.00 3.906571e-11
9840.00 4.803889e-11
9850.00 5.938636e-11
9860.00 4.890772e-11
9870.00 5.005700e-11
9880.00 4.183586e-11
9890.00 4.696013e-11
9900.00 4.518635e-11
9910.00 4.369296e-11
9920.00 4.219762e-11
9930.00 4.070034e-11
9940.00 4.058073e-11
9950.00 4.046101e-11
9960.00 4.034121e-11
9970.00 4.022166e-11
9980.00 4.010204e-11
9990.00 3.998235e-11
10000.00 3.986291e-11
10010.00 3.974339e-11
10020.00 3.962381e-11
10030.00 3.950451e-11
10040.00 3.938511e-11
10050.00 3.926569e-11
10060.00 3.914651e-11
10070.00 3.902726e-11
10080.00 3.890800e-11
10090.00 3.878898e-11
10100.00 3.866990e-11
10110.00 3.855082e-11
10120.00 3.843197e-11
10130.00 3.831306e-11
10140.00 3.819419e-11
10150.00 3.807554e-11
10160.00 3.795683e-11
10170.00 3.783817e-11
10180.00 3.771973e-11
10190.00 3.760124e-11
10200.00 3.748282e-11
10210.00 3.736460e-11
10220.00 3.724635e-11
10230.00 3.712817e-11
10240.00 3.701020e-11
10250.00 3.689219e-11
10260.00 3.677429e-11
10270.00 3.665657e-11
10280.00 3.653884e-11
10290.00 3.642123e-11
10300.00 3.630378e-11
10310.00 3.618633e-11
10320.00 3.606901e-11
10330.00 3.595186e-11
10340.00 3.583471e-11
10350.00 3.571771e-11
10360.00 3.560088e-11
10370.00 3.548403e-11
10380.00 3.536736e-11
10390.00 3.525085e-11
10400.00 3.513434e-11
10410.00 3.501801e-11
10420.00 3.490183e-11
10430.00 3.478567e-11
10440.00 3.466970e-11
10450.00 3.455388e-11
10460.00 3.443808e-11
10470.00 3.432248e-11
10480.00 3.420703e-11
10490.00 3.409160e-11
10500.00 3.397640e-11
10510.00 3.386133e-11
10520.00 3.374629e-11
10530.00 3.363148e-11
10540.00 3.351681e-11
10550.00 3.340217e-11
10560.00 3.328778e-11
10570.00 3.317351e-11
10580.00 3.305929e-11
10590.00 3.294533e-11
10600.00 3.283149e-11
10610.00 3.271769e-11
10620.00 3.260416e-11
10630.00 3.249076e-11
10640.00 3.237740e-11
10650.00 3.226434e-11
10660.00 3.215138e-11
10670.00 3.203848e-11
10680.00 3.192588e-11
10690.00 3.181337e-11
10700.00 3.170094e-11
10710.00 3.158881e-11
10720.00 3.147679e-11
10730.00 3.136483e-11
10740.00 3.125319e-11
10750.00 3.114165e-11
10760.00 3.103018e-11
10770.00 3.091905e-11
10780.00 3.080800e-11
10790.00 3.069703e-11
10800.00 3.058640e-11
10810.00 3.047587e-11
10820.00 3.036540e-11
10830.00 3.025530e-11
10840.00 3.014528e-11
10850.00 3.003535e-11
10860.00 2.992577e-11
10870.00 2.981628e-11
10880.00 2.970689e-11
10890.00 2.959784e-11
10900.00 2.948888e-11
10910.00 2.938005e-11
10920.00 2.927154e-11
10930.00 2.916314e-11
10940.00 2.905486e-11
10950.00 2.894691e-11
10960.00 2.883906e-11
10970.00 2.873135e-11
10980.00 2.862396e-11
10990.00 2.851668e-11
11000.00 2.840955e-11
11010.00 2.830273e-11
11020.00 2.819603e-11
11030.00 2.808948e-11
11040.00 2.798325e-11
11050.00 2.787713e-11
11060.00 2.777118e-11
11070.00 2.766553e-11
11080.00 2.756000e-11
11090.00 2.745466e-11
11100.00 2.734961e-11
11110.00 2.724468e-11
11120.00 2.713995e-11
11130.00 2.703551e-11
11140.00 2.693119e-11
11150.00 2.682708e-11
11160.00 2.672325e-11
11170.00 2.661954e-11
11180.00 2.651607e-11
11190.00 2.641286e-11
11200.00 2.630978e-11
11210.00 2.620693e-11
11220.00 2.610435e-11
11230.00 2.600191e-11
11240.00 2.589970e-11
11250.00 2.579775e-11
11260.00 2.569594e-11
11270.00 2.559439e-11
11280.00 2.549309e-11
11290.00 2.539192e-11
11300.00 2.529102e-11
11310.00 2.519037e-11
11320.00 2.508985e-11
11330.00 2.498961e-11
11340.00 2.488961e-11
11350.00 2.478976e-11
11360.00 2.469018e-11
11370.00 2.459084e-11
11380.00 2.449164e-11
11390.00 2.439275e-11
11400.00 2.429407e-11
11410.00 2.419555e-11
11420.00 2.409732e-11
11430.00 2.399932e-11
11440.00 2.390147e-11
11450.00 2.380393e-11
11460.00 2.370660e-11
11470.00 2.360943e-11
11480.00 2.351258e-11
11490.00 2.341594e-11
11500.00 2.331946e-11
11510.00 2.322329e-11
11520.00 2.312734e-11
11530.00 2.303154e-11
11540.00 2.293608e-11
11550.00 2.284081e-11
11560.00 2.274571e-11
11570.00 2.265094e-11
11580.00 2.255637e-11
11590.00 2.246197e-11
11600.00 2.236791e-11
11610.00 2.227405e-11
11620.00 2.218034e-11
11630.00 2.208699e-11
11640.00 2.199383e-11
11650.00 2.190083e-11
11660.00 2.180819e-11
11670.00 2.171574e-11
11680.00 2.162345e-11
11690.00 2.153153e-11
11700.00 2.143978e-11
11710.00 2.134820e-11
11720.00 2.125700e-11
11730.00 2.116597e-11
11740.00 2.107511e-11
11750.00 2.098462e-11
11760.00 2.089431e-11
11770.00 2.080418e-11
11780.00 2.071441e-11
11790.00 2.062481e-11
11800.00 2.053541e-11
11810.00 2.044636e-11
11820.00 2.035749e-11
11830.00 2.026882e-11
11840.00 2.018049e-11
11850.00 2.009234e-11
11860.00 2.000440e-11
11870.00 1.991680e-11
11880.00 1.982938e-11
11890.00 1.974217e-11
11900.00 1.965530e-11
11910.00 1.956861e-11
11920.00 1.948214e-11
11930.00 1.939599e-11
11940.00 1.931003e-11
11950.00 1.922430e-11
11960.00 1.913888e-11
11970.00 1.905365e-11
11980.00 1.896866e-11
11990.00 1.888398e-11
12000.00 1.879948e-11
12010.00 1.871523e-11
12020.00 1.863128e-11
12030.00 1.854752e-11
12040.00 1.846401e-11
12050.00 1.838080e-11
12060.00 1.829776e-11
12070.00 1.821500e-11
12080.00 1.813252e-11
12090.00 1.805023e-11
12100.00 1.796821e-11
12110.00 1.788646e-11
12120.00 1.780491e-11
12130.00 1.772363e-11
12140.00 1.764262e-11
12150.00 1.756181e-11
12160.00 1.748127e-11
12170.00 1.740100e-11
12180.00 1.732093e-11
12190.00 1.724113e-11
12200.00 1.716160e-11
12210.00 1.708226e-11
12220.00 1.700321e-11
12230.00 1.692442e-11
12240.00 1.684582e-11
12250.00 1.676751e-11
12260.00 1.668946e-11
12270.00 1.661159e-11
12280.00 1.653403e-11
12290.00 1.645671e-11
12300.00 1.637958e-11
12310.00 1.630276e-11
12320.00 1.622619e-11
12330.00 1.614980e-11
12340.00 1.607372e-11
12350.00 1.599787e-11
12360.00 1.592222e-11
12370.00 1.584688e-11
12380.00 1.577177e-11
12390.00 1.569687e-11
12400.00 1.562226e-11
12410.00 1.554789e-11
12420.00 1.547372e-11
12430.00 1.539985e-11
12440.00 1.532621e-11
12450.00 1.525277e-11
12460.00 1.517965e-11
12470.00 1.510674e-11
12480.00 1.503404e-11
12490.00 1.496165e-11
12500.00 1.488947e-11
12510.00 1.481750e-11
12520.00 1.474585e-11
12530.00 1.467441e-11
12540.00 1.460316e-11
12550.00 1.453224e-11
12560.00 1.446152e-11
12570.00 1.439100e-11
12580.00 1.432082e-11
12590.00 1.425084e-11
12600.00 1.418105e-11
12610.00 1.411159e-11
12620.00 1.404232e-11
12630.00 1.397327e-11
12640.00 1.390453e-11
12650.00 1.383599e-11
12660.00 1.376766e-11
12670.00 1.369965e-11
12680.00 1.363183e-11
12690.00 1.356423e-11
12700.00 1.349693e-11
12710.00 1.342983e-11
12720.00 1.336295e-11
12730.00 1.329637e-11
12740.00 1.323000e-11
12750.00 1.316384e-11
12760.00 1.309797e-11
12770.00 1.303231e-11
12780.00 1.296687e-11
12790.00 1.290171e-11
12800.00 1.283676e-11
12810.00 1.277204e-11
12820.00 1.270760e-11
12830.00 1.264336e-11
12840.00 1.257934e-11
12850.00 1.251561e-11
12860.00 1.245207e-11
12870.00 1.238877e-11
12880.00 1.232574e-11
12890.00 1.226292e-11
12900.00 1.220032e-11
12910.00 1.213799e-11
12920.00 1.207586e-11
12930.00 1.201397e-11
12940.00 1.195235e-11
12950.00 1.189091e-11
12960.00 1.182972e-11
12970.00 1.176879e-11
12980.00 1.170806e-11
12990.00 1.164757e-11
13000.00 1.158733e-11
13010.00 1.152729e-11
13020.00 1.146748e-11
13030.00 1.140794e-11
13040.00 1.134859e-11
13050.00 1.128948e-11
13060.00 1.123062e-11
13070.00 1.117195e-11
13080.00 1.111353e-11
13090.00 1.105535e-11
13100.00 1.099737e-11
13110.00 1.093964e-11
13120.00 1.088214e-11
13130.00 1.082483e-11
13140.00 1.076778e-11
13150.00 1.071096e-11
13160.00 1.065432e-11
13170.00 1.059795e-11
13180.00 1.054180e-11
13190.00 1.048584e-11
13200.00 1.043014e-11
13210.00 1.037466e-11
13220.00 1.031937e-11
13230.00 1.026433e-11
13240.00 1.020952e-11
13250.00 1.015489e-11
13260.00 1.010052e-11
13270.00 1.004637e-11
13280.00 9.992401e-12
13290.00 9.938697e-12
13300.00 9.885199e-12
13310.00 9.831894e-12
13320.00 9.778839e-12
13330.00 9.726002e-12
13340.00 9.673345e-12
13350.00 9.620951e-12
13360.00 9.568756e-12
13370.00 9.516748e-12
13380.00 9.465008e-12
13390.00 9.413455e-12
13400.00 9.362095e-12
13410.00 9.310998e-12
13420.00 9.260093e-12
13430.00 9.209369e-12
13440.00 9.158907e-12
13450.00 9.108639e-12
13460.00 9.058551e-12
13470.00 9.008731e-12
13480.00 8.959093e-12
13490.00 8.909641e-12
13500.00 8.860451e-12
13510.00 8.811448e-12
13520.00 8.762625e-12
13530.00 8.714059e-12
13540.00 8.665679e-12
13550.00 8.617481e-12
13560.00 8.569537e-12
13570.00 8.521775e-12
13580.00 8.474200e-12
13590.00 8.426874e-12
13600.00 8.379729e-12
13610.00 8.332771e-12
13620.00 8.286056e-12
13630.00 8.239515e-12
13640.00 8.193175e-12
13650.00 8.147071e-12
13660.00 8.101141e-12
13670.00 8.055405e-12
13680.00 8.009906e-12
13690.00 7.964575e-12
13700.00 7.919444e-12
13710.00 7.874537e-12
13720.00 7.829811e-12
13730.00 7.785271e-12
13740.00 7.740963e-12
13750.00 7.696829e-12
13760.00 7.652889e-12
13770.00 7.609172e-12
13780.00 7.565618e-12
13790.00 7.522270e-12
13800.00 7.479134e-12
13810.00 7.436172e-12
13820.00 7.393410e-12
13830.00 7.350853e-12
13840.00 7.308465e-12
13850.00 7.266276e-12
13860.00 7.224306e-12
13870.00 7.182491e-12
13880.00 7.140882e-12
13890.00 7.099473e-12
13900.00 7.058232e-12
13910.00 7.017190e-12
13920.00 6.976348e-12
13930.00 6.935674e-12
13940.00 6.895200e-12
13950.00 6.854919e-12
13960.00 6.814800e-12
13970.00 6.774894e-12
13980.00 6.735167e-12
13990.00 6.695610e-12
14000.00 6.656245e-12
14010.00 6.617074e-12
14020.00 6.578065e-12
14030.00 6.539261e-12
14040.00 6.500633e-12
14050.00 6.462172e-12
14060.00 6.423905e-12
14070.00 6.385825e-12
14080.00 6.347900e-12
14090.00 6.310182e-12
14100.00 6.272638e-12
14110.00 6.235250e-12
14120.00 6.198064e-12
14130.00 6.161051e-12
14140.00 6.124197e-12
14150.00 6.087542e-12
14160.00 6.051057e-12
14170.00 6.014729e-12
14180.00 5.978600e-12
14190.00 5.942638e-12
14200.00 5.906831e-12
14210.00 5.871223e-12
14220.00 5.835779e-12
14230.00 5.800488e-12
14240.00 5.765397e-12
14250.00 5.730465e-12
14260.00 5.695687e-12
14270.00 5.661107e-12
14280.00 5.626684e-12
14290.00 5.592411e-12
14300.00 5.558337e-12
14310.00 5.524417e-12
14320.00 5.490647e-12
14330.00 5.457074e-12
14340.00 5.423652e-12
14350.00 5.390379e-12
14360.00 5.357302e-12
14370.00 5.324374e-12
14380.00 5.291594e-12
14390.00 5.259007e-12
14400.00 5.226567e-12
14410.00 5.194275e-12
14420.00 5.162174e-12
14430.00 5.130217e-12
14440.00 5.098409e-12
14450.00 5.066787e-12
14460.00 5.035309e-12
14470.00 5.003980e-12
14480.00 4.972834e-12
14490.00 4.941829e-12
14500.00 4.910973e-12
14510.00 4.880297e-12
14520.00 4.849761e-12
14530.00 4.819374e-12
14540.00 4.789163e-12
14550.00 4.759091e-12
14560.00 4.729167e-12
14570.00 4.699416e-12
14580.00 4.669804e-12
14590.00 4.640339e-12
14600.00 4.611044e-12
14610.00 4.581885e-12
14620.00 4.552874e-12
14630.00 4.524029e-12
14640.00 4.495320e-12
14650.00 4.466758e-12
14660.00 4.438359e-12
14670.00 4.410094e-12
14680.00 4.381976e-12
14690.00 4.354018e-12
14700.00 4.326192e-12
14710.00 4.298513e-12
14720.00 4.270991e-12
14730.00 4.243600e-12
14740.00 4.216356e-12
14750.00 4.189265e-12
14760.00 4.162303e-12
14770.00 4.135489e-12
14780.00 4.108824e-12
14790.00 4.082287e-12
14800.00 4.055897e-12
14810.00 4.029654e-12
14820.00 4.003538e-12
14830.00 3.977567e-12
14840.00 3.951740e-12
14850.00 3.926039e-12
14860.00 3.900484e-12
14870.00 3.875069e-12
14880.00 3.849779e-12
14890.00 3.824634e-12
14900.00 3.799627e-12
14910.00 3.774742e-12
14920.00 3.750002e-12
14930.00 3.725397e-12
14940.00 3.700914e-12
14950.00 3.676574e-12
14960.00 3.652367e-12
14970.00 3.628281e-12
14980.00 3.604337e-12
14990.00 3.580523e-12
15000.00 3.556828e-12
15010.00 3.533276e-12
15020.00 3.509849e-12
15030.00 3.486542e-12
15040.00 3.463375e-12
15050.00 3.440333e-12
15060.00 3.417408e-12
15070.00 3.394623e-12
15080.00 3.371960e-12
15090.00 3.349413e-12
15100.00 3.327005e-12
15110.00 3.304717e-12
15120.00 3.282542e-12
15130.00 3.260507e-12
15140.00 3.238589e-12
15150.00 3.216783e-12
15160.00 3.195115e-12
15170.00 3.173562e-12
15180.00 3.152120e-12
15190.00 3.130816e-12
15200.00 3.109624e-12
15210.00 3.088542e-12
15220.00 3.067596e-12
15230.00 3.046760e-12
15240.00 3.026032e-12
15250.00 3.005441e-12
15260.00 2.984956e-12
15270.00 2.964580e-12
15280.00 2.944338e-12
15290.00 2.924201e-12
15300.00 2.904172e-12
15310.00 2.884273e-12
15320.00 2.864480e-12
15330.00 2.844792e-12
15340.00 2.825234e-12
15350.00 2.805778e-12
15360.00 2.786429e-12
15370.00 2.767206e-12
15380.00 2.748085e-12
15390.00 2.729070e-12
15400.00 2.710177e-12
15410.00 2.691386e-12
15420.00 2.672700e-12
15430.00 2.654135e-12
15440.00 2.635669e-12
15450.00 2.617307e-12
15460.00 2.599064e-12
15470.00 2.580919e-12
15480.00 2.562879e-12
15490.00 2.544953e-12
15500.00 2.527125e-12
15510.00 2.509401e-12
15520.00 2.491790e-12
15530.00 2.474274e-12
15540.00 2.456862e-12
15550.00 2.439560e-12
15560.00 2.422354e-12
15570.00 2.405249e-12
15580.00 2.388253e-12
15590.00 2.371350e-12
15600.00 2.354549e-12
15610.00 2.337855e-12
15620.00 2.321252e-12
15630.00 2.304750e-12
15640.00 2.288352e-12
15650.00 2.272046e-12
15660.00 2.255839e-12
15670.00 2.239734e-12
15680.00 2.223720e-12
15690.00 2.207805e-12
15700.00 2.191990e-12
15710.00 2.176263e-12
15720.00 2.160634e-12
15730.00 2.145104e-12
15740.00 2.129661e-12
15750.00 2.114316e-12
15760.00 2.099066e-12
15770.00 2.083902e-12
15780.00 2.068837e-12
15790.00 2.053864e-12
15800.00 2.038977e-12
15810.00 2.024186e-12
15820.00 2.009487e-12
15830.00 1.994871e-12
15840.00 1.980352e-12
15850.00 1.965921e-12
15860.00 1.951574e-12
15870.00 1.937321e-12
15880.00 1.923156e-12
15890.00 1.909073e-12
15900.00 1.895084e-12
15910.00 1.881180e-12
15920.00 1.867358e-12
15930.00 1.853628e-12
15940.00 1.839982e-12
15950.00 1.826416e-12
15960.00 1.812942e-12
15970.00 1.799551e-12
15980.00 1.786237e-12
15990.00 1.773015e-12
16000.00 1.759874e-12
16010.00 1.746809e-12
16020.00 1.733835e-12
16030.00 1.720941e-12
16040.00 1.708121e-12
16050.00 1.695392e-12
16060.00 1.682740e-12
16070.00 1.670163e-12
16080.00 1.657675e-12
16090.00 1.645262e-12
16100.00 1.632923e-12
16110.00 1.620672e-12
16120.00 1.608494e-12
16130.00 1.596390e-12
16140.00 1.584373e-12
16150.00 1.572427e-12
16160.00 1.560554e-12
16170.00 1.548767e-12
16180.00 1.537050e-12
16190.00 1.525405e-12
16200.00 1.513843e-12
16210.00 1.502352e-12
16220.00 1.490931e-12
16230.00 1.479592e-12
16240.00 1.468321e-12
16250.00 1.457122e-12
16260.00 1.446003e-12
16270.00 1.434951e-12
16280.00 1.423968e-12
16290.00 1.413065e-12
16300.00 1.402227e-12
16310.00 1.391460e-12
16320.00 1.380768e-12
16330.00 1.370142e-12
16340.00 1.359585e-12
16350.00 1.349103e-12
16360.00 1.338686e-12
16370.00 1.328336e-12
16380.00 1.318059e-12
16390.00 1.307847e-12
16400.00 1.297701e-12
16410.00 1.287627e-12
16420.00 1.277616e-12
16430.00 1.267672e-12
16440.00 1.257798e-12
16450.00 1.247984e-12
16460.00 1.238238e-12
16470.00 1.228559e-12
16480.00 1.218942e-12
16490.00 1.209389e-12
16500.00 1.199904e-12
16510.00 1.190479e-12
16520.00 1.181117e-12
16530.00 1.171822e-12
16540.00 1.162586e-12
16550.00 1.153413e-12
16560.00 1.144305e-12
16570.00 1.135254e-12
16580.00 1.126266e-12
16590.00 1.117342e-12
16600.00 1.108474e-12
16610.00 1.099669e-12
16620.00 1.090924e-12
16630.00 1.082237e-12
16640.00 1.073611e-12
16650.00 1.065044e-12
16660.00 1.056533e-12
16670.00 1.048083e-12
16680.00 1.039691e-12
16690.00 1.031355e-12
16700.00 1.023078e-12
16710.00 1.014858e-12
16720.00 1.006693e-12
16730.00 9.985861e-13
16740.00 9.905355e-13
16750.00 9.825379e-13
16760.00 9.745983e-13
16770.00 9.667142e-13
16780.00 9.588818e-13
16790.00 9.511081e-13
16800.00 9.433867e-13
16810.00 9.357170e-13
16820.00 9.281041e-13
16830.00 9.205442e-13
16840.00 9.130341e-13
16850.00 9.055808e-13
16860.00 8.981786e-13
16870.00 8.908250e-13
16880.00 8.835282e-13
16890.00 8.762812e-13
16900.00 8.690823e-13
16910.00 8.619388e-13
16920.00 8.548440e-13
16930.00 8.477972e-13
16940.00 8.408046e-13
16950.00 8.338600e-13
16960.00 8.269622e-13
16970.00 8.201180e-13
16980.00 8.133205e-13
16990.00 8.065692e-13
17000.00 7.998703e-13
17010.00 7.932181e-13
17020.00 7.866101e-13
17030.00 7.800546e-13
17040.00 7.735446e-13
17050.00 7.670788e-13
17060.00 7.606635e-13
17070.00 7.542931e-13
17080.00 7.479657e-13
17090.00 7.416889e-13
17100.00 7.354550e-13
17110.00 7.292654e-13
17120.00 7.231238e-13
17130.00 7.170247e-13
17140.00 7.109691e-13
17150.00 7.049609e-13
17160.00 6.989939e-13
17170.00 6.930699e-13
17180.00 6.871921e-13
17190.00 6.813554e-13
17200.00 6.755604e-13
17210.00 6.698116e-13
17220.00 6.641021e-13
17230.00 6.584343e-13
17240.00 6.528114e-13
17250.00 6.472272e-13
17260.00 6.416841e-13
17270.00 6.361847e-13
17280.00 6.307239e-13
17290.00 6.253030e-13
17300.00 6.199252e-13
17310.00 6.145852e-13
17320.00 6.092848e-13
17330.00 6.040258e-13
17340.00 5.988043e-13
17350.00 5.936220e-13
17360.00 5.884801e-13
17370.00 5.833749e-13
17380.00 5.783084e-13
17390.00 5.732813e-13
17400.00 5.682903e-13
17410.00 5.633375e-13
17420.00 5.584231e-13
17430.00 5.535442e-13
17440.00 5.487028e-13
17450.00 5.438990e-13
17460.00 5.391301e-13
17470.00 5.343981e-13
17480.00 5.297030e-13
17490.00 5.250419e-13
17500.00 5.204173e-13
17510.00 5.158286e-13
17520.00 5.112733e-13
17530.00 5.067540e-13
17540.00 5.022698e-13
17550.00 4.978183e-13
17560.00 4.934024e-13
17570.00 4.890207e-13
17580.00 4.846711e-13
17590.00 4.803564e-13
17600.00 4.760752e-13
17610.00 4.718256e-13
17620.00 4.676103e-13
17630.00 4.634277e-13
17640.00 4.592761e-13
17650.00 4.551583e-13
17660.00 4.510722e-13
17670.00 4.470168e-13
17680.00 4.429945e-13
17690.00 4.390034e-13
17700.00 4.350420e-13
17710.00 4.311135e-13
17720.00 4.272153e-13
17730.00 4.233464e-13
17740.00 4.195097e-13
17750.00 4.157027e-13
17760.00 4.119244e-13
17770.00 4.081778e-13
17780.00 4.044601e-13
17790.00 4.007706e-13
17800.00 3.971123e-13
17810.00 3.934822e-13
17820.00 3.898797e-13
17830.00 3.863079e-13
17840.00 3.827637e-13
17850.00 3.792466e-13
17860.00 3.757596e-13
17870.00 3.722995e-13
17880.00 3.688661e-13
17890.00 3.654622e-13
17900.00 3.620846e-13
17910.00 3.587330e-13
17920.00 3.554106e-13
17930.00 3.521138e-13
17940.00 3.488427e-13
17950.00 3.455999e-13
17960.00 3.423823e-13
17970.00 3.391899e-13
17980.00 3.360253e-13
17990.00 3.328853e-13
18000.00 3.297701e-13
18010.00 3.266819e-13
18020.00 3.236179e-13
18030.00 3.205783e-13
18040.00 3.175651e-13
18050.00 3.145755e-13
18060.00 3.116099e-13
18070.00 3.086701e-13
18080.00 3.057535e-13
18090.00 3.028605e-13
18100.00 2.999925e-13
18110.00 2.971473e-13
18120.00 2.943253e-13
18130.00 2.915278e-13
18140.00 2.887525e-13
18150.00 2.860000e-13
18160.00 2.832714e-13
18170.00 2.805646e-13
18180.00 2.778803e-13
18190.00 2.752192e-13
18200.00 2.725794e-13
18210.00 2.699618e-13
18220.00 2.673668e-13
18230.00 2.647926e-13
18240.00 2.622402e-13
18250.00 2.597099e-13
18260.00 2.572001e-13
18270.00 2.547115e-13
18280.00 2.522446e-13
18290.00 2.497976e-13
18300.00 2.473716e-13
18310.00 2.449667e-13
18320.00 2.425813e-13
18330.00 2.402165e-13
18340.00 2.378722e-13
18350.00 2.355471e-13
18360.00 2.332421e-13
18370.00 2.309572e-13
18380.00 2.286910e-13
18390.00 2.264447e-13
18400.00 2.242178e-13
18410.00 2.220094e-13
18420.00 2.198204e-13
18430.00 2.176504e-13
18440.00 2.154984e-13
18450.00 2.133655e-13
18460.00 2.112511e-13
18470.00 2.091543e-13
18480.00 2.070763e-13
18490.00 2.050162e-13
18500.00 2.029735e-13
18510.00 2.009491e-13
18520.00 1.989423e-13
18530.00 1.969524e-13
18540.00 1.949805e-13
18550.00 1.930256e-13
18560.00 1.910874e-13
18570.00 1.891668e-13
18580.00 1.872629e-13
18590.00 1.853752e-13
18600.00 1.835048e-13
18610.00 1.816506e-13
18620.00 1.798123e-13
18630.00 1.779911e-13
18640.00 1.761856e-13
18650.00 1.743955e-13
18660.00 1.726222e-13
18670.00 1.708644e-13
18680.00 1.691215e-13
18690.00 1.673951e-13
18700.00 1.656837e-13
18710.00 1.639871e-13
18720.00 1.623064e-13
18730.00 1.606405e-13
18740.00 1.589889e-13
18750.00 1.573531e-13
18760.00 1.557316e-13
18770.00 1.541242e-13
18780.00 1.525322e-13
18790.00 1.509541e-13
18800.00 1.493897e-13
18810.00 1.478405e-13
18820.00 1.463048e-13
18830.00 1.447826e-13
18840.00 1.432751e-13
18850.00 1.417809e-13
18860.00 1.402999e-13
18870.00 1.388332e-13
18880.00 1.373794e-13
18890.00 1.359386e-13
18900.00 1.345118e-13
18910.00 1.330977e-13
18920.00 1.316961e-13
18930.00 1.303082e-13
18940.00 1.289327e-13
18950.00 1.275696e-13
18960.00 1.262197e-13
18970.00 1.248819e-13
18980.00 1.235563e-13
18990.00 1.222435e-13
19000.00 1.209425e-13
19010.00 1.196535e-13
19020.00 1.183770e-13
19030.00 1.171120e-13
19040.00 1.158587e-13
19050.00 1.146176e-13
19060.00 1.133877e-13
19070.00 1.121693e-13
19080.00 1.109628e-13
19090.00 1.097672e-13
19100.00 1.085829e-13
19110.00 1.074101e-13
19120.00 1.062480e-13
19130.00 1.050969e-13
19140.00 1.039570e-13
19150.00 1.028276e-13
19160.00 1.017089e-13
19170.00 1.006012e-13
19180.00 9.950368e-14
19190.00 9.841670e-14
19200.00 9.734032e-14
19210.00 9.627391e-14
19220.00 9.521779e-14
19230.00 9.417202e-14
19240.00 9.313597e-14
19250.00 9.211003e-14
19260.00 9.109406e-14
19270.00 9.008769e-14
19280.00 8.909117e-14
19290.00 8.810431e-14
19300.00 8.712681e-14
19310.00 8.615897e-14
19320.00 8.520054e-14
19330.00 8.425116e-14
19340.00 8.331131e-14
19350.00 8.238063e-14
19360.00 8.145880e-14
19370.00 8.054620e-14
19380.00 7.964251e-14
19390.00 7.874749e-14
19400.00 7.786151e-14
19410.00 7.698413e-14
19420.00 7.611529e-14
19430.00 7.525518e-14
19440.00 7.440355e-14
19450.00 7.356015e-14
19460.00 7.272536e-14
19470.00 7.189879e-14
19480.00 7.108020e-14
19490.00 7.027010e-14
19500.00 6.946791e-14
19510.00 6.867357e-14
19520.00 6.788747e-14
19530.00 6.710909e-14
19540.00 6.633832e-14
19550.00 6.557566e-14
19560.00 6.482048e-14
19570.00 6.407271e-14
19580.00 6.333281e-14
19590.00 6.260025e-14
19600.00 6.187492e-14
19610.00 6.115724e-14
19620.00 6.044670e-14
19630.00 5.974319e-14
19640.00 5.904716e-14
19650.00 5.835807e-14
19660.00 5.767584e-14
19670.00 5.700090e-14
19680.00 5.633270e-14
19690.00 5.567120e-14
19700.00 5.501680e-14
19710.00 5.436896e-14
19720.00 5.372763e-14
19730.00 5.309323e-14
19740.00 5.246520e-14
19750.00 5.184354e-14
19760.00 5.122860e-14
19770.00 5.061988e-14
19780.00 5.001737e-14
19790.00 4.942138e-14
19800.00 4.883144e-14
19810.00 4.824757e-14
19820.00 4.767003e-14
19830.00 4.709838e-14
19840.00 4.653266e-14
19850.00 4.597308e-14
19860.00 4.541923e-14
19870.00 4.487117e-14
19880.00 4.432907e-14
19890.00 4.379256e-14
19900.00 4.326168e-14
19910.00 4.273660e-14
19920.00 4.221694e-14
19930.00 4.170278e-14
19940.00 4.119425e-14
19950.00 4.069100e-14
19960.00 4.019312e-14
19970.00 3.970069e-14
19980.00 3.921340e-14
19990.00 3.873134e-14
20000.00 3.825458e-14
20010.00 3.778281e-14
20020.00 3.731615e-14
20030.00 3.685462e-14
20040.00 3.639797e-14
20050.00 3.594628e-14
20060.00 3.549957e-14
20070.00 3.505760e-14
20080.00 3.462047e-14
20090.00 3.418817e-14
20100.00 3.376048e-14
20110.00 3.333750e-14
20120.00 3.291922e-14
20130.00 3.250541e-14
20140.00 3.209620e-14
20150.00 3.169153e-14
20160.00 3.129122e-14
20170.00 3.089539e-14
20180.00 3.050395e-14
20190.00 3.011676e-14
20200.00 2.973393e-14
20210.00 2.935536e-14
20220.00 2.898092e-14
20230.00 2.861072e-14
20240.00 2.824466e-14
20250.00 2.788261e-14
20260.00 2.752468e-14
20270.00 2.717077e-14
20280.00 2.682074e-14
20290.00 2.647475e-14
20300.00 2.613264e-14
20310.00 2.579431e-14
20320.00 2.545989e-14
20330.00 2.512925e-14
20340.00 2.480228e-14
20350.00 2.447911e-14
20360.00 2.415959e-14
20370.00 2.384365e-14
20380.00 2.353141e-14
20390.00 2.322271e-14
20400.00 2.291747e-14
20410.00 2.261584e-14
20420.00 2.231764e-14
20430.00 2.202280e-14
20440.00 2.173145e-14
20450.00 2.144344e-14
20460.00 2.115870e-14
20470.00 2.087735e-14
20480.00 2.059923e-14
20490.00 2.032428e-14
20500.00 2.005263e-14
20510.00 1.978411e-14
20520.00 1.951867e-14
20530.00 1.925644e-14
20540.00 1.899723e-14
20550.00 1.874101e-14
20560.00 1.848791e-14
20570.00 1.823774e-14
20580.00 1.799047e-14
20590.00 1.774622e-14
20600.00 1.750481e-14
20610.00 1.726623e-14
20620.00 1.703058e-14
20630.00 1.679767e-14
20640.00 1.656750e-14
20650.00 1.634018e-14
20660.00 1.611552e-14
20670.00 1.589352e-14
20680.00 1.567427e-14
20690.00 1.545761e-14
20700.00 1.524352e-14
20710.00 1.503210e-14
20720.00 1.482319e-14
20730.00 1.461678e-14
20740.00 1.441294e-14
20750.00 1.421154e-14
20760.00 1.401257e-14
20770.00 1.381609e-14
20780.00 1.362196e-14
20790.00 1.343020e-14
20800.00 1.324085e-14
20810.00 1.305378e-14
20820.00 1.286901e-14
20830.00 1.268656e-14
20840.00 1.250632e-14
20850.00 1.232831e-14
20860.00 1.215254e-14
20870.00 1.197893e-14
20880.00 1.180747e-14
20890.00 1.163818e-14
20900.00 1.147098e-14
20910.00 1.130587e-14
20920.00 1.114285e-14
20930.00 1.098185e-14
20940.00 1.082288e-14
20950.00 1.066594e-14
20960.00 1.051095e-14
20970.00 1.035793e-14
20980.00 1.020687e-14
20990.00 1.005769e-14
21000.00 9.910430e-15
21010.00 9.765061e-15
21020.00 9.621518e-15
21030.00 9.479827e-15
21040.00 9.339957e-15
21050.00 9.201863e-15
21060.00 9.065559e-15
21070.00 8.931019e-15
21080.00 8.798187e-15
21090.00 8.667101e-15
21100.00 8.537717e-15
21110.00 8.409985e-15
21120.00 8.283936e-15
21130.00 8.159533e-15
21140.00 8.036733e-15
21150.00 7.915560e-15
21160.00 7.795982e-15
21170.00 7.677945e-15
21180.00 7.561485e-15
21190.00 7.446565e-15
21200.00 7.333135e-15
21210.00 7.221232e-15
21220.00 7.110813e-15
21230.00 7.001835e-15
21240.00 6.894340e-15
21250.00 6.788273e-15
21260.00 6.683608e-15
21270.00 6.580359e-15
21280.00 6.478500e-15
21290.00 6.377982e-15
21300.00 6.278854e-15
21310.00 6.181053e-15
21320.00 6.084556e-15
21330.00 5.989396e-15
21340.00 5.895518e-15
21350.00 5.802900e-15
21360.00 5.711575e-15
21370.00 5.621485e-15
21380.00 5.532612e-15
21390.00 5.444989e-15
21400.00 5.358556e-15
21410.00 5.273299e-15
21420.00 5.189249e-15
21430.00 5.106347e-15
21440.00 5.024580e-15
21450.00 4.943977e-15
21460.00 4.864483e-15
21470.00 4.786084e-15
21480.00 4.708808e-15
21490.00 4.632600e-15
21500.00 4.557451e-15
21510.00 4.483384e-15
21520.00 4.410347e-15
21530.00 4.338332e-15
21540.00 4.267359e-15
21550.00 4.197381e-15
21560.00 4.128388e-15
21570.00 4.060399e-15
21580.00 3.993369e-15
21590.00 3.927291e-15
21600.00 3.862178e-15
21610.00 3.797990e-15
21620.00 3.734721e-15
21630.00 3.672381e-15
21640.00 3.610932e-15
21650.00 3.550369e-15
21660.00 3.490702e-15
21670.00 3.431891e-15
21680.00 3.373937e-15
21690.00 3.316842e-15
21700.00 3.260574e-15
21710.00 3.205131e-15
21720.00 3.150515e-15
21730.00 3.096696e-15
21740.00 3.043671e-15
21750.00 2.991443e-15
21760.00 2.939981e-15
21770.00 2.889285e-15
21780.00 2.839355e-15
21790.00 2.790161e-15
21800.00 2.741707e-15
21810.00 2.693988e-15
21820.00 2.646979e-15
21830.00 2.600681e-15
21840.00 2.555089e-15
21850.00 2.510182e-15
21860.00 2.465958e-15
21870.00 2.422414e-15
21880.00 2.379526e-15
21890.00 2.337299e-15
21900.00 2.295723e-15
21910.00 2.254780e-15
21920.00 2.214471e-15
21930.00 2.174787e-15
21940.00 2.135712e-15
21950.00 2.097247e-15
21960.00 2.059383e-15
21970.00 2.022103e-15
21980.00 1.985410e-15
21990.00 1.949295e-15
22000.00 1.913740e-15
22010.00 1.878750e-15
22020.00 1.844313e-15
22030.00 1.810416e-15
22040.00 1.777062e-15
22050.00 1.744238e-15
22060.00 1.711932e-15
22070.00 1.680148e-15
22080.00 1.648873e-15
22090.00 1.618095e-15
22100.00 1.587818e-15
22110.00 1.558029e-15
22120.00 1.528718e-15
22130.00 1.499888e-15
22140.00 1.471525e-15
22150.00 1.443620e-15
22160.00 1.416178e-15
22170.00 1.389184e-15
22180.00 1.362628e-15
22190.00 1.336517e-15
22200.00 1.310834e-15
22210.00 1.285573e-15
22220.00 1.260738e-15
22230.00 1.236313e-15
22240.00 1.212292e-15
22250.00 1.188680e-15
22260.00 1.165461e-15
22270.00 1.142629e-15
22280.00 1.120188e-15
22290.00 1.098124e-15
22300.00 1.076430e-15
22310.00 1.055112e-15
22320.00 1.034154e-15
22330.00 1.013551e-15
22340.00 9.933080e-16
22350.00 9.734094e-16
22360.00 9.538506e-16
22370.00 9.346353e-16
22380.00 9.157505e-16
22390.00 8.971911e-16
22400.00 8.789602e-16
22410.00 8.610454e-16
22420.00 8.434424e-16
22430.00 8.261529e-16
22440.00 8.091659e-16
22450.00 7.924768e-16
22460.00 7.760876e-16
22470.00 7.599871e-16
22480.00 7.441727e-16
22490.00 7.286439e-16
22500.00 7.133912e-16
22510.00 6.984123e-16
22520.00 6.837057e-16
22530.00 6.692630e-16
22540.00 6.550820e-16
22550.00 6.411611e-16
22560.00 6.274920e-16
22570.00 6.140725e-16
22580.00 6.009016e-16
22590.00 5.879711e-16
22600.00 5.752790e-16
22610.00 5.628239e-16
22620.00 5.505982e-16
22630.00 5.386002e-16
22640.00 5.268279e-16
22650.00 5.152746e-16
22660.00 5.039385e-16
22670.00 4.928175e-16
22680.00 4.819053e-16
22690.00 4.712003e-16
22700.00 4.607001e-16
22710.00 4.503990e-16
22720.00 4.402954e-16
22730.00 4.303869e-16
22740.00 4.206679e-16
22750.00 4.111372e-16
22760.00 4.017921e-16
22770.00 3.926276e-16
22780.00 3.836425e-16
22790.00 3.748339e-16
22800.00 3.661971e-16
22810.00 3.577312e-16
22820.00 3.494331e-16
22830.00 3.412984e-16
22840.00 3.333264e-16
22850.00 3.255139e-16
22860.00 3.178568e-16
22870.00 3.103544e-16
22880.00 3.030035e-16
22890.00 2.958005e-16
22900.00 2.887444e-16
22910.00 2.818322e-16
22920.00 2.750604e-16
22930.00 2.684284e-16
22940.00 2.619329e-16
22950.00 2.555708e-16
22960.00 2.493413e-16
22970.00 2.432414e-16
22980.00 2.372680e-16
22990.00 2.314206e-16
23000.00 2.256960e-16
23010.00 2.200914e-16
23020.00 2.146064e-16
23030.00 2.092377e-16
23040.00 2.039828e-16
23050.00 1.988413e-16
23060.00 1.938100e-16
23070.00 1.888866e-16
23080.00 1.840704e-16
23090.00 1.793587e-16
23100.00 1.747491e-16
23110.00 1.702412e-16
23120.00 1.658320e-16
23130.00 1.615195e-16
23140.00 1.573033e-16
23150.00 1.531803e-16
23160.00 1.491489e-16
23170.00 1.452085e-16
23180.00 1.413563e-16
23190.00 1.375907e-16
23200.00 1.339110e-16
23210.00 1.303147e-16
23220.00 1.268000e-16
23230.00 1.233666e-16
23240.00 1.200119e-16
23250.00 1.167344e-16
23260.00 1.135336e-16
23270.00 1.104069e-16
23280.00 1.073531e-16
23290.00 1.043716e-16
23300.00 1.014600e-16
23310.00 9.861720e-17
23320.00 9.584242e-17
23330.00 9.313367e-17
23340.00 9.048962e-17
23350.00 8.790974e-17
23360.00 8.539188e-17
23370.00 8.293512e-17
23380.00 8.053859e-17
23390.00 7.820054e-17
23400.00 7.591990e-17
23410.00 7.369594e-17
23420.00 7.152690e-17
23430.00 6.941186e-17
23440.00 6.735012e-17
23450.00 6.534000e-17
23460.00 6.338062e-17
23470.00 6.147117e-17
23480.00 5.961024e-17
23490.00 5.779695e-17
23500.00 5.603051e-17
23510.00 5.430956e-17
23520.00 5.263330e-17
23530.00 5.100095e-17
23540.00 4.941123e-17
23550.00 4.786340e-17
23560.00 4.635668e-17
23570.00 4.488988e-17
23580.00 4.346231e-17
23590.00 4.207320e-17
23600.00 4.072143e-17
23610.00 3.940637e-17
23620.00 3.812724e-17
23630.00 3.688303e-17
23640.00 3.567313e-17
23650.00 3.449676e-17
23660.00 3.335301e-17
23670.00 3.224128e-17
23680.00 3.116086e-17
23690.00 3.011085e-17
23700.00 2.909072e-17
23710.00 2.809973e-17
23720.00 2.713711e-17
23730.00 2.620231e-17
23740.00 2.529466e-17
23750.00 2.441341e-17
23760.00 2.355805e-17
23770.00 2.272794e-17
23780.00 2.192236e-17
23790.00 2.114087e-17
23800.00 2.038282e-17
23810.00 1.964757e-17
23820.00 1.893467e-17
23830.00 1.824351e-17
23840.00 1.757351e-17
23850.00 1.692424e-17
23860.00 1.629511e-17
23870.00 1.568559e-17
23880.00 1.509526e-17
23890.00 1.452358e-17
23900.00 1.397003e-17
23910.00 1.343424e-17
23920.00 1.291568e-17
23930.00 1.241387e-17
23940.00 1.192847e-17
23950.00 1.145897e-17
23960.00 1.100492e-17
23970.00 1.056601e-17
23980.00 1.014175e-17
23990.00 9.731737e-18
24000.00 9.335649e-18
24010.00 8.953051e-18
24020.00 8.583553e-18
24030.00 8.226866e-18
24040.00 7.882567e-18
24050.00 7.550300e-18
24060.00 7.229792e-18
24070.00 6.920649e-18
24080.00 6.622535e-18
24090.00 6.335201e-18
24100.00 6.058262e-18
24110.00 5.791426e-18
24120.00 5.534445e-18
24130.00 5.286971e-18
24140.00 5.048725e-18
24150.00 4.819471e-18
24160.00 4.598893e-18
24170.00 4.386730e-18
24180.00 4.182756e-18
24190.00 3.986682e-18
24200.00 3.798266e-18
24210.00 3.617293e-18
24220.00 3.443497e-18
24230.00 3.276654e-18
24240.00 3.116564e-18
24250.00 2.962979e-18
24260.00 2.815695e-18
24270.00 2.674518e-18
24280.00 2.539226e-18
24290.00 2.409626e-18
24300.00 2.285541e-18
24310.00 2.166764e-18
24320.00 2.053119e-18
24330.00 1.944438e-18
24340.00 1.840533e-18
24350.00 1.741242e-18
24360.00 1.646407e-18
24370.00 1.555857e-18
24380.00 1.469444e-18
24390.00 1.387019e-18
24400.00 1.308428e-18
24410.00 1.233532e-18
24420.00 1.162197e-18
24430.00 1.094279e-18
24440.00 1.029653e-18
24450.00 9.681936e-19
24460.00 9.097722e-19
24470.00 8.542717e-19
24480.00 8.015779e-19
24490.00 7.515730e-19
24500.00 7.041511e-19
24510.00 6.592074e-19
24520.00 6.166357e-19
24530.00 5.763387e-19
24540.00 5.382204e-19
24550.00 5.021848e-19
24560.00 4.681442e-19
24570.00 4.360107e-19
24580.00 4.056980e-19
24590.00 3.771262e-19
24600.00 3.502160e-19
24610.00 3.248895e-19
24620.00 3.010748e-19
24630.00 2.787001e-19
24640.00 2.576957e-19
24650.00 2.379966e-19
24660.00 2.195385e-19
24670.00 2.022589e-19
24680.00 1.860998e-19
24690.00 1.710034e-19
24700.00 1.569142e-19
24710.00 1.437804e-19
24720.00 1.315504e-19
24730.00 1.201751e-19
24740.00 1.096084e-19
24750.00 9.980468e-20
24760.00 9.072061e-20
24770.00 8.231529e-20
24780.00 7.454869e-20
24790.00 6.738272e-20
24800.00 6.078139e-20
24810.00 5.470972e-20
24820.00 4.913442e-20
24830.00 4.402416e-20
24840.00 3.934846e-20
24850.00 3.507846e-20
24860.00 3.118703e-20
24870.00 2.764788e-20
24880.00 2.443619e-20
24890.00 2.152863e-20
24900.00 1.890272e-20
24910.00 1.653730e-20
24920.00 1.441252e-20
24930.00 1.250934e-20
24940.00 1.080992e-20
24950.00 9.297512e-21
24960.00 7.956215e-21
24970.00 6.771134e-21
24980.00 5.728364e-21
24990.00 4.814762e-21
25000.00 4.018093e-21
