1000.00 3.735922e-16
1010.00 1.440206e-15
1020.00 3.880313e-15
1030.00 8.576912e-15
1040.00 1.666854e-14
1050.00 2.955316e-14
1060.00 4.887800e-14
1070.00 7.651392e-14
1080.00 1.145136e-13
1090.00 1.650530e-13
1100.00 2.303575e-13
1110.00 3.126123e-13
1120.00 4.138614e-13
1130.00 5.358960e-13
1140.00 6.801371e-13
1150.00 8.475161e-13
1160.00 1.038358e-12
1170.00 1.252275e-12
1180.00 1.488071e-12
1190.00 1.743669e-12
1200.00 2.016066e-12
1210.00 2.301307e-12
1220.00 2.594517e-12
1230.00 2.889948e-12
1240.00 3.181090e-12
1250.00 3.460808e-12
1260.00 3.722256e-12
1270.00 3.961590e-12
1280.00 4.176545e-12
1290.00 4.365819e-12
1300.00 4.529046e-12
1310.00 4.666742e-12
1320.00 4.780224e-12
1330.00 4.871520e-12
1340.00 4.943242e-12
1350.00 4.998514e-12
1360.00 5.040830e-12
1370.00 5.074003e-12
1380.00 5.101975e-12
1390.00 5.127208e-12
1400.00 5.150540e-12
1410.00 5.172750e-12
1420.00 5.194597e-12
1430.00 5.216854e-12
1440.00 5.240302e-12
1450.00 5.265722e-12
1460.00 5.293930e-12
1470.00 5.325754e-12
1480.00 5.362052e-12
1490.00 5.403733e-12
1500.00 5.451734e-12
1510.00 5.506887e-12
1520.00 5.569347e-12
1530.00 5.639116e-12
1540.00 5.716185e-12
1550.00 5.800556e-12
1560.00 5.892220e-12
1570.00 5.991178e-12
1580.00 6.097417e-12
1590.00 6.210932e-12
1600.00 6.331701e-12
1610.00 6.459707e-12
1620.00 6.594912e-12
1630.00 6.737282e-12
1640.00 6.886757e-12
1650.00 7.043277e-12
1660.00 7.206751e-12
1670.00 7.377089e-12
1680.00 7.554162e-12
1690.00 7.737835e-12
1700.00 7.927937e-12
1710.00 8.124282e-12
1720.00 8.326643e-12
1730.00 8.534776e-12
1740.00 8.748391e-12
1750.00 8.967175e-12
1760.00 9.190798e-12
1770.00 9.419036e-12
1780.00 9.651658e-12
1790.00 9.888408e-12
1800.00 1.012900e-11
1810.00 1.037311e-11
1820.00 1.062040e-11
1830.00 1.087046e-11
1840.00 1.112289e-11
1850.00 1.137723e-11
1860.00 1.163297e-11
1870.00 1.188961e-11
1880.00 1.214655e-11
1890.00 1.240322e-11
1900.00 1.265895e-11
1910.00 1.291309e-11
1920.00 1.316491e-11
1930.00 1.341367e-11
1940.00 1.365859e-11
1950.00 1.389887e-11
1960.00 1.413365e-11
1970.00 1.436209e-11
1980.00 1.458326e-11
1990.00 1.479628e-11
2000.00 1.500018e-11
2010.00 1.519417e-11
2020.00 1.537788e-11
2030.00 1.555113e-11
2040.00 1.571372e-11
2050.00 1.586552e-11
2060.00 1.600640e-11
2070.00 1.613628e-11
2080.00 1.625507e-11
2090.00 1.636274e-11
2100.00 1.645926e-11
2110.00 1.654465e-11
2120.00 1.661892e-11
2130.00 1.668213e-11
2140.00 1.673435e-11
2150.00 1.677568e-11
2160.00 1.680621e-11
2170.00 1.682609e-11
2180.00 1.683547e-11
2190.00 1.683450e-11
2200.00 1.682337e-11
2210.00 1.680227e-11
2220.00 1.677141e-11
2230.00 1.673101e-11
2240.00 1.668130e-11
2250.00 1.662251e-11
2260.00 1.655515e-11
2270.00 1.648079e-11
2280.00 1.640124e-11
2290.00 1.631832e-11
2300.00 1.623383e-11
2310.00 1.614959e-11
2320.00 1.606738e-11
2330.00 1.598897e-11
2340.00 1.591615e-11
2350.00 1.585067e-11
2360.00 1.579430e-11
2370.00 1.574880e-11
2380.00 1.571595e-11
2390.00 1.569751e-11
2400.00 1.569532e-11
2410.00 1.571119e-11
2420.00 1.574702e-11
2430.00 1.580474e-11
2440.00 1.588636e-11
2450.00 1.599397e-11
2460.00 1.612975e-11
2470.00 1.629601e-11
2480.00 1.649521e-11
2490.00 1.672995e-11
2500.00 1.700302e-11
2510.00 1.459354e-11
2520.00 1.617348e-11
2530.00 1.845184e-11
2540.00 2.295294e-11
2550.00 2.641112e-11
2560.00 2.764533e-11
2570.00 3.276930e-11
2580.00 2.940980e-11
2590.00 3.402226e-11
2600.00 3.579900e-11
2610.00 3.240329e-11
2620.00 3.315186e-11
2630.00 2.885467e-11
2640.00 2.288307e-11
2650.00 2.242927e-11
2660.00 2.010344e-11
2670.00 2.059977e-11
2680.00 2.388987e-11
2690.00 3.649269e-11
2700.00 5.664810e-11
2710.00 8.140279e-11
2720.00 9.725025e-11
2730.00 9.934718e-11
2740.00 9.858313e-11
2750.00 1.033083e-10
2760.00 1.020053e-10
2770.00 1.052118e-10
2780.00 1.020318e-10
2790.00 1.176614e-10
2800.00 1.172050e-10
2810.00 1.147165e-10
2820.00 1.147952e-10
2830.00 1.092505e-10
2840.00 1.017885e-10
2850.00 1.066021e-10
2860.00 1.049529e-10
2870.00 1.072457e-10
2880.00 1.075441e-10
2890.00 1.135232e-10
2900.00 1.289245e-10
2910.00 1.375308e-10
2920.00 1.511241e-10
2930.00 1.574551e-10
2940.00 1.616711e-10
2950.00 1.671647e-10
2960.00 1.608344e-10
2970.00 1.563696e-10
2980.00 1.543712e-10
2990.00 1.495505e-10
3000.00 1.380036e-10
3010.00 1.334852e-10
3020.00 1.237975e-10
3030.00 1.257937e-10
3040.00 1.306490e-10
3050.00 1.298424e-10
3060.00 1.311101e-10
3070.00 1.263750e-10
3080.00 1.331979e-10
3090.00 1.328477e-10
3100.00 1.173544e-10
3110.00 1.205321e-10
3120.00 1.335555e-10
3130.00 1.312897e-10
3140.00 1.367157e-10
3150.00 1.361962e-10
3160.00 1.413031e-10
3170.00 1.445263e-10
3180.00 1.606730e-10
3190.00 1.638556e-10
3200.00 1.758744e-10
3210.00 1.649600e-10
3220.00 1.612161e-10
3230.00 1.447508e-10
3240.00 1.410920e-10
3250.00 1.351328e-10
3260.00 1.270449e-10
3270.00 1.226883e-10
3280.00 1.174408e-10
3290.00 1.136384e-10
3300.00 1.184475e-10
3310.00 1.170485e-10
3320.00 1.266414e-10
3330.00 1.254961e-10
3340.00 1.283485e-10
3350.00 1.261396e-10
3360.00 1.256957e-10
3370.00 1.296936e-10
3380.00 1.288007e-10
3390.00 1.307683e-10
3400.00 1.370587e-10
3410.00 1.373282e-10
3420.00 1.524852e-10
3430.00 1.621272e-10
3440.00 1.617769e-10
3450.00 1.639826e-10
3460.00 1.545021e-10
3470.00 1.593732e-10
3480.00 1.592314e-10
3490.00 1.583143e-10
3500.00 1.513173e-10
3510.00 1.598689e-10
3520.00 1.674812e-10
3530.00 1.811222e-10
3540.00 1.949109e-10
3550.00 2.062162e-10
3560.00 2.079605e-10
3570.00 2.069497e-10
3580.00 2.144542e-10
3590.00 2.141523e-10
3600.00 2.229799e-10
3610.00 2.222301e-10
3620.00 2.249516e-10
3630.00 2.163634e-10
3640.00 2.044197e-10
3650.00 2.088044e-10
3660.00 2.172743e-10
3670.00 2.373230e-10
3680.00 2.569574e-10
3690.00 2.833363e-10
3700.00 3.157006e-10
3710.00 3.377239e-10
3720.00 3.491148e-10
3730.00 3.555294e-10
3740.00 3.422806e-10
3750.00 3.189408e-10
3760.00 2.998278e-10
3770.00 2.673482e-10
3780.00 2.297964e-10
3790.00 1.893080e-10
3800.00 1.626955e-10
3810.00 1.395782e-10
3820.00 1.264708e-10
3830.00 1.134304e-10
3840.00 1.202586e-10
3850.00 1.277660e-10
3860.00 1.474049e-10
3870.00 1.731631e-10
3880.00 2.127091e-10
3890.00 2.466531e-10
3900.00 2.790943e-10
3910.00 3.028081e-10
3920.00 3.406884e-10
3930.00 3.590190e-10
3940.00 3.934778e-10
3950.00 4.145808e-10
3960.00 4.382285e-10
3970.00 4.578205e-10
3980.00 4.809975e-10
3990.00 4.969230e-10
4000.00 4.835829e-10
4010.00 4.713451e-10
4020.00 4.371828e-10
4030.00 4.213638e-10
4040.00 3.765107e-10
4050.00 3.587540e-10
4060.00 3.289870e-10
4070.00 3.247339e-10
4080.00 3.086252e-10
4090.00 3.026001e-10
4100.00 2.938322e-10
4110.00 2.795025e-10
4120.00 2.636192e-10
4130.00 2.580839e-10
4140.00 2.503284e-10
4150.00 2.504402e-10
4160.00 2.481854e-10
4170.00 2.432162e-10
4180.00 2.451480e-10
4190.00 2.521204e-10
4200.00 2.571069e-10
4210.00 2.607524e-10
4220.00 2.763222e-10
4230.00 2.670511e-10
4240.00 2.691373e-10
4250.00 2.739809e-10
4260.00 2.844039e-10
4270.00 2.718245e-10
4280.00 2.794814e-10
4290.00 2.797696e-10
4300.00 2.787556e-10
4310.00 2.953188e-10
4320.00 2.884676e-10
4330.00 3.047955e-10
4340.00 2.963525e-10
4350.00 2.958699e-10
4360.00 2.999133e-10
4370.00 2.768390e-10
4380.00 2.452475e-10
4390.00 2.276492e-10
4400.00 2.170140e-10
4410.00 1.931969e-10
4420.00 1.811867e-10
4430.00 1.657896e-10
4440.00 1.611161e-10
4450.00 1.590444e-10
4460.00 1.586852e-10
4470.00 1.632195e-10
4480.00 1.677061e-10
4490.00 1.761466e-10
4500.00 1.875390e-10
4510.00 2.007440e-10
4520.00 2.126197e-10
4530.00 2.363299e-10
4540.00 2.521828e-10
4550.00 2.727462e-10
4560.00 2.985747e-10
4570.00 3.154419e-10
4580.00 3.523954e-10
4590.00 3.749406e-10
4600.00 4.158391e-10
4610.00 4.303462e-10
4620.00 4.437579e-10
4630.00 4.462676e-10
4640.00 4.645743e-10
4650.00 4.725993e-10
4660.00 4.688174e-10
4670.00 4.609677e-10
4680.00 4.288810e-10
4690.00 4.038593e-10
4700.00 3.435764e-10
4710.00 3.248850e-10
4720.00 2.818183e-10
4730.00 2.541934e-10
4740.00 2.289787e-10
4750.00 2.164056e-10
4760.00 2.029643e-10
4770.00 1.896131e-10
4780.00 1.832814e-10
4790.00 1.935843e-10
4800.00 2.009117e-10
4810.00 2.077152e-10
4820.00 2.165889e-10
4830.00 2.263131e-10
4840.00 2.371310e-10
4850.00 2.412956e-10
4860.00 2.381483e-10
4870.00 2.365750e-10
4880.00 2.352237e-10
4890.00 2.369764e-10
4900.00 2.440063e-10
4910.00 2.547864e-10
4920.00 2.716817e-10
4930.00 2.922915e-10
4940.00 3.281506e-10
4950.00 3.435992e-10
4960.00 3.536954e-10
4970.00 3.600518e-10
4980.00 3.508680e-10
4990.00 3.345311e-10
5000.00 3.150205e-10
5010.00 2.898630e-10
5020.00 2.679053e-10
5030.00 2.337829e-10
5040.00 2.219581e-10
5050.00 2.135990e-10
5060.00 2.096708e-10
5070.00 2.053026e-10
5080.00 2.027538e-10
5090.00 2.017856e-10
5100.00 2.021725e-10
5110.00 2.051421e-10
5120.00 2.065030e-10
5130.00 2.017682e-10
5140.00 2.004786e-10
5150.00 1.984659e-10
5160.00 2.011616e-10
5170.00 2.067481e-10
5180.00 2.209104e-10
5190.00 2.336761e-10
5200.00 2.459166e-10
5210.00 2.401563e-10
5220.00 2.554723e-10
5230.00 2.933275e-10
5240.00 2.923663e-10
5250.00 3.091891e-10
5260.00 3.018496e-10
5270.00 3.156727e-10
5280.00 3.659805e-10
5290.00 3.724314e-10
5300.00 3.473059e-10
5310.00 4.038283e-10
5320.00 4.029044e-10
5330.00 3.929264e-10
5340.00 3.851568e-10
5350.00 3.840780e-10
5360.00 3.613912e-10
5370.00 3.633426e-10
5380.00 3.582648e-10
5390.00 3.329062e-10
5400.00 3.846382e-10
5410.00 3.765450e-10
5420.00 3.521813e-10
5430.00 3.429117e-10
5440.00 3.970508e-10
5450.00 4.223233e-10
5460.00 4.277878e-10
5470.00 4.962429e-10
5480.00 4.863008e-10
5490.00 5.044805e-10
5500.00 5.420995e-10
5510.00 5.570284e-10
5520.00 5.561916e-10
5530.00 4.962959e-10
5540.00 5.133437e-10
5550.00 5.086833e-10
5560.00 4.950689e-10
5570.00 4.921743e-10
5580.00 4.366800e-10
5590.00 4.191973e-10
5600.00 3.948158e-10
5610.00 3.534974e-10
5620.00 3.265462e-10
5630.00 3.106577e-10
5640.00 2.886679e-10
5650.00 2.561553e-10
5660.00 2.332613e-10
5670.00 1.927537e-10
5680.00 1.827022e-10
5690.00 1.698733e-10
5700.00 1.799193e-10
5710.00 1.724626e-10
5720.00 1.766029e-10
5730.00 1.862176e-10
5740.00 1.827148e-10
5750.00 1.922840e-10
5760.00 1.870178e-10
5770.00 2.165404e-10
5780.00 2.525810e-10
5790.00 2.613260e-10
5800.00 2.968155e-10
5810.00 3.185671e-10
5820.00 3.476489e-10
5830.00 3.517971e-10
5840.00 3.703472e-10
5850.00 3.632070e-10
5860.00 3.972759e-10
5870.00 3.924724e-10
5880.00 3.509623e-10
5890.00 2.382036e-10
5900.00 3.319935e-10
5910.00 3.524244e-10
5920.00 3.620748e-10
5930.00 3.031491e-10
5940.00 2.952833e-10
5950.00 2.851423e-10
5960.00 2.758646e-10
5970.00 2.543745e-10
5980.00 2.570863e-10
5990.00 2.555659e-10
6000.00 2.219973e-10
6010.00 2.347243e-10
6020.00 2.324945e-10
6030.00 2.350982e-10
6040.00 2.330405e-10
6050.00 2.507800e-10
6060.00 2.701048e-10
6070.00 2.610230e-10
6080.00 2.736164e-10
6090.00 2.592998e-10
6100.00 2.625343e-10
6110.00 2.597669e-10
6120.00 2.480137e-10
6130.00 2.438708e-10
6140.00 2.733566e-10
6150.00 2.621467e-10
6160.00 2.494346e-10
6170.00 2.246630e-10
6180.00 2.390357e-10
6190.00 2.549632e-10
6200.00 2.454076e-10
6210.00 2.343874e-10
6220.00 2.579977e-10
6230.00 2.547401e-10
6240.00 2.436922e-10
6250.00 2.657288e-10
6260.00 2.478770e-10
6270.00 2.299289e-10
6280.00 2.245440e-10
6290.00 2.150069e-10
6300.00 2.086788e-10
6310.00 2.050028e-10
6320.00 2.034969e-10
6330.00 2.067754e-10
6340.00 2.147414e-10
6350.00 2.232468e-10
6360.00 2.299326e-10
6370.00 2.413054e-10
6380.00 2.493967e-10
6390.00 2.657805e-10
6400.00 2.841605e-10
6410.00 3.030506e-10
6420.00 3.245577e-10
6430.00 3.439408e-10
6440.00 3.650732e-10
6450.00 3.847880e-10
6460.00 4.037165e-10
6470.00 4.201345e-10
6480.00 4.311687e-10
6490.00 4.478839e-10
6500.00 4.605643e-10
6510.00 4.701943e-10
6520.00 4.767383e-10
6530.00 4.818491e-10
6540.00 4.872773e-10
6550.00 4.917255e-10
6560.00 4.927375e-10
6570.00 4.904904e-10
6580.00 4.893509e-10
6590.00 4.860471e-10
6600.00 4.789201e-10
6610.00 4.690857e-10
6620.00 4.555262e-10
6630.00 4.464172e-10
6640.00 4.311205e-10
6650.00 4.143251e-10
6660.00 3.972890e-10
6670.00 3.793489e-10
6680.00 3.678900e-10
6690.00 3.513922e-10
6700.00 3.351089e-10
6710.00 3.200847e-10
6720.00 3.071799e-10
6730.00 2.962842e-10
6740.00 2.835954e-10
6750.00 2.703425e-10
6760.00 2.622515e-10
6770.00 2.536197e-10
6780.00 2.462854e-10
6790.00 2.394949e-10
6800.00 2.341846e-10
6810.00 2.303610e-10
6820.00 2.258705e-10
6830.00 2.238475e-10
6840.00 2.288521e-10
6850.00 2.235179e-10
6860.00 2.068114e-10
6870.00 2.005698e-10
6880.00 1.973922e-10
6890.00 2.081081e-10
6900.00 2.157543e-10
6910.00 2.224319e-10
6920.00 2.304885e-10
6930.00 2.358014e-10
6940.00 2.380672e-10
6950.00 2.399984e-10
6960.00 2.448102e-10
6970.00 2.479102e-10
6980.00 2.480636e-10
6990.00 2.478676e-10
7000.00 2.583254e-10
7010.00 2.701843e-10
7020.00 2.674706e-10
7030.00 2.698402e-10
7040.00 2.642496e-10
7050.00 2.611822e-10
7060.00 2.671937e-10
7070.00 2.590086e-10
7080.00 2.589888e-10
7090.00 2.664640e-10
7100.00 2.686682e-10
7110.00 2.660050e-10
7120.00 2.735271e-10
7130.00 2.754908e-10
7140.00 2.771387e-10
7150.00 2.833996e-10
7160.00 2.822775e-10
7170.00 2.866638e-10
7180.00 3.061343e-10
7190.00 3.196407e-10
7200.00 3.320049e-10
7210.00 3.277997e-10
7220.00 3.261731e-10
7230.00 3.333479e-10
7240.00 3.503955e-10
7250.00 3.633242e-10
7260.00 3.943988e-10
7270.00 3.884340e-10
7280.00 3.741070e-10
7290.00 3.661908e-10
7300.00 3.705169e-10
7310.00 3.733632e-10
7320.00 3.696143e-10
7330.00 3.597771e-10
7340.00 3.550540e-10
7350.00 3.501322e-10
7360.00 3.453282e-10
7370.00 3.447447e-10
7380.00 3.417567e-10
7390.00 3.402039e-10
7400.00 3.399499e-10
7410.00 3.389732e-10
7420.00 3.445711e-10
7430.00 3.432559e-10
7440.00 3.406706e-10
7450.00 3.392527e-10
7460.00 3.374922e-10
7470.00 3.343818e-10
7480.00 3.264956e-10
7490.00 3.113876e-10
7500.00 2.988459e-10
7510.00 2.895640e-10
7520.00 2.681506e-10
7530.00 2.528970e-10
7540.00 2.384487e-10
7550.00 2.293266e-10
7560.00 2.133842e-10
7570.00 1.887446e-10
7580.00 1.830059e-10
7590.00 1.794460e-10
7600.00 1.755485e-10
7610.00 1.389255e-10
7620.00 6.930019e-11
7630.00 1.099110e-10
7640.00 1.313872e-10
7650.00 1.128934e-10
7660.00 1.343258e-10
7670.00 1.570780e-10
7680.00 1.866228e-10
7690.00 1.961189e-10
7700.00 2.038750e-10
7710.00 2.139753e-10
7720.00 2.141609e-10
7730.00 2.074892e-10
7740.00 2.182178e-10
7750.00 2.135217e-10
7760.00 2.041853e-10
7770.00 2.084567e-10
7780.00 2.062407e-10
7790.00 2.044170e-10
7800.00 1.916335e-10
7810.00 1.894352e-10
7820.00 1.885495e-10
7830.00 1.733217e-10
7840.00 1.712908e-10
7850.00 1.698065e-10
7860.00 1.617250e-10
7870.00 1.494706e-10
7880.00 1.458147e-10
7890.00 1.378777e-10
7900.00 1.287584e-10
7910.00 1.233585e-10
7920.00 1.212021e-10
7930.00 1.120475e-10
7940.00 1.039031e-10
7950.00 9.749698e-11
7960.00 9.641574e-11
7970.00 9.346811e-11
7980.00 8.511611e-11
7990.00 8.107418e-11
8000.00 7.817707e-11
8010.00 7.884377e-11
8020.00 7.263681e-11
8030.00 7.081717e-11
8040.00 6.858335e-11
8050.00 6.830924e-11
8060.00 6.752177e-11
8070.00 6.842334e-11
8080.00 6.561041e-11
8090.00 6.025433e-11
8100.00 6.371070e-11
8110.00 6.063964e-11
8120.00 6.185428e-11
8130.00 5.906939e-11
8140.00 6.203630e-11
8150.00 5.772637e-11
8160.00 5.580591e-11
8170.00 5.923385e-11
8180.00 5.312880e-11
8190.00 5.104761e-11
8200.00 4.893671e-11
8210.00 4.360967e-11
8220.00 4.006454e-11
8230.00 3.517183e-11
8240.00 3.040536e-11
8250.00 2.227991e-11
8260.00 2.161967e-11
8270.00 1.912500e-11
8280.00 1.945806e-11
8290.00 1.986760e-11
8300.00 1.577885e-11
8310.00 1.646604e-11
8320.00 1.942696e-11
8330.00 1.849775e-11
8340.00 1.970255e-11
8350.00 2.386263e-11
8360.00 2.174945e-11
8370.00 2.504986e-11
8380.00 2.919515e-11
8390.00 2.934667e-11
8400.00 3.008764e-11
8410.00 3.259477e-11
8420.00 3.435226e-11
8430.00 3.929004e-11
8440.00 4.309434e-11
8450.00 4.665370e-11
8460.00 4.940405e-11
8470.00 5.418965e-11
8480.00 6.358666e-11
8490.00 7.164951e-11
8500.00 7.893845e-11
8510.00 8.464511e-11
8520.00 9.071970e-11
8530.00 9.866203e-11
8540.00 1.099608e-10
8550.00 1.264883e-10
8560.00 1.366940e-10
8570.00 1.350875e-10
8580.00 1.323891e-10
8590.00 1.312130e-10
8600.00 1.349038e-10
8610.00 1.377211e-10
8620.00 1.477635e-10
8630.00 1.494068e-10
8640.00 1.454524e-10
8650.00 1.415533e-10
8660.00 1.368666e-10
8670.00 1.347985e-10
8680.00 1.473688e-10
8690.00 1.578687e-10
8700.00 1.534845e-10
8710.00 1.478004e-10
8720.00 1.479808e-10
8730.00 1.502822e-10
8740.00 1.561875e-10
8750.00 1.744452e-10
8760.00 1.771153e-10
8770.00 1.639098e-10
8780.00 1.567551e-10
8790.00 1.716854e-10
8800.00 1.854920e-10
8810.00 1.836710e-10
8820.00 1.792680e-10
8830.00 1.703993e-10
8840.00 1.568002e-10
8850.00 1.572542e-10
8860.00 1.621997e-10
8870.00 1.752006e-10
8880.00 1.728886e-10
8890.00 1.567665e-10
8900.00 1.439702e-10
8910.00 1.426109e-10
8920.00 1.483466e-10
8930.00 1.499545e-10
8940.00 1.447123e-10
8950.00 1.457987e-10
8960.00 1.408930e-10
8970.00 1.350305e-10
8980.00 1.304617e-10
8990.00 1.295537e-10
9000.00 1.344750e-10
9010.00 1.235428e-10
9020.00 1.199192e-10
9030.00 1.232672e-10
9040.00 1.203421e-10
9050.00 1.172606e-10
9060.00 1.211224e-10
9070.00 1.209530e-10
9080.00 1.160035e-10
9090.00 1.146874e-10
9100.00 1.143064e-10
9110.00 1.148678e-10
9120.00 1.199503e-10
9130.00 1.223587e-10
9140.00 1.210108e-10
9150.00 1.148954e-10
9160.00 1.131921e-10
9170.00 1.132120e-10
9180.00 1.078862e-10
9190.00 1.093142e-10
9200.00 1.079670e-10
9210.00 1.094642e-10
9220.00 1.134961e-10
9230.00 1.167047e-10
9240.00 1.248283e-10
9250.00 1.252626e-10
9260.00 1.107971e-10
9270.00 1.068951e-10
9280.00 1.030345e-10
9290.00 1.014190e-10
9300.00 1.071941e-10
9310.00 1.129892e-10
9320.00 1.077429e-10
9330.00 9.849412e-11
9340.00 8.458360e-11
9350.00 8.660425e-11
9360.00 8.908127e-11
9370.00 9.365270e-11
9380.00 9.328406e-11
9390.00 1.277146e-10
9400.00 1.153571e-10
9410.00 8.195055e-11
9420.00 8.895138e-11
9430.00 8.632818e-11
9440.00 8.735381e-11
9450.00 9.762771e-11
9460.00 1.011983e-10
9470.00 1.080711e-10
9480.00 1.063144e-10
9490.00 1.061295e-10
9500.00 1.045970e-10
9510.00 1.073953e-10
9520.00 9.727824e-11
9530.00 1.104065e-10
9540.00 1.360216e-10
9550.00 1.243171e-10
9560.00 1.185942e-10
9570.00 1.196811e-10
9580.00 1.079717e-10
9590.00 1.064139e-10
9600.00 1.137925e-10
9610.00 1.124230e-10
9620.00 1.105356e-10
9630.00 1.021981e-10
9640.00 9.430104e-11
9650.00 9.580055e-11
9660.00 9.478992e-11
9670.00 9.506749e-11
9680.00 8.893706e-11
9690.00 8.301545e-11
9700.00 8.904708e-11
9710.00 9.317078e-11
9720.00 9.578047e-11
9730.00 8.922874e-11
9740.00 8.713040e-11
9750.00 9.355162e-11
9760.00 8.755391e-11
9770.00 9.390103e-11
9780.00 9.964538e-11
9790.00 9.510680e-11
9800.00 1.074035e-10
9810.00 1.078865e-10
9820.00 9.783702e-11
9830.00 1.026609e-10
9840.00 1.097270e-10
9850.00 1.203826e-10
9860.00 1.219350e-10
9870.00 1.220093e-10
9880.00 1.443281e-10
9890.00 1.417446e-10
9900.00 1.298401e-10
9910.00 1.290841e-10
9920.00 1.379564e-10
9930.00 1.428982e-10
9940.00 1.422158e-10
9950.00 1.380511e-10
9960.00 1.421768e-10
9970.00 1.598989e-10
9980.00 1.433153e-10
9990.00 1.420151e-10
10000.00 1.460923e-10
10010.00 1.451447e-10
10020.00 1.441959e-10
10030.00 1.432450e-10
10040.00 1.422925e-10
10050.00 1.413387e-10
10060.00 1.403830e-10
10070.00 1.394259e-10
10080.00 1.384672e-10
10090.00 1.375067e-10
10100.00 1.365448e-10
10110.00 1.355813e-10
10120.00 1.346163e-10
10130.00 1.336498e-10
10140.00 1.326817e-10
10150.00 1.317122e-10
10160.00 1.307412e-10
10170.00 1.297685e-10
10180.00 1.287944e-10
10190.00 1.278190e-10
10200.00 1.268419e-10
10210.00 1.258635e-10
10220.00 1.248837e-10
10230.00 1.239025e-10
10240.00 1.229197e-10
10250.00 1.219357e-10
10260.00 1.209502e-10
10270.00 1.199632e-10
10280.00 1.189752e-10
10290.00 1.179855e-10
10300.00 1.169947e-10
10310.00 1.160024e-10
10320.00 1.150088e-10
10330.00 1.140141e-10
10340.00 1.130177e-10
10350.00 1.120203e-10
10360.00 1.110216e-10
10370.00 1.100216e-10
10380.00 1.090203e-10
10390.00 1.080178e-10
10400.00 1.070141e-10
10410.00 1.060091e-10
10420.00 1.050029e-10
10430.00 1.039957e-10
10440.00 1.029871e-10
10450.00 1.019774e-10
10460.00 1.009665e-10
10470.00 9.995455e-11
10480.00 9.894142e-11
10490.00 9.792721e-11
10500.00 9.691198e-11
10510.00 9.589564e-11
10520.00 9.487809e-11
10530.00 9.385972e-11
10540.00 9.284017e-11
10550.00 9.181954e-11
10560.00 9.079803e-11
10570.00 8.977548e-11
10580.00 8.875198e-11
10590.00 8.772738e-11
10600.00 8.670197e-11
10610.00 8.567549e-11
10620.00 8.464814e-11
10630.00 8.362007e-11
10640.00 8.259089e-11
10650.00 8.156086e-11
10660.00 8.052994e-11
10670.00 7.949819e-11
10680.00 7.846563e-11
10690.00 7.743212e-11
10700.00 7.639782e-11
10710.00 7.536271e-11
10720.00 7.432682e-11
10730.00 7.329020e-11
10740.00 7.225263e-11
10750.00 7.121441e-11
10760.00 7.017543e-11
10770.00 6.913563e-11
10780.00 6.809515e-11
10790.00 6.705392e-11
10800.00 6.601203e-11
10810.00 6.496933e-11
10820.00 6.392598e-11
10830.00 6.288198e-11
10840.00 6.183722e-11
10850.00 6.079185e-11
10860.00 5.974580e-11
10870.00 5.869912e-11
10880.00 5.765184e-11
10890.00 5.660387e-11
10900.00 5.555527e-11
10910.00 5.450609e-11
10920.00 5.345633e-11
10930.00 5.240593e-11
10940.00 5.135492e-11
10950.00 5.030339e-11
10960.00 4.925128e-11
10970.00 4.819859e-11
10980.00 4.714536e-11
10990.00 4.609153e-11
11000.00 4.503724e-11
11010.00 4.398233e-11
11020.00 4.292698e-11
11030.00 4.187106e-11
11040.00 4.081467e-11
11050.00 3.975777e-11
11060.00 3.870035e-11
11070.00 3.764239e-11
11080.00 3.658402e-11
11090.00 3.552514e-11
11100.00 3.446578e-11
11110.00 3.340597e-11
11120.00 3.234571e-11
11130.00 3.128500e-11
11140.00 3.022381e-11
11150.00 2.916218e-11
11160.00 2.810011e-11
11170.00 2.703761e-11
11180.00 2.597466e-11
11190.00 2.491131e-11
11200.00 2.384753e-11
11210.00 2.278333e-11
11220.00 2.171869e-11
11230.00 2.065370e-11
11240.00 1.958826e-11
11250.00 1.852242e-11
11260.00 1.745619e-11
11270.00 1.638958e-11
11280.00 1.532255e-11
11290.00 1.425515e-11
11300.00 1.318735e-11
11310.00 1.318966e-11
11320.00 1.319195e-11
11330.00 1.319424e-11
11340.00 1.319651e-11
11350.00 1.319878e-11
11360.00 1.320106e-11
11370.00 1.320333e-11
11380.00 1.320558e-11
11390.00 1.320785e-11
11400.00 1.321008e-11
11410.00 1.321234e-11
11420.00 1.321457e-11
11430.00 1.321681e-11
11440.00 1.321903e-11
11450.00 1.322128e-11
11460.00 1.322351e-11
11470.00 1.322572e-11
11480.00 1.322797e-11
11490.00 1.323019e-11
11500.00 1.323244e-11
11510.00 1.323466e-11
11520.00 1.323690e-11
11530.00 1.323913e-11
11540.00 1.324138e-11
11550.00 1.324362e-11
11560.00 1.324586e-11
11570.00 1.324812e-11
11580.00 1.325037e-11
11590.00 1.325263e-11
11600.00 1.325488e-11
11610.00 1.325716e-11
11620.00 1.325943e-11
11630.00 1.326173e-11
11640.00 1.326402e-11
11650.00 1.326631e-11
11660.00 1.326863e-11
11670.00 1.327094e-11
11680.00 1.327328e-11
11690.00 1.327562e-11
11700.00 1.327798e-11
11710.00 1.328033e-11
11720.00 1.328270e-11
11730.00 1.328508e-11
11740.00 1.328746e-11
11750.00 1.328989e-11
11760.00 1.329230e-11
11770.00 1.329474e-11
11780.00 1.329719e-11
11790.00 1.329966e-11
11800.00 1.330213e-11
11810.00 1.330463e-11
11820.00 1.330714e-11
11830.00 1.330969e-11
11840.00 1.331223e-11
11850.00 1.331479e-11
11860.00 1.331737e-11
11870.00 1.331999e-11
11880.00 1.332262e-11
11890.00 1.332527e-11
11900.00 1.332793e-11
11910.00 1.333063e-11
11920.00 1.333332e-11
11930.00 1.333608e-11
11940.00 1.333883e-11
11950.00 1.334160e-11
11960.00 1.334440e-11
11970.00 1.334723e-11
11980.00 1.335009e-11
11990.00 1.335294e-11
12000.00 1.335585e-11
12010.00 1.335878e-11
12020.00 1.336173e-11
12030.00 1.336472e-11
12040.00 1.336774e-11
12050.00 1.337077e-11
12060.00 1.337384e-11
12070.00 1.337694e-11
12080.00 1.338007e-11
12090.00 1.338323e-11
12100.00 1.338642e-11
12110.00 1.338964e-11
12120.00 1.339289e-11
12130.00 1.339618e-11
12140.00 1.339951e-11
12150.00 1.340286e-11
12160.00 1.340624e-11
12170.00 1.340966e-11
12180.00 1.341312e-11
12190.00 1.341663e-11
12200.00 1.342015e-11
12210.00 1.342372e-11
12220.00 1.342732e-11
12230.00 1.343097e-11
12240.00 1.343466e-11
12250.00 1.343838e-11
12260.00 1.344214e-11
12270.00 1.344593e-11
12280.00 1.344978e-11
12290.00 1.345365e-11
12300.00 1.345757e-11
12310.00 1.346155e-11
12320.00 1.346554e-11
12330.00 1.346960e-11
12340.00 1.347370e-11
12350.00 1.347783e-11
12360.00 1.348202e-11
12370.00 1.348625e-11
12380.00 1.349052e-11
12390.00 1.349486e-11
12400.00 1.349922e-11
12410.00 1.350364e-11
12420.00 1.350810e-11
12430.00 1.351262e-11
12440.00 1.351720e-11
12450.00 1.352180e-11
12460.00 1.352646e-11
12470.00 1.353117e-11
12480.00 1.353594e-11
12490.00 1.354076e-11
12500.00 1.354561e-11
12510.00 1.355123e-11
12520.00 1.355690e-11
12530.00 1.356262e-11
12540.00 1.356839e-11
12550.00 1.357421e-11
12560.00 1.358011e-11
12570.00 1.358604e-11
12580.00 1.359205e-11
12590.00 1.359811e-11
12600.00 1.360421e-11
12610.00 1.361037e-11
12620.00 1.361659e-11
12630.00 1.362287e-11
12640.00 1.362923e-11
12650.00 1.363562e-11
12660.00 1.364209e-11
12670.00 1.364862e-11
12680.00 1.365521e-11
12690.00 1.366185e-11
12700.00 1.366855e-11
12710.00 1.367534e-11
12720.00 1.368217e-11
12730.00 1.368908e-11
12740.00 1.369605e-11
12750.00 1.370308e-11
12760.00 1.371019e-11
12770.00 1.371736e-11
12780.00 1.372459e-11
12790.00 1.373191e-11
12800.00 1.373927e-11
12810.00 1.374672e-11
12820.00 1.375422e-11
12830.00 1.376181e-11
12840.00 1.376948e-11
12850.00 1.377720e-11
12860.00 1.378499e-11
12870.00 1.379286e-11
12880.00 1.380080e-11
12890.00 1.380881e-11
12900.00 1.381689e-11
12910.00 1.382504e-11
12920.00 1.383327e-11
12930.00 1.384156e-11
12940.00 1.384992e-11
12950.00 1.385834e-11
12960.00 1.386684e-11
12970.00 1.387541e-11
12980.00 1.388404e-11
12990.00 1.389276e-11
13000.00 1.390152e-11
13010.00 1.391036e-11
13020.00 1.391926e-11
13030.00 1.392823e-11
13040.00 1.393727e-11
13050.00 1.394637e-11
13060.00 1.395554e-11
13070.00 1.396477e-11
13080.00 1.397407e-11
13090.00 1.398344e-11
13100.00 1.399286e-11
13110.00 1.400234e-11
13120.00 1.401191e-11
13130.00 1.402151e-11
13140.00 1.403120e-11
13150.00 1.404095e-11
13160.00 1.405075e-11
13170.00 1.406063e-11
13180.00 1.407055e-11
13190.00 1.408054e-11
13200.00 1.409060e-11
13210.00 1.410071e-11
13220.00 1.411088e-11
13230.00 1.412110e-11
13240.00 1.413140e-11
13250.00 1.414175e-11
13260.00 1.415216e-11
13270.00 1.416264e-11
13280.00 1.417317e-11
13290.00 1.418374e-11
13300.00 1.419439e-11
13310.00 1.420509e-11
13320.00 1.421587e-11
13330.00 1.422667e-11
13340.00 1.423756e-11
13350.00 1.424846e-11
13360.00 1.425946e-11
13370.00 1.427048e-11
13380.00 1.428158e-11
13390.00 1.429273e-11
13400.00 1.430393e-11
13410.00 1.431519e-11
13420.00 1.432650e-11
13430.00 1.433786e-11
13440.00 1.434928e-11
13450.00 1.436073e-11
13460.00 1.437226e-11
13470.00 1.438384e-11
13480.00 1.439547e-11
13490.00 1.440713e-11
13500.00 1.441887e-11
13510.00 1.443064e-11
13520.00 1.444245e-11
13530.00 1.445433e-11
13540.00 1.446626e-11
13550.00 1.447825e-11
13560.00 1.449026e-11
13570.00 1.450232e-11
13580.00 1.451445e-11
13590.00 1.452662e-11
13600.00 1.453882e-11
13610.00 1.455108e-11
13620.00 1.456339e-11
13630.00 1.457575e-11
13640.00 1.458814e-11
13650.00 1.460058e-11
13660.00 1.461307e-11
13670.00 1.462560e-11
13680.00 1.463817e-11
13690.00 1.465078e-11
13700.00 1.466345e-11
13710.00 1.468131e-11
13720.00 1.469921e-11
13730.00 1.471718e-11
13740.00 1.473519e-11
13750.00 1.475324e-11
13760.00 1.477136e-11
13770.00 1.478951e-11
13780.00 1.480772e-11
13790.00 1.482597e-11
13800.00 1.484428e-11
13810.00 1.486263e-11
13820.00 1.488104e-11
13830.00 1.489948e-11
13840.00 1.491798e-11
13850.00 1.493652e-11
13860.00 1.495512e-11
13870.00 1.497375e-11
13880.00 1.499243e-11
13890.00 1.501116e-11
13900.00 1.502994e-11
13910.00 1.504876e-11
13920.00 1.506761e-11
13930.00 1.508653e-11
13940.00 1.510547e-11
13950.00 1.512447e-11
13960.00 1.514352e-11
13970.00 1.516258e-11
13980.00 1.518171e-11
13990.00 1.520088e-11
14000.00 1.522009e-11
14010.00 1.523932e-11
14020.00 1.525862e-11
14030.00 1.527793e-11
14040.00 1.529731e-11
14050.00 1.531670e-11
14060.00 1.533615e-11
14070.00 1.535564e-11
14080.00 1.537518e-11
14090.00 1.539472e-11
14100.00 1.541431e-11
14110.00 1.543396e-11
14120.00 1.545364e-11
14130.00 1.547334e-11
14140.00 1.549308e-11
14150.00 1.551286e-11
14160.00 1.553267e-11
14170.00 1.555253e-11
14180.00 1.557241e-11
14190.00 1.559233e-11
14200.00 1.561228e-11
14210.00 1.563225e-11
14220.00 1.565227e-11
14230.00 1.567232e-11
14240.00 1.569239e-11
14250.00 1.571250e-11
14260.00 1.573265e-11
14270.00 1.575282e-11
14280.00 1.577302e-11
14290.00 1.579325e-11
14300.00 1.581351e-11
14310.00 1.583380e-11
14320.00 1.585411e-11
14330.00 1.587445e-11
14340.00 1.589483e-11
14350.00 1.591523e-11
14360.00 1.593566e-11
14370.00 1.595610e-11
14380.00 1.597657e-11
14390.00 1.599708e-11
14400.00 1.601758e-11
14410.00 1.603814e-11
14420.00 1.605871e-11
14430.00 1.607931e-11
14440.00 1.609992e-11
14450.00 1.612057e-11
14460.00 1.614122e-11
14470.00 1.616190e-11
14480.00 1.618260e-11
14490.00 1.620335e-11
14500.00 1.622408e-11
14510.00 1.624483e-11
14520.00 1.626561e-11
14530.00 1.628641e-11
14540.00 1.630724e-11
14550.00 1.632806e-11
14560.00 1.634892e-11
14570.00 1.636979e-11
14580.00 1.639066e-11
14590.00 1.641157e-11
14600.00 1.643248e-11
14610.00 1.645341e-11
14620.00 1.647435e-11
14630.00 1.649530e-11
14640.00 1.651627e-11
14650.00 1.653724e-11
14660.00 1.655823e-11
14670.00 1.657924e-11
14680.00 1.660025e-11
14690.00 1.662128e-11
14700.00 1.664232e-11
14710.00 1.666337e-11
14720.00 1.668440e-11
14730.00 1.670546e-11
14740.00 1.672653e-11
14750.00 1.674760e-11
14760.00 1.676868e-11
14770.00 1.678976e-11
14780.00 1.681086e-11
14790.00 1.683195e-11
14800.00 1.685307e-11
14810.00 1.687416e-11
14820.00 1.689527e-11
14830.00 1.691636e-11
14840.00 1.693749e-11
14850.00 1.695861e-11
14860.00 1.697972e-11
14870.00 1.700084e-11
14880.00 1.702195e-11
14890.00 1.704308e-11
14900.00 1.706420e-11
14910.00 1.708532e-11
14920.00 1.710644e-11
14930.00 1.712757e-11
14940.00 1.714870e-11
14950.00 1.716982e-11
14960.00 1.719095e-11
14970.00 1.721205e-11
14980.00 1.723318e-11
14990.00 1.725430e-11
15000.00 1.727542e-11
15010.00 1.729074e-11
15020.00 1.730605e-11
15030.00 1.732134e-11
15040.00 1.733662e-11
15050.00 1.735190e-11
15060.00 1.736716e-11
15070.00 1.738239e-11
15080.00 1.739761e-11
15090.00 1.741285e-11
15100.00 1.742804e-11
15110.00 1.744321e-11
15120.00 1.745838e-11
15130.00 1.747356e-11
15140.00 1.748870e-11
15150.00 1.750382e-11
15160.00 1.751894e-11
15170.00 1.753405e-11
15180.00 1.754911e-11
15190.00 1.756421e-11
15200.00 1.757925e-11
15210.00 1.759429e-11
15220.00 1.760931e-11
15230.00 1.762431e-11
15240.00 1.763929e-11
15250.00 1.765426e-11
15260.00 1.766920e-11
15270.00 1.768415e-11
15280.00 1.769906e-11
15290.00 1.771396e-11
15300.00 1.772883e-11
15310.00 1.774369e-11
15320.00 1.775854e-11
15330.00 1.777335e-11
15340.00 1.778817e-11
15350.00 1.780295e-11
15360.00 1.781772e-11
15370.00 1.783247e-11
15380.00 1.784718e-11
15390.00 1.786187e-11
15400.00 1.787656e-11
15410.00 1.789123e-11
15420.00 1.790586e-11
15430.00 1.792049e-11
15440.00 1.793509e-11
15450.00 1.794966e-11
15460.00 1.796422e-11
15470.00 1.797875e-11
15480.00 1.799325e-11
15490.00 1.800774e-11
15500.00 1.802221e-11
15510.00 1.803664e-11
15520.00 1.805106e-11
15530.00 1.806545e-11
15540.00 1.807982e-11
15550.00 1.809416e-11
15560.00 1.810849e-11
15570.00 1.812278e-11
15580.00 1.813705e-11
15590.00 1.815130e-11
15600.00 1.816553e-11
15610.00 1.817969e-11
15620.00 1.819385e-11
15630.00 1.820801e-11
15640.00 1.822212e-11
15650.00 1.823622e-11
15660.00 1.825027e-11
15670.00 1.826430e-11
15680.00 1.827830e-11
15690.00 1.829228e-11
15700.00 1.830624e-11
15710.00 1.832015e-11
15720.00 1.833405e-11
15730.00 1.834790e-11
15740.00 1.836174e-11
15750.00 1.837554e-11
15760.00 1.838931e-11
15770.00 1.840307e-11
15780.00 1.841678e-11
15790.00 1.843045e-11
15800.00 1.844411e-11
15810.00 1.845773e-11
15820.00 1.847135e-11
15830.00 1.848488e-11
15840.00 1.849841e-11
15850.00 1.851192e-11
15860.00 1.852537e-11
15870.00 1.853882e-11
15880.00 1.855222e-11
15890.00 1.856559e-11
15900.00 1.857892e-11
15910.00 1.859220e-11
15920.00 1.860547e-11
15930.00 1.861870e-11
15940.00 1.863191e-11
15950.00 1.864507e-11
15960.00 1.865819e-11
15970.00 1.867129e-11
15980.00 1.868434e-11
15990.00 1.869737e-11
16000.00 1.871036e-11
16010.00 1.872330e-11
16020.00 1.873623e-11
16030.00 1.874910e-11
16040.00 1.876193e-11
16050.00 1.877473e-11
16060.00 1.878749e-11
16070.00 1.880024e-11
16080.00 1.881293e-11
16090.00 1.882557e-11
16100.00 1.883819e-11
16110.00 1.885076e-11
16120.00 1.886328e-11
16130.00 1.887579e-11
16140.00 1.888824e-11
16150.00 1.890066e-11
16160.00 1.891303e-11
16170.00 1.892537e-11
16180.00 1.893766e-11
16190.00 1.894992e-11
16200.00 1.896212e-11
16210.00 1.897430e-11
16220.00 1.898643e-11
16230.00 1.899852e-11
16240.00 1.901057e-11
16250.00 1.902258e-11
16260.00 1.902715e-11
16270.00 1.903169e-11
16280.00 1.903620e-11
16290.00 1.904065e-11
16300.00 1.904508e-11
16310.00 1.904947e-11
16320.00 1.905380e-11
16330.00 1.905810e-11
16340.00 1.906238e-11
16350.00 1.906661e-11
16360.00 1.907079e-11
16370.00 1.907494e-11
16380.00 1.907905e-11
16390.00 1.908312e-11
16400.00 1.908715e-11
16410.00 1.909113e-11
16420.00 1.909508e-11
16430.00 1.909900e-11
16440.00 1.910284e-11
16450.00 1.910667e-11
16460.00 1.911044e-11
16470.00 1.911418e-11
16480.00 1.911786e-11
16490.00 1.912152e-11
16500.00 1.912511e-11
16510.00 1.912868e-11
16520.00 1.913220e-11
16530.00 1.913567e-11
16540.00 1.913912e-11
16550.00 1.914250e-11
16560.00 1.914584e-11
16570.00 1.914914e-11
16580.00 1.915240e-11
16590.00 1.915561e-11
16600.00 1.915877e-11
16610.00 1.916189e-11
16620.00 1.916496e-11
16630.00 1.916798e-11
16640.00 1.917097e-11
16650.00 1.917390e-11
16660.00 1.917677e-11
16670.00 1.917962e-11
16680.00 1.918240e-11
16690.00 1.918515e-11
16700.00 1.918785e-11
16710.00 1.919049e-11
16720.00 1.919310e-11
16730.00 1.919565e-11
16740.00 1.919813e-11
16750.00 1.920059e-11
16760.00 1.920300e-11
16770.00 1.920536e-11
16780.00 1.920766e-11
16790.00 1.920992e-11
16800.00 1.921212e-11
16810.00 1.921427e-11
16820.00 1.921638e-11
16830.00 1.921843e-11
16840.00 1.922044e-11
16850.00 1.922240e-11
16860.00 1.922429e-11
16870.00 1.922617e-11
16880.00 1.922796e-11
16890.00 1.922974e-11
16900.00 1.923144e-11
16910.00 1.923311e-11
16920.00 1.923472e-11
16930.00 1.923628e-11
16940.00 1.923781e-11
16950.00 1.923927e-11
16960.00 1.924070e-11
16970.00 1.924209e-11
16980.00 1.924342e-11
16990.00 1.924472e-11
17000.00 1.924593e-11
17010.00 1.924713e-11
17020.00 1.924828e-11
17030.00 1.924937e-11
17040.00 1.925045e-11
17050.00 1.925146e-11
17060.00 1.925242e-11
17070.00 1.925334e-11
17080.00 1.925422e-11
17090.00 1.925506e-11
17100.00 1.925585e-11
17110.00 1.925660e-11
17120.00 1.925730e-11
17130.00 1.925797e-11
17140.00 1.925857e-11
17150.00 1.925916e-11
17160.00 1.925968e-11
17170.00 1.926018e-11
17180.00 1.926061e-11
17190.00 1.926103e-11
17200.00 1.926138e-11
17210.00 1.926171e-11
17220.00 1.926199e-11
17230.00 1.926226e-11
17240.00 1.926244e-11
17250.00 1.926260e-11
17260.00 1.926271e-11
17270.00 1.926278e-11
17280.00 1.926281e-11
17290.00 1.926281e-11
17300.00 1.926277e-11
17310.00 1.926270e-11
17320.00 1.926258e-11
17330.00 1.926244e-11
17340.00 1.926224e-11
17350.00 1.926201e-11
17360.00 1.926173e-11
17370.00 1.926141e-11
17380.00 1.926108e-11
17390.00 1.926068e-11
17400.00 1.926026e-11
17410.00 1.925981e-11
17420.00 1.925931e-11
17430.00 1.925878e-11
17440.00 1.925821e-11
17450.00 1.925762e-11
17460.00 1.925698e-11
17470.00 1.925629e-11
17480.00 1.925557e-11
17490.00 1.925485e-11
17500.00 1.925404e-11
17510.00 1.925325e-11
17520.00 1.925239e-11
17530.00 1.925152e-11
17540.00 1.925061e-11
17550.00 1.924963e-11
17560.00 1.924867e-11
17570.00 1.924764e-11
17580.00 1.924659e-11
17590.00 1.924549e-11
17600.00 1.924436e-11
17610.00 1.924324e-11
17620.00 1.924206e-11
17630.00 1.924085e-11
17640.00 1.923960e-11
17650.00 1.923832e-11
17660.00 1.923703e-11
17670.00 1.923568e-11
17680.00 1.923432e-11
17690.00 1.923291e-11
17700.00 1.923150e-11
17710.00 1.923003e-11
17720.00 1.922853e-11
17730.00 1.922703e-11
17740.00 1.922548e-11
17750.00 1.922390e-11
17760.00 1.922229e-11
17770.00 1.922065e-11
17780.00 1.921901e-11
17790.00 1.921731e-11
17800.00 1.921559e-11
17810.00 1.921385e-11
17820.00 1.921207e-11
17830.00 1.921028e-11
17840.00 1.920844e-11
17850.00 1.920659e-11
17860.00 1.920470e-11
17870.00 1.920281e-11
17880.00 1.920087e-11
17890.00 1.919891e-11
17900.00 1.919692e-11
17910.00 1.919492e-11
17920.00 1.919285e-11
17930.00 1.919081e-11
17940.00 1.918874e-11
17950.00 1.918663e-11
17960.00 1.918449e-11
17970.00 1.918233e-11
17980.00 1.918015e-11
17990.00 1.917794e-11
18000.00 1.917572e-11
18010.00 1.911030e-11
18020.00 1.904489e-11
18030.00 1.897948e-11
18040.00 1.891405e-11
18050.00 1.884858e-11
18060.00 1.878316e-11
18070.00 1.871770e-11
18080.00 1.865225e-11
18090.00 1.858680e-11
18100.00 1.852134e-11
18110.00 1.845588e-11
18120.00 1.839039e-11
18130.00 1.832491e-11
18140.00 1.825943e-11
18150.00 1.819397e-11
18160.00 1.812851e-11
18170.00 1.806300e-11
18180.00 1.799752e-11
18190.00 1.793205e-11
18200.00 1.786656e-11
18210.00 1.780109e-11
18220.00 1.773561e-11
18230.00 1.767012e-11
18240.00 1.760464e-11
18250.00 1.753915e-11
18260.00 1.747367e-11
18270.00 1.740821e-11
18280.00 1.734273e-11
18290.00 1.727727e-11
18300.00 1.721181e-11
18310.00 1.714634e-11
18320.00 1.708090e-11
18330.00 1.701543e-11
18340.00 1.694999e-11
18350.00 1.688456e-11
18360.00 1.681913e-11
18370.00 1.675370e-11
18380.00 1.668827e-11
18390.00 1.662285e-11
18400.00 1.655746e-11
18410.00 1.649204e-11
18420.00 1.642665e-11
18430.00 1.636126e-11
18440.00 1.629589e-11
18450.00 1.623052e-11
18460.00 1.616518e-11
18470.00 1.609981e-11
18480.00 1.603448e-11
18490.00 1.596917e-11
18500.00 1.590384e-11
18510.00 1.583853e-11
18520.00 1.577323e-11
18530.00 1.570796e-11
18540.00 1.564268e-11
18550.00 1.557741e-11
18560.00 1.551216e-11
18570.00 1.544693e-11
18580.00 1.538171e-11
18590.00 1.531650e-11
18600.00 1.525128e-11
18610.00 1.518612e-11
18620.00 1.512093e-11
18630.00 1.505579e-11
18640.00 1.499064e-11
18650.00 1.492552e-11
18660.00 1.486041e-11
18670.00 1.479532e-11
18680.00 1.473023e-11
18690.00 1.466516e-11
18700.00 1.460012e-11
18710.00 1.453510e-11
18720.00 1.447008e-11
18730.00 1.440506e-11
18740.00 1.434008e-11
18750.00 1.427512e-11
18760.00 1.421016e-11
18770.00 1.414524e-11
18780.00 1.408033e-11
18790.00 1.401542e-11
18800.00 1.395055e-11
18810.00 1.388569e-11
18820.00 1.382086e-11
18830.00 1.375602e-11
18840.00 1.369123e-11
18850.00 1.362644e-11
18860.00 1.356168e-11
18870.00 1.349693e-11
18880.00 1.343222e-11
18890.00 1.336751e-11
18900.00 1.330283e-11
18910.00 1.323817e-11
18920.00 1.317353e-11
18930.00 1.310892e-11
18940.00 1.304431e-11
18950.00 1.297971e-11
18960.00 1.291517e-11
18970.00 1.285064e-11
18980.00 1.278613e-11
18990.00 1.272163e-11
19000.00 1.265715e-11
19010.00 1.259272e-11
19020.00 1.252827e-11
19030.00 1.246387e-11
19040.00 1.239949e-11
19050.00 1.233513e-11
19060.00 1.227081e-11
19070.00 1.220648e-11
19080.00 1.214218e-11
19090.00 1.207793e-11
19100.00 1.201368e-11
19110.00 1.194946e-11
19120.00 1.188528e-11
19130.00 1.182109e-11
19140.00 1.175696e-11
19150.00 1.169283e-11
19160.00 1.162874e-11
19170.00 1.156464e-11
19180.00 1.150061e-11
19190.00 1.143658e-11
19200.00 1.137257e-11
19210.00 1.130858e-11
19220.00 1.124464e-11
19230.00 1.118070e-11
19240.00 1.111681e-11
19250.00 1.105293e-11
19260.00 1.098908e-11
19270.00 1.092524e-11
19280.00 1.086144e-11
19290.00 1.079766e-11
19300.00 1.073390e-11
19310.00 1.067019e-11
19320.00 1.060648e-11
19330.00 1.054281e-11
19340.00 1.047915e-11
19350.00 1.041553e-11
19360.00 1.035193e-11
19370.00 1.028836e-11
19380.00 1.022481e-11
19390.00 1.016129e-11
19400.00 1.009780e-11
19410.00 1.003432e-11
19420.00 9.970876e-12
19430.00 9.907462e-12
19440.00 9.844060e-12
19450.00 9.780693e-12
19460.00 9.717352e-12
19470.00 9.654048e-12
19480.00 9.590743e-12
19490.00 9.527485e-12
19500.00 9.464255e-12
19510.00 9.401046e-12
19520.00 9.337861e-12
19530.00 9.274696e-12
19540.00 9.211574e-12
19550.00 9.148471e-12
19560.00 9.085400e-12
19570.00 9.022334e-12
19580.00 8.959306e-12
19590.00 8.896296e-12
19600.00 8.833332e-12
19610.00 8.770379e-12
19620.00 8.707444e-12
19630.00 8.644561e-12
19640.00 8.581682e-12
19650.00 8.518835e-12
19660.00 8.456025e-12
19670.00 8.393219e-12
19680.00 8.330444e-12
19690.00 8.267693e-12
19700.00 8.204966e-12
19710.00 8.142277e-12
19720.00 8.079604e-12
19730.00 8.016962e-12
19740.00 7.954330e-12
19750.00 7.891741e-12
19760.00 7.829155e-12
19770.00 7.766606e-12
19780.00 7.704067e-12
19790.00 7.641570e-12
19800.00 7.579090e-12
19810.00 7.516626e-12
19820.00 7.454191e-12
19830.00 7.391778e-12
19840.00 7.329389e-12
19850.00 7.267028e-12
19860.00 7.204682e-12
19870.00 7.142366e-12
19880.00 7.080064e-12
19890.00 7.017791e-12
19900.00 6.955540e-12
19910.00 6.893304e-12
19920.00 6.831096e-12
19930.00 6.768910e-12
19940.00 6.706744e-12
19950.00 6.644604e-12
19960.00 6.582479e-12
19970.00 6.520381e-12
19980.00 6.458296e-12
19990.00 6.396241e-12
20000.00 6.334198e-12
20010.00 6.272186e-12
20020.00 6.210192e-12
20030.00 6.148220e-12
20040.00 6.086261e-12
20050.00 6.024332e-12
20060.00 5.962415e-12
20070.00 5.900525e-12
20080.00 5.838651e-12
20090.00 5.776799e-12
20100.00 5.714970e-12
20110.00 5.714211e-12
20120.00 5.713456e-12
20130.00 5.712706e-12
20140.00 5.711959e-12
20150.00 5.711222e-12
20160.00 5.710482e-12
20170.00 5.709748e-12
20180.00 5.709014e-12
20190.00 5.708290e-12
20200.00 5.707568e-12
20210.00 5.706845e-12
20220.00 5.706130e-12
20230.00 5.705412e-12
20240.00 5.704712e-12
20250.00 5.703999e-12
20260.00 5.703299e-12
20270.00 5.702597e-12
20280.00 5.701897e-12
20290.00 5.701217e-12
20300.00 5.700525e-12
20310.00 5.699840e-12
20320.00 5.699155e-12
20330.00 5.698482e-12
20340.00 5.697806e-12
20350.00 5.697133e-12
20360.00 5.696468e-12
20370.00 5.695800e-12
20380.00 5.695138e-12
20390.00 5.694482e-12
20400.00 5.693826e-12
20410.00 5.693180e-12
20420.00 5.692531e-12
20430.00 5.691888e-12
20440.00 5.691248e-12
20450.00 5.690613e-12
20460.00 5.689980e-12
20470.00 5.689348e-12
20480.00 5.688726e-12
20490.00 5.688102e-12
20500.00 5.687483e-12
20510.00 5.686872e-12
20520.00 5.686255e-12
20530.00 5.685646e-12
20540.00 5.685039e-12
20550.00 5.684440e-12
20560.00 5.683842e-12
20570.00 5.683247e-12
20580.00 5.682647e-12
20590.00 5.682065e-12
20600.00 5.681480e-12
20610.00 5.680894e-12
20620.00 5.680322e-12
20630.00 5.679745e-12
20640.00 5.679171e-12
20650.00 5.678602e-12
20660.00 5.678036e-12
20670.00 5.677477e-12
20680.00 5.676919e-12
20690.00 5.676368e-12
20700.00 5.675813e-12
20710.00 5.675264e-12
20720.00 5.674722e-12
20730.00 5.674178e-12
20740.00 5.673643e-12
20750.00 5.673108e-12
20760.00 5.672584e-12
20770.00 5.672054e-12
20780.00 5.671524e-12
20790.00 5.671004e-12
20800.00 5.670488e-12
20810.00 5.669974e-12
20820.00 5.669461e-12
20830.00 5.668952e-12
20840.00 5.668450e-12
20850.00 5.667950e-12
20860.00 5.667449e-12
20870.00 5.666955e-12
20880.00 5.666463e-12
20890.00 5.665977e-12
20900.00 5.665492e-12
20910.00 5.665012e-12
20920.00 5.664534e-12
20930.00 5.664061e-12
20940.00 5.663590e-12
20950.00 5.663119e-12
20960.00 5.662652e-12
20970.00 5.662190e-12
20980.00 5.661736e-12
20990.00 5.661282e-12
21000.00 5.660830e-12
21010.00 5.660384e-12
21020.00 5.659933e-12
21030.00 5.659493e-12
21040.00 5.659055e-12
21050.00 5.658616e-12
21060.00 5.658189e-12
21070.00 5.657758e-12
21080.00 5.657333e-12
21090.00 5.656912e-12
21100.00 5.656489e-12
21110.00 5.656073e-12
21120.00 5.655664e-12
21130.00 5.655253e-12
21140.00 5.654848e-12
21150.00 5.654446e-12
21160.00 5.654045e-12
21170.00 5.653646e-12
21180.00 5.653258e-12
21190.00 5.652868e-12
21200.00 5.652478e-12
21210.00 5.652095e-12
21220.00 5.651713e-12
21230.00 5.651337e-12
21240.00 5.650964e-12
21250.00 5.650593e-12
21260.00 5.650224e-12
21270.00 5.649863e-12
21280.00 5.649498e-12
21290.00 5.649143e-12
21300.00 5.648785e-12
21310.00 5.648438e-12
21320.00 5.648087e-12
21330.00 5.647742e-12
21340.00 5.647397e-12
21350.00 5.647060e-12
21360.00 5.646722e-12
21370.00 5.646393e-12
21380.00 5.646059e-12
21390.00 5.645740e-12
21400.00 5.645415e-12
21410.00 5.645092e-12
21420.00 5.644777e-12
21430.00 5.644462e-12
21440.00 5.644152e-12
21450.00 5.643842e-12
21460.00 5.643544e-12
21470.00 5.643242e-12
21480.00 5.642940e-12
21490.00 5.642648e-12
21500.00 5.642355e-12
21510.00 5.642070e-12
21520.00 5.641779e-12
21530.00 5.641498e-12
21540.00 5.641220e-12
21550.00 5.640943e-12
21560.00 5.640670e-12
21570.00 5.640399e-12
21580.00 5.640133e-12
21590.00 5.639871e-12
21600.00 5.639609e-12
21610.00 5.639358e-12
21620.00 5.639096e-12
21630.00 5.638842e-12
21640.00 5.638598e-12
21650.00 5.638355e-12
21660.00 5.638115e-12
21670.00 5.637873e-12
21680.00 5.637635e-12
21690.00 5.637406e-12
21700.00 5.637177e-12
21710.00 5.636948e-12
21720.00 5.636725e-12
21730.00 5.636503e-12
21740.00 5.636285e-12
21750.00 5.636069e-12
21760.00 5.635862e-12
21770.00 5.635657e-12
21780.00 5.635448e-12
21790.00 5.635247e-12
21800.00 5.635044e-12
21810.00 5.634849e-12
21820.00 5.634661e-12
21830.00 5.634465e-12
21840.00 5.634282e-12
21850.00 5.634097e-12
21860.00 5.633915e-12
21870.00 5.633737e-12
21880.00 5.633564e-12
21890.00 5.633390e-12
21900.00 5.633220e-12
21910.00 5.633060e-12
21920.00 5.632895e-12
21930.00 5.632734e-12
21940.00 5.632577e-12
21950.00 5.632422e-12
21960.00 5.632271e-12
21970.00 5.632127e-12
21980.00 5.631981e-12
21990.00 5.631837e-12
22000.00 5.631706e-12
22010.00 5.631567e-12
22020.00 5.631433e-12
22030.00 5.631303e-12
22040.00 5.631178e-12
22050.00 5.631055e-12
22060.00 5.630930e-12
22070.00 5.630816e-12
22080.00 5.630701e-12
22090.00 5.630589e-12
22100.00 5.630480e-12
22110.00 5.630378e-12
22120.00 5.630269e-12
22130.00 5.630172e-12
22140.00 5.630073e-12
22150.00 5.629980e-12
22160.00 5.629894e-12
22170.00 5.629803e-12
22180.00 5.629715e-12
22190.00 5.629639e-12
22200.00 5.629556e-12
22210.00 5.629481e-12
22220.00 5.629407e-12
22230.00 5.629336e-12
22240.00 5.629269e-12
22250.00 5.629210e-12
22260.00 5.629145e-12
22270.00 5.629088e-12
22280.00 5.629032e-12
22290.00 5.628973e-12
22300.00 5.628929e-12
22310.00 5.628881e-12
22320.00 5.628844e-12
22330.00 5.628799e-12
22340.00 5.628761e-12
22350.00 5.628731e-12
22360.00 5.628694e-12
22370.00 5.628665e-12
22380.00 5.628640e-12
22390.00 5.628616e-12
22400.00 5.628591e-12
22410.00 5.628580e-12
22420.00 5.628562e-12
22430.00 5.628552e-12
22440.00 5.628541e-12
22450.00 5.628535e-12
22460.00 5.628532e-12
22470.00 5.628530e-12
22480.00 5.628529e-12
22490.00 5.628540e-12
22500.00 5.628549e-12
22510.00 5.628554e-12
22520.00 5.628568e-12
22530.00 5.628583e-12
22540.00 5.628604e-12
22550.00 5.628625e-12
22560.00 5.628649e-12
22570.00 5.628676e-12
22580.00 5.628708e-12
22590.00 5.628736e-12
22600.00 5.628771e-12
22610.00 5.628808e-12
22620.00 5.628849e-12
22630.00 5.628894e-12
22640.00 5.628937e-12
22650.00 5.628989e-12
22660.00 5.629036e-12
22670.00 5.629089e-12
22680.00 5.629147e-12
22690.00 5.629202e-12
22700.00 5.629268e-12
22710.00 5.629328e-12
22720.00 5.629391e-12
22730.00 5.629466e-12
22740.00 5.629539e-12
22750.00 5.629613e-12
22760.00 5.629685e-12
22770.00 5.629769e-12
22780.00 5.629842e-12
22790.00 5.629931e-12
22800.00 5.630020e-12
22810.00 5.630107e-12
22820.00 5.630199e-12
22830.00 5.630291e-12
22840.00 5.630384e-12
22850.00 5.630482e-12
22860.00 5.630583e-12
22870.00 5.630688e-12
22880.00 5.630790e-12
22890.00 5.630902e-12
22900.00 5.631010e-12
22910.00 5.631122e-12
22920.00 5.631239e-12
22930.00 5.631359e-12
22940.00 5.631478e-12
22950.00 5.631598e-12
22960.00 5.631725e-12
22970.00 5.631847e-12
22980.00 5.631975e-12
22990.00 5.632109e-12
23000.00 5.632241e-12
23010.00 5.632378e-12
23020.00 5.632518e-12
23030.00 5.632654e-12
23040.00 5.632796e-12
23050.00 5.632941e-12
23060.00 5.633088e-12
23070.00 5.633237e-12
23080.00 5.633388e-12
23090.00 5.633542e-12
23100.00 5.633697e-12
23110.00 5.633854e-12
23120.00 5.634015e-12
23130.00 5.634174e-12
23140.00 5.634340e-12
23150.00 5.634504e-12
23160.00 5.634673e-12
23170.00 5.634841e-12
23180.00 5.635017e-12
23190.00 5.635190e-12
23200.00 5.635363e-12
23210.00 5.635545e-12
23220.00 5.635727e-12
23230.00 5.635905e-12
23240.00 5.636093e-12
23250.00 5.636277e-12
23260.00 5.636468e-12
23270.00 5.636654e-12
23280.00 5.636847e-12
23290.00 5.637041e-12
23300.00 5.637240e-12
23310.00 5.637439e-12
23320.00 5.637631e-12
23330.00 5.637838e-12
23340.00 5.638042e-12
23350.00 5.638248e-12
23360.00 5.638452e-12
23370.00 5.638664e-12
23380.00 5.638877e-12
23390.00 5.639094e-12
23400.00 5.639301e-12
23410.00 5.639519e-12
23420.00 5.639742e-12
23430.00 5.639961e-12
23440.00 5.640184e-12
23450.00 5.640410e-12
23460.00 5.640633e-12
23470.00 5.640864e-12
23480.00 5.641094e-12
23490.00 5.641321e-12
23500.00 5.641554e-12
23510.00 5.641788e-12
23520.00 5.642025e-12
23530.00 5.642261e-12
23540.00 5.642506e-12
23550.00 5.642749e-12
23560.00 5.642988e-12
23570.00 5.643235e-12
23580.00 5.643476e-12
23590.00 5.643726e-12
23600.00 5.643979e-12
23610.00 5.644231e-12
23620.00 5.644487e-12
23630.00 5.644732e-12
23640.00 5.644992e-12
23650.00 5.645252e-12
23660.00 5.645512e-12
23670.00 5.645771e-12
23680.00 5.646036e-12
23690.00 5.646297e-12
23700.00 5.646567e-12
23710.00 5.646835e-12
23720.00 5.647099e-12
23730.00 5.647370e-12
23740.00 5.647642e-12
23750.00 5.647917e-12
23760.00 5.648186e-12
23770.00 5.648467e-12
23780.00 5.648740e-12
23790.00 5.649026e-12
23800.00 5.649300e-12
23810.00 5.649585e-12
23820.00 5.649867e-12
23830.00 5.650154e-12
23840.00 5.650438e-12
23850.00 5.650725e-12
23860.00 5.651014e-12
23870.00 5.651303e-12
23880.00 5.651593e-12
23890.00 5.651890e-12
23900.00 5.652187e-12
23910.00 5.652478e-12
23920.00 5.652772e-12
23930.00 5.653072e-12
23940.00 5.653375e-12
23950.00 5.653673e-12
23960.00 5.653976e-12
23970.00 5.654279e-12
23980.00 5.654583e-12
23990.00 5.654889e-12
24000.00 5.655197e-12
24010.00 5.655507e-12
24020.00 5.655810e-12
24030.00 5.656125e-12
24040.00 5.656438e-12
24050.00 5.656752e-12
24060.00 5.657061e-12
24070.00 5.657379e-12
24080.00 5.657699e-12
24090.00 5.658012e-12
24100.00 5.658333e-12
24110.00 5.658650e-12
24120.00 5.658973e-12
24130.00 5.659300e-12
24140.00 5.659618e-12
24150.00 5.659941e-12
24160.00 5.660267e-12
24170.00 5.660594e-12
24180.00 5.660918e-12
24190.00 5.661248e-12
24200.00 5.661575e-12
24210.00 5.661907e-12
24220.00 5.662239e-12
24230.00 5.662571e-12
24240.00 5.662907e-12
24250.00 5.663243e-12
24260.00 5.663579e-12
24270.00 5.663914e-12
24280.00 5.664246e-12
24290.00 5.664586e-12
24300.00 5.664927e-12
24310.00 5.665268e-12
24320.00 5.665606e-12
24330.00 5.665952e-12
24340.00 5.666292e-12
24350.00 5.666637e-12
24360.00 5.666979e-12
24370.00 5.667323e-12
24380.00 5.667672e-12
24390.00 5.668018e-12
24400.00 5.668364e-12
24410.00 5.668712e-12
24420.00 5.669068e-12
24430.00 5.669414e-12
24440.00 5.669767e-12
24450.00 5.670117e-12
24460.00 5.670471e-12
24470.00 5.670821e-12
24480.00 5.671177e-12
24490.00 5.671528e-12
24500.00 5.671887e-12
24510.00 5.672241e-12
24520.00 5.672600e-12
24530.00 5.672953e-12
24540.00 5.673314e-12
24550.00 5.673668e-12
24560.00 5.674033e-12
24570.00 5.674394e-12
24580.00 5.674752e-12
24590.00 5.675115e-12
24600.00 5.675478e-12
24610.00 5.675834e-12
24620.00 5.676200e-12
24630.00 5.676567e-12
24640.00 5.676930e-12
24650.00 5.677296e-12
24660.00 5.677664e-12
24670.00 5.678029e-12
24680.00 5.678394e-12
24690.00 5.678759e-12
24700.00 5.679127e-12
24710.00 5.679495e-12
24720.00 5.679861e-12
24730.00 5.680236e-12
24740.00 5.680603e-12
24750.00 5.680973e-12
24760.00 5.681344e-12
24770.00 5.681713e-12
24780.00 5.682084e-12
24790.00 5.682454e-12
24800.00 5.682824e-12
24810.00 5.683201e-12
24820.00 5.683572e-12
24830.00 5.683944e-12
24840.00 5.684318e-12
24850.00 5.684696e-12
24860.00 5.685070e-12
24870.00 5.685443e-12
24880.00 5.685821e-12
24890.00 5.686192e-12
24900.00 5.686571e-12
24910.00 5.686945e-12
24920.00 5.687320e-12
24930.00 5.687700e-12
24940.00 5.688076e-12
24950.00 5.688450e-12
24960.00 5.688829e-12
24970.00 5.689205e-12
24980.00 5.689585e-12
24990.00 5.689963e-12
25000.00 5.690341e-12
