1000.00 1.216354e-15
1010.00 4.682077e-15
1020.00 1.257317e-14
1030.00 2.770400e-14
1040.00 5.369645e-14
1050.00 9.499470e-14
1060.00 1.568375e-13
1070.00 2.451860e-13
1080.00 3.666022e-13
1090.00 5.280795e-13
1100.00 7.368276e-13
1110.00 1.000010e-12
1120.00 1.324447e-12
1130.00 1.716288e-12
1140.00 2.180658e-12
1150.00 2.721302e-12
1160.00 3.340223e-12
1170.00 4.037353e-12
1180.00 4.810238e-12
1190.00 5.653788e-12
1200.00 6.560085e-12
1210.00 7.518272e-12
1220.00 8.514541e-12
1230.00 9.532209e-12
1240.00 1.055197e-11
1250.00 1.155214e-11
1260.00 1.251148e-11
1270.00 1.341753e-11
1280.00 1.426234e-11
1290.00 1.504071e-11
1300.00 1.575009e-11
1310.00 1.639062e-11
1320.00 1.696484e-11
1330.00 1.747766e-11
1340.00 1.793598e-11
1350.00 1.834854e-11
1360.00 1.872566e-11
1370.00 1.907899e-11
1380.00 1.942111e-11
1390.00 1.975895e-11
1400.00 2.009315e-11
1410.00 2.042408e-11
1420.00 2.075207e-11
1430.00 2.107750e-11
1440.00 2.140080e-11
1450.00 2.172248e-11
1460.00 2.204315e-11
1470.00 2.236353e-11
1480.00 2.268444e-11
1490.00 2.300688e-11
1500.00 2.333194e-11
1510.00 2.366075e-11
1520.00 2.399403e-11
1530.00 2.433235e-11
1540.00 2.467626e-11
1550.00 2.502628e-11
1560.00 2.538291e-11
1570.00 2.574663e-11
1580.00 2.611789e-11
1590.00 2.649715e-11
1600.00 2.688481e-11
1610.00 2.728130e-11
1620.00 2.768700e-11
1630.00 2.810229e-11
1640.00 2.852756e-11
1650.00 2.896315e-11
1660.00 2.940943e-11
1670.00 2.986674e-11
1680.00 3.033543e-11
1690.00 3.081582e-11
1700.00 3.130825e-11
1710.00 3.181305e-11
1720.00 3.233054e-11
1730.00 3.286105e-11
1740.00 3.340492e-11
1750.00 3.396246e-11
1760.00 3.453389e-11
1770.00 3.511902e-11
1780.00 3.571755e-11
1790.00 3.632911e-11
1800.00 3.695330e-11
1810.00 3.758967e-11
1820.00 3.823772e-11
1830.00 3.889692e-11
1840.00 3.956668e-11
1850.00 4.024635e-11
1860.00 4.093523e-11
1870.00 4.163260e-11
1880.00 4.233765e-11
1890.00 4.304950e-11
1900.00 4.376727e-11
1910.00 4.448997e-11
1920.00 4.521656e-11
1930.00 4.594598e-11
1940.00 4.667706e-11
1950.00 4.740859e-11
1960.00 4.813931e-11
1970.00 4.886790e-11
1980.00 4.959294e-11
1990.00 5.031301e-11
2000.00 5.102660e-11
2010.00 5.173241e-11
2020.00 5.243023e-11
2030.00 5.312013e-11
2040.00 5.380222e-11
2050.00 5.447661e-11
2060.00 5.514347e-11
2070.00 5.580297e-11
2080.00 5.645533e-11
2090.00 5.710075e-11
2100.00 5.773953e-11
2110.00 5.837193e-11
2120.00 5.899825e-11
2130.00 5.961883e-11
2140.00 6.023401e-11
2150.00 6.084419e-11
2160.00 6.144975e-11
2170.00 6.205113e-11
2180.00 6.264876e-11
2190.00 6.324313e-11
2200.00 6.383473e-11
2210.00 6.442406e-11
2220.00 6.501168e-11
2230.00 6.559816e-11
2240.00 6.618406e-11
2250.00 6.677001e-11
2260.00 6.735649e-11
2270.00 6.794345e-11
2280.00 6.853068e-11
2290.00 6.911800e-11
2300.00 6.970519e-11
2310.00 7.029206e-11
2320.00 7.087840e-11
2330.00 7.146399e-11
2340.00 7.204866e-11
2350.00 7.263218e-11
2360.00 7.321436e-11
2370.00 7.379497e-11
2380.00 7.437382e-11
2390.00 7.495069e-11
2400.00 7.552537e-11
2410.00 7.609766e-11
2420.00 7.666734e-11
2430.00 7.723421e-11
2440.00 7.779806e-11
2450.00 7.835863e-11
2460.00 7.891581e-11
2470.00 7.946930e-11
2480.00 8.001895e-11
2490.00 8.056452e-11
2500.00 8.110579e-11
2510.00 8.697510e-11
2520.00 9.708456e-11
2530.00 1.144970e-10
2540.00 1.148036e-10
2550.00 1.114630e-10
2560.00 1.076334e-10
2570.00 1.044306e-10
2580.00 1.007321e-10
2590.00 1.032604e-10
2600.00 1.036578e-10
2610.00 1.050302e-10
2620.00 9.868281e-11
2630.00 8.969054e-11
2640.00 9.305897e-11
2650.00 1.059001e-10
2660.00 1.188880e-10
2670.00 1.344298e-10
2680.00 1.616953e-10
2690.00 1.936529e-10
2700.00 2.213364e-10
2710.00 2.494705e-10
2720.00 2.663203e-10
2730.00 2.779108e-10
2740.00 2.939161e-10
2750.00 3.114363e-10
2760.00 3.157699e-10
2770.00 3.410761e-10
2780.00 3.461559e-10
2790.00 3.360370e-10
2800.00 3.239273e-10
2810.00 3.469264e-10
2820.00 3.609687e-10
2830.00 3.799779e-10
2840.00 3.993960e-10
2850.00 4.069865e-10
2860.00 4.531646e-10
2870.00 5.155901e-10
2880.00 5.669651e-10
2890.00 6.376229e-10
2900.00 7.071265e-10
2910.00 7.716641e-10
2920.00 8.011018e-10
2930.00 8.181025e-10
2940.00 8.280083e-10
2950.00 8.174932e-10
2960.00 7.971719e-10
2970.00 7.534448e-10
2980.00 7.133082e-10
2990.00 6.650090e-10
3000.00 6.346703e-10
3010.00 6.233221e-10
3020.00 6.277678e-10
3030.00 6.322236e-10
3040.00 6.258251e-10
3050.00 5.633074e-10
3060.00 5.336210e-10
3070.00 6.107948e-10
3080.00 6.505860e-10
3090.00 6.597639e-10
3100.00 6.591432e-10
3110.00 6.642616e-10
3120.00 7.011536e-10
3130.00 7.716349e-10
3140.00 8.378172e-10
3150.00 9.149012e-10
3160.00 9.759621e-10
3170.00 1.035247e-09
3180.00 1.029925e-09
3190.00 1.008157e-09
3200.00 9.828224e-10
3210.00 9.004414e-10
3220.00 9.428920e-10
3230.00 8.941870e-10
3240.00 8.316676e-10
3250.00 7.295365e-10
3260.00 6.423870e-10
3270.00 6.885183e-10
3280.00 7.133822e-10
3290.00 6.858195e-10
3300.00 6.888798e-10
3310.00 7.802495e-10
3320.00 7.819264e-10
3330.00 8.277147e-10
3340.00 8.502719e-10
3350.00 8.679946e-10
3360.00 8.688598e-10
3370.00 8.621974e-10
3380.00 8.969100e-10
3390.00 9.078143e-10
3400.00 9.453771e-10
3410.00 9.690226e-10
3420.00 9.826259e-10
3430.00 9.961739e-10
3440.00 1.022764e-09
3450.00 1.055092e-09
3460.00 1.062438e-09
3470.00 1.115359e-09
3480.00 1.146786e-09
3490.00 1.185787e-09
3500.00 1.274253e-09
3510.00 1.383792e-09
3520.00 1.437148e-09
3530.00 1.535406e-09
3540.00 1.619336e-09
3550.00 1.658959e-09
3560.00 1.720656e-09
3570.00 1.738732e-09
3580.00 1.745130e-09
3590.00 1.743572e-09
3600.00 1.718914e-09
3610.00 1.715317e-09
3620.00 1.675203e-09
3630.00 1.675778e-09
3640.00 1.732352e-09
3650.00 1.840226e-09
3660.00 1.929503e-09
3670.00 1.945243e-09
3680.00 1.927366e-09
3690.00 1.848054e-09
3700.00 1.708365e-09
3710.00 1.567376e-09
3720.00 1.449261e-09
3730.00 1.359276e-09
3740.00 1.329538e-09
3750.00 1.280576e-09
3760.00 1.215617e-09
3770.00 1.188572e-09
3780.00 1.181342e-09
3790.00 1.171939e-09
3800.00 1.154462e-09
3810.00 1.205453e-09
3820.00 1.307652e-09
3830.00 1.436833e-09
3840.00 1.592017e-09
3850.00 1.787845e-09
3860.00 2.007643e-09
3870.00 2.243481e-09
3880.00 2.435804e-09
3890.00 2.656266e-09
3900.00 2.848038e-09
3910.00 3.017472e-09
3920.00 3.128886e-09
3930.00 3.177158e-09
3940.00 3.193429e-09
3950.00 3.195703e-09
3960.00 3.139265e-09
3970.00 2.969634e-09
3980.00 2.818123e-09
3990.00 2.649561e-09
4000.00 2.512593e-09
4010.00 2.437589e-09
4020.00 2.408906e-09
4030.00 2.407089e-09
4040.00 2.472844e-09
4050.00 2.525938e-09
4060.00 2.604571e-09
4070.00 2.673879e-09
4080.00 2.716362e-09
4090.00 2.673514e-09
4100.00 2.684616e-09
4110.00 2.670759e-09
4120.00 2.682530e-09
4130.00 2.703834e-09
4140.00 2.744821e-09
4150.00 2.779554e-09
4160.00 2.811707e-09
4170.00 2.837245e-09
4180.00 2.855564e-09
4190.00 2.879977e-09
4200.00 2.863067e-09
4210.00 2.847688e-09
4220.00 2.796540e-09
4230.00 2.730973e-09
4240.00 2.665952e-09
4250.00 2.627350e-09
4260.00 2.564988e-09
4270.00 2.547845e-09
4280.00 2.482063e-09
4290.00 2.413220e-09
4300.00 2.328587e-09
4310.00 2.256607e-09
4320.00 2.183854e-09
4330.00 2.129476e-09
4340.00 2.097311e-09
4350.00 2.058341e-09
4360.00 2.004727e-09
4370.00 1.950645e-09
4380.00 1.917952e-09
4390.00 1.893894e-09
4400.00 1.874063e-09
4410.00 1.901778e-09
4420.00 1.933759e-09
4430.00 1.970436e-09
4440.00 2.051220e-09
4450.00 2.144646e-09
4460.00 2.235329e-09
4470.00 2.332091e-09
4480.00 2.438370e-09
4490.00 2.573286e-09
4500.00 2.715396e-09
4510.00 2.850458e-09
4520.00 3.007626e-09
4530.00 3.143059e-09
4540.00 3.274372e-09
4550.00 3.389964e-09
4560.00 3.506251e-09
4570.00 3.614084e-09
4580.00 3.676637e-09
4590.00 3.728694e-09
4600.00 3.756343e-09
4610.00 3.755602e-09
4620.00 3.731127e-09
4630.00 3.668405e-09
4640.00 3.554390e-09
4650.00 3.409123e-09
4660.00 3.213335e-09
4670.00 3.025049e-09
4680.00 2.822010e-09
4690.00 2.693897e-09
4700.00 2.613159e-09
4710.00 2.516173e-09
4720.00 2.411195e-09
4730.00 2.336052e-09
4740.00 2.279015e-09
4750.00 2.196273e-09
4760.00 2.135055e-09
4770.00 2.130691e-09
4780.00 2.141243e-09
4790.00 2.164679e-09
4800.00 2.168116e-09
4810.00 2.178795e-09
4820.00 2.190786e-09
4830.00 2.173834e-09
4840.00 2.126538e-09
4850.00 2.065116e-09
4860.00 2.034919e-09
4870.00 2.045555e-09
4880.00 2.054059e-09
4890.00 2.100059e-09
4900.00 2.203936e-09
4910.00 2.302063e-09
4920.00 2.399859e-09
4930.00 2.476607e-09
4940.00 2.504783e-09
4950.00 2.505801e-09
4960.00 2.476360e-09
4970.00 2.423388e-09
4980.00 2.341614e-09
4990.00 2.261407e-09
5000.00 2.194699e-09
5010.00 2.151356e-09
5020.00 2.130941e-09
5030.00 2.143609e-09
5040.00 2.178478e-09
5050.00 2.213256e-09
5060.00 2.250557e-09
5070.00 2.311808e-09
5080.00 2.364228e-09
5090.00 2.407544e-09
5100.00 2.443451e-09
5110.00 2.511944e-09
5120.00 2.566394e-09
5130.00 2.618800e-09
5140.00 2.674580e-09
5150.00 2.745431e-09
5160.00 2.821552e-09
5170.00 2.884282e-09
5180.00 2.939663e-09
5190.00 3.003964e-09
5200.00 3.054983e-09
5210.00 3.106496e-09
5220.00 3.162425e-09
5230.00 3.179634e-09
5240.00 3.152168e-09
5250.00 3.116738e-09
5260.00 3.057749e-09
5270.00 2.999345e-09
5280.00 2.935773e-09
5290.00 2.849623e-09
5300.00 2.771906e-09
5310.00 2.709664e-09
5320.00 2.685729e-09
5330.00 2.660953e-09
5340.00 2.642813e-09
5350.00 2.633642e-09
5360.00 2.628432e-09
5370.00 2.623697e-09
5380.00 2.604787e-09
5390.00 2.589767e-09
5400.00 2.585416e-09
5410.00 2.574275e-09
5420.00 2.542509e-09
5430.00 2.494626e-09
5440.00 2.445760e-09
5450.00 2.398285e-09
5460.00 2.353031e-09
5470.00 2.298805e-09
5480.00 2.251239e-09
5490.00 2.233088e-09
5500.00 2.211393e-09
5510.00 2.203898e-09
5520.00 2.218432e-09
5530.00 2.252929e-09
5540.00 2.286616e-09
5550.00 2.309067e-09
5560.00 2.312343e-09
5570.00 2.323609e-09
5580.00 2.327005e-09
5590.00 2.283411e-09
5600.00 2.237407e-09
5610.00 2.206211e-09
5620.00 2.170249e-09
5630.00 2.124026e-09
5640.00 2.079136e-09
5650.00 2.041819e-09
5660.00 2.001382e-09
5670.00 1.962441e-09
5680.00 1.923433e-09
5690.00 1.886809e-09
5700.00 1.859401e-09
5710.00 1.823659e-09
5720.00 1.787781e-09
5730.00 1.769618e-09
5740.00 1.737922e-09
5750.00 1.723163e-09
5760.00 1.733359e-09
5770.00 1.739136e-09
5780.00 1.766433e-09
5790.00 1.807816e-09
5800.00 1.841961e-09
5810.00 1.899170e-09
5820.00 1.970218e-09
5830.00 2.036364e-09
5840.00 2.103783e-09
5850.00 2.153674e-09
5860.00 2.206433e-09
5870.00 2.256148e-09
5880.00 2.276907e-09
5890.00 2.242537e-09
5900.00 2.211533e-09
5910.00 2.211200e-09
5920.00 2.205507e-09
5930.00 2.178604e-09
5940.00 2.132741e-09
5950.00 2.087089e-09
5960.00 2.033081e-09
5970.00 1.987614e-09
5980.00 1.944653e-09
5990.00 1.908461e-09
6000.00 1.876693e-09
6010.00 1.844393e-09
6020.00 1.791904e-09
6030.00 1.724962e-09
6040.00 1.659254e-09
6050.00 1.564626e-09
6060.00 1.434119e-09
6070.00 1.287005e-09
6080.00 1.169380e-09
6090.00 1.057253e-09
6100.00 9.636969e-10
6110.00 8.742331e-10
6120.00 8.065105e-10
6130.00 7.742205e-10
6140.00 7.576410e-10
6150.00 7.594058e-10
6160.00 7.832698e-10
6170.00 8.349426e-10
6180.00 8.870316e-10
6190.00 9.468497e-10
6200.00 1.025261e-09
6210.00 1.124614e-09
6220.00 1.195296e-09
6230.00 1.264077e-09
6240.00 1.330554e-09
6250.00 1.400465e-09
6260.00 1.468834e-09
6270.00 1.522860e-09
6280.00 1.550134e-09
6290.00 1.593267e-09
6300.00 1.642546e-09
6310.00 1.675566e-09
6320.00 1.679568e-09
6330.00 1.692899e-09
6340.00 1.703549e-09
6350.00 1.718235e-09
6360.00 1.717146e-09
6370.00 1.718040e-09
6380.00 1.723528e-09
6390.00 1.723082e-09
6400.00 1.720243e-09
6410.00 1.716292e-09
6420.00 1.707904e-09
6430.00 1.706034e-09
6440.00 1.710142e-09
6450.00 1.692286e-09
6460.00 1.682546e-09
6470.00 1.683094e-09
6480.00 1.673552e-09
6490.00 1.656526e-09
6500.00 1.650458e-09
6510.00 1.639637e-09
6520.00 1.624782e-09
6530.00 1.599925e-09
6540.00 1.568923e-09
6550.00 1.550088e-09
6560.00 1.511297e-09
6570.00 1.485236e-09
6580.00 1.450954e-09
6590.00 1.431640e-09
6600.00 1.390029e-09
6610.00 1.350616e-09
6620.00 1.315509e-09
6630.00 1.283333e-09
6640.00 1.240506e-09
6650.00 1.209830e-09
6660.00 1.189023e-09
6670.00 1.161123e-09
6680.00 1.134177e-09
6690.00 1.097553e-09
6700.00 1.062900e-09
6710.00 1.031881e-09
6720.00 1.018324e-09
6730.00 9.944584e-10
6740.00 9.743935e-10
6750.00 9.547149e-10
6760.00 9.276340e-10
6770.00 9.213524e-10
6780.00 9.001090e-10
6790.00 8.856722e-10
6800.00 8.809596e-10
6810.00 8.739178e-10
6820.00 8.652566e-10
6830.00 8.538439e-10
6840.00 8.265453e-10
6850.00 8.283600e-10
6860.00 8.077494e-10
6870.00 7.620083e-10
6880.00 7.844617e-10
6890.00 7.790603e-10
6900.00 7.781202e-10
6910.00 7.874957e-10
6920.00 7.878880e-10
6930.00 7.941329e-10
6940.00 7.875881e-10
6950.00 7.884493e-10
6960.00 7.710287e-10
6970.00 7.704395e-10
6980.00 7.614312e-10
6990.00 7.601559e-10
7000.00 7.512368e-10
7010.00 7.428043e-10
7020.00 7.433276e-10
7030.00 7.417222e-10
7040.00 7.364007e-10
7050.00 7.352928e-10
7060.00 7.335336e-10
7070.00 7.276550e-10
7080.00 7.249069e-10
7090.00 7.298528e-10
7100.00 7.293675e-10
7110.00 7.281772e-10
7120.00 7.290593e-10
7130.00 7.212145e-10
7140.00 7.181861e-10
7150.00 7.211249e-10
7160.00 7.046743e-10
7170.00 6.966903e-10
7180.00 7.080998e-10
7190.00 6.920716e-10
7200.00 7.055714e-10
7210.00 6.917611e-10
7220.00 6.945643e-10
7230.00 6.810202e-10
7240.00 6.760891e-10
7250.00 6.865322e-10
7260.00 6.951213e-10
7270.00 6.739979e-10
7280.00 6.882015e-10
7290.00 6.786573e-10
7300.00 6.658785e-10
7310.00 6.653406e-10
7320.00 6.530228e-10
7330.00 6.407790e-10
7340.00 6.187296e-10
7350.00 6.108571e-10
7360.00 5.814604e-10
7370.00 5.686739e-10
7380.00 5.604779e-10
7390.00 5.428844e-10
7400.00 5.446625e-10
7410.00 5.152556e-10
7420.00 5.146627e-10
7430.00 5.158712e-10
7440.00 5.060638e-10
7450.00 4.905019e-10
7460.00 4.709503e-10
7470.00 4.400284e-10
7480.00 4.222048e-10
7490.00 3.920311e-10
7500.00 3.886065e-10
7510.00 4.034797e-10
7520.00 4.184355e-10
7530.00 4.239703e-10
7540.00 4.211730e-10
7550.00 4.264799e-10
7560.00 4.237410e-10
7570.00 4.274545e-10
7580.00 4.391517e-10
7590.00 4.205826e-10
7600.00 4.162694e-10
7610.00 4.590120e-10
7620.00 4.361360e-10
7630.00 4.504604e-10
7640.00 4.511691e-10
7650.00 4.385341e-10
7660.00 4.440826e-10
7670.00 4.406393e-10
7680.00 4.409682e-10
7690.00 4.461272e-10
7700.00 4.523807e-10
7710.00 4.530239e-10
7720.00 4.501676e-10
7730.00 4.477838e-10
7740.00 4.380245e-10
7750.00 4.645485e-10
7760.00 4.700612e-10
7770.00 4.737308e-10
7780.00 4.827669e-10
7790.00 4.844847e-10
7800.00 4.895481e-10
7810.00 5.084793e-10
7820.00 5.013893e-10
7830.00 5.114139e-10
7840.00 5.110912e-10
7850.00 5.146265e-10
7860.00 5.222239e-10
7870.00 5.183915e-10
7880.00 5.139199e-10
7890.00 5.212251e-10
7900.00 5.118459e-10
7910.00 5.111574e-10
7920.00 4.953148e-10
7930.00 4.869263e-10
7940.00 4.837404e-10
7950.00 4.576138e-10
7960.00 4.555371e-10
7970.00 4.491933e-10
7980.00 4.391765e-10
7990.00 4.323022e-10
8000.00 4.249798e-10
8010.00 4.276220e-10
8020.00 4.082732e-10
8030.00 4.098556e-10
8040.00 3.995336e-10
8050.00 3.972866e-10
8060.00 3.860480e-10
8070.00 3.868327e-10
8080.00 3.792795e-10
8090.00 3.913799e-10
8100.00 3.861356e-10
8110.00 3.770284e-10
8120.00 3.771190e-10
8130.00 3.589521e-10
8140.00 3.630310e-10
8150.00 3.547063e-10
8160.00 3.306901e-10
8170.00 3.305753e-10
8180.00 2.945865e-10
8190.00 2.622367e-10
8200.00 2.553474e-10
8210.00 2.375770e-10
8220.00 2.317143e-10
8230.00 2.203689e-10
8240.00 2.202948e-10
8250.00 2.295617e-10
8260.00 2.287182e-10
8270.00 2.349864e-10
8280.00 2.305828e-10
8290.00 2.354840e-10
8300.00 2.480086e-10
8310.00 2.548129e-10
8320.00 2.619979e-10
8330.00 2.707793e-10
8340.00 2.785125e-10
8350.00 2.758704e-10
8360.00 2.747681e-10
8370.00 2.802839e-10
8380.00 2.754059e-10
8390.00 2.934919e-10
8400.00 3.015063e-10
8410.00 3.053574e-10
8420.00 3.262455e-10
8430.00 3.519579e-10
8440.00 3.868072e-10
8450.00 4.229111e-10
8460.00 4.587177e-10
8470.00 4.670990e-10
8480.00 4.892028e-10
8490.00 5.132251e-10
8500.00 5.425272e-10
8510.00 5.506366e-10
8520.00 5.590880e-10
8530.00 5.563887e-10
8540.00 5.750941e-10
8550.00 5.666249e-10
8560.00 5.793959e-10
8570.00 5.820334e-10
8580.00 5.793927e-10
8590.00 6.107723e-10
8600.00 6.214070e-10
8610.00 6.262766e-10
8620.00 6.340183e-10
8630.00 6.312089e-10
8640.00 6.290345e-10
8650.00 6.297011e-10
8660.00 6.296309e-10
8670.00 6.267402e-10
8680.00 6.149786e-10
8690.00 6.106588e-10
8700.00 6.176600e-10
8710.00 6.103041e-10
8720.00 6.100545e-10
8730.00 6.135983e-10
8740.00 6.081887e-10
8750.00 6.012646e-10
8760.00 5.940509e-10
8770.00 5.879574e-10
8780.00 5.770895e-10
8790.00 5.746405e-10
8800.00 5.695299e-10
8810.00 5.839580e-10
8820.00 5.743924e-10
8830.00 5.495551e-10
8840.00 5.523640e-10
8850.00 5.452811e-10
8860.00 5.354566e-10
8870.00 5.107205e-10
8880.00 4.839722e-10
8890.00 4.787652e-10
8900.00 4.646602e-10
8910.00 4.543732e-10
8920.00 4.396775e-10
8930.00 4.403456e-10
8940.00 4.468115e-10
8950.00 4.242726e-10
8960.00 4.145289e-10
8970.00 4.273859e-10
8980.00 4.227864e-10
8990.00 4.190176e-10
9000.00 4.118323e-10
9010.00 4.160413e-10
9020.00 4.047349e-10
9030.00 4.002940e-10
9040.00 3.932781e-10
9050.00 3.870205e-10
9060.00 3.746139e-10
9070.00 3.615783e-10
9080.00 3.515850e-10
9090.00 3.455525e-10
9100.00 3.607091e-10
9110.00 3.556132e-10
9120.00 3.288228e-10
9130.00 3.273996e-10
9140.00 3.312461e-10
9150.00 3.192144e-10
9160.00 3.220126e-10
9170.00 3.031138e-10
9180.00 3.078365e-10
9190.00 3.097498e-10
9200.00 2.800945e-10
9210.00 2.791977e-10
9220.00 2.838351e-10
9230.00 2.799764e-10
9240.00 2.753133e-10
9250.00 2.822719e-10
9260.00 2.742628e-10
9270.00 2.655504e-10
9280.00 2.552586e-10
9290.00 2.480205e-10
9300.00 2.440960e-10
9310.00 2.222202e-10
9320.00 2.015049e-10
9330.00 2.036433e-10
9340.00 2.155841e-10
9350.00 2.081092e-10
9360.00 2.043490e-10
9370.00 1.968907e-10
9380.00 2.101505e-10
9390.00 2.216026e-10
9400.00 2.131957e-10
9410.00 2.235667e-10
9420.00 1.853931e-10
9430.00 1.939973e-10
9440.00 2.027791e-10
9450.00 1.802612e-10
9460.00 1.974429e-10
9470.00 2.075142e-10
9480.00 1.845091e-10
9490.00 1.818068e-10
9500.00 1.963247e-10
9510.00 1.679060e-10
9520.00 1.624105e-10
9530.00 1.729311e-10
9540.00 1.786543e-10
9550.00 1.727530e-10
9560.00 1.863391e-10
9570.00 1.849003e-10
9580.00 1.611211e-10
9590.00 1.764348e-10
9600.00 1.912636e-10
9610.00 1.652912e-10
9620.00 1.825040e-10
9630.00 1.701261e-10
9640.00 1.602427e-10
9650.00 1.853698e-10
9660.00 1.769652e-10
9670.00 1.794651e-10
9680.00 1.802458e-10
9690.00 1.777848e-10
9700.00 1.717060e-10
9710.00 1.892986e-10
9720.00 1.651467e-10
9730.00 1.611447e-10
9740.00 1.446500e-10
9750.00 1.528448e-10
9760.00 1.518845e-10
9770.00 1.516453e-10
9780.00 1.476707e-10
9790.00 1.446330e-10
9800.00 1.409748e-10
9810.00 1.394786e-10
9820.00 1.364787e-10
9830.00 1.340803e-10
9840.00 1.334849e-10
9850.00 1.323399e-10
9860.00 1.316317e-10
9870.00 1.294319e-10
9880.00 1.295473e-10
9890.00 1.294375e-10
9900.00 1.275530e-10
9910.00 1.271420e-10
9920.00 1.260573e-10
9930.00 1.226149e-10
9940.00 1.231436e-10
9950.00 1.228715e-10
9960.00 1.203180e-10
9970.00 1.179888e-10
9980.00 1.174382e-10
9990.00 1.175705e-10
10000.00 1.165750e-10
10010.00 1.161123e-10
10020.00 1.156499e-10
10030.00 1.151875e-10
10040.00 1.147252e-10
10050.00 1.142630e-10
10060.00 1.138008e-10
10070.00 1.133387e-10
10080.00 1.128767e-10
10090.00 1.124148e-10
10100.00 1.119529e-10
10110.00 1.114912e-10
10120.00 1.110294e-10
10130.00 1.105677e-10
10140.00 1.101061e-10
10150.00 1.096444e-10
10160.00 1.091828e-10
10170.00 1.087212e-10
10180.00 1.082596e-10
10190.00 1.077981e-10
10200.00 1.073366e-10
10210.00 1.068752e-10
10220.00 1.064136e-10
10230.00 1.059522e-10
10240.00 1.054908e-10
10250.00 1.050292e-10
10260.00 1.045678e-10
10270.00 1.041063e-10
10280.00 1.036447e-10
10290.00 1.031832e-10
10300.00 1.027217e-10
10310.00 1.022600e-10
10320.00 1.017984e-10
10330.00 1.013368e-10
10340.00 1.008751e-10
10350.00 1.004133e-10
10360.00 9.995164e-11
10370.00 9.948976e-11
10380.00 9.902792e-11
10390.00 9.856591e-11
10400.00 9.810406e-11
10410.00 9.764198e-11
10420.00 9.717981e-11
10430.00 9.671767e-11
10440.00 9.625545e-11
10450.00 9.579320e-11
10460.00 9.533079e-11
10470.00 9.486842e-11
10480.00 9.440593e-11
10490.00 9.394349e-11
10500.00 9.348086e-11
10510.00 9.301824e-11
10520.00 9.255563e-11
10530.00 9.209297e-11
10540.00 9.163022e-11
10550.00 9.116751e-11
10560.00 9.070473e-11
10570.00 9.024190e-11
10580.00 8.977901e-11
10590.00 8.931621e-11
10600.00 8.885336e-11
10610.00 8.839037e-11
10620.00 8.792749e-11
10630.00 8.746461e-11
10640.00 8.700162e-11
10650.00 8.653870e-11
10660.00 8.607577e-11
10670.00 8.561275e-11
10680.00 8.514977e-11
10690.00 8.468686e-11
10700.00 8.422388e-11
10710.00 8.376089e-11
10720.00 8.329802e-11
10730.00 8.283507e-11
10740.00 8.237215e-11
10750.00 8.190922e-11
10760.00 8.144629e-11
10770.00 8.098340e-11
10780.00 8.052055e-11
10790.00 8.005765e-11
10800.00 7.959483e-11
10810.00 7.913200e-11
10820.00 7.866909e-11
10830.00 7.820642e-11
10840.00 7.774368e-11
10850.00 7.728101e-11
10860.00 7.681836e-11
10870.00 7.635567e-11
10880.00 7.589305e-11
10890.00 7.543053e-11
10900.00 7.496789e-11
10910.00 7.450547e-11
10920.00 7.404295e-11
10930.00 7.358055e-11
10940.00 7.311819e-11
10950.00 7.265585e-11
10960.00 7.219358e-11
10970.00 7.173126e-11
10980.00 7.126907e-11
10990.00 7.080698e-11
11000.00 7.034483e-11
11010.00 6.988283e-11
11020.00 6.942077e-11
11030.00 6.895886e-11
11040.00 6.849700e-11
11050.00 6.803512e-11
11060.00 6.757333e-11
11070.00 6.711157e-11
11080.00 6.664990e-11
11090.00 6.618825e-11
11100.00 6.572670e-11
11110.00 6.526516e-11
11120.00 6.480374e-11
11130.00 6.434241e-11
11140.00 6.388101e-11
11150.00 6.341975e-11
11160.00 6.295860e-11
11170.00 6.249744e-11
11180.00 6.203635e-11
11190.00 6.157531e-11
11200.00 6.111437e-11
11210.00 6.065357e-11
11220.00 6.019272e-11
11230.00 5.973194e-11
11240.00 5.927125e-11
11250.00 5.881061e-11
11260.00 5.835007e-11
11270.00 5.788954e-11
11280.00 5.742913e-11
11290.00 5.696876e-11
11300.00 5.650843e-11
11310.00 5.647381e-11
11320.00 5.643950e-11
11330.00 5.640551e-11
11340.00 5.637190e-11
11350.00 5.633852e-11
11360.00 5.630547e-11
11370.00 5.627279e-11
11380.00 5.624047e-11
11390.00 5.620847e-11
11400.00 5.617680e-11
11410.00 5.614551e-11
11420.00 5.611444e-11
11430.00 5.608383e-11
11440.00 5.605353e-11
11450.00 5.602361e-11
11460.00 5.599411e-11
11470.00 5.596488e-11
11480.00 5.593606e-11
11490.00 5.590758e-11
11500.00 5.587952e-11
11510.00 5.585179e-11
11520.00 5.582443e-11
11530.00 5.579755e-11
11540.00 5.577095e-11
11550.00 5.574484e-11
11560.00 5.571905e-11
11570.00 5.569365e-11
11580.00 5.566866e-11
11590.00 5.564403e-11
11600.00 5.561986e-11
11610.00 5.559615e-11
11620.00 5.557277e-11
11630.00 5.554983e-11
11640.00 5.552731e-11
11650.00 5.550520e-11
11660.00 5.548358e-11
11670.00 5.546226e-11
11680.00 5.544145e-11
11690.00 5.542104e-11
11700.00 5.540113e-11
11710.00 5.538167e-11
11720.00 5.536257e-11
11730.00 5.534398e-11
11740.00 5.532583e-11
11750.00 5.530810e-11
11760.00 5.529084e-11
11770.00 5.527413e-11
11780.00 5.525776e-11
11790.00 5.524197e-11
11800.00 5.522656e-11
11810.00 5.521172e-11
11820.00 5.519725e-11
11830.00 5.518331e-11
11840.00 5.516982e-11
11850.00 5.515685e-11
11860.00 5.514447e-11
11870.00 5.513245e-11
11880.00 5.512098e-11
11890.00 5.511001e-11
11900.00 5.509950e-11
11910.00 5.508956e-11
11920.00 5.508017e-11
11930.00 5.507119e-11
11940.00 5.506280e-11
11950.00 5.505488e-11
11960.00 5.504753e-11
11970.00 5.504071e-11
11980.00 5.503441e-11
11990.00 5.502865e-11
12000.00 5.502344e-11
12010.00 5.501882e-11
12020.00 5.501465e-11
12030.00 5.501112e-11
12040.00 5.500813e-11
12050.00 5.500565e-11
12060.00 5.500373e-11
12070.00 5.500249e-11
12080.00 5.500169e-11
12090.00 5.500155e-11
12100.00 5.500198e-11
12110.00 5.500295e-11
12120.00 5.500448e-11
12130.00 5.500664e-11
12140.00 5.500942e-11
12150.00 5.501273e-11
12160.00 5.501676e-11
12170.00 5.502130e-11
12180.00 5.502646e-11
12190.00 5.503227e-11
12200.00 5.503864e-11
12210.00 5.504566e-11
12220.00 5.505327e-11
12230.00 5.506156e-11
12240.00 5.507047e-11
12250.00 5.507998e-11
12260.00 5.509019e-11
12270.00 5.510098e-11
12280.00 5.511253e-11
12290.00 5.512461e-11
12300.00 5.513742e-11
12310.00 5.515082e-11
12320.00 5.516500e-11
12330.00 5.517974e-11
12340.00 5.519517e-11
12350.00 5.521128e-11
12360.00 5.522813e-11
12370.00 5.524558e-11
12380.00 5.526377e-11
12390.00 5.528267e-11
12400.00 5.530219e-11
12410.00 5.532253e-11
12420.00 5.534348e-11
12430.00 5.536519e-11
12440.00 5.538758e-11
12450.00 5.541075e-11
12460.00 5.543458e-11
12470.00 5.545913e-11
12480.00 5.548444e-11
12490.00 5.551055e-11
12500.00 5.553732e-11
12510.00 5.557726e-11
12520.00 5.561800e-11
12530.00 5.565952e-11
12540.00 5.570176e-11
12550.00 5.574477e-11
12560.00 5.578851e-11
12570.00 5.583310e-11
12580.00 5.587836e-11
12590.00 5.592445e-11
12600.00 5.597133e-11
12610.00 5.601899e-11
12620.00 5.606745e-11
12630.00 5.611672e-11
12640.00 5.616682e-11
12650.00 5.621767e-11
12660.00 5.626941e-11
12670.00 5.632188e-11
12680.00 5.637526e-11
12690.00 5.642938e-11
12700.00 5.648445e-11
12710.00 5.654028e-11
12720.00 5.659702e-11
12730.00 5.665458e-11
12740.00 5.671301e-11
12750.00 5.677237e-11
12760.00 5.683247e-11
12770.00 5.689356e-11
12780.00 5.695549e-11
12790.00 5.701830e-11
12800.00 5.708204e-11
12810.00 5.714661e-11
12820.00 5.721219e-11
12830.00 5.727857e-11
12840.00 5.734594e-11
12850.00 5.741425e-11
12860.00 5.748343e-11
12870.00 5.755358e-11
12880.00 5.762466e-11
12890.00 5.769664e-11
12900.00 5.776949e-11
12910.00 5.784334e-11
12920.00 5.791803e-11
12930.00 5.799367e-11
12940.00 5.807025e-11
12950.00 5.814764e-11
12960.00 5.822594e-11
12970.00 5.830520e-11
12980.00 5.838528e-11
12990.00 5.846629e-11
13000.00 5.854823e-11
13010.00 5.863099e-11
13020.00 5.871462e-11
13030.00 5.879919e-11
13040.00 5.888465e-11
13050.00 5.897095e-11
13060.00 5.905814e-11
13070.00 5.914619e-11
13080.00 5.923505e-11
13090.00 5.932489e-11
13100.00 5.941558e-11
13110.00 5.950702e-11
13120.00 5.959935e-11
13130.00 5.969257e-11
13140.00 5.978666e-11
13150.00 5.988156e-11
13160.00 5.997732e-11
13170.00 6.007390e-11
13180.00 6.017136e-11
13190.00 6.026966e-11
13200.00 6.036871e-11
13210.00 6.046872e-11
13220.00 6.056947e-11
13230.00 6.067108e-11
13240.00 6.077354e-11
13250.00 6.087677e-11
13260.00 6.098085e-11
13270.00 6.108579e-11
13280.00 6.119143e-11
13290.00 6.129799e-11
13300.00 6.140526e-11
13310.00 6.151343e-11
13320.00 6.162233e-11
13330.00 6.173208e-11
13340.00 6.184259e-11
13350.00 6.195392e-11
13360.00 6.206599e-11
13370.00 6.217891e-11
13380.00 6.229267e-11
13390.00 6.240710e-11
13400.00 6.252234e-11
13410.00 6.263832e-11
13420.00 6.275509e-11
13430.00 6.287271e-11
13440.00 6.299105e-11
13450.00 6.311019e-11
13460.00 6.323002e-11
13470.00 6.335066e-11
13480.00 6.347202e-11
13490.00 6.359413e-11
13500.00 6.371704e-11
13510.00 6.384068e-11
13520.00 6.396510e-11
13530.00 6.409018e-11
13540.00 6.421603e-11
13550.00 6.434262e-11
13560.00 6.447001e-11
13570.00 6.459802e-11
13580.00 6.472684e-11
13590.00 6.485628e-11
13600.00 6.498652e-11
13610.00 6.511748e-11
13620.00 6.524913e-11
13630.00 6.538148e-11
13640.00 6.551456e-11
13650.00 6.564831e-11
13660.00 6.578279e-11
13670.00 6.591798e-11
13680.00 6.605377e-11
13690.00 6.619030e-11
13700.00 6.632754e-11
13710.00 6.615702e-11
13720.00 6.598585e-11
13730.00 6.581392e-11
13740.00 6.564129e-11
13750.00 6.546795e-11
13760.00 6.529388e-11
13770.00 6.511902e-11
13780.00 6.494338e-11
13790.00 6.476705e-11
13800.00 6.458986e-11
13810.00 6.441184e-11
13820.00 6.423308e-11
13830.00 6.405344e-11
13840.00 6.387300e-11
13850.00 6.369165e-11
13860.00 6.350934e-11
13870.00 6.332620e-11
13880.00 6.314221e-11
13890.00 6.295733e-11
13900.00 6.277150e-11
13910.00 6.258471e-11
13920.00 6.239685e-11
13930.00 6.220815e-11
13940.00 6.201843e-11
13950.00 6.182772e-11
13960.00 6.163604e-11
13970.00 6.144327e-11
13980.00 6.124956e-11
13990.00 6.105468e-11
14000.00 6.085882e-11
14010.00 6.066194e-11
14020.00 6.046380e-11
14030.00 6.026475e-11
14040.00 6.006447e-11
14050.00 5.986316e-11
14060.00 5.966061e-11
14070.00 5.945694e-11
14080.00 5.925212e-11
14090.00 5.904608e-11
14100.00 5.883896e-11
14110.00 5.863062e-11
14120.00 5.842110e-11
14130.00 5.821025e-11
14140.00 5.799827e-11
14150.00 5.778493e-11
14160.00 5.757039e-11
14170.00 5.735470e-11
14180.00 5.713754e-11
14190.00 5.691923e-11
14200.00 5.669955e-11
14210.00 5.647862e-11
14220.00 5.625624e-11
14230.00 5.603263e-11
14240.00 5.580764e-11
14250.00 5.558127e-11
14260.00 5.535364e-11
14270.00 5.512445e-11
14280.00 5.489402e-11
14290.00 5.466212e-11
14300.00 5.442883e-11
14310.00 5.419406e-11
14320.00 5.395790e-11
14330.00 5.372032e-11
14340.00 5.348122e-11
14350.00 5.324073e-11
14360.00 5.299870e-11
14370.00 5.275522e-11
14380.00 5.251024e-11
14390.00 5.226371e-11
14400.00 5.201573e-11
14410.00 5.176618e-11
14420.00 5.151514e-11
14430.00 5.126251e-11
14440.00 5.100832e-11
14450.00 5.075259e-11
14460.00 5.049527e-11
14470.00 5.023637e-11
14480.00 4.997589e-11
14490.00 4.971381e-11
14500.00 4.945011e-11
14510.00 4.918479e-11
14520.00 4.891784e-11
14530.00 4.864930e-11
14540.00 4.837905e-11
14550.00 4.810717e-11
14560.00 4.783364e-11
14570.00 4.755843e-11
14580.00 4.728153e-11
14590.00 4.700298e-11
14600.00 4.672270e-11
14610.00 4.644073e-11
14620.00 4.615707e-11
14630.00 4.587167e-11
14640.00 4.558456e-11
14650.00 4.529571e-11
14660.00 4.500512e-11
14670.00 4.471279e-11
14680.00 4.441871e-11
14690.00 4.412286e-11
14700.00 4.382526e-11
14710.00 4.352587e-11
14720.00 4.322469e-11
14730.00 4.292173e-11
14740.00 4.261699e-11
14750.00 4.231046e-11
14760.00 4.200210e-11
14770.00 4.169194e-11
14780.00 4.137999e-11
14790.00 4.106617e-11
14800.00 4.075055e-11
14810.00 4.043309e-11
14820.00 4.011380e-11
14830.00 3.979265e-11
14840.00 3.946968e-11
14850.00 3.914482e-11
14860.00 3.881813e-11
14870.00 3.848958e-11
14880.00 3.815917e-11
14890.00 3.782690e-11
14900.00 3.749274e-11
14910.00 3.715673e-11
14920.00 3.681883e-11
14930.00 3.647907e-11
14940.00 3.613740e-11
14950.00 3.579388e-11
14960.00 3.544847e-11
14970.00 3.510117e-11
14980.00 3.475196e-11
14990.00 3.440086e-11
15000.00 3.404787e-11
15010.00 3.411180e-11
15020.00 3.417571e-11
15030.00 3.423959e-11
15040.00 3.430347e-11
15050.00 3.436730e-11
15060.00 3.443111e-11
15070.00 3.449491e-11
15080.00 3.455868e-11
15090.00 3.462240e-11
15100.00 3.468611e-11
15110.00 3.474979e-11
15120.00 3.481343e-11
15130.00 3.487704e-11
15140.00 3.494059e-11
15150.00 3.500413e-11
15160.00 3.506761e-11
15170.00 3.513105e-11
15180.00 3.519442e-11
15190.00 3.525780e-11
15200.00 3.532109e-11
15210.00 3.538434e-11
15220.00 3.544755e-11
15230.00 3.551069e-11
15240.00 3.557380e-11
15250.00 3.563683e-11
15260.00 3.569979e-11
15270.00 3.576271e-11
15280.00 3.582556e-11
15290.00 3.588832e-11
15300.00 3.595105e-11
15310.00 3.601371e-11
15320.00 3.607628e-11
15330.00 3.613879e-11
15340.00 3.620121e-11
15350.00 3.626357e-11
15360.00 3.632586e-11
15370.00 3.638805e-11
15380.00 3.645016e-11
15390.00 3.651217e-11
15400.00 3.657413e-11
15410.00 3.663598e-11
15420.00 3.669774e-11
15430.00 3.675943e-11
15440.00 3.682102e-11
15450.00 3.688248e-11
15460.00 3.694386e-11
15470.00 3.700517e-11
15480.00 3.706635e-11
15490.00 3.712744e-11
15500.00 3.718840e-11
15510.00 3.724926e-11
15520.00 3.731003e-11
15530.00 3.737066e-11
15540.00 3.743120e-11
15550.00 3.749160e-11
15560.00 3.755190e-11
15570.00 3.761208e-11
15580.00 3.767214e-11
15590.00 3.773205e-11
15600.00 3.779186e-11
15610.00 3.785154e-11
15620.00 3.791106e-11
15630.00 3.797048e-11
15640.00 3.802976e-11
15650.00 3.808891e-11
15660.00 3.814791e-11
15670.00 3.820675e-11
15680.00 3.826549e-11
15690.00 3.832404e-11
15700.00 3.838246e-11
15710.00 3.844072e-11
15720.00 3.849887e-11
15730.00 3.855681e-11
15740.00 3.861463e-11
15750.00 3.867228e-11
15760.00 3.872977e-11
15770.00 3.878711e-11
15780.00 3.884427e-11
15790.00 3.890127e-11
15800.00 3.895808e-11
15810.00 3.901474e-11
15820.00 3.907122e-11
15830.00 3.912753e-11
15840.00 3.918365e-11
15850.00 3.923961e-11
15860.00 3.929537e-11
15870.00 3.935095e-11
15880.00 3.940636e-11
15890.00 3.946155e-11
15900.00 3.951657e-11
15910.00 3.957139e-11
15920.00 3.962601e-11
15930.00 3.968043e-11
15940.00 3.973466e-11
15950.00 3.978868e-11
15960.00 3.984251e-11
15970.00 3.989611e-11
15980.00 3.994950e-11
15990.00 4.000270e-11
16000.00 4.005569e-11
16010.00 4.010845e-11
16020.00 4.016097e-11
16030.00 4.021330e-11
16040.00 4.026538e-11
16050.00 4.031726e-11
16060.00 4.036891e-11
16070.00 4.042034e-11
16080.00 4.047150e-11
16090.00 4.052243e-11
16100.00 4.057316e-11
16110.00 4.062363e-11
16120.00 4.067385e-11
16130.00 4.072384e-11
16140.00 4.077357e-11
16150.00 4.082309e-11
16160.00 4.087231e-11
16170.00 4.092130e-11
16180.00 4.097002e-11
16190.00 4.101850e-11
16200.00 4.106672e-11
16210.00 4.111467e-11
16220.00 4.116238e-11
16230.00 4.120978e-11
16240.00 4.125691e-11
16250.00 4.130381e-11
16260.00 4.133922e-11
16270.00 4.137434e-11
16280.00 4.140918e-11
16290.00 4.144373e-11
16300.00 4.147800e-11
16310.00 4.151199e-11
16320.00 4.154569e-11
16330.00 4.157909e-11
16340.00 4.161220e-11
16350.00 4.164501e-11
16360.00 4.167753e-11
16370.00 4.170975e-11
16380.00 4.174167e-11
16390.00 4.177329e-11
16400.00 4.180459e-11
16410.00 4.183560e-11
16420.00 4.186628e-11
16430.00 4.189666e-11
16440.00 4.192672e-11
16450.00 4.195647e-11
16460.00 4.198591e-11
16470.00 4.201501e-11
16480.00 4.204381e-11
16490.00 4.207225e-11
16500.00 4.210039e-11
16510.00 4.212819e-11
16520.00 4.215565e-11
16530.00 4.218283e-11
16540.00 4.220963e-11
16550.00 4.223610e-11
16560.00 4.226223e-11
16570.00 4.228801e-11
16580.00 4.231345e-11
16590.00 4.233855e-11
16600.00 4.236333e-11
16610.00 4.238770e-11
16620.00 4.241177e-11
16630.00 4.243547e-11
16640.00 4.245881e-11
16650.00 4.248179e-11
16660.00 4.250443e-11
16670.00 4.252669e-11
16680.00 4.254861e-11
16690.00 4.257014e-11
16700.00 4.259129e-11
16710.00 4.261210e-11
16720.00 4.263253e-11
16730.00 4.265258e-11
16740.00 4.267226e-11
16750.00 4.269155e-11
16760.00 4.271049e-11
16770.00 4.272901e-11
16780.00 4.274720e-11
16790.00 4.276495e-11
16800.00 4.278231e-11
16810.00 4.279931e-11
16820.00 4.281593e-11
16830.00 4.283214e-11
16840.00 4.284798e-11
16850.00 4.286343e-11
16860.00 4.287853e-11
16870.00 4.289319e-11
16880.00 4.290749e-11
16890.00 4.292144e-11
16900.00 4.293498e-11
16910.00 4.294818e-11
16920.00 4.296098e-11
16930.00 4.297341e-11
16940.00 4.298545e-11
16950.00 4.299716e-11
16960.00 4.300850e-11
16970.00 4.301947e-11
16980.00 4.303006e-11
16990.00 4.304031e-11
17000.00 4.305019e-11
17010.00 4.305969e-11
17020.00 4.306886e-11
17030.00 4.307768e-11
17040.00 4.308610e-11
17050.00 4.309424e-11
17060.00 4.310199e-11
17070.00 4.310938e-11
17080.00 4.311644e-11
17090.00 4.312313e-11
17100.00 4.312950e-11
17110.00 4.313554e-11
17120.00 4.314123e-11
17130.00 4.314657e-11
17140.00 4.315158e-11
17150.00 4.315624e-11
17160.00 4.316059e-11
17170.00 4.316460e-11
17180.00 4.316828e-11
17190.00 4.317162e-11
17200.00 4.317467e-11
17210.00 4.317736e-11
17220.00 4.317973e-11
17230.00 4.318179e-11
17240.00 4.318353e-11
17250.00 4.318494e-11
17260.00 4.318606e-11
17270.00 4.318684e-11
17280.00 4.318730e-11
17290.00 4.318747e-11
17300.00 4.318734e-11
17310.00 4.318691e-11
17320.00 4.318613e-11
17330.00 4.318510e-11
17340.00 4.318375e-11
17350.00 4.318206e-11
17360.00 4.318013e-11
17370.00 4.317788e-11
17380.00 4.317532e-11
17390.00 4.317249e-11
17400.00 4.316937e-11
17410.00 4.316594e-11
17420.00 4.316224e-11
17430.00 4.315828e-11
17440.00 4.315401e-11
17450.00 4.314945e-11
17460.00 4.314463e-11
17470.00 4.313951e-11
17480.00 4.313413e-11
17490.00 4.312848e-11
17500.00 4.312256e-11
17510.00 4.311641e-11
17520.00 4.310991e-11
17530.00 4.310320e-11
17540.00 4.309619e-11
17550.00 4.308895e-11
17560.00 4.308144e-11
17570.00 4.307367e-11
17580.00 4.306565e-11
17590.00 4.305739e-11
17600.00 4.304884e-11
17610.00 4.304006e-11
17620.00 4.303105e-11
17630.00 4.302173e-11
17640.00 4.301223e-11
17650.00 4.300249e-11
17660.00 4.299247e-11
17670.00 4.298222e-11
17680.00 4.297176e-11
17690.00 4.296104e-11
17700.00 4.295007e-11
17710.00 4.293892e-11
17720.00 4.292749e-11
17730.00 4.291588e-11
17740.00 4.290401e-11
17750.00 4.289194e-11
17760.00 4.287963e-11
17770.00 4.286710e-11
17780.00 4.285436e-11
17790.00 4.284142e-11
17800.00 4.282823e-11
17810.00 4.281485e-11
17820.00 4.280126e-11
17830.00 4.278747e-11
17840.00 4.277346e-11
17850.00 4.275926e-11
17860.00 4.274486e-11
17870.00 4.273024e-11
17880.00 4.271546e-11
17890.00 4.270044e-11
17900.00 4.268523e-11
17910.00 4.266986e-11
17920.00 4.265429e-11
17930.00 4.263852e-11
17940.00 4.262257e-11
17950.00 4.260644e-11
17960.00 4.259009e-11
17970.00 4.257361e-11
17980.00 4.255695e-11
17990.00 4.254008e-11
18000.00 4.252303e-11
18010.00 4.238238e-11
18020.00 4.224164e-11
18030.00 4.210083e-11
18040.00 4.195996e-11
18050.00 4.181903e-11
18060.00 4.167806e-11
18070.00 4.153699e-11
18080.00 4.139590e-11
18090.00 4.125474e-11
18100.00 4.111358e-11
18110.00 4.097232e-11
18120.00 4.083109e-11
18130.00 4.068976e-11
18140.00 4.054845e-11
18150.00 4.040710e-11
18160.00 4.026569e-11
18170.00 4.012429e-11
18180.00 3.998285e-11
18190.00 3.984141e-11
18200.00 3.969996e-11
18210.00 3.955851e-11
18220.00 3.941703e-11
18230.00 3.927556e-11
18240.00 3.913405e-11
18250.00 3.899258e-11
18260.00 3.885111e-11
18270.00 3.870966e-11
18280.00 3.856820e-11
18290.00 3.842673e-11
18300.00 3.828531e-11
18310.00 3.814390e-11
18320.00 3.800252e-11
18330.00 3.786114e-11
18340.00 3.771980e-11
18350.00 3.757848e-11
18360.00 3.743718e-11
18370.00 3.729594e-11
18380.00 3.715472e-11
18390.00 3.701355e-11
18400.00 3.687241e-11
18410.00 3.673133e-11
18420.00 3.659029e-11
18430.00 3.644930e-11
18440.00 3.630838e-11
18450.00 3.616746e-11
18460.00 3.602664e-11
18470.00 3.588586e-11
18480.00 3.574517e-11
18490.00 3.560451e-11
18500.00 3.546394e-11
18510.00 3.532340e-11
18520.00 3.518299e-11
18530.00 3.504260e-11
18540.00 3.490229e-11
18550.00 3.476208e-11
18560.00 3.462192e-11
18570.00 3.448187e-11
18580.00 3.434188e-11
18590.00 3.420198e-11
18600.00 3.406217e-11
18610.00 3.392245e-11
18620.00 3.378282e-11
18630.00 3.364329e-11
18640.00 3.350384e-11
18650.00 3.336450e-11
18660.00 3.322524e-11
18670.00 3.308611e-11
18680.00 3.294707e-11
18690.00 3.280811e-11
18700.00 3.266927e-11
18710.00 3.253057e-11
18720.00 3.239195e-11
18730.00 3.225343e-11
18740.00 3.211504e-11
18750.00 3.197675e-11
18760.00 3.183860e-11
18770.00 3.170056e-11
18780.00 3.156264e-11
18790.00 3.142483e-11
18800.00 3.128715e-11
18810.00 3.114960e-11
18820.00 3.101218e-11
18830.00 3.087487e-11
18840.00 3.073769e-11
18850.00 3.060067e-11
18860.00 3.046374e-11
18870.00 3.032698e-11
18880.00 3.019034e-11
18890.00 3.005383e-11
18900.00 2.991745e-11
18910.00 2.978122e-11
18920.00 2.964514e-11
18930.00 2.950918e-11
18940.00 2.937341e-11
18950.00 2.923773e-11
18960.00 2.910220e-11
18970.00 2.896686e-11
18980.00 2.883162e-11
18990.00 2.869655e-11
19000.00 2.856163e-11
19010.00 2.842685e-11
19020.00 2.829223e-11
19030.00 2.815776e-11
19040.00 2.802346e-11
19050.00 2.788929e-11
19060.00 2.775530e-11
19070.00 2.762144e-11
19080.00 2.748777e-11
19090.00 2.735424e-11
19100.00 2.722088e-11
19110.00 2.708767e-11
19120.00 2.695463e-11
19130.00 2.682175e-11
19140.00 2.668903e-11
19150.00 2.655647e-11
19160.00 2.642408e-11
19170.00 2.629187e-11
19180.00 2.615981e-11
19190.00 2.602792e-11
19200.00 2.589620e-11
19210.00 2.576465e-11
19220.00 2.563328e-11
19230.00 2.550208e-11
19240.00 2.537102e-11
19250.00 2.524015e-11
19260.00 2.510944e-11
19270.00 2.497892e-11
19280.00 2.484857e-11
19290.00 2.471840e-11
19300.00 2.458840e-11
19310.00 2.445858e-11
19320.00 2.432895e-11
19330.00 2.419944e-11
19340.00 2.407014e-11
19350.00 2.394102e-11
19360.00 2.381206e-11
19370.00 2.368328e-11
19380.00 2.355468e-11
19390.00 2.342627e-11
19400.00 2.329807e-11
19410.00 2.316999e-11
19420.00 2.304209e-11
19430.00 2.291438e-11
19440.00 2.278689e-11
19450.00 2.265953e-11
19460.00 2.253235e-11
19470.00 2.240538e-11
19480.00 2.227857e-11
19490.00 2.215194e-11
19500.00 2.202550e-11
19510.00 2.189924e-11
19520.00 2.177315e-11
19530.00 2.164726e-11
19540.00 2.152152e-11
19550.00 2.139599e-11
19560.00 2.127061e-11
19570.00 2.114543e-11
19580.00 2.102044e-11
19590.00 2.089560e-11
19600.00 2.077097e-11
19610.00 2.064650e-11
19620.00 2.052221e-11
19630.00 2.039811e-11
19640.00 2.027417e-11
19650.00 2.015042e-11
19660.00 2.002684e-11
19670.00 1.990342e-11
19680.00 1.978018e-11
19690.00 1.965710e-11
19700.00 1.953420e-11
19710.00 1.941148e-11
19720.00 1.928890e-11
19730.00 1.916651e-11
19740.00 1.904427e-11
19750.00 1.892220e-11
19760.00 1.880030e-11
19770.00 1.867855e-11
19780.00 1.855697e-11
19790.00 1.843555e-11
19800.00 1.831429e-11
19810.00 1.819317e-11
19820.00 1.807224e-11
19830.00 1.795145e-11
19840.00 1.783081e-11
19850.00 1.771034e-11
19860.00 1.759000e-11
19870.00 1.746983e-11
19880.00 1.734980e-11
19890.00 1.722993e-11
19900.00 1.711020e-11
19910.00 1.699064e-11
19920.00 1.687120e-11
19930.00 1.675192e-11
19940.00 1.663278e-11
19950.00 1.651379e-11
19960.00 1.639496e-11
19970.00 1.627623e-11
19980.00 1.615769e-11
19990.00 1.603925e-11
20000.00 1.592098e-11
20010.00 1.580282e-11
20020.00 1.568482e-11
20030.00 1.556696e-11
20040.00 1.544922e-11
20050.00 1.533162e-11
20060.00 1.521417e-11
20070.00 1.509685e-11
20080.00 1.497964e-11
20090.00 1.486257e-11
20100.00 1.474565e-11
20110.00 1.473913e-11
20120.00 1.473267e-11
20130.00 1.472624e-11
20140.00 1.471984e-11
20150.00 1.471348e-11
20160.00 1.470715e-11
20170.00 1.470086e-11
20180.00 1.469461e-11
20190.00 1.468839e-11
20200.00 1.468221e-11
20210.00 1.467607e-11
20220.00 1.466997e-11
20230.00 1.466389e-11
20240.00 1.465785e-11
20250.00 1.465185e-11
20260.00 1.464590e-11
20270.00 1.463996e-11
20280.00 1.463407e-11
20290.00 1.462820e-11
20300.00 1.462237e-11
20310.00 1.461660e-11
20320.00 1.461083e-11
20330.00 1.460512e-11
20340.00 1.459944e-11
20350.00 1.459378e-11
20360.00 1.458817e-11
20370.00 1.458258e-11
20380.00 1.457703e-11
20390.00 1.457153e-11
20400.00 1.456606e-11
20410.00 1.456061e-11
20420.00 1.455521e-11
20430.00 1.454983e-11
20440.00 1.454449e-11
20450.00 1.453918e-11
20460.00 1.453390e-11
20470.00 1.452866e-11
20480.00 1.452346e-11
20490.00 1.451829e-11
20500.00 1.451315e-11
20510.00 1.450805e-11
20520.00 1.450297e-11
20530.00 1.449792e-11
20540.00 1.449292e-11
20550.00 1.448794e-11
20560.00 1.448301e-11
20570.00 1.447809e-11
20580.00 1.447322e-11
20590.00 1.446838e-11
20600.00 1.446356e-11
20610.00 1.445878e-11
20620.00 1.445404e-11
20630.00 1.444932e-11
20640.00 1.444463e-11
20650.00 1.444000e-11
20660.00 1.443538e-11
20670.00 1.443079e-11
20680.00 1.442623e-11
20690.00 1.442171e-11
20700.00 1.441721e-11
20710.00 1.441276e-11
20720.00 1.440833e-11
20730.00 1.440393e-11
20740.00 1.439958e-11
20750.00 1.439523e-11
20760.00 1.439092e-11
20770.00 1.438666e-11
20780.00 1.438243e-11
20790.00 1.437821e-11
20800.00 1.437403e-11
20810.00 1.436989e-11
20820.00 1.436578e-11
20830.00 1.436168e-11
20840.00 1.435762e-11
20850.00 1.435360e-11
20860.00 1.434960e-11
20870.00 1.434564e-11
20880.00 1.434171e-11
20890.00 1.433780e-11
20900.00 1.433392e-11
20910.00 1.433008e-11
20920.00 1.432626e-11
20930.00 1.432249e-11
20940.00 1.431873e-11
20950.00 1.431500e-11
20960.00 1.431130e-11
20970.00 1.430764e-11
20980.00 1.430401e-11
20990.00 1.430039e-11
21000.00 1.429682e-11
21010.00 1.429326e-11
21020.00 1.428974e-11
21030.00 1.428625e-11
21040.00 1.428278e-11
21050.00 1.427935e-11
21060.00 1.427596e-11
21070.00 1.427257e-11
21080.00 1.426923e-11
21090.00 1.426591e-11
21100.00 1.426263e-11
21110.00 1.425936e-11
21120.00 1.425613e-11
21130.00 1.425292e-11
21140.00 1.424974e-11
21150.00 1.424659e-11
21160.00 1.424346e-11
21170.00 1.424037e-11
21180.00 1.423732e-11
21190.00 1.423427e-11
21200.00 1.423127e-11
21210.00 1.422829e-11
21220.00 1.422533e-11
21230.00 1.422241e-11
21240.00 1.421951e-11
21250.00 1.421663e-11
21260.00 1.421379e-11
21270.00 1.421097e-11
21280.00 1.420819e-11
21290.00 1.420543e-11
21300.00 1.420269e-11
21310.00 1.419997e-11
21320.00 1.419728e-11
21330.00 1.419464e-11
21340.00 1.419201e-11
21350.00 1.418941e-11
21360.00 1.418684e-11
21370.00 1.418428e-11
21380.00 1.418177e-11
21390.00 1.417927e-11
21400.00 1.417679e-11
21410.00 1.417435e-11
21420.00 1.417194e-11
21430.00 1.416955e-11
21440.00 1.416719e-11
21450.00 1.416484e-11
21460.00 1.416253e-11
21470.00 1.416024e-11
21480.00 1.415797e-11
21490.00 1.415575e-11
21500.00 1.415355e-11
21510.00 1.415135e-11
21520.00 1.414919e-11
21530.00 1.414705e-11
21540.00 1.414495e-11
21550.00 1.414287e-11
21560.00 1.414081e-11
21570.00 1.413877e-11
21580.00 1.413676e-11
21590.00 1.413478e-11
21600.00 1.413282e-11
21610.00 1.413090e-11
21620.00 1.412898e-11
21630.00 1.412709e-11
21640.00 1.412525e-11
21650.00 1.412341e-11
21660.00 1.412161e-11
21670.00 1.411982e-11
21680.00 1.411806e-11
21690.00 1.411633e-11
21700.00 1.411461e-11
21710.00 1.411292e-11
21720.00 1.411126e-11
21730.00 1.410963e-11
21740.00 1.410800e-11
21750.00 1.410641e-11
21760.00 1.410484e-11
21770.00 1.410330e-11
21780.00 1.410178e-11
21790.00 1.410028e-11
21800.00 1.409882e-11
21810.00 1.409736e-11
21820.00 1.409593e-11
21830.00 1.409454e-11
21840.00 1.409316e-11
21850.00 1.409180e-11
21860.00 1.409047e-11
21870.00 1.408916e-11
21880.00 1.408786e-11
21890.00 1.408661e-11
21900.00 1.408538e-11
21910.00 1.408416e-11
21920.00 1.408297e-11
21930.00 1.408180e-11
21940.00 1.408064e-11
21950.00 1.407951e-11
21960.00 1.407841e-11
21970.00 1.407734e-11
21980.00 1.407628e-11
21990.00 1.407523e-11
22000.00 1.407423e-11
22010.00 1.407323e-11
22020.00 1.407227e-11
22030.00 1.407133e-11
22040.00 1.407040e-11
22050.00 1.406949e-11
22060.00 1.406861e-11
22070.00 1.406776e-11
22080.00 1.406691e-11
22090.00 1.406611e-11
22100.00 1.406530e-11
22110.00 1.406454e-11
22120.00 1.406380e-11
22130.00 1.406305e-11
22140.00 1.406235e-11
22150.00 1.406167e-11
22160.00 1.406100e-11
22170.00 1.406037e-11
22180.00 1.405975e-11
22190.00 1.405914e-11
22200.00 1.405856e-11
22210.00 1.405801e-11
22220.00 1.405746e-11
22230.00 1.405695e-11
22240.00 1.405647e-11
22250.00 1.405598e-11
22260.00 1.405552e-11
22270.00 1.405510e-11
22280.00 1.405469e-11
22290.00 1.405430e-11
22300.00 1.405393e-11
22310.00 1.405357e-11
22320.00 1.405323e-11
22330.00 1.405293e-11
22340.00 1.405264e-11
22350.00 1.405238e-11
22360.00 1.405214e-11
22370.00 1.405189e-11
22380.00 1.405169e-11
22390.00 1.405150e-11
22400.00 1.405133e-11
22410.00 1.405118e-11
22420.00 1.405105e-11
22430.00 1.405094e-11
22440.00 1.405085e-11
22450.00 1.405078e-11
22460.00 1.405073e-11
22470.00 1.405070e-11
22480.00 1.405069e-11
22490.00 1.405069e-11
22500.00 1.405072e-11
22510.00 1.405077e-11
22520.00 1.405083e-11
22530.00 1.405093e-11
22540.00 1.405102e-11
22550.00 1.405114e-11
22560.00 1.405129e-11
22570.00 1.405144e-11
22580.00 1.405161e-11
22590.00 1.405182e-11
22600.00 1.405203e-11
22610.00 1.405227e-11
22620.00 1.405250e-11
22630.00 1.405279e-11
22640.00 1.405306e-11
22650.00 1.405337e-11
22660.00 1.405371e-11
22670.00 1.405404e-11
22680.00 1.405440e-11
22690.00 1.405478e-11
22700.00 1.405517e-11
22710.00 1.405558e-11
22720.00 1.405602e-11
22730.00 1.405647e-11
22740.00 1.405692e-11
22750.00 1.405741e-11
22760.00 1.405791e-11
22770.00 1.405842e-11
22780.00 1.405896e-11
22790.00 1.405950e-11
22800.00 1.406008e-11
22810.00 1.406066e-11
22820.00 1.406127e-11
22830.00 1.406188e-11
22840.00 1.406252e-11
22850.00 1.406318e-11
22860.00 1.406384e-11
22870.00 1.406453e-11
22880.00 1.406522e-11
22890.00 1.406593e-11
22900.00 1.406667e-11
22910.00 1.406742e-11
22920.00 1.406818e-11
22930.00 1.406897e-11
22940.00 1.406978e-11
22950.00 1.407057e-11
22960.00 1.407140e-11
22970.00 1.407225e-11
22980.00 1.407310e-11
22990.00 1.407398e-11
23000.00 1.407488e-11
23010.00 1.407579e-11
23020.00 1.407671e-11
23030.00 1.407765e-11
23040.00 1.407860e-11
23050.00 1.407956e-11
23060.00 1.408055e-11
23070.00 1.408154e-11
23080.00 1.408255e-11
23090.00 1.408358e-11
23100.00 1.408461e-11
23110.00 1.408568e-11
23120.00 1.408674e-11
23130.00 1.408782e-11
23140.00 1.408894e-11
23150.00 1.409004e-11
23160.00 1.409118e-11
23170.00 1.409231e-11
23180.00 1.409347e-11
23190.00 1.409463e-11
23200.00 1.409584e-11
23210.00 1.409702e-11
23220.00 1.409825e-11
23230.00 1.409947e-11
23240.00 1.410070e-11
23250.00 1.410196e-11
23260.00 1.410323e-11
23270.00 1.410450e-11
23280.00 1.410580e-11
23290.00 1.410711e-11
23300.00 1.410844e-11
23310.00 1.410977e-11
23320.00 1.411111e-11
23330.00 1.411246e-11
23340.00 1.411384e-11
23350.00 1.411523e-11
23360.00 1.411663e-11
23370.00 1.411803e-11
23380.00 1.411946e-11
23390.00 1.412090e-11
23400.00 1.412234e-11
23410.00 1.412381e-11
23420.00 1.412529e-11
23430.00 1.412677e-11
23440.00 1.412827e-11
23450.00 1.412978e-11
23460.00 1.413132e-11
23470.00 1.413283e-11
23480.00 1.413439e-11
23490.00 1.413594e-11
23500.00 1.413751e-11
23510.00 1.413910e-11
23520.00 1.414070e-11
23530.00 1.414229e-11
23540.00 1.414392e-11
23550.00 1.414554e-11
23560.00 1.414719e-11
23570.00 1.414883e-11
23580.00 1.415049e-11
23590.00 1.415217e-11
23600.00 1.415385e-11
23610.00 1.415556e-11
23620.00 1.415725e-11
23630.00 1.415897e-11
23640.00 1.416070e-11
23650.00 1.416244e-11
23660.00 1.416420e-11
23670.00 1.416596e-11
23680.00 1.416773e-11
23690.00 1.416950e-11
23700.00 1.417129e-11
23710.00 1.417310e-11
23720.00 1.417490e-11
23730.00 1.417672e-11
23740.00 1.417857e-11
23750.00 1.418039e-11
23760.00 1.418226e-11
23770.00 1.418412e-11
23780.00 1.418599e-11
23790.00 1.418787e-11
23800.00 1.418976e-11
23810.00 1.419166e-11
23820.00 1.419357e-11
23830.00 1.419548e-11
23840.00 1.419741e-11
23850.00 1.419936e-11
23860.00 1.420131e-11
23870.00 1.420325e-11
23880.00 1.420522e-11
23890.00 1.420718e-11
23900.00 1.420918e-11
23910.00 1.421117e-11
23920.00 1.421318e-11
23930.00 1.421517e-11
23940.00 1.421720e-11
23950.00 1.421922e-11
23960.00 1.422126e-11
23970.00 1.422329e-11
23980.00 1.422535e-11
23990.00 1.422741e-11
24000.00 1.422949e-11
24010.00 1.423155e-11
24020.00 1.423363e-11
24030.00 1.423573e-11
24040.00 1.423783e-11
24050.00 1.423993e-11
24060.00 1.424205e-11
24070.00 1.424418e-11
24080.00 1.424630e-11
24090.00 1.424844e-11
24100.00 1.425059e-11
24110.00 1.425274e-11
24120.00 1.425489e-11
24130.00 1.425706e-11
24140.00 1.425923e-11
24150.00 1.426142e-11
24160.00 1.426361e-11
24170.00 1.426581e-11
24180.00 1.426801e-11
24190.00 1.427022e-11
24200.00 1.427243e-11
24210.00 1.427464e-11
24220.00 1.427686e-11
24230.00 1.427910e-11
24240.00 1.428135e-11
24250.00 1.428360e-11
24260.00 1.428585e-11
24270.00 1.428811e-11
24280.00 1.429037e-11
24290.00 1.429265e-11
24300.00 1.429492e-11
24310.00 1.429720e-11
24320.00 1.429950e-11
24330.00 1.430179e-11
24340.00 1.430408e-11
24350.00 1.430639e-11
24360.00 1.430870e-11
24370.00 1.431103e-11
24380.00 1.431334e-11
24390.00 1.431568e-11
24400.00 1.431801e-11
24410.00 1.432034e-11
24420.00 1.432269e-11
24430.00 1.432504e-11
24440.00 1.432737e-11
24450.00 1.432974e-11
24460.00 1.433211e-11
24470.00 1.433448e-11
24480.00 1.433685e-11
24490.00 1.433922e-11
24500.00 1.434159e-11
24510.00 1.434397e-11
24520.00 1.434638e-11
24530.00 1.434877e-11
24540.00 1.435116e-11
24550.00 1.435357e-11
24560.00 1.435597e-11
24570.00 1.435837e-11
24580.00 1.436079e-11
24590.00 1.436320e-11
24600.00 1.436564e-11
24610.00 1.436805e-11
24620.00 1.437048e-11
24630.00 1.437291e-11
24640.00 1.437533e-11
24650.00 1.437779e-11
24660.00 1.438023e-11
24670.00 1.438266e-11
24680.00 1.438512e-11
24690.00 1.438756e-11
24700.00 1.439001e-11
24710.00 1.439248e-11
24720.00 1.439493e-11
24730.00 1.439740e-11
24740.00 1.439986e-11
24750.00 1.440232e-11
24760.00 1.440478e-11
24770.00 1.440726e-11
24780.00 1.440974e-11
24790.00 1.441222e-11
24800.00 1.441468e-11
24810.00 1.441717e-11
24820.00 1.441965e-11
24830.00 1.442213e-11
24840.00 1.442462e-11
24850.00 1.442711e-11
24860.00 1.442959e-11
24870.00 1.443209e-11
24880.00 1.443458e-11
24890.00 1.443708e-11
24900.00 1.443957e-11
24910.00 1.444206e-11
24920.00 1.444456e-11
24930.00 1.444706e-11
24940.00 1.444956e-11
24950.00 1.445206e-11
24960.00 1.445456e-11
24970.00 1.445706e-11
24980.00 1.445957e-11
24990.00 1.446207e-11
25000.00 1.446458e-11
