1000.00 2.450462e-16
1010.00 9.441305e-16
1020.00 2.542632e-15
1030.00 5.618273e-15
1040.00 1.091591e-14
1050.00 1.935007e-14
1060.00 3.199852e-14
1070.00 5.008554e-14
1080.00 7.495487e-14
1090.00 1.080316e-13
1100.00 1.507744e-13
1110.00 2.046169e-13
1120.00 2.709024e-13
1130.00 3.508109e-13
1140.00 4.452831e-13
1150.00 5.549419e-13
1160.00 6.800168e-13
1170.00 8.202740e-13
1180.00 9.749541e-13
1190.00 1.142724e-12
1200.00 1.321644e-12
1210.00 1.509158e-12
1220.00 1.702102e-12
1230.00 1.896742e-12
1240.00 2.088841e-12
1250.00 2.273746e-12
1260.00 2.446986e-12
1270.00 2.606036e-12
1280.00 2.749397e-12
1290.00 2.876192e-12
1300.00 2.986151e-12
1310.00 3.079580e-12
1320.00 3.157306e-12
1330.00 3.220620e-12
1340.00 3.271204e-12
1350.00 3.311069e-12
1360.00 3.342483e-12
1370.00 3.367921e-12
1380.00 3.389957e-12
1390.00 3.410192e-12
1400.00 3.429171e-12
1410.00 3.447396e-12
1420.00 3.465371e-12
1430.00 3.483590e-12
1440.00 3.502568e-12
1450.00 3.522824e-12
1460.00 3.544893e-12
1470.00 3.569324e-12
1480.00 3.596693e-12
1490.00 3.627599e-12
1500.00 3.662674e-12
1510.00 3.702470e-12
1520.00 3.747102e-12
1530.00 3.796571e-12
1540.00 3.850879e-12
1550.00 3.910031e-12
1560.00 3.974025e-12
1570.00 4.042865e-12
1580.00 4.116548e-12
1590.00 4.195071e-12
1600.00 4.278425e-12
1610.00 4.366598e-12
1620.00 4.459572e-12
1630.00 4.557321e-12
1640.00 4.659814e-12
1650.00 4.767007e-12
1660.00 4.878848e-12
1670.00 4.995274e-12
1680.00 5.116206e-12
1690.00 5.241557e-12
1700.00 5.371211e-12
1710.00 5.505051e-12
1720.00 5.642935e-12
1730.00 5.784693e-12
1740.00 5.930144e-12
1750.00 6.079081e-12
1760.00 6.231293e-12
1770.00 6.386638e-12
1780.00 6.544977e-12
1790.00 6.706153e-12
1800.00 6.869987e-12
1810.00 7.036280e-12
1820.00 7.204814e-12
1830.00 7.375346e-12
1840.00 7.547612e-12
1850.00 7.721324e-12
1860.00 7.896173e-12
1870.00 8.071822e-12
1880.00 8.247914e-12
1890.00 8.424065e-12
1900.00 8.599870e-12
1910.00 8.774896e-12
1920.00 8.948690e-12
1930.00 9.120774e-12
1940.00 9.290648e-12
1950.00 9.457793e-12
1960.00 9.621665e-12
1970.00 9.781705e-12
1980.00 9.937333e-12
1990.00 1.008796e-11
2000.00 1.023297e-11
2010.00 1.037182e-11
2020.00 1.050426e-11
2030.00 1.063013e-11
2040.00 1.074925e-11
2050.00 1.086150e-11
2060.00 1.096678e-11
2070.00 1.106495e-11
2080.00 1.115593e-11
2090.00 1.123967e-11
2100.00 1.131609e-11
2110.00 1.138514e-11
2120.00 1.144682e-11
2130.00 1.150110e-11
2140.00 1.154798e-11
2150.00 1.158749e-11
2160.00 1.161965e-11
2170.00 1.164450e-11
2180.00 1.166209e-11
2190.00 1.167250e-11
2200.00 1.167580e-11
2210.00 1.167208e-11
2220.00 1.166143e-11
2230.00 1.164397e-11
2240.00 1.161980e-11
2250.00 1.158904e-11
2260.00 1.155203e-11
2270.00 1.150985e-11
2280.00 1.146382e-11
2290.00 1.141524e-11
2300.00 1.136539e-11
2310.00 1.131557e-11
2320.00 1.126706e-11
2330.00 1.122115e-11
2340.00 1.117910e-11
2350.00 1.114219e-11
2360.00 1.111171e-11
2370.00 1.108890e-11
2380.00 1.107505e-11
2390.00 1.107148e-11
2400.00 1.107947e-11
2410.00 1.110035e-11
2420.00 1.113552e-11
2430.00 1.118636e-11
2440.00 1.125434e-11
2450.00 1.134098e-11
2460.00 1.144788e-11
2470.00 1.157670e-11
2480.00 1.172925e-11
2490.00 1.190741e-11
2500.00 1.211323e-11
2510.00 1.011669e-11
2520.00 1.120365e-11
2530.00 1.223794e-11
2540.00 1.575009e-11
2550.00 1.849304e-11
2560.00 1.942744e-11
2570.00 2.379337e-11
2580.00 2.075689e-11
2590.00 2.500842e-11
2600.00 2.634875e-11
2610.00 2.388082e-11
2620.00 2.504072e-11
2630.00 2.147656e-11
2640.00 1.677254e-11
2650.00 1.593736e-11
2660.00 1.378025e-11
2670.00 1.306382e-11
2680.00 1.348073e-11
2690.00 2.138807e-11
2700.00 3.677907e-11
2710.00 5.755473e-11
2720.00 7.082483e-11
2730.00 7.186215e-11
2740.00 7.180991e-11
2750.00 7.558600e-11
2760.00 7.506846e-11
2770.00 7.580167e-11
2780.00 7.316291e-11
2790.00 8.659848e-11
2800.00 8.634841e-11
2810.00 8.498969e-11
2820.00 8.575651e-11
2830.00 8.033781e-11
2840.00 7.368794e-11
2850.00 7.757136e-11
2860.00 7.626691e-11
2870.00 7.756888e-11
2880.00 7.574539e-11
2890.00 8.010705e-11
2900.00 9.177078e-11
2910.00 9.847548e-11
2920.00 1.098286e-10
2930.00 1.146224e-10
2940.00 1.193901e-10
2950.00 1.247014e-10
2960.00 1.196662e-10
2970.00 1.166983e-10
2980.00 1.156792e-10
2990.00 1.129029e-10
3000.00 1.034775e-10
3010.00 9.946795e-11
3020.00 9.074154e-11
3030.00 9.322071e-11
3040.00 9.707319e-11
3050.00 9.594203e-11
3060.00 9.716967e-11
3070.00 9.263941e-11
3080.00 1.004287e-10
3090.00 9.986534e-11
3100.00 8.571984e-11
3110.00 8.773550e-11
3120.00 9.936691e-11
3130.00 9.683498e-11
3140.00 1.010405e-10
3150.00 9.930593e-11
3160.00 1.038205e-10
3170.00 1.048525e-10
3180.00 1.199451e-10
3190.00 1.246177e-10
3200.00 1.362135e-10
3210.00 1.282492e-10
3220.00 1.261278e-10
3230.00 1.128602e-10
3240.00 1.093074e-10
3250.00 1.045547e-10
3260.00 9.809023e-11
3270.00 9.494894e-11
3280.00 8.986783e-11
3290.00 8.616796e-11
3300.00 9.068922e-11
3310.00 8.857684e-11
3320.00 9.700777e-11
3330.00 9.693786e-11
3340.00 9.841611e-11
3350.00 9.587237e-11
3360.00 9.626558e-11
3370.00 1.000931e-10
3380.00 9.840408e-11
3390.00 1.002925e-10
3400.00 1.047741e-10
3410.00 1.053429e-10
3420.00 1.204763e-10
3430.00 1.284980e-10
3440.00 1.267573e-10
3450.00 1.290397e-10
3460.00 1.197676e-10
3470.00 1.234867e-10
3480.00 1.231384e-10
3490.00 1.225680e-10
3500.00 1.152478e-10
3510.00 1.230305e-10
3520.00 1.294769e-10
3530.00 1.410363e-10
3540.00 1.517499e-10
3550.00 1.631098e-10
3560.00 1.642735e-10
3570.00 1.629464e-10
3580.00 1.695844e-10
3590.00 1.665926e-10
3600.00 1.751424e-10
3610.00 1.746282e-10
3620.00 1.786134e-10
3630.00 1.723722e-10
3640.00 1.595945e-10
3650.00 1.627412e-10
3660.00 1.686349e-10
3670.00 1.888352e-10
3680.00 2.067492e-10
3690.00 2.305174e-10
3700.00 2.635833e-10
3710.00 2.851446e-10
3720.00 2.962787e-10
3730.00 3.045150e-10
3740.00 2.921389e-10
3750.00 2.723368e-10
3760.00 2.521291e-10
3770.00 2.258229e-10
3780.00 1.912757e-10
3790.00 1.539561e-10
3800.00 1.304654e-10
3810.00 1.102365e-10
3820.00 1.000072e-10
3830.00 8.751578e-11
3840.00 9.306980e-11
3850.00 9.878038e-11
3860.00 1.168059e-10
3870.00 1.394647e-10
3880.00 1.750735e-10
3890.00 2.024812e-10
3900.00 2.303107e-10
3910.00 2.494987e-10
3920.00 2.843471e-10
3930.00 2.991885e-10
3940.00 3.319613e-10
3950.00 3.503668e-10
3960.00 3.727688e-10
3970.00 3.929730e-10
3980.00 4.138949e-10
3990.00 4.302802e-10
4000.00 4.169630e-10
4010.00 4.082795e-10
4020.00 3.746725e-10
4030.00 3.664772e-10
4040.00 3.225312e-10
4050.00 3.107809e-10
4060.00 2.862492e-10
4070.00 2.769257e-10
4080.00 2.626761e-10
4090.00 2.605699e-10
4100.00 2.500095e-10
4110.00 2.375719e-10
4120.00 2.243873e-10
4130.00 2.193869e-10
4140.00 2.086262e-10
4150.00 2.105764e-10
4160.00 2.070523e-10
4170.00 2.046595e-10
4180.00 2.086918e-10
4190.00 2.137664e-10
4200.00 2.163600e-10
4210.00 2.183764e-10
4220.00 2.297030e-10
4230.00 2.198075e-10
4240.00 2.255180e-10
4250.00 2.299930e-10
4260.00 2.347103e-10
4270.00 2.225592e-10
4280.00 2.313505e-10
4290.00 2.324807e-10
4300.00 2.309592e-10
4310.00 2.480382e-10
4320.00 2.418392e-10
4330.00 2.558567e-10
4340.00 2.486412e-10
4350.00 2.482169e-10
4360.00 2.545678e-10
4370.00 2.340420e-10
4380.00 2.089500e-10
4390.00 1.904947e-10
4400.00 1.822826e-10
4410.00 1.612452e-10
4420.00 1.494916e-10
4430.00 1.359451e-10
4440.00 1.303776e-10
4450.00 1.273556e-10
4460.00 1.267209e-10
4470.00 1.308236e-10
4480.00 1.333474e-10
4490.00 1.395955e-10
4500.00 1.468164e-10
4510.00 1.565197e-10
4520.00 1.621904e-10
4530.00 1.819158e-10
4540.00 1.952530e-10
4550.00 2.116745e-10
4560.00 2.330158e-10
4570.00 2.421294e-10
4580.00 2.733188e-10
4590.00 2.941236e-10
4600.00 3.322070e-10
4610.00 3.427324e-10
4620.00 3.577412e-10
4630.00 3.611691e-10
4640.00 3.812350e-10
4650.00 3.907843e-10
4660.00 3.869397e-10
4670.00 3.811244e-10
4680.00 3.526022e-10
4690.00 3.321894e-10
4700.00 2.801647e-10
4710.00 2.680434e-10
4720.00 2.295891e-10
4730.00 2.066118e-10
4740.00 1.800360e-10
4750.00 1.677254e-10
4760.00 1.538616e-10
4770.00 1.407827e-10
4780.00 1.344395e-10
4790.00 1.432987e-10
4800.00 1.485810e-10
4810.00 1.542147e-10
4820.00 1.600771e-10
4830.00 1.658561e-10
4840.00 1.725310e-10
4850.00 1.724680e-10
4860.00 1.715453e-10
4870.00 1.693486e-10
4880.00 1.670433e-10
4890.00 1.682895e-10
4900.00 1.729039e-10
4910.00 1.809310e-10
4920.00 1.926000e-10
4930.00 2.070339e-10
4940.00 2.360560e-10
4950.00 2.485677e-10
4960.00 2.570177e-10
4970.00 2.605192e-10
4980.00 2.530913e-10
4990.00 2.428447e-10
5000.00 2.286955e-10
5010.00 2.123443e-10
5020.00 1.962632e-10
5030.00 1.694500e-10
5040.00 1.598642e-10
5050.00 1.531514e-10
5060.00 1.488238e-10
5070.00 1.462776e-10
5080.00 1.447263e-10
5090.00 1.446848e-10
5100.00 1.446084e-10
5110.00 1.447705e-10
5120.00 1.462736e-10
5130.00 1.423735e-10
5140.00 1.401629e-10
5150.00 1.393235e-10
5160.00 1.399710e-10
5170.00 1.439216e-10
5180.00 1.543210e-10
5190.00 1.639619e-10
5200.00 1.728356e-10
5210.00 1.659837e-10
5220.00 1.761690e-10
5230.00 2.059605e-10
5240.00 2.023240e-10
5250.00 2.135532e-10
5260.00 2.072014e-10
5270.00 2.176863e-10
5280.00 2.575345e-10
5290.00 2.616801e-10
5300.00 2.389731e-10
5310.00 2.841566e-10
5320.00 2.831859e-10
5330.00 2.730203e-10
5340.00 2.657131e-10
5350.00 2.649758e-10
5360.00 2.460326e-10
5370.00 2.486672e-10
5380.00 2.439579e-10
5390.00 2.220431e-10
5400.00 2.645484e-10
5410.00 2.577808e-10
5420.00 2.353768e-10
5430.00 2.248190e-10
5440.00 2.676517e-10
5450.00 2.862517e-10
5460.00 2.874503e-10
5470.00 3.409630e-10
5480.00 3.311140e-10
5490.00 3.429460e-10
5500.00 3.750394e-10
5510.00 3.876739e-10
5520.00 3.869609e-10
5530.00 3.363264e-10
5540.00 3.531742e-10
5550.00 3.519646e-10
5560.00 3.392755e-10
5570.00 3.385602e-10
5580.00 2.973914e-10
5590.00 2.853809e-10
5600.00 2.693450e-10
5610.00 2.378329e-10
5620.00 2.173556e-10
5630.00 2.076015e-10
5640.00 1.934624e-10
5650.00 1.682916e-10
5660.00 1.526619e-10
5670.00 1.213444e-10
5680.00 1.143754e-10
5690.00 1.053252e-10
5700.00 1.143013e-10
5710.00 1.086867e-10
5720.00 1.114697e-10
5730.00 1.181610e-10
5740.00 1.151990e-10
5750.00 1.225581e-10
5760.00 1.166320e-10
5770.00 1.387913e-10
5780.00 1.674276e-10
5790.00 1.727679e-10
5800.00 2.010452e-10
5810.00 2.170708e-10
5820.00 2.391423e-10
5830.00 2.435546e-10
5840.00 2.588340e-10
5850.00 2.517614e-10
5860.00 2.811437e-10
5870.00 2.799904e-10
5880.00 2.471004e-10
5890.00 1.587990e-10
5900.00 2.343378e-10
5910.00 2.524095e-10
5920.00 2.639094e-10
5930.00 2.151336e-10
5940.00 2.094293e-10
5950.00 2.018258e-10
5960.00 1.954853e-10
5970.00 1.788282e-10
5980.00 1.829437e-10
5990.00 1.835946e-10
6000.00 1.555588e-10
6010.00 1.678311e-10
6020.00 1.675152e-10
6030.00 1.696060e-10
6040.00 1.675609e-10
6050.00 1.826884e-10
6060.00 1.996165e-10
6070.00 1.910031e-10
6080.00 2.022374e-10
6090.00 1.911087e-10
6100.00 1.935986e-10
6110.00 1.908997e-10
6120.00 1.815357e-10
6130.00 1.754996e-10
6140.00 2.002488e-10
6150.00 1.908315e-10
6160.00 1.802167e-10
6170.00 1.584239e-10
6180.00 1.716923e-10
6190.00 1.863125e-10
6200.00 1.776118e-10
6210.00 1.662648e-10
6220.00 1.867549e-10
6230.00 1.837835e-10
6240.00 1.734544e-10
6250.00 1.922316e-10
6260.00 1.782130e-10
6270.00 1.638360e-10
6280.00 1.603778e-10
6290.00 1.514737e-10
6300.00 1.468926e-10
6310.00 1.428925e-10
6320.00 1.418990e-10
6330.00 1.437396e-10
6340.00 1.482984e-10
6350.00 1.536172e-10
6360.00 1.589283e-10
6370.00 1.653557e-10
6380.00 1.716299e-10
6390.00 1.826863e-10
6400.00 1.965389e-10
6410.00 2.130977e-10
6420.00 2.306925e-10
6430.00 2.435035e-10
6440.00 2.605771e-10
6450.00 2.768508e-10
6460.00 2.918020e-10
6470.00 3.045380e-10
6480.00 3.139500e-10
6490.00 3.263031e-10
6500.00 3.380015e-10
6510.00 3.473673e-10
6520.00 3.537237e-10
6530.00 3.594744e-10
6540.00 3.651643e-10
6550.00 3.700012e-10
6560.00 3.727218e-10
6570.00 3.736918e-10
6580.00 3.748517e-10
6590.00 3.732865e-10
6600.00 3.700142e-10
6610.00 3.632816e-10
6620.00 3.545740e-10
6630.00 3.489025e-10
6640.00 3.378462e-10
6650.00 3.254771e-10
6660.00 3.121188e-10
6670.00 2.980098e-10
6680.00 2.898113e-10
6690.00 2.767772e-10
6700.00 2.636200e-10
6710.00 2.511437e-10
6720.00 2.390174e-10
6730.00 2.320759e-10
6740.00 2.207034e-10
6750.00 2.101039e-10
6760.00 2.025556e-10
6770.00 1.978846e-10
6780.00 1.903170e-10
6790.00 1.846344e-10
6800.00 1.803160e-10
6810.00 1.764970e-10
6820.00 1.752974e-10
6830.00 1.735029e-10
6840.00 1.768321e-10
6850.00 1.724672e-10
6860.00 1.575545e-10
6870.00 1.504356e-10
6880.00 1.479709e-10
6890.00 1.569715e-10
6900.00 1.638551e-10
6910.00 1.698131e-10
6920.00 1.760440e-10
6930.00 1.806204e-10
6940.00 1.828116e-10
6950.00 1.851007e-10
6960.00 1.895537e-10
6970.00 1.923296e-10
6980.00 1.928622e-10
6990.00 1.931802e-10
7000.00 2.022528e-10
7010.00 2.136389e-10
7020.00 2.115643e-10
7030.00 2.127756e-10
7040.00 2.085608e-10
7050.00 2.060326e-10
7060.00 2.100337e-10
7070.00 2.031930e-10
7080.00 2.025657e-10
7090.00 2.095970e-10
7100.00 2.117640e-10
7110.00 2.088376e-10
7120.00 2.142211e-10
7130.00 2.145701e-10
7140.00 2.147427e-10
7150.00 2.214216e-10
7160.00 2.202528e-10
7170.00 2.237766e-10
7180.00 2.405683e-10
7190.00 2.495280e-10
7200.00 2.599069e-10
7210.00 2.563445e-10
7220.00 2.554009e-10
7230.00 2.613810e-10
7240.00 2.758117e-10
7250.00 2.867613e-10
7260.00 3.152277e-10
7270.00 3.093840e-10
7280.00 2.960976e-10
7290.00 2.886643e-10
7300.00 2.921654e-10
7310.00 2.942922e-10
7320.00 2.898194e-10
7330.00 2.803990e-10
7340.00 2.756114e-10
7350.00 2.708044e-10
7360.00 2.664207e-10
7370.00 2.653376e-10
7380.00 2.627419e-10
7390.00 2.614626e-10
7400.00 2.613938e-10
7410.00 2.615652e-10
7420.00 2.668395e-10
7430.00 2.666075e-10
7440.00 2.665175e-10
7450.00 2.660030e-10
7460.00 2.652283e-10
7470.00 2.642696e-10
7480.00 2.580494e-10
7490.00 2.502661e-10
7500.00 2.408869e-10
7510.00 2.301031e-10
7520.00 2.132165e-10
7530.00 1.991131e-10
7540.00 1.866548e-10
7550.00 1.845862e-10
7560.00 1.688182e-10
7570.00 1.427498e-10
7580.00 1.392326e-10
7590.00 1.343131e-10
7600.00 1.291517e-10
7610.00 9.483636e-11
7620.00 3.524055e-11
7630.00 6.898653e-11
7640.00 8.580241e-11
7650.00 6.997674e-11
7660.00 8.838322e-11
7670.00 1.066999e-10
7680.00 1.313811e-10
7690.00 1.398311e-10
7700.00 1.463924e-10
7710.00 1.545272e-10
7720.00 1.546196e-10
7730.00 1.501292e-10
7740.00 1.591802e-10
7750.00 1.551425e-10
7760.00 1.486984e-10
7770.00 1.525175e-10
7780.00 1.506147e-10
7790.00 1.496929e-10
7800.00 1.402049e-10
7810.00 1.388656e-10
7820.00 1.384645e-10
7830.00 1.268494e-10
7840.00 1.255571e-10
7850.00 1.244658e-10
7860.00 1.186785e-10
7870.00 1.093375e-10
7880.00 1.066348e-10
7890.00 1.005077e-10
7900.00 9.318972e-11
7910.00 8.933437e-11
7920.00 8.793289e-11
7930.00 8.064339e-11
7940.00 7.386221e-11
7950.00 6.943654e-11
7960.00 6.845858e-11
7970.00 6.608161e-11
7980.00 5.963324e-11
7990.00 5.648283e-11
8000.00 5.369020e-11
8010.00 5.457994e-11
8020.00 5.016003e-11
8030.00 4.831332e-11
8040.00 4.680122e-11
8050.00 4.682689e-11
8060.00 4.624161e-11
8070.00 4.719090e-11
8080.00 4.554295e-11
8090.00 4.140365e-11
8100.00 4.417420e-11
8110.00 4.250271e-11
8120.00 4.343988e-11
8130.00 4.155657e-11
8140.00 4.453532e-11
8150.00 4.113391e-11
8160.00 4.028675e-11
8170.00 4.324302e-11
8180.00 3.886558e-11
8190.00 3.738789e-11
8200.00 3.577692e-11
8210.00 3.152560e-11
8220.00 2.905853e-11
8230.00 2.524017e-11
8240.00 2.145205e-11
8250.00 1.528802e-11
8260.00 1.460639e-11
8270.00 1.264413e-11
8280.00 1.248030e-11
8290.00 1.283709e-11
8300.00 9.419613e-12
8310.00 9.768665e-12
8320.00 1.173434e-11
8330.00 1.114969e-11
8340.00 1.150191e-11
8350.00 1.417089e-11
8360.00 1.212142e-11
8370.00 1.399531e-11
8380.00 1.675656e-11
8390.00 1.635551e-11
8400.00 1.603714e-11
8410.00 1.671357e-11
8420.00 1.723776e-11
8430.00 2.052140e-11
8440.00 2.307847e-11
8450.00 2.515288e-11
8460.00 2.658443e-11
8470.00 2.888933e-11
8480.00 3.454691e-11
8490.00 4.049495e-11
8500.00 4.630271e-11
8510.00 5.086037e-11
8520.00 5.544038e-11
8530.00 6.120862e-11
8540.00 6.835947e-11
8550.00 8.013787e-11
8560.00 8.827657e-11
8570.00 8.757652e-11
8580.00 8.577614e-11
8590.00 8.503742e-11
8600.00 8.633820e-11
8610.00 8.691111e-11
8620.00 9.483088e-11
8630.00 9.692281e-11
8640.00 9.372983e-11
8650.00 8.998947e-11
8660.00 8.600464e-11
8670.00 8.309031e-11
8680.00 9.192095e-11
8690.00 1.011453e-10
8700.00 9.866596e-11
8710.00 9.337684e-11
8720.00 9.179697e-11
8730.00 9.322254e-11
8740.00 9.831330e-11
8750.00 1.126906e-10
8760.00 1.158095e-10
8770.00 1.058556e-10
8780.00 1.000253e-10
8790.00 1.102342e-10
8800.00 1.201261e-10
8810.00 1.201459e-10
8820.00 1.179430e-10
8830.00 1.116206e-10
8840.00 1.011522e-10
8850.00 1.009392e-10
8860.00 1.052827e-10
8870.00 1.147787e-10
8880.00 1.132651e-10
8890.00 1.019622e-10
8900.00 9.293435e-11
8910.00 9.173909e-11
8920.00 9.546234e-11
8930.00 9.759063e-11
8940.00 9.395373e-11
8950.00 9.446024e-11
8960.00 9.092043e-11
8970.00 8.661806e-11
8980.00 8.291264e-11
8990.00 8.228898e-11
9000.00 8.644980e-11
9010.00 7.852455e-11
9020.00 7.595525e-11
9030.00 7.814793e-11
9040.00 7.557091e-11
9050.00 7.318170e-11
9060.00 7.598698e-11
9070.00 7.621162e-11
9080.00 7.251231e-11
9090.00 7.112785e-11
9100.00 7.126815e-11
9110.00 7.193630e-11
9120.00 7.568799e-11
9130.00 7.736583e-11
9140.00 7.591697e-11
9150.00 7.114113e-11
9160.00 6.909428e-11
9170.00 6.963570e-11
9180.00 6.727425e-11
9190.00 6.849734e-11
9200.00 6.770115e-11
9210.00 6.843301e-11
9220.00 7.109433e-11
9230.00 7.218132e-11
9240.00 7.797514e-11
9250.00 8.077680e-11
9260.00 7.092019e-11
9270.00 6.772380e-11
9280.00 6.469887e-11
9290.00 6.310252e-11
9300.00 6.645893e-11
9310.00 6.782932e-11
9320.00 6.681225e-11
9330.00 6.110678e-11
9340.00 5.086932e-11
9350.00 5.226162e-11
9360.00 5.417753e-11
9370.00 5.642899e-11
9380.00 5.450231e-11
9390.00 7.882119e-11
9400.00 7.053916e-11
9410.00 4.675078e-11
9420.00 5.203411e-11
9430.00 5.059677e-11
9440.00 5.100057e-11
9450.00 5.583263e-11
9460.00 5.843987e-11
9470.00 6.462990e-11
9480.00 6.327300e-11
9490.00 6.346764e-11
9500.00 6.319342e-11
9510.00 6.445451e-11
9520.00 5.748510e-11
9530.00 6.696420e-11
9540.00 8.501509e-11
9550.00 7.742956e-11
9560.00 7.351429e-11
9570.00 7.431899e-11
9580.00 6.614260e-11
9590.00 6.498182e-11
9600.00 7.123922e-11
9610.00 6.952220e-11
9620.00 6.784793e-11
9630.00 6.192640e-11
9640.00 5.604401e-11
9650.00 5.766111e-11
9660.00 5.674112e-11
9670.00 5.681843e-11
9680.00 5.237914e-11
9690.00 4.702580e-11
9700.00 5.177140e-11
9710.00 5.344610e-11
9720.00 5.431249e-11
9730.00 5.088778e-11
9740.00 4.950133e-11
9750.00 5.327765e-11
9760.00 4.806745e-11
9770.00 5.183480e-11
9780.00 5.601969e-11
9790.00 5.165974e-11
9800.00 5.893882e-11
9810.00 6.024658e-11
9820.00 5.400015e-11
9830.00 5.639299e-11
9840.00 6.047863e-11
9850.00 6.733410e-11
9860.00 6.917596e-11
9870.00 6.951536e-11
9880.00 8.255578e-11
9890.00 8.160388e-11
9900.00 7.440245e-11
9910.00 7.331343e-11
9920.00 7.894899e-11
9930.00 8.175854e-11
9940.00 8.187212e-11
9950.00 7.911262e-11
9960.00 8.162036e-11
9970.00 9.466515e-11
9980.00 8.392204e-11
9990.00 8.241049e-11
10000.00 8.566579e-11
10010.00 8.506127e-11
10020.00 8.445626e-11
10030.00 8.385103e-11
10040.00 8.324524e-11
10050.00 8.263918e-11
10060.00 8.203257e-11
10070.00 8.142576e-11
10080.00 8.081842e-11
10090.00 8.021090e-11
10100.00 7.960278e-11
10110.00 7.899457e-11
10120.00 7.838598e-11
10130.00 7.777703e-11
10140.00 7.716786e-11
10150.00 7.655826e-11
10160.00 7.594845e-11
10170.00 7.533829e-11
10180.00 7.472787e-11
10190.00 7.411726e-11
10200.00 7.350631e-11
10210.00 7.289519e-11
10220.00 7.228367e-11
10230.00 7.167206e-11
10240.00 7.106006e-11
10250.00 7.044805e-11
10260.00 6.983566e-11
10270.00 6.922318e-11
10280.00 6.861041e-11
10290.00 6.799751e-11
10300.00 6.738436e-11
10310.00 6.677110e-11
10320.00 6.615765e-11
10330.00 6.554403e-11
10340.00 6.493027e-11
10350.00 6.431636e-11
10360.00 6.370228e-11
10370.00 6.308815e-11
10380.00 6.247377e-11
10390.00 6.185937e-11
10400.00 6.124481e-11
10410.00 6.063022e-11
10420.00 6.001543e-11
10430.00 5.940056e-11
10440.00 5.878566e-11
10450.00 5.817059e-11
10460.00 5.755559e-11
10470.00 5.694042e-11
10480.00 5.632522e-11
10490.00 5.570998e-11
10500.00 5.509465e-11
10510.00 5.447932e-11
10520.00 5.386391e-11
10530.00 5.324848e-11
10540.00 5.263305e-11
10550.00 5.201760e-11
10560.00 5.140214e-11
10570.00 5.078666e-11
10580.00 5.017115e-11
10590.00 4.955571e-11
10600.00 4.894023e-11
10610.00 4.832477e-11
10620.00 4.770933e-11
10630.00 4.709393e-11
10640.00 4.647855e-11
10650.00 4.586322e-11
10660.00 4.524792e-11
10670.00 4.463263e-11
10680.00 4.401742e-11
10690.00 4.340228e-11
10700.00 4.278721e-11
10710.00 4.217215e-11
10720.00 4.155715e-11
10730.00 4.094225e-11
10740.00 4.032747e-11
10750.00 3.971269e-11
10760.00 3.909803e-11
10770.00 3.848347e-11
10780.00 3.786895e-11
10790.00 3.725454e-11
10800.00 3.664027e-11
10810.00 3.602608e-11
10820.00 3.541199e-11
10830.00 3.479798e-11
10840.00 3.418413e-11
10850.00 3.357038e-11
10860.00 3.295671e-11
10870.00 3.234317e-11
10880.00 3.172980e-11
10890.00 3.111651e-11
10900.00 3.050337e-11
10910.00 2.989034e-11
10920.00 2.927745e-11
10930.00 2.866471e-11
10940.00 2.805209e-11
10950.00 2.743961e-11
10960.00 2.682726e-11
10970.00 2.621507e-11
10980.00 2.560303e-11
10990.00 2.499115e-11
11000.00 2.437940e-11
11010.00 2.376780e-11
11020.00 2.315637e-11
11030.00 2.254508e-11
11040.00 2.193394e-11
11050.00 2.132296e-11
11060.00 2.071217e-11
11070.00 2.010150e-11
11080.00 1.949099e-11
11090.00 1.888068e-11
11100.00 1.827048e-11
11110.00 1.766047e-11
11120.00 1.705065e-11
11130.00 1.644095e-11
11140.00 1.583145e-11
11150.00 1.522210e-11
11160.00 1.461292e-11
11170.00 1.400390e-11
11180.00 1.339504e-11
11190.00 1.278635e-11
11200.00 1.217782e-11
11210.00 1.156949e-11
11220.00 1.096129e-11
11230.00 1.035327e-11
11240.00 9.745408e-12
11250.00 9.137718e-12
11260.00 8.530188e-12
11270.00 7.922818e-12
11280.00 7.315617e-12
11290.00 6.708583e-12
11300.00 6.101697e-12
11310.00 6.100918e-12
11320.00 6.100140e-12
11330.00 6.099362e-12
11340.00 6.098602e-12
11350.00 6.097843e-12
11360.00 6.097085e-12
11370.00 6.096339e-12
11380.00 6.095591e-12
11390.00 6.094857e-12
11400.00 6.094128e-12
11410.00 6.093399e-12
11420.00 6.092688e-12
11430.00 6.091973e-12
11440.00 6.091271e-12
11450.00 6.090576e-12
11460.00 6.089893e-12
11470.00 6.089208e-12
11480.00 6.088541e-12
11490.00 6.087880e-12
11500.00 6.087221e-12
11510.00 6.086575e-12
11520.00 6.085939e-12
11530.00 6.085313e-12
11540.00 6.084696e-12
11550.00 6.084089e-12
11560.00 6.083492e-12
11570.00 6.082902e-12
11580.00 6.082328e-12
11590.00 6.081760e-12
11600.00 6.081213e-12
11610.00 6.080664e-12
11620.00 6.080132e-12
11630.00 6.079613e-12
11640.00 6.079106e-12
11650.00 6.078613e-12
11660.00 6.078124e-12
11670.00 6.077655e-12
11680.00 6.077197e-12
11690.00 6.076751e-12
11700.00 6.076320e-12
11710.00 6.075902e-12
11720.00 6.075497e-12
11730.00 6.075111e-12
11740.00 6.074728e-12
11750.00 6.074370e-12
11760.00 6.074019e-12
11770.00 6.073689e-12
11780.00 6.073372e-12
11790.00 6.073071e-12
11800.00 6.072785e-12
11810.00 6.072513e-12
11820.00 6.072258e-12
11830.00 6.072022e-12
11840.00 6.071799e-12
11850.00 6.071598e-12
11860.00 6.071409e-12
11870.00 6.071238e-12
11880.00 6.071085e-12
11890.00 6.070950e-12
11900.00 6.070829e-12
11910.00 6.070731e-12
11920.00 6.070651e-12
11930.00 6.070592e-12
11940.00 6.070549e-12
11950.00 6.070526e-12
11960.00 6.070522e-12
11970.00 6.070539e-12
11980.00 6.070572e-12
11990.00 6.070625e-12
12000.00 6.070699e-12
12010.00 6.070796e-12
12020.00 6.070914e-12
12030.00 6.071051e-12
12040.00 6.071203e-12
12050.00 6.071389e-12
12060.00 6.071591e-12
12070.00 6.071811e-12
12080.00 6.072055e-12
12090.00 6.072327e-12
12100.00 6.072617e-12
12110.00 6.072928e-12
12120.00 6.073275e-12
12130.00 6.073625e-12
12140.00 6.074016e-12
12150.00 6.074418e-12
12160.00 6.074856e-12
12170.00 6.075304e-12
12180.00 6.075789e-12
12190.00 6.076291e-12
12200.00 6.076824e-12
12210.00 6.077380e-12
12220.00 6.077961e-12
12230.00 6.078567e-12
12240.00 6.079204e-12
12250.00 6.079861e-12
12260.00 6.080543e-12
12270.00 6.081256e-12
12280.00 6.081996e-12
12290.00 6.082767e-12
12300.00 6.083559e-12
12310.00 6.084378e-12
12320.00 6.085223e-12
12330.00 6.086102e-12
12340.00 6.087013e-12
12350.00 6.087947e-12
12360.00 6.088908e-12
12370.00 6.089897e-12
12380.00 6.090921e-12
12390.00 6.091973e-12
12400.00 6.093059e-12
12410.00 6.094169e-12
12420.00 6.095308e-12
12430.00 6.096470e-12
12440.00 6.097680e-12
12450.00 6.098914e-12
12460.00 6.100185e-12
12470.00 6.101479e-12
12480.00 6.102810e-12
12490.00 6.104172e-12
12500.00 6.105565e-12
12510.00 6.107952e-12
12520.00 6.110370e-12
12530.00 6.112826e-12
12540.00 6.115307e-12
12550.00 6.117826e-12
12560.00 6.120378e-12
12570.00 6.122955e-12
12580.00 6.125572e-12
12590.00 6.128215e-12
12600.00 6.130891e-12
12610.00 6.133613e-12
12620.00 6.136357e-12
12630.00 6.139146e-12
12640.00 6.141958e-12
12650.00 6.144811e-12
12660.00 6.147698e-12
12670.00 6.150626e-12
12680.00 6.153584e-12
12690.00 6.156577e-12
12700.00 6.159612e-12
12710.00 6.162683e-12
12720.00 6.165784e-12
12730.00 6.168928e-12
12740.00 6.172115e-12
12750.00 6.175328e-12
12760.00 6.178584e-12
12770.00 6.181877e-12
12780.00 6.185209e-12
12790.00 6.188579e-12
12800.00 6.191987e-12
12810.00 6.195440e-12
12820.00 6.198933e-12
12830.00 6.202459e-12
12840.00 6.206030e-12
12850.00 6.209642e-12
12860.00 6.213293e-12
12870.00 6.216984e-12
12880.00 6.220715e-12
12890.00 6.224491e-12
12900.00 6.228301e-12
12910.00 6.232149e-12
12920.00 6.236048e-12
12930.00 6.239974e-12
12940.00 6.243945e-12
12950.00 6.247948e-12
12960.00 6.251995e-12
12970.00 6.256085e-12
12980.00 6.260208e-12
12990.00 6.264374e-12
13000.00 6.268577e-12
13010.00 6.272812e-12
13020.00 6.277083e-12
13030.00 6.281404e-12
13040.00 6.285755e-12
13050.00 6.290142e-12
13060.00 6.294572e-12
13070.00 6.299031e-12
13080.00 6.303527e-12
13090.00 6.308064e-12
13100.00 6.312642e-12
13110.00 6.317250e-12
13120.00 6.321893e-12
13130.00 6.326570e-12
13140.00 6.331289e-12
13150.00 6.336035e-12
13160.00 6.340822e-12
13170.00 6.345649e-12
13180.00 6.350498e-12
13190.00 6.355387e-12
13200.00 6.360315e-12
13210.00 6.365277e-12
13220.00 6.370271e-12
13230.00 6.375292e-12
13240.00 6.380352e-12
13250.00 6.385450e-12
13260.00 6.390575e-12
13270.00 6.395731e-12
13280.00 6.400932e-12
13290.00 6.406152e-12
13300.00 6.411410e-12
13310.00 6.416699e-12
13320.00 6.422019e-12
13330.00 6.427376e-12
13340.00 6.432763e-12
13350.00 6.438181e-12
13360.00 6.443629e-12
13370.00 6.449113e-12
13380.00 6.454621e-12
13390.00 6.460158e-12
13400.00 6.465731e-12
13410.00 6.471339e-12
13420.00 6.476964e-12
13430.00 6.482630e-12
13440.00 6.488318e-12
13450.00 6.494041e-12
13460.00 6.499797e-12
13470.00 6.505569e-12
13480.00 6.511375e-12
13490.00 6.517215e-12
13500.00 6.523075e-12
13510.00 6.528969e-12
13520.00 6.534890e-12
13530.00 6.540843e-12
13540.00 6.546823e-12
13550.00 6.552822e-12
13560.00 6.558854e-12
13570.00 6.564905e-12
13580.00 6.571000e-12
13590.00 6.577108e-12
13600.00 6.583247e-12
13610.00 6.589417e-12
13620.00 6.595599e-12
13630.00 6.601811e-12
13640.00 6.608054e-12
13650.00 6.614321e-12
13660.00 6.620605e-12
13670.00 6.626925e-12
13680.00 6.633268e-12
13690.00 6.639628e-12
13700.00 6.646023e-12
13710.00 6.672448e-12
13720.00 6.698932e-12
13730.00 6.725494e-12
13740.00 6.752096e-12
13750.00 6.778776e-12
13760.00 6.805514e-12
13770.00 6.832318e-12
13780.00 6.859181e-12
13790.00 6.886108e-12
13800.00 6.913089e-12
13810.00 6.940135e-12
13820.00 6.967258e-12
13830.00 6.994435e-12
13840.00 7.021670e-12
13850.00 7.048958e-12
13860.00 7.076323e-12
13870.00 7.103753e-12
13880.00 7.131230e-12
13890.00 7.158772e-12
13900.00 7.186385e-12
13910.00 7.214050e-12
13920.00 7.241774e-12
13930.00 7.269569e-12
13940.00 7.297435e-12
13950.00 7.325335e-12
13960.00 7.353318e-12
13970.00 7.381347e-12
13980.00 7.409434e-12
13990.00 7.437592e-12
14000.00 7.465807e-12
14010.00 7.494081e-12
14020.00 7.522419e-12
14030.00 7.550821e-12
14040.00 7.579281e-12
14050.00 7.607799e-12
14060.00 7.636374e-12
14070.00 7.665019e-12
14080.00 7.693708e-12
14090.00 7.722474e-12
14100.00 7.751291e-12
14110.00 7.780165e-12
14120.00 7.809101e-12
14130.00 7.838088e-12
14140.00 7.867138e-12
14150.00 7.896251e-12
14160.00 7.925426e-12
14170.00 7.954651e-12
14180.00 7.983925e-12
14190.00 8.013275e-12
14200.00 8.042680e-12
14210.00 8.072134e-12
14220.00 8.101637e-12
14230.00 8.131214e-12
14240.00 8.160840e-12
14250.00 8.190527e-12
14260.00 8.220269e-12
14270.00 8.250059e-12
14280.00 8.279928e-12
14290.00 8.309826e-12
14300.00 8.339796e-12
14310.00 8.369808e-12
14320.00 8.399885e-12
14330.00 8.430010e-12
14340.00 8.460200e-12
14350.00 8.490418e-12
14360.00 8.520726e-12
14370.00 8.551067e-12
14380.00 8.581460e-12
14390.00 8.611918e-12
14400.00 8.642420e-12
14410.00 8.672968e-12
14420.00 8.703586e-12
14430.00 8.734242e-12
14440.00 8.764954e-12
14450.00 8.795718e-12
14460.00 8.826524e-12
14470.00 8.857386e-12
14480.00 8.888311e-12
14490.00 8.919278e-12
14500.00 8.950288e-12
14510.00 8.981353e-12
14520.00 9.012459e-12
14530.00 9.043646e-12
14540.00 9.074847e-12
14550.00 9.106109e-12
14560.00 9.137417e-12
14570.00 9.168768e-12
14580.00 9.200155e-12
14590.00 9.231612e-12
14600.00 9.263096e-12
14610.00 9.294642e-12
14620.00 9.326244e-12
14630.00 9.357859e-12
14640.00 9.389545e-12
14650.00 9.421261e-12
14660.00 9.453027e-12
14670.00 9.484829e-12
14680.00 9.516680e-12
14690.00 9.548575e-12
14700.00 9.580510e-12
14710.00 9.612482e-12
14720.00 9.644507e-12
14730.00 9.676572e-12
14740.00 9.708667e-12
14750.00 9.740814e-12
14760.00 9.772986e-12
14770.00 9.805204e-12
14780.00 9.837463e-12
14790.00 9.869754e-12
14800.00 9.902092e-12
14810.00 9.934469e-12
14820.00 9.966862e-12
14830.00 9.999320e-12
14840.00 1.003180e-11
14850.00 1.006433e-11
14860.00 1.009687e-11
14870.00 1.012947e-11
14880.00 1.016209e-11
14890.00 1.019475e-11
14900.00 1.022745e-11
14910.00 1.026017e-11
14920.00 1.029294e-11
14930.00 1.032573e-11
14940.00 1.035857e-11
14950.00 1.039145e-11
14960.00 1.042435e-11
14970.00 1.045729e-11
14980.00 1.049026e-11
14990.00 1.052326e-11
15000.00 1.055630e-11
15010.00 1.056652e-11
15020.00 1.057672e-11
15030.00 1.058693e-11
15040.00 1.059710e-11
15050.00 1.060728e-11
15060.00 1.061745e-11
15070.00 1.062758e-11
15080.00 1.063773e-11
15090.00 1.064784e-11
15100.00 1.065795e-11
15110.00 1.066807e-11
15120.00 1.067817e-11
15130.00 1.068824e-11
15140.00 1.069829e-11
15150.00 1.070834e-11
15160.00 1.071839e-11
15170.00 1.072842e-11
15180.00 1.073842e-11
15190.00 1.074842e-11
15200.00 1.075841e-11
15210.00 1.076839e-11
15220.00 1.077835e-11
15230.00 1.078829e-11
15240.00 1.079822e-11
15250.00 1.080813e-11
15260.00 1.081804e-11
15270.00 1.082793e-11
15280.00 1.083781e-11
15290.00 1.084767e-11
15300.00 1.085750e-11
15310.00 1.086733e-11
15320.00 1.087717e-11
15330.00 1.088695e-11
15340.00 1.089675e-11
15350.00 1.090652e-11
15360.00 1.091628e-11
15370.00 1.092601e-11
15380.00 1.093574e-11
15390.00 1.094544e-11
15400.00 1.095514e-11
15410.00 1.096483e-11
15420.00 1.097449e-11
15430.00 1.098412e-11
15440.00 1.099376e-11
15450.00 1.100338e-11
15460.00 1.101297e-11
15470.00 1.102254e-11
15480.00 1.103212e-11
15490.00 1.104166e-11
15500.00 1.105119e-11
15510.00 1.106069e-11
15520.00 1.107019e-11
15530.00 1.107966e-11
15540.00 1.108912e-11
15550.00 1.109857e-11
15560.00 1.110799e-11
15570.00 1.111739e-11
15580.00 1.112678e-11
15590.00 1.113615e-11
15600.00 1.114550e-11
15610.00 1.115483e-11
15620.00 1.116414e-11
15630.00 1.117345e-11
15640.00 1.118272e-11
15650.00 1.119198e-11
15660.00 1.120122e-11
15670.00 1.121042e-11
15680.00 1.121963e-11
15690.00 1.122880e-11
15700.00 1.123796e-11
15710.00 1.124711e-11
15720.00 1.125623e-11
15730.00 1.126532e-11
15740.00 1.127440e-11
15750.00 1.128347e-11
15760.00 1.129250e-11
15770.00 1.130152e-11
15780.00 1.131051e-11
15790.00 1.131948e-11
15800.00 1.132844e-11
15810.00 1.133737e-11
15820.00 1.134629e-11
15830.00 1.135517e-11
15840.00 1.136405e-11
15850.00 1.137289e-11
15860.00 1.138173e-11
15870.00 1.139053e-11
15880.00 1.139932e-11
15890.00 1.140806e-11
15900.00 1.141680e-11
15910.00 1.142552e-11
15920.00 1.143421e-11
15930.00 1.144287e-11
15940.00 1.145152e-11
15950.00 1.146015e-11
15960.00 1.146874e-11
15970.00 1.147733e-11
15980.00 1.148588e-11
15990.00 1.149440e-11
16000.00 1.150291e-11
16010.00 1.151139e-11
16020.00 1.151984e-11
16030.00 1.152827e-11
16040.00 1.153668e-11
16050.00 1.154506e-11
16060.00 1.155344e-11
16070.00 1.156176e-11
16080.00 1.157007e-11
16090.00 1.157834e-11
16100.00 1.158662e-11
16110.00 1.159484e-11
16120.00 1.160305e-11
16130.00 1.161123e-11
16140.00 1.161940e-11
16150.00 1.162752e-11
16160.00 1.163563e-11
16170.00 1.164370e-11
16180.00 1.165177e-11
16190.00 1.165978e-11
16200.00 1.166779e-11
16210.00 1.167576e-11
16220.00 1.168370e-11
16230.00 1.169163e-11
16240.00 1.169951e-11
16250.00 1.170736e-11
16260.00 1.171021e-11
16270.00 1.171305e-11
16280.00 1.171585e-11
16290.00 1.171862e-11
16300.00 1.172137e-11
16310.00 1.172410e-11
16320.00 1.172680e-11
16330.00 1.172947e-11
16340.00 1.173214e-11
16350.00 1.173475e-11
16360.00 1.173736e-11
16370.00 1.173993e-11
16380.00 1.174248e-11
16390.00 1.174501e-11
16400.00 1.174752e-11
16410.00 1.174999e-11
16420.00 1.175245e-11
16430.00 1.175486e-11
16440.00 1.175727e-11
16450.00 1.175962e-11
16460.00 1.176197e-11
16470.00 1.176430e-11
16480.00 1.176659e-11
16490.00 1.176885e-11
16500.00 1.177108e-11
16510.00 1.177330e-11
16520.00 1.177547e-11
16530.00 1.177765e-11
16540.00 1.177978e-11
16550.00 1.178187e-11
16560.00 1.178395e-11
16570.00 1.178599e-11
16580.00 1.178801e-11
16590.00 1.179000e-11
16600.00 1.179196e-11
16610.00 1.179390e-11
16620.00 1.179582e-11
16630.00 1.179770e-11
16640.00 1.179955e-11
16650.00 1.180137e-11
16660.00 1.180317e-11
16670.00 1.180493e-11
16680.00 1.180667e-11
16690.00 1.180837e-11
16700.00 1.181005e-11
16710.00 1.181171e-11
16720.00 1.181332e-11
16730.00 1.181491e-11
16740.00 1.181647e-11
16750.00 1.181801e-11
16760.00 1.181949e-11
16770.00 1.182097e-11
16780.00 1.182242e-11
16790.00 1.182384e-11
16800.00 1.182521e-11
16810.00 1.182657e-11
16820.00 1.182789e-11
16830.00 1.182917e-11
16840.00 1.183045e-11
16850.00 1.183167e-11
16860.00 1.183289e-11
16870.00 1.183404e-11
16880.00 1.183520e-11
16890.00 1.183631e-11
16900.00 1.183740e-11
16910.00 1.183844e-11
16920.00 1.183948e-11
16930.00 1.184047e-11
16940.00 1.184144e-11
16950.00 1.184238e-11
16960.00 1.184330e-11
16970.00 1.184419e-11
16980.00 1.184504e-11
16990.00 1.184587e-11
17000.00 1.184668e-11
17010.00 1.184744e-11
17020.00 1.184819e-11
17030.00 1.184890e-11
17040.00 1.184961e-11
17050.00 1.185027e-11
17060.00 1.185092e-11
17070.00 1.185152e-11
17080.00 1.185211e-11
17090.00 1.185267e-11
17100.00 1.185319e-11
17110.00 1.185370e-11
17120.00 1.185419e-11
17130.00 1.185463e-11
17140.00 1.185506e-11
17150.00 1.185547e-11
17160.00 1.185584e-11
17170.00 1.185619e-11
17180.00 1.185651e-11
17190.00 1.185682e-11
17200.00 1.185710e-11
17210.00 1.185735e-11
17220.00 1.185757e-11
17230.00 1.185776e-11
17240.00 1.185796e-11
17250.00 1.185810e-11
17260.00 1.185823e-11
17270.00 1.185834e-11
17280.00 1.185842e-11
17290.00 1.185848e-11
17300.00 1.185851e-11
17310.00 1.185852e-11
17320.00 1.185852e-11
17330.00 1.185847e-11
17340.00 1.185842e-11
17350.00 1.185833e-11
17360.00 1.185823e-11
17370.00 1.185811e-11
17380.00 1.185797e-11
17390.00 1.185778e-11
17400.00 1.185759e-11
17410.00 1.185738e-11
17420.00 1.185713e-11
17430.00 1.185689e-11
17440.00 1.185659e-11
17450.00 1.185631e-11
17460.00 1.185597e-11
17470.00 1.185563e-11
17480.00 1.185525e-11
17490.00 1.185488e-11
17500.00 1.185447e-11
17510.00 1.185405e-11
17520.00 1.185358e-11
17530.00 1.185313e-11
17540.00 1.185263e-11
17550.00 1.185213e-11
17560.00 1.185161e-11
17570.00 1.185105e-11
17580.00 1.185047e-11
17590.00 1.184990e-11
17600.00 1.184929e-11
17610.00 1.184866e-11
17620.00 1.184801e-11
17630.00 1.184734e-11
17640.00 1.184667e-11
17650.00 1.184597e-11
17660.00 1.184525e-11
17670.00 1.184451e-11
17680.00 1.184375e-11
17690.00 1.184297e-11
17700.00 1.184220e-11
17710.00 1.184138e-11
17720.00 1.184056e-11
17730.00 1.183971e-11
17740.00 1.183884e-11
17750.00 1.183795e-11
17760.00 1.183706e-11
17770.00 1.183615e-11
17780.00 1.183521e-11
17790.00 1.183427e-11
17800.00 1.183329e-11
17810.00 1.183231e-11
17820.00 1.183133e-11
17830.00 1.183031e-11
17840.00 1.182929e-11
17850.00 1.182824e-11
17860.00 1.182719e-11
17870.00 1.182611e-11
17880.00 1.182501e-11
17890.00 1.182392e-11
17900.00 1.182279e-11
17910.00 1.182165e-11
17920.00 1.182051e-11
17930.00 1.181933e-11
17940.00 1.181816e-11
17950.00 1.181698e-11
17960.00 1.181575e-11
17970.00 1.181453e-11
17980.00 1.181331e-11
17990.00 1.181204e-11
18000.00 1.181078e-11
18010.00 1.177060e-11
18020.00 1.173042e-11
18030.00 1.169023e-11
18040.00 1.165004e-11
18050.00 1.160984e-11
18060.00 1.156965e-11
18070.00 1.152945e-11
18080.00 1.148925e-11
18090.00 1.144903e-11
18100.00 1.140883e-11
18110.00 1.136861e-11
18120.00 1.132838e-11
18130.00 1.128817e-11
18140.00 1.124795e-11
18150.00 1.120774e-11
18160.00 1.116750e-11
18170.00 1.112728e-11
18180.00 1.108706e-11
18190.00 1.104683e-11
18200.00 1.100662e-11
18210.00 1.096638e-11
18220.00 1.092616e-11
18230.00 1.088591e-11
18240.00 1.084571e-11
18250.00 1.080549e-11
18260.00 1.076526e-11
18270.00 1.072503e-11
18280.00 1.068483e-11
18290.00 1.064460e-11
18300.00 1.060440e-11
18310.00 1.056418e-11
18320.00 1.052398e-11
18330.00 1.048377e-11
18340.00 1.044356e-11
18350.00 1.040333e-11
18360.00 1.036314e-11
18370.00 1.032295e-11
18380.00 1.028275e-11
18390.00 1.024258e-11
18400.00 1.020239e-11
18410.00 1.016221e-11
18420.00 1.012203e-11
18430.00 1.008186e-11
18440.00 1.004170e-11
18450.00 1.000154e-11
18460.00 9.961371e-12
18470.00 9.921240e-12
18480.00 9.881093e-12
18490.00 9.840961e-12
18500.00 9.800819e-12
18510.00 9.760710e-12
18520.00 9.720581e-12
18530.00 9.680462e-12
18540.00 9.640363e-12
18550.00 9.600252e-12
18560.00 9.560167e-12
18570.00 9.520077e-12
18580.00 9.480017e-12
18590.00 9.439946e-12
18600.00 9.399880e-12
18610.00 9.359830e-12
18620.00 9.319789e-12
18630.00 9.279744e-12
18640.00 9.239721e-12
18650.00 9.199701e-12
18660.00 9.159689e-12
18670.00 9.119688e-12
18680.00 9.079689e-12
18690.00 9.039714e-12
18700.00 8.999735e-12
18710.00 8.959773e-12
18720.00 8.919808e-12
18730.00 8.879867e-12
18740.00 8.839930e-12
18750.00 8.800018e-12
18760.00 8.760088e-12
18770.00 8.720169e-12
18780.00 8.680297e-12
18790.00 8.640402e-12
18800.00 8.600531e-12
18810.00 8.560673e-12
18820.00 8.520819e-12
18830.00 8.480977e-12
18840.00 8.441141e-12
18850.00 8.401323e-12
18860.00 8.361511e-12
18870.00 8.321725e-12
18880.00 8.281938e-12
18890.00 8.242164e-12
18900.00 8.202395e-12
18910.00 8.162660e-12
18920.00 8.122918e-12
18930.00 8.083188e-12
18940.00 8.043486e-12
18950.00 8.003791e-12
18960.00 7.964102e-12
18970.00 7.924419e-12
18980.00 7.884757e-12
18990.00 7.845109e-12
19000.00 7.805468e-12
19010.00 7.765841e-12
19020.00 7.726242e-12
19030.00 7.686644e-12
19040.00 7.647053e-12
19050.00 7.607483e-12
19060.00 7.567927e-12
19070.00 7.528387e-12
19080.00 7.488854e-12
19090.00 7.449336e-12
19100.00 7.409825e-12
19110.00 7.370337e-12
19120.00 7.330863e-12
19130.00 7.291405e-12
19140.00 7.251948e-12
19150.00 7.212520e-12
19160.00 7.173094e-12
19170.00 7.133690e-12
19180.00 7.094294e-12
19190.00 7.054921e-12
19200.00 7.015561e-12
19210.00 6.976207e-12
19220.00 6.936869e-12
19230.00 6.897548e-12
19240.00 6.858242e-12
19250.00 6.818952e-12
19260.00 6.779673e-12
19270.00 6.740409e-12
19280.00 6.701163e-12
19290.00 6.661927e-12
19300.00 6.622710e-12
19310.00 6.583506e-12
19320.00 6.544315e-12
19330.00 6.505141e-12
19340.00 6.465982e-12
19350.00 6.426838e-12
19360.00 6.387705e-12
19370.00 6.348586e-12
19380.00 6.309488e-12
19390.00 6.270403e-12
19400.00 6.231331e-12
19410.00 6.192274e-12
19420.00 6.153240e-12
19430.00 6.114211e-12
19440.00 6.075200e-12
19450.00 6.036204e-12
19460.00 5.997225e-12
19470.00 5.958256e-12
19480.00 5.919308e-12
19490.00 5.880374e-12
19500.00 5.841454e-12
19510.00 5.802546e-12
19520.00 5.763658e-12
19530.00 5.724780e-12
19540.00 5.685919e-12
19550.00 5.647076e-12
19560.00 5.608246e-12
19570.00 5.569429e-12
19580.00 5.530627e-12
19590.00 5.491841e-12
19600.00 5.453069e-12
19610.00 5.414318e-12
19620.00 5.375575e-12
19630.00 5.336853e-12
19640.00 5.298135e-12
19650.00 5.259436e-12
19660.00 5.220754e-12
19670.00 5.182085e-12
19680.00 5.143430e-12
19690.00 5.104788e-12
19700.00 5.066161e-12
19710.00 5.027549e-12
19720.00 4.988951e-12
19730.00 4.950365e-12
19740.00 4.911796e-12
19750.00 4.873236e-12
19760.00 4.834695e-12
19770.00 4.796165e-12
19780.00 4.757643e-12
19790.00 4.719141e-12
19800.00 4.680648e-12
19810.00 4.642170e-12
19820.00 4.603703e-12
19830.00 4.565256e-12
19840.00 4.526813e-12
19850.00 4.488389e-12
19860.00 4.449973e-12
19870.00 4.411572e-12
19880.00 4.373185e-12
19890.00 4.334806e-12
19900.00 4.296445e-12
19910.00 4.258089e-12
19920.00 4.219749e-12
19930.00 4.181422e-12
19940.00 4.143108e-12
19950.00 4.104803e-12
19960.00 4.066509e-12
19970.00 4.028232e-12
19980.00 3.989963e-12
19990.00 3.951705e-12
20000.00 3.913459e-12
20010.00 3.875226e-12
20020.00 3.837005e-12
20030.00 3.798795e-12
20040.00 3.760593e-12
20050.00 3.722401e-12
20060.00 3.684227e-12
20070.00 3.646061e-12
20080.00 3.607901e-12
20090.00 3.569756e-12
20100.00 3.531621e-12
20110.00 3.531230e-12
20120.00 3.530839e-12
20130.00 3.530450e-12
20140.00 3.530065e-12
20150.00 3.529684e-12
20160.00 3.529305e-12
20170.00 3.528927e-12
20180.00 3.528549e-12
20190.00 3.528176e-12
20200.00 3.527802e-12
20210.00 3.527429e-12
20220.00 3.527062e-12
20230.00 3.526698e-12
20240.00 3.526335e-12
20250.00 3.525971e-12
20260.00 3.525614e-12
20270.00 3.525256e-12
20280.00 3.524901e-12
20290.00 3.524548e-12
20300.00 3.524196e-12
20310.00 3.523851e-12
20320.00 3.523504e-12
20330.00 3.523161e-12
20340.00 3.522817e-12
20350.00 3.522478e-12
20360.00 3.522142e-12
20370.00 3.521804e-12
20380.00 3.521471e-12
20390.00 3.521139e-12
20400.00 3.520807e-12
20410.00 3.520481e-12
20420.00 3.520157e-12
20430.00 3.519835e-12
20440.00 3.519511e-12
20450.00 3.519194e-12
20460.00 3.518876e-12
20470.00 3.518563e-12
20480.00 3.518251e-12
20490.00 3.517936e-12
20500.00 3.517630e-12
20510.00 3.517324e-12
20520.00 3.517022e-12
20530.00 3.516716e-12
20540.00 3.516414e-12
20550.00 3.516118e-12
20560.00 3.515819e-12
20570.00 3.515526e-12
20580.00 3.515232e-12
20590.00 3.514942e-12
20600.00 3.514654e-12
20610.00 3.514367e-12
20620.00 3.514084e-12
20630.00 3.513800e-12
20640.00 3.513521e-12
20650.00 3.513242e-12
20660.00 3.512960e-12
20670.00 3.512690e-12
20680.00 3.512414e-12
20690.00 3.512145e-12
20700.00 3.511877e-12
20710.00 3.511606e-12
20720.00 3.511342e-12
20730.00 3.511081e-12
20740.00 3.510821e-12
20750.00 3.510561e-12
20760.00 3.510302e-12
20770.00 3.510046e-12
20780.00 3.509790e-12
20790.00 3.509544e-12
20800.00 3.509291e-12
20810.00 3.509043e-12
20820.00 3.508797e-12
20830.00 3.508554e-12
20840.00 3.508309e-12
20850.00 3.508068e-12
20860.00 3.507831e-12
20870.00 3.507594e-12
20880.00 3.507358e-12
20890.00 3.507125e-12
20900.00 3.506894e-12
20910.00 3.506664e-12
20920.00 3.506438e-12
20930.00 3.506212e-12
20940.00 3.505989e-12
20950.00 3.505768e-12
20960.00 3.505545e-12
20970.00 3.505328e-12
20980.00 3.505112e-12
20990.00 3.504895e-12
21000.00 3.504682e-12
21010.00 3.504471e-12
21020.00 3.504264e-12
21030.00 3.504052e-12
21040.00 3.503846e-12
21050.00 3.503641e-12
21060.00 3.503439e-12
21070.00 3.503238e-12
21080.00 3.503042e-12
21090.00 3.502844e-12
21100.00 3.502649e-12
21110.00 3.502456e-12
21120.00 3.502265e-12
21130.00 3.502074e-12
21140.00 3.501883e-12
21150.00 3.501697e-12
21160.00 3.501510e-12
21170.00 3.501330e-12
21180.00 3.501146e-12
21190.00 3.500968e-12
21200.00 3.500787e-12
21210.00 3.500612e-12
21220.00 3.500435e-12
21230.00 3.500264e-12
21240.00 3.500094e-12
21250.00 3.499921e-12
21260.00 3.499753e-12
21270.00 3.499585e-12
21280.00 3.499423e-12
21290.00 3.499259e-12
21300.00 3.499096e-12
21310.00 3.498937e-12
21320.00 3.498778e-12
21330.00 3.498623e-12
21340.00 3.498464e-12
21350.00 3.498313e-12
21360.00 3.498162e-12
21370.00 3.498010e-12
21380.00 3.497861e-12
21390.00 3.497713e-12
21400.00 3.497569e-12
21410.00 3.497428e-12
21420.00 3.497283e-12
21430.00 3.497145e-12
21440.00 3.497002e-12
21450.00 3.496864e-12
21460.00 3.496731e-12
21470.00 3.496596e-12
21480.00 3.496464e-12
21490.00 3.496330e-12
21500.00 3.496200e-12
21510.00 3.496074e-12
21520.00 3.495947e-12
21530.00 3.495821e-12
21540.00 3.495697e-12
21550.00 3.495576e-12
21560.00 3.495457e-12
21570.00 3.495339e-12
21580.00 3.495220e-12
21590.00 3.495104e-12
21600.00 3.494988e-12
21610.00 3.494876e-12
21620.00 3.494767e-12
21630.00 3.494655e-12
21640.00 3.494545e-12
21650.00 3.494440e-12
21660.00 3.494334e-12
21670.00 3.494231e-12
21680.00 3.494128e-12
21690.00 3.494028e-12
21700.00 3.493926e-12
21710.00 3.493831e-12
21720.00 3.493733e-12
21730.00 3.493636e-12
21740.00 3.493542e-12
21750.00 3.493452e-12
21760.00 3.493360e-12
21770.00 3.493269e-12
21780.00 3.493182e-12
21790.00 3.493098e-12
21800.00 3.493008e-12
21810.00 3.492925e-12
21820.00 3.492842e-12
21830.00 3.492761e-12
21840.00 3.492682e-12
21850.00 3.492606e-12
21860.00 3.492529e-12
21870.00 3.492451e-12
21880.00 3.492381e-12
21890.00 3.492308e-12
21900.00 3.492236e-12
21910.00 3.492164e-12
21920.00 3.492095e-12
21930.00 3.492030e-12
21940.00 3.491963e-12
21950.00 3.491900e-12
21960.00 3.491836e-12
21970.00 3.491774e-12
21980.00 3.491715e-12
21990.00 3.491651e-12
22000.00 3.491597e-12
22010.00 3.491538e-12
22020.00 3.491484e-12
22030.00 3.491431e-12
22040.00 3.491378e-12
22050.00 3.491325e-12
22060.00 3.491278e-12
22070.00 3.491229e-12
22080.00 3.491181e-12
22090.00 3.491134e-12
22100.00 3.491089e-12
22110.00 3.491042e-12
22120.00 3.491000e-12
22130.00 3.490965e-12
22140.00 3.490921e-12
22150.00 3.490883e-12
22160.00 3.490850e-12
22170.00 3.490811e-12
22180.00 3.490776e-12
22190.00 3.490746e-12
22200.00 3.490710e-12
22210.00 3.490679e-12
22220.00 3.490650e-12
22230.00 3.490622e-12
22240.00 3.490595e-12
22250.00 3.490568e-12
22260.00 3.490543e-12
22270.00 3.490518e-12
22280.00 3.490497e-12
22290.00 3.490476e-12
22300.00 3.490456e-12
22310.00 3.490434e-12
22320.00 3.490416e-12
22330.00 3.490403e-12
22340.00 3.490387e-12
22350.00 3.490373e-12
22360.00 3.490360e-12
22370.00 3.490347e-12
22380.00 3.490337e-12
22390.00 3.490327e-12
22400.00 3.490318e-12
22410.00 3.490314e-12
22420.00 3.490306e-12
22430.00 3.490300e-12
22440.00 3.490297e-12
22450.00 3.490292e-12
22460.00 3.490290e-12
22470.00 3.490292e-12
22480.00 3.490292e-12
22490.00 3.490293e-12
22500.00 3.490294e-12
22510.00 3.490301e-12
22520.00 3.490306e-12
22530.00 3.490311e-12
22540.00 3.490318e-12
22550.00 3.490325e-12
22560.00 3.490335e-12
22570.00 3.490345e-12
22580.00 3.490358e-12
22590.00 3.490371e-12
22600.00 3.490384e-12
22610.00 3.490398e-12
22620.00 3.490414e-12
22630.00 3.490431e-12
22640.00 3.490447e-12
22650.00 3.490469e-12
22660.00 3.490488e-12
22670.00 3.490512e-12
22680.00 3.490530e-12
22690.00 3.490553e-12
22700.00 3.490579e-12
22710.00 3.490602e-12
22720.00 3.490628e-12
22730.00 3.490655e-12
22740.00 3.490687e-12
22750.00 3.490713e-12
22760.00 3.490745e-12
22770.00 3.490775e-12
22780.00 3.490808e-12
22790.00 3.490840e-12
22800.00 3.490872e-12
22810.00 3.490909e-12
22820.00 3.490941e-12
22830.00 3.490979e-12
22840.00 3.491020e-12
22850.00 3.491061e-12
22860.00 3.491100e-12
22870.00 3.491139e-12
22880.00 3.491183e-12
22890.00 3.491224e-12
22900.00 3.491269e-12
22910.00 3.491311e-12
22920.00 3.491359e-12
22930.00 3.491403e-12
22940.00 3.491450e-12
22950.00 3.491499e-12
22960.00 3.491549e-12
22970.00 3.491599e-12
22980.00 3.491649e-12
22990.00 3.491704e-12
23000.00 3.491756e-12
23010.00 3.491812e-12
23020.00 3.491866e-12
23030.00 3.491920e-12
23040.00 3.491977e-12
23050.00 3.492036e-12
23060.00 3.492091e-12
23070.00 3.492153e-12
23080.00 3.492213e-12
23090.00 3.492271e-12
23100.00 3.492336e-12
23110.00 3.492397e-12
23120.00 3.492461e-12
23130.00 3.492524e-12
23140.00 3.492589e-12
23150.00 3.492654e-12
23160.00 3.492724e-12
23170.00 3.492793e-12
23180.00 3.492860e-12
23190.00 3.492931e-12
23200.00 3.492997e-12
23210.00 3.493068e-12
23220.00 3.493139e-12
23230.00 3.493212e-12
23240.00 3.493288e-12
23250.00 3.493361e-12
23260.00 3.493436e-12
23270.00 3.493514e-12
23280.00 3.493590e-12
23290.00 3.493666e-12
23300.00 3.493746e-12
23310.00 3.493824e-12
23320.00 3.493904e-12
23330.00 3.493984e-12
23340.00 3.494065e-12
23350.00 3.494148e-12
23360.00 3.494235e-12
23370.00 3.494312e-12
23380.00 3.494401e-12
23390.00 3.494485e-12
23400.00 3.494568e-12
23410.00 3.494658e-12
23420.00 3.494745e-12
23430.00 3.494835e-12
23440.00 3.494918e-12
23450.00 3.495012e-12
23460.00 3.495102e-12
23470.00 3.495193e-12
23480.00 3.495285e-12
23490.00 3.495377e-12
23500.00 3.495471e-12
23510.00 3.495565e-12
23520.00 3.495660e-12
23530.00 3.495750e-12
23540.00 3.495850e-12
23550.00 3.495946e-12
23560.00 3.496046e-12
23570.00 3.496142e-12
23580.00 3.496243e-12
23590.00 3.496342e-12
23600.00 3.496441e-12
23610.00 3.496541e-12
23620.00 3.496643e-12
23630.00 3.496747e-12
23640.00 3.496848e-12
23650.00 3.496953e-12
23660.00 3.497053e-12
23670.00 3.497161e-12
23680.00 3.497266e-12
23690.00 3.497373e-12
23700.00 3.497479e-12
23710.00 3.497588e-12
23720.00 3.497692e-12
23730.00 3.497802e-12
23740.00 3.497911e-12
23750.00 3.498020e-12
23760.00 3.498132e-12
23770.00 3.498242e-12
23780.00 3.498354e-12
23790.00 3.498466e-12
23800.00 3.498577e-12
23810.00 3.498691e-12
23820.00 3.498805e-12
23830.00 3.498920e-12
23840.00 3.499034e-12
23850.00 3.499152e-12
23860.00 3.499268e-12
23870.00 3.499387e-12
23880.00 3.499501e-12
23890.00 3.499618e-12
23900.00 3.499737e-12
23910.00 3.499856e-12
23920.00 3.499976e-12
23930.00 3.500096e-12
23940.00 3.500216e-12
23950.00 3.500339e-12
23960.00 3.500460e-12
23970.00 3.500581e-12
23980.00 3.500703e-12
23990.00 3.500826e-12
24000.00 3.500951e-12
24010.00 3.501074e-12
24020.00 3.501200e-12
24030.00 3.501325e-12
24040.00 3.501451e-12
24050.00 3.501579e-12
24060.00 3.501704e-12
24070.00 3.501831e-12
24080.00 3.501957e-12
24090.00 3.502087e-12
24100.00 3.502216e-12
24110.00 3.502345e-12
24120.00 3.502474e-12
24130.00 3.502607e-12
24140.00 3.502734e-12
24150.00 3.502868e-12
24160.00 3.502998e-12
24170.00 3.503130e-12
24180.00 3.503260e-12
24190.00 3.503392e-12
24200.00 3.503525e-12
24210.00 3.503661e-12
24220.00 3.503795e-12
24230.00 3.503931e-12
24240.00 3.504067e-12
24250.00 3.504201e-12
24260.00 3.504334e-12
24270.00 3.504471e-12
24280.00 3.504608e-12
24290.00 3.504746e-12
24300.00 3.504883e-12
24310.00 3.505020e-12
24320.00 3.505159e-12
24330.00 3.505297e-12
24340.00 3.505435e-12
24350.00 3.505576e-12
24360.00 3.505715e-12
24370.00 3.505855e-12
24380.00 3.505995e-12
24390.00 3.506135e-12
24400.00 3.506277e-12
24410.00 3.506419e-12
24420.00 3.506558e-12
24430.00 3.506702e-12
24440.00 3.506845e-12
24450.00 3.506991e-12
24460.00 3.507130e-12
24470.00 3.507275e-12
24480.00 3.507417e-12
24490.00 3.507563e-12
24500.00 3.507708e-12
24510.00 3.507852e-12
24520.00 3.507996e-12
24530.00 3.508144e-12
24540.00 3.508286e-12
24550.00 3.508433e-12
24560.00 3.508582e-12
24570.00 3.508727e-12
24580.00 3.508875e-12
24590.00 3.509025e-12
24600.00 3.509171e-12
24610.00 3.509319e-12
24620.00 3.509463e-12
24630.00 3.509615e-12
24640.00 3.509761e-12
24650.00 3.509910e-12
24660.00 3.510061e-12
24670.00 3.510210e-12
24680.00 3.510360e-12
24690.00 3.510509e-12
24700.00 3.510659e-12
24710.00 3.510808e-12
24720.00 3.510961e-12
24730.00 3.511111e-12
24740.00 3.511262e-12
24750.00 3.511414e-12
24760.00 3.511566e-12
24770.00 3.511715e-12
24780.00 3.511869e-12
24790.00 3.512023e-12
24800.00 3.512172e-12
24810.00 3.512324e-12
24820.00 3.512479e-12
24830.00 3.512631e-12
24840.00 3.512781e-12
24850.00 3.512936e-12
24860.00 3.513089e-12
24870.00 3.513246e-12
24880.00 3.513398e-12
24890.00 3.513554e-12
24900.00 3.513707e-12
24910.00 3.513860e-12
24920.00 3.514016e-12
24930.00 3.514170e-12
24940.00 3.514323e-12
24950.00 3.514478e-12
24960.00 3.514633e-12
24970.00 3.514785e-12
24980.00 3.514943e-12
24990.00 3.515099e-12
25000.00 3.515256e-12
