1000.00 5.404628e-16
1010.00 2.084704e-15
1020.00 5.620466e-15
1030.00 1.243026e-14
1040.00 2.416824e-14
1050.00 4.286561e-14
1060.00 7.091561e-14
1070.00 1.110356e-13
1080.00 1.662051e-13
1090.00 2.395802e-13
1100.00 3.343841e-13
1110.00 4.537757e-13
1120.00 6.007007e-13
1130.00 7.777281e-13
1140.00 9.868774e-13
1150.00 1.229443e-12
1160.00 1.505827e-12
1170.00 1.815379e-12
1180.00 2.156262e-12
1190.00 2.525348e-12
1200.00 2.918151e-12
1210.00 3.328805e-12
1220.00 3.750099e-12
1230.00 4.173571e-12
1240.00 4.589658e-12
1250.00 4.987926e-12
1260.00 5.358392e-12
1270.00 5.695502e-12
1280.00 5.996037e-12
1290.00 6.258196e-12
1300.00 6.481568e-12
1310.00 6.667034e-12
1320.00 6.816642e-12
1330.00 6.933466e-12
1340.00 7.021432e-12
1350.00 7.085173e-12
1360.00 7.129856e-12
1370.00 7.161062e-12
1380.00 7.184551e-12
1390.00 7.203927e-12
1400.00 7.220514e-12
1410.00 7.235506e-12
1420.00 7.250095e-12
1430.00 7.265469e-12
1440.00 7.282819e-12
1450.00 7.303357e-12
1460.00 7.328305e-12
1470.00 7.358918e-12
1480.00 7.396490e-12
1490.00 7.442364e-12
1500.00 7.497949e-12
1510.00 7.564451e-12
1520.00 7.642103e-12
1530.00 7.730869e-12
1540.00 7.830726e-12
1550.00 7.941650e-12
1560.00 8.063630e-12
1570.00 8.196645e-12
1580.00 8.340676e-12
1590.00 8.495702e-12
1600.00 8.661692e-12
1610.00 8.838616e-12
1620.00 9.026424e-12
1630.00 9.225057e-12
1640.00 9.434437e-12
1650.00 9.654468e-12
1660.00 9.885026e-12
1670.00 1.012598e-11
1680.00 1.037714e-11
1690.00 1.063831e-11
1700.00 1.090923e-11
1710.00 1.118964e-11
1720.00 1.147920e-11
1730.00 1.177754e-11
1740.00 1.208424e-11
1750.00 1.239882e-11
1760.00 1.272077e-11
1770.00 1.304971e-11
1780.00 1.338520e-11
1790.00 1.372677e-11
1800.00 1.407392e-11
1810.00 1.442606e-11
1820.00 1.478255e-11
1830.00 1.514271e-11
1840.00 1.550578e-11
1850.00 1.587095e-11
1860.00 1.623734e-11
1870.00 1.660401e-11
1880.00 1.696998e-11
1890.00 1.733416e-11
1900.00 1.769543e-11
1910.00 1.805262e-11
1920.00 1.840447e-11
1930.00 1.874969e-11
1940.00 1.908693e-11
1950.00 1.941478e-11
1960.00 1.973180e-11
1970.00 2.003650e-11
1980.00 2.032735e-11
1990.00 2.060283e-11
2000.00 2.086135e-11
2010.00 2.110157e-11
2020.00 2.132316e-11
2030.00 2.152606e-11
2040.00 2.171029e-11
2050.00 2.187591e-11
2060.00 2.202306e-11
2070.00 2.215190e-11
2080.00 2.226267e-11
2090.00 2.235562e-11
2100.00 2.243110e-11
2110.00 2.248945e-11
2120.00 2.253108e-11
2130.00 2.255642e-11
2140.00 2.256595e-11
2150.00 2.256016e-11
2160.00 2.253959e-11
2170.00 2.250480e-11
2180.00 2.245635e-11
2190.00 2.239485e-11
2200.00 2.232091e-11
2210.00 2.223516e-11
2220.00 2.213824e-11
2230.00 2.203079e-11
2240.00 2.191348e-11
2250.00 2.178698e-11
2260.00 2.165216e-11
2270.00 2.151078e-11
2280.00 2.136483e-11
2290.00 2.121628e-11
2300.00 2.106706e-11
2310.00 2.091913e-11
2320.00 2.077439e-11
2330.00 2.063477e-11
2340.00 2.050213e-11
2350.00 2.037836e-11
2360.00 2.026534e-11
2370.00 2.016491e-11
2380.00 2.007895e-11
2390.00 2.000934e-11
2400.00 1.995797e-11
2410.00 1.992675e-11
2420.00 1.991765e-11
2430.00 1.993266e-11
2440.00 1.997385e-11
2450.00 2.004338e-11
2460.00 2.014346e-11
2470.00 2.027646e-11
2480.00 2.044485e-11
2490.00 2.065125e-11
2500.00 2.089848e-11
2510.00 2.215677e-11
2520.00 2.562144e-11
2530.00 2.987376e-11
2540.00 3.111260e-11
2550.00 3.286570e-11
2560.00 3.309314e-11
2570.00 3.359322e-11
2580.00 3.173772e-11
2590.00 3.046576e-11
2600.00 3.046917e-11
2610.00 2.748411e-11
2620.00 2.873284e-11
2630.00 3.073644e-11
2640.00 3.596112e-11
2650.00 4.245145e-11
2660.00 4.836368e-11
2670.00 5.878040e-11
2680.00 7.430149e-11
2690.00 8.846715e-11
2700.00 9.860435e-11
2710.00 1.047028e-10
2720.00 1.145102e-10
2730.00 1.196478e-10
2740.00 1.153310e-10
2750.00 1.185102e-10
2760.00 1.201119e-10
2770.00 1.242693e-10
2780.00 1.241581e-10
2790.00 1.264700e-10
2800.00 1.248406e-10
2810.00 1.227545e-10
2820.00 1.272433e-10
2830.00 1.303075e-10
2840.00 1.336102e-10
2850.00 1.414281e-10
2860.00 1.448796e-10
2870.00 1.556469e-10
2880.00 1.669380e-10
2890.00 1.716184e-10
2900.00 1.805147e-10
2910.00 1.862595e-10
2920.00 1.900217e-10
2930.00 1.868960e-10
2940.00 1.851801e-10
2950.00 1.804491e-10
2960.00 1.738341e-10
2970.00 1.743697e-10
2980.00 1.695563e-10
2990.00 1.599834e-10
3000.00 1.631615e-10
3010.00 1.640837e-10
3020.00 1.543058e-10
3030.00 1.573524e-10
3040.00 1.657713e-10
3050.00 1.599185e-10
3060.00 1.625392e-10
3070.00 1.666394e-10
3080.00 1.679005e-10
3090.00 1.710090e-10
3100.00 1.746610e-10
3110.00 1.828911e-10
3120.00 1.907719e-10
3130.00 1.891268e-10
3140.00 1.993940e-10
3150.00 2.015665e-10
3160.00 2.026148e-10
3170.00 1.968371e-10
3180.00 1.967908e-10
3190.00 1.937133e-10
3200.00 1.915995e-10
3210.00 1.800630e-10
3220.00 1.710630e-10
3230.00 1.661224e-10
3240.00 1.617406e-10
3250.00 1.619081e-10
3260.00 1.631032e-10
3270.00 1.573160e-10
3280.00 1.633160e-10
3290.00 1.585847e-10
3300.00 1.566962e-10
3310.00 1.667739e-10
3320.00 1.712144e-10
3330.00 1.744849e-10
3340.00 1.845513e-10
3350.00 1.806659e-10
3360.00 1.880608e-10
3370.00 1.902616e-10
3380.00 1.908240e-10
3390.00 1.986698e-10
3400.00 2.039893e-10
3410.00 2.059982e-10
3420.00 2.015096e-10
3430.00 2.045664e-10
3440.00 2.124787e-10
3450.00 2.199029e-10
3460.00 2.215085e-10
3470.00 2.324413e-10
3480.00 2.353543e-10
3490.00 2.430747e-10
3500.00 2.529703e-10
3510.00 2.528049e-10
3520.00 2.638378e-10
3530.00 2.775149e-10
3540.00 2.852013e-10
3550.00 2.844985e-10
3560.00 2.694262e-10
3570.00 2.754365e-10
3580.00 2.929427e-10
3590.00 3.106796e-10
3600.00 3.017183e-10
3610.00 2.969833e-10
3620.00 2.952691e-10
3630.00 3.055416e-10
3640.00 3.176547e-10
3650.00 3.373367e-10
3660.00 3.572578e-10
3670.00 3.610162e-10
3680.00 3.604077e-10
3690.00 3.631768e-10
3700.00 3.452356e-10
3710.00 3.294854e-10
3720.00 3.156335e-10
3730.00 2.949405e-10
3740.00 2.709454e-10
3750.00 2.256757e-10
3760.00 1.927648e-10
3770.00 1.709273e-10
3780.00 1.655932e-10
3790.00 1.640069e-10
3800.00 1.739213e-10
3810.00 1.742021e-10
3820.00 1.879050e-10
3830.00 2.043872e-10
3840.00 2.255656e-10
3850.00 2.595275e-10
3860.00 2.845297e-10
3870.00 3.063190e-10
3880.00 3.211120e-10
3890.00 3.655391e-10
3900.00 4.071054e-10
3910.00 4.205656e-10
3920.00 4.378855e-10
3930.00 4.714220e-10
3940.00 4.827529e-10
3950.00 4.798591e-10
3960.00 4.810922e-10
3970.00 4.785616e-10
3980.00 4.710840e-10
3990.00 4.495555e-10
4000.00 4.382528e-10
4010.00 4.203280e-10
4020.00 4.038967e-10
4030.00 3.734268e-10
4040.00 3.737664e-10
4050.00 3.453507e-10
4060.00 3.213997e-10
4070.00 3.282681e-10
4080.00 3.113771e-10
4090.00 3.057917e-10
4100.00 3.052815e-10
4110.00 2.926480e-10
4120.00 2.823142e-10
4130.00 2.854871e-10
4140.00 2.964599e-10
4150.00 2.971501e-10
4160.00 3.045619e-10
4170.00 2.963690e-10
4180.00 2.965743e-10
4190.00 3.037282e-10
4200.00 3.095030e-10
4210.00 3.161873e-10
4220.00 3.265317e-10
4230.00 3.279959e-10
4240.00 3.232087e-10
4250.00 3.313494e-10
4260.00 3.524683e-10
4270.00 3.565270e-10
4280.00 3.595629e-10
4290.00 3.619974e-10
4300.00 3.549682e-10
4310.00 3.533288e-10
4320.00 3.380069e-10
4330.00 3.279624e-10
4340.00 3.151765e-10
4350.00 3.063802e-10
4360.00 2.880361e-10
4370.00 2.701897e-10
4380.00 2.484306e-10
4390.00 2.399554e-10
4400.00 2.289605e-10
4410.00 2.202481e-10
4420.00 2.209966e-10
4430.00 2.222774e-10
4440.00 2.318724e-10
4450.00 2.383389e-10
4460.00 2.466313e-10
4470.00 2.544074e-10
4480.00 2.791084e-10
4490.00 3.032483e-10
4500.00 3.345967e-10
4510.00 3.659357e-10
4520.00 4.103147e-10
4530.00 4.495206e-10
4540.00 4.782192e-10
4550.00 5.088585e-10
4560.00 5.386858e-10
4570.00 5.693243e-10
4580.00 5.933736e-10
4590.00 6.024317e-10
4600.00 6.137740e-10
4610.00 6.142766e-10
4620.00 5.934461e-10
4630.00 5.639056e-10
4640.00 5.358890e-10
4650.00 4.996730e-10
4660.00 4.694165e-10
4670.00 4.344376e-10
4680.00 4.030658e-10
4690.00 3.718867e-10
4700.00 3.376547e-10
4710.00 3.096765e-10
4720.00 2.911531e-10
4730.00 2.756543e-10
4740.00 2.830549e-10
4750.00 2.880932e-10
4760.00 2.943802e-10
4770.00 3.042239e-10
4780.00 3.090628e-10
4790.00 3.171977e-10
4800.00 3.198661e-10
4810.00 3.168766e-10
4820.00 3.218511e-10
4830.00 3.303136e-10
4840.00 3.437007e-10
4850.00 3.636008e-10
4860.00 3.698602e-10
4870.00 3.912307e-10
4880.00 4.148252e-10
4890.00 4.340272e-10
4900.00 4.516815e-10
4910.00 4.668567e-10
4920.00 4.767145e-10
4930.00 4.688478e-10
4940.00 4.662874e-10
4950.00 4.465335e-10
4960.00 4.273820e-10
4970.00 4.135679e-10
4980.00 3.894333e-10
4990.00 3.611151e-10
5000.00 3.420312e-10
5010.00 3.121094e-10
5020.00 2.970628e-10
5030.00 2.823214e-10
5040.00 2.751756e-10
5050.00 2.693015e-10
5060.00 2.695179e-10
5070.00 2.627687e-10
5080.00 2.608844e-10
5090.00 2.558734e-10
5100.00 2.546978e-10
5110.00 2.641527e-10
5120.00 2.649158e-10
5130.00 2.677012e-10
5140.00 2.700318e-10
5150.00 2.737507e-10
5160.00 2.849393e-10
5170.00 2.976640e-10
5180.00 3.177711e-10
5190.00 3.286810e-10
5200.00 3.437584e-10
5210.00 3.551088e-10
5220.00 3.727355e-10
5230.00 3.928884e-10
5240.00 4.121546e-10
5250.00 4.315174e-10
5260.00 4.311050e-10
5270.00 4.403819e-10
5280.00 4.555836e-10
5290.00 4.591734e-10
5300.00 4.552798e-10
5310.00 4.733939e-10
5320.00 4.748017e-10
5330.00 4.797397e-10
5340.00 4.861560e-10
5350.00 4.884686e-10
5360.00 4.900717e-10
5370.00 4.947059e-10
5380.00 5.065519e-10
5390.00 5.141029e-10
5400.00 5.421125e-10
5410.00 5.576707e-10
5420.00 5.741180e-10
5430.00 6.021790e-10
5440.00 6.293964e-10
5450.00 6.513537e-10
5460.00 6.643816e-10
5470.00 6.888941e-10
5480.00 6.924714e-10
5490.00 7.074827e-10
5500.00 7.082227e-10
5510.00 7.050375e-10
5520.00 7.013973e-10
5530.00 6.829559e-10
5540.00 6.652002e-10
5550.00 6.469660e-10
5560.00 6.312663e-10
5570.00 6.158524e-10
5580.00 5.784766e-10
5590.00 5.546875e-10
5600.00 5.238596e-10
5610.00 4.926995e-10
5620.00 4.673958e-10
5630.00 4.451891e-10
5640.00 4.122875e-10
5650.00 3.908233e-10
5660.00 3.757703e-10
5670.00 3.625527e-10
5680.00 3.590087e-10
5690.00 3.615994e-10
5700.00 3.719314e-10
5710.00 3.793304e-10
5720.00 3.881020e-10
5730.00 4.104318e-10
5740.00 4.190543e-10
5750.00 4.293944e-10
5760.00 4.437748e-10
5770.00 4.606360e-10
5780.00 4.752897e-10
5790.00 4.852174e-10
5800.00 4.925022e-10
5810.00 4.929546e-10
5820.00 5.034049e-10
5830.00 4.957555e-10
5840.00 4.917951e-10
5850.00 4.983654e-10
5860.00 5.061421e-10
5870.00 4.914288e-10
5880.00 4.714249e-10
5890.00 4.190392e-10
5900.00 4.403477e-10
5910.00 4.339981e-10
5920.00 4.191130e-10
5930.00 4.004419e-10
5940.00 3.827482e-10
5950.00 3.672917e-10
5960.00 3.602893e-10
5970.00 3.541997e-10
5980.00 3.443579e-10
5990.00 3.388807e-10
6000.00 3.307155e-10
6010.00 3.315074e-10
6020.00 3.289496e-10
6030.00 3.274371e-10
6040.00 3.282897e-10
6050.00 3.346477e-10
6060.00 3.373035e-10
6070.00 3.413955e-10
6080.00 3.430716e-10
6090.00 3.390183e-10
6100.00 3.431987e-10
6110.00 3.437453e-10
6120.00 3.393378e-10
6130.00 3.472796e-10
6140.00 3.583088e-10
6150.00 3.611380e-10
6160.00 3.661330e-10
6170.00 3.618770e-10
6180.00 3.573125e-10
6190.00 3.529781e-10
6200.00 3.525021e-10
6210.00 3.482182e-10
6220.00 3.537038e-10
6230.00 3.533459e-10
6240.00 3.502091e-10
6250.00 3.580546e-10
6260.00 3.625922e-10
6270.00 3.586469e-10
6280.00 3.544468e-10
6290.00 3.716323e-10
6300.00 3.767387e-10
6310.00 3.809353e-10
6320.00 4.020781e-10
6330.00 4.174324e-10
6340.00 4.395509e-10
6350.00 4.615181e-10
6360.00 4.816680e-10
6370.00 5.135722e-10
6380.00 5.235235e-10
6390.00 5.565126e-10
6400.00 5.789741e-10
6410.00 5.895325e-10
6420.00 6.057046e-10
6430.00 6.347582e-10
6440.00 6.439106e-10
6450.00 6.451003e-10
6460.00 6.665531e-10
6470.00 6.734093e-10
6480.00 6.720581e-10
6490.00 6.797014e-10
6500.00 6.996051e-10
6510.00 6.873359e-10
6520.00 6.731397e-10
6530.00 6.713073e-10
6540.00 6.677010e-10
6550.00 6.490062e-10
6560.00 6.266818e-10
6570.00 6.119619e-10
6580.00 5.987124e-10
6590.00 5.841122e-10
6600.00 5.528267e-10
6610.00 5.262668e-10
6620.00 5.018975e-10
6630.00 4.910631e-10
6640.00 4.653414e-10
6650.00 4.410787e-10
6660.00 4.266978e-10
6670.00 4.161681e-10
6680.00 4.089745e-10
6690.00 3.825556e-10
6700.00 3.726676e-10
6710.00 3.703168e-10
6720.00 3.674947e-10
6730.00 3.742790e-10
6740.00 3.658339e-10
6750.00 3.623058e-10
6760.00 3.496363e-10
6770.00 3.159469e-10
6780.00 3.385517e-10
6790.00 3.191427e-10
6800.00 3.072959e-10
6810.00 3.265438e-10
6820.00 3.207201e-10
6830.00 3.107136e-10
6840.00 3.126989e-10
6850.00 3.318972e-10
6860.00 3.159964e-10
6870.00 3.125317e-10
6880.00 3.153403e-10
6890.00 3.125821e-10
6900.00 3.126430e-10
6910.00 3.181147e-10
6920.00 3.224267e-10
6930.00 3.311081e-10
6940.00 3.293124e-10
6950.00 3.311811e-10
6960.00 3.271561e-10
6970.00 3.238636e-10
6980.00 3.299674e-10
6990.00 3.271710e-10
7000.00 3.194185e-10
7010.00 3.055426e-10
7020.00 3.066156e-10
7030.00 3.123390e-10
7040.00 3.109238e-10
7050.00 3.122564e-10
7060.00 3.242702e-10
7070.00 3.289786e-10
7080.00 3.363504e-10
7090.00 3.394678e-10
7100.00 3.451391e-10
7110.00 3.543561e-10
7120.00 3.712575e-10
7130.00 3.857697e-10
7140.00 4.010496e-10
7150.00 4.046432e-10
7160.00 4.077701e-10
7170.00 4.071219e-10
7180.00 4.180250e-10
7190.00 4.308334e-10
7200.00 4.346317e-10
7210.00 4.356296e-10
7220.00 4.341465e-10
7230.00 4.355742e-10
7240.00 4.439624e-10
7250.00 4.528773e-10
7260.00 4.586787e-10
7270.00 4.640983e-10
7280.00 4.661413e-10
7290.00 4.676036e-10
7300.00 4.708102e-10
7310.00 4.781320e-10
7320.00 4.846298e-10
7330.00 4.884198e-10
7340.00 4.924334e-10
7350.00 4.914825e-10
7360.00 4.875282e-10
7370.00 4.807174e-10
7380.00 4.690832e-10
7390.00 4.569942e-10
7400.00 4.391767e-10
7410.00 4.125552e-10
7420.00 4.029987e-10
7430.00 3.840614e-10
7440.00 3.532370e-10
7450.00 3.418884e-10
7460.00 3.313290e-10
7470.00 3.223825e-10
7480.00 3.224779e-10
7490.00 2.369592e-10
7500.00 2.201833e-10
7510.00 2.827614e-10
7520.00 2.520652e-10
7530.00 2.688714e-10
7540.00 2.894924e-10
7550.00 2.939844e-10
7560.00 3.061716e-10
7570.00 3.231449e-10
7580.00 3.268555e-10
7590.00 3.269047e-10
7600.00 3.264659e-10
7610.00 3.378192e-10
7620.00 3.222918e-10
7630.00 3.240886e-10
7640.00 3.310914e-10
7650.00 3.260986e-10
7660.00 3.307311e-10
7670.00 3.287124e-10
7680.00 3.301581e-10
7690.00 3.242972e-10
7700.00 3.121257e-10
7710.00 3.115711e-10
7720.00 3.071652e-10
7730.00 2.930586e-10
7740.00 2.850000e-10
7750.00 2.781915e-10
7760.00 2.652350e-10
7770.00 2.562338e-10
7780.00 2.519321e-10
7790.00 2.439333e-10
7800.00 2.268271e-10
7810.00 2.152672e-10
7820.00 2.136704e-10
7830.00 2.044585e-10
7840.00 1.981759e-10
7850.00 1.901312e-10
7860.00 1.800115e-10
7870.00 1.736828e-10
7880.00 1.703926e-10
7890.00 1.604284e-10
7900.00 1.564347e-10
7910.00 1.511514e-10
7920.00 1.485289e-10
7930.00 1.450758e-10
7940.00 1.423142e-10
7950.00 1.353083e-10
7960.00 1.358503e-10
7970.00 1.348762e-10
7980.00 1.274052e-10
7990.00 1.212492e-10
8000.00 1.260995e-10
8010.00 1.225170e-10
8020.00 1.168850e-10
8030.00 1.166585e-10
8040.00 1.074834e-10
8050.00 1.051651e-10
8060.00 1.175969e-10
8070.00 8.845499e-11
8080.00 7.667804e-11
8090.00 7.376757e-11
8100.00 6.803438e-11
8110.00 6.109969e-11
8120.00 5.874708e-11
8130.00 5.366356e-11
8140.00 4.945621e-11
8150.00 4.625407e-11
8160.00 4.078238e-11
8170.00 4.269881e-11
8180.00 4.232921e-11
8190.00 3.917692e-11
8200.00 3.856005e-11
8210.00 4.099491e-11
8220.00 3.945660e-11
8230.00 3.983059e-11
8240.00 4.015260e-11
8250.00 3.831228e-11
8260.00 3.913999e-11
8270.00 4.185035e-11
8280.00 4.812875e-11
8290.00 5.276283e-11
8300.00 5.269741e-11
8310.00 5.445240e-11
8320.00 5.917051e-11
8330.00 6.460950e-11
8340.00 7.733708e-11
8350.00 8.951805e-11
8360.00 9.955860e-11
8370.00 1.088075e-10
8380.00 1.205224e-10
8390.00 1.318366e-10
8400.00 1.505550e-10
8410.00 1.739522e-10
8420.00 1.840952e-10
8430.00 1.840981e-10
8440.00 1.835999e-10
8450.00 1.870118e-10
8460.00 1.907447e-10
8470.00 2.043011e-10
8480.00 2.227502e-10
8490.00 2.209311e-10
8500.00 2.155012e-10
8510.00 2.103887e-10
8520.00 2.063075e-10
8530.00 2.134227e-10
8540.00 2.409405e-10
8550.00 2.504415e-10
8560.00 2.428410e-10
8570.00 2.346272e-10
8580.00 2.354267e-10
8590.00 2.380878e-10
8600.00 2.700484e-10
8610.00 2.870638e-10
8620.00 2.730653e-10
8630.00 2.569655e-10
8640.00 2.707464e-10
8650.00 2.922129e-10
8660.00 2.956100e-10
8670.00 2.955235e-10
8680.00 2.921252e-10
8690.00 2.701895e-10
8700.00 2.650593e-10
8710.00 2.722779e-10
8720.00 2.933433e-10
8730.00 2.956271e-10
8740.00 2.748386e-10
8750.00 2.608641e-10
8760.00 2.562635e-10
8770.00 2.604364e-10
8780.00 2.641872e-10
8790.00 2.636897e-10
8800.00 2.690456e-10
8810.00 2.584963e-10
8820.00 2.467615e-10
8830.00 2.369770e-10
8840.00 2.338551e-10
8850.00 2.433202e-10
8860.00 2.280268e-10
8870.00 2.281529e-10
8880.00 2.296154e-10
8890.00 2.176613e-10
8900.00 2.112328e-10
8910.00 2.173487e-10
8920.00 2.184934e-10
8930.00 2.088181e-10
8940.00 2.062154e-10
8950.00 2.062055e-10
8960.00 2.094669e-10
8970.00 2.145176e-10
8980.00 2.143427e-10
8990.00 2.090761e-10
9000.00 1.996217e-10
9010.00 1.975716e-10
9020.00 1.928767e-10
9030.00 1.946752e-10
9040.00 1.951029e-10
9050.00 1.946570e-10
9060.00 1.999143e-10
9070.00 2.020498e-10
9080.00 2.068569e-10
9090.00 2.208512e-10
9100.00 2.075663e-10
9110.00 1.935856e-10
9120.00 1.909430e-10
9130.00 1.848208e-10
9140.00 1.921328e-10
9150.00 1.948954e-10
9160.00 1.955384e-10
9170.00 1.861271e-10
9180.00 1.601162e-10
9190.00 1.576066e-10
9200.00 1.620930e-10
9210.00 1.679740e-10
9220.00 1.656768e-10
9230.00 2.081940e-10
9240.00 2.162197e-10
9250.00 1.537358e-10
9260.00 1.549526e-10
9270.00 1.531939e-10
9280.00 1.536082e-10
9290.00 1.640065e-10
9300.00 1.726160e-10
9310.00 1.937528e-10
9320.00 1.821860e-10
9330.00 1.780079e-10
9340.00 1.749522e-10
9350.00 1.783557e-10
9360.00 1.644533e-10
9370.00 1.876251e-10
9380.00 2.288249e-10
9390.00 2.226678e-10
9400.00 2.126430e-10
9410.00 2.026692e-10
9420.00 1.847190e-10
9430.00 1.864104e-10
9440.00 1.989589e-10
9450.00 2.034497e-10
9460.00 1.991577e-10
9470.00 1.839727e-10
9480.00 1.743449e-10
9490.00 1.780131e-10
9500.00 1.723289e-10
9510.00 1.762328e-10
9520.00 1.595637e-10
9530.00 1.565287e-10
9540.00 1.738249e-10
9550.00 1.714671e-10
9560.00 1.684442e-10
9570.00 1.605317e-10
9580.00 1.610363e-10
9590.00 1.629938e-10
9600.00 1.521411e-10
9610.00 1.700087e-10
9620.00 1.679847e-10
9630.00 1.636940e-10
9640.00 1.819503e-10
9650.00 1.716800e-10
9660.00 1.658041e-10
9670.00 1.736862e-10
9680.00 1.868726e-10
9690.00 2.003457e-10
9700.00 1.957986e-10
9710.00 2.214752e-10
9720.00 2.385404e-10
9730.00 2.188158e-10
9740.00 2.091524e-10
9750.00 2.213155e-10
9760.00 2.323632e-10
9770.00 2.399358e-10
9780.00 2.364799e-10
9790.00 2.311791e-10
9800.00 2.675549e-10
9810.00 2.581142e-10
9820.00 2.392714e-10
9830.00 2.534245e-10
9840.00 2.684542e-10
9850.00 2.806589e-10
9860.00 2.574641e-10
9870.00 2.480268e-10
9880.00 2.774562e-10
9890.00 2.655611e-10
9900.00 2.516565e-10
9910.00 2.517227e-10
9920.00 2.459945e-10
9930.00 2.503644e-10
9940.00 2.659619e-10
9950.00 2.760143e-10
9960.00 2.513667e-10
9970.00 2.290653e-10
9980.00 2.211291e-10
9990.00 2.441475e-10
10000.00 2.396610e-10
10010.00 2.382324e-10
10020.00 2.368004e-10
10030.00 2.353655e-10
10040.00 2.339275e-10
10050.00 2.324863e-10
10060.00 2.310422e-10
10070.00 2.295950e-10
10080.00 2.281445e-10
10090.00 2.266914e-10
10100.00 2.252349e-10
10110.00 2.237753e-10
10120.00 2.223132e-10
10130.00 2.208478e-10
10140.00 2.193792e-10
10150.00 2.179080e-10
10160.00 2.164336e-10
10170.00 2.149565e-10
10180.00 2.134763e-10
10190.00 2.119932e-10
10200.00 2.105072e-10
10210.00 2.090185e-10
10220.00 2.075267e-10
10230.00 2.060321e-10
10240.00 2.045345e-10
10250.00 2.030344e-10
10260.00 2.015312e-10
10270.00 2.000251e-10
10280.00 1.985165e-10
10290.00 1.970051e-10
10300.00 1.954908e-10
10310.00 1.939738e-10
10320.00 1.924541e-10
10330.00 1.909316e-10
10340.00 1.894063e-10
10350.00 1.878784e-10
10360.00 1.863478e-10
10370.00 1.848148e-10
10380.00 1.832788e-10
10390.00 1.817403e-10
10400.00 1.801991e-10
10410.00 1.786553e-10
10420.00 1.771091e-10
10430.00 1.755600e-10
10440.00 1.740085e-10
10450.00 1.724544e-10
10460.00 1.708980e-10
10470.00 1.693388e-10
10480.00 1.677773e-10
10490.00 1.662133e-10
10500.00 1.646468e-10
10510.00 1.630780e-10
10520.00 1.615066e-10
10530.00 1.599331e-10
10540.00 1.583569e-10
10550.00 1.567786e-10
10560.00 1.551979e-10
10570.00 1.536149e-10
10580.00 1.520296e-10
10590.00 1.504420e-10
10600.00 1.488524e-10
10610.00 1.472602e-10
10620.00 1.456660e-10
10630.00 1.440695e-10
10640.00 1.424709e-10
10650.00 1.408702e-10
10660.00 1.392673e-10
10670.00 1.376622e-10
10680.00 1.360551e-10
10690.00 1.344458e-10
10700.00 1.328346e-10
10710.00 1.312212e-10
10720.00 1.296057e-10
10730.00 1.279883e-10
10740.00 1.263689e-10
10750.00 1.247475e-10
10760.00 1.231242e-10
10770.00 1.214988e-10
10780.00 1.198716e-10
10790.00 1.182423e-10
10800.00 1.166112e-10
10810.00 1.149781e-10
10820.00 1.133434e-10
10830.00 1.117067e-10
10840.00 1.100681e-10
10850.00 1.084277e-10
10860.00 1.067855e-10
10870.00 1.051415e-10
10880.00 1.034956e-10
10890.00 1.018480e-10
10900.00 1.001987e-10
10910.00 9.854766e-11
10920.00 9.689491e-11
10930.00 9.524035e-11
10940.00 9.358414e-11
10950.00 9.192627e-11
10960.00 9.026659e-11
10970.00 8.860546e-11
10980.00 8.694251e-11
10990.00 8.527804e-11
11000.00 8.361191e-11
11010.00 8.194415e-11
11020.00 8.027484e-11
11030.00 7.860392e-11
11040.00 7.693136e-11
11050.00 7.525737e-11
11060.00 7.358178e-11
11070.00 7.190468e-11
11080.00 7.022601e-11
11090.00 6.854586e-11
11100.00 6.686427e-11
11110.00 6.518107e-11
11120.00 6.349648e-11
11130.00 6.181044e-11
11140.00 6.012286e-11
11150.00 5.843390e-11
11160.00 5.674349e-11
11170.00 5.505169e-11
11180.00 5.335840e-11
11190.00 5.166378e-11
11200.00 4.996774e-11
11210.00 4.827029e-11
11220.00 4.657153e-11
11230.00 4.487138e-11
11240.00 4.316985e-11
11250.00 4.146703e-11
11260.00 3.976283e-11
11270.00 3.805733e-11
11280.00 3.635046e-11
11290.00 3.464231e-11
11300.00 3.293288e-11
11310.00 3.294477e-11
11320.00 3.295663e-11
11330.00 3.296844e-11
11340.00 3.298021e-11
11350.00 3.299192e-11
11360.00 3.300361e-11
11370.00 3.301525e-11
11380.00 3.302683e-11
11390.00 3.303839e-11
11400.00 3.304988e-11
11410.00 3.306137e-11
11420.00 3.307280e-11
11430.00 3.308422e-11
11440.00 3.309557e-11
11450.00 3.310689e-11
11460.00 3.311818e-11
11470.00 3.312944e-11
11480.00 3.314067e-11
11490.00 3.315184e-11
11500.00 3.316301e-11
11510.00 3.317415e-11
11520.00 3.318525e-11
11530.00 3.319631e-11
11540.00 3.320735e-11
11550.00 3.321835e-11
11560.00 3.322934e-11
11570.00 3.324030e-11
11580.00 3.325122e-11
11590.00 3.326214e-11
11600.00 3.327303e-11
11610.00 3.328387e-11
11620.00 3.329472e-11
11630.00 3.330552e-11
11640.00 3.331631e-11
11650.00 3.332710e-11
11660.00 3.333783e-11
11670.00 3.334857e-11
11680.00 3.335928e-11
11690.00 3.336997e-11
11700.00 3.338066e-11
11710.00 3.339133e-11
11720.00 3.340199e-11
11730.00 3.341261e-11
11740.00 3.342322e-11
11750.00 3.343385e-11
11760.00 3.344444e-11
11770.00 3.345504e-11
11780.00 3.346561e-11
11790.00 3.347617e-11
11800.00 3.348674e-11
11810.00 3.349728e-11
11820.00 3.350783e-11
11830.00 3.351837e-11
11840.00 3.352890e-11
11850.00 3.353942e-11
11860.00 3.354994e-11
11870.00 3.356046e-11
11880.00 3.357098e-11
11890.00 3.358152e-11
11900.00 3.359203e-11
11910.00 3.360252e-11
11920.00 3.361304e-11
11930.00 3.362354e-11
11940.00 3.363408e-11
11950.00 3.364459e-11
11960.00 3.365511e-11
11970.00 3.366565e-11
11980.00 3.367618e-11
11990.00 3.368672e-11
12000.00 3.369727e-11
12010.00 3.370782e-11
12020.00 3.371840e-11
12030.00 3.372896e-11
12040.00 3.373954e-11
12050.00 3.375015e-11
12060.00 3.376077e-11
12070.00 3.377138e-11
12080.00 3.378203e-11
12090.00 3.379267e-11
12100.00 3.380331e-11
12110.00 3.381401e-11
12120.00 3.382469e-11
12130.00 3.383541e-11
12140.00 3.384614e-11
12150.00 3.385688e-11
12160.00 3.386766e-11
12170.00 3.387845e-11
12180.00 3.388926e-11
12190.00 3.390010e-11
12200.00 3.391096e-11
12210.00 3.392186e-11
12220.00 3.393276e-11
12230.00 3.394369e-11
12240.00 3.395464e-11
12250.00 3.396564e-11
12260.00 3.397664e-11
12270.00 3.398767e-11
12280.00 3.399876e-11
12290.00 3.400986e-11
12300.00 3.402098e-11
12310.00 3.403216e-11
12320.00 3.404336e-11
12330.00 3.405460e-11
12340.00 3.406585e-11
12350.00 3.407713e-11
12360.00 3.408850e-11
12370.00 3.409987e-11
12380.00 3.411127e-11
12390.00 3.412272e-11
12400.00 3.413421e-11
12410.00 3.414576e-11
12420.00 3.415733e-11
12430.00 3.416893e-11
12440.00 3.418058e-11
12450.00 3.419228e-11
12460.00 3.420403e-11
12470.00 3.421581e-11
12480.00 3.422763e-11
12490.00 3.423954e-11
12500.00 3.425146e-11
12510.00 3.426564e-11
12520.00 3.427987e-11
12530.00 3.429414e-11
12540.00 3.430844e-11
12550.00 3.432281e-11
12560.00 3.433722e-11
12570.00 3.435170e-11
12580.00 3.436620e-11
12590.00 3.438077e-11
12600.00 3.439541e-11
12610.00 3.441008e-11
12620.00 3.442480e-11
12630.00 3.443960e-11
12640.00 3.445444e-11
12650.00 3.446934e-11
12660.00 3.448429e-11
12670.00 3.449932e-11
12680.00 3.451439e-11
12690.00 3.452953e-11
12700.00 3.454473e-11
12710.00 3.456000e-11
12720.00 3.457531e-11
12730.00 3.459070e-11
12740.00 3.460617e-11
12750.00 3.462167e-11
12760.00 3.463728e-11
12770.00 3.465296e-11
12780.00 3.466868e-11
12790.00 3.468448e-11
12800.00 3.470035e-11
12810.00 3.471627e-11
12820.00 3.473227e-11
12830.00 3.474838e-11
12840.00 3.476455e-11
12850.00 3.478076e-11
12860.00 3.479708e-11
12870.00 3.481345e-11
12880.00 3.482993e-11
12890.00 3.484644e-11
12900.00 3.486306e-11
12910.00 3.487974e-11
12920.00 3.489649e-11
12930.00 3.491334e-11
12940.00 3.493024e-11
12950.00 3.494721e-11
12960.00 3.496426e-11
12970.00 3.498137e-11
12980.00 3.499858e-11
12990.00 3.501582e-11
13000.00 3.503314e-11
13010.00 3.505054e-11
13020.00 3.506803e-11
13030.00 3.508557e-11
13040.00 3.510317e-11
13050.00 3.512086e-11
13060.00 3.513860e-11
13070.00 3.515642e-11
13080.00 3.517430e-11
13090.00 3.519227e-11
13100.00 3.521027e-11
13110.00 3.522840e-11
13120.00 3.524653e-11
13130.00 3.526477e-11
13140.00 3.528305e-11
13150.00 3.530140e-11
13160.00 3.531983e-11
13170.00 3.533833e-11
13180.00 3.535688e-11
13190.00 3.537550e-11
13200.00 3.539419e-11
13210.00 3.541294e-11
13220.00 3.543173e-11
13230.00 3.545062e-11
13240.00 3.546958e-11
13250.00 3.548854e-11
13260.00 3.550764e-11
13270.00 3.552674e-11
13280.00 3.554595e-11
13290.00 3.556520e-11
13300.00 3.558450e-11
13310.00 3.560386e-11
13320.00 3.562330e-11
13330.00 3.564279e-11
13340.00 3.566236e-11
13350.00 3.568196e-11
13360.00 3.570165e-11
13370.00 3.572138e-11
13380.00 3.574116e-11
13390.00 3.576100e-11
13400.00 3.578091e-11
13410.00 3.580088e-11
13420.00 3.582090e-11
13430.00 3.584097e-11
13440.00 3.586113e-11
13450.00 3.588128e-11
13460.00 3.590155e-11
13470.00 3.592184e-11
13480.00 3.594219e-11
13490.00 3.596261e-11
13500.00 3.598309e-11
13510.00 3.600360e-11
13520.00 3.602419e-11
13530.00 3.604477e-11
13540.00 3.606549e-11
13550.00 3.608619e-11
13560.00 3.610699e-11
13570.00 3.612783e-11
13580.00 3.614870e-11
13590.00 3.616964e-11
13600.00 3.619064e-11
13610.00 3.621167e-11
13620.00 3.623275e-11
13630.00 3.625389e-11
13640.00 3.627508e-11
13650.00 3.629633e-11
13660.00 3.631759e-11
13670.00 3.633894e-11
13680.00 3.636031e-11
13690.00 3.638173e-11
13700.00 3.640321e-11
13710.00 3.636507e-11
13720.00 3.632687e-11
13730.00 3.628868e-11
13740.00 3.625047e-11
13750.00 3.621221e-11
13760.00 3.617394e-11
13770.00 3.613562e-11
13780.00 3.609727e-11
13790.00 3.605893e-11
13800.00 3.602051e-11
13810.00 3.598209e-11
13820.00 3.594364e-11
13830.00 3.590517e-11
13840.00 3.586662e-11
13850.00 3.582808e-11
13860.00 3.578948e-11
13870.00 3.575089e-11
13880.00 3.571223e-11
13890.00 3.567353e-11
13900.00 3.563482e-11
13910.00 3.559605e-11
13920.00 3.555725e-11
13930.00 3.551841e-11
13940.00 3.547954e-11
13950.00 3.544064e-11
13960.00 3.540166e-11
13970.00 3.536269e-11
13980.00 3.532366e-11
13990.00 3.528459e-11
14000.00 3.524547e-11
14010.00 3.520630e-11
14020.00 3.516712e-11
14030.00 3.512789e-11
14040.00 3.508857e-11
14050.00 3.504927e-11
14060.00 3.500987e-11
14070.00 3.497048e-11
14080.00 3.493100e-11
14090.00 3.489149e-11
14100.00 3.485193e-11
14110.00 3.481233e-11
14120.00 3.477266e-11
14130.00 3.473298e-11
14140.00 3.469322e-11
14150.00 3.465341e-11
14160.00 3.461356e-11
14170.00 3.457365e-11
14180.00 3.453371e-11
14190.00 3.449370e-11
14200.00 3.445364e-11
14210.00 3.441353e-11
14220.00 3.437334e-11
14230.00 3.433313e-11
14240.00 3.429287e-11
14250.00 3.425253e-11
14260.00 3.421213e-11
14270.00 3.417171e-11
14280.00 3.413120e-11
14290.00 3.409062e-11
14300.00 3.405001e-11
14310.00 3.400935e-11
14320.00 3.396863e-11
14330.00 3.392782e-11
14340.00 3.388698e-11
14350.00 3.384607e-11
14360.00 3.380510e-11
14370.00 3.376407e-11
14380.00 3.372296e-11
14390.00 3.368180e-11
14400.00 3.364059e-11
14410.00 3.359931e-11
14420.00 3.355795e-11
14430.00 3.351654e-11
14440.00 3.347506e-11
14450.00 3.343352e-11
14460.00 3.339191e-11
14470.00 3.335022e-11
14480.00 3.330850e-11
14490.00 3.326668e-11
14500.00 3.322478e-11
14510.00 3.318285e-11
14520.00 3.314085e-11
14530.00 3.309874e-11
14540.00 3.305660e-11
14550.00 3.301438e-11
14560.00 3.297210e-11
14570.00 3.292971e-11
14580.00 3.288729e-11
14590.00 3.284477e-11
14600.00 3.280218e-11
14610.00 3.275954e-11
14620.00 3.271679e-11
14630.00 3.267400e-11
14640.00 3.263113e-11
14650.00 3.258818e-11
14660.00 3.254514e-11
14670.00 3.250205e-11
14680.00 3.245888e-11
14690.00 3.241560e-11
14700.00 3.237228e-11
14710.00 3.232887e-11
14720.00 3.228537e-11
14730.00 3.224180e-11
14740.00 3.219817e-11
14750.00 3.215447e-11
14760.00 3.211065e-11
14770.00 3.206675e-11
14780.00 3.202279e-11
14790.00 3.197875e-11
14800.00 3.193461e-11
14810.00 3.189044e-11
14820.00 3.184613e-11
14830.00 3.180175e-11
14840.00 3.175729e-11
14850.00 3.171275e-11
14860.00 3.166813e-11
14870.00 3.162343e-11
14880.00 3.157863e-11
14890.00 3.153377e-11
14900.00 3.148883e-11
14910.00 3.144376e-11
14920.00 3.139863e-11
14930.00 3.135342e-11
14940.00 3.130813e-11
14950.00 3.126274e-11
14960.00 3.121728e-11
14970.00 3.117173e-11
14980.00 3.112609e-11
14990.00 3.108037e-11
15000.00 3.103456e-11
15010.00 3.105335e-11
15020.00 3.107210e-11
15030.00 3.109087e-11
15040.00 3.110962e-11
15050.00 3.112837e-11
15060.00 3.114709e-11
15070.00 3.116581e-11
15080.00 3.118454e-11
15090.00 3.120325e-11
15100.00 3.122193e-11
15110.00 3.124063e-11
15120.00 3.125929e-11
15130.00 3.127797e-11
15140.00 3.129662e-11
15150.00 3.131526e-11
15160.00 3.133388e-11
15170.00 3.135251e-11
15180.00 3.137112e-11
15190.00 3.138970e-11
15200.00 3.140827e-11
15210.00 3.142684e-11
15220.00 3.144539e-11
15230.00 3.146393e-11
15240.00 3.148246e-11
15250.00 3.150097e-11
15260.00 3.151947e-11
15270.00 3.153794e-11
15280.00 3.155641e-11
15290.00 3.157485e-11
15300.00 3.159327e-11
15310.00 3.161169e-11
15320.00 3.163009e-11
15330.00 3.164846e-11
15340.00 3.166683e-11
15350.00 3.168517e-11
15360.00 3.170351e-11
15370.00 3.172180e-11
15380.00 3.174011e-11
15390.00 3.175839e-11
15400.00 3.177665e-11
15410.00 3.179488e-11
15420.00 3.181309e-11
15430.00 3.183128e-11
15440.00 3.184947e-11
15450.00 3.186760e-11
15460.00 3.188574e-11
15470.00 3.190385e-11
15480.00 3.192195e-11
15490.00 3.194001e-11
15500.00 3.195808e-11
15510.00 3.197611e-11
15520.00 3.199410e-11
15530.00 3.201208e-11
15540.00 3.203004e-11
15550.00 3.204797e-11
15560.00 3.206588e-11
15570.00 3.208375e-11
15580.00 3.210164e-11
15590.00 3.211947e-11
15600.00 3.213728e-11
15610.00 3.215507e-11
15620.00 3.217282e-11
15630.00 3.219055e-11
15640.00 3.220827e-11
15650.00 3.222594e-11
15660.00 3.224361e-11
15670.00 3.226122e-11
15680.00 3.227884e-11
15690.00 3.229641e-11
15700.00 3.231395e-11
15710.00 3.233145e-11
15720.00 3.234894e-11
15730.00 3.236640e-11
15740.00 3.238382e-11
15750.00 3.240123e-11
15760.00 3.241860e-11
15770.00 3.243592e-11
15780.00 3.245323e-11
15790.00 3.247050e-11
15800.00 3.248776e-11
15810.00 3.250496e-11
15820.00 3.252214e-11
15830.00 3.253929e-11
15840.00 3.255643e-11
15850.00 3.257350e-11
15860.00 3.259054e-11
15870.00 3.260757e-11
15880.00 3.262453e-11
15890.00 3.264148e-11
15900.00 3.265839e-11
15910.00 3.267528e-11
15920.00 3.269212e-11
15930.00 3.270892e-11
15940.00 3.272569e-11
15950.00 3.274244e-11
15960.00 3.275912e-11
15970.00 3.277578e-11
15980.00 3.279239e-11
15990.00 3.280898e-11
16000.00 3.282552e-11
16010.00 3.284204e-11
16020.00 3.285851e-11
16030.00 3.287493e-11
16040.00 3.289133e-11
16050.00 3.290768e-11
16060.00 3.292400e-11
16070.00 3.294028e-11
16080.00 3.295650e-11
16090.00 3.297269e-11
16100.00 3.298884e-11
16110.00 3.300494e-11
16120.00 3.302102e-11
16130.00 3.303702e-11
16140.00 3.305303e-11
16150.00 3.306894e-11
16160.00 3.308483e-11
16170.00 3.310069e-11
16180.00 3.311651e-11
16190.00 3.313227e-11
16200.00 3.314798e-11
16210.00 3.316365e-11
16220.00 3.317928e-11
16230.00 3.319486e-11
16240.00 3.321039e-11
16250.00 3.322588e-11
16260.00 3.322950e-11
16270.00 3.323307e-11
16280.00 3.323658e-11
16290.00 3.324010e-11
16300.00 3.324355e-11
16310.00 3.324698e-11
16320.00 3.325036e-11
16330.00 3.325372e-11
16340.00 3.325702e-11
16350.00 3.326030e-11
16360.00 3.326354e-11
16370.00 3.326675e-11
16380.00 3.326993e-11
16390.00 3.327304e-11
16400.00 3.327610e-11
16410.00 3.327917e-11
16420.00 3.328217e-11
16430.00 3.328515e-11
16440.00 3.328807e-11
16450.00 3.329093e-11
16460.00 3.329377e-11
16470.00 3.329659e-11
16480.00 3.329935e-11
16490.00 3.330208e-11
16500.00 3.330474e-11
16510.00 3.330738e-11
16520.00 3.330998e-11
16530.00 3.331251e-11
16540.00 3.331501e-11
16550.00 3.331747e-11
16560.00 3.331989e-11
16570.00 3.332225e-11
16580.00 3.332457e-11
16590.00 3.332687e-11
16600.00 3.332910e-11
16610.00 3.333129e-11
16620.00 3.333343e-11
16630.00 3.333551e-11
16640.00 3.333756e-11
16650.00 3.333957e-11
16660.00 3.334152e-11
16670.00 3.334342e-11
16680.00 3.334528e-11
16690.00 3.334709e-11
16700.00 3.334884e-11
16710.00 3.335056e-11
16720.00 3.335222e-11
16730.00 3.335382e-11
16740.00 3.335539e-11
16750.00 3.335691e-11
16760.00 3.335836e-11
16770.00 3.335979e-11
16780.00 3.336114e-11
16790.00 3.336244e-11
16800.00 3.336369e-11
16810.00 3.336490e-11
16820.00 3.336605e-11
16830.00 3.336714e-11
16840.00 3.336817e-11
16850.00 3.336917e-11
16860.00 3.337012e-11
16870.00 3.337101e-11
16880.00 3.337184e-11
16890.00 3.337264e-11
16900.00 3.337338e-11
16910.00 3.337406e-11
16920.00 3.337469e-11
16930.00 3.337528e-11
16940.00 3.337583e-11
16950.00 3.337629e-11
16960.00 3.337673e-11
16970.00 3.337715e-11
16980.00 3.337749e-11
16990.00 3.337777e-11
17000.00 3.337804e-11
17010.00 3.337823e-11
17020.00 3.337837e-11
17030.00 3.337847e-11
17040.00 3.337853e-11
17050.00 3.337855e-11
17060.00 3.337850e-11
17070.00 3.337840e-11
17080.00 3.337829e-11
17090.00 3.337810e-11
17100.00 3.337787e-11
17110.00 3.337761e-11
17120.00 3.337728e-11
17130.00 3.337692e-11
17140.00 3.337651e-11
17150.00 3.337605e-11
17160.00 3.337556e-11
17170.00 3.337502e-11
17180.00 3.337443e-11
17190.00 3.337380e-11
17200.00 3.337313e-11
17210.00 3.337241e-11
17220.00 3.337165e-11
17230.00 3.337083e-11
17240.00 3.337001e-11
17250.00 3.336910e-11
17260.00 3.336817e-11
17270.00 3.336719e-11
17280.00 3.336616e-11
17290.00 3.336510e-11
17300.00 3.336402e-11
17310.00 3.336285e-11
17320.00 3.336167e-11
17330.00 3.336046e-11
17340.00 3.335918e-11
17350.00 3.335789e-11
17360.00 3.335653e-11
17370.00 3.335515e-11
17380.00 3.335372e-11
17390.00 3.335225e-11
17400.00 3.335075e-11
17410.00 3.334919e-11
17420.00 3.334761e-11
17430.00 3.334601e-11
17440.00 3.334432e-11
17450.00 3.334262e-11
17460.00 3.334089e-11
17470.00 3.333913e-11
17480.00 3.333731e-11
17490.00 3.333545e-11
17500.00 3.333355e-11
17510.00 3.333164e-11
17520.00 3.332967e-11
17530.00 3.332765e-11
17540.00 3.332563e-11
17550.00 3.332355e-11
17560.00 3.332146e-11
17570.00 3.331932e-11
17580.00 3.331715e-11
17590.00 3.331492e-11
17600.00 3.331269e-11
17610.00 3.331040e-11
17620.00 3.330807e-11
17630.00 3.330572e-11
17640.00 3.330335e-11
17650.00 3.330092e-11
17660.00 3.329847e-11
17670.00 3.329598e-11
17680.00 3.329346e-11
17690.00 3.329090e-11
17700.00 3.328831e-11
17710.00 3.328569e-11
17720.00 3.328305e-11
17730.00 3.328037e-11
17740.00 3.327766e-11
17750.00 3.327490e-11
17760.00 3.327214e-11
17770.00 3.326935e-11
17780.00 3.326649e-11
17790.00 3.326361e-11
17800.00 3.326072e-11
17810.00 3.325778e-11
17820.00 3.325483e-11
17830.00 3.325181e-11
17840.00 3.324881e-11
17850.00 3.324578e-11
17860.00 3.324268e-11
17870.00 3.323959e-11
17880.00 3.323645e-11
17890.00 3.323329e-11
17900.00 3.323011e-11
17910.00 3.322688e-11
17920.00 3.322361e-11
17930.00 3.322037e-11
17940.00 3.321705e-11
17950.00 3.321374e-11
17960.00 3.321036e-11
17970.00 3.320698e-11
17980.00 3.320357e-11
17990.00 3.320012e-11
18000.00 3.319668e-11
18010.00 3.308345e-11
18020.00 3.297018e-11
18030.00 3.285696e-11
18040.00 3.274369e-11
18050.00 3.263045e-11
18060.00 3.251719e-11
18070.00 3.240393e-11
18080.00 3.229071e-11
18090.00 3.217744e-11
18100.00 3.206421e-11
18110.00 3.195098e-11
18120.00 3.183772e-11
18130.00 3.172448e-11
18140.00 3.161125e-11
18150.00 3.149803e-11
18160.00 3.138480e-11
18170.00 3.127156e-11
18180.00 3.115836e-11
18190.00 3.104513e-11
18200.00 3.093192e-11
18210.00 3.081873e-11
18220.00 3.070554e-11
18230.00 3.059233e-11
18240.00 3.047916e-11
18250.00 3.036598e-11
18260.00 3.025284e-11
18270.00 3.013968e-11
18280.00 3.002653e-11
18290.00 2.991340e-11
18300.00 2.980028e-11
18310.00 2.968715e-11
18320.00 2.957405e-11
18330.00 2.946095e-11
18340.00 2.934787e-11
18350.00 2.923479e-11
18360.00 2.912173e-11
18370.00 2.900870e-11
18380.00 2.889566e-11
18390.00 2.878264e-11
18400.00 2.866964e-11
18410.00 2.855664e-11
18420.00 2.844367e-11
18430.00 2.833070e-11
18440.00 2.821776e-11
18450.00 2.810482e-11
18460.00 2.799191e-11
18470.00 2.787901e-11
18480.00 2.776613e-11
18490.00 2.765325e-11
18500.00 2.754041e-11
18510.00 2.742758e-11
18520.00 2.731475e-11
18530.00 2.720197e-11
18540.00 2.708918e-11
18550.00 2.697642e-11
18560.00 2.686370e-11
18570.00 2.675097e-11
18580.00 2.663828e-11
18590.00 2.652558e-11
18600.00 2.641292e-11
18610.00 2.630028e-11
18620.00 2.618766e-11
18630.00 2.607508e-11
18640.00 2.596249e-11
18650.00 2.584995e-11
18660.00 2.573741e-11
18670.00 2.562489e-11
18680.00 2.551241e-11
18690.00 2.539995e-11
18700.00 2.528750e-11
18710.00 2.517507e-11
18720.00 2.506269e-11
18730.00 2.495032e-11
18740.00 2.483798e-11
18750.00 2.472565e-11
18760.00 2.461336e-11
18770.00 2.450108e-11
18780.00 2.438885e-11
18790.00 2.427662e-11
18800.00 2.416441e-11
18810.00 2.405225e-11
18820.00 2.394012e-11
18830.00 2.382798e-11
18840.00 2.371591e-11
18850.00 2.360383e-11
18860.00 2.349181e-11
18870.00 2.337982e-11
18880.00 2.326781e-11
18890.00 2.315588e-11
18900.00 2.304395e-11
18910.00 2.293205e-11
18920.00 2.282018e-11
18930.00 2.270834e-11
18940.00 2.259652e-11
18950.00 2.248476e-11
18960.00 2.237300e-11
18970.00 2.226130e-11
18980.00 2.214958e-11
18990.00 2.203791e-11
19000.00 2.192629e-11
19010.00 2.181469e-11
19020.00 2.170312e-11
19030.00 2.159157e-11
19040.00 2.148005e-11
19050.00 2.136858e-11
19060.00 2.125712e-11
19070.00 2.114570e-11
19080.00 2.103431e-11
19090.00 2.092297e-11
19100.00 2.081165e-11
19110.00 2.070036e-11
19120.00 2.058911e-11
19130.00 2.047789e-11
19140.00 2.036667e-11
19150.00 2.025551e-11
19160.00 2.014439e-11
19170.00 2.003330e-11
19180.00 1.992223e-11
19190.00 1.981120e-11
19200.00 1.970020e-11
19210.00 1.958925e-11
19220.00 1.947830e-11
19230.00 1.936740e-11
19240.00 1.925654e-11
19250.00 1.914571e-11
19260.00 1.903491e-11
19270.00 1.892415e-11
19280.00 1.881343e-11
19290.00 1.870273e-11
19300.00 1.859207e-11
19310.00 1.848144e-11
19320.00 1.837085e-11
19330.00 1.826029e-11
19340.00 1.814978e-11
19350.00 1.803928e-11
19360.00 1.792883e-11
19370.00 1.781841e-11
19380.00 1.770803e-11
19390.00 1.759766e-11
19400.00 1.748737e-11
19410.00 1.737708e-11
19420.00 1.726684e-11
19430.00 1.715664e-11
19440.00 1.704646e-11
19450.00 1.693633e-11
19460.00 1.682621e-11
19470.00 1.671617e-11
19480.00 1.660611e-11
19490.00 1.649613e-11
19500.00 1.638617e-11
19510.00 1.627624e-11
19520.00 1.616634e-11
19530.00 1.605650e-11
19540.00 1.594668e-11
19550.00 1.583689e-11
19560.00 1.572715e-11
19570.00 1.561744e-11
19580.00 1.550775e-11
19590.00 1.539812e-11
19600.00 1.528852e-11
19610.00 1.517896e-11
19620.00 1.506940e-11
19630.00 1.495992e-11
19640.00 1.485045e-11
19650.00 1.474104e-11
19660.00 1.463165e-11
19670.00 1.452229e-11
19680.00 1.441297e-11
19690.00 1.430368e-11
19700.00 1.419443e-11
19710.00 1.408521e-11
19720.00 1.397603e-11
19730.00 1.386688e-11
19740.00 1.375778e-11
19750.00 1.364870e-11
19760.00 1.353966e-11
19770.00 1.343065e-11
19780.00 1.332168e-11
19790.00 1.321275e-11
19800.00 1.310384e-11
19810.00 1.299497e-11
19820.00 1.288613e-11
19830.00 1.277733e-11
19840.00 1.266856e-11
19850.00 1.255983e-11
19860.00 1.245112e-11
19870.00 1.234246e-11
19880.00 1.223382e-11
19890.00 1.212523e-11
19900.00 1.201666e-11
19910.00 1.190814e-11
19920.00 1.179963e-11
19930.00 1.169118e-11
19940.00 1.158272e-11
19950.00 1.147433e-11
19960.00 1.136596e-11
19970.00 1.125764e-11
19980.00 1.114932e-11
19990.00 1.104104e-11
20000.00 1.093282e-11
20010.00 1.082462e-11
20020.00 1.071644e-11
20030.00 1.060831e-11
20040.00 1.050020e-11
20050.00 1.039212e-11
20060.00 1.028407e-11
20070.00 1.017606e-11
20080.00 1.006809e-11
20090.00 9.960137e-12
20100.00 9.852215e-12
20110.00 9.850927e-12
20120.00 9.849646e-12
20130.00 9.848365e-12
20140.00 9.847077e-12
20150.00 9.845799e-12
20160.00 9.844528e-12
20170.00 9.843258e-12
20180.00 9.842005e-12
20190.00 9.840741e-12
20200.00 9.839483e-12
20210.00 9.838222e-12
20220.00 9.836990e-12
20230.00 9.835731e-12
20240.00 9.834497e-12
20250.00 9.833254e-12
20260.00 9.832013e-12
20270.00 9.830795e-12
20280.00 9.829567e-12
20290.00 9.828347e-12
20300.00 9.827125e-12
20310.00 9.825922e-12
20320.00 9.824703e-12
20330.00 9.823493e-12
20340.00 9.822287e-12
20350.00 9.821082e-12
20360.00 9.819904e-12
20370.00 9.818715e-12
20380.00 9.817517e-12
20390.00 9.816347e-12
20400.00 9.815152e-12
20410.00 9.813990e-12
20420.00 9.812815e-12
20430.00 9.811645e-12
20440.00 9.810484e-12
20450.00 9.809331e-12
20460.00 9.808160e-12
20470.00 9.807023e-12
20480.00 9.805883e-12
20490.00 9.804748e-12
20500.00 9.803598e-12
20510.00 9.802468e-12
20520.00 9.801346e-12
20530.00 9.800222e-12
20540.00 9.799104e-12
20550.00 9.797987e-12
20560.00 9.796875e-12
20570.00 9.795766e-12
20580.00 9.794667e-12
20590.00 9.793559e-12
20600.00 9.792472e-12
20610.00 9.791384e-12
20620.00 9.790301e-12
20630.00 9.789215e-12
20640.00 9.788143e-12
20650.00 9.787067e-12
20660.00 9.785992e-12
20670.00 9.784945e-12
20680.00 9.783889e-12
20690.00 9.782824e-12
20700.00 9.781779e-12
20710.00 9.780725e-12
20720.00 9.779699e-12
20730.00 9.778661e-12
20740.00 9.777627e-12
20750.00 9.776606e-12
20760.00 9.775579e-12
20770.00 9.774560e-12
20780.00 9.773556e-12
20790.00 9.772539e-12
20800.00 9.771543e-12
20810.00 9.770550e-12
20820.00 9.769561e-12
20830.00 9.768558e-12
20840.00 9.767581e-12
20850.00 9.766604e-12
20860.00 9.765623e-12
20870.00 9.764660e-12
20880.00 9.763693e-12
20890.00 9.762735e-12
20900.00 9.761783e-12
20910.00 9.760832e-12
20920.00 9.759886e-12
20930.00 9.758944e-12
20940.00 9.758017e-12
20950.00 9.757086e-12
20960.00 9.756149e-12
20970.00 9.755233e-12
20980.00 9.754323e-12
20990.00 9.753411e-12
21000.00 9.752503e-12
21010.00 9.751598e-12
21020.00 9.750698e-12
21030.00 9.749824e-12
21040.00 9.748930e-12
21050.00 9.748044e-12
21060.00 9.747173e-12
21070.00 9.746304e-12
21080.00 9.745444e-12
21090.00 9.744581e-12
21100.00 9.743738e-12
21110.00 9.742880e-12
21120.00 9.742029e-12
21130.00 9.741194e-12
21140.00 9.740363e-12
21150.00 9.739534e-12
21160.00 9.738708e-12
21170.00 9.737902e-12
21180.00 9.737075e-12
21190.00 9.736267e-12
21200.00 9.735469e-12
21210.00 9.734675e-12
21220.00 9.733877e-12
21230.00 9.733098e-12
21240.00 9.732318e-12
21250.00 9.731534e-12
21260.00 9.730772e-12
21270.00 9.729997e-12
21280.00 9.729244e-12
21290.00 9.728493e-12
21300.00 9.727747e-12
21310.00 9.727002e-12
21320.00 9.726263e-12
21330.00 9.725523e-12
21340.00 9.724812e-12
21350.00 9.724091e-12
21360.00 9.723366e-12
21370.00 9.722668e-12
21380.00 9.721954e-12
21390.00 9.721268e-12
21400.00 9.720575e-12
21410.00 9.719871e-12
21420.00 9.719196e-12
21430.00 9.718524e-12
21440.00 9.717852e-12
21450.00 9.717186e-12
21460.00 9.716535e-12
21470.00 9.715889e-12
21480.00 9.715226e-12
21490.00 9.714592e-12
21500.00 9.713954e-12
21510.00 9.713332e-12
21520.00 9.712696e-12
21530.00 9.712071e-12
21540.00 9.711470e-12
21550.00 9.710863e-12
21560.00 9.710272e-12
21570.00 9.709677e-12
21580.00 9.709083e-12
21590.00 9.708500e-12
21600.00 9.707929e-12
21610.00 9.707353e-12
21620.00 9.706788e-12
21630.00 9.706232e-12
21640.00 9.705683e-12
21650.00 9.705131e-12
21660.00 9.704584e-12
21670.00 9.704047e-12
21680.00 9.703524e-12
21690.00 9.703005e-12
21700.00 9.702495e-12
21710.00 9.701976e-12
21720.00 9.701478e-12
21730.00 9.700991e-12
21740.00 9.700479e-12
21750.00 9.699999e-12
21760.00 9.699519e-12
21770.00 9.699043e-12
21780.00 9.698572e-12
21790.00 9.698114e-12
21800.00 9.697661e-12
21810.00 9.697210e-12
21820.00 9.696773e-12
21830.00 9.696333e-12
21840.00 9.695903e-12
21850.00 9.695487e-12
21860.00 9.695063e-12
21870.00 9.694654e-12
21880.00 9.694257e-12
21890.00 9.693851e-12
21900.00 9.693472e-12
21910.00 9.693076e-12
21920.00 9.692695e-12
21930.00 9.692332e-12
21940.00 9.691963e-12
21950.00 9.691615e-12
21960.00 9.691257e-12
21970.00 9.690912e-12
21980.00 9.690568e-12
21990.00 9.690237e-12
22000.00 9.689906e-12
22010.00 9.689599e-12
22020.00 9.689274e-12
22030.00 9.688973e-12
22040.00 9.688676e-12
22050.00 9.688380e-12
22060.00 9.688094e-12
22070.00 9.687801e-12
22080.00 9.687538e-12
22090.00 9.687270e-12
22100.00 9.687016e-12
22110.00 9.686760e-12
22120.00 9.686520e-12
22130.00 9.686282e-12
22140.00 9.686051e-12
22150.00 9.685817e-12
22160.00 9.685605e-12
22170.00 9.685396e-12
22180.00 9.685182e-12
22190.00 9.684980e-12
22200.00 9.684793e-12
22210.00 9.684613e-12
22220.00 9.684441e-12
22230.00 9.684262e-12
22240.00 9.684106e-12
22250.00 9.683952e-12
22260.00 9.683806e-12
22270.00 9.683650e-12
22280.00 9.683523e-12
22290.00 9.683397e-12
22300.00 9.683268e-12
22310.00 9.683152e-12
22320.00 9.683049e-12
22330.00 9.682952e-12
22340.00 9.682861e-12
22350.00 9.682782e-12
22360.00 9.682699e-12
22370.00 9.682631e-12
22380.00 9.682563e-12
22390.00 9.682511e-12
22400.00 9.682461e-12
22410.00 9.682422e-12
22420.00 9.682372e-12
22430.00 9.682343e-12
22440.00 9.682320e-12
22450.00 9.682314e-12
22460.00 9.682304e-12
22470.00 9.682307e-12
22480.00 9.682321e-12
22490.00 9.682327e-12
22500.00 9.682351e-12
22510.00 9.682375e-12
22520.00 9.682418e-12
22530.00 9.682447e-12
22540.00 9.682502e-12
22550.00 9.682543e-12
22560.00 9.682614e-12
22570.00 9.682682e-12
22580.00 9.682754e-12
22590.00 9.682837e-12
22600.00 9.682919e-12
22610.00 9.683012e-12
22620.00 9.683126e-12
22630.00 9.683223e-12
22640.00 9.683337e-12
22650.00 9.683458e-12
22660.00 9.683579e-12
22670.00 9.683718e-12
22680.00 9.683860e-12
22690.00 9.684003e-12
22700.00 9.684151e-12
22710.00 9.684311e-12
22720.00 9.684478e-12
22730.00 9.684650e-12
22740.00 9.684829e-12
22750.00 9.685022e-12
22760.00 9.685201e-12
22770.00 9.685401e-12
22780.00 9.685600e-12
22790.00 9.685815e-12
22800.00 9.686023e-12
22810.00 9.686243e-12
22820.00 9.686467e-12
22830.00 9.686705e-12
22840.00 9.686943e-12
22850.00 9.687187e-12
22860.00 9.687439e-12
22870.00 9.687692e-12
22880.00 9.687954e-12
22890.00 9.688215e-12
22900.00 9.688486e-12
22910.00 9.688767e-12
22920.00 9.689061e-12
22930.00 9.689346e-12
22940.00 9.689639e-12
22950.00 9.689950e-12
22960.00 9.690255e-12
22970.00 9.690571e-12
22980.00 9.690876e-12
22990.00 9.691216e-12
23000.00 9.691550e-12
23010.00 9.691880e-12
23020.00 9.692219e-12
23030.00 9.692566e-12
23040.00 9.692926e-12
23050.00 9.693276e-12
23060.00 9.693637e-12
23070.00 9.694010e-12
23080.00 9.694383e-12
23090.00 9.694767e-12
23100.00 9.695136e-12
23110.00 9.695540e-12
23120.00 9.695926e-12
23130.00 9.696330e-12
23140.00 9.696729e-12
23150.00 9.697150e-12
23160.00 9.697570e-12
23170.00 9.697989e-12
23180.00 9.698394e-12
23190.00 9.698844e-12
23200.00 9.699280e-12
23210.00 9.699724e-12
23220.00 9.700161e-12
23230.00 9.700613e-12
23240.00 9.701079e-12
23250.00 9.701528e-12
23260.00 9.701989e-12
23270.00 9.702454e-12
23280.00 9.702941e-12
23290.00 9.703422e-12
23300.00 9.703906e-12
23310.00 9.704388e-12
23320.00 9.704890e-12
23330.00 9.705384e-12
23340.00 9.705891e-12
23350.00 9.706401e-12
23360.00 9.706915e-12
23370.00 9.707429e-12
23380.00 9.707951e-12
23390.00 9.708476e-12
23400.00 9.709003e-12
23410.00 9.709542e-12
23420.00 9.710083e-12
23430.00 9.710627e-12
23440.00 9.711178e-12
23450.00 9.711730e-12
23460.00 9.712281e-12
23470.00 9.712855e-12
23480.00 9.713425e-12
23490.00 9.713992e-12
23500.00 9.714561e-12
23510.00 9.715140e-12
23520.00 9.715725e-12
23530.00 9.716314e-12
23540.00 9.716906e-12
23550.00 9.717511e-12
23560.00 9.718092e-12
23570.00 9.718701e-12
23580.00 9.719312e-12
23590.00 9.719914e-12
23600.00 9.720538e-12
23610.00 9.721160e-12
23620.00 9.721779e-12
23630.00 9.722404e-12
23640.00 9.723047e-12
23650.00 9.723669e-12
23660.00 9.724319e-12
23670.00 9.724965e-12
23680.00 9.725601e-12
23690.00 9.726248e-12
23700.00 9.726917e-12
23710.00 9.727565e-12
23720.00 9.728238e-12
23730.00 9.728900e-12
23740.00 9.729574e-12
23750.00 9.730237e-12
23760.00 9.730914e-12
23770.00 9.731593e-12
23780.00 9.732276e-12
23790.00 9.732970e-12
23800.00 9.733660e-12
23810.00 9.734353e-12
23820.00 9.735049e-12
23830.00 9.735744e-12
23840.00 9.736461e-12
23850.00 9.737170e-12
23860.00 9.737872e-12
23870.00 9.738585e-12
23880.00 9.739312e-12
23890.00 9.740028e-12
23900.00 9.740751e-12
23910.00 9.741475e-12
23920.00 9.742199e-12
23930.00 9.742936e-12
23940.00 9.743671e-12
23950.00 9.744414e-12
23960.00 9.745156e-12
23970.00 9.745913e-12
23980.00 9.746657e-12
23990.00 9.747402e-12
24000.00 9.748167e-12
24010.00 9.748921e-12
24020.00 9.749665e-12
24030.00 9.750445e-12
24040.00 9.751210e-12
24050.00 9.751978e-12
24060.00 9.752745e-12
24070.00 9.753519e-12
24080.00 9.754304e-12
24090.00 9.755081e-12
24100.00 9.755867e-12
24110.00 9.756650e-12
24120.00 9.757430e-12
24130.00 9.758236e-12
24140.00 9.759016e-12
24150.00 9.759815e-12
24160.00 9.760615e-12
24170.00 9.761407e-12
24180.00 9.762225e-12
24190.00 9.763023e-12
24200.00 9.763831e-12
24210.00 9.764657e-12
24220.00 9.765461e-12
24230.00 9.766281e-12
24240.00 9.767082e-12
24250.00 9.767907e-12
24260.00 9.768731e-12
24270.00 9.769561e-12
24280.00 9.770395e-12
24290.00 9.771221e-12
24300.00 9.772049e-12
24310.00 9.772883e-12
24320.00 9.773712e-12
24330.00 9.774549e-12
24340.00 9.775398e-12
24350.00 9.776239e-12
24360.00 9.777087e-12
24370.00 9.777936e-12
24380.00 9.778774e-12
24390.00 9.779639e-12
24400.00 9.780482e-12
24410.00 9.781340e-12
24420.00 9.782185e-12
24430.00 9.783053e-12
24440.00 9.783905e-12
24450.00 9.784773e-12
24460.00 9.785626e-12
24470.00 9.786508e-12
24480.00 9.787366e-12
24490.00 9.788224e-12
24500.00 9.789104e-12
24510.00 9.789962e-12
24520.00 9.790840e-12
24530.00 9.791711e-12
24540.00 9.792594e-12
24550.00 9.793470e-12
24560.00 9.794345e-12
24570.00 9.795233e-12
24580.00 9.796115e-12
24590.00 9.796996e-12
24600.00 9.797889e-12
24610.00 9.798759e-12
24620.00 9.799656e-12
24630.00 9.800547e-12
24640.00 9.801434e-12
24650.00 9.802318e-12
24660.00 9.803214e-12
24670.00 9.804105e-12
24680.00 9.805013e-12
24690.00 9.805900e-12
24700.00 9.806800e-12
24710.00 9.807696e-12
24720.00 9.808598e-12
24730.00 9.809498e-12
24740.00 9.810401e-12
24750.00 9.811310e-12
24760.00 9.812216e-12
24770.00 9.813112e-12
24780.00 9.814016e-12
24790.00 9.814924e-12
24800.00 9.815847e-12
24810.00 9.816740e-12
24820.00 9.817652e-12
24830.00 9.818558e-12
24840.00 9.819473e-12
24850.00 9.820376e-12
24860.00 9.821292e-12
24870.00 9.822208e-12
24880.00 9.823118e-12
24890.00 9.824029e-12
24900.00 9.824942e-12
24910.00 9.825862e-12
24920.00 9.826776e-12
24930.00 9.827699e-12
24940.00 9.828604e-12
24950.00 9.829533e-12
24960.00 9.830445e-12
24970.00 9.831369e-12
24980.00 9.832284e-12
24990.00 9.833202e-12
25000.00 9.834128e-12
