1000.00 1.088906e-15
1010.00 4.209838e-15
1020.00 1.135561e-14
1030.00 2.511416e-14
1040.00 4.882167e-14
1050.00 8.657379e-14
1060.00 1.431949e-13
1070.00 2.241635e-13
1080.00 3.354876e-13
1090.00 4.835351e-13
1100.00 6.748133e-13
1110.00 9.157119e-13
1120.00 1.212200e-12
1130.00 1.569503e-12
1140.00 1.991760e-12
1150.00 2.481672e-12
1160.00 3.040163e-12
1170.00 3.666063e-12
1180.00 4.355840e-12
1190.00 5.103377e-12
1200.00 5.899840e-12
1210.00 6.733630e-12
1220.00 7.590441e-12
1230.00 8.453415e-12
1240.00 9.303484e-12
1250.00 1.011974e-11
1260.00 1.088216e-11
1270.00 1.157954e-11
1280.00 1.220537e-11
1290.00 1.275591e-11
1300.00 1.323023e-11
1310.00 1.362997e-11
1320.00 1.395911e-11
1330.00 1.422372e-11
1340.00 1.443160e-11
1350.00 1.459199e-11
1360.00 1.471529e-11
1370.00 1.481276e-11
1380.00 1.489607e-11
1390.00 1.497234e-11
1400.00 1.504374e-11
1410.00 1.511220e-11
1420.00 1.517961e-11
1430.00 1.524786e-11
1440.00 1.531881e-11
1450.00 1.539436e-11
1460.00 1.547648e-11
1470.00 1.556713e-11
1480.00 1.566837e-11
1490.00 1.578234e-11
1500.00 1.591132e-11
1510.00 1.605724e-11
1520.00 1.622046e-11
1530.00 1.640088e-11
1540.00 1.659843e-11
1550.00 1.681303e-11
1560.00 1.704459e-11
1570.00 1.729302e-11
1580.00 1.755820e-11
1590.00 1.784002e-11
1600.00 1.813831e-11
1610.00 1.845290e-11
1620.00 1.878362e-11
1630.00 1.913021e-11
1640.00 1.949240e-11
1650.00 1.986988e-11
1660.00 2.026229e-11
1670.00 2.066922e-11
1680.00 2.109019e-11
1690.00 2.152466e-11
1700.00 2.197203e-11
1710.00 2.243165e-11
1720.00 2.290273e-11
1730.00 2.338446e-11
1740.00 2.387592e-11
1750.00 2.437609e-11
1760.00 2.488402e-11
1770.00 2.539935e-11
1780.00 2.592185e-11
1790.00 2.645125e-11
1800.00 2.698725e-11
1810.00 2.752954e-11
1820.00 2.807774e-11
1830.00 2.863149e-11
1840.00 2.919035e-11
1850.00 2.975389e-11
1860.00 3.032161e-11
1870.00 3.089301e-11
1880.00 3.146752e-11
1890.00 3.204458e-11
1900.00 3.262358e-11
1910.00 3.320386e-11
1920.00 3.378474e-11
1930.00 3.436553e-11
1940.00 3.494548e-11
1950.00 3.552380e-11
1960.00 3.609969e-11
1970.00 3.667233e-11
1980.00 3.724084e-11
1990.00 3.780432e-11
2000.00 3.836183e-11
2010.00 3.891260e-11
2020.00 3.945643e-11
2030.00 3.999330e-11
2040.00 4.052323e-11
2050.00 4.104627e-11
2060.00 4.156246e-11
2070.00 4.207187e-11
2080.00 4.257464e-11
2090.00 4.307079e-11
2100.00 4.356058e-11
2110.00 4.404412e-11
2120.00 4.452159e-11
2130.00 4.499320e-11
2140.00 4.545918e-11
2150.00 4.591975e-11
2160.00 4.637519e-11
2170.00 4.682577e-11
2180.00 4.727180e-11
2190.00 4.771358e-11
2200.00 4.815147e-11
2210.00 4.858576e-11
2220.00 4.901692e-11
2230.00 4.944530e-11
2240.00 4.987129e-11
2250.00 5.029534e-11
2260.00 5.071783e-11
2270.00 5.113903e-11
2280.00 5.155918e-11
2290.00 5.197851e-11
2300.00 5.239727e-11
2310.00 5.281573e-11
2320.00 5.323414e-11
2330.00 5.365276e-11
2340.00 5.407193e-11
2350.00 5.449193e-11
2360.00 5.491305e-11
2370.00 5.533560e-11
2380.00 5.575991e-11
2390.00 5.618631e-11
2400.00 5.661514e-11
2410.00 5.704676e-11
2420.00 5.748151e-11
2430.00 5.791978e-11
2440.00 5.836194e-11
2450.00 5.880833e-11
2460.00 5.925946e-11
2470.00 5.971568e-11
2480.00 6.017741e-11
2490.00 6.064510e-11
2500.00 6.111917e-11
2510.00 5.955702e-11
2520.00 5.790028e-11
2530.00 6.236709e-11
2540.00 6.241864e-11
2550.00 6.217393e-11
2560.00 6.194819e-11
2570.00 6.233108e-11
2580.00 6.238957e-11
2590.00 6.212774e-11
2600.00 6.287136e-11
2610.00 6.262681e-11
2620.00 6.065026e-11
2630.00 5.671605e-11
2640.00 5.952897e-11
2650.00 6.831876e-11
2660.00 7.649661e-11
2670.00 8.413781e-11
2680.00 9.747268e-11
2690.00 1.158439e-10
2700.00 1.367936e-10
2710.00 1.572502e-10
2720.00 1.654267e-10
2730.00 1.727499e-10
2740.00 1.813296e-10
2750.00 1.908055e-10
2760.00 2.015724e-10
2770.00 2.149329e-10
2780.00 2.185533e-10
2790.00 2.132676e-10
2800.00 2.033705e-10
2810.00 2.077936e-10
2820.00 2.172502e-10
2830.00 2.255443e-10
2840.00 2.301131e-10
2850.00 2.396499e-10
2860.00 2.648597e-10
2870.00 3.059051e-10
2880.00 3.436648e-10
2890.00 3.843974e-10
2900.00 4.250589e-10
2910.00 4.559084e-10
2920.00 4.687613e-10
2930.00 4.746896e-10
2940.00 4.773876e-10
2950.00 4.727381e-10
2960.00 4.606752e-10
2970.00 4.379415e-10
2980.00 4.144939e-10
2990.00 3.948007e-10
3000.00 3.836770e-10
3010.00 3.851501e-10
3020.00 3.994354e-10
3030.00 3.893853e-10
3040.00 3.650817e-10
3050.00 3.237622e-10
3060.00 3.060085e-10
3070.00 3.694380e-10
3080.00 4.111038e-10
3090.00 4.120539e-10
3100.00 4.016347e-10
3110.00 3.985975e-10
3120.00 4.135668e-10
3130.00 4.562918e-10
3140.00 5.043302e-10
3150.00 5.553044e-10
3160.00 5.844541e-10
3170.00 6.122164e-10
3180.00 6.110993e-10
3190.00 6.053958e-10
3200.00 6.199037e-10
3210.00 5.981051e-10
3220.00 6.010808e-10
3230.00 5.482252e-10
3240.00 4.849917e-10
3250.00 4.190261e-10
3260.00 3.520246e-10
3270.00 3.688812e-10
3280.00 4.031056e-10
3290.00 3.738568e-10
3300.00 3.679590e-10
3310.00 4.339138e-10
3320.00 4.485378e-10
3330.00 4.683072e-10
3340.00 4.842402e-10
3350.00 4.838793e-10
3360.00 4.780543e-10
3370.00 4.467449e-10
3380.00 4.738733e-10
3390.00 4.650936e-10
3400.00 4.855427e-10
3410.00 5.117906e-10
3420.00 5.057893e-10
3430.00 5.134595e-10
3440.00 5.493080e-10
3450.00 5.634378e-10
3460.00 5.333326e-10
3470.00 5.777417e-10
3480.00 5.878895e-10
3490.00 5.807652e-10
3500.00 6.531846e-10
3510.00 7.105285e-10
3520.00 7.256144e-10
3530.00 7.906811e-10
3540.00 8.297911e-10
3550.00 8.454212e-10
3560.00 8.936486e-10
3570.00 9.085137e-10
3580.00 8.930550e-10
3590.00 8.801643e-10
3600.00 8.610224e-10
3610.00 8.856222e-10
3620.00 8.710626e-10
3630.00 8.659160e-10
3640.00 9.262361e-10
3650.00 9.991635e-10
3660.00 1.062596e-09
3670.00 1.124537e-09
3680.00 1.160829e-09
3690.00 1.177466e-09
3700.00 1.115002e-09
3710.00 1.046926e-09
3720.00 9.551599e-10
3730.00 9.026557e-10
3740.00 9.145662e-10
3750.00 9.001109e-10
3760.00 8.529266e-10
3770.00 8.530747e-10
3780.00 8.729021e-10
3790.00 8.661700e-10
3800.00 8.168412e-10
3810.00 8.533142e-10
3820.00 9.280112e-10
3830.00 9.859892e-10
3840.00 1.056284e-09
3850.00 1.180719e-09
3860.00 1.325325e-09
3870.00 1.465503e-09
3880.00 1.564829e-09
3890.00 1.703799e-09
3900.00 1.825355e-09
3910.00 1.941625e-09
3920.00 2.014921e-09
3930.00 2.034419e-09
3940.00 2.038756e-09
3950.00 2.049156e-09
3960.00 2.016891e-09
3970.00 1.914444e-09
3980.00 1.825905e-09
3990.00 1.725861e-09
4000.00 1.605564e-09
4010.00 1.550567e-09
4020.00 1.518755e-09
4030.00 1.493325e-09
4040.00 1.506208e-09
4050.00 1.517917e-09
4060.00 1.527840e-09
4070.00 1.547708e-09
4080.00 1.556360e-09
4090.00 1.512114e-09
4100.00 1.492139e-09
4110.00 1.483924e-09
4120.00 1.494925e-09
4130.00 1.520137e-09
4140.00 1.571158e-09
4150.00 1.620135e-09
4160.00 1.647762e-09
4170.00 1.657783e-09
4180.00 1.693912e-09
4190.00 1.730512e-09
4200.00 1.738155e-09
4210.00 1.736409e-09
4220.00 1.724428e-09
4230.00 1.678070e-09
4240.00 1.648886e-09
4250.00 1.658331e-09
4260.00 1.665742e-09
4270.00 1.674319e-09
4280.00 1.661677e-09
4290.00 1.653970e-09
4300.00 1.624352e-09
4310.00 1.589811e-09
4320.00 1.542584e-09
4330.00 1.483676e-09
4340.00 1.442337e-09
4350.00 1.377446e-09
4360.00 1.297555e-09
4370.00 1.223509e-09
4380.00 1.166750e-09
4390.00 1.127110e-09
4400.00 1.106044e-09
4410.00 1.119821e-09
4420.00 1.135647e-09
4430.00 1.146867e-09
4440.00 1.192040e-09
4450.00 1.251196e-09
4460.00 1.304445e-09
4470.00 1.354228e-09
4480.00 1.429457e-09
4490.00 1.535602e-09
4500.00 1.677016e-09
4510.00 1.817233e-09
4520.00 1.961709e-09
4530.00 2.107504e-09
4540.00 2.241099e-09
4550.00 2.395570e-09
4560.00 2.558065e-09
4570.00 2.704375e-09
4580.00 2.797675e-09
4590.00 2.878801e-09
4600.00 2.930916e-09
4610.00 2.936842e-09
4620.00 2.915851e-09
4630.00 2.872904e-09
4640.00 2.789372e-09
4650.00 2.639863e-09
4660.00 2.458578e-09
4670.00 2.267148e-09
4680.00 2.102213e-09
4690.00 1.974526e-09
4700.00 1.855761e-09
4710.00 1.754182e-09
4720.00 1.643482e-09
4730.00 1.583291e-09
4740.00 1.547614e-09
4750.00 1.498312e-09
4760.00 1.455802e-09
4770.00 1.473644e-09
4780.00 1.516149e-09
4790.00 1.571931e-09
4800.00 1.585589e-09
4810.00 1.624404e-09
4820.00 1.673785e-09
4830.00 1.687252e-09
4840.00 1.651013e-09
4850.00 1.607381e-09
4860.00 1.599124e-09
4870.00 1.636305e-09
4880.00 1.663065e-09
4890.00 1.691147e-09
4900.00 1.788122e-09
4910.00 1.877817e-09
4920.00 1.950349e-09
4930.00 2.027447e-09
4940.00 2.050656e-09
4950.00 2.030606e-09
4960.00 1.989148e-09
4970.00 1.927943e-09
4980.00 1.831824e-09
4990.00 1.728746e-09
5000.00 1.634470e-09
5010.00 1.573358e-09
5020.00 1.515587e-09
5030.00 1.490790e-09
5040.00 1.492906e-09
5050.00 1.483819e-09
5060.00 1.476085e-09
5070.00 1.504060e-09
5080.00 1.522486e-09
5090.00 1.528939e-09
5100.00 1.536681e-09
5110.00 1.573663e-09
5120.00 1.614981e-09
5130.00 1.661644e-09
5140.00 1.708987e-09
5150.00 1.779614e-09
5160.00 1.873573e-09
5170.00 1.963931e-09
5180.00 2.040896e-09
5190.00 2.128371e-09
5200.00 2.214556e-09
5210.00 2.309651e-09
5220.00 2.419093e-09
5230.00 2.482463e-09
5240.00 2.511013e-09
5250.00 2.528827e-09
5260.00 2.535043e-09
5270.00 2.539439e-09
5280.00 2.535202e-09
5290.00 2.527285e-09
5300.00 2.499562e-09
5310.00 2.463650e-09
5320.00 2.442878e-09
5330.00 2.412847e-09
5340.00 2.390441e-09
5350.00 2.361592e-09
5360.00 2.340398e-09
5370.00 2.330232e-09
5380.00 2.322294e-09
5390.00 2.325587e-09
5400.00 2.344641e-09
5410.00 2.362881e-09
5420.00 2.362761e-09
5430.00 2.341693e-09
5440.00 2.327505e-09
5450.00 2.306638e-09
5460.00 2.301471e-09
5470.00 2.265818e-09
5480.00 2.235229e-09
5490.00 2.207488e-09
5500.00 2.174422e-09
5510.00 2.136616e-09
5520.00 2.106910e-09
5530.00 2.097700e-09
5540.00 2.085582e-09
5550.00 2.061766e-09
5560.00 2.021393e-09
5570.00 2.009870e-09
5580.00 1.982705e-09
5590.00 1.907964e-09
5600.00 1.848358e-09
5610.00 1.804065e-09
5620.00 1.757351e-09
5630.00 1.702176e-09
5640.00 1.650990e-09
5650.00 1.606358e-09
5660.00 1.565457e-09
5670.00 1.533216e-09
5680.00 1.498070e-09
5690.00 1.461466e-09
5700.00 1.435129e-09
5710.00 1.410185e-09
5720.00 1.396375e-09
5730.00 1.397748e-09
5740.00 1.396404e-09
5750.00 1.413770e-09
5760.00 1.462897e-09
5770.00 1.508587e-09
5780.00 1.577362e-09
5790.00 1.646874e-09
5800.00 1.709701e-09
5810.00 1.796696e-09
5820.00 1.881766e-09
5830.00 1.968785e-09
5840.00 2.060378e-09
5850.00 2.129106e-09
5860.00 2.197281e-09
5870.00 2.244872e-09
5880.00 2.259447e-09
5890.00 2.212387e-09
5900.00 2.149733e-09
5910.00 2.143919e-09
5920.00 2.139187e-09
5930.00 2.111106e-09
5940.00 2.034273e-09
5950.00 1.954754e-09
5960.00 1.887429e-09
5970.00 1.806364e-09
5980.00 1.747741e-09
5990.00 1.709314e-09
6000.00 1.679927e-09
6010.00 1.650416e-09
6020.00 1.621227e-09
6030.00 1.565629e-09
6040.00 1.510144e-09
6050.00 1.457636e-09
6060.00 1.368229e-09
6070.00 1.268378e-09
6080.00 1.197884e-09
6090.00 1.119848e-09
6100.00 1.054187e-09
6110.00 9.715482e-10
6120.00 9.103747e-10
6130.00 8.707880e-10
6140.00 8.380542e-10
6150.00 8.197333e-10
6160.00 8.316889e-10
6170.00 8.693473e-10
6180.00 9.053785e-10
6190.00 9.557662e-10
6200.00 1.027939e-09
6210.00 1.109366e-09
6220.00 1.167851e-09
6230.00 1.223982e-09
6240.00 1.266168e-09
6250.00 1.305864e-09
6260.00 1.366378e-09
6270.00 1.414888e-09
6280.00 1.428875e-09
6290.00 1.477017e-09
6300.00 1.542302e-09
6310.00 1.583276e-09
6320.00 1.587990e-09
6330.00 1.615692e-09
6340.00 1.641602e-09
6350.00 1.674533e-09
6360.00 1.690489e-09
6370.00 1.705001e-09
6380.00 1.721538e-09
6390.00 1.735629e-09
6400.00 1.745542e-09
6410.00 1.740825e-09
6420.00 1.739979e-09
6430.00 1.747534e-09
6440.00 1.764751e-09
6450.00 1.749307e-09
6460.00 1.737000e-09
6470.00 1.750998e-09
6480.00 1.749450e-09
6490.00 1.725720e-09
6500.00 1.734488e-09
6510.00 1.711524e-09
6520.00 1.705895e-09
6530.00 1.672418e-09
6540.00 1.627558e-09
6550.00 1.609487e-09
6560.00 1.539946e-09
6570.00 1.505742e-09
6580.00 1.456470e-09
6590.00 1.437544e-09
6600.00 1.378393e-09
6610.00 1.323104e-09
6620.00 1.294185e-09
6630.00 1.244905e-09
6640.00 1.176849e-09
6650.00 1.127435e-09
6660.00 1.110268e-09
6670.00 1.074215e-09
6680.00 1.029871e-09
6690.00 9.797878e-10
6700.00 9.360173e-10
6710.00 8.994455e-10
6720.00 8.848934e-10
6730.00 8.468287e-10
6740.00 8.067366e-10
6750.00 7.883911e-10
6760.00 7.561798e-10
6770.00 7.675327e-10
6780.00 7.388556e-10
6790.00 7.225672e-10
6800.00 7.208875e-10
6810.00 7.033148e-10
6820.00 6.978981e-10
6830.00 7.182065e-10
6840.00 7.095582e-10
6850.00 7.085670e-10
6860.00 7.002658e-10
6870.00 5.971586e-10
6880.00 6.916300e-10
6890.00 6.700790e-10
6900.00 6.748646e-10
6910.00 6.900435e-10
6920.00 6.835812e-10
6930.00 7.070886e-10
6940.00 6.964775e-10
6950.00 7.086994e-10
6960.00 6.714295e-10
6970.00 6.699483e-10
6980.00 6.551906e-10
6990.00 6.588079e-10
7000.00 6.581234e-10
7010.00 6.409103e-10
7020.00 6.521986e-10
7030.00 6.524377e-10
7040.00 6.376818e-10
7050.00 6.358514e-10
7060.00 6.416143e-10
7070.00 6.320040e-10
7080.00 6.328948e-10
7090.00 6.514977e-10
7100.00 6.529562e-10
7110.00 6.471660e-10
7120.00 6.646452e-10
7130.00 6.616054e-10
7140.00 6.617213e-10
7150.00 6.498287e-10
7160.00 6.580740e-10
7170.00 6.237789e-10
7180.00 6.271712e-10
7190.00 6.143398e-10
7200.00 6.077776e-10
7210.00 6.241749e-10
7220.00 6.316704e-10
7230.00 6.345580e-10
7240.00 6.173633e-10
7250.00 6.332452e-10
7260.00 6.354631e-10
7270.00 6.344303e-10
7280.00 6.287087e-10
7290.00 6.188733e-10
7300.00 6.244082e-10
7310.00 6.035346e-10
7320.00 6.077934e-10
7330.00 6.059395e-10
7340.00 6.084694e-10
7350.00 5.909383e-10
7360.00 5.572779e-10
7370.00 5.592025e-10
7380.00 5.334958e-10
7390.00 5.293082e-10
7400.00 5.295728e-10
7410.00 5.209086e-10
7420.00 5.102067e-10
7430.00 4.957152e-10
7440.00 4.773930e-10
7450.00 4.451427e-10
7460.00 4.355169e-10
7470.00 4.285399e-10
7480.00 4.330346e-10
7490.00 4.301262e-10
7500.00 4.504563e-10
7510.00 4.500643e-10
7520.00 4.601304e-10
7530.00 4.536641e-10
7540.00 4.498858e-10
7550.00 4.419140e-10
7560.00 4.460376e-10
7570.00 4.429205e-10
7580.00 4.519470e-10
7590.00 4.359333e-10
7600.00 4.379924e-10
7610.00 4.400479e-10
7620.00 4.420997e-10
7630.00 4.441479e-10
7640.00 4.461922e-10
7650.00 4.482329e-10
7660.00 4.502699e-10
7670.00 4.512035e-10
7680.00 4.709539e-10
7690.00 4.575139e-10
7700.00 4.869230e-10
7710.00 4.869943e-10
7720.00 4.874276e-10
7730.00 4.918526e-10
7740.00 4.855196e-10
7750.00 4.929851e-10
7760.00 4.987742e-10
7770.00 4.961405e-10
7780.00 5.026478e-10
7790.00 5.075668e-10
7800.00 5.237690e-10
7810.00 5.303487e-10
7820.00 5.385247e-10
7830.00 5.413710e-10
7840.00 5.566487e-10
7850.00 5.578235e-10
7860.00 5.707228e-10
7870.00 5.711114e-10
7880.00 5.523553e-10
7890.00 5.592283e-10
7900.00 5.472046e-10
7910.00 5.347925e-10
7920.00 5.271918e-10
7930.00 5.244039e-10
7940.00 5.011503e-10
7950.00 4.943748e-10
7960.00 4.869797e-10
7970.00 4.892641e-10
7980.00 4.870803e-10
7990.00 4.637637e-10
8000.00 4.712649e-10
8010.00 4.667309e-10
8020.00 4.601990e-10
8030.00 4.643856e-10
8040.00 4.598405e-10
8050.00 4.687287e-10
8060.00 4.550216e-10
8070.00 4.641334e-10
8080.00 4.629326e-10
8090.00 4.646762e-10
8100.00 4.604246e-10
8110.00 4.554967e-10
8120.00 4.432837e-10
8130.00 4.313958e-10
8140.00 4.084411e-10
8150.00 3.826307e-10
8160.00 3.438900e-10
8170.00 3.264315e-10
8180.00 2.963305e-10
8190.00 2.882674e-10
8200.00 2.564848e-10
8210.00 2.585995e-10
8220.00 2.530669e-10
8230.00 2.444381e-10
8240.00 2.561627e-10
8250.00 2.659963e-10
8260.00 2.727909e-10
8270.00 2.814748e-10
8280.00 2.934877e-10
8290.00 2.887574e-10
8300.00 3.035085e-10
8310.00 2.787671e-10
8320.00 2.778264e-10
8330.00 2.845043e-10
8340.00 2.807105e-10
8350.00 2.959521e-10
8360.00 2.879619e-10
8370.00 3.123092e-10
8380.00 3.039481e-10
8390.00 3.084375e-10
8400.00 3.301896e-10
8410.00 3.459313e-10
8420.00 3.626998e-10
8430.00 3.916349e-10
8440.00 4.120431e-10
8450.00 4.551757e-10
8460.00 4.988799e-10
8470.00 5.285292e-10
8480.00 5.444130e-10
8490.00 5.665840e-10
8500.00 5.903861e-10
8510.00 6.004025e-10
8520.00 6.234295e-10
8530.00 6.303340e-10
8540.00 6.546341e-10
8550.00 6.484427e-10
8560.00 6.722691e-10
8570.00 6.830774e-10
8580.00 6.919709e-10
8590.00 7.142501e-10
8600.00 7.113252e-10
8610.00 7.487335e-10
8620.00 7.328381e-10
8630.00 7.340830e-10
8640.00 7.394224e-10
8650.00 7.545178e-10
8660.00 7.428592e-10
8670.00 7.503150e-10
8680.00 7.468474e-10
8690.00 7.540591e-10
8700.00 7.411548e-10
8710.00 7.216234e-10
8720.00 7.210228e-10
8730.00 7.281316e-10
8740.00 7.328841e-10
8750.00 7.330347e-10
8760.00 7.042747e-10
8770.00 7.152301e-10
8780.00 6.991969e-10
8790.00 7.049971e-10
8800.00 6.921626e-10
8810.00 6.890206e-10
8820.00 6.844513e-10
8830.00 6.805312e-10
8840.00 6.723325e-10
8850.00 6.691832e-10
8860.00 6.573787e-10
8870.00 6.421170e-10
8880.00 6.259204e-10
8890.00 6.230625e-10
8900.00 6.154949e-10
8910.00 6.130796e-10
8920.00 5.781746e-10
8930.00 5.995242e-10
8940.00 5.965376e-10
8950.00 5.708394e-10
8960.00 5.530922e-10
8970.00 5.610489e-10
8980.00 5.417423e-10
8990.00 5.160574e-10
9000.00 5.269370e-10
9010.00 5.317445e-10
9020.00 5.235254e-10
9030.00 5.209588e-10
9040.00 5.173460e-10
9050.00 5.101818e-10
9060.00 4.802026e-10
9070.00 4.618814e-10
9080.00 4.630373e-10
9090.00 4.502086e-10
9100.00 4.438376e-10
9110.00 4.420931e-10
9120.00 4.261431e-10
9130.00 4.162341e-10
9140.00 4.155590e-10
9150.00 4.149797e-10
9160.00 4.140934e-10
9170.00 4.236207e-10
9180.00 4.018062e-10
9190.00 4.156631e-10
9200.00 3.101842e-10
9210.00 3.090932e-10
9220.00 3.125740e-10
9230.00 3.045468e-10
9240.00 3.011540e-10
9250.00 3.075736e-10
9260.00 3.015967e-10
9270.00 2.972610e-10
9280.00 2.832670e-10
9290.00 2.724975e-10
9300.00 2.692781e-10
9310.00 2.526848e-10
9320.00 2.263346e-10
9330.00 2.336777e-10
9340.00 2.519061e-10
9350.00 2.402750e-10
9360.00 2.227896e-10
9370.00 2.123741e-10
9380.00 2.288185e-10
9390.00 2.508955e-10
9400.00 2.449777e-10
9410.00 2.724363e-10
9420.00 1.936386e-10
9430.00 2.060580e-10
9440.00 2.213798e-10
9450.00 1.813127e-10
9460.00 2.172483e-10
9470.00 2.407630e-10
9480.00 2.038086e-10
9490.00 2.025493e-10
9500.00 2.327245e-10
9510.00 1.841062e-10
9520.00 1.747981e-10
9530.00 1.943913e-10
9540.00 2.092428e-10
9550.00 1.945680e-10
9560.00 2.229841e-10
9570.00 2.213566e-10
9580.00 1.810924e-10
9590.00 2.154393e-10
9600.00 2.452531e-10
9610.00 1.946161e-10
9620.00 2.276717e-10
9630.00 2.041432e-10
9640.00 1.893553e-10
9650.00 2.410759e-10
9660.00 2.269933e-10
9670.00 2.315309e-10
9680.00 2.335100e-10
9690.00 2.259525e-10
9700.00 2.119627e-10
9710.00 2.515341e-10
9720.00 2.031991e-10
9730.00 2.016217e-10
9740.00 1.715002e-10
9750.00 1.941446e-10
9760.00 1.934538e-10
9770.00 1.945288e-10
9780.00 1.864699e-10
9790.00 1.816984e-10
9800.00 1.764496e-10
9810.00 1.781655e-10
9820.00 1.747451e-10
9830.00 1.714306e-10
9840.00 1.718382e-10
9850.00 1.703366e-10
9860.00 1.694702e-10
9870.00 1.634669e-10
9880.00 1.645940e-10
9890.00 1.650625e-10
9900.00 1.601572e-10
9910.00 1.600765e-10
9920.00 1.586659e-10
9930.00 1.502964e-10
9940.00 1.518509e-10
9950.00 1.508034e-10
9960.00 1.462767e-10
9970.00 1.431197e-10
9980.00 1.428469e-10
9990.00 1.435084e-10
10000.00 1.429968e-10
10010.00 1.421138e-10
10020.00 1.412319e-10
10030.00 1.403509e-10
10040.00 1.394707e-10
10050.00 1.385915e-10
10060.00 1.377131e-10
10070.00 1.368356e-10
10080.00 1.359590e-10
10090.00 1.350833e-10
10100.00 1.342085e-10
10110.00 1.333347e-10
10120.00 1.324618e-10
10130.00 1.315895e-10
10140.00 1.307184e-10
10150.00 1.298480e-10
10160.00 1.289785e-10
10170.00 1.281099e-10
10180.00 1.272422e-10
10190.00 1.263754e-10
10200.00 1.255094e-10
10210.00 1.246444e-10
10220.00 1.237802e-10
10230.00 1.229169e-10
10240.00 1.220544e-10
10250.00 1.211929e-10
10260.00 1.203324e-10
10270.00 1.194724e-10
10280.00 1.186134e-10
10290.00 1.177554e-10
10300.00 1.168982e-10
10310.00 1.160417e-10
10320.00 1.151863e-10
10330.00 1.143317e-10
10340.00 1.134780e-10
10350.00 1.126250e-10
10360.00 1.117731e-10
10370.00 1.109217e-10
10380.00 1.100715e-10
10390.00 1.092219e-10
10400.00 1.083734e-10
10410.00 1.075255e-10
10420.00 1.066784e-10
10430.00 1.058326e-10
10440.00 1.049871e-10
10450.00 1.041430e-10
10460.00 1.032993e-10
10470.00 1.024566e-10
10480.00 1.016148e-10
10490.00 1.007739e-10
10500.00 9.993372e-11
10510.00 9.909441e-11
10520.00 9.825596e-11
10530.00 9.741842e-11
10540.00 9.658164e-11
10550.00 9.574580e-11
10560.00 9.491080e-11
10570.00 9.407655e-11
10580.00 9.324312e-11
10590.00 9.241073e-11
10600.00 9.157904e-11
10610.00 9.074828e-11
10620.00 8.991822e-11
10630.00 8.908914e-11
10640.00 8.826075e-11
10650.00 8.743333e-11
10660.00 8.660688e-11
10670.00 8.578096e-11
10680.00 8.495606e-11
10690.00 8.413200e-11
10700.00 8.330875e-11
10710.00 8.248623e-11
10720.00 8.166477e-11
10730.00 8.084399e-11
10740.00 8.002406e-11
10750.00 7.920501e-11
10760.00 7.838669e-11
10770.00 7.756915e-11
10780.00 7.675259e-11
10790.00 7.593681e-11
10800.00 7.512180e-11
10810.00 7.430772e-11
10820.00 7.349423e-11
10830.00 7.268167e-11
10840.00 7.187002e-11
10850.00 7.105913e-11
10860.00 7.024904e-11
10870.00 6.943970e-11
10880.00 6.863121e-11
10890.00 6.782351e-11
10900.00 6.701654e-11
10910.00 6.621052e-11
10920.00 6.540523e-11
10930.00 6.460055e-11
10940.00 6.379681e-11
10950.00 6.299394e-11
10960.00 6.219179e-11
10970.00 6.139023e-11
10980.00 6.058965e-11
10990.00 5.978976e-11
11000.00 5.899061e-11
11010.00 5.819226e-11
11020.00 5.739471e-11
11030.00 5.659782e-11
11040.00 5.580183e-11
11050.00 5.500645e-11
11060.00 5.421179e-11
11070.00 5.341789e-11
11080.00 5.262478e-11
11090.00 5.183238e-11
11100.00 5.104063e-11
11110.00 5.024963e-11
11120.00 4.945939e-11
11130.00 4.866980e-11
11140.00 4.788093e-11
11150.00 4.709275e-11
11160.00 4.630529e-11
11170.00 4.551847e-11
11180.00 4.473236e-11
11190.00 4.394688e-11
11200.00 4.316208e-11
11210.00 4.237799e-11
11220.00 4.159450e-11
11230.00 4.081165e-11
11240.00 4.002944e-11
11250.00 3.924792e-11
11260.00 3.846695e-11
11270.00 3.768669e-11
11280.00 3.690696e-11
11290.00 3.612786e-11
11300.00 3.534939e-11
11310.00 3.533934e-11
11320.00 3.532945e-11
11330.00 3.531968e-11
11340.00 3.531008e-11
11350.00 3.530065e-11
11360.00 3.529134e-11
11370.00 3.528227e-11
11380.00 3.527331e-11
11390.00 3.526450e-11
11400.00 3.525589e-11
11410.00 3.524742e-11
11420.00 3.523914e-11
11430.00 3.523103e-11
11440.00 3.522307e-11
11450.00 3.521533e-11
11460.00 3.520771e-11
11470.00 3.520034e-11
11480.00 3.519311e-11
11490.00 3.518608e-11
11500.00 3.517922e-11
11510.00 3.517256e-11
11520.00 3.516609e-11
11530.00 3.515986e-11
11540.00 3.515376e-11
11550.00 3.514790e-11
11560.00 3.514224e-11
11570.00 3.513674e-11
11580.00 3.513149e-11
11590.00 3.512643e-11
11600.00 3.512155e-11
11610.00 3.511692e-11
11620.00 3.511251e-11
11630.00 3.510829e-11
11640.00 3.510432e-11
11650.00 3.510053e-11
11660.00 3.509700e-11
11670.00 3.509369e-11
11680.00 3.509058e-11
11690.00 3.508773e-11
11700.00 3.508511e-11
11710.00 3.508275e-11
11720.00 3.508055e-11
11730.00 3.507868e-11
11740.00 3.507698e-11
11750.00 3.507557e-11
11760.00 3.507439e-11
11770.00 3.507348e-11
11780.00 3.507280e-11
11790.00 3.507238e-11
11800.00 3.507221e-11
11810.00 3.507234e-11
11820.00 3.507268e-11
11830.00 3.507332e-11
11840.00 3.507424e-11
11850.00 3.507541e-11
11860.00 3.507687e-11
11870.00 3.507856e-11
11880.00 3.508058e-11
11890.00 3.508285e-11
11900.00 3.508541e-11
11910.00 3.508829e-11
11920.00 3.509142e-11
11930.00 3.509487e-11
11940.00 3.509860e-11
11950.00 3.510264e-11
11960.00 3.510696e-11
11970.00 3.511158e-11
11980.00 3.511651e-11
11990.00 3.512175e-11
12000.00 3.512732e-11
12010.00 3.513319e-11
12020.00 3.513937e-11
12030.00 3.514589e-11
12040.00 3.515271e-11
12050.00 3.515987e-11
12060.00 3.516736e-11
12070.00 3.517517e-11
12080.00 3.518330e-11
12090.00 3.519181e-11
12100.00 3.520064e-11
12110.00 3.520980e-11
12120.00 3.521931e-11
12130.00 3.522917e-11
12140.00 3.523938e-11
12150.00 3.524993e-11
12160.00 3.526089e-11
12170.00 3.527216e-11
12180.00 3.528385e-11
12190.00 3.529583e-11
12200.00 3.530823e-11
12210.00 3.532099e-11
12220.00 3.533415e-11
12230.00 3.534765e-11
12240.00 3.536151e-11
12250.00 3.537582e-11
12260.00 3.539050e-11
12270.00 3.540553e-11
12280.00 3.542100e-11
12290.00 3.543682e-11
12300.00 3.545307e-11
12310.00 3.546974e-11
12320.00 3.548681e-11
12330.00 3.550429e-11
12340.00 3.552212e-11
12350.00 3.554043e-11
12360.00 3.555916e-11
12370.00 3.557827e-11
12380.00 3.559785e-11
12390.00 3.561784e-11
12400.00 3.563827e-11
12410.00 3.565912e-11
12420.00 3.568041e-11
12430.00 3.570216e-11
12440.00 3.572432e-11
12450.00 3.574696e-11
12460.00 3.577003e-11
12470.00 3.579357e-11
12480.00 3.581757e-11
12490.00 3.584204e-11
12500.00 3.586694e-11
12510.00 3.590643e-11
12520.00 3.594645e-11
12530.00 3.598688e-11
12540.00 3.602782e-11
12550.00 3.606920e-11
12560.00 3.611110e-11
12570.00 3.615351e-11
12580.00 3.619634e-11
12590.00 3.623971e-11
12600.00 3.628358e-11
12610.00 3.632794e-11
12620.00 3.637279e-11
12630.00 3.641819e-11
12640.00 3.646408e-11
12650.00 3.651049e-11
12660.00 3.655745e-11
12670.00 3.660493e-11
12680.00 3.665293e-11
12690.00 3.670150e-11
12700.00 3.675056e-11
12710.00 3.680018e-11
12720.00 3.685034e-11
12730.00 3.690109e-11
12740.00 3.695238e-11
12750.00 3.700424e-11
12760.00 3.705664e-11
12770.00 3.710962e-11
12780.00 3.716319e-11
12790.00 3.721732e-11
12800.00 3.727204e-11
12810.00 3.732734e-11
12820.00 3.738324e-11
12830.00 3.743974e-11
12840.00 3.749680e-11
12850.00 3.755451e-11
12860.00 3.761282e-11
12870.00 3.767171e-11
12880.00 3.773118e-11
12890.00 3.779132e-11
12900.00 3.785207e-11
12910.00 3.791337e-11
12920.00 3.797523e-11
12930.00 3.803775e-11
12940.00 3.810087e-11
12950.00 3.816455e-11
12960.00 3.822880e-11
12970.00 3.829371e-11
12980.00 3.835910e-11
12990.00 3.842517e-11
13000.00 3.849181e-11
13010.00 3.855900e-11
13020.00 3.862680e-11
13030.00 3.869520e-11
13040.00 3.876414e-11
13050.00 3.883365e-11
13060.00 3.890379e-11
13070.00 3.897445e-11
13080.00 3.904571e-11
13090.00 3.911754e-11
13100.00 3.918992e-11
13110.00 3.926287e-11
13120.00 3.933645e-11
13130.00 3.941051e-11
13140.00 3.948516e-11
13150.00 3.956036e-11
13160.00 3.963616e-11
13170.00 3.971245e-11
13180.00 3.978933e-11
13190.00 3.986678e-11
13200.00 3.994477e-11
13210.00 4.002329e-11
13220.00 4.010235e-11
13230.00 4.018196e-11
13240.00 4.026213e-11
13250.00 4.034285e-11
13260.00 4.042410e-11
13270.00 4.050587e-11
13280.00 4.058818e-11
13290.00 4.067103e-11
13300.00 4.075443e-11
13310.00 4.083828e-11
13320.00 4.092274e-11
13330.00 4.100764e-11
13340.00 4.109312e-11
13350.00 4.117913e-11
13360.00 4.126559e-11
13370.00 4.135266e-11
13380.00 4.144018e-11
13390.00 4.152821e-11
13400.00 4.161675e-11
13410.00 4.170579e-11
13420.00 4.179530e-11
13430.00 4.188539e-11
13440.00 4.197591e-11
13450.00 4.206697e-11
13460.00 4.215846e-11
13470.00 4.225053e-11
13480.00 4.234301e-11
13490.00 4.243597e-11
13500.00 4.252946e-11
13510.00 4.262340e-11
13520.00 4.271784e-11
13530.00 4.281271e-11
13540.00 4.290812e-11
13550.00 4.300396e-11
13560.00 4.310021e-11
13570.00 4.319698e-11
13580.00 4.329422e-11
13590.00 4.339187e-11
13600.00 4.349001e-11
13610.00 4.358858e-11
13620.00 4.368762e-11
13630.00 4.378709e-11
13640.00 4.388699e-11
13650.00 4.398737e-11
13660.00 4.408815e-11
13670.00 4.418937e-11
13680.00 4.429099e-11
13690.00 4.439304e-11
13700.00 4.449558e-11
13710.00 4.446763e-11
13720.00 4.443950e-11
13730.00 4.441115e-11
13740.00 4.438262e-11
13750.00 4.435387e-11
13760.00 4.432489e-11
13770.00 4.429572e-11
13780.00 4.426627e-11
13790.00 4.423663e-11
13800.00 4.420671e-11
13810.00 4.417656e-11
13820.00 4.414616e-11
13830.00 4.411545e-11
13840.00 4.408451e-11
13850.00 4.405330e-11
13860.00 4.402183e-11
13870.00 4.399002e-11
13880.00 4.395788e-11
13890.00 4.392552e-11
13900.00 4.389279e-11
13910.00 4.385973e-11
13920.00 4.382639e-11
13930.00 4.379272e-11
13940.00 4.375868e-11
13950.00 4.372431e-11
13960.00 4.368963e-11
13970.00 4.365455e-11
13980.00 4.361913e-11
13990.00 4.358332e-11
14000.00 4.354713e-11
14010.00 4.351058e-11
14020.00 4.347364e-11
14030.00 4.343627e-11
14040.00 4.339855e-11
14050.00 4.336041e-11
14060.00 4.332185e-11
14070.00 4.328285e-11
14080.00 4.324341e-11
14090.00 4.320357e-11
14100.00 4.316332e-11
14110.00 4.312259e-11
14120.00 4.308142e-11
14130.00 4.303977e-11
14140.00 4.299771e-11
14150.00 4.295511e-11
14160.00 4.291208e-11
14170.00 4.286860e-11
14180.00 4.282454e-11
14190.00 4.278008e-11
14200.00 4.273509e-11
14210.00 4.268960e-11
14220.00 4.264357e-11
14230.00 4.259706e-11
14240.00 4.255001e-11
14250.00 4.250246e-11
14260.00 4.245436e-11
14270.00 4.240571e-11
14280.00 4.235651e-11
14290.00 4.230682e-11
14300.00 4.225649e-11
14310.00 4.220566e-11
14320.00 4.215422e-11
14330.00 4.210226e-11
14340.00 4.204969e-11
14350.00 4.199658e-11
14360.00 4.194284e-11
14370.00 4.188850e-11
14380.00 4.183358e-11
14390.00 4.177809e-11
14400.00 4.172192e-11
14410.00 4.166517e-11
14420.00 4.160781e-11
14430.00 4.154984e-11
14440.00 4.149120e-11
14450.00 4.143194e-11
14460.00 4.137207e-11
14470.00 4.131152e-11
14480.00 4.125036e-11
14490.00 4.118851e-11
14500.00 4.112603e-11
14510.00 4.106284e-11
14520.00 4.099902e-11
14530.00 4.093455e-11
14540.00 4.086939e-11
14550.00 4.080353e-11
14560.00 4.073699e-11
14570.00 4.066977e-11
14580.00 4.060184e-11
14590.00 4.053321e-11
14600.00 4.046387e-11
14610.00 4.039385e-11
14620.00 4.032314e-11
14630.00 4.025165e-11
14640.00 4.017949e-11
14650.00 4.010657e-11
14660.00 4.003293e-11
14670.00 3.995859e-11
14680.00 3.988347e-11
14690.00 3.980762e-11
14700.00 3.973104e-11
14710.00 3.965373e-11
14720.00 3.957565e-11
14730.00 3.949679e-11
14740.00 3.941718e-11
14750.00 3.933684e-11
14760.00 3.925569e-11
14770.00 3.917378e-11
14780.00 3.909115e-11
14790.00 3.900767e-11
14800.00 3.892344e-11
14810.00 3.883843e-11
14820.00 3.875269e-11
14830.00 3.866608e-11
14840.00 3.857870e-11
14850.00 3.849053e-11
14860.00 3.840156e-11
14870.00 3.831181e-11
14880.00 3.822129e-11
14890.00 3.812993e-11
14900.00 3.803780e-11
14910.00 3.794486e-11
14920.00 3.785111e-11
14930.00 3.775659e-11
14940.00 3.766127e-11
14950.00 3.756514e-11
14960.00 3.746821e-11
14970.00 3.737050e-11
14980.00 3.727194e-11
14990.00 3.717261e-11
15000.00 3.707245e-11
15010.00 3.714776e-11
15020.00 3.722297e-11
15030.00 3.729810e-11
15040.00 3.737315e-11
15050.00 3.744802e-11
15060.00 3.752286e-11
15070.00 3.759759e-11
15080.00 3.767223e-11
15090.00 3.774675e-11
15100.00 3.782118e-11
15110.00 3.789550e-11
15120.00 3.796971e-11
15130.00 3.804382e-11
15140.00 3.811781e-11
15150.00 3.819170e-11
15160.00 3.826550e-11
15170.00 3.833915e-11
15180.00 3.841266e-11
15190.00 3.848609e-11
15200.00 3.855939e-11
15210.00 3.863259e-11
15220.00 3.870563e-11
15230.00 3.877857e-11
15240.00 3.885139e-11
15250.00 3.892406e-11
15260.00 3.899660e-11
15270.00 3.906901e-11
15280.00 3.914131e-11
15290.00 3.921345e-11
15300.00 3.928546e-11
15310.00 3.935734e-11
15320.00 3.942903e-11
15330.00 3.950065e-11
15340.00 3.957207e-11
15350.00 3.964337e-11
15360.00 3.971453e-11
15370.00 3.978552e-11
15380.00 3.985637e-11
15390.00 3.992705e-11
15400.00 3.999760e-11
15410.00 4.006801e-11
15420.00 4.013819e-11
15430.00 4.020828e-11
15440.00 4.027822e-11
15450.00 4.034790e-11
15460.00 4.041752e-11
15470.00 4.048693e-11
15480.00 4.055617e-11
15490.00 4.062525e-11
15500.00 4.069414e-11
15510.00 4.076287e-11
15520.00 4.083141e-11
15530.00 4.089979e-11
15540.00 4.096798e-11
15550.00 4.103598e-11
15560.00 4.110381e-11
15570.00 4.117147e-11
15580.00 4.123895e-11
15590.00 4.130620e-11
15600.00 4.137332e-11
15610.00 4.144020e-11
15620.00 4.150687e-11
15630.00 4.157336e-11
15640.00 4.163971e-11
15650.00 4.170582e-11
15660.00 4.177173e-11
15670.00 4.183745e-11
15680.00 4.190299e-11
15690.00 4.196828e-11
15700.00 4.203337e-11
15710.00 4.209825e-11
15720.00 4.216296e-11
15730.00 4.222740e-11
15740.00 4.229167e-11
15750.00 4.235572e-11
15760.00 4.241952e-11
15770.00 4.248316e-11
15780.00 4.254653e-11
15790.00 4.260970e-11
15800.00 4.267262e-11
15810.00 4.273534e-11
15820.00 4.279785e-11
15830.00 4.286012e-11
15840.00 4.292215e-11
15850.00 4.298394e-11
15860.00 4.304549e-11
15870.00 4.310685e-11
15880.00 4.316794e-11
15890.00 4.322881e-11
15900.00 4.328938e-11
15910.00 4.334978e-11
15920.00 4.340990e-11
15930.00 4.346975e-11
15940.00 4.352943e-11
15950.00 4.358880e-11
15960.00 4.364795e-11
15970.00 4.370683e-11
15980.00 4.376544e-11
15990.00 4.382382e-11
16000.00 4.388195e-11
16010.00 4.393979e-11
16020.00 4.399737e-11
16030.00 4.405473e-11
16040.00 4.411180e-11
16050.00 4.416861e-11
16060.00 4.422517e-11
16070.00 4.428142e-11
16080.00 4.433741e-11
16090.00 4.439313e-11
16100.00 4.444860e-11
16110.00 4.450378e-11
16120.00 4.455867e-11
16130.00 4.461329e-11
16140.00 4.466763e-11
16150.00 4.472172e-11
16160.00 4.477548e-11
16170.00 4.482899e-11
16180.00 4.488218e-11
16190.00 4.493508e-11
16200.00 4.498771e-11
16210.00 4.504008e-11
16220.00 4.509213e-11
16230.00 4.514383e-11
16240.00 4.519531e-11
16250.00 4.524647e-11
16260.00 4.528200e-11
16270.00 4.531724e-11
16280.00 4.535216e-11
16290.00 4.538676e-11
16300.00 4.542109e-11
16310.00 4.545508e-11
16320.00 4.548876e-11
16330.00 4.552216e-11
16340.00 4.555520e-11
16350.00 4.558790e-11
16360.00 4.562037e-11
16370.00 4.565246e-11
16380.00 4.568426e-11
16390.00 4.571574e-11
16400.00 4.574688e-11
16410.00 4.577766e-11
16420.00 4.580821e-11
16430.00 4.583836e-11
16440.00 4.586820e-11
16450.00 4.589774e-11
16460.00 4.592693e-11
16470.00 4.595581e-11
16480.00 4.598434e-11
16490.00 4.601252e-11
16500.00 4.604038e-11
16510.00 4.606792e-11
16520.00 4.609511e-11
16530.00 4.612200e-11
16540.00 4.614850e-11
16550.00 4.617469e-11
16560.00 4.620053e-11
16570.00 4.622601e-11
16580.00 4.625114e-11
16590.00 4.627601e-11
16600.00 4.630048e-11
16610.00 4.632456e-11
16620.00 4.634837e-11
16630.00 4.637181e-11
16640.00 4.639485e-11
16650.00 4.641758e-11
16660.00 4.643998e-11
16670.00 4.646199e-11
16680.00 4.648368e-11
16690.00 4.650499e-11
16700.00 4.652595e-11
16710.00 4.654654e-11
16720.00 4.656680e-11
16730.00 4.658672e-11
16740.00 4.660624e-11
16750.00 4.662539e-11
16760.00 4.664420e-11
16770.00 4.666261e-11
16780.00 4.668073e-11
16790.00 4.669842e-11
16800.00 4.671576e-11
16810.00 4.673273e-11
16820.00 4.674938e-11
16830.00 4.676562e-11
16840.00 4.678151e-11
16850.00 4.679703e-11
16860.00 4.681226e-11
16870.00 4.682704e-11
16880.00 4.684150e-11
16890.00 4.685561e-11
16900.00 4.686935e-11
16910.00 4.688276e-11
16920.00 4.689582e-11
16930.00 4.690854e-11
16940.00 4.692087e-11
16950.00 4.693290e-11
16960.00 4.694460e-11
16970.00 4.695596e-11
16980.00 4.696697e-11
16990.00 4.697764e-11
17000.00 4.698795e-11
17010.00 4.699799e-11
17020.00 4.700763e-11
17030.00 4.701701e-11
17040.00 4.702601e-11
17050.00 4.703475e-11
17060.00 4.704314e-11
17070.00 4.705117e-11
17080.00 4.705892e-11
17090.00 4.706633e-11
17100.00 4.707342e-11
17110.00 4.708022e-11
17120.00 4.708671e-11
17130.00 4.709288e-11
17140.00 4.709875e-11
17150.00 4.710430e-11
17160.00 4.710956e-11
17170.00 4.711450e-11
17180.00 4.711919e-11
17190.00 4.712354e-11
17200.00 4.712758e-11
17210.00 4.713134e-11
17220.00 4.713483e-11
17230.00 4.713799e-11
17240.00 4.714089e-11
17250.00 4.714347e-11
17260.00 4.714581e-11
17270.00 4.714784e-11
17280.00 4.714958e-11
17290.00 4.715108e-11
17300.00 4.715229e-11
17310.00 4.715322e-11
17320.00 4.715384e-11
17330.00 4.715422e-11
17340.00 4.715432e-11
17350.00 4.715414e-11
17360.00 4.715371e-11
17370.00 4.715305e-11
17380.00 4.715209e-11
17390.00 4.715083e-11
17400.00 4.714939e-11
17410.00 4.714762e-11
17420.00 4.714566e-11
17430.00 4.714343e-11
17440.00 4.714092e-11
17450.00 4.713817e-11
17460.00 4.713519e-11
17470.00 4.713195e-11
17480.00 4.712844e-11
17490.00 4.712474e-11
17500.00 4.712076e-11
17510.00 4.711660e-11
17520.00 4.711213e-11
17530.00 4.710750e-11
17540.00 4.710257e-11
17550.00 4.709744e-11
17560.00 4.709211e-11
17570.00 4.708649e-11
17580.00 4.708070e-11
17590.00 4.707465e-11
17600.00 4.706839e-11
17610.00 4.706191e-11
17620.00 4.705526e-11
17630.00 4.704830e-11
17640.00 4.704118e-11
17650.00 4.703388e-11
17660.00 4.702631e-11
17670.00 4.701858e-11
17680.00 4.701062e-11
17690.00 4.700246e-11
17700.00 4.699406e-11
17710.00 4.698551e-11
17720.00 4.697676e-11
17730.00 4.696781e-11
17740.00 4.695865e-11
17750.00 4.694933e-11
17760.00 4.693974e-11
17770.00 4.693006e-11
17780.00 4.692015e-11
17790.00 4.691005e-11
17800.00 4.689975e-11
17810.00 4.688928e-11
17820.00 4.687865e-11
17830.00 4.686785e-11
17840.00 4.685682e-11
17850.00 4.684568e-11
17860.00 4.683435e-11
17870.00 4.682282e-11
17880.00 4.681114e-11
17890.00 4.679930e-11
17900.00 4.678730e-11
17910.00 4.677516e-11
17920.00 4.676281e-11
17930.00 4.675030e-11
17940.00 4.673767e-11
17950.00 4.672486e-11
17960.00 4.671192e-11
17970.00 4.669879e-11
17980.00 4.668554e-11
17990.00 4.667211e-11
18000.00 4.665860e-11
18010.00 4.650141e-11
18020.00 4.634412e-11
18030.00 4.618684e-11
18040.00 4.602948e-11
18050.00 4.587210e-11
18060.00 4.571462e-11
18070.00 4.555714e-11
18080.00 4.539961e-11
18090.00 4.524205e-11
18100.00 4.508448e-11
18110.00 4.492681e-11
18120.00 4.476920e-11
18130.00 4.461151e-11
18140.00 4.445381e-11
18150.00 4.429610e-11
18160.00 4.413837e-11
18170.00 4.398062e-11
18180.00 4.382288e-11
18190.00 4.366510e-11
18200.00 4.350733e-11
18210.00 4.334960e-11
18220.00 4.319186e-11
18230.00 4.303405e-11
18240.00 4.287631e-11
18250.00 4.271858e-11
18260.00 4.256086e-11
18270.00 4.240315e-11
18280.00 4.224543e-11
18290.00 4.208778e-11
18300.00 4.193012e-11
18310.00 4.177248e-11
18320.00 4.161491e-11
18330.00 4.145731e-11
18340.00 4.129979e-11
18350.00 4.114227e-11
18360.00 4.098479e-11
18370.00 4.082735e-11
18380.00 4.066994e-11
18390.00 4.051261e-11
18400.00 4.035531e-11
18410.00 4.019805e-11
18420.00 4.004084e-11
18430.00 3.988373e-11
18440.00 3.972663e-11
18450.00 3.956956e-11
18460.00 3.941260e-11
18470.00 3.925565e-11
18480.00 3.909881e-11
18490.00 3.894203e-11
18500.00 3.878532e-11
18510.00 3.862864e-11
18520.00 3.847208e-11
18530.00 3.831556e-11
18540.00 3.815912e-11
18550.00 3.800278e-11
18560.00 3.784650e-11
18570.00 3.769027e-11
18580.00 3.753416e-11
18590.00 3.737813e-11
18600.00 3.722218e-11
18610.00 3.706632e-11
18620.00 3.691053e-11
18630.00 3.675488e-11
18640.00 3.659930e-11
18650.00 3.644382e-11
18660.00 3.628840e-11
18670.00 3.613312e-11
18680.00 3.597791e-11
18690.00 3.582278e-11
18700.00 3.566779e-11
18710.00 3.551292e-11
18720.00 3.535812e-11
18730.00 3.520343e-11
18740.00 3.504888e-11
18750.00 3.489440e-11
18760.00 3.474004e-11
18770.00 3.458581e-11
18780.00 3.443170e-11
18790.00 3.427763e-11
18800.00 3.412381e-11
18810.00 3.397002e-11
18820.00 3.381642e-11
18830.00 3.366285e-11
18840.00 3.350944e-11
18850.00 3.335616e-11
18860.00 3.320298e-11
18870.00 3.304996e-11
18880.00 3.289705e-11
18890.00 3.274427e-11
18900.00 3.259158e-11
18910.00 3.243906e-11
18920.00 3.228668e-11
18930.00 3.213441e-11
18940.00 3.198232e-11
18950.00 3.183030e-11
18960.00 3.167845e-11
18970.00 3.152674e-11
18980.00 3.137515e-11
18990.00 3.122369e-11
19000.00 3.107239e-11
19010.00 3.092124e-11
19020.00 3.077018e-11
19030.00 3.061931e-11
19040.00 3.046852e-11
19050.00 3.031795e-11
19060.00 3.016749e-11
19070.00 3.001714e-11
19080.00 2.986700e-11
19090.00 2.971696e-11
19100.00 2.956708e-11
19110.00 2.941737e-11
19120.00 2.926780e-11
19130.00 2.911835e-11
19140.00 2.896905e-11
19150.00 2.881991e-11
19160.00 2.867093e-11
19170.00 2.852210e-11
19180.00 2.837341e-11
19190.00 2.822487e-11
19200.00 2.807650e-11
19210.00 2.792825e-11
19220.00 2.778020e-11
19230.00 2.763224e-11
19240.00 2.748447e-11
19250.00 2.733688e-11
19260.00 2.718937e-11
19270.00 2.704211e-11
19280.00 2.689492e-11
19290.00 2.674795e-11
19300.00 2.660110e-11
19310.00 2.645442e-11
19320.00 2.630787e-11
19330.00 2.616149e-11
19340.00 2.601526e-11
19350.00 2.586920e-11
19360.00 2.572330e-11
19370.00 2.557754e-11
19380.00 2.543194e-11
19390.00 2.528650e-11
19400.00 2.514123e-11
19410.00 2.499610e-11
19420.00 2.485110e-11
19430.00 2.470630e-11
19440.00 2.456168e-11
19450.00 2.441716e-11
19460.00 2.427280e-11
19470.00 2.412862e-11
19480.00 2.398459e-11
19490.00 2.384069e-11
19500.00 2.369699e-11
19510.00 2.355342e-11
19520.00 2.341001e-11
19530.00 2.326676e-11
19540.00 2.312365e-11
19550.00 2.298072e-11
19560.00 2.283793e-11
19570.00 2.269531e-11
19580.00 2.255282e-11
19590.00 2.241047e-11
19600.00 2.226830e-11
19610.00 2.212628e-11
19620.00 2.198440e-11
19630.00 2.184267e-11
19640.00 2.170110e-11
19650.00 2.155968e-11
19660.00 2.141839e-11
19670.00 2.127724e-11
19680.00 2.113622e-11
19690.00 2.099535e-11
19700.00 2.085463e-11
19710.00 2.071406e-11
19720.00 2.057359e-11
19730.00 2.043330e-11
19740.00 2.029309e-11
19750.00 2.015305e-11
19760.00 2.001311e-11
19770.00 1.987332e-11
19780.00 1.973366e-11
19790.00 1.959413e-11
19800.00 1.945473e-11
19810.00 1.931541e-11
19820.00 1.917626e-11
19830.00 1.903723e-11
19840.00 1.889831e-11
19850.00 1.875950e-11
19860.00 1.862080e-11
19870.00 1.848223e-11
19880.00 1.834378e-11
19890.00 1.820545e-11
19900.00 1.806718e-11
19910.00 1.792909e-11
19920.00 1.779107e-11
19930.00 1.765317e-11
19940.00 1.751537e-11
19950.00 1.737768e-11
19960.00 1.724012e-11
19970.00 1.710263e-11
19980.00 1.696527e-11
19990.00 1.682798e-11
20000.00 1.669081e-11
20010.00 1.655373e-11
20020.00 1.641675e-11
20030.00 1.627988e-11
20040.00 1.614308e-11
20050.00 1.600640e-11
20060.00 1.586981e-11
20070.00 1.573333e-11
20080.00 1.559689e-11
20090.00 1.546055e-11
20100.00 1.532434e-11
20110.00 1.532136e-11
20120.00 1.531843e-11
20130.00 1.531551e-11
20140.00 1.531266e-11
20150.00 1.530982e-11
20160.00 1.530703e-11
20170.00 1.530427e-11
20180.00 1.530153e-11
20190.00 1.529884e-11
20200.00 1.529620e-11
20210.00 1.529358e-11
20220.00 1.529097e-11
20230.00 1.528841e-11
20240.00 1.528588e-11
20250.00 1.528339e-11
20260.00 1.528094e-11
20270.00 1.527851e-11
20280.00 1.527613e-11
20290.00 1.527377e-11
20300.00 1.527144e-11
20310.00 1.526915e-11
20320.00 1.526688e-11
20330.00 1.526467e-11
20340.00 1.526246e-11
20350.00 1.526032e-11
20360.00 1.525817e-11
20370.00 1.525608e-11
20380.00 1.525399e-11
20390.00 1.525195e-11
20400.00 1.524996e-11
20410.00 1.524799e-11
20420.00 1.524603e-11
20430.00 1.524411e-11
20440.00 1.524222e-11
20450.00 1.524036e-11
20460.00 1.523855e-11
20470.00 1.523674e-11
20480.00 1.523499e-11
20490.00 1.523326e-11
20500.00 1.523153e-11
20510.00 1.522985e-11
20520.00 1.522821e-11
20530.00 1.522656e-11
20540.00 1.522498e-11
20550.00 1.522341e-11
20560.00 1.522189e-11
20570.00 1.522038e-11
20580.00 1.521889e-11
20590.00 1.521746e-11
20600.00 1.521601e-11
20610.00 1.521462e-11
20620.00 1.521325e-11
20630.00 1.521190e-11
20640.00 1.521058e-11
20650.00 1.520932e-11
20660.00 1.520803e-11
20670.00 1.520679e-11
20680.00 1.520559e-11
20690.00 1.520442e-11
20700.00 1.520324e-11
20710.00 1.520212e-11
20720.00 1.520101e-11
20730.00 1.519993e-11
20740.00 1.519889e-11
20750.00 1.519785e-11
20760.00 1.519683e-11
20770.00 1.519586e-11
20780.00 1.519492e-11
20790.00 1.519397e-11
20800.00 1.519307e-11
20810.00 1.519218e-11
20820.00 1.519134e-11
20830.00 1.519050e-11
20840.00 1.518968e-11
20850.00 1.518890e-11
20860.00 1.518813e-11
20870.00 1.518740e-11
20880.00 1.518667e-11
20890.00 1.518598e-11
20900.00 1.518530e-11
20910.00 1.518464e-11
20920.00 1.518403e-11
20930.00 1.518343e-11
20940.00 1.518285e-11
20950.00 1.518231e-11
20960.00 1.518176e-11
20970.00 1.518123e-11
20980.00 1.518076e-11
20990.00 1.518027e-11
21000.00 1.517982e-11
21010.00 1.517938e-11
21020.00 1.517895e-11
21030.00 1.517858e-11
21040.00 1.517822e-11
21050.00 1.517787e-11
21060.00 1.517756e-11
21070.00 1.517723e-11
21080.00 1.517697e-11
21090.00 1.517668e-11
21100.00 1.517645e-11
21110.00 1.517620e-11
21120.00 1.517599e-11
21130.00 1.517582e-11
21140.00 1.517564e-11
21150.00 1.517550e-11
21160.00 1.517534e-11
21170.00 1.517524e-11
21180.00 1.517515e-11
21190.00 1.517506e-11
21200.00 1.517500e-11
21210.00 1.517497e-11
21220.00 1.517495e-11
21230.00 1.517494e-11
21240.00 1.517495e-11
21250.00 1.517499e-11
21260.00 1.517501e-11
21270.00 1.517509e-11
21280.00 1.517517e-11
21290.00 1.517527e-11
21300.00 1.517538e-11
21310.00 1.517550e-11
21320.00 1.517564e-11
21330.00 1.517581e-11
21340.00 1.517599e-11
21350.00 1.517618e-11
21360.00 1.517640e-11
21370.00 1.517664e-11
21380.00 1.517686e-11
21390.00 1.517711e-11
21400.00 1.517739e-11
21410.00 1.517768e-11
21420.00 1.517798e-11
21430.00 1.517828e-11
21440.00 1.517863e-11
21450.00 1.517896e-11
21460.00 1.517932e-11
21470.00 1.517969e-11
21480.00 1.518007e-11
21490.00 1.518048e-11
21500.00 1.518089e-11
21510.00 1.518131e-11
21520.00 1.518175e-11
21530.00 1.518221e-11
21540.00 1.518268e-11
21550.00 1.518315e-11
21560.00 1.518365e-11
21570.00 1.518416e-11
21580.00 1.518467e-11
21590.00 1.518519e-11
21600.00 1.518572e-11
21610.00 1.518629e-11
21620.00 1.518683e-11
21630.00 1.518742e-11
21640.00 1.518801e-11
21650.00 1.518862e-11
21660.00 1.518921e-11
21670.00 1.518984e-11
21680.00 1.519046e-11
21690.00 1.519110e-11
21700.00 1.519173e-11
21710.00 1.519241e-11
21720.00 1.519310e-11
21730.00 1.519377e-11
21740.00 1.519447e-11
21750.00 1.519514e-11
21760.00 1.519585e-11
21770.00 1.519658e-11
21780.00 1.519731e-11
21790.00 1.519805e-11
21800.00 1.519880e-11
21810.00 1.519955e-11
21820.00 1.520031e-11
21830.00 1.520108e-11
21840.00 1.520186e-11
21850.00 1.520266e-11
21860.00 1.520345e-11
21870.00 1.520427e-11
21880.00 1.520507e-11
21890.00 1.520588e-11
21900.00 1.520671e-11
21910.00 1.520754e-11
21920.00 1.520840e-11
21930.00 1.520923e-11
21940.00 1.521008e-11
21950.00 1.521094e-11
21960.00 1.521183e-11
21970.00 1.521270e-11
21980.00 1.521358e-11
21990.00 1.521448e-11
22000.00 1.521536e-11
22010.00 1.521627e-11
22020.00 1.521716e-11
22030.00 1.521808e-11
22040.00 1.521900e-11
22050.00 1.521990e-11
22060.00 1.522083e-11
22070.00 1.522177e-11
22080.00 1.522270e-11
22090.00 1.522365e-11
22100.00 1.522458e-11
22110.00 1.522551e-11
22120.00 1.522648e-11
22130.00 1.522741e-11
22140.00 1.522837e-11
22150.00 1.522937e-11
22160.00 1.523031e-11
22170.00 1.523128e-11
22180.00 1.523226e-11
22190.00 1.523322e-11
22200.00 1.523420e-11
22210.00 1.523521e-11
22220.00 1.523618e-11
22230.00 1.523716e-11
22240.00 1.523814e-11
22250.00 1.523915e-11
22260.00 1.524012e-11
22270.00 1.524111e-11
22280.00 1.524212e-11
22290.00 1.524309e-11
22300.00 1.524410e-11
22310.00 1.524510e-11
22320.00 1.524608e-11
22330.00 1.524710e-11
22340.00 1.524809e-11
22350.00 1.524910e-11
22360.00 1.525011e-11
22370.00 1.525111e-11
22380.00 1.525209e-11
22390.00 1.525312e-11
22400.00 1.525410e-11
22410.00 1.525510e-11
22420.00 1.525610e-11
22430.00 1.525712e-11
22440.00 1.525811e-11
22450.00 1.525911e-11
22460.00 1.526012e-11
22470.00 1.526111e-11
22480.00 1.526212e-11
22490.00 1.526312e-11
22500.00 1.526413e-11
22510.00 1.526512e-11
22520.00 1.526612e-11
22530.00 1.526715e-11
22540.00 1.526814e-11
22550.00 1.526914e-11
22560.00 1.527015e-11
22570.00 1.527116e-11
22580.00 1.527215e-11
22590.00 1.527315e-11
22600.00 1.527416e-11
22610.00 1.527515e-11
22620.00 1.527616e-11
22630.00 1.527718e-11
22640.00 1.527817e-11
22650.00 1.527918e-11
22660.00 1.528018e-11
22670.00 1.528119e-11
22680.00 1.528219e-11
22690.00 1.528319e-11
22700.00 1.528420e-11
22710.00 1.528519e-11
22720.00 1.528620e-11
22730.00 1.528722e-11
22740.00 1.528821e-11
22750.00 1.528923e-11
22760.00 1.529024e-11
22770.00 1.529123e-11
22780.00 1.529224e-11
22790.00 1.529326e-11
22800.00 1.529428e-11
22810.00 1.529526e-11
22820.00 1.529626e-11
22830.00 1.529728e-11
22840.00 1.529828e-11
22850.00 1.529930e-11
22860.00 1.530030e-11
22870.00 1.530132e-11
22880.00 1.530232e-11
22890.00 1.530331e-11
22900.00 1.530433e-11
22910.00 1.530536e-11
22920.00 1.530635e-11
22930.00 1.530736e-11
22940.00 1.530838e-11
22950.00 1.530939e-11
22960.00 1.531038e-11
22970.00 1.531140e-11
22980.00 1.531240e-11
22990.00 1.531342e-11
23000.00 1.531443e-11
23010.00 1.531545e-11
23020.00 1.531648e-11
23030.00 1.531746e-11
23040.00 1.531848e-11
23050.00 1.531948e-11
23060.00 1.532049e-11
23070.00 1.532150e-11
23080.00 1.532251e-11
23090.00 1.532353e-11
23100.00 1.532453e-11
23110.00 1.532555e-11
23120.00 1.532656e-11
23130.00 1.532757e-11
23140.00 1.532860e-11
23150.00 1.532960e-11
23160.00 1.533062e-11
23170.00 1.533163e-11
23180.00 1.533266e-11
23190.00 1.533366e-11
23200.00 1.533469e-11
23210.00 1.533568e-11
23220.00 1.533671e-11
23230.00 1.533774e-11
23240.00 1.533872e-11
23250.00 1.533975e-11
23260.00 1.534077e-11
23270.00 1.534177e-11
23280.00 1.534281e-11
23290.00 1.534382e-11
23300.00 1.534484e-11
23310.00 1.534585e-11
23320.00 1.534687e-11
23330.00 1.534787e-11
23340.00 1.534889e-11
23350.00 1.534991e-11
23360.00 1.535095e-11
23370.00 1.535195e-11
23380.00 1.535298e-11
23390.00 1.535398e-11
23400.00 1.535498e-11
23410.00 1.535601e-11
23420.00 1.535705e-11
23430.00 1.535808e-11
23440.00 1.535908e-11
23450.00 1.536011e-11
23460.00 1.536114e-11
23470.00 1.536214e-11
23480.00 1.536317e-11
23490.00 1.536420e-11
23500.00 1.536521e-11
23510.00 1.536624e-11
23520.00 1.536726e-11
23530.00 1.536829e-11
23540.00 1.536931e-11
23550.00 1.537033e-11
23560.00 1.537135e-11
23570.00 1.537236e-11
23580.00 1.537340e-11
23590.00 1.537442e-11
23600.00 1.537544e-11
23610.00 1.537647e-11
23620.00 1.537749e-11
23630.00 1.537852e-11
23640.00 1.537953e-11
23650.00 1.538057e-11
23660.00 1.538159e-11
23670.00 1.538262e-11
23680.00 1.538364e-11
23690.00 1.538467e-11
23700.00 1.538571e-11
23710.00 1.538672e-11
23720.00 1.538774e-11
23730.00 1.538878e-11
23740.00 1.538981e-11
23750.00 1.539083e-11
23760.00 1.539186e-11
23770.00 1.539289e-11
23780.00 1.539391e-11
23790.00 1.539496e-11
23800.00 1.539598e-11
23810.00 1.539702e-11
23820.00 1.539804e-11
23830.00 1.539906e-11
23840.00 1.540009e-11
23850.00 1.540114e-11
23860.00 1.540218e-11
23870.00 1.540317e-11
23880.00 1.540421e-11
23890.00 1.540525e-11
23900.00 1.540630e-11
23910.00 1.540733e-11
23920.00 1.540835e-11
23930.00 1.540937e-11
23940.00 1.541042e-11
23950.00 1.541146e-11
23960.00 1.541250e-11
23970.00 1.541353e-11
23980.00 1.541455e-11
23990.00 1.541560e-11
24000.00 1.541664e-11
24010.00 1.541767e-11
24020.00 1.541868e-11
24030.00 1.541974e-11
24040.00 1.542078e-11
24050.00 1.542181e-11
24060.00 1.542286e-11
24070.00 1.542389e-11
24080.00 1.542493e-11
24090.00 1.542597e-11
24100.00 1.542700e-11
24110.00 1.542805e-11
24120.00 1.542908e-11
24130.00 1.543013e-11
24140.00 1.543116e-11
24150.00 1.543221e-11
24160.00 1.543325e-11
24170.00 1.543429e-11
24180.00 1.543533e-11
24190.00 1.543638e-11
24200.00 1.543741e-11
24210.00 1.543845e-11
24220.00 1.543949e-11
24230.00 1.544053e-11
24240.00 1.544159e-11
24250.00 1.544262e-11
24260.00 1.544367e-11
24270.00 1.544471e-11
24280.00 1.544577e-11
24290.00 1.544681e-11
24300.00 1.544785e-11
24310.00 1.544889e-11
24320.00 1.544995e-11
24330.00 1.545098e-11
24340.00 1.545201e-11
24350.00 1.545307e-11
24360.00 1.545412e-11
24370.00 1.545519e-11
24380.00 1.545621e-11
24390.00 1.545727e-11
24400.00 1.545832e-11
24410.00 1.545936e-11
24420.00 1.546043e-11
24430.00 1.546147e-11
24440.00 1.546251e-11
24450.00 1.546357e-11
24460.00 1.546463e-11
24470.00 1.546567e-11
24480.00 1.546671e-11
24490.00 1.546780e-11
24500.00 1.546881e-11
24510.00 1.546988e-11
24520.00 1.547093e-11
24530.00 1.547198e-11
24540.00 1.547304e-11
24550.00 1.547410e-11
24560.00 1.547514e-11
24570.00 1.547620e-11
24580.00 1.547726e-11
24590.00 1.547831e-11
24600.00 1.547939e-11
24610.00 1.548041e-11
24620.00 1.548149e-11
24630.00 1.548253e-11
24640.00 1.548358e-11
24650.00 1.548466e-11
24660.00 1.548571e-11
24670.00 1.548676e-11
24680.00 1.548784e-11
24690.00 1.548889e-11
24700.00 1.548992e-11
24710.00 1.549101e-11
24720.00 1.549207e-11
24730.00 1.549313e-11
24740.00 1.549419e-11
24750.00 1.549525e-11
24760.00 1.549631e-11
24770.00 1.549737e-11
24780.00 1.549845e-11
24790.00 1.549952e-11
24800.00 1.550056e-11
24810.00 1.550162e-11
24820.00 1.550269e-11
24830.00 1.550375e-11
24840.00 1.550482e-11
24850.00 1.550589e-11
24860.00 1.550692e-11
24870.00 1.550803e-11
24880.00 1.550908e-11
24890.00 1.551015e-11
24900.00 1.551122e-11
24910.00 1.551228e-11
24920.00 1.551336e-11
24930.00 1.551443e-11
24940.00 1.551551e-11
24950.00 1.551657e-11
24960.00 1.551764e-11
24970.00 1.551871e-11
24980.00 1.551979e-11
24990.00 1.552084e-11
25000.00 1.552193e-11
