1000.00 1.573485e-15
1010.00 6.014299e-15
1020.00 1.606072e-14
1030.00 3.523655e-14
1040.00 6.806901e-14
1050.00 1.201111e-13
1060.00 1.979142e-13
1070.00 3.089509e-13
1080.00 4.614797e-13
1090.00 6.643551e-13
1100.00 9.267875e-13
1110.00 1.258042e-12
1120.00 1.667109e-12
1130.00 2.162315e-12
1140.00 2.750926e-12
1150.00 3.438725e-12
1160.00 4.229579e-12
1170.00 5.125042e-12
1180.00 6.123943e-12
1190.00 7.222071e-12
1200.00 8.411871e-12
1210.00 9.682242e-12
1220.00 1.101843e-11
1230.00 1.240201e-11
1240.00 1.381103e-11
1250.00 1.522020e-11
1260.00 1.660406e-11
1270.00 1.794714e-11
1280.00 1.923893e-11
1290.00 2.047180e-11
1300.00 2.164107e-11
1310.00 2.274513e-11
1320.00 2.378523e-11
1330.00 2.476553e-11
1340.00 2.569289e-11
1350.00 2.657667e-11
1360.00 2.742863e-11
1370.00 2.826268e-11
1380.00 2.909441e-11
1390.00 2.993126e-11
1400.00 3.077121e-11
1410.00 3.161167e-11
1420.00 3.244995e-11
1430.00 3.328334e-11
1440.00 3.410908e-11
1450.00 3.492453e-11
1460.00 3.572713e-11
1470.00 3.651441e-11
1480.00 3.728408e-11
1490.00 3.803404e-11
1500.00 3.876230e-11
1510.00 3.946754e-11
1520.00 4.015068e-11
1530.00 4.081319e-11
1540.00 4.145653e-11
1550.00 4.208223e-11
1560.00 4.269183e-11
1570.00 4.328689e-11
1580.00 4.386899e-11
1590.00 4.443978e-11
1600.00 4.500092e-11
1610.00 4.555410e-11
1620.00 4.610107e-11
1630.00 4.664360e-11
1640.00 4.718356e-11
1650.00 4.772280e-11
1660.00 4.826335e-11
1670.00 4.880723e-11
1680.00 4.935655e-11
1690.00 4.991349e-11
1700.00 5.048040e-11
1710.00 5.105965e-11
1720.00 5.165376e-11
1730.00 5.226536e-11
1740.00 5.289720e-11
1750.00 5.355217e-11
1760.00 5.423272e-11
1770.00 5.493901e-11
1780.00 5.567060e-11
1790.00 5.642700e-11
1800.00 5.720766e-11
1810.00 5.801198e-11
1820.00 5.883929e-11
1830.00 5.968887e-11
1840.00 6.055993e-11
1850.00 6.145161e-11
1860.00 6.236300e-11
1870.00 6.329307e-11
1880.00 6.424077e-11
1890.00 6.520493e-11
1900.00 6.618430e-11
1910.00 6.717757e-11
1920.00 6.818332e-11
1930.00 6.920007e-11
1940.00 7.022619e-11
1950.00 7.126000e-11
1960.00 7.229975e-11
1970.00 7.334349e-11
1980.00 7.438933e-11
1990.00 7.543512e-11
2000.00 7.647868e-11
2010.00 7.751821e-11
2020.00 7.855342e-11
2030.00 7.958462e-11
2040.00 8.061201e-11
2050.00 8.163589e-11
2060.00 8.265658e-11
2070.00 8.367434e-11
2080.00 8.468961e-11
2090.00 8.570273e-11
2100.00 8.671409e-11
2110.00 8.772413e-11
2120.00 8.873331e-11
2130.00 8.974211e-11
2140.00 9.075097e-11
2150.00 9.176054e-11
2160.00 9.277124e-11
2170.00 9.378376e-11
2180.00 9.479864e-11
2190.00 9.581654e-11
2200.00 9.683809e-11
2210.00 9.786399e-11
2220.00 9.889492e-11
2230.00 9.993168e-11
2240.00 1.009750e-10
2250.00 1.020256e-10
2260.00 1.030841e-10
2270.00 1.041492e-10
2280.00 1.052198e-10
2290.00 1.062942e-10
2300.00 1.073709e-10
2310.00 1.084484e-10
2320.00 1.095249e-10
2330.00 1.105989e-10
2340.00 1.116686e-10
2350.00 1.127321e-10
2360.00 1.137878e-10
2370.00 1.148335e-10
2380.00 1.158676e-10
2390.00 1.168880e-10
2400.00 1.178926e-10
2410.00 1.188795e-10
2420.00 1.198465e-10
2430.00 1.207914e-10
2440.00 1.217120e-10
2450.00 1.226063e-10
2460.00 1.234717e-10
2470.00 1.243062e-10
2480.00 1.251072e-10
2490.00 1.258723e-10
2500.00 1.265993e-10
2510.00 1.415206e-10
2520.00 1.662626e-10
2530.00 2.017607e-10
2540.00 2.022743e-10
2550.00 1.946791e-10
2560.00 1.859224e-10
2570.00 1.779868e-10
2580.00 1.692208e-10
2590.00 1.750396e-10
2600.00 1.749552e-10
2610.00 1.780708e-10
2620.00 1.652358e-10
2630.00 1.483304e-10
2640.00 1.529407e-10
2650.00 1.731446e-10
2660.00 1.942127e-10
2670.00 2.215574e-10
2680.00 2.697561e-10
2690.00 3.233767e-10
2700.00 3.644761e-10
2710.00 4.069202e-10
2720.00 4.360783e-10
2730.00 4.541029e-10
2740.00 4.807985e-10
2750.00 5.099394e-10
2760.00 5.078373e-10
2770.00 5.504642e-10
2780.00 5.572962e-10
2790.00 5.389751e-10
2800.00 5.209939e-10
2810.00 5.674826e-10
2820.00 5.884790e-10
2830.00 6.218225e-10
2840.00 6.599055e-10
2850.00 6.661095e-10
2860.00 7.427135e-10
2870.00 8.390669e-10
2880.00 9.137367e-10
2890.00 1.028358e-09
2900.00 1.140157e-09
2910.00 1.250856e-09
2920.00 1.301581e-09
2930.00 1.331636e-09
2940.00 1.349154e-09
2950.00 1.328720e-09
2960.00 1.294256e-09
2970.00 1.218906e-09
2980.00 1.152520e-09
2990.00 1.064131e-09
3000.00 1.006877e-09
3010.00 9.786639e-10
3020.00 9.720356e-10
3030.00 9.912189e-10
3040.00 1.001409e-09
3050.00 9.052882e-10
3060.00 8.571597e-10
3070.00 9.595274e-10
3080.00 1.002056e-09
3090.00 1.019947e-09
3100.00 1.028219e-09
3110.00 1.041332e-09
3120.00 1.105286e-09
3130.00 1.213602e-09
3140.00 1.306628e-09
3150.00 1.420213e-09
3160.00 1.521384e-09
3170.00 1.619891e-09
3180.00 1.607422e-09
3190.00 1.563940e-09
3200.00 1.491647e-09
3210.00 1.333385e-09
3220.00 1.420880e-09
3230.00 1.368612e-09
3240.00 1.297370e-09
3250.00 1.143375e-09
3260.00 1.023256e-09
3270.00 1.104232e-09
3280.00 1.121037e-09
3290.00 1.090698e-09
3300.00 1.102177e-09
3310.00 1.229129e-09
3320.00 1.216148e-09
3330.00 1.292637e-09
3340.00 1.323066e-09
3350.00 1.359964e-09
3360.00 1.366337e-09
3370.00 1.383043e-09
3380.00 1.427667e-09
3390.00 1.458538e-09
3400.00 1.515996e-09
3410.00 1.537591e-09
3420.00 1.571172e-09
3430.00 1.590394e-09
3440.00 1.608083e-09
3450.00 1.660454e-09
3460.00 1.705550e-09
3470.00 1.770050e-09
3480.00 1.824330e-09
3490.00 1.912535e-09
3500.00 2.022794e-09
3510.00 2.193070e-09
3520.00 2.287967e-09
3530.00 2.425694e-09
3540.00 2.559790e-09
3550.00 2.624440e-09
3560.00 2.701642e-09
3570.00 2.721355e-09
3580.00 2.747910e-09
3590.00 2.755022e-09
3600.00 2.720050e-09
3610.00 2.684020e-09
3620.00 2.612007e-09
3630.00 2.615684e-09
3640.00 2.668860e-09
3650.00 2.816180e-09
3660.00 2.934128e-09
3670.00 2.899890e-09
3680.00 2.822102e-09
3690.00 2.636829e-09
3700.00 2.407726e-09
3710.00 2.182222e-09
3720.00 2.028964e-09
3730.00 1.894186e-09
3740.00 1.818705e-09
3750.00 1.730578e-09
3760.00 1.642919e-09
3770.00 1.585637e-09
3780.00 1.549438e-09
3790.00 1.535735e-09
3800.00 1.548377e-09
3810.00 1.615176e-09
3820.00 1.748502e-09
3830.00 1.953564e-09
3840.00 2.199102e-09
3850.00 2.473311e-09
3860.00 2.775997e-09
3870.00 3.115332e-09
3880.00 3.406082e-09
3890.00 3.714520e-09
3900.00 3.981539e-09
3910.00 4.208223e-09
3920.00 4.359353e-09
3930.00 4.435247e-09
3940.00 4.461239e-09
3950.00 4.453137e-09
3960.00 4.368207e-09
3970.00 4.123556e-09
3980.00 3.902233e-09
3990.00 3.658051e-09
4000.00 3.496999e-09
4010.00 3.397617e-09
4020.00 3.368889e-09
4030.00 3.387819e-09
4040.00 3.505195e-09
4050.00 3.598251e-09
4060.00 3.743833e-09
4070.00 3.861184e-09
4080.00 3.935593e-09
4090.00 3.890126e-09
4100.00 3.929030e-09
4110.00 3.907186e-09
4120.00 3.918161e-09
4130.00 3.934700e-09
4140.00 3.966061e-09
4150.00 3.986986e-09
4160.00 4.022791e-09
4170.00 4.061912e-09
4180.00 4.062423e-09
4190.00 4.074571e-09
4200.00 4.032140e-09
4210.00 4.001478e-09
4220.00 3.909931e-09
4230.00 3.821818e-09
4240.00 3.719050e-09
4250.00 3.632808e-09
4260.00 3.502062e-09
4270.00 3.459005e-09
4280.00 3.340264e-09
4290.00 3.211281e-09
4300.00 3.071572e-09
4310.00 2.961167e-09
4320.00 2.860807e-09
4330.00 2.806704e-09
4340.00 2.779924e-09
4350.00 2.760867e-09
4360.00 2.726615e-09
4370.00 2.686087e-09
4380.00 2.671416e-09
4390.00 2.658133e-09
4400.00 2.636558e-09
4410.00 2.675842e-09
4420.00 2.721421e-09
4430.00 2.779880e-09
4440.00 2.893163e-09
4450.00 3.018306e-09
4460.00 3.143067e-09
4470.00 3.282127e-09
4480.00 3.417249e-09
4490.00 3.580227e-09
4500.00 3.726739e-09
4510.00 3.860876e-09
4520.00 4.033196e-09
4530.00 4.163274e-09
4540.00 4.295792e-09
4550.00 4.381326e-09
4560.00 4.461690e-09
4570.00 4.539794e-09
4580.00 4.576964e-09
4590.00 4.604628e-09
4600.00 4.610578e-09
4610.00 4.601335e-09
4620.00 4.569777e-09
4630.00 4.484972e-09
4640.00 4.337912e-09
4650.00 4.186101e-09
4660.00 3.966419e-09
4670.00 3.768729e-09
4680.00 3.522977e-09
4690.00 3.385616e-09
4700.00 3.328035e-09
4710.00 3.227084e-09
4720.00 3.118655e-09
4730.00 3.025359e-09
4740.00 2.946135e-09
4750.00 2.830906e-09
4760.00 2.749681e-09
4770.00 2.725244e-09
4780.00 2.709057e-09
4790.00 2.706160e-09
4800.00 2.699294e-09
4810.00 2.686531e-09
4820.00 2.668339e-09
4830.00 2.625433e-09
4840.00 2.565563e-09
4850.00 2.486131e-09
4860.00 2.436241e-09
4870.00 2.425527e-09
4880.00 2.418821e-09
4890.00 2.477554e-09
4900.00 2.588161e-09
4910.00 2.693797e-09
4920.00 2.811147e-09
4930.00 2.888053e-09
4940.00 2.918469e-09
4950.00 2.932301e-09
4960.00 2.908119e-09
4970.00 2.856944e-09
4980.00 2.780397e-09
4990.00 2.711544e-09
5000.00 2.659945e-09
5010.00 2.625567e-09
5020.00 2.628551e-09
5030.00 2.665638e-09
5040.00 2.722237e-09
5050.00 2.786347e-09
5060.00 2.853734e-09
5070.00 2.937574e-09
5080.00 3.012732e-09
5090.00 3.080413e-09
5100.00 3.134465e-09
5110.00 3.224323e-09
5120.00 3.287225e-09
5130.00 3.343077e-09
5140.00 3.404313e-09
5150.00 3.475623e-09
5160.00 3.540365e-09
5170.00 3.584973e-09
5180.00 3.626296e-09
5190.00 3.675974e-09
5200.00 3.704255e-09
5210.00 3.727751e-09
5220.00 3.749548e-09
5230.00 3.736654e-09
5240.00 3.671535e-09
5250.00 3.600332e-09
5260.00 3.497270e-09
5270.00 3.396678e-09
5280.00 3.293285e-09
5290.00 3.154495e-09
5300.00 3.043041e-09
5310.00 2.963130e-09
5320.00 2.938010e-09
5330.00 2.917575e-09
5340.00 2.903460e-09
5350.00 2.908679e-09
5360.00 2.915699e-09
5370.00 2.916507e-09
5380.00 2.892138e-09
5390.00 2.867211e-09
5400.00 2.850259e-09
5410.00 2.822537e-09
5420.00 2.771934e-09
5430.00 2.707611e-09
5440.00 2.637269e-09
5450.00 2.573521e-09
5460.00 2.503552e-09
5470.00 2.437785e-09
5480.00 2.379984e-09
5490.00 2.369923e-09
5500.00 2.357225e-09
5510.00 2.371438e-09
5520.00 2.417702e-09
5530.00 2.484792e-09
5540.00 2.552406e-09
5550.00 2.608429e-09
5560.00 2.642435e-09
5570.00 2.671860e-09
5580.00 2.697763e-09
5590.00 2.673814e-09
5600.00 2.636172e-09
5610.00 2.613924e-09
5620.00 2.584991e-09
5630.00 2.543788e-09
5640.00 2.502206e-09
5650.00 2.469254e-09
5660.00 2.428554e-09
5670.00 2.384897e-09
5680.00 2.342796e-09
5690.00 2.305518e-09
5700.00 2.277458e-09
5710.00 2.234260e-09
5720.00 2.183880e-09
5730.00 2.154241e-09
5740.00 2.103177e-09
5750.00 2.069439e-09
5760.00 2.058781e-09
5770.00 2.042746e-09
5780.00 2.049369e-09
5790.00 2.079671e-09
5800.00 2.101812e-09
5810.00 2.148714e-09
5820.00 2.220561e-09
5830.00 2.283011e-09
5840.00 2.345015e-09
5850.00 2.391061e-09
5860.00 2.442442e-09
5870.00 2.501131e-09
5880.00 2.530282e-09
5890.00 2.502261e-09
5900.00 2.489223e-09
5910.00 2.494357e-09
5920.00 2.489619e-09
5930.00 2.462517e-09
5940.00 2.432017e-09
5950.00 2.403295e-09
5960.00 2.352823e-09
5970.00 2.324972e-09
5980.00 2.287886e-09
5990.00 2.250239e-09
6000.00 2.214690e-09
6010.00 2.178210e-09
6020.00 2.106903e-09
6030.00 2.026380e-09
6040.00 1.947780e-09
6050.00 1.817834e-09
6060.00 1.648122e-09
6070.00 1.456003e-09
6080.00 1.296948e-09
6090.00 1.151620e-09
6100.00 1.030703e-09
6110.00 9.266317e-10
6120.00 8.470893e-10
6130.00 8.154484e-10
6140.00 8.066087e-10
6150.00 8.206751e-10
6160.00 8.548576e-10
6170.00 9.216092e-10
6180.00 9.900173e-10
6190.00 1.063305e-09
6200.00 1.155743e-09
6210.00 1.278599e-09
6220.00 1.365783e-09
6230.00 1.451079e-09
6240.00 1.540470e-09
6250.00 1.637122e-09
6260.00 1.719153e-09
6270.00 1.783617e-09
6280.00 1.822271e-09
6290.00 1.868354e-09
6300.00 1.915094e-09
6310.00 1.948050e-09
6320.00 1.952299e-09
6330.00 1.959298e-09
6340.00 1.962753e-09
6350.00 1.969076e-09
6360.00 1.958227e-09
6370.00 1.951567e-09
6380.00 1.951553e-09
6390.00 1.942843e-09
6400.00 1.932429e-09
6410.00 1.928377e-09
6420.00 1.914600e-09
6430.00 1.907127e-09
6440.00 1.904341e-09
6450.00 1.882706e-09
6460.00 1.873034e-09
6470.00 1.866005e-09
6480.00 1.850615e-09
6490.00 1.834970e-09
6500.00 1.819673e-09
6510.00 1.814045e-09
6520.00 1.791928e-09
6530.00 1.768433e-09
6540.00 1.740880e-09
6550.00 1.718944e-09
6560.00 1.691913e-09
6570.00 1.666714e-09
6580.00 1.636001e-09
6590.00 1.613686e-09
6600.00 1.576075e-09
6610.00 1.540014e-09
6620.00 1.496665e-09
6630.00 1.469435e-09
6640.00 1.434625e-09
6650.00 1.409947e-09
6660.00 1.384136e-09
6670.00 1.356780e-09
6680.00 1.335544e-09
6690.00 1.301237e-09
6700.00 1.266784e-09
6710.00 1.234486e-09
6720.00 1.219386e-09
6730.00 1.199842e-09
6740.00 1.187724e-09
6750.00 1.164465e-09
6760.00 1.136380e-09
6770.00 1.119415e-09
6780.00 1.099158e-09
6790.00 1.083549e-09
6800.00 1.076251e-09
6810.00 1.073620e-09
6820.00 1.061775e-09
6830.00 1.031606e-09
6840.00 9.906385e-10
6850.00 9.938488e-10
6860.00 9.638283e-10
6870.00 9.427320e-10
6880.00 9.292928e-10
6890.00 9.315150e-10
6900.00 9.271221e-10
6910.00 9.342607e-10
6920.00 9.380292e-10
6930.00 9.356135e-10
6940.00 9.301408e-10
6950.00 9.248395e-10
6960.00 9.154968e-10
6970.00 9.150229e-10
6980.00 9.076755e-10
6990.00 9.034077e-10
7000.00 8.888549e-10
7010.00 8.837462e-10
7020.00 8.784573e-10
7030.00 8.754502e-10
7040.00 8.741570e-10
7050.00 8.730423e-10
7060.00 8.669317e-10
7070.00 8.620568e-10
7080.00 8.568704e-10
7090.00 8.551161e-10
7100.00 8.533531e-10
7110.00 8.541738e-10
7120.00 8.464219e-10
7130.00 8.350082e-10
7140.00 8.298291e-10
7150.00 8.404974e-10
7160.00 8.093624e-10
7170.00 8.136947e-10
7180.00 8.303001e-10
7190.00 8.106241e-10
7200.00 8.356508e-10
7210.00 8.047749e-10
7220.00 8.053536e-10
7230.00 7.818131e-10
7240.00 7.823546e-10
7250.00 7.910901e-10
7260.00 8.037023e-10
7270.00 7.699645e-10
7280.00 7.956176e-10
7290.00 7.849981e-10
7300.00 7.614971e-10
7310.00 7.709123e-10
7320.00 7.488256e-10
7330.00 7.299270e-10
7340.00 6.931056e-10
7350.00 6.890545e-10
7360.00 6.583950e-10
7370.00 6.368303e-10
7380.00 6.362862e-10
7390.00 6.100513e-10
7400.00 6.127056e-10
7410.00 5.697798e-10
7420.00 5.740318e-10
7430.00 5.830092e-10
7440.00 5.762159e-10
7450.00 5.670112e-10
7460.00 5.403853e-10
7470.00 4.943271e-10
7480.00 4.636469e-10
7490.00 4.168862e-10
7500.00 4.015742e-10
7510.00 4.254953e-10
7520.00 4.444736e-10
7530.00 4.564160e-10
7540.00 4.537825e-10
7550.00 4.660645e-10
7560.00 4.597194e-10
7570.00 4.671193e-10
7580.00 4.813811e-10
7590.00 4.595409e-10
7600.00 4.517072e-10
7610.00 5.185813e-10
7620.00 4.812861e-10
7630.00 5.030307e-10
7640.00 5.031759e-10
7650.00 4.821774e-10
7660.00 4.900091e-10
7670.00 4.841203e-10
7680.00 4.753066e-10
7690.00 4.898480e-10
7700.00 4.858745e-10
7710.00 4.868887e-10
7720.00 4.822003e-10
7730.00 4.763861e-10
7740.00 4.639816e-10
7750.00 5.024204e-10
7760.00 5.084485e-10
7770.00 5.155153e-10
7780.00 5.267712e-10
7790.00 5.272223e-10
7800.00 5.276876e-10
7810.00 5.545272e-10
7820.00 5.395863e-10
7830.00 5.541224e-10
7840.00 5.465637e-10
7850.00 5.516554e-10
7860.00 5.577026e-10
7870.00 5.515589e-10
7880.00 5.532898e-10
7890.00 5.616823e-10
7900.00 5.525575e-10
7910.00 5.572918e-10
7920.00 5.359438e-10
7930.00 5.241076e-10
7940.00 5.299087e-10
7950.00 4.920011e-10
7960.00 4.922235e-10
7970.00 4.812721e-10
7980.00 4.666049e-10
7990.00 4.666083e-10
8000.00 4.517243e-10
8010.00 4.580528e-10
8020.00 4.307097e-10
8030.00 4.313657e-10
8040.00 4.173097e-10
8050.00 4.097901e-10
8060.00 3.984965e-10
8070.00 3.956475e-10
8080.00 3.844140e-10
8090.00 4.027490e-10
8100.00 3.965473e-10
8110.00 3.845766e-10
8120.00 3.904127e-10
8130.00 3.673676e-10
8140.00 3.843931e-10
8150.00 3.832016e-10
8160.00 3.632198e-10
8170.00 3.711195e-10
8180.00 3.283120e-10
8190.00 2.811345e-10
8200.00 2.849001e-10
8210.00 2.560100e-10
8220.00 2.493744e-10
8230.00 2.355108e-10
8240.00 2.300980e-10
8250.00 2.402807e-10
8260.00 2.359135e-10
8270.00 2.419016e-10
8280.00 2.295283e-10
8290.00 2.395054e-10
8300.00 2.526032e-10
8310.00 2.747677e-10
8320.00 2.866404e-10
8330.00 2.975526e-10
8340.00 3.116177e-10
8350.00 3.005536e-10
8360.00 3.025787e-10
8370.00 3.002378e-10
8380.00 2.964594e-10
8390.00 3.231470e-10
8400.00 3.259650e-10
8410.00 3.249495e-10
8420.00 3.504766e-10
8430.00 3.780780e-10
8440.00 4.241285e-10
8450.00 4.617398e-10
8460.00 4.986453e-10
8470.00 4.984808e-10
8480.00 5.264854e-10
8490.00 5.546634e-10
8500.00 5.905154e-10
8510.00 5.990334e-10
8520.00 6.020836e-10
8530.00 5.948297e-10
8540.00 6.136388e-10
8550.00 6.032517e-10
8560.00 6.128283e-10
8570.00 6.122745e-10
8580.00 6.041743e-10
8590.00 6.442344e-10
8600.00 6.628856e-10
8610.00 6.535277e-10
8620.00 6.736244e-10
8630.00 6.688346e-10
8640.00 6.631446e-10
8650.00 6.574413e-10
8660.00 6.630772e-10
8670.00 6.552307e-10
8680.00 6.382376e-10
8690.00 6.281799e-10
8700.00 6.457971e-10
8710.00 6.434347e-10
8720.00 6.436106e-10
8730.00 6.462699e-10
8740.00 6.355899e-10
8750.00 6.246248e-10
8760.00 6.268694e-10
8770.00 6.121117e-10
8780.00 6.024116e-10
8790.00 5.959684e-10
8800.00 5.940674e-10
8810.00 6.192583e-10
8820.00 6.062061e-10
8830.00 5.680069e-10
8840.00 5.767654e-10
8850.00 5.670220e-10
8860.00 5.569516e-10
8870.00 5.242210e-10
8880.00 4.886129e-10
8890.00 4.817093e-10
8900.00 4.625252e-10
8910.00 4.470702e-10
8920.00 4.400933e-10
8930.00 4.310417e-10
8940.00 4.432807e-10
8950.00 4.189717e-10
8960.00 4.117875e-10
8970.00 4.292341e-10
8980.00 4.312893e-10
8990.00 4.378495e-10
9000.00 4.208948e-10
9010.00 4.256855e-10
9020.00 4.112553e-10
9030.00 4.053730e-10
9040.00 3.957364e-10
9050.00 3.890946e-10
9060.00 3.835382e-10
9070.00 3.711722e-10
9080.00 3.541806e-10
9090.00 3.506966e-10
9100.00 3.792671e-10
9110.00 3.718472e-10
9120.00 3.353354e-10
9130.00 3.380868e-10
9140.00 3.450245e-10
9150.00 3.253676e-10
9160.00 3.306588e-10
9170.00 2.943380e-10
9180.00 3.134145e-10
9190.00 3.097631e-10
9200.00 3.135676e-10
9210.00 3.128067e-10
9220.00 3.190420e-10
9230.00 3.168299e-10
9240.00 3.108927e-10
9250.00 3.195640e-10
9260.00 3.092836e-10
9270.00 2.969508e-10
9280.00 2.868955e-10
9290.00 2.803509e-10
9300.00 2.755269e-10
9310.00 2.470848e-10
9320.00 2.256435e-10
9330.00 2.256089e-10
9340.00 2.366227e-10
9350.00 2.300713e-10
9360.00 2.329425e-10
9370.00 2.257890e-10
9380.00 2.400294e-10
9390.00 2.482104e-10
9400.00 2.370429e-10
9410.00 2.404958e-10
9420.00 2.166860e-10
9430.00 2.250756e-10
9440.00 2.322309e-10
9450.00 2.148580e-10
9460.00 2.255176e-10
9470.00 2.305046e-10
9480.00 2.106025e-10
9490.00 2.067266e-10
9500.00 2.158143e-10
9510.00 1.927770e-10
9520.00 1.883773e-10
9530.00 1.962183e-10
9540.00 1.982536e-10
9550.00 1.960706e-10
9560.00 2.044416e-10
9570.00 2.029340e-10
9580.00 1.834402e-10
9590.00 1.915493e-10
9600.00 2.012910e-10
9610.00 1.836644e-10
9620.00 1.958055e-10
9630.00 1.871360e-10
9640.00 1.780077e-10
9650.00 1.937093e-10
9660.00 1.867907e-10
9670.00 1.887799e-10
9680.00 1.891509e-10
9690.00 1.891358e-10
9700.00 1.863199e-10
9710.00 1.953768e-10
9720.00 1.797887e-10
9730.00 1.736211e-10
9740.00 1.613694e-10
9750.00 1.631930e-10
9760.00 1.619504e-10
9770.00 1.609852e-10
9780.00 1.585612e-10
9790.00 1.559273e-10
9800.00 1.524474e-10
9810.00 1.488205e-10
9820.00 1.454561e-10
9830.00 1.431179e-10
9840.00 1.418704e-10
9850.00 1.407423e-10
9860.00 1.400347e-10
9870.00 1.396441e-10
9880.00 1.392617e-10
9890.00 1.388559e-10
9900.00 1.384008e-10
9910.00 1.377701e-10
9920.00 1.366964e-10
9930.00 1.354661e-10
9940.00 1.355826e-10
9950.00 1.357918e-10
9960.00 1.338924e-10
9970.00 1.315765e-10
9980.00 1.308000e-10
9990.00 1.307189e-10
10000.00 1.292569e-10
10010.00 1.290130e-10
10020.00 1.287691e-10
10030.00 1.285254e-10
10040.00 1.282817e-10
10050.00 1.280382e-10
10060.00 1.277946e-10
10070.00 1.275511e-10
10080.00 1.273079e-10
10090.00 1.270645e-10
10100.00 1.268212e-10
10110.00 1.265780e-10
10120.00 1.263349e-10
10130.00 1.260919e-10
10140.00 1.258488e-10
10150.00 1.256058e-10
10160.00 1.253628e-10
10170.00 1.251197e-10
10180.00 1.248766e-10
10190.00 1.246337e-10
10200.00 1.243907e-10
10210.00 1.241478e-10
10220.00 1.239048e-10
10230.00 1.236618e-10
10240.00 1.234189e-10
10250.00 1.231756e-10
10260.00 1.229326e-10
10270.00 1.226896e-10
10280.00 1.224463e-10
10290.00 1.222031e-10
10300.00 1.219600e-10
10310.00 1.217166e-10
10320.00 1.214732e-10
10330.00 1.212297e-10
10340.00 1.209862e-10
10350.00 1.207427e-10
10360.00 1.204991e-10
10370.00 1.202553e-10
10380.00 1.200115e-10
10390.00 1.197675e-10
10400.00 1.195236e-10
10410.00 1.192795e-10
10420.00 1.190353e-10
10430.00 1.187908e-10
10440.00 1.185465e-10
10450.00 1.183019e-10
10460.00 1.180573e-10
10470.00 1.178126e-10
10480.00 1.175677e-10
10490.00 1.173228e-10
10500.00 1.170776e-10
10510.00 1.168324e-10
10520.00 1.165871e-10
10530.00 1.163418e-10
10540.00 1.160963e-10
10550.00 1.158507e-10
10560.00 1.156050e-10
10570.00 1.153591e-10
10580.00 1.151133e-10
10590.00 1.148673e-10
10600.00 1.146212e-10
10610.00 1.143748e-10
10620.00 1.141287e-10
10630.00 1.138823e-10
10640.00 1.136359e-10
10650.00 1.133893e-10
10660.00 1.131425e-10
10670.00 1.128957e-10
10680.00 1.126488e-10
10690.00 1.124020e-10
10700.00 1.121549e-10
10710.00 1.119077e-10
10720.00 1.116604e-10
10730.00 1.114131e-10
10740.00 1.111658e-10
10750.00 1.109182e-10
10760.00 1.106706e-10
10770.00 1.104230e-10
10780.00 1.101752e-10
10790.00 1.099272e-10
10800.00 1.096793e-10
10810.00 1.094311e-10
10820.00 1.091828e-10
10830.00 1.089348e-10
10840.00 1.086864e-10
10850.00 1.084381e-10
10860.00 1.081896e-10
10870.00 1.079410e-10
10880.00 1.076922e-10
10890.00 1.074436e-10
10900.00 1.071946e-10
10910.00 1.069457e-10
10920.00 1.066966e-10
10930.00 1.064476e-10
10940.00 1.061985e-10
10950.00 1.059491e-10
10960.00 1.056998e-10
10970.00 1.054503e-10
10980.00 1.052008e-10
10990.00 1.049513e-10
11000.00 1.047015e-10
11010.00 1.044518e-10
11020.00 1.042018e-10
11030.00 1.039520e-10
11040.00 1.037020e-10
11050.00 1.034518e-10
11060.00 1.032016e-10
11070.00 1.029513e-10
11080.00 1.027009e-10
11090.00 1.024504e-10
11100.00 1.021999e-10
11110.00 1.019492e-10
11120.00 1.016985e-10
11130.00 1.014479e-10
11140.00 1.011968e-10
11150.00 1.009459e-10
11160.00 1.006949e-10
11170.00 1.004438e-10
11180.00 1.001926e-10
11190.00 9.994126e-11
11200.00 9.968993e-11
11210.00 9.943865e-11
11220.00 9.918706e-11
11230.00 9.893540e-11
11240.00 9.868373e-11
11250.00 9.843188e-11
11260.00 9.818012e-11
11270.00 9.792799e-11
11280.00 9.767605e-11
11290.00 9.742392e-11
11300.00 9.717163e-11
11310.00 9.720612e-11
11320.00 9.724071e-11
11330.00 9.727540e-11
11340.00 9.731038e-11
11350.00 9.734523e-11
11360.00 9.738026e-11
11370.00 9.741544e-11
11380.00 9.745082e-11
11390.00 9.748631e-11
11400.00 9.752185e-11
11410.00 9.755769e-11
11420.00 9.759330e-11
11430.00 9.762928e-11
11440.00 9.766534e-11
11450.00 9.770154e-11
11460.00 9.773801e-11
11470.00 9.777439e-11
11480.00 9.781104e-11
11490.00 9.784772e-11
11500.00 9.788470e-11
11510.00 9.792164e-11
11520.00 9.795872e-11
11530.00 9.799616e-11
11540.00 9.803352e-11
11550.00 9.807120e-11
11560.00 9.810889e-11
11570.00 9.814674e-11
11580.00 9.818471e-11
11590.00 9.822275e-11
11600.00 9.826105e-11
11610.00 9.829961e-11
11620.00 9.833814e-11
11630.00 9.837686e-11
11640.00 9.841573e-11
11650.00 9.845475e-11
11660.00 9.849401e-11
11670.00 9.853318e-11
11680.00 9.857268e-11
11690.00 9.861221e-11
11700.00 9.865208e-11
11710.00 9.869208e-11
11720.00 9.873212e-11
11730.00 9.877232e-11
11740.00 9.881277e-11
11750.00 9.885327e-11
11760.00 9.889397e-11
11770.00 9.893498e-11
11780.00 9.897593e-11
11790.00 9.901725e-11
11800.00 9.905856e-11
11810.00 9.910020e-11
11820.00 9.914181e-11
11830.00 9.918365e-11
11840.00 9.922555e-11
11850.00 9.926775e-11
11860.00 9.931033e-11
11870.00 9.935277e-11
11880.00 9.939550e-11
11890.00 9.943837e-11
11900.00 9.948135e-11
11910.00 9.952456e-11
11920.00 9.956811e-11
11930.00 9.961154e-11
11940.00 9.965534e-11
11950.00 9.969918e-11
11960.00 9.974332e-11
11970.00 9.978760e-11
11980.00 9.983208e-11
11990.00 9.987669e-11
12000.00 9.992150e-11
12010.00 9.996662e-11
12020.00 1.000117e-10
12030.00 1.000572e-10
12040.00 1.001028e-10
12050.00 1.001484e-10
12060.00 1.001943e-10
12070.00 1.002406e-10
12080.00 1.002868e-10
12090.00 1.003334e-10
12100.00 1.003801e-10
12110.00 1.004270e-10
12120.00 1.004740e-10
12130.00 1.005213e-10
12140.00 1.005688e-10
12150.00 1.006164e-10
12160.00 1.006644e-10
12170.00 1.007125e-10
12180.00 1.007607e-10
12190.00 1.008093e-10
12200.00 1.008579e-10
12210.00 1.009068e-10
12220.00 1.009557e-10
12230.00 1.010051e-10
12240.00 1.010546e-10
12250.00 1.011042e-10
12260.00 1.011542e-10
12270.00 1.012042e-10
12280.00 1.012547e-10
12290.00 1.013052e-10
12300.00 1.013560e-10
12310.00 1.014069e-10
12320.00 1.014582e-10
12330.00 1.015095e-10
12340.00 1.015611e-10
12350.00 1.016129e-10
12360.00 1.016650e-10
12370.00 1.017172e-10
12380.00 1.017697e-10
12390.00 1.018225e-10
12400.00 1.018752e-10
12410.00 1.019286e-10
12420.00 1.019819e-10
12430.00 1.020355e-10
12440.00 1.020893e-10
12450.00 1.021434e-10
12460.00 1.021976e-10
12470.00 1.022520e-10
12480.00 1.023068e-10
12490.00 1.023619e-10
12500.00 1.024170e-10
12510.00 1.024887e-10
12520.00 1.025607e-10
12530.00 1.026330e-10
12540.00 1.027055e-10
12550.00 1.027782e-10
12560.00 1.028510e-10
12570.00 1.029243e-10
12580.00 1.029975e-10
12590.00 1.030711e-10
12600.00 1.031450e-10
12610.00 1.032190e-10
12620.00 1.032933e-10
12630.00 1.033678e-10
12640.00 1.034427e-10
12650.00 1.035176e-10
12660.00 1.035929e-10
12670.00 1.036683e-10
12680.00 1.037441e-10
12690.00 1.038198e-10
12700.00 1.038962e-10
12710.00 1.039725e-10
12720.00 1.040493e-10
12730.00 1.041262e-10
12740.00 1.042033e-10
12750.00 1.042809e-10
12760.00 1.043584e-10
12770.00 1.044364e-10
12780.00 1.045145e-10
12790.00 1.045929e-10
12800.00 1.046716e-10
12810.00 1.047505e-10
12820.00 1.048297e-10
12830.00 1.049090e-10
12840.00 1.049888e-10
12850.00 1.050687e-10
12860.00 1.051489e-10
12870.00 1.052294e-10
12880.00 1.053102e-10
12890.00 1.053912e-10
12900.00 1.054723e-10
12910.00 1.055539e-10
12920.00 1.056356e-10
12930.00 1.057176e-10
12940.00 1.058000e-10
12950.00 1.058824e-10
12960.00 1.059651e-10
12970.00 1.060481e-10
12980.00 1.061313e-10
12990.00 1.062147e-10
13000.00 1.062986e-10
13010.00 1.063825e-10
13020.00 1.064666e-10
13030.00 1.065511e-10
13040.00 1.066359e-10
13050.00 1.067208e-10
13060.00 1.068060e-10
13070.00 1.068914e-10
13080.00 1.069770e-10
13090.00 1.070630e-10
13100.00 1.071493e-10
13110.00 1.072355e-10
13120.00 1.073219e-10
13130.00 1.074088e-10
13140.00 1.074959e-10
13150.00 1.075832e-10
13160.00 1.076706e-10
13170.00 1.077583e-10
13180.00 1.078463e-10
13190.00 1.079345e-10
13200.00 1.080228e-10
13210.00 1.081115e-10
13220.00 1.082003e-10
13230.00 1.082894e-10
13240.00 1.083788e-10
13250.00 1.084682e-10
13260.00 1.085579e-10
13270.00 1.086479e-10
13280.00 1.087379e-10
13290.00 1.088285e-10
13300.00 1.089188e-10
13310.00 1.090098e-10
13320.00 1.091006e-10
13330.00 1.091919e-10
13340.00 1.092833e-10
13350.00 1.093749e-10
13360.00 1.094666e-10
13370.00 1.095586e-10
13380.00 1.096510e-10
13390.00 1.097433e-10
13400.00 1.098359e-10
13410.00 1.099286e-10
13420.00 1.100216e-10
13430.00 1.101148e-10
13440.00 1.102082e-10
13450.00 1.103019e-10
13460.00 1.103956e-10
13470.00 1.104895e-10
13480.00 1.105836e-10
13490.00 1.106779e-10
13500.00 1.107725e-10
13510.00 1.108672e-10
13520.00 1.109621e-10
13530.00 1.110571e-10
13540.00 1.111523e-10
13550.00 1.112477e-10
13560.00 1.113435e-10
13570.00 1.114391e-10
13580.00 1.115352e-10
13590.00 1.116312e-10
13600.00 1.117275e-10
13610.00 1.118240e-10
13620.00 1.119206e-10
13630.00 1.120174e-10
13640.00 1.121144e-10
13650.00 1.122114e-10
13660.00 1.123087e-10
13670.00 1.124063e-10
13680.00 1.125037e-10
13690.00 1.126015e-10
13700.00 1.126994e-10
13710.00 1.122038e-10
13720.00 1.117074e-10
13730.00 1.112100e-10
13740.00 1.107117e-10
13750.00 1.102126e-10
13760.00 1.097126e-10
13770.00 1.092115e-10
13780.00 1.087097e-10
13790.00 1.082070e-10
13800.00 1.077033e-10
13810.00 1.071986e-10
13820.00 1.066932e-10
13830.00 1.061868e-10
13840.00 1.056796e-10
13850.00 1.051713e-10
13860.00 1.046619e-10
13870.00 1.041517e-10
13880.00 1.036408e-10
13890.00 1.031288e-10
13900.00 1.026159e-10
13910.00 1.021021e-10
13920.00 1.015870e-10
13930.00 1.010712e-10
13940.00 1.005544e-10
13950.00 1.000367e-10
13960.00 9.951806e-11
13970.00 9.899829e-11
13980.00 9.847778e-11
13990.00 9.795604e-11
14000.00 9.743348e-11
14010.00 9.691004e-11
14020.00 9.638526e-11
14030.00 9.585989e-11
14040.00 9.533327e-11
14050.00 9.480585e-11
14060.00 9.427721e-11
14070.00 9.374765e-11
14080.00 9.321715e-11
14090.00 9.268548e-11
14100.00 9.215301e-11
14110.00 9.161950e-11
14120.00 9.108504e-11
14130.00 9.054938e-11
14140.00 9.001286e-11
14150.00 8.947508e-11
14160.00 8.893642e-11
14170.00 8.839692e-11
14180.00 8.785610e-11
14190.00 8.731445e-11
14200.00 8.677165e-11
14210.00 8.622795e-11
14220.00 8.568297e-11
14230.00 8.513716e-11
14240.00 8.459025e-11
14250.00 8.404221e-11
14260.00 8.349338e-11
14270.00 8.294312e-11
14280.00 8.239213e-11
14290.00 8.183992e-11
14300.00 8.128676e-11
14310.00 8.073237e-11
14320.00 8.017703e-11
14330.00 7.962066e-11
14340.00 7.906313e-11
14350.00 7.850463e-11
14360.00 7.794496e-11
14370.00 7.738433e-11
14380.00 7.682258e-11
14390.00 7.625965e-11
14400.00 7.569582e-11
14410.00 7.513079e-11
14420.00 7.456479e-11
14430.00 7.399760e-11
14440.00 7.342934e-11
14450.00 7.286003e-11
14460.00 7.228960e-11
14470.00 7.171809e-11
14480.00 7.114550e-11
14490.00 7.057183e-11
14500.00 6.999705e-11
14510.00 6.942119e-11
14520.00 6.884420e-11
14530.00 6.826619e-11
14540.00 6.768698e-11
14550.00 6.710672e-11
14560.00 6.652537e-11
14570.00 6.594288e-11
14580.00 6.535929e-11
14590.00 6.477464e-11
14600.00 6.418885e-11
14610.00 6.360195e-11
14620.00 6.301395e-11
14630.00 6.242486e-11
14640.00 6.183462e-11
14650.00 6.124331e-11
14660.00 6.065086e-11
14670.00 6.005730e-11
14680.00 5.946263e-11
14690.00 5.886685e-11
14700.00 5.826996e-11
14710.00 5.767193e-11
14720.00 5.707276e-11
14730.00 5.647252e-11
14740.00 5.587114e-11
14750.00 5.526868e-11
14760.00 5.466505e-11
14770.00 5.406033e-11
14780.00 5.345450e-11
14790.00 5.284751e-11
14800.00 5.223943e-11
14810.00 5.163021e-11
14820.00 5.101985e-11
14830.00 5.040838e-11
14840.00 4.979582e-11
14850.00 4.918209e-11
14860.00 4.856728e-11
14870.00 4.795131e-11
14880.00 4.733422e-11
14890.00 4.671605e-11
14900.00 4.609669e-11
14910.00 4.547626e-11
14920.00 4.485468e-11
14930.00 4.423200e-11
14940.00 4.360814e-11
14950.00 4.298322e-11
14960.00 4.235715e-11
14970.00 4.172997e-11
14980.00 4.110165e-11
14990.00 4.047220e-11
15000.00 3.984164e-11
15010.00 3.987462e-11
15020.00 3.990757e-11
15030.00 3.994047e-11
15040.00 3.997337e-11
15050.00 4.000623e-11
15060.00 4.003905e-11
15070.00 4.007188e-11
15080.00 4.010467e-11
15090.00 4.013741e-11
15100.00 4.017014e-11
15110.00 4.020284e-11
15120.00 4.023551e-11
15130.00 4.026815e-11
15140.00 4.030075e-11
15150.00 4.033333e-11
15160.00 4.036583e-11
15170.00 4.039835e-11
15180.00 4.043079e-11
15190.00 4.046326e-11
15200.00 4.049564e-11
15210.00 4.052799e-11
15220.00 4.056033e-11
15230.00 4.059260e-11
15240.00 4.062486e-11
15250.00 4.065706e-11
15260.00 4.068921e-11
15270.00 4.072134e-11
15280.00 4.075341e-11
15290.00 4.078542e-11
15300.00 4.081742e-11
15310.00 4.084937e-11
15320.00 4.088128e-11
15330.00 4.091313e-11
15340.00 4.094493e-11
15350.00 4.097669e-11
15360.00 4.100842e-11
15370.00 4.104008e-11
15380.00 4.107168e-11
15390.00 4.110321e-11
15400.00 4.113475e-11
15410.00 4.116619e-11
15420.00 4.119761e-11
15430.00 4.122896e-11
15440.00 4.126026e-11
15450.00 4.129149e-11
15460.00 4.132265e-11
15470.00 4.135381e-11
15480.00 4.138488e-11
15490.00 4.141590e-11
15500.00 4.144683e-11
15510.00 4.147772e-11
15520.00 4.150858e-11
15530.00 4.153932e-11
15540.00 4.157004e-11
15550.00 4.160066e-11
15560.00 4.163126e-11
15570.00 4.166179e-11
15580.00 4.169223e-11
15590.00 4.172260e-11
15600.00 4.175292e-11
15610.00 4.178317e-11
15620.00 4.181334e-11
15630.00 4.184347e-11
15640.00 4.187349e-11
15650.00 4.190349e-11
15660.00 4.193339e-11
15670.00 4.196318e-11
15680.00 4.199295e-11
15690.00 4.202262e-11
15700.00 4.205221e-11
15710.00 4.208172e-11
15720.00 4.211121e-11
15730.00 4.214056e-11
15740.00 4.216986e-11
15750.00 4.219905e-11
15760.00 4.222821e-11
15770.00 4.225726e-11
15780.00 4.228624e-11
15790.00 4.231512e-11
15800.00 4.234393e-11
15810.00 4.237264e-11
15820.00 4.240128e-11
15830.00 4.242983e-11
15840.00 4.245829e-11
15850.00 4.248668e-11
15860.00 4.251498e-11
15870.00 4.254315e-11
15880.00 4.257129e-11
15890.00 4.259928e-11
15900.00 4.262725e-11
15910.00 4.265507e-11
15920.00 4.268281e-11
15930.00 4.271047e-11
15940.00 4.273802e-11
15950.00 4.276548e-11
15960.00 4.279284e-11
15970.00 4.282009e-11
15980.00 4.284726e-11
15990.00 4.287435e-11
16000.00 4.290134e-11
16010.00 4.292821e-11
16020.00 4.295496e-11
16030.00 4.298163e-11
16040.00 4.300817e-11
16050.00 4.303464e-11
16060.00 4.306099e-11
16070.00 4.308728e-11
16080.00 4.311341e-11
16090.00 4.313942e-11
16100.00 4.316535e-11
16110.00 4.319118e-11
16120.00 4.321687e-11
16130.00 4.324248e-11
16140.00 4.326796e-11
16150.00 4.329337e-11
16160.00 4.331860e-11
16170.00 4.334375e-11
16180.00 4.336879e-11
16190.00 4.339371e-11
16200.00 4.341852e-11
16210.00 4.344319e-11
16220.00 4.346778e-11
16230.00 4.349222e-11
16240.00 4.351651e-11
16250.00 4.354074e-11
16260.00 4.355447e-11
16270.00 4.356806e-11
16280.00 4.358155e-11
16290.00 4.359489e-11
16300.00 4.360813e-11
16310.00 4.362127e-11
16320.00 4.363428e-11
16330.00 4.364714e-11
16340.00 4.365991e-11
16350.00 4.367258e-11
16360.00 4.368509e-11
16370.00 4.369749e-11
16380.00 4.370977e-11
16390.00 4.372193e-11
16400.00 4.373396e-11
16410.00 4.374589e-11
16420.00 4.375764e-11
16430.00 4.376929e-11
16440.00 4.378082e-11
16450.00 4.379221e-11
16460.00 4.380350e-11
16470.00 4.381461e-11
16480.00 4.382563e-11
16490.00 4.383649e-11
16500.00 4.384725e-11
16510.00 4.385783e-11
16520.00 4.386828e-11
16530.00 4.387868e-11
16540.00 4.388887e-11
16550.00 4.389894e-11
16560.00 4.390887e-11
16570.00 4.391866e-11
16580.00 4.392831e-11
16590.00 4.393780e-11
16600.00 4.394720e-11
16610.00 4.395642e-11
16620.00 4.396551e-11
16630.00 4.397446e-11
16640.00 4.398328e-11
16650.00 4.399194e-11
16660.00 4.400045e-11
16670.00 4.400884e-11
16680.00 4.401707e-11
16690.00 4.402514e-11
16700.00 4.403305e-11
16710.00 4.404086e-11
16720.00 4.404850e-11
16730.00 4.405596e-11
16740.00 4.406329e-11
16750.00 4.407047e-11
16760.00 4.407752e-11
16770.00 4.408438e-11
16780.00 4.409114e-11
16790.00 4.409769e-11
16800.00 4.410408e-11
16810.00 4.411034e-11
16820.00 4.411646e-11
16830.00 4.412239e-11
16840.00 4.412820e-11
16850.00 4.413383e-11
16860.00 4.413934e-11
16870.00 4.414466e-11
16880.00 4.414982e-11
16890.00 4.415488e-11
16900.00 4.415975e-11
16910.00 4.416451e-11
16920.00 4.416909e-11
16930.00 4.417351e-11
16940.00 4.417778e-11
16950.00 4.418194e-11
16960.00 4.418594e-11
16970.00 4.418981e-11
16980.00 4.419349e-11
16990.00 4.419707e-11
17000.00 4.420051e-11
17010.00 4.420375e-11
17020.00 4.420691e-11
17030.00 4.420991e-11
17040.00 4.421272e-11
17050.00 4.421549e-11
17060.00 4.421806e-11
17070.00 4.422050e-11
17080.00 4.422279e-11
17090.00 4.422493e-11
17100.00 4.422698e-11
17110.00 4.422888e-11
17120.00 4.423064e-11
17130.00 4.423227e-11
17140.00 4.423376e-11
17150.00 4.423512e-11
17160.00 4.423636e-11
17170.00 4.423746e-11
17180.00 4.423841e-11
17190.00 4.423923e-11
17200.00 4.424000e-11
17210.00 4.424056e-11
17220.00 4.424100e-11
17230.00 4.424134e-11
17240.00 4.424155e-11
17250.00 4.424161e-11
17260.00 4.424157e-11
17270.00 4.424139e-11
17280.00 4.424108e-11
17290.00 4.424066e-11
17300.00 4.424013e-11
17310.00 4.423949e-11
17320.00 4.423868e-11
17330.00 4.423782e-11
17340.00 4.423681e-11
17350.00 4.423563e-11
17360.00 4.423440e-11
17370.00 4.423302e-11
17380.00 4.423152e-11
17390.00 4.422994e-11
17400.00 4.422821e-11
17410.00 4.422638e-11
17420.00 4.422443e-11
17430.00 4.422239e-11
17440.00 4.422024e-11
17450.00 4.421794e-11
17460.00 4.421556e-11
17470.00 4.421305e-11
17480.00 4.421044e-11
17490.00 4.420773e-11
17500.00 4.420491e-11
17510.00 4.420203e-11
17520.00 4.419896e-11
17530.00 4.419583e-11
17540.00 4.419257e-11
17550.00 4.418924e-11
17560.00 4.418578e-11
17570.00 4.418224e-11
17580.00 4.417859e-11
17590.00 4.417488e-11
17600.00 4.417099e-11
17610.00 4.416706e-11
17620.00 4.416301e-11
17630.00 4.415882e-11
17640.00 4.415461e-11
17650.00 4.415030e-11
17660.00 4.414584e-11
17670.00 4.414130e-11
17680.00 4.413671e-11
17690.00 4.413200e-11
17700.00 4.412716e-11
17710.00 4.412229e-11
17720.00 4.411726e-11
17730.00 4.411221e-11
17740.00 4.410704e-11
17750.00 4.410178e-11
17760.00 4.409645e-11
17770.00 4.409098e-11
17780.00 4.408547e-11
17790.00 4.407987e-11
17800.00 4.407416e-11
17810.00 4.406839e-11
17820.00 4.406254e-11
17830.00 4.405660e-11
17840.00 4.405057e-11
17850.00 4.404446e-11
17860.00 4.403828e-11
17870.00 4.403202e-11
17880.00 4.402571e-11
17890.00 4.401926e-11
17900.00 4.401273e-11
17910.00 4.400616e-11
17920.00 4.399953e-11
17930.00 4.399279e-11
17940.00 4.398600e-11
17950.00 4.397912e-11
17960.00 4.397212e-11
17970.00 4.396513e-11
17980.00 4.395806e-11
17990.00 4.395088e-11
18000.00 4.394359e-11
18010.00 4.381213e-11
18020.00 4.368060e-11
18030.00 4.354903e-11
18040.00 4.341745e-11
18050.00 4.328585e-11
18060.00 4.315425e-11
18070.00 4.302257e-11
18080.00 4.289091e-11
18090.00 4.275920e-11
18100.00 4.262752e-11
18110.00 4.249577e-11
18120.00 4.236408e-11
18130.00 4.223230e-11
18140.00 4.210057e-11
18150.00 4.196880e-11
18160.00 4.183700e-11
18170.00 4.170521e-11
18180.00 4.157341e-11
18190.00 4.144162e-11
18200.00 4.130982e-11
18210.00 4.117802e-11
18220.00 4.104620e-11
18230.00 4.091442e-11
18240.00 4.078256e-11
18250.00 4.065077e-11
18260.00 4.051895e-11
18270.00 4.038716e-11
18280.00 4.025536e-11
18290.00 4.012353e-11
18300.00 3.999175e-11
18310.00 3.985997e-11
18320.00 3.972821e-11
18330.00 3.959643e-11
18340.00 3.946466e-11
18350.00 3.933292e-11
18360.00 3.920115e-11
18370.00 3.906946e-11
18380.00 3.893775e-11
18390.00 3.880607e-11
18400.00 3.867437e-11
18410.00 3.854274e-11
18420.00 3.841110e-11
18430.00 3.827947e-11
18440.00 3.814791e-11
18450.00 3.801629e-11
18460.00 3.788476e-11
18470.00 3.775324e-11
18480.00 3.762176e-11
18490.00 3.749026e-11
18500.00 3.735882e-11
18510.00 3.722736e-11
18520.00 3.709600e-11
18530.00 3.696462e-11
18540.00 3.683327e-11
18550.00 3.670197e-11
18560.00 3.657066e-11
18570.00 3.643945e-11
18580.00 3.630823e-11
18590.00 3.617703e-11
18600.00 3.604589e-11
18610.00 3.591478e-11
18620.00 3.578373e-11
18630.00 3.565268e-11
18640.00 3.552168e-11
18650.00 3.539072e-11
18660.00 3.525978e-11
18670.00 3.512894e-11
18680.00 3.499810e-11
18690.00 3.486728e-11
18700.00 3.473652e-11
18710.00 3.460585e-11
18720.00 3.447517e-11
18730.00 3.434454e-11
18740.00 3.421397e-11
18750.00 3.408342e-11
18760.00 3.395295e-11
18770.00 3.382252e-11
18780.00 3.369212e-11
18790.00 3.356181e-11
18800.00 3.343149e-11
18810.00 3.330126e-11
18820.00 3.317107e-11
18830.00 3.304093e-11
18840.00 3.291083e-11
18850.00 3.278082e-11
18860.00 3.265083e-11
18870.00 3.252092e-11
18880.00 3.239105e-11
18890.00 3.226122e-11
18900.00 3.213147e-11
18910.00 3.200174e-11
18920.00 3.187211e-11
18930.00 3.174251e-11
18940.00 3.161300e-11
18950.00 3.148352e-11
18960.00 3.135408e-11
18970.00 3.122476e-11
18980.00 3.109545e-11
18990.00 3.096621e-11
19000.00 3.083704e-11
19010.00 3.070791e-11
19020.00 3.057887e-11
19030.00 3.044986e-11
19040.00 3.032097e-11
19050.00 3.019208e-11
19060.00 3.006330e-11
19070.00 2.993454e-11
19080.00 2.980589e-11
19090.00 2.967728e-11
19100.00 2.954875e-11
19110.00 2.942025e-11
19120.00 2.929184e-11
19130.00 2.916352e-11
19140.00 2.903524e-11
19150.00 2.890702e-11
19160.00 2.877887e-11
19170.00 2.865082e-11
19180.00 2.852279e-11
19190.00 2.839486e-11
19200.00 2.826700e-11
19210.00 2.813920e-11
19220.00 2.801148e-11
19230.00 2.788384e-11
19240.00 2.775623e-11
19250.00 2.762871e-11
19260.00 2.750126e-11
19270.00 2.737388e-11
19280.00 2.724659e-11
19290.00 2.711935e-11
19300.00 2.699219e-11
19310.00 2.686512e-11
19320.00 2.673814e-11
19330.00 2.661115e-11
19340.00 2.648429e-11
19350.00 2.635750e-11
19360.00 2.623076e-11
19370.00 2.610410e-11
19380.00 2.597751e-11
19390.00 2.585101e-11
19400.00 2.572463e-11
19410.00 2.559826e-11
19420.00 2.547196e-11
19430.00 2.534573e-11
19440.00 2.521964e-11
19450.00 2.509356e-11
19460.00 2.496756e-11
19470.00 2.484167e-11
19480.00 2.471583e-11
19490.00 2.459009e-11
19500.00 2.446439e-11
19510.00 2.433880e-11
19520.00 2.421325e-11
19530.00 2.408782e-11
19540.00 2.396241e-11
19550.00 2.383712e-11
19560.00 2.371188e-11
19570.00 2.358671e-11
19580.00 2.346166e-11
19590.00 2.333663e-11
19600.00 2.321173e-11
19610.00 2.308687e-11
19620.00 2.296208e-11
19630.00 2.283738e-11
19640.00 2.271275e-11
19650.00 2.258821e-11
19660.00 2.246373e-11
19670.00 2.233931e-11
19680.00 2.221500e-11
19690.00 2.209072e-11
19700.00 2.196653e-11
19710.00 2.184241e-11
19720.00 2.171835e-11
19730.00 2.159437e-11
19740.00 2.147047e-11
19750.00 2.134664e-11
19760.00 2.122288e-11
19770.00 2.109917e-11
19780.00 2.097554e-11
19790.00 2.085198e-11
19800.00 2.072850e-11
19810.00 2.060507e-11
19820.00 2.048173e-11
19830.00 2.035843e-11
19840.00 2.023521e-11
19850.00 2.011207e-11
19860.00 1.998899e-11
19870.00 1.986596e-11
19880.00 1.974300e-11
19890.00 1.962011e-11
19900.00 1.949729e-11
19910.00 1.937454e-11
19920.00 1.925183e-11
19930.00 1.912920e-11
19940.00 1.900662e-11
19950.00 1.888413e-11
19960.00 1.876170e-11
19970.00 1.863930e-11
19980.00 1.851699e-11
19990.00 1.839473e-11
20000.00 1.827254e-11
20010.00 1.815040e-11
20020.00 1.802833e-11
20030.00 1.790632e-11
20040.00 1.778437e-11
20050.00 1.766247e-11
20060.00 1.754065e-11
20070.00 1.741887e-11
20080.00 1.729715e-11
20090.00 1.717549e-11
20100.00 1.705390e-11
20110.00 1.705095e-11
20120.00 1.704804e-11
20130.00 1.704514e-11
20140.00 1.704225e-11
20150.00 1.703939e-11
20160.00 1.703653e-11
20170.00 1.703369e-11
20180.00 1.703087e-11
20190.00 1.702807e-11
20200.00 1.702526e-11
20210.00 1.702251e-11
20220.00 1.701977e-11
20230.00 1.701701e-11
20240.00 1.701429e-11
20250.00 1.701160e-11
20260.00 1.700892e-11
20270.00 1.700623e-11
20280.00 1.700357e-11
20290.00 1.700093e-11
20300.00 1.699830e-11
20310.00 1.699572e-11
20320.00 1.699312e-11
20330.00 1.699055e-11
20340.00 1.698800e-11
20350.00 1.698544e-11
20360.00 1.698294e-11
20370.00 1.698041e-11
20380.00 1.697793e-11
20390.00 1.697546e-11
20400.00 1.697300e-11
20410.00 1.697056e-11
20420.00 1.696815e-11
20430.00 1.696573e-11
20440.00 1.696335e-11
20450.00 1.696097e-11
20460.00 1.695861e-11
20470.00 1.695627e-11
20480.00 1.695394e-11
20490.00 1.695163e-11
20500.00 1.694935e-11
20510.00 1.694708e-11
20520.00 1.694481e-11
20530.00 1.694257e-11
20540.00 1.694034e-11
20550.00 1.693813e-11
20560.00 1.693595e-11
20570.00 1.693376e-11
20580.00 1.693160e-11
20590.00 1.692946e-11
20600.00 1.692734e-11
20610.00 1.692523e-11
20620.00 1.692313e-11
20630.00 1.692105e-11
20640.00 1.691899e-11
20650.00 1.691696e-11
20660.00 1.691493e-11
20670.00 1.691291e-11
20680.00 1.691091e-11
20690.00 1.690893e-11
20700.00 1.690696e-11
20710.00 1.690503e-11
20720.00 1.690308e-11
20730.00 1.690118e-11
20740.00 1.689929e-11
20750.00 1.689740e-11
20760.00 1.689552e-11
20770.00 1.689370e-11
20780.00 1.689188e-11
20790.00 1.689004e-11
20800.00 1.688825e-11
20810.00 1.688648e-11
20820.00 1.688471e-11
20830.00 1.688296e-11
20840.00 1.688122e-11
20850.00 1.687952e-11
20860.00 1.687782e-11
20870.00 1.687614e-11
20880.00 1.687447e-11
20890.00 1.687282e-11
20900.00 1.687119e-11
20910.00 1.686958e-11
20920.00 1.686797e-11
20930.00 1.686640e-11
20940.00 1.686484e-11
20950.00 1.686327e-11
20960.00 1.686172e-11
20970.00 1.686023e-11
20980.00 1.685873e-11
20990.00 1.685722e-11
21000.00 1.685576e-11
21010.00 1.685431e-11
21020.00 1.685288e-11
21030.00 1.685146e-11
21040.00 1.685005e-11
21050.00 1.684867e-11
21060.00 1.684731e-11
21070.00 1.684595e-11
21080.00 1.684461e-11
21090.00 1.684330e-11
21100.00 1.684199e-11
21110.00 1.684071e-11
21120.00 1.683944e-11
21130.00 1.683818e-11
21140.00 1.683695e-11
21150.00 1.683572e-11
21160.00 1.683450e-11
21170.00 1.683331e-11
21180.00 1.683216e-11
21190.00 1.683100e-11
21200.00 1.682986e-11
21210.00 1.682875e-11
21220.00 1.682763e-11
21230.00 1.682655e-11
21240.00 1.682546e-11
21250.00 1.682440e-11
21260.00 1.682337e-11
21270.00 1.682235e-11
21280.00 1.682135e-11
21290.00 1.682036e-11
21300.00 1.681938e-11
21310.00 1.681841e-11
21320.00 1.681746e-11
21330.00 1.681655e-11
21340.00 1.681564e-11
21350.00 1.681476e-11
21360.00 1.681388e-11
21370.00 1.681301e-11
21380.00 1.681219e-11
21390.00 1.681135e-11
21400.00 1.681053e-11
21410.00 1.680974e-11
21420.00 1.680897e-11
21430.00 1.680822e-11
21440.00 1.680746e-11
21450.00 1.680674e-11
21460.00 1.680603e-11
21470.00 1.680533e-11
21480.00 1.680465e-11
21490.00 1.680400e-11
21500.00 1.680337e-11
21510.00 1.680274e-11
21520.00 1.680212e-11
21530.00 1.680152e-11
21540.00 1.680094e-11
21550.00 1.680038e-11
21560.00 1.679983e-11
21570.00 1.679931e-11
21580.00 1.679878e-11
21590.00 1.679829e-11
21600.00 1.679781e-11
21610.00 1.679735e-11
21620.00 1.679691e-11
21630.00 1.679646e-11
21640.00 1.679607e-11
21650.00 1.679566e-11
21660.00 1.679530e-11
21670.00 1.679492e-11
21680.00 1.679459e-11
21690.00 1.679425e-11
21700.00 1.679395e-11
21710.00 1.679363e-11
21720.00 1.679336e-11
21730.00 1.679311e-11
21740.00 1.679284e-11
21750.00 1.679262e-11
21760.00 1.679240e-11
21770.00 1.679221e-11
21780.00 1.679203e-11
21790.00 1.679186e-11
21800.00 1.679171e-11
21810.00 1.679158e-11
21820.00 1.679146e-11
21830.00 1.679138e-11
21840.00 1.679129e-11
21850.00 1.679122e-11
21860.00 1.679118e-11
21870.00 1.679114e-11
21880.00 1.679111e-11
21890.00 1.679114e-11
21900.00 1.679116e-11
21910.00 1.679120e-11
21920.00 1.679124e-11
21930.00 1.679132e-11
21940.00 1.679140e-11
21950.00 1.679149e-11
21960.00 1.679161e-11
21970.00 1.679175e-11
21980.00 1.679190e-11
21990.00 1.679205e-11
22000.00 1.679225e-11
22010.00 1.679245e-11
22020.00 1.679267e-11
22030.00 1.679291e-11
22040.00 1.679316e-11
22050.00 1.679342e-11
22060.00 1.679372e-11
22070.00 1.679402e-11
22080.00 1.679432e-11
22090.00 1.679466e-11
22100.00 1.679501e-11
22110.00 1.679540e-11
22120.00 1.679578e-11
22130.00 1.679616e-11
22140.00 1.679660e-11
22150.00 1.679702e-11
22160.00 1.679747e-11
22170.00 1.679796e-11
22180.00 1.679845e-11
22190.00 1.679894e-11
22200.00 1.679946e-11
22210.00 1.679999e-11
22220.00 1.680053e-11
22230.00 1.680111e-11
22240.00 1.680172e-11
22250.00 1.680229e-11
22260.00 1.680292e-11
22270.00 1.680356e-11
22280.00 1.680421e-11
22290.00 1.680490e-11
22300.00 1.680558e-11
22310.00 1.680627e-11
22320.00 1.680699e-11
22330.00 1.680773e-11
22340.00 1.680850e-11
22350.00 1.680927e-11
22360.00 1.681005e-11
22370.00 1.681085e-11
22380.00 1.681168e-11
22390.00 1.681251e-11
22400.00 1.681337e-11
22410.00 1.681424e-11
22420.00 1.681513e-11
22430.00 1.681603e-11
22440.00 1.681695e-11
22450.00 1.681790e-11
22460.00 1.681886e-11
22470.00 1.681982e-11
22480.00 1.682082e-11
22490.00 1.682180e-11
22500.00 1.682281e-11
22510.00 1.682388e-11
22520.00 1.682492e-11
22530.00 1.682599e-11
22540.00 1.682707e-11
22550.00 1.682816e-11
22560.00 1.682929e-11
22570.00 1.683042e-11
22580.00 1.683155e-11
22590.00 1.683273e-11
22600.00 1.683391e-11
22610.00 1.683511e-11
22620.00 1.683629e-11
22630.00 1.683752e-11
22640.00 1.683876e-11
22650.00 1.684001e-11
22660.00 1.684131e-11
22670.00 1.684257e-11
22680.00 1.684387e-11
22690.00 1.684520e-11
22700.00 1.684653e-11
22710.00 1.684787e-11
22720.00 1.684923e-11
22730.00 1.685061e-11
22740.00 1.685199e-11
22750.00 1.685340e-11
22760.00 1.685482e-11
22770.00 1.685623e-11
22780.00 1.685770e-11
22790.00 1.685914e-11
22800.00 1.686063e-11
22810.00 1.686213e-11
22820.00 1.686364e-11
22830.00 1.686513e-11
22840.00 1.686668e-11
22850.00 1.686824e-11
22860.00 1.686979e-11
22870.00 1.687137e-11
22880.00 1.687294e-11
22890.00 1.687456e-11
22900.00 1.687616e-11
22910.00 1.687779e-11
22920.00 1.687942e-11
22930.00 1.688110e-11
22940.00 1.688279e-11
22950.00 1.688444e-11
22960.00 1.688615e-11
22970.00 1.688786e-11
22980.00 1.688957e-11
22990.00 1.689131e-11
23000.00 1.689307e-11
23010.00 1.689483e-11
23020.00 1.689660e-11
23030.00 1.689839e-11
23040.00 1.690020e-11
23050.00 1.690202e-11
23060.00 1.690383e-11
23070.00 1.690567e-11
23080.00 1.690753e-11
23090.00 1.690938e-11
23100.00 1.691126e-11
23110.00 1.691316e-11
23120.00 1.691506e-11
23130.00 1.691696e-11
23140.00 1.691890e-11
23150.00 1.692083e-11
23160.00 1.692279e-11
23170.00 1.692473e-11
23180.00 1.692672e-11
23190.00 1.692870e-11
23200.00 1.693071e-11
23210.00 1.693271e-11
23220.00 1.693475e-11
23230.00 1.693678e-11
23240.00 1.693881e-11
23250.00 1.694088e-11
23260.00 1.694295e-11
23270.00 1.694502e-11
23280.00 1.694711e-11
23290.00 1.694922e-11
23300.00 1.695135e-11
23310.00 1.695346e-11
23320.00 1.695558e-11
23330.00 1.695774e-11
23340.00 1.695989e-11
23350.00 1.696208e-11
23360.00 1.696424e-11
23370.00 1.696643e-11
23380.00 1.696863e-11
23390.00 1.697085e-11
23400.00 1.697307e-11
23410.00 1.697532e-11
23420.00 1.697756e-11
23430.00 1.697980e-11
23440.00 1.698207e-11
23450.00 1.698435e-11
23460.00 1.698666e-11
23470.00 1.698893e-11
23480.00 1.699124e-11
23490.00 1.699354e-11
23500.00 1.699589e-11
23510.00 1.699821e-11
23520.00 1.700057e-11
23530.00 1.700291e-11
23540.00 1.700529e-11
23550.00 1.700765e-11
23560.00 1.701005e-11
23570.00 1.701244e-11
23580.00 1.701484e-11
23590.00 1.701726e-11
23600.00 1.701968e-11
23610.00 1.702212e-11
23620.00 1.702456e-11
23630.00 1.702700e-11
23640.00 1.702947e-11
23650.00 1.703194e-11
23660.00 1.703442e-11
23670.00 1.703692e-11
23680.00 1.703941e-11
23690.00 1.704191e-11
23700.00 1.704441e-11
23710.00 1.704695e-11
23720.00 1.704948e-11
23730.00 1.705201e-11
23740.00 1.705457e-11
23750.00 1.705711e-11
23760.00 1.705970e-11
23770.00 1.706228e-11
23780.00 1.706486e-11
23790.00 1.706744e-11
23800.00 1.707005e-11
23810.00 1.707265e-11
23820.00 1.707527e-11
23830.00 1.707788e-11
23840.00 1.708052e-11
23850.00 1.708316e-11
23860.00 1.708581e-11
23870.00 1.708846e-11
23880.00 1.709113e-11
23890.00 1.709378e-11
23900.00 1.709647e-11
23910.00 1.709917e-11
23920.00 1.710187e-11
23930.00 1.710455e-11
23940.00 1.710727e-11
23950.00 1.710997e-11
23960.00 1.711269e-11
23970.00 1.711542e-11
23980.00 1.711816e-11
23990.00 1.712090e-11
24000.00 1.712367e-11
24010.00 1.712640e-11
24020.00 1.712918e-11
24030.00 1.713195e-11
24040.00 1.713472e-11
24050.00 1.713751e-11
24060.00 1.714030e-11
24070.00 1.714311e-11
24080.00 1.714590e-11
24090.00 1.714872e-11
24100.00 1.715154e-11
24110.00 1.715435e-11
24120.00 1.715718e-11
24130.00 1.716001e-11
24140.00 1.716286e-11
24150.00 1.716570e-11
24160.00 1.716857e-11
24170.00 1.717143e-11
24180.00 1.717430e-11
24190.00 1.717717e-11
24200.00 1.718005e-11
24210.00 1.718292e-11
24220.00 1.718578e-11
24230.00 1.718869e-11
24240.00 1.719159e-11
24250.00 1.719451e-11
24260.00 1.719741e-11
24270.00 1.720033e-11
24280.00 1.720322e-11
24290.00 1.720617e-11
24300.00 1.720910e-11
24310.00 1.721202e-11
24320.00 1.721498e-11
24330.00 1.721793e-11
24340.00 1.722087e-11
24350.00 1.722381e-11
24360.00 1.722678e-11
24370.00 1.722974e-11
24380.00 1.723271e-11
24390.00 1.723570e-11
24400.00 1.723867e-11
24410.00 1.724166e-11
24420.00 1.724464e-11
24430.00 1.724764e-11
24440.00 1.725061e-11
24450.00 1.725363e-11
24460.00 1.725663e-11
24470.00 1.725965e-11
24480.00 1.726266e-11
24490.00 1.726566e-11
24500.00 1.726869e-11
24510.00 1.727169e-11
24520.00 1.727474e-11
24530.00 1.727777e-11
24540.00 1.728080e-11
24550.00 1.728384e-11
24560.00 1.728688e-11
24570.00 1.728991e-11
24580.00 1.729297e-11
24590.00 1.729602e-11
24600.00 1.729909e-11
24610.00 1.730213e-11
24620.00 1.730519e-11
24630.00 1.730827e-11
24640.00 1.731132e-11
24650.00 1.731439e-11
24660.00 1.731747e-11
24670.00 1.732053e-11
24680.00 1.732362e-11
24690.00 1.732670e-11
24700.00 1.732979e-11
24710.00 1.733287e-11
24720.00 1.733595e-11
24730.00 1.733906e-11
24740.00 1.734214e-11
24750.00 1.734523e-11
24760.00 1.734831e-11
24770.00 1.735143e-11
24780.00 1.735453e-11
24790.00 1.735765e-11
24800.00 1.736073e-11
24810.00 1.736385e-11
24820.00 1.736696e-11
24830.00 1.737006e-11
24840.00 1.737317e-11
24850.00 1.737629e-11
24860.00 1.737940e-11
24870.00 1.738253e-11
24880.00 1.738563e-11
24890.00 1.738876e-11
24900.00 1.739189e-11
24910.00 1.739498e-11
24920.00 1.739811e-11
24930.00 1.740125e-11
24940.00 1.740437e-11
24950.00 1.740749e-11
24960.00 1.741062e-11
24970.00 1.741374e-11
24980.00 1.741686e-11
24990.00 1.742002e-11
25000.00 1.742314e-11
