1000.00 6.384813e-16
1010.00 2.465190e-15
1020.00 6.650398e-15
1030.00 1.471441e-14
1040.00 2.861828e-14
1050.00 5.077025e-14
1060.00 8.400731e-14
1070.00 1.315501e-13
1080.00 1.969287e-13
1090.00 2.838803e-13
1100.00 3.962181e-13
1110.00 5.376754e-13
1120.00 7.117271e-13
1130.00 9.213940e-13
1140.00 1.169038e-12
1150.00 1.456153e-12
1160.00 1.783165e-12
1170.00 2.149245e-12
1180.00 2.552145e-12
1190.00 2.988083e-12
1200.00 3.451659e-12
1210.00 3.935835e-12
1220.00 4.431982e-12
1230.00 4.929991e-12
1240.00 5.418465e-12
1250.00 5.884990e-12
1260.00 6.317717e-12
1270.00 6.710090e-12
1280.00 7.058343e-12
1290.00 7.360417e-12
1300.00 7.615912e-12
1310.00 7.825966e-12
1320.00 7.993111e-12
1330.00 8.121083e-12
1340.00 8.214627e-12
1350.00 8.279309e-12
1360.00 8.321317e-12
1370.00 8.347299e-12
1380.00 8.364107e-12
1390.00 8.376047e-12
1400.00 8.384728e-12
1410.00 8.391623e-12
1420.00 8.398181e-12
1430.00 8.405849e-12
1440.00 8.416072e-12
1450.00 8.430301e-12
1460.00 8.450004e-12
1470.00 8.476680e-12
1480.00 8.511869e-12
1490.00 8.557165e-12
1500.00 8.614240e-12
1510.00 8.684513e-12
1520.00 8.768226e-12
1530.00 8.865317e-12
1540.00 8.975735e-12
1550.00 9.099435e-12
1560.00 9.236377e-12
1570.00 9.386525e-12
1580.00 9.549845e-12
1590.00 9.726295e-12
1600.00 9.915833e-12
1610.00 1.011841e-11
1620.00 1.033396e-11
1630.00 1.056239e-11
1640.00 1.080362e-11
1650.00 1.105752e-11
1660.00 1.132392e-11
1670.00 1.160267e-11
1680.00 1.189351e-11
1690.00 1.219621e-11
1700.00 1.251046e-11
1710.00 1.283590e-11
1720.00 1.317212e-11
1730.00 1.351866e-11
1740.00 1.387498e-11
1750.00 1.424049e-11
1760.00 1.461457e-11
1770.00 1.499671e-11
1780.00 1.538640e-11
1790.00 1.578306e-11
1800.00 1.618605e-11
1810.00 1.659468e-11
1820.00 1.700817e-11
1830.00 1.742568e-11
1840.00 1.784628e-11
1850.00 1.826899e-11
1860.00 1.869275e-11
1870.00 1.911643e-11
1880.00 1.953880e-11
1890.00 1.995858e-11
1900.00 2.037441e-11
1910.00 2.078487e-11
1920.00 2.118845e-11
1930.00 2.158359e-11
1940.00 2.196867e-11
1950.00 2.234199e-11
1960.00 2.270183e-11
1970.00 2.304642e-11
1980.00 2.337392e-11
1990.00 2.368249e-11
2000.00 2.397027e-11
2010.00 2.423568e-11
2020.00 2.447836e-11
2030.00 2.469835e-11
2040.00 2.489571e-11
2050.00 2.507063e-11
2060.00 2.522335e-11
2070.00 2.535415e-11
2080.00 2.546340e-11
2090.00 2.555152e-11
2100.00 2.561898e-11
2110.00 2.566630e-11
2120.00 2.569407e-11
2130.00 2.570288e-11
2140.00 2.569341e-11
2150.00 2.566632e-11
2160.00 2.562235e-11
2170.00 2.556225e-11
2180.00 2.548680e-11
2190.00 2.539677e-11
2200.00 2.529301e-11
2210.00 2.517633e-11
2220.00 2.504757e-11
2230.00 2.490757e-11
2240.00 2.475721e-11
2250.00 2.459734e-11
2260.00 2.442901e-11
2270.00 2.425413e-11
2280.00 2.407480e-11
2290.00 2.389307e-11
2300.00 2.371102e-11
2310.00 2.353070e-11
2320.00 2.335411e-11
2330.00 2.318327e-11
2340.00 2.302018e-11
2350.00 2.286679e-11
2360.00 2.272508e-11
2370.00 2.259700e-11
2380.00 2.248450e-11
2390.00 2.238957e-11
2400.00 2.231416e-11
2410.00 2.226029e-11
2420.00 2.222999e-11
2430.00 2.222536e-11
2440.00 2.224854e-11
2450.00 2.230174e-11
2460.00 2.238729e-11
2470.00 2.250761e-11
2480.00 2.266525e-11
2490.00 2.286291e-11
2500.00 2.310346e-11
2510.00 2.608316e-11
2520.00 3.245862e-11
2530.00 3.632845e-11
2540.00 3.577257e-11
2550.00 3.767759e-11
2560.00 3.746120e-11
2570.00 3.849607e-11
2580.00 3.577980e-11
2590.00 3.383848e-11
2600.00 3.049176e-11
2610.00 2.658601e-11
2620.00 2.845821e-11
2630.00 2.762376e-11
2640.00 3.485802e-11
2650.00 4.247642e-11
2660.00 5.571099e-11
2670.00 7.522627e-11
2680.00 9.884392e-11
2690.00 1.126778e-10
2700.00 1.187962e-10
2710.00 1.200922e-10
2720.00 1.258027e-10
2730.00 1.293362e-10
2740.00 1.294459e-10
2750.00 1.323921e-10
2760.00 1.425234e-10
2770.00 1.434062e-10
2780.00 1.400216e-10
2790.00 1.390382e-10
2800.00 1.352391e-10
2810.00 1.316290e-10
2820.00 1.397174e-10
2830.00 1.434614e-10
2840.00 1.430055e-10
2850.00 1.556702e-10
2860.00 1.611671e-10
2870.00 1.818245e-10
2880.00 1.968726e-10
2890.00 2.069279e-10
2900.00 2.125547e-10
2910.00 2.189870e-10
2920.00 2.207713e-10
2930.00 2.136106e-10
2940.00 2.152664e-10
2950.00 2.056497e-10
2960.00 1.917038e-10
2970.00 1.923011e-10
2980.00 1.843391e-10
2990.00 1.757117e-10
3000.00 1.835713e-10
3010.00 1.863183e-10
3020.00 1.750259e-10
3030.00 1.832237e-10
3040.00 1.895970e-10
3050.00 1.726302e-10
3060.00 1.753776e-10
3070.00 1.895879e-10
3080.00 1.925341e-10
3090.00 1.920975e-10
3100.00 1.975090e-10
3110.00 1.995571e-10
3120.00 2.116899e-10
3130.00 2.138170e-10
3140.00 2.341616e-10
3150.00 2.415556e-10
3160.00 2.454626e-10
3170.00 2.328171e-10
3180.00 2.236911e-10
3190.00 2.253047e-10
3200.00 2.211121e-10
3210.00 2.076531e-10
3220.00 1.920843e-10
3230.00 1.858567e-10
3240.00 1.723744e-10
3250.00 1.806528e-10
3260.00 1.837493e-10
3270.00 1.794862e-10
3280.00 1.917735e-10
3290.00 1.837330e-10
3300.00 1.757685e-10
3310.00 1.918716e-10
3320.00 1.910439e-10
3330.00 1.964178e-10
3340.00 2.002570e-10
3350.00 1.960831e-10
3360.00 2.088990e-10
3370.00 2.147682e-10
3380.00 2.190983e-10
3390.00 2.320935e-10
3400.00 2.302449e-10
3410.00 2.368419e-10
3420.00 2.295642e-10
3430.00 2.281307e-10
3440.00 2.317036e-10
3450.00 2.377965e-10
3460.00 2.374235e-10
3470.00 2.406637e-10
3480.00 2.465410e-10
3490.00 2.577033e-10
3500.00 2.772500e-10
3510.00 2.824400e-10
3520.00 2.979546e-10
3530.00 3.114902e-10
3540.00 3.127682e-10
3550.00 3.135096e-10
3560.00 2.983413e-10
3570.00 3.023242e-10
3580.00 3.174920e-10
3590.00 3.233001e-10
3600.00 3.117216e-10
3610.00 3.050925e-10
3620.00 3.002192e-10
3630.00 3.353525e-10
3640.00 3.646356e-10
3650.00 4.007279e-10
3660.00 4.336719e-10
3670.00 4.429377e-10
3680.00 4.437582e-10
3690.00 4.385613e-10
3700.00 4.137098e-10
3710.00 3.859270e-10
3720.00 3.572758e-10
3730.00 3.224197e-10
3740.00 2.832906e-10
3750.00 2.105765e-10
3760.00 1.432873e-10
3770.00 1.251617e-10
3780.00 1.280655e-10
3790.00 1.520808e-10
3800.00 1.788278e-10
3810.00 1.839992e-10
3820.00 2.105446e-10
3830.00 2.354871e-10
3840.00 2.657834e-10
3850.00 3.105922e-10
3860.00 3.551358e-10
3870.00 3.894529e-10
3880.00 3.870612e-10
3890.00 4.487165e-10
3900.00 5.111912e-10
3910.00 5.159252e-10
3920.00 5.328257e-10
3930.00 5.822056e-10
3940.00 5.872901e-10
3950.00 5.778588e-10
3960.00 5.712482e-10
3970.00 5.815848e-10
3980.00 5.590574e-10
3990.00 5.224902e-10
4000.00 5.092672e-10
4010.00 4.813168e-10
4020.00 4.646597e-10
4030.00 4.287519e-10
4040.00 4.334231e-10
4050.00 4.107890e-10
4060.00 3.940362e-10
4070.00 3.830932e-10
4080.00 3.621198e-10
4090.00 3.672260e-10
4100.00 3.601366e-10
4110.00 3.501287e-10
4120.00 3.365355e-10
4130.00 3.444485e-10
4140.00 3.497229e-10
4150.00 3.578499e-10
4160.00 3.658258e-10
4170.00 3.656395e-10
4180.00 3.714898e-10
4190.00 3.774689e-10
4200.00 3.812809e-10
4210.00 3.915855e-10
4220.00 3.843576e-10
4230.00 3.931964e-10
4240.00 3.972559e-10
4250.00 4.065840e-10
4260.00 4.137643e-10
4270.00 4.320636e-10
4280.00 4.380139e-10
4290.00 4.448135e-10
4300.00 4.331812e-10
4310.00 4.372210e-10
4320.00 4.198378e-10
4330.00 3.927932e-10
4340.00 3.802482e-10
4350.00 3.654579e-10
4360.00 3.394636e-10
4370.00 3.156641e-10
4380.00 3.017862e-10
4390.00 2.846868e-10
4400.00 2.681753e-10
4410.00 2.663771e-10
4420.00 2.652405e-10
4430.00 2.743885e-10
4440.00 2.875605e-10
4450.00 2.947328e-10
4460.00 3.043195e-10
4470.00 3.137016e-10
4480.00 3.505657e-10
4490.00 3.804052e-10
4500.00 4.158765e-10
4510.00 4.538489e-10
4520.00 5.090159e-10
4530.00 5.570497e-10
4540.00 5.975411e-10
4550.00 6.388425e-10
4560.00 6.800925e-10
4570.00 7.116793e-10
4580.00 7.392522e-10
4590.00 7.527885e-10
4600.00 7.572324e-10
4610.00 7.531328e-10
4620.00 7.345797e-10
4630.00 6.997820e-10
4640.00 6.600384e-10
4650.00 6.098763e-10
4660.00 5.617712e-10
4670.00 5.084074e-10
4680.00 4.671726e-10
4690.00 4.286514e-10
4700.00 3.999676e-10
4710.00 3.702600e-10
4720.00 3.551407e-10
4730.00 3.422159e-10
4740.00 3.443280e-10
4750.00 3.509727e-10
4760.00 3.597370e-10
4770.00 3.807230e-10
4780.00 3.938786e-10
4790.00 4.065463e-10
4800.00 4.135568e-10
4810.00 4.126500e-10
4820.00 4.144829e-10
4830.00 4.154354e-10
4840.00 4.258543e-10
4850.00 4.449740e-10
4860.00 4.607350e-10
4870.00 4.957506e-10
4880.00 5.361278e-10
4890.00 5.687514e-10
4900.00 5.960311e-10
4910.00 6.259338e-10
4920.00 6.372113e-10
4930.00 6.257213e-10
4940.00 6.140549e-10
4950.00 5.788662e-10
4960.00 5.480706e-10
4970.00 5.120423e-10
4980.00 4.727834e-10
4990.00 4.346525e-10
5000.00 4.091046e-10
5010.00 3.778944e-10
5020.00 3.646194e-10
5030.00 3.572167e-10
5040.00 3.483603e-10
5050.00 3.386984e-10
5060.00 3.378620e-10
5070.00 3.318238e-10
5080.00 3.340772e-10
5090.00 3.275175e-10
5100.00 3.255579e-10
5110.00 3.288837e-10
5120.00 3.333667e-10
5130.00 3.413393e-10
5140.00 3.389676e-10
5150.00 3.480078e-10
5160.00 3.611032e-10
5170.00 3.799652e-10
5180.00 4.048150e-10
5190.00 4.199685e-10
5200.00 4.409915e-10
5210.00 4.586330e-10
5220.00 4.755647e-10
5230.00 4.960708e-10
5240.00 5.264944e-10
5250.00 5.461249e-10
5260.00 5.531269e-10
5270.00 5.657942e-10
5280.00 5.734997e-10
5290.00 5.821195e-10
5300.00 5.757160e-10
5310.00 5.868554e-10
5320.00 5.884347e-10
5330.00 5.957524e-10
5340.00 6.033450e-10
5350.00 6.135827e-10
5360.00 6.252342e-10
5370.00 6.435570e-10
5380.00 6.611088e-10
5390.00 6.719495e-10
5400.00 7.090400e-10
5410.00 7.364090e-10
5420.00 7.640983e-10
5430.00 8.092233e-10
5440.00 8.383681e-10
5450.00 8.659119e-10
5460.00 8.824639e-10
5470.00 8.995709e-10
5480.00 9.067726e-10
5490.00 9.181777e-10
5500.00 9.194706e-10
5510.00 9.156701e-10
5520.00 9.102213e-10
5530.00 8.916089e-10
5540.00 8.665093e-10
5550.00 8.507903e-10
5560.00 8.199638e-10
5570.00 7.973789e-10
5580.00 7.699590e-10
5590.00 7.382235e-10
5600.00 7.076500e-10
5610.00 6.698442e-10
5620.00 6.383632e-10
5630.00 6.113794e-10
5640.00 5.738005e-10
5650.00 5.433888e-10
5660.00 5.267489e-10
5670.00 5.172249e-10
5680.00 5.095457e-10
5690.00 5.190468e-10
5700.00 5.253349e-10
5710.00 5.321767e-10
5720.00 5.383438e-10
5730.00 5.619893e-10
5740.00 5.798984e-10
5750.00 5.927027e-10
5760.00 6.226236e-10
5770.00 6.355947e-10
5780.00 6.537813e-10
5790.00 6.684161e-10
5800.00 6.716923e-10
5810.00 6.583429e-10
5820.00 6.678822e-10
5830.00 6.645382e-10
5840.00 6.482146e-10
5850.00 6.591517e-10
5860.00 6.645729e-10
5870.00 6.432422e-10
5880.00 6.295994e-10
5890.00 5.942171e-10
5900.00 5.855957e-10
5910.00 5.670156e-10
5920.00 5.497347e-10
5930.00 5.377496e-10
5940.00 5.043702e-10
5950.00 4.809364e-10
5960.00 4.681615e-10
5970.00 4.654474e-10
5980.00 4.511605e-10
5990.00 4.428227e-10
6000.00 4.365901e-10
6010.00 4.363412e-10
6020.00 4.342097e-10
6030.00 4.295548e-10
6040.00 4.267132e-10
6050.00 4.302184e-10
6060.00 4.278932e-10
6070.00 4.337808e-10
6080.00 4.294792e-10
6090.00 4.316445e-10
6100.00 4.333535e-10
6110.00 4.282020e-10
6120.00 4.258580e-10
6130.00 4.251330e-10
6140.00 4.275827e-10
6150.00 4.365120e-10
6160.00 4.537479e-10
6170.00 4.577823e-10
6180.00 4.510564e-10
6190.00 4.492412e-10
6200.00 4.570963e-10
6210.00 4.532175e-10
6220.00 4.552641e-10
6230.00 4.537641e-10
6240.00 4.498573e-10
6250.00 4.479684e-10
6260.00 4.662717e-10
6270.00 4.667958e-10
6280.00 4.592050e-10
6290.00 4.871807e-10
6300.00 5.023629e-10
6310.00 5.031093e-10
6320.00 5.464912e-10
6330.00 5.643662e-10
6340.00 5.906264e-10
6350.00 6.202457e-10
6360.00 6.538612e-10
6370.00 6.916104e-10
6380.00 7.020330e-10
6390.00 7.446989e-10
6400.00 7.706826e-10
6410.00 7.856279e-10
6420.00 8.014039e-10
6430.00 8.366021e-10
6440.00 8.413385e-10
6450.00 8.367401e-10
6460.00 8.641978e-10
6470.00 8.677536e-10
6480.00 8.663947e-10
6490.00 8.663644e-10
6500.00 9.031728e-10
6510.00 8.893002e-10
6520.00 8.593808e-10
6530.00 8.594266e-10
6540.00 8.581879e-10
6550.00 8.324593e-10
6560.00 8.006097e-10
6570.00 7.930767e-10
6580.00 7.725265e-10
6590.00 7.508952e-10
6600.00 7.104108e-10
6610.00 6.715411e-10
6620.00 6.442804e-10
6630.00 6.332321e-10
6640.00 5.970961e-10
6650.00 5.663745e-10
6660.00 5.474183e-10
6670.00 5.387012e-10
6680.00 5.343152e-10
6690.00 4.910764e-10
6700.00 4.798706e-10
6710.00 4.795284e-10
6720.00 4.745950e-10
6730.00 5.003032e-10
6740.00 4.798976e-10
6750.00 4.832188e-10
6760.00 4.622928e-10
6770.00 4.271906e-10
6780.00 4.533347e-10
6790.00 4.250547e-10
6800.00 4.139026e-10
6810.00 4.358046e-10
6820.00 4.338489e-10
6830.00 4.139511e-10
6840.00 4.005341e-10
6850.00 4.373698e-10
6860.00 4.173738e-10
6870.00 3.981438e-10
6880.00 4.094044e-10
6890.00 3.946558e-10
6900.00 3.982093e-10
6910.00 4.032335e-10
6920.00 4.078605e-10
6930.00 4.160015e-10
6940.00 4.140982e-10
6950.00 4.191322e-10
6960.00 4.067280e-10
6970.00 3.913602e-10
6980.00 4.033500e-10
6990.00 4.017397e-10
7000.00 3.787587e-10
7010.00 3.512840e-10
7020.00 3.552835e-10
7030.00 3.592225e-10
7040.00 3.632657e-10
7050.00 3.658347e-10
7060.00 3.749492e-10
7070.00 3.871573e-10
7080.00 3.948883e-10
7090.00 4.049507e-10
7100.00 4.176109e-10
7110.00 4.355006e-10
7120.00 4.605870e-10
7130.00 4.726346e-10
7140.00 4.829698e-10
7150.00 4.939467e-10
7160.00 5.071730e-10
7170.00 4.972982e-10
7180.00 5.012426e-10
7190.00 5.014427e-10
7200.00 5.003831e-10
7210.00 5.035994e-10
7220.00 4.994017e-10
7230.00 4.919774e-10
7240.00 4.954507e-10
7250.00 5.031741e-10
7260.00 5.100809e-10
7270.00 5.210853e-10
7280.00 5.324218e-10
7290.00 5.391766e-10
7300.00 5.446018e-10
7310.00 5.624132e-10
7320.00 5.702426e-10
7330.00 5.840427e-10
7340.00 5.979590e-10
7350.00 6.018841e-10
7360.00 6.058325e-10
7370.00 5.976734e-10
7380.00 5.828746e-10
7390.00 5.668304e-10
7400.00 5.327132e-10
7410.00 4.958789e-10
7420.00 4.724820e-10
7430.00 4.419952e-10
7440.00 4.142459e-10
7450.00 3.949876e-10
7460.00 3.815497e-10
7470.00 3.762600e-10
7480.00 4.120369e-10
7490.00 3.309462e-10
7500.00 2.827338e-10
7510.00 3.804437e-10
7520.00 3.521653e-10
7530.00 3.786583e-10
7540.00 4.132150e-10
7550.00 4.338360e-10
7560.00 4.470796e-10
7570.00 4.686819e-10
7580.00 4.768731e-10
7590.00 4.661031e-10
7600.00 4.620314e-10
7610.00 4.770444e-10
7620.00 4.762729e-10
7630.00 4.638737e-10
7640.00 4.553220e-10
7650.00 4.524372e-10
7660.00 4.597086e-10
7670.00 4.492833e-10
7680.00 4.363607e-10
7690.00 4.199626e-10
7700.00 3.990911e-10
7710.00 3.925478e-10
7720.00 3.855065e-10
7730.00 3.686580e-10
7740.00 3.523357e-10
7750.00 3.390285e-10
7760.00 3.285556e-10
7770.00 3.178511e-10
7780.00 3.108466e-10
7790.00 2.983933e-10
7800.00 2.782497e-10
7810.00 2.650161e-10
7820.00 2.633025e-10
7830.00 2.588752e-10
7840.00 2.541382e-10
7850.00 2.405702e-10
7860.00 2.291622e-10
7870.00 2.249642e-10
7880.00 2.238513e-10
7890.00 2.116577e-10
7900.00 2.048105e-10
7910.00 1.967719e-10
7920.00 2.005107e-10
7930.00 1.960383e-10
7940.00 1.882997e-10
7950.00 1.843765e-10
7960.00 1.861887e-10
7970.00 1.872873e-10
7980.00 1.736553e-10
7990.00 1.651245e-10
8000.00 1.711428e-10
8010.00 1.707652e-10
8020.00 1.693891e-10
8030.00 1.632257e-10
8040.00 1.454735e-10
8050.00 1.475547e-10
8060.00 1.881849e-10
8070.00 1.114219e-10
8080.00 9.188936e-11
8090.00 9.146778e-11
8100.00 8.115036e-11
8110.00 7.762227e-11
8120.00 7.221822e-11
8130.00 6.526378e-11
8140.00 5.642336e-11
8150.00 4.876144e-11
8160.00 4.487930e-11
8170.00 5.029943e-11
8180.00 5.306082e-11
8190.00 4.723750e-11
8200.00 4.654337e-11
8210.00 5.164483e-11
8220.00 5.559441e-11
8230.00 5.687928e-11
8240.00 5.613823e-11
8250.00 5.647614e-11
8260.00 6.111502e-11
8270.00 6.778429e-11
8280.00 8.124122e-11
8290.00 9.091899e-11
8300.00 8.571057e-11
8310.00 8.743593e-11
8320.00 9.399228e-11
8330.00 1.061602e-10
8340.00 1.281340e-10
8350.00 1.481043e-10
8360.00 1.672029e-10
8370.00 1.812431e-10
8380.00 2.009569e-10
8390.00 2.212058e-10
8400.00 2.541935e-10
8410.00 2.941535e-10
8420.00 3.098801e-10
8430.00 3.054838e-10
8440.00 3.015000e-10
8450.00 3.041300e-10
8460.00 3.076657e-10
8470.00 3.268522e-10
8480.00 3.526774e-10
8490.00 3.449418e-10
8500.00 3.330068e-10
8510.00 3.218304e-10
8520.00 3.111652e-10
8530.00 3.213127e-10
8540.00 3.651199e-10
8550.00 3.735053e-10
8560.00 3.562035e-10
8570.00 3.437253e-10
8580.00 3.485370e-10
8590.00 3.559898e-10
8600.00 4.124242e-10
8610.00 4.384398e-10
8620.00 4.076336e-10
8630.00 3.791391e-10
8640.00 4.087827e-10
8650.00 4.513199e-10
8660.00 4.590758e-10
8670.00 4.536624e-10
8680.00 4.383461e-10
8690.00 3.961821e-10
8700.00 3.931809e-10
8710.00 4.059832e-10
8720.00 4.410627e-10
8730.00 4.442864e-10
8740.00 4.026583e-10
8750.00 3.695858e-10
8760.00 3.653121e-10
8770.00 3.807414e-10
8780.00 3.902053e-10
8790.00 3.779355e-10
8800.00 3.811633e-10
8810.00 3.681993e-10
8820.00 3.524161e-10
8830.00 3.380727e-10
8840.00 3.371580e-10
8850.00 3.545397e-10
8860.00 3.244986e-10
8870.00 3.183097e-10
8880.00 3.242098e-10
8890.00 3.108590e-10
8900.00 3.066152e-10
8910.00 3.195309e-10
8920.00 3.167958e-10
8930.00 3.011494e-10
8940.00 2.998387e-10
8950.00 2.981741e-10
8960.00 3.080898e-10
8970.00 3.221421e-10
8980.00 3.227486e-10
8990.00 3.126460e-10
9000.00 2.937388e-10
9010.00 2.959108e-10
9020.00 2.888164e-10
9030.00 2.901686e-10
9040.00 2.907509e-10
9050.00 2.911542e-10
9060.00 3.007250e-10
9070.00 3.074760e-10
9080.00 3.200823e-10
9090.00 3.486491e-10
9100.00 3.234849e-10
9110.00 2.954905e-10
9120.00 2.883119e-10
9130.00 2.738576e-10
9140.00 2.880741e-10
9150.00 2.956953e-10
9160.00 2.940650e-10
9170.00 2.773033e-10
9180.00 2.329973e-10
9190.00 2.286209e-10
9200.00 2.402971e-10
9210.00 2.507136e-10
9220.00 2.426257e-10
9230.00 3.257749e-10
9240.00 3.390315e-10
9250.00 2.189244e-10
9260.00 2.322156e-10
9270.00 2.286794e-10
9280.00 2.303415e-10
9290.00 2.513698e-10
9300.00 2.628270e-10
9310.00 2.905359e-10
9320.00 2.828307e-10
9330.00 2.839886e-10
9340.00 2.834949e-10
9350.00 2.901596e-10
9360.00 2.600623e-10
9370.00 3.026969e-10
9380.00 3.832408e-10
9390.00 3.521124e-10
9400.00 3.403390e-10
9410.00 3.367553e-10
9420.00 2.960904e-10
9430.00 3.037311e-10
9440.00 3.289277e-10
9450.00 3.206999e-10
9460.00 3.103196e-10
9470.00 2.813179e-10
9480.00 2.614571e-10
9490.00 2.718259e-10
9500.00 2.651513e-10
9510.00 2.688685e-10
9520.00 2.390340e-10
9530.00 2.271994e-10
9540.00 2.521330e-10
9550.00 2.570184e-10
9560.00 2.545618e-10
9570.00 2.373937e-10
9580.00 2.453938e-10
9590.00 2.505594e-10
9600.00 2.291769e-10
9610.00 2.654714e-10
9620.00 2.605459e-10
9630.00 2.555638e-10
9640.00 2.984915e-10
9650.00 2.784902e-10
9660.00 2.653833e-10
9670.00 2.824573e-10
9680.00 3.142544e-10
9690.00 3.409638e-10
9700.00 3.312900e-10
9710.00 3.794655e-10
9720.00 4.112205e-10
9730.00 3.778779e-10
9740.00 3.586236e-10
9750.00 3.789933e-10
9760.00 4.015045e-10
9770.00 4.121798e-10
9780.00 4.028898e-10
9790.00 3.873672e-10
9800.00 4.554102e-10
9810.00 4.404682e-10
9820.00 4.083603e-10
9830.00 4.326725e-10
9840.00 4.587647e-10
9850.00 4.782185e-10
9860.00 4.305956e-10
9870.00 4.114579e-10
9880.00 4.532132e-10
9890.00 4.333475e-10
9900.00 4.145188e-10
9910.00 4.126365e-10
9920.00 3.931862e-10
9930.00 3.973976e-10
9940.00 4.367902e-10
9950.00 4.627889e-10
9960.00 4.039880e-10
9970.00 3.501158e-10
9980.00 3.451559e-10
9990.00 3.948543e-10
10000.00 3.859511e-10
10010.00 3.837946e-10
10020.00 3.816318e-10
10030.00 3.794615e-10
10040.00 3.772848e-10
10050.00 3.751013e-10
10060.00 3.729111e-10
10070.00 3.707145e-10
10080.00 3.685105e-10
10090.00 3.663005e-10
10100.00 3.640830e-10
10110.00 3.618586e-10
10120.00 3.596285e-10
10130.00 3.573908e-10
10140.00 3.551467e-10
10150.00 3.528959e-10
10160.00 3.506385e-10
10170.00 3.483742e-10
10180.00 3.461033e-10
10190.00 3.438256e-10
10200.00 3.415413e-10
10210.00 3.392504e-10
10220.00 3.369526e-10
10230.00 3.346481e-10
10240.00 3.323374e-10
10250.00 3.300198e-10
10260.00 3.276953e-10
10270.00 3.253639e-10
10280.00 3.230268e-10
10290.00 3.206828e-10
10300.00 3.183318e-10
10310.00 3.159744e-10
10320.00 3.136107e-10
10330.00 3.112398e-10
10340.00 3.088629e-10
10350.00 3.064791e-10
10360.00 3.040890e-10
10370.00 3.016924e-10
10380.00 2.992890e-10
10390.00 2.968793e-10
10400.00 2.944628e-10
10410.00 2.920400e-10
10420.00 2.896110e-10
10430.00 2.871750e-10
10440.00 2.847329e-10
10450.00 2.822843e-10
10460.00 2.798292e-10
10470.00 2.773678e-10
10480.00 2.749000e-10
10490.00 2.724256e-10
10500.00 2.699450e-10
10510.00 2.674580e-10
10520.00 2.649649e-10
10530.00 2.624655e-10
10540.00 2.599597e-10
10550.00 2.574477e-10
10560.00 2.549294e-10
10570.00 2.524044e-10
10580.00 2.498739e-10
10590.00 2.473371e-10
10600.00 2.447940e-10
10610.00 2.422446e-10
10620.00 2.396891e-10
10630.00 2.371276e-10
10640.00 2.345599e-10
10650.00 2.319862e-10
10660.00 2.294067e-10
10670.00 2.268206e-10
10680.00 2.242288e-10
10690.00 2.216309e-10
10700.00 2.190271e-10
10710.00 2.164169e-10
10720.00 2.138012e-10
10730.00 2.111795e-10
10740.00 2.085518e-10
10750.00 2.059183e-10
10760.00 2.032791e-10
10770.00 2.006336e-10
10780.00 1.979823e-10
10790.00 1.953253e-10
10800.00 1.926625e-10
10810.00 1.899939e-10
10820.00 1.873197e-10
10830.00 1.846399e-10
10840.00 1.819539e-10
10850.00 1.792624e-10
10860.00 1.765651e-10
10870.00 1.738623e-10
10880.00 1.711537e-10
10890.00 1.684397e-10
10900.00 1.657200e-10
10910.00 1.629947e-10
10920.00 1.602638e-10
10930.00 1.575273e-10
10940.00 1.547853e-10
10950.00 1.520379e-10
10960.00 1.492848e-10
10970.00 1.465265e-10
10980.00 1.437625e-10
10990.00 1.409932e-10
11000.00 1.382186e-10
11010.00 1.354384e-10
11020.00 1.326530e-10
11030.00 1.298621e-10
11040.00 1.270659e-10
11050.00 1.242646e-10
11060.00 1.214577e-10
11070.00 1.186457e-10
11080.00 1.158284e-10
11090.00 1.130060e-10
11100.00 1.101784e-10
11110.00 1.073454e-10
11120.00 1.045075e-10
11130.00 1.016644e-10
11140.00 9.881599e-11
11150.00 9.596264e-11
11160.00 9.310422e-11
11170.00 9.024081e-11
11180.00 8.737217e-11
11190.00 8.449865e-11
11200.00 8.162015e-11
11210.00 7.873664e-11
11220.00 7.584823e-11
11230.00 7.295486e-11
11240.00 7.005653e-11
11250.00 6.715344e-11
11260.00 6.424539e-11
11270.00 6.133257e-11
11280.00 5.841487e-11
11290.00 5.549237e-11
11300.00 5.256517e-11
11310.00 5.260598e-11
11320.00 5.264665e-11
11330.00 5.268721e-11
11340.00 5.272763e-11
11350.00 5.276792e-11
11360.00 5.280806e-11
11370.00 5.284811e-11
11380.00 5.288795e-11
11390.00 5.292775e-11
11400.00 5.296731e-11
11410.00 5.300679e-11
11420.00 5.304617e-11
11430.00 5.308538e-11
11440.00 5.312443e-11
11450.00 5.316336e-11
11460.00 5.320218e-11
11470.00 5.324089e-11
11480.00 5.327942e-11
11490.00 5.331781e-11
11500.00 5.335611e-11
11510.00 5.339425e-11
11520.00 5.343226e-11
11530.00 5.347012e-11
11540.00 5.350788e-11
11550.00 5.354547e-11
11560.00 5.358292e-11
11570.00 5.362023e-11
11580.00 5.365740e-11
11590.00 5.369449e-11
11600.00 5.373137e-11
11610.00 5.376817e-11
11620.00 5.380481e-11
11630.00 5.384127e-11
11640.00 5.387760e-11
11650.00 5.391390e-11
11660.00 5.394995e-11
11670.00 5.398585e-11
11680.00 5.402172e-11
11690.00 5.405736e-11
11700.00 5.409284e-11
11710.00 5.412829e-11
11720.00 5.416353e-11
11730.00 5.419865e-11
11740.00 5.423355e-11
11750.00 5.426845e-11
11760.00 5.430312e-11
11770.00 5.433763e-11
11780.00 5.437206e-11
11790.00 5.440632e-11
11800.00 5.444044e-11
11810.00 5.447443e-11
11820.00 5.450826e-11
11830.00 5.454197e-11
11840.00 5.457553e-11
11850.00 5.460895e-11
11860.00 5.464221e-11
11870.00 5.467534e-11
11880.00 5.470834e-11
11890.00 5.474119e-11
11900.00 5.477389e-11
11910.00 5.480644e-11
11920.00 5.483886e-11
11930.00 5.487112e-11
11940.00 5.490328e-11
11950.00 5.493523e-11
11960.00 5.496707e-11
11970.00 5.499879e-11
11980.00 5.503034e-11
11990.00 5.506171e-11
12000.00 5.509298e-11
12010.00 5.512410e-11
12020.00 5.515505e-11
12030.00 5.518588e-11
12040.00 5.521658e-11
12050.00 5.524712e-11
12060.00 5.527752e-11
12070.00 5.530775e-11
12080.00 5.533784e-11
12090.00 5.536777e-11
12100.00 5.539758e-11
12110.00 5.542724e-11
12120.00 5.545674e-11
12130.00 5.548615e-11
12140.00 5.551528e-11
12150.00 5.554442e-11
12160.00 5.557333e-11
12170.00 5.560210e-11
12180.00 5.563070e-11
12190.00 5.565924e-11
12200.00 5.568756e-11
12210.00 5.571574e-11
12220.00 5.574377e-11
12230.00 5.577161e-11
12240.00 5.579936e-11
12250.00 5.582694e-11
12260.00 5.585441e-11
12270.00 5.588165e-11
12280.00 5.590880e-11
12290.00 5.593581e-11
12300.00 5.596267e-11
12310.00 5.598932e-11
12320.00 5.601588e-11
12330.00 5.604229e-11
12340.00 5.606849e-11
12350.00 5.609460e-11
12360.00 5.612053e-11
12370.00 5.614633e-11
12380.00 5.617193e-11
12390.00 5.619743e-11
12400.00 5.622274e-11
12410.00 5.624794e-11
12420.00 5.627296e-11
12430.00 5.629785e-11
12440.00 5.632258e-11
12450.00 5.634715e-11
12460.00 5.637155e-11
12470.00 5.639582e-11
12480.00 5.641992e-11
12490.00 5.644393e-11
12500.00 5.646775e-11
12510.00 5.649447e-11
12520.00 5.652111e-11
12530.00 5.654757e-11
12540.00 5.657378e-11
12550.00 5.659990e-11
12560.00 5.662580e-11
12570.00 5.665168e-11
12580.00 5.667731e-11
12590.00 5.670278e-11
12600.00 5.672814e-11
12610.00 5.675333e-11
12620.00 5.677836e-11
12630.00 5.680319e-11
12640.00 5.682786e-11
12650.00 5.685244e-11
12660.00 5.687675e-11
12670.00 5.690101e-11
12680.00 5.692503e-11
12690.00 5.694896e-11
12700.00 5.697270e-11
12710.00 5.699628e-11
12720.00 5.701970e-11
12730.00 5.704297e-11
12740.00 5.706604e-11
12750.00 5.708894e-11
12760.00 5.711177e-11
12770.00 5.713442e-11
12780.00 5.715685e-11
12790.00 5.717917e-11
12800.00 5.720129e-11
12810.00 5.722327e-11
12820.00 5.724503e-11
12830.00 5.726671e-11
12840.00 5.728824e-11
12850.00 5.730956e-11
12860.00 5.733069e-11
12870.00 5.735172e-11
12880.00 5.737258e-11
12890.00 5.739319e-11
12900.00 5.741378e-11
12910.00 5.743410e-11
12920.00 5.745438e-11
12930.00 5.747445e-11
12940.00 5.749434e-11
12950.00 5.751408e-11
12960.00 5.753370e-11
12970.00 5.755313e-11
12980.00 5.757243e-11
12990.00 5.759155e-11
13000.00 5.761056e-11
13010.00 5.762939e-11
13020.00 5.764811e-11
13030.00 5.766661e-11
13040.00 5.768501e-11
13050.00 5.770326e-11
13060.00 5.772137e-11
13070.00 5.773934e-11
13080.00 5.775716e-11
13090.00 5.777479e-11
13100.00 5.779234e-11
13110.00 5.780981e-11
13120.00 5.782705e-11
13130.00 5.784412e-11
13140.00 5.786111e-11
13150.00 5.787791e-11
13160.00 5.789462e-11
13170.00 5.791126e-11
13180.00 5.792763e-11
13190.00 5.794395e-11
13200.00 5.796012e-11
13210.00 5.797617e-11
13220.00 5.799201e-11
13230.00 5.800782e-11
13240.00 5.802344e-11
13250.00 5.803892e-11
13260.00 5.805433e-11
13270.00 5.806954e-11
13280.00 5.808469e-11
13290.00 5.809968e-11
13300.00 5.811458e-11
13310.00 5.812932e-11
13320.00 5.814389e-11
13330.00 5.815843e-11
13340.00 5.817279e-11
13350.00 5.818707e-11
13360.00 5.820124e-11
13370.00 5.821524e-11
13380.00 5.822909e-11
13390.00 5.824290e-11
13400.00 5.825661e-11
13410.00 5.827012e-11
13420.00 5.828357e-11
13430.00 5.829687e-11
13440.00 5.831013e-11
13450.00 5.832319e-11
13460.00 5.833620e-11
13470.00 5.834905e-11
13480.00 5.836182e-11
13490.00 5.837447e-11
13500.00 5.838701e-11
13510.00 5.839949e-11
13520.00 5.841186e-11
13530.00 5.842403e-11
13540.00 5.843618e-11
13550.00 5.844817e-11
13560.00 5.846012e-11
13570.00 5.847194e-11
13580.00 5.848362e-11
13590.00 5.849527e-11
13600.00 5.850678e-11
13610.00 5.851816e-11
13620.00 5.852953e-11
13630.00 5.854073e-11
13640.00 5.855189e-11
13650.00 5.856292e-11
13660.00 5.857386e-11
13670.00 5.858470e-11
13680.00 5.859546e-11
13690.00 5.860609e-11
13700.00 5.861671e-11
13710.00 5.851473e-11
13720.00 5.841249e-11
13730.00 5.831022e-11
13740.00 5.820785e-11
13750.00 5.810530e-11
13760.00 5.800267e-11
13770.00 5.789989e-11
13780.00 5.779695e-11
13790.00 5.769400e-11
13800.00 5.759083e-11
13810.00 5.748762e-11
13820.00 5.738424e-11
13830.00 5.728077e-11
13840.00 5.717715e-11
13850.00 5.707348e-11
13860.00 5.696964e-11
13870.00 5.686577e-11
13880.00 5.676173e-11
13890.00 5.665763e-11
13900.00 5.655338e-11
13910.00 5.644903e-11
13920.00 5.634458e-11
13930.00 5.624006e-11
13940.00 5.613542e-11
13950.00 5.603069e-11
13960.00 5.592581e-11
13970.00 5.582090e-11
13980.00 5.571590e-11
13990.00 5.561079e-11
14000.00 5.550559e-11
14010.00 5.540023e-11
14020.00 5.529489e-11
14030.00 5.518939e-11
14040.00 5.508384e-11
14050.00 5.497820e-11
14060.00 5.487246e-11
14070.00 5.476665e-11
14080.00 5.466075e-11
14090.00 5.455479e-11
14100.00 5.444871e-11
14110.00 5.434257e-11
14120.00 5.423635e-11
14130.00 5.413007e-11
14140.00 5.402367e-11
14150.00 5.391724e-11
14160.00 5.381068e-11
14170.00 5.370415e-11
14180.00 5.359749e-11
14190.00 5.349073e-11
14200.00 5.338395e-11
14210.00 5.327708e-11
14220.00 5.317012e-11
14230.00 5.306314e-11
14240.00 5.295607e-11
14250.00 5.284894e-11
14260.00 5.274173e-11
14270.00 5.263451e-11
14280.00 5.252717e-11
14290.00 5.241978e-11
14300.00 5.231235e-11
14310.00 5.220489e-11
14320.00 5.209737e-11
14330.00 5.198975e-11
14340.00 5.188210e-11
14350.00 5.177439e-11
14360.00 5.166666e-11
14370.00 5.155884e-11
14380.00 5.145098e-11
14390.00 5.134305e-11
14400.00 5.123508e-11
14410.00 5.112708e-11
14420.00 5.101904e-11
14430.00 5.091095e-11
14440.00 5.080277e-11
14450.00 5.069462e-11
14460.00 5.058641e-11
14470.00 5.047812e-11
14480.00 5.036981e-11
14490.00 5.026144e-11
14500.00 5.015304e-11
14510.00 5.004463e-11
14520.00 4.993617e-11
14530.00 4.982763e-11
14540.00 4.971912e-11
14550.00 4.961053e-11
14560.00 4.950196e-11
14570.00 4.939331e-11
14580.00 4.928466e-11
14590.00 4.917592e-11
14600.00 4.906717e-11
14610.00 4.895848e-11
14620.00 4.884962e-11
14630.00 4.874082e-11
14640.00 4.863196e-11
14650.00 4.852310e-11
14660.00 4.841418e-11
14670.00 4.830528e-11
14680.00 4.819633e-11
14690.00 4.808735e-11
14700.00 4.797835e-11
14710.00 4.786933e-11
14720.00 4.776027e-11
14730.00 4.765123e-11
14740.00 4.754214e-11
14750.00 4.743305e-11
14760.00 4.732394e-11
14770.00 4.721478e-11
14780.00 4.710566e-11
14790.00 4.699647e-11
14800.00 4.688730e-11
14810.00 4.677809e-11
14820.00 4.666888e-11
14830.00 4.655966e-11
14840.00 4.645042e-11
14850.00 4.634119e-11
14860.00 4.623190e-11
14870.00 4.612263e-11
14880.00 4.601332e-11
14890.00 4.590405e-11
14900.00 4.579473e-11
14910.00 4.568537e-11
14920.00 4.557603e-11
14930.00 4.546670e-11
14940.00 4.535730e-11
14950.00 4.524796e-11
14960.00 4.513851e-11
14970.00 4.502912e-11
14980.00 4.491971e-11
14990.00 4.481027e-11
15000.00 4.470085e-11
15010.00 4.470566e-11
15020.00 4.471051e-11
15030.00 4.471538e-11
15040.00 4.472027e-11
15050.00 4.472516e-11
15060.00 4.473003e-11
15070.00 4.473496e-11
15080.00 4.473988e-11
15090.00 4.474483e-11
15100.00 4.474976e-11
15110.00 4.475474e-11
15120.00 4.475971e-11
15130.00 4.476471e-11
15140.00 4.476970e-11
15150.00 4.477472e-11
15160.00 4.477975e-11
15170.00 4.478479e-11
15180.00 4.478983e-11
15190.00 4.479487e-11
15200.00 4.479995e-11
15210.00 4.480508e-11
15220.00 4.481018e-11
15230.00 4.481527e-11
15240.00 4.482043e-11
15250.00 4.482556e-11
15260.00 4.483075e-11
15270.00 4.483588e-11
15280.00 4.484107e-11
15290.00 4.484628e-11
15300.00 4.485148e-11
15310.00 4.485673e-11
15320.00 4.486195e-11
15330.00 4.486718e-11
15340.00 4.487245e-11
15350.00 4.487778e-11
15360.00 4.488305e-11
15370.00 4.488836e-11
15380.00 4.489370e-11
15390.00 4.489903e-11
15400.00 4.490439e-11
15410.00 4.490976e-11
15420.00 4.491516e-11
15430.00 4.492053e-11
15440.00 4.492593e-11
15450.00 4.493137e-11
15460.00 4.493680e-11
15470.00 4.494227e-11
15480.00 4.494774e-11
15490.00 4.495322e-11
15500.00 4.495875e-11
15510.00 4.496427e-11
15520.00 4.496980e-11
15530.00 4.497537e-11
15540.00 4.498094e-11
15550.00 4.498649e-11
15560.00 4.499211e-11
15570.00 4.499770e-11
15580.00 4.500336e-11
15590.00 4.500901e-11
15600.00 4.501465e-11
15610.00 4.502034e-11
15620.00 4.502603e-11
15630.00 4.503176e-11
15640.00 4.503747e-11
15650.00 4.504324e-11
15660.00 4.504901e-11
15670.00 4.505477e-11
15680.00 4.506056e-11
15690.00 4.506638e-11
15700.00 4.507221e-11
15710.00 4.507805e-11
15720.00 4.508391e-11
15730.00 4.508980e-11
15740.00 4.509569e-11
15750.00 4.510160e-11
15760.00 4.510755e-11
15770.00 4.511347e-11
15780.00 4.511943e-11
15790.00 4.512544e-11
15800.00 4.513144e-11
15810.00 4.513746e-11
15820.00 4.514348e-11
15830.00 4.514955e-11
15840.00 4.515562e-11
15850.00 4.516174e-11
15860.00 4.516784e-11
15870.00 4.517396e-11
15880.00 4.518009e-11
15890.00 4.518627e-11
15900.00 4.519247e-11
15910.00 4.519867e-11
15920.00 4.520487e-11
15930.00 4.521111e-11
15940.00 4.521737e-11
15950.00 4.522365e-11
15960.00 4.522995e-11
15970.00 4.523624e-11
15980.00 4.524260e-11
15990.00 4.524897e-11
16000.00 4.525530e-11
16010.00 4.526173e-11
16020.00 4.526812e-11
16030.00 4.527456e-11
16040.00 4.528100e-11
16050.00 4.528746e-11
16060.00 4.529394e-11
16070.00 4.530048e-11
16080.00 4.530701e-11
16090.00 4.531354e-11
16100.00 4.532011e-11
16110.00 4.532671e-11
16120.00 4.533329e-11
16130.00 4.533993e-11
16140.00 4.534659e-11
16150.00 4.535320e-11
16160.00 4.535993e-11
16170.00 4.536665e-11
16180.00 4.537336e-11
16190.00 4.538014e-11
16200.00 4.538691e-11
16210.00 4.539368e-11
16220.00 4.540050e-11
16230.00 4.540732e-11
16240.00 4.541418e-11
16250.00 4.542106e-11
16260.00 4.541205e-11
16270.00 4.540306e-11
16280.00 4.539411e-11
16290.00 4.538521e-11
16300.00 4.537635e-11
16310.00 4.536756e-11
16320.00 4.535879e-11
16330.00 4.535011e-11
16340.00 4.534144e-11
16350.00 4.533282e-11
16360.00 4.532425e-11
16370.00 4.531578e-11
16380.00 4.530733e-11
16390.00 4.529888e-11
16400.00 4.529048e-11
16410.00 4.528217e-11
16420.00 4.527390e-11
16430.00 4.526568e-11
16440.00 4.525744e-11
16450.00 4.524932e-11
16460.00 4.524123e-11
16470.00 4.523318e-11
16480.00 4.522517e-11
16490.00 4.521724e-11
16500.00 4.520933e-11
16510.00 4.520148e-11
16520.00 4.519369e-11
16530.00 4.518590e-11
16540.00 4.517818e-11
16550.00 4.517053e-11
16560.00 4.516290e-11
16570.00 4.515533e-11
16580.00 4.514778e-11
16590.00 4.514032e-11
16600.00 4.513284e-11
16610.00 4.512546e-11
16620.00 4.511815e-11
16630.00 4.511085e-11
16640.00 4.510357e-11
16650.00 4.509639e-11
16660.00 4.508923e-11
16670.00 4.508213e-11
16680.00 4.507505e-11
16690.00 4.506804e-11
16700.00 4.506109e-11
16710.00 4.505416e-11
16720.00 4.504728e-11
16730.00 4.504044e-11
16740.00 4.503369e-11
16750.00 4.502692e-11
16760.00 4.502026e-11
16770.00 4.501363e-11
16780.00 4.500699e-11
16790.00 4.500044e-11
16800.00 4.499395e-11
16810.00 4.498751e-11
16820.00 4.498108e-11
16830.00 4.497475e-11
16840.00 4.496840e-11
16850.00 4.496214e-11
16860.00 4.495592e-11
16870.00 4.494975e-11
16880.00 4.494359e-11
16890.00 4.493751e-11
16900.00 4.493145e-11
16910.00 4.492544e-11
16920.00 4.491950e-11
16930.00 4.491358e-11
16940.00 4.490769e-11
16950.00 4.490187e-11
16960.00 4.489605e-11
16970.00 4.489033e-11
16980.00 4.488466e-11
16990.00 4.487896e-11
17000.00 4.487337e-11
17010.00 4.486779e-11
17020.00 4.486222e-11
17030.00 4.485675e-11
17040.00 4.485127e-11
17050.00 4.484589e-11
17060.00 4.484053e-11
17070.00 4.483516e-11
17080.00 4.482988e-11
17090.00 4.482460e-11
17100.00 4.481942e-11
17110.00 4.481425e-11
17120.00 4.480913e-11
17130.00 4.480400e-11
17140.00 4.479897e-11
17150.00 4.479394e-11
17160.00 4.478895e-11
17170.00 4.478399e-11
17180.00 4.477910e-11
17190.00 4.477421e-11
17200.00 4.476939e-11
17210.00 4.476459e-11
17220.00 4.475983e-11
17230.00 4.475510e-11
17240.00 4.475045e-11
17250.00 4.474577e-11
17260.00 4.474117e-11
17270.00 4.473659e-11
17280.00 4.473203e-11
17290.00 4.472750e-11
17300.00 4.472304e-11
17310.00 4.471859e-11
17320.00 4.471416e-11
17330.00 4.470985e-11
17340.00 4.470547e-11
17350.00 4.470116e-11
17360.00 4.469688e-11
17370.00 4.469264e-11
17380.00 4.468844e-11
17390.00 4.468428e-11
17400.00 4.468010e-11
17410.00 4.467597e-11
17420.00 4.467192e-11
17430.00 4.466785e-11
17440.00 4.466384e-11
17450.00 4.465985e-11
17460.00 4.465590e-11
17470.00 4.465198e-11
17480.00 4.464810e-11
17490.00 4.464421e-11
17500.00 4.464036e-11
17510.00 4.463658e-11
17520.00 4.463278e-11
17530.00 4.462903e-11
17540.00 4.462535e-11
17550.00 4.462161e-11
17560.00 4.461796e-11
17570.00 4.461435e-11
17580.00 4.461073e-11
17590.00 4.460713e-11
17600.00 4.460359e-11
17610.00 4.460006e-11
17620.00 4.459655e-11
17630.00 4.459310e-11
17640.00 4.458966e-11
17650.00 4.458625e-11
17660.00 4.458283e-11
17670.00 4.457947e-11
17680.00 4.457617e-11
17690.00 4.457281e-11
17700.00 4.456951e-11
17710.00 4.456625e-11
17720.00 4.456301e-11
17730.00 4.455979e-11
17740.00 4.455660e-11
17750.00 4.455344e-11
17760.00 4.455028e-11
17770.00 4.454716e-11
17780.00 4.454406e-11
17790.00 4.454095e-11
17800.00 4.453792e-11
17810.00 4.453488e-11
17820.00 4.453188e-11
17830.00 4.452885e-11
17840.00 4.452592e-11
17850.00 4.452299e-11
17860.00 4.452005e-11
17870.00 4.451717e-11
17880.00 4.451429e-11
17890.00 4.451141e-11
17900.00 4.450857e-11
17910.00 4.450577e-11
17920.00 4.450293e-11
17930.00 4.450017e-11
17940.00 4.449738e-11
17950.00 4.449465e-11
17960.00 4.449192e-11
17970.00 4.448920e-11
17980.00 4.448651e-11
17990.00 4.448382e-11
18000.00 4.448119e-11
18010.00 4.433267e-11
18020.00 4.418418e-11
18030.00 4.403572e-11
18040.00 4.388727e-11
18050.00 4.373887e-11
18060.00 4.359051e-11
18070.00 4.344214e-11
18080.00 4.329386e-11
18090.00 4.314558e-11
18100.00 4.299735e-11
18110.00 4.284913e-11
18120.00 4.270095e-11
18130.00 4.255279e-11
18140.00 4.240468e-11
18150.00 4.225661e-11
18160.00 4.210853e-11
18170.00 4.196049e-11
18180.00 4.181251e-11
18190.00 4.166452e-11
18200.00 4.151659e-11
18210.00 4.136863e-11
18220.00 4.122078e-11
18230.00 4.107290e-11
18240.00 4.092506e-11
18250.00 4.077722e-11
18260.00 4.062947e-11
18270.00 4.048172e-11
18280.00 4.033397e-11
18290.00 4.018627e-11
18300.00 4.003857e-11
18310.00 3.989091e-11
18320.00 3.974326e-11
18330.00 3.959565e-11
18340.00 3.944807e-11
18350.00 3.930048e-11
18360.00 3.915294e-11
18370.00 3.900543e-11
18380.00 3.885791e-11
18390.00 3.871045e-11
18400.00 3.856301e-11
18410.00 3.841554e-11
18420.00 3.826814e-11
18430.00 3.812073e-11
18440.00 3.797338e-11
18450.00 3.782603e-11
18460.00 3.767867e-11
18470.00 3.753138e-11
18480.00 3.738407e-11
18490.00 3.723680e-11
18500.00 3.708954e-11
18510.00 3.694229e-11
18520.00 3.679508e-11
18530.00 3.664788e-11
18540.00 3.650069e-11
18550.00 3.635352e-11
18560.00 3.620638e-11
18570.00 3.605925e-11
18580.00 3.591213e-11
18590.00 3.576501e-11
18600.00 3.561795e-11
18610.00 3.547087e-11
18620.00 3.532382e-11
18630.00 3.517678e-11
18640.00 3.502977e-11
18650.00 3.488278e-11
18660.00 3.473579e-11
18670.00 3.458880e-11
18680.00 3.444184e-11
18690.00 3.429493e-11
18700.00 3.414798e-11
18710.00 3.400106e-11
18720.00 3.385416e-11
18730.00 3.370727e-11
18740.00 3.356038e-11
18750.00 3.341356e-11
18760.00 3.326666e-11
18770.00 3.311984e-11
18780.00 3.297303e-11
18790.00 3.282624e-11
18800.00 3.267940e-11
18810.00 3.253264e-11
18820.00 3.238587e-11
18830.00 3.223910e-11
18840.00 3.209235e-11
18850.00 3.194560e-11
18860.00 3.179890e-11
18870.00 3.165220e-11
18880.00 3.150547e-11
18890.00 3.135878e-11
18900.00 3.121210e-11
18910.00 3.106540e-11
18920.00 3.091877e-11
18930.00 3.077212e-11
18940.00 3.062548e-11
18950.00 3.047885e-11
18960.00 3.033223e-11
18970.00 3.018564e-11
18980.00 3.003903e-11
18990.00 2.989243e-11
19000.00 2.974588e-11
19010.00 2.959931e-11
19020.00 2.945273e-11
19030.00 2.930622e-11
19040.00 2.915967e-11
19050.00 2.901312e-11
19060.00 2.886661e-11
19070.00 2.872009e-11
19080.00 2.857360e-11
19090.00 2.842710e-11
19100.00 2.828062e-11
19110.00 2.813415e-11
19120.00 2.798769e-11
19130.00 2.784124e-11
19140.00 2.769478e-11
19150.00 2.754834e-11
19160.00 2.740190e-11
19170.00 2.725548e-11
19180.00 2.710908e-11
19190.00 2.696268e-11
19200.00 2.681627e-11
19210.00 2.666990e-11
19220.00 2.652349e-11
19230.00 2.637712e-11
19240.00 2.623077e-11
19250.00 2.608441e-11
19260.00 2.593806e-11
19270.00 2.579171e-11
19280.00 2.564538e-11
19290.00 2.549907e-11
19300.00 2.535275e-11
19310.00 2.520646e-11
19320.00 2.506014e-11
19330.00 2.491383e-11
19340.00 2.476758e-11
19350.00 2.462129e-11
19360.00 2.447503e-11
19370.00 2.432877e-11
19380.00 2.418251e-11
19390.00 2.403626e-11
19400.00 2.389006e-11
19410.00 2.374381e-11
19420.00 2.359759e-11
19430.00 2.345140e-11
19440.00 2.330517e-11
19450.00 2.315899e-11
19460.00 2.301280e-11
19470.00 2.286664e-11
19480.00 2.272046e-11
19490.00 2.257431e-11
19500.00 2.242815e-11
19510.00 2.228200e-11
19520.00 2.213586e-11
19530.00 2.198975e-11
19540.00 2.184363e-11
19550.00 2.169752e-11
19560.00 2.155142e-11
19570.00 2.140532e-11
19580.00 2.125924e-11
19590.00 2.111317e-11
19600.00 2.096710e-11
19610.00 2.082106e-11
19620.00 2.067499e-11
19630.00 2.052897e-11
19640.00 2.038293e-11
19650.00 2.023693e-11
19660.00 2.009093e-11
19670.00 1.994493e-11
19680.00 1.979895e-11
19690.00 1.965298e-11
19700.00 1.950700e-11
19710.00 1.936105e-11
19720.00 1.921513e-11
19730.00 1.906921e-11
19740.00 1.892329e-11
19750.00 1.877741e-11
19760.00 1.863151e-11
19770.00 1.848565e-11
19780.00 1.833980e-11
19790.00 1.819395e-11
19800.00 1.804811e-11
19810.00 1.790231e-11
19820.00 1.775649e-11
19830.00 1.761071e-11
19840.00 1.746493e-11
19850.00 1.731917e-11
19860.00 1.717342e-11
19870.00 1.702772e-11
19880.00 1.688202e-11
19890.00 1.673633e-11
19900.00 1.659064e-11
19910.00 1.644498e-11
19920.00 1.629933e-11
19930.00 1.615371e-11
19940.00 1.600809e-11
19950.00 1.586251e-11
19960.00 1.571693e-11
19970.00 1.557137e-11
19980.00 1.542582e-11
19990.00 1.528030e-11
20000.00 1.513480e-11
20010.00 1.498931e-11
20020.00 1.484385e-11
20030.00 1.469840e-11
20040.00 1.455296e-11
20050.00 1.440756e-11
20060.00 1.426215e-11
20070.00 1.411678e-11
20080.00 1.397143e-11
20090.00 1.382610e-11
20100.00 1.368078e-11
20110.00 1.367971e-11
20120.00 1.367865e-11
20130.00 1.367758e-11
20140.00 1.367650e-11
20150.00 1.367543e-11
20160.00 1.367436e-11
20170.00 1.367328e-11
20180.00 1.367221e-11
20190.00 1.367113e-11
20200.00 1.367004e-11
20210.00 1.366895e-11
20220.00 1.366788e-11
20230.00 1.366677e-11
20240.00 1.366567e-11
20250.00 1.366459e-11
20260.00 1.366348e-11
20270.00 1.366239e-11
20280.00 1.366130e-11
20290.00 1.366019e-11
20300.00 1.365910e-11
20310.00 1.365799e-11
20320.00 1.365690e-11
20330.00 1.365579e-11
20340.00 1.365467e-11
20350.00 1.365356e-11
20360.00 1.365245e-11
20370.00 1.365136e-11
20380.00 1.365023e-11
20390.00 1.364913e-11
20400.00 1.364800e-11
20410.00 1.364690e-11
20420.00 1.364577e-11
20430.00 1.364467e-11
20440.00 1.364354e-11
20450.00 1.364242e-11
20460.00 1.364130e-11
20470.00 1.364019e-11
20480.00 1.363907e-11
20490.00 1.363795e-11
20500.00 1.363684e-11
20510.00 1.363571e-11
20520.00 1.363460e-11
20530.00 1.363348e-11
20540.00 1.363236e-11
20550.00 1.363123e-11
20560.00 1.363013e-11
20570.00 1.362899e-11
20580.00 1.362787e-11
20590.00 1.362675e-11
20600.00 1.362563e-11
20610.00 1.362452e-11
20620.00 1.362340e-11
20630.00 1.362228e-11
20640.00 1.362116e-11
20650.00 1.362004e-11
20660.00 1.361892e-11
20670.00 1.361780e-11
20680.00 1.361671e-11
20690.00 1.361558e-11
20700.00 1.361448e-11
20710.00 1.361337e-11
20720.00 1.361225e-11
20730.00 1.361115e-11
20740.00 1.361003e-11
20750.00 1.360892e-11
20760.00 1.360782e-11
20770.00 1.360671e-11
20780.00 1.360561e-11
20790.00 1.360452e-11
20800.00 1.360340e-11
20810.00 1.360232e-11
20820.00 1.360121e-11
20830.00 1.360011e-11
20840.00 1.359903e-11
20850.00 1.359793e-11
20860.00 1.359685e-11
20870.00 1.359575e-11
20880.00 1.359467e-11
20890.00 1.359358e-11
20900.00 1.359250e-11
20910.00 1.359142e-11
20920.00 1.359036e-11
20930.00 1.358926e-11
20940.00 1.358821e-11
20950.00 1.358713e-11
20960.00 1.358606e-11
20970.00 1.358499e-11
20980.00 1.358393e-11
20990.00 1.358286e-11
21000.00 1.358182e-11
21010.00 1.358076e-11
21020.00 1.357971e-11
21030.00 1.357866e-11
21040.00 1.357761e-11
21050.00 1.357657e-11
21060.00 1.357554e-11
21070.00 1.357449e-11
21080.00 1.357346e-11
21090.00 1.357243e-11
21100.00 1.357141e-11
21110.00 1.357038e-11
21120.00 1.356935e-11
21130.00 1.356834e-11
21140.00 1.356733e-11
21150.00 1.356632e-11
21160.00 1.356531e-11
21170.00 1.356431e-11
21180.00 1.356329e-11
21190.00 1.356232e-11
21200.00 1.356132e-11
21210.00 1.356033e-11
21220.00 1.355934e-11
21230.00 1.355838e-11
21240.00 1.355740e-11
21250.00 1.355641e-11
21260.00 1.355545e-11
21270.00 1.355448e-11
21280.00 1.355353e-11
21290.00 1.355258e-11
21300.00 1.355163e-11
21310.00 1.355068e-11
21320.00 1.354976e-11
21330.00 1.354881e-11
21340.00 1.354787e-11
21350.00 1.354695e-11
21360.00 1.354602e-11
21370.00 1.354511e-11
21380.00 1.354421e-11
21390.00 1.354330e-11
21400.00 1.354239e-11
21410.00 1.354148e-11
21420.00 1.354062e-11
21430.00 1.353972e-11
21440.00 1.353884e-11
21450.00 1.353797e-11
21460.00 1.353709e-11
21470.00 1.353622e-11
21480.00 1.353537e-11
21490.00 1.353450e-11
21500.00 1.353367e-11
21510.00 1.353283e-11
21520.00 1.353200e-11
21530.00 1.353115e-11
21540.00 1.353032e-11
21550.00 1.352951e-11
21560.00 1.352872e-11
21570.00 1.352790e-11
21580.00 1.352708e-11
21590.00 1.352631e-11
21600.00 1.352553e-11
21610.00 1.352472e-11
21620.00 1.352395e-11
21630.00 1.352319e-11
21640.00 1.352242e-11
21650.00 1.352166e-11
21660.00 1.352091e-11
21670.00 1.352017e-11
21680.00 1.351944e-11
21690.00 1.351872e-11
21700.00 1.351800e-11
21710.00 1.351728e-11
21720.00 1.351658e-11
21730.00 1.351587e-11
21740.00 1.351517e-11
21750.00 1.351446e-11
21760.00 1.351379e-11
21770.00 1.351313e-11
21780.00 1.351245e-11
21790.00 1.351180e-11
21800.00 1.351115e-11
21810.00 1.351049e-11
21820.00 1.350987e-11
21830.00 1.350925e-11
21840.00 1.350861e-11
21850.00 1.350800e-11
21860.00 1.350739e-11
21870.00 1.350680e-11
21880.00 1.350622e-11
21890.00 1.350563e-11
21900.00 1.350507e-11
21910.00 1.350450e-11
21920.00 1.350393e-11
21930.00 1.350338e-11
21940.00 1.350283e-11
21950.00 1.350232e-11
21960.00 1.350179e-11
21970.00 1.350128e-11
21980.00 1.350077e-11
21990.00 1.350027e-11
22000.00 1.349977e-11
22010.00 1.349930e-11
22020.00 1.349882e-11
22030.00 1.349834e-11
22040.00 1.349789e-11
22050.00 1.349744e-11
22060.00 1.349700e-11
22070.00 1.349656e-11
22080.00 1.349616e-11
22090.00 1.349575e-11
22100.00 1.349535e-11
22110.00 1.349496e-11
22120.00 1.349457e-11
22130.00 1.349421e-11
22140.00 1.349384e-11
22150.00 1.349347e-11
22160.00 1.349313e-11
22170.00 1.349280e-11
22180.00 1.349247e-11
22190.00 1.349214e-11
22200.00 1.349185e-11
22210.00 1.349157e-11
22220.00 1.349126e-11
22230.00 1.349098e-11
22240.00 1.349073e-11
22250.00 1.349047e-11
22260.00 1.349022e-11
22270.00 1.348998e-11
22280.00 1.348977e-11
22290.00 1.348954e-11
22300.00 1.348932e-11
22310.00 1.348912e-11
22320.00 1.348896e-11
22330.00 1.348878e-11
22340.00 1.348862e-11
22350.00 1.348846e-11
22360.00 1.348832e-11
22370.00 1.348821e-11
22380.00 1.348807e-11
22390.00 1.348798e-11
22400.00 1.348785e-11
22410.00 1.348777e-11
22420.00 1.348769e-11
22430.00 1.348763e-11
22440.00 1.348758e-11
22450.00 1.348752e-11
22460.00 1.348748e-11
22470.00 1.348747e-11
22480.00 1.348747e-11
22490.00 1.348745e-11
22500.00 1.348745e-11
22510.00 1.348747e-11
22520.00 1.348749e-11
22530.00 1.348754e-11
22540.00 1.348759e-11
22550.00 1.348763e-11
22560.00 1.348771e-11
22570.00 1.348778e-11
22580.00 1.348786e-11
22590.00 1.348795e-11
22600.00 1.348807e-11
22610.00 1.348819e-11
22620.00 1.348832e-11
22630.00 1.348845e-11
22640.00 1.348860e-11
22650.00 1.348875e-11
22660.00 1.348892e-11
22670.00 1.348909e-11
22680.00 1.348929e-11
22690.00 1.348947e-11
22700.00 1.348968e-11
22710.00 1.348990e-11
22720.00 1.349011e-11
22730.00 1.349035e-11
22740.00 1.349059e-11
22750.00 1.349085e-11
22760.00 1.349111e-11
22770.00 1.349139e-11
22780.00 1.349165e-11
22790.00 1.349195e-11
22800.00 1.349225e-11
22810.00 1.349254e-11
22820.00 1.349287e-11
22830.00 1.349319e-11
22840.00 1.349352e-11
22850.00 1.349387e-11
22860.00 1.349422e-11
22870.00 1.349460e-11
22880.00 1.349495e-11
22890.00 1.349533e-11
22900.00 1.349571e-11
22910.00 1.349611e-11
22920.00 1.349653e-11
22930.00 1.349693e-11
22940.00 1.349735e-11
22950.00 1.349779e-11
22960.00 1.349822e-11
22970.00 1.349866e-11
22980.00 1.349912e-11
22990.00 1.349958e-11
23000.00 1.350007e-11
23010.00 1.350054e-11
23020.00 1.350104e-11
23030.00 1.350151e-11
23040.00 1.350205e-11
23050.00 1.350255e-11
23060.00 1.350307e-11
23070.00 1.350360e-11
23080.00 1.350414e-11
23090.00 1.350469e-11
23100.00 1.350523e-11
23110.00 1.350580e-11
23120.00 1.350636e-11
23130.00 1.350695e-11
23140.00 1.350752e-11
23150.00 1.350813e-11
23160.00 1.350874e-11
23170.00 1.350933e-11
23180.00 1.350995e-11
23190.00 1.351057e-11
23200.00 1.351120e-11
23210.00 1.351184e-11
23220.00 1.351249e-11
23230.00 1.351314e-11
23240.00 1.351381e-11
23250.00 1.351448e-11
23260.00 1.351514e-11
23270.00 1.351582e-11
23280.00 1.351651e-11
23290.00 1.351721e-11
23300.00 1.351793e-11
23310.00 1.351863e-11
23320.00 1.351935e-11
23330.00 1.352007e-11
23340.00 1.352081e-11
23350.00 1.352156e-11
23360.00 1.352230e-11
23370.00 1.352304e-11
23380.00 1.352381e-11
23390.00 1.352460e-11
23400.00 1.352537e-11
23410.00 1.352613e-11
23420.00 1.352692e-11
23430.00 1.352772e-11
23440.00 1.352852e-11
23450.00 1.352932e-11
23460.00 1.353013e-11
23470.00 1.353098e-11
23480.00 1.353179e-11
23490.00 1.353263e-11
23500.00 1.353348e-11
23510.00 1.353432e-11
23520.00 1.353516e-11
23530.00 1.353604e-11
23540.00 1.353690e-11
23550.00 1.353776e-11
23560.00 1.353865e-11
23570.00 1.353953e-11
23580.00 1.354042e-11
23590.00 1.354131e-11
23600.00 1.354221e-11
23610.00 1.354312e-11
23620.00 1.354403e-11
23630.00 1.354495e-11
23640.00 1.354588e-11
23650.00 1.354681e-11
23660.00 1.354776e-11
23670.00 1.354868e-11
23680.00 1.354963e-11
23690.00 1.355059e-11
23700.00 1.355154e-11
23710.00 1.355252e-11
23720.00 1.355350e-11
23730.00 1.355447e-11
23740.00 1.355546e-11
23750.00 1.355642e-11
23760.00 1.355742e-11
23770.00 1.355843e-11
23780.00 1.355942e-11
23790.00 1.356045e-11
23800.00 1.356146e-11
23810.00 1.356247e-11
23820.00 1.356348e-11
23830.00 1.356452e-11
23840.00 1.356556e-11
23850.00 1.356660e-11
23860.00 1.356763e-11
23870.00 1.356869e-11
23880.00 1.356975e-11
23890.00 1.357080e-11
23900.00 1.357187e-11
23910.00 1.357292e-11
23920.00 1.357398e-11
23930.00 1.357508e-11
23940.00 1.357615e-11
23950.00 1.357726e-11
23960.00 1.357835e-11
23970.00 1.357945e-11
23980.00 1.358054e-11
23990.00 1.358165e-11
24000.00 1.358276e-11
24010.00 1.358387e-11
24020.00 1.358498e-11
24030.00 1.358611e-11
24040.00 1.358724e-11
24050.00 1.358838e-11
24060.00 1.358950e-11
24070.00 1.359063e-11
24080.00 1.359179e-11
24090.00 1.359294e-11
24100.00 1.359410e-11
24110.00 1.359525e-11
24120.00 1.359640e-11
24130.00 1.359757e-11
24140.00 1.359875e-11
24150.00 1.359992e-11
24160.00 1.360108e-11
24170.00 1.360224e-11
24180.00 1.360345e-11
24190.00 1.360464e-11
24200.00 1.360581e-11
24210.00 1.360702e-11
24220.00 1.360821e-11
24230.00 1.360941e-11
24240.00 1.361060e-11
24250.00 1.361182e-11
24260.00 1.361303e-11
24270.00 1.361426e-11
24280.00 1.361546e-11
24290.00 1.361668e-11
24300.00 1.361793e-11
24310.00 1.361913e-11
24320.00 1.362036e-11
24330.00 1.362160e-11
24340.00 1.362286e-11
24350.00 1.362408e-11
24360.00 1.362534e-11
24370.00 1.362658e-11
24380.00 1.362783e-11
24390.00 1.362907e-11
24400.00 1.363035e-11
24410.00 1.363160e-11
24420.00 1.363285e-11
24430.00 1.363411e-11
24440.00 1.363538e-11
24450.00 1.363666e-11
24460.00 1.363792e-11
24470.00 1.363921e-11
24480.00 1.364048e-11
24490.00 1.364176e-11
24500.00 1.364304e-11
24510.00 1.364431e-11
24520.00 1.364560e-11
24530.00 1.364690e-11
24540.00 1.364818e-11
24550.00 1.364949e-11
24560.00 1.365077e-11
24570.00 1.365207e-11
24580.00 1.365335e-11
24590.00 1.365468e-11
24600.00 1.365598e-11
24610.00 1.365728e-11
24620.00 1.365859e-11
24630.00 1.365990e-11
24640.00 1.366121e-11
24650.00 1.366253e-11
24660.00 1.366384e-11
24670.00 1.366515e-11
24680.00 1.366648e-11
24690.00 1.366780e-11
24700.00 1.366911e-11
24710.00 1.367044e-11
24720.00 1.367178e-11
24730.00 1.367309e-11
24740.00 1.367443e-11
24750.00 1.367576e-11
24760.00 1.367709e-11
24770.00 1.367843e-11
24780.00 1.367977e-11
24790.00 1.368110e-11
24800.00 1.368244e-11
24810.00 1.368377e-11
24820.00 1.368510e-11
24830.00 1.368644e-11
24840.00 1.368778e-11
24850.00 1.368912e-11
24860.00 1.369046e-11
24870.00 1.369182e-11
24880.00 1.369316e-11
24890.00 1.369450e-11
24900.00 1.369587e-11
24910.00 1.369722e-11
24920.00 1.369857e-11
24930.00 1.369991e-11
24940.00 1.370124e-11
24950.00 1.370262e-11
24960.00 1.370398e-11
24970.00 1.370532e-11
24980.00 1.370668e-11
24990.00 1.370804e-11
25000.00 1.370937e-11
