1000.00 2.378217e-16
1010.00 9.163076e-16
1020.00 2.467684e-15
1030.00 5.452604e-15
1040.00 1.059392e-14
1050.00 1.877913e-14
1060.00 3.105416e-14
1070.00 4.860714e-14
1080.00 7.274210e-14
1090.00 1.048421e-13
1100.00 1.463228e-13
1110.00 1.985758e-13
1120.00 2.629050e-13
1130.00 3.404557e-13
1140.00 4.321416e-13
1150.00 5.385678e-13
1160.00 6.599579e-13
1170.00 7.960861e-13
1180.00 9.462164e-13
1190.00 1.109057e-12
1200.00 1.282726e-12
1210.00 1.464745e-12
1220.00 1.652045e-12
1230.00 1.841003e-12
1240.00 2.027509e-12
1250.00 2.207050e-12
1260.00 2.375283e-12
1270.00 2.529762e-12
1280.00 2.669029e-12
1290.00 2.792232e-12
1300.00 2.899107e-12
1310.00 2.989950e-12
1320.00 3.065560e-12
1330.00 3.127191e-12
1340.00 3.176471e-12
1350.00 3.215351e-12
1360.00 3.246031e-12
1370.00 3.270911e-12
1380.00 3.292490e-12
1390.00 3.312320e-12
1400.00 3.330931e-12
1410.00 3.348811e-12
1420.00 3.366448e-12
1430.00 3.384323e-12
1440.00 3.402937e-12
1450.00 3.422792e-12
1460.00 3.444409e-12
1470.00 3.468322e-12
1480.00 3.495090e-12
1490.00 3.525294e-12
1500.00 3.559551e-12
1510.00 3.598397e-12
1520.00 3.641942e-12
1530.00 3.690190e-12
1540.00 3.743141e-12
1550.00 3.800802e-12
1560.00 3.863171e-12
1570.00 3.930252e-12
1580.00 4.002043e-12
1590.00 4.078540e-12
1600.00 4.159737e-12
1610.00 4.245621e-12
1620.00 4.336177e-12
1630.00 4.431379e-12
1640.00 4.531198e-12
1650.00 4.635591e-12
1660.00 4.744509e-12
1670.00 4.857890e-12
1680.00 4.975660e-12
1690.00 5.097733e-12
1700.00 5.223996e-12
1710.00 5.354338e-12
1720.00 5.488621e-12
1730.00 5.626679e-12
1740.00 5.768336e-12
1750.00 5.913392e-12
1760.00 6.061643e-12
1770.00 6.212951e-12
1780.00 6.367180e-12
1790.00 6.524178e-12
1800.00 6.683772e-12
1810.00 6.845769e-12
1820.00 7.009956e-12
1830.00 7.176097e-12
1840.00 7.343937e-12
1850.00 7.513197e-12
1860.00 7.683573e-12
1870.00 7.854739e-12
1880.00 8.026349e-12
1890.00 8.198029e-12
1900.00 8.369383e-12
1910.00 8.539993e-12
1920.00 8.709416e-12
1930.00 8.877188e-12
1940.00 9.042822e-12
1950.00 9.205813e-12
1960.00 9.365630e-12
1970.00 9.521731e-12
1980.00 9.673551e-12
1990.00 9.820509e-12
2000.00 9.962024e-12
2010.00 1.009755e-11
2020.00 1.022684e-11
2030.00 1.034974e-11
2040.00 1.046609e-11
2050.00 1.057575e-11
2060.00 1.067861e-11
2070.00 1.077456e-11
2080.00 1.086351e-11
2090.00 1.094540e-11
2100.00 1.102016e-11
2110.00 1.108774e-11
2120.00 1.114813e-11
2130.00 1.120130e-11
2140.00 1.124727e-11
2150.00 1.128603e-11
2160.00 1.131761e-11
2170.00 1.134206e-11
2180.00 1.135943e-11
2190.00 1.136978e-11
2200.00 1.137318e-11
2210.00 1.136972e-11
2220.00 1.135949e-11
2230.00 1.134259e-11
2240.00 1.131914e-11
2250.00 1.128924e-11
2260.00 1.125323e-11
2270.00 1.121216e-11
2280.00 1.116731e-11
2290.00 1.111997e-11
2300.00 1.107140e-11
2310.00 1.102284e-11
2320.00 1.097557e-11
2330.00 1.093085e-11
2340.00 1.088991e-11
2350.00 1.085399e-11
2360.00 1.082434e-11
2370.00 1.080222e-11
2380.00 1.078886e-11
2390.00 1.078554e-11
2400.00 1.079354e-11
2410.00 1.081415e-11
2420.00 1.084873e-11
2430.00 1.089863e-11
2440.00 1.096530e-11
2450.00 1.105022e-11
2460.00 1.115495e-11
2470.00 1.128113e-11
2480.00 1.143051e-11
2490.00 1.160494e-11
2500.00 1.180645e-11
2510.00 9.861283e-12
2520.00 1.092177e-11
2530.00 1.193114e-11
2540.00 1.535671e-11
2550.00 1.803293e-11
2560.00 1.894599e-11
2570.00 2.320608e-11
2580.00 2.024663e-11
2590.00 2.439615e-11
2600.00 2.570629e-11
2610.00 2.330090e-11
2620.00 2.443507e-11
2630.00 2.095918e-11
2640.00 1.637007e-11
2650.00 1.555640e-11
2660.00 1.345209e-11
2670.00 1.275386e-11
2680.00 1.316202e-11
2690.00 2.088417e-11
2700.00 3.591547e-11
2710.00 5.620767e-11
2720.00 6.917235e-11
2730.00 7.019047e-11
2740.00 7.014424e-11
2750.00 7.383758e-11
2760.00 7.333665e-11
2770.00 7.405746e-11
2780.00 7.148366e-11
2790.00 8.461574e-11
2800.00 8.437616e-11
2810.00 8.305307e-11
2820.00 8.380698e-11
2830.00 7.851568e-11
2840.00 7.202045e-11
2850.00 7.581997e-11
2860.00 7.454886e-11
2870.00 7.582543e-11
2880.00 7.404674e-11
2890.00 7.831461e-11
2900.00 8.972197e-11
2910.00 9.628192e-11
2920.00 1.073877e-10
2930.00 1.120807e-10
2940.00 1.167488e-10
2950.00 1.219489e-10
2960.00 1.170311e-10
2970.00 1.141346e-10
2980.00 1.131440e-10
2990.00 1.104345e-10
3000.00 1.012207e-10
3010.00 9.730395e-11
3020.00 8.877228e-11
3030.00 9.120272e-11
3040.00 9.497713e-11
3050.00 9.387567e-11
3060.00 9.508229e-11
3070.00 9.065455e-11
3080.00 9.828264e-11
3090.00 9.773702e-11
3100.00 8.389792e-11
3110.00 8.587584e-11
3120.00 9.726655e-11
3130.00 9.479388e-11
3140.00 9.891676e-11
3150.00 9.722467e-11
3160.00 1.016510e-10
3170.00 1.026679e-10
3180.00 1.174534e-10
3190.00 1.220367e-10
3200.00 1.334009e-10
3210.00 1.256091e-10
3220.00 1.235394e-10
3230.00 1.105513e-10
3240.00 1.070781e-10
3250.00 1.024291e-10
3260.00 9.610230e-11
3270.00 9.303070e-11
3280.00 8.805793e-11
3290.00 8.443798e-11
3300.00 8.887410e-11
3310.00 8.680942e-11
3320.00 9.507797e-11
3330.00 9.501519e-11
3340.00 9.646980e-11
3350.00 9.398176e-11
3360.00 9.437252e-11
3370.00 9.813019e-11
3380.00 9.647939e-11
3390.00 9.833603e-11
3400.00 1.027353e-10
3410.00 1.032981e-10
3420.00 1.181435e-10
3430.00 1.260158e-10
3440.00 1.243144e-10
3450.00 1.265585e-10
3460.00 1.174698e-10
3470.00 1.211226e-10
3480.00 1.207860e-10
3490.00 1.202314e-10
3500.00 1.130553e-10
3510.00 1.206947e-10
3520.00 1.270236e-10
3530.00 1.383693e-10
3540.00 1.488859e-10
3550.00 1.600375e-10
3560.00 1.611855e-10
3570.00 1.598893e-10
3580.00 1.664091e-10
3590.00 1.634796e-10
3600.00 1.718763e-10
3610.00 1.713784e-10
3620.00 1.752964e-10
3630.00 1.691781e-10
3640.00 1.566437e-10
3650.00 1.597391e-10
3660.00 1.655314e-10
3670.00 1.853685e-10
3680.00 2.029633e-10
3690.00 2.263074e-10
3700.00 2.587825e-10
3710.00 2.799659e-10
3720.00 2.909138e-10
3730.00 2.990179e-10
3740.00 2.868820e-10
3750.00 2.674524e-10
3760.00 2.476227e-10
3770.00 2.218010e-10
3780.00 1.878815e-10
3790.00 1.512345e-10
3800.00 1.281681e-10
3810.00 1.083032e-10
3820.00 9.826048e-11
3830.00 8.599381e-11
3840.00 9.145834e-11
3850.00 9.707772e-11
3860.00 1.148019e-10
3870.00 1.370832e-10
3880.00 1.720986e-10
3890.00 1.990577e-10
3900.00 2.264365e-10
3910.00 2.453237e-10
3920.00 2.796144e-10
3930.00 2.942361e-10
3940.00 3.264971e-10
3950.00 3.446327e-10
3960.00 3.667038e-10
3970.00 3.866173e-10
3980.00 4.072414e-10
3990.00 4.234053e-10
4000.00 4.103419e-10
4010.00 4.018361e-10
4020.00 3.687957e-10
4030.00 3.607640e-10
4040.00 3.175335e-10
4050.00 3.059938e-10
4060.00 2.818657e-10
4070.00 2.727091e-10
4080.00 2.586984e-10
4090.00 2.566450e-10
4100.00 2.462627e-10
4110.00 2.340287e-10
4120.00 2.210559e-10
4130.00 2.161433e-10
4140.00 2.055536e-10
4150.00 2.074857e-10
4160.00 2.040226e-10
4170.00 2.016725e-10
4180.00 2.056524e-10
4190.00 2.106582e-10
4200.00 2.132175e-10
4210.00 2.152062e-10
4220.00 2.263682e-10
4230.00 2.166145e-10
4240.00 2.222383e-10
4250.00 2.266427e-10
4260.00 2.312839e-10
4270.00 2.193015e-10
4280.00 2.279535e-10
4290.00 2.290547e-10
4300.00 2.275416e-10
4310.00 2.443513e-10
4320.00 2.382265e-10
4330.00 2.520140e-10
4340.00 2.448851e-10
4350.00 2.444442e-10
4360.00 2.506730e-10
4370.00 2.304366e-10
4380.00 2.057078e-10
4390.00 1.875166e-10
4400.00 1.794104e-10
4410.00 1.586836e-10
4420.00 1.470967e-10
4430.00 1.337482e-10
4440.00 1.282519e-10
4450.00 1.252600e-10
4460.00 1.246162e-10
4470.00 1.286299e-10
4480.00 1.310895e-10
4490.00 1.372082e-10
4500.00 1.442803e-10
4510.00 1.537882e-10
4520.00 1.593305e-10
4530.00 1.786744e-10
4540.00 1.917369e-10
4550.00 2.078219e-10
4560.00 2.287289e-10
4570.00 2.376264e-10
4580.00 2.681801e-10
4590.00 2.885330e-10
4600.00 3.258228e-10
4610.00 3.360730e-10
4620.00 3.507131e-10
4630.00 3.539948e-10
4640.00 3.735778e-10
4650.00 3.828481e-10
4660.00 3.789944e-10
4670.00 3.732117e-10
4680.00 3.452006e-10
4690.00 3.251394e-10
4700.00 2.741534e-10
4710.00 2.622291e-10
4720.00 2.245548e-10
4730.00 2.020322e-10
4740.00 1.760024e-10
4750.00 1.639273e-10
4760.00 1.503404e-10
4770.00 1.375267e-10
4780.00 1.312978e-10
4790.00 1.399151e-10
4800.00 1.450367e-10
4810.00 1.504986e-10
4820.00 1.561810e-10
4830.00 1.617792e-10
4840.00 1.682485e-10
4850.00 1.681457e-10
4860.00 1.672052e-10
4870.00 1.650240e-10
4880.00 1.627381e-10
4890.00 1.639130e-10
4900.00 1.683674e-10
4910.00 1.761424e-10
4920.00 1.874590e-10
4930.00 2.014613e-10
4940.00 2.296501e-10
4950.00 2.417681e-10
4960.00 2.499320e-10
4970.00 2.532822e-10
4980.00 2.460084e-10
4990.00 2.359995e-10
5000.00 2.222038e-10
5010.00 2.062757e-10
5020.00 1.906173e-10
5030.00 1.645444e-10
5040.00 1.552077e-10
5050.00 1.486640e-10
5060.00 1.444385e-10
5070.00 1.419438e-10
5080.00 1.404162e-10
5090.00 1.403546e-10
5100.00 1.402601e-10
5110.00 1.403980e-10
5120.00 1.418371e-10
5130.00 1.380383e-10
5140.00 1.358794e-10
5150.00 1.350513e-10
5160.00 1.356655e-10
5170.00 1.394821e-10
5180.00 1.495487e-10
5190.00 1.588800e-10
5200.00 1.674682e-10
5210.00 1.608206e-10
5220.00 1.706818e-10
5230.00 1.995390e-10
5240.00 1.960115e-10
5250.00 2.068879e-10
5260.00 2.007342e-10
5270.00 2.108941e-10
5280.00 2.495042e-10
5290.00 2.535288e-10
5300.00 2.315396e-10
5310.00 2.753332e-10
5320.00 2.744114e-10
5330.00 2.645817e-10
5340.00 2.575235e-10
5350.00 2.568347e-10
5360.00 2.384998e-10
5370.00 2.410826e-10
5380.00 2.365474e-10
5390.00 2.153279e-10
5400.00 2.565851e-10
5410.00 2.500595e-10
5420.00 2.283634e-10
5430.00 2.181567e-10
5440.00 2.597654e-10
5450.00 2.778675e-10
5460.00 2.790830e-10
5470.00 3.311013e-10
5480.00 3.216003e-10
5490.00 3.331594e-10
5500.00 3.644117e-10
5510.00 3.767667e-10
5520.00 3.761536e-10
5530.00 3.270034e-10
5540.00 3.434588e-10
5550.00 3.423576e-10
5560.00 3.300878e-10
5570.00 3.294651e-10
5580.00 2.894668e-10
5590.00 2.778385e-10
5600.00 2.622851e-10
5610.00 2.316507e-10
5620.00 2.117529e-10
5630.00 2.022951e-10
5640.00 1.885589e-10
5650.00 1.640619e-10
5660.00 1.488571e-10
5670.00 1.183455e-10
5680.00 1.115724e-10
5690.00 1.027655e-10
5700.00 1.115465e-10
5710.00 1.060888e-10
5720.00 1.088274e-10
5730.00 1.153831e-10
5740.00 1.125128e-10
5750.00 1.197236e-10
5760.00 1.139564e-10
5770.00 1.356330e-10
5780.00 1.636481e-10
5790.00 1.688989e-10
5800.00 1.965784e-10
5810.00 2.122856e-10
5820.00 2.339115e-10
5830.00 2.382682e-10
5840.00 2.532587e-10
5850.00 2.463793e-10
5860.00 2.751784e-10
5870.00 2.740933e-10
5880.00 2.419338e-10
5890.00 1.555025e-10
5900.00 2.295077e-10
5910.00 2.472431e-10
5920.00 2.585446e-10
5930.00 2.107899e-10
5940.00 2.052289e-10
5950.00 1.978042e-10
5960.00 1.916147e-10
5970.00 1.753096e-10
5980.00 1.793661e-10
5990.00 1.800256e-10
6000.00 1.525524e-10
6010.00 1.646058e-10
6020.00 1.643137e-10
6030.00 1.663819e-10
6040.00 1.643921e-10
6050.00 1.792510e-10
6060.00 1.958790e-10
6070.00 1.874436e-10
6080.00 1.984858e-10
6090.00 1.875792e-10
6100.00 1.900385e-10
6110.00 1.874035e-10
6120.00 1.782243e-10
6130.00 1.723105e-10
6140.00 1.966232e-10
6150.00 1.873886e-10
6160.00 1.769763e-10
6170.00 1.555845e-10
6180.00 1.686246e-10
6190.00 1.829933e-10
6200.00 1.744564e-10
6210.00 1.633188e-10
6220.00 1.834541e-10
6230.00 1.805430e-10
6240.00 1.704029e-10
6250.00 1.888569e-10
6260.00 1.750905e-10
6270.00 1.609707e-10
6280.00 1.575778e-10
6290.00 1.488334e-10
6300.00 1.443358e-10
6310.00 1.404087e-10
6320.00 1.394355e-10
6330.00 1.412469e-10
6340.00 1.457292e-10
6350.00 1.509582e-10
6360.00 1.561794e-10
6370.00 1.624975e-10
6380.00 1.686649e-10
6390.00 1.795317e-10
6400.00 1.931463e-10
6410.00 2.094202e-10
6420.00 2.267120e-10
6430.00 2.393022e-10
6440.00 2.560810e-10
6450.00 2.720735e-10
6460.00 2.867656e-10
6470.00 2.992803e-10
6480.00 3.085278e-10
6490.00 3.206651e-10
6500.00 3.321584e-10
6510.00 3.413588e-10
6520.00 3.476012e-10
6530.00 3.532479e-10
6540.00 3.588344e-10
6550.00 3.635821e-10
6560.00 3.662497e-10
6570.00 3.671967e-10
6580.00 3.683300e-10
6590.00 3.667851e-10
6600.00 3.635629e-10
6610.00 3.569404e-10
6620.00 3.483775e-10
6630.00 3.427977e-10
6640.00 3.319275e-10
6650.00 3.197678e-10
6660.00 3.066367e-10
6670.00 2.927685e-10
6680.00 2.847073e-10
6690.00 2.718960e-10
6700.00 2.589643e-10
6710.00 2.467021e-10
6720.00 2.347843e-10
6730.00 2.279598e-10
6740.00 2.167834e-10
6750.00 2.063667e-10
6760.00 1.989475e-10
6770.00 1.943545e-10
6780.00 1.869171e-10
6790.00 1.813312e-10
6800.00 1.770855e-10
6810.00 1.733304e-10
6820.00 1.721479e-10
6830.00 1.703814e-10
6840.00 1.736463e-10
6850.00 1.693559e-10
6860.00 1.547084e-10
6870.00 1.477145e-10
6880.00 1.452910e-10
6890.00 1.541251e-10
6900.00 1.608803e-10
6910.00 1.667266e-10
6920.00 1.728406e-10
6930.00 1.773301e-10
6940.00 1.794780e-10
6950.00 1.817219e-10
6960.00 1.860904e-10
6970.00 1.888124e-10
6980.00 1.893322e-10
6990.00 1.896416e-10
7000.00 1.985453e-10
7010.00 2.097201e-10
7020.00 2.076811e-10
7030.00 2.088681e-10
7040.00 2.047287e-10
7050.00 2.022453e-10
7060.00 2.061713e-10
7070.00 1.994552e-10
7080.00 1.988384e-10
7090.00 2.057394e-10
7100.00 2.078659e-10
7110.00 2.049928e-10
7120.00 2.102769e-10
7130.00 2.106193e-10
7140.00 2.107887e-10
7150.00 2.173449e-10
7160.00 2.161980e-10
7170.00 2.196575e-10
7180.00 2.361410e-10
7190.00 2.449369e-10
7200.00 2.551260e-10
7210.00 2.516306e-10
7220.00 2.507060e-10
7230.00 2.565780e-10
7240.00 2.707456e-10
7250.00 2.814965e-10
7260.00 3.094430e-10
7270.00 3.037095e-10
7280.00 2.906698e-10
7290.00 2.833758e-10
7300.00 2.868161e-10
7310.00 2.889073e-10
7320.00 2.845199e-10
7330.00 2.752753e-10
7340.00 2.705788e-10
7350.00 2.658633e-10
7360.00 2.615632e-10
7370.00 2.605037e-10
7380.00 2.579592e-10
7390.00 2.567072e-10
7400.00 2.566437e-10
7410.00 2.568162e-10
7420.00 2.619990e-10
7430.00 2.617756e-10
7440.00 2.616917e-10
7450.00 2.611910e-10
7460.00 2.604349e-10
7470.00 2.594981e-10
7480.00 2.533947e-10
7490.00 2.457563e-10
7500.00 2.365503e-10
7510.00 2.259649e-10
7520.00 2.093858e-10
7530.00 1.955395e-10
7540.00 1.833082e-10
7550.00 1.812800e-10
7560.00 1.657975e-10
7570.00 1.401983e-10
7580.00 1.367465e-10
7590.00 1.319174e-10
7600.00 1.268503e-10
7610.00 9.314822e-11
7620.00 3.461390e-11
7630.00 6.776105e-11
7640.00 8.427976e-11
7650.00 6.873618e-11
7660.00 8.681792e-11
7670.00 1.048121e-10
7680.00 1.290589e-10
7690.00 1.373619e-10
7700.00 1.438099e-10
7710.00 1.518038e-10
7720.00 1.518971e-10
7730.00 1.474881e-10
7740.00 1.563825e-10
7750.00 1.524181e-10
7760.00 1.460895e-10
7770.00 1.498437e-10
7780.00 1.479765e-10
7790.00 1.470730e-10
7800.00 1.377529e-10
7810.00 1.364389e-10
7820.00 1.360466e-10
7830.00 1.246358e-10
7840.00 1.233675e-10
7850.00 1.222967e-10
7860.00 1.166115e-10
7870.00 1.074343e-10
7880.00 1.047796e-10
7890.00 9.876007e-11
7900.00 9.157010e-11
7910.00 8.778244e-11
7920.00 8.640593e-11
7930.00 7.924353e-11
7940.00 7.258049e-11
7950.00 6.823196e-11
7960.00 6.727126e-11
7970.00 6.493574e-11
7980.00 5.859936e-11
7990.00 5.550368e-11
8000.00 5.275952e-11
8010.00 5.363385e-11
8020.00 4.929053e-11
8030.00 4.747577e-11
8040.00 4.598979e-11
8050.00 4.601487e-11
8060.00 4.543957e-11
8070.00 4.637218e-11
8080.00 4.475258e-11
8090.00 4.068486e-11
8100.00 4.340701e-11
8110.00 4.176421e-11
8120.00 4.268473e-11
8130.00 4.083378e-11
8140.00 4.376027e-11
8150.00 4.041760e-11
8160.00 3.958472e-11
8170.00 4.248895e-11
8180.00 3.818732e-11
8190.00 3.673490e-11
8200.00 3.515154e-11
8210.00 3.097404e-11
8220.00 2.854966e-11
8230.00 2.479774e-11
8240.00 2.107564e-11
8250.00 1.501948e-11
8260.00 1.434955e-11
8270.00 1.242154e-11
8280.00 1.226034e-11
8290.00 1.261056e-11
8300.00 9.253180e-12
8310.00 9.595840e-12
8320.00 1.152646e-11
8330.00 1.095190e-11
8340.00 1.129758e-11
8350.00 1.391878e-11
8360.00 1.190544e-11
8370.00 1.374557e-11
8380.00 1.645707e-11
8390.00 1.606272e-11
8400.00 1.574958e-11
8410.00 1.641338e-11
8420.00 1.692763e-11
8430.00 2.015154e-11
8440.00 2.266179e-11
8450.00 2.469790e-11
8460.00 2.610267e-11
8470.00 2.836480e-11
8480.00 3.391846e-11
8490.00 3.975686e-11
8500.00 4.545708e-11
8510.00 4.992962e-11
8520.00 5.442373e-11
8530.00 6.008384e-11
8540.00 6.710062e-11
8550.00 7.865893e-11
8560.00 8.664388e-11
8570.00 8.595318e-11
8580.00 8.418260e-11
8590.00 8.345400e-11
8600.00 8.472685e-11
8610.00 8.528528e-11
8620.00 9.305269e-11
8630.00 9.510104e-11
8640.00 9.196381e-11
8650.00 8.828976e-11
8660.00 8.437617e-11
8670.00 8.151308e-11
8680.00 9.017167e-11
8690.00 9.921556e-11
8700.00 9.677865e-11
8710.00 9.158603e-11
8720.00 9.003181e-11
8730.00 9.142519e-11
8740.00 9.641271e-11
8750.00 1.105061e-10
8760.00 1.135584e-10
8770.00 1.037923e-10
8780.00 9.807025e-11
8790.00 1.080736e-10
8800.00 1.177650e-10
8810.00 1.177776e-10
8820.00 1.156114e-10
8830.00 1.094076e-10
8840.00 9.914087e-11
8850.00 9.892628e-11
8860.00 1.031770e-10
8870.00 1.124761e-10
8880.00 1.109861e-10
8890.00 9.990442e-11
8900.00 9.105304e-11
8910.00 8.987630e-11
8920.00 9.351798e-11
8930.00 9.559677e-11
8940.00 9.202820e-11
8950.00 9.251825e-11
8960.00 8.904533e-11
8970.00 8.482604e-11
8980.00 8.119182e-11
8990.00 8.057563e-11
9000.00 8.464402e-11
9010.00 7.687902e-11
9020.00 7.435838e-11
9030.00 7.649960e-11
9040.00 7.397172e-11
9050.00 7.162796e-11
9060.00 7.436835e-11
9070.00 7.458281e-11
9080.00 7.095739e-11
9090.00 6.959751e-11
9100.00 6.972964e-11
9110.00 7.037811e-11
9120.00 7.404298e-11
9130.00 7.567864e-11
9140.00 7.425573e-11
9150.00 6.957906e-11
9160.00 6.757194e-11
9170.00 6.809615e-11
9180.00 6.578177e-11
9190.00 6.697245e-11
9200.00 6.618874e-11
9210.00 6.689891e-11
9220.00 6.949499e-11
9230.00 7.055182e-11
9240.00 7.620865e-11
9250.00 7.894039e-11
9260.00 6.930217e-11
9270.00 6.617321e-11
9280.00 6.321228e-11
9290.00 6.164744e-11
9300.00 6.492099e-11
9310.00 6.625405e-11
9320.00 6.525503e-11
9330.00 5.967743e-11
9340.00 4.967515e-11
9350.00 5.103034e-11
9360.00 5.289650e-11
9370.00 5.508989e-11
9380.00 5.320424e-11
9390.00 7.693711e-11
9400.00 6.884692e-11
9410.00 4.562514e-11
9420.00 5.077669e-11
9430.00 4.936961e-11
9440.00 4.975910e-11
9450.00 5.446856e-11
9460.00 5.700687e-11
9470.00 6.303929e-11
9480.00 6.171007e-11
9490.00 6.189413e-11
9500.00 6.162095e-11
9510.00 6.284475e-11
9520.00 5.604410e-11
9530.00 6.527939e-11
9540.00 8.286822e-11
9550.00 7.546702e-11
9560.00 7.164410e-11
9570.00 7.242133e-11
9580.00 6.444746e-11
9590.00 6.331026e-11
9600.00 6.939990e-11
9610.00 6.772056e-11
9620.00 6.608316e-11
9630.00 6.030967e-11
9640.00 5.457543e-11
9650.00 5.614454e-11
9660.00 5.524320e-11
9670.00 5.531291e-11
9680.00 5.098610e-11
9690.00 4.577048e-11
9700.00 5.038427e-11
9710.00 5.200878e-11
9720.00 5.284644e-11
9730.00 4.950907e-11
9740.00 4.815521e-11
9750.00 5.182346e-11
9760.00 4.675060e-11
9770.00 5.040949e-11
9780.00 5.447359e-11
9790.00 5.022868e-11
9800.00 5.730006e-11
9810.00 5.856526e-11
9820.00 5.248757e-11
9830.00 5.480754e-11
9840.00 5.877202e-11
9850.00 6.542703e-11
9860.00 6.720948e-11
9870.00 6.753194e-11
9880.00 8.019159e-11
9890.00 7.925834e-11
9900.00 7.225602e-11
9910.00 7.119064e-11
9920.00 7.665462e-11
9930.00 7.937380e-11
9940.00 7.947530e-11
9950.00 7.678808e-11
9960.00 7.921335e-11
9970.00 9.186322e-11
9980.00 8.142901e-11
9990.00 7.995343e-11
10000.00 8.310235e-11
10010.00 8.250665e-11
10020.00 8.191057e-11
10030.00 8.131440e-11
10040.00 8.071779e-11
10050.00 8.012103e-11
10060.00 7.952384e-11
10070.00 7.892659e-11
10080.00 7.832892e-11
10090.00 7.773120e-11
10100.00 7.713302e-11
10110.00 7.653486e-11
10120.00 7.593645e-11
10130.00 7.533782e-11
10140.00 7.473908e-11
10150.00 7.414005e-11
10160.00 7.354094e-11
10170.00 7.294161e-11
10180.00 7.234215e-11
10190.00 7.174262e-11
10200.00 7.114290e-11
10210.00 7.054312e-11
10220.00 6.994310e-11
10230.00 6.934310e-11
10240.00 6.874286e-11
10250.00 6.814272e-11
10260.00 6.754236e-11
10270.00 6.694202e-11
10280.00 6.634155e-11
10290.00 6.574106e-11
10300.00 6.514047e-11
10310.00 6.453991e-11
10320.00 6.393930e-11
10330.00 6.333864e-11
10340.00 6.273798e-11
10350.00 6.213732e-11
10360.00 6.153662e-11
10370.00 6.093601e-11
10380.00 6.033528e-11
10390.00 5.973467e-11
10400.00 5.913406e-11
10410.00 5.853353e-11
10420.00 5.793296e-11
10430.00 5.733244e-11
10440.00 5.673204e-11
10450.00 5.613160e-11
10460.00 5.553137e-11
10470.00 5.493111e-11
10480.00 5.433097e-11
10490.00 5.373093e-11
10500.00 5.313094e-11
10510.00 5.253109e-11
10520.00 5.193131e-11
10530.00 5.133165e-11
10540.00 5.073212e-11
10550.00 5.013271e-11
10560.00 4.953345e-11
10570.00 4.893430e-11
10580.00 4.833527e-11
10590.00 4.773644e-11
10600.00 4.713773e-11
10610.00 4.653917e-11
10620.00 4.594078e-11
10630.00 4.534257e-11
10640.00 4.474453e-11
10650.00 4.414667e-11
10660.00 4.354899e-11
10670.00 4.295147e-11
10680.00 4.235417e-11
10690.00 4.175708e-11
10700.00 4.116020e-11
10710.00 4.056349e-11
10720.00 3.996697e-11
10730.00 3.937070e-11
10740.00 3.877469e-11
10750.00 3.817883e-11
10760.00 3.758323e-11
10770.00 3.698787e-11
10780.00 3.639269e-11
10790.00 3.579777e-11
10800.00 3.520314e-11
10810.00 3.460872e-11
10820.00 3.401455e-11
10830.00 3.342061e-11
10840.00 3.282697e-11
10850.00 3.223357e-11
10860.00 3.164039e-11
10870.00 3.104749e-11
10880.00 3.045489e-11
10890.00 2.986253e-11
10900.00 2.927045e-11
10910.00 2.867864e-11
10920.00 2.808710e-11
10930.00 2.749585e-11
10940.00 2.690487e-11
10950.00 2.631417e-11
10960.00 2.572374e-11
10970.00 2.513362e-11
10980.00 2.454378e-11
10990.00 2.395424e-11
11000.00 2.336498e-11
11010.00 2.277601e-11
11020.00 2.218735e-11
11030.00 2.159897e-11
11040.00 2.101089e-11
11050.00 2.042309e-11
11060.00 1.983564e-11
11070.00 1.924845e-11
11080.00 1.866155e-11
11090.00 1.807499e-11
11100.00 1.748869e-11
11110.00 1.690271e-11
11120.00 1.631705e-11
11130.00 1.573165e-11
11140.00 1.514660e-11
11150.00 1.456184e-11
11160.00 1.397738e-11
11170.00 1.339322e-11
11180.00 1.280935e-11
11190.00 1.222580e-11
11200.00 1.164254e-11
11210.00 1.105960e-11
11220.00 1.047695e-11
11230.00 9.894598e-12
11240.00 9.312546e-12
11250.00 8.730797e-12
11260.00 8.149346e-12
11270.00 7.568187e-12
11280.00 6.987330e-12
11290.00 6.406772e-12
11300.00 5.826497e-12
11310.00 5.825061e-12
11320.00 5.823629e-12
11330.00 5.822198e-12
11340.00 5.820785e-12
11350.00 5.819376e-12
11360.00 5.817969e-12
11370.00 5.816576e-12
11380.00 5.815183e-12
11390.00 5.813805e-12
11400.00 5.812433e-12
11410.00 5.811064e-12
11420.00 5.809714e-12
11430.00 5.808362e-12
11440.00 5.807025e-12
11450.00 5.805696e-12
11460.00 5.804381e-12
11470.00 5.803066e-12
11480.00 5.801771e-12
11490.00 5.800483e-12
11500.00 5.799200e-12
11510.00 5.797932e-12
11520.00 5.796675e-12
11530.00 5.795430e-12
11540.00 5.794197e-12
11550.00 5.792975e-12
11560.00 5.791765e-12
11570.00 5.790564e-12
11580.00 5.789381e-12
11590.00 5.788206e-12
11600.00 5.787054e-12
11610.00 5.785902e-12
11620.00 5.784770e-12
11630.00 5.783651e-12
11640.00 5.782549e-12
11650.00 5.781460e-12
11660.00 5.780380e-12
11670.00 5.779321e-12
11680.00 5.778275e-12
11690.00 5.777243e-12
11700.00 5.776229e-12
11710.00 5.775230e-12
11720.00 5.774246e-12
11730.00 5.773284e-12
11740.00 5.772327e-12
11750.00 5.771397e-12
11760.00 5.770477e-12
11770.00 5.769579e-12
11780.00 5.768698e-12
11790.00 5.767834e-12
11800.00 5.766989e-12
11810.00 5.766159e-12
11820.00 5.765350e-12
11830.00 5.764562e-12
11840.00 5.763790e-12
11850.00 5.763040e-12
11860.00 5.762307e-12
11870.00 5.761594e-12
11880.00 5.760902e-12
11890.00 5.760229e-12
11900.00 5.759575e-12
11910.00 5.758945e-12
11920.00 5.758337e-12
11930.00 5.757751e-12
11940.00 5.757185e-12
11950.00 5.756641e-12
11960.00 5.756119e-12
11970.00 5.755621e-12
11980.00 5.755141e-12
11990.00 5.754685e-12
12000.00 5.754253e-12
12010.00 5.753846e-12
12020.00 5.753463e-12
12030.00 5.753102e-12
12040.00 5.752760e-12
12050.00 5.752453e-12
12060.00 5.752166e-12
12070.00 5.751900e-12
12080.00 5.751661e-12
12090.00 5.751453e-12
12100.00 5.751265e-12
12110.00 5.751103e-12
12120.00 5.750978e-12
12130.00 5.750861e-12
12140.00 5.750788e-12
12150.00 5.750728e-12
12160.00 5.750707e-12
12170.00 5.750701e-12
12180.00 5.750734e-12
12190.00 5.750788e-12
12200.00 5.750874e-12
12210.00 5.750989e-12
12220.00 5.751131e-12
12230.00 5.751301e-12
12240.00 5.751506e-12
12250.00 5.751734e-12
12260.00 5.751991e-12
12270.00 5.752282e-12
12280.00 5.752602e-12
12290.00 5.752959e-12
12300.00 5.753339e-12
12310.00 5.753750e-12
12320.00 5.754190e-12
12330.00 5.754668e-12
12340.00 5.755181e-12
12350.00 5.755721e-12
12360.00 5.756292e-12
12370.00 5.756894e-12
12380.00 5.757535e-12
12390.00 5.758208e-12
12400.00 5.758918e-12
12410.00 5.759655e-12
12420.00 5.760427e-12
12430.00 5.761224e-12
12440.00 5.762073e-12
12450.00 5.762949e-12
12460.00 5.763867e-12
12470.00 5.764811e-12
12480.00 5.765796e-12
12490.00 5.766817e-12
12500.00 5.767872e-12
12510.00 5.769871e-12
12520.00 5.771906e-12
12530.00 5.773982e-12
12540.00 5.776088e-12
12550.00 5.778235e-12
12560.00 5.780419e-12
12570.00 5.782634e-12
12580.00 5.784890e-12
12590.00 5.787179e-12
12600.00 5.789504e-12
12610.00 5.791879e-12
12620.00 5.794280e-12
12630.00 5.796731e-12
12640.00 5.799209e-12
12650.00 5.801731e-12
12660.00 5.804293e-12
12670.00 5.806899e-12
12680.00 5.809539e-12
12690.00 5.812219e-12
12700.00 5.814946e-12
12710.00 5.817713e-12
12720.00 5.820515e-12
12730.00 5.823363e-12
12740.00 5.826260e-12
12750.00 5.829186e-12
12760.00 5.832159e-12
12770.00 5.835176e-12
12780.00 5.838235e-12
12790.00 5.841337e-12
12800.00 5.844481e-12
12810.00 5.847676e-12
12820.00 5.850914e-12
12830.00 5.854190e-12
12840.00 5.857517e-12
12850.00 5.860889e-12
12860.00 5.864304e-12
12870.00 5.867765e-12
12880.00 5.871271e-12
12890.00 5.874825e-12
12900.00 5.878418e-12
12910.00 5.882054e-12
12920.00 5.885746e-12
12930.00 5.889469e-12
12940.00 5.893242e-12
12950.00 5.897052e-12
12960.00 5.900909e-12
12970.00 5.904815e-12
12980.00 5.908758e-12
12990.00 5.912748e-12
13000.00 5.916780e-12
13010.00 5.920849e-12
13020.00 5.924958e-12
13030.00 5.929120e-12
13040.00 5.933317e-12
13050.00 5.937556e-12
13060.00 5.941841e-12
13070.00 5.946160e-12
13080.00 5.950519e-12
13090.00 5.954925e-12
13100.00 5.959375e-12
13110.00 5.963860e-12
13120.00 5.968383e-12
13130.00 5.972946e-12
13140.00 5.977554e-12
13150.00 5.982194e-12
13160.00 5.986879e-12
13170.00 5.991607e-12
13180.00 5.996362e-12
13190.00 6.001160e-12
13200.00 6.006002e-12
13210.00 6.010882e-12
13220.00 6.015798e-12
13230.00 6.020745e-12
13240.00 6.025735e-12
13250.00 6.030768e-12
13260.00 6.035829e-12
13270.00 6.040928e-12
13280.00 6.046075e-12
13290.00 6.051244e-12
13300.00 6.056456e-12
13310.00 6.061701e-12
13320.00 6.066982e-12
13330.00 6.072304e-12
13340.00 6.077660e-12
13350.00 6.083050e-12
13360.00 6.088474e-12
13370.00 6.093938e-12
13380.00 6.099429e-12
13390.00 6.104953e-12
13400.00 6.110517e-12
13410.00 6.116118e-12
13420.00 6.121742e-12
13430.00 6.127408e-12
13440.00 6.133101e-12
13450.00 6.138833e-12
13460.00 6.144601e-12
13470.00 6.150389e-12
13480.00 6.156214e-12
13490.00 6.162075e-12
13500.00 6.167962e-12
13510.00 6.173885e-12
13520.00 6.179838e-12
13530.00 6.185827e-12
13540.00 6.191845e-12
13550.00 6.197887e-12
13560.00 6.203965e-12
13570.00 6.210065e-12
13580.00 6.216212e-12
13590.00 6.222374e-12
13600.00 6.228572e-12
13610.00 6.234804e-12
13620.00 6.241050e-12
13630.00 6.247331e-12
13640.00 6.253645e-12
13650.00 6.259986e-12
13660.00 6.266348e-12
13670.00 6.272747e-12
13680.00 6.279173e-12
13690.00 6.285619e-12
13700.00 6.292102e-12
13710.00 6.317555e-12
13720.00 6.343070e-12
13730.00 6.368666e-12
13740.00 6.394306e-12
13750.00 6.420026e-12
13760.00 6.445810e-12
13770.00 6.471661e-12
13780.00 6.497576e-12
13790.00 6.523559e-12
13800.00 6.549598e-12
13810.00 6.575706e-12
13820.00 6.601895e-12
13830.00 6.628139e-12
13840.00 6.654447e-12
13850.00 6.680811e-12
13860.00 6.707256e-12
13870.00 6.733768e-12
13880.00 6.760331e-12
13890.00 6.786963e-12
13900.00 6.813668e-12
13910.00 6.840430e-12
13920.00 6.867255e-12
13930.00 6.894153e-12
13940.00 6.921125e-12
13950.00 6.948136e-12
13960.00 6.975231e-12
13970.00 7.002378e-12
13980.00 7.029585e-12
13990.00 7.056867e-12
14000.00 7.084210e-12
14010.00 7.111614e-12
14020.00 7.139086e-12
14030.00 7.166625e-12
14040.00 7.194225e-12
14050.00 7.221887e-12
14060.00 7.249609e-12
14070.00 7.277404e-12
14080.00 7.305248e-12
14090.00 7.333170e-12
14100.00 7.361147e-12
14110.00 7.389184e-12
14120.00 7.417287e-12
14130.00 7.445445e-12
14140.00 7.473668e-12
14150.00 7.501956e-12
14160.00 7.530311e-12
14170.00 7.558719e-12
14180.00 7.587180e-12
14190.00 7.615718e-12
14200.00 7.644315e-12
14210.00 7.672964e-12
14220.00 7.701666e-12
14230.00 7.730445e-12
14240.00 7.759275e-12
14250.00 7.788169e-12
14260.00 7.817122e-12
14270.00 7.846125e-12
14280.00 7.875210e-12
14290.00 7.904327e-12
14300.00 7.933519e-12
14310.00 7.962757e-12
14320.00 7.992062e-12
14330.00 8.021418e-12
14340.00 8.050842e-12
14350.00 8.080297e-12
14360.00 8.109843e-12
14370.00 8.139427e-12
14380.00 8.169064e-12
14390.00 8.198769e-12
14400.00 8.228523e-12
14410.00 8.258324e-12
14420.00 8.288197e-12
14430.00 8.318111e-12
14440.00 8.348084e-12
14450.00 8.378112e-12
14460.00 8.408184e-12
14470.00 8.438315e-12
14480.00 8.468510e-12
14490.00 8.498751e-12
14500.00 8.529037e-12
14510.00 8.559380e-12
14520.00 8.589767e-12
14530.00 8.620235e-12
14540.00 8.650722e-12
14550.00 8.681272e-12
14560.00 8.711870e-12
14570.00 8.742511e-12
14580.00 8.773194e-12
14590.00 8.803944e-12
14600.00 8.834730e-12
14610.00 8.865575e-12
14620.00 8.896479e-12
14630.00 8.927399e-12
14640.00 8.958390e-12
14650.00 8.989414e-12
14660.00 9.020490e-12
14670.00 9.051605e-12
14680.00 9.082770e-12
14690.00 9.113979e-12
14700.00 9.145233e-12
14710.00 9.176522e-12
14720.00 9.207868e-12
14730.00 9.239255e-12
14740.00 9.270672e-12
14750.00 9.302144e-12
14760.00 9.333643e-12
14770.00 9.365190e-12
14780.00 9.396782e-12
14790.00 9.428402e-12
14800.00 9.460073e-12
14810.00 9.491783e-12
14820.00 9.523512e-12
14830.00 9.555300e-12
14840.00 9.587124e-12
14850.00 9.618990e-12
14860.00 9.650868e-12
14870.00 9.682807e-12
14880.00 9.714769e-12
14890.00 9.746771e-12
14900.00 9.778816e-12
14910.00 9.810882e-12
14920.00 9.843000e-12
14930.00 9.875139e-12
14940.00 9.907320e-12
14950.00 9.939552e-12
14960.00 9.971797e-12
14970.00 1.000409e-11
14980.00 1.003641e-11
14990.00 1.006877e-11
15000.00 1.010116e-11
15010.00 1.011172e-11
15020.00 1.012226e-11
15030.00 1.013280e-11
15040.00 1.014332e-11
15050.00 1.015383e-11
15060.00 1.016433e-11
15070.00 1.017480e-11
15080.00 1.018528e-11
15090.00 1.019573e-11
15100.00 1.020617e-11
15110.00 1.021662e-11
15120.00 1.022705e-11
15130.00 1.023745e-11
15140.00 1.024784e-11
15150.00 1.025822e-11
15160.00 1.026859e-11
15170.00 1.027896e-11
15180.00 1.028928e-11
15190.00 1.029961e-11
15200.00 1.030993e-11
15210.00 1.032023e-11
15220.00 1.033052e-11
15230.00 1.034078e-11
15240.00 1.035103e-11
15250.00 1.036127e-11
15260.00 1.037150e-11
15270.00 1.038171e-11
15280.00 1.039191e-11
15290.00 1.040209e-11
15300.00 1.041223e-11
15310.00 1.042239e-11
15320.00 1.043254e-11
15330.00 1.044264e-11
15340.00 1.045275e-11
15350.00 1.046283e-11
15360.00 1.047292e-11
15370.00 1.048296e-11
15380.00 1.049300e-11
15390.00 1.050301e-11
15400.00 1.051302e-11
15410.00 1.052301e-11
15420.00 1.053298e-11
15430.00 1.054292e-11
15440.00 1.055286e-11
15450.00 1.056279e-11
15460.00 1.057269e-11
15470.00 1.058256e-11
15480.00 1.059243e-11
15490.00 1.060228e-11
15500.00 1.061211e-11
15510.00 1.062191e-11
15520.00 1.063171e-11
15530.00 1.064147e-11
15540.00 1.065123e-11
15550.00 1.066098e-11
15560.00 1.067069e-11
15570.00 1.068038e-11
15580.00 1.069007e-11
15590.00 1.069972e-11
15600.00 1.070936e-11
15610.00 1.071898e-11
15620.00 1.072857e-11
15630.00 1.073817e-11
15640.00 1.074772e-11
15650.00 1.075727e-11
15660.00 1.076679e-11
15670.00 1.077627e-11
15680.00 1.078576e-11
15690.00 1.079522e-11
15700.00 1.080465e-11
15710.00 1.081407e-11
15720.00 1.082347e-11
15730.00 1.083283e-11
15740.00 1.084218e-11
15750.00 1.085152e-11
15760.00 1.086081e-11
15770.00 1.087010e-11
15780.00 1.087936e-11
15790.00 1.088860e-11
15800.00 1.089782e-11
15810.00 1.090702e-11
15820.00 1.091619e-11
15830.00 1.092534e-11
15840.00 1.093447e-11
15850.00 1.094357e-11
15860.00 1.095266e-11
15870.00 1.096171e-11
15880.00 1.097075e-11
15890.00 1.097976e-11
15900.00 1.098874e-11
15910.00 1.099771e-11
15920.00 1.100663e-11
15930.00 1.101555e-11
15940.00 1.102445e-11
15950.00 1.103332e-11
15960.00 1.104214e-11
15970.00 1.105097e-11
15980.00 1.105975e-11
15990.00 1.106851e-11
16000.00 1.107725e-11
16010.00 1.108597e-11
16020.00 1.109465e-11
16030.00 1.110330e-11
16040.00 1.111194e-11
16050.00 1.112055e-11
16060.00 1.112915e-11
16070.00 1.113770e-11
16080.00 1.114622e-11
16090.00 1.115472e-11
16100.00 1.116321e-11
16110.00 1.117165e-11
16120.00 1.118008e-11
16130.00 1.118846e-11
16140.00 1.119685e-11
16150.00 1.120517e-11
16160.00 1.121348e-11
16170.00 1.122176e-11
16180.00 1.123003e-11
16190.00 1.123825e-11
16200.00 1.124646e-11
16210.00 1.125462e-11
16220.00 1.126276e-11
16230.00 1.127088e-11
16240.00 1.127896e-11
16250.00 1.128699e-11
16260.00 1.129021e-11
16270.00 1.129342e-11
16280.00 1.129658e-11
16290.00 1.129970e-11
16300.00 1.130281e-11
16310.00 1.130590e-11
16320.00 1.130894e-11
16330.00 1.131196e-11
16340.00 1.131498e-11
16350.00 1.131794e-11
16360.00 1.132089e-11
16370.00 1.132380e-11
16380.00 1.132669e-11
16390.00 1.132956e-11
16400.00 1.133239e-11
16410.00 1.133519e-11
16420.00 1.133798e-11
16430.00 1.134071e-11
16440.00 1.134345e-11
16450.00 1.134612e-11
16460.00 1.134878e-11
16470.00 1.135142e-11
16480.00 1.135403e-11
16490.00 1.135660e-11
16500.00 1.135913e-11
16510.00 1.136166e-11
16520.00 1.136413e-11
16530.00 1.136660e-11
16540.00 1.136902e-11
16550.00 1.137141e-11
16560.00 1.137379e-11
16570.00 1.137612e-11
16580.00 1.137842e-11
16590.00 1.138069e-11
16600.00 1.138293e-11
16610.00 1.138515e-11
16620.00 1.138734e-11
16630.00 1.138949e-11
16640.00 1.139161e-11
16650.00 1.139370e-11
16660.00 1.139576e-11
16670.00 1.139778e-11
16680.00 1.139978e-11
16690.00 1.140173e-11
16700.00 1.140366e-11
16710.00 1.140557e-11
16720.00 1.140743e-11
16730.00 1.140926e-11
16740.00 1.141106e-11
16750.00 1.141285e-11
16760.00 1.141456e-11
16770.00 1.141627e-11
16780.00 1.141796e-11
16790.00 1.141960e-11
16800.00 1.142119e-11
16810.00 1.142278e-11
16820.00 1.142431e-11
16830.00 1.142581e-11
16840.00 1.142730e-11
16850.00 1.142873e-11
16860.00 1.143015e-11
16870.00 1.143152e-11
16880.00 1.143287e-11
16890.00 1.143418e-11
16900.00 1.143547e-11
16910.00 1.143671e-11
16920.00 1.143793e-11
16930.00 1.143911e-11
16940.00 1.144027e-11
16950.00 1.144139e-11
16960.00 1.144248e-11
16970.00 1.144355e-11
16980.00 1.144458e-11
16990.00 1.144558e-11
17000.00 1.144656e-11
17010.00 1.144749e-11
17020.00 1.144840e-11
17030.00 1.144928e-11
17040.00 1.145015e-11
17050.00 1.145095e-11
17060.00 1.145177e-11
17070.00 1.145252e-11
17080.00 1.145325e-11
17090.00 1.145396e-11
17100.00 1.145463e-11
17110.00 1.145528e-11
17120.00 1.145590e-11
17130.00 1.145648e-11
17140.00 1.145705e-11
17150.00 1.145758e-11
17160.00 1.145809e-11
17170.00 1.145856e-11
17180.00 1.145901e-11
17190.00 1.145943e-11
17200.00 1.145984e-11
17210.00 1.146021e-11
17220.00 1.146055e-11
17230.00 1.146085e-11
17240.00 1.146115e-11
17250.00 1.146141e-11
17260.00 1.146164e-11
17270.00 1.146186e-11
17280.00 1.146203e-11
17290.00 1.146220e-11
17300.00 1.146233e-11
17310.00 1.146243e-11
17320.00 1.146252e-11
17330.00 1.146256e-11
17340.00 1.146260e-11
17350.00 1.146260e-11
17360.00 1.146258e-11
17370.00 1.146254e-11
17380.00 1.146248e-11
17390.00 1.146237e-11
17400.00 1.146225e-11
17410.00 1.146212e-11
17420.00 1.146194e-11
17430.00 1.146177e-11
17440.00 1.146154e-11
17450.00 1.146132e-11
17460.00 1.146105e-11
17470.00 1.146077e-11
17480.00 1.146045e-11
17490.00 1.146014e-11
17500.00 1.145978e-11
17510.00 1.145941e-11
17520.00 1.145899e-11
17530.00 1.145860e-11
17540.00 1.145815e-11
17550.00 1.145769e-11
17560.00 1.145721e-11
17570.00 1.145670e-11
17580.00 1.145616e-11
17590.00 1.145562e-11
17600.00 1.145504e-11
17610.00 1.145445e-11
17620.00 1.145384e-11
17630.00 1.145320e-11
17640.00 1.145256e-11
17650.00 1.145189e-11
17660.00 1.145120e-11
17670.00 1.145048e-11
17680.00 1.144974e-11
17690.00 1.144898e-11
17700.00 1.144824e-11
17710.00 1.144743e-11
17720.00 1.144662e-11
17730.00 1.144579e-11
17740.00 1.144493e-11
17750.00 1.144406e-11
17760.00 1.144317e-11
17770.00 1.144227e-11
17780.00 1.144133e-11
17790.00 1.144040e-11
17800.00 1.143943e-11
17810.00 1.143844e-11
17820.00 1.143747e-11
17830.00 1.143644e-11
17840.00 1.143542e-11
17850.00 1.143436e-11
17860.00 1.143331e-11
17870.00 1.143222e-11
17880.00 1.143111e-11
17890.00 1.143001e-11
17900.00 1.142886e-11
17910.00 1.142772e-11
17920.00 1.142656e-11
17930.00 1.142537e-11
17940.00 1.142417e-11
17950.00 1.142298e-11
17960.00 1.142173e-11
17970.00 1.142049e-11
17980.00 1.141924e-11
17990.00 1.141795e-11
18000.00 1.141666e-11
18010.00 1.137776e-11
18020.00 1.133885e-11
18030.00 1.129993e-11
18040.00 1.126101e-11
18050.00 1.122208e-11
18060.00 1.118314e-11
18070.00 1.114421e-11
18080.00 1.110527e-11
18090.00 1.106632e-11
18100.00 1.102737e-11
18110.00 1.098842e-11
18120.00 1.094946e-11
18130.00 1.091051e-11
18140.00 1.087155e-11
18150.00 1.083258e-11
18160.00 1.079362e-11
18170.00 1.075464e-11
18180.00 1.071568e-11
18190.00 1.067670e-11
18200.00 1.063775e-11
18210.00 1.059876e-11
18220.00 1.055980e-11
18230.00 1.052081e-11
18240.00 1.048186e-11
18250.00 1.044288e-11
18260.00 1.040392e-11
18270.00 1.036493e-11
18280.00 1.032598e-11
18290.00 1.028700e-11
18300.00 1.024805e-11
18310.00 1.020908e-11
18320.00 1.017012e-11
18330.00 1.013116e-11
18340.00 1.009221e-11
18350.00 1.005322e-11
18360.00 1.001428e-11
18370.00 9.975337e-12
18380.00 9.936385e-12
18390.00 9.897461e-12
18400.00 9.858518e-12
18410.00 9.819584e-12
18420.00 9.780649e-12
18430.00 9.741725e-12
18440.00 9.702809e-12
18450.00 9.663893e-12
18460.00 9.624972e-12
18470.00 9.586086e-12
18480.00 9.547185e-12
18490.00 9.508297e-12
18500.00 9.469401e-12
18510.00 9.430533e-12
18520.00 9.391652e-12
18530.00 9.352777e-12
18540.00 9.313923e-12
18550.00 9.275056e-12
18560.00 9.236218e-12
18570.00 9.197373e-12
18580.00 9.158558e-12
18590.00 9.119729e-12
18600.00 9.080910e-12
18610.00 9.042106e-12
18620.00 9.003310e-12
18630.00 8.964510e-12
18640.00 8.925733e-12
18650.00 8.886958e-12
18660.00 8.848193e-12
18670.00 8.809438e-12
18680.00 8.770686e-12
18690.00 8.731957e-12
18700.00 8.693226e-12
18710.00 8.654511e-12
18720.00 8.615793e-12
18730.00 8.577100e-12
18740.00 8.538411e-12
18750.00 8.499747e-12
18760.00 8.461066e-12
18770.00 8.422397e-12
18780.00 8.383774e-12
18790.00 8.345128e-12
18800.00 8.306508e-12
18810.00 8.267900e-12
18820.00 8.229297e-12
18830.00 8.190707e-12
18840.00 8.152123e-12
18850.00 8.113556e-12
18860.00 8.074997e-12
18870.00 8.036464e-12
18880.00 7.997932e-12
18890.00 7.959411e-12
18900.00 7.920897e-12
18910.00 7.882417e-12
18920.00 7.843930e-12
18930.00 7.805456e-12
18940.00 7.767011e-12
18950.00 7.728573e-12
18960.00 7.690140e-12
18970.00 7.651717e-12
18980.00 7.613313e-12
18990.00 7.574925e-12
19000.00 7.536544e-12
19010.00 7.498178e-12
19020.00 7.459839e-12
19030.00 7.421503e-12
19040.00 7.383174e-12
19050.00 7.344867e-12
19060.00 7.306575e-12
19070.00 7.268298e-12
19080.00 7.230030e-12
19090.00 7.191778e-12
19100.00 7.153534e-12
19110.00 7.115312e-12
19120.00 7.077106e-12
19130.00 7.038915e-12
19140.00 7.000728e-12
19150.00 6.962569e-12
19160.00 6.924413e-12
19170.00 6.886280e-12
19180.00 6.848155e-12
19190.00 6.810055e-12
19200.00 6.771968e-12
19210.00 6.733887e-12
19220.00 6.695825e-12
19230.00 6.657779e-12
19240.00 6.619748e-12
19250.00 6.581735e-12
19260.00 6.543733e-12
19270.00 6.505747e-12
19280.00 6.467781e-12
19290.00 6.429824e-12
19300.00 6.391887e-12
19310.00 6.353965e-12
19320.00 6.316056e-12
19330.00 6.278164e-12
19340.00 6.240289e-12
19350.00 6.202430e-12
19360.00 6.164581e-12
19370.00 6.126749e-12
19380.00 6.088937e-12
19390.00 6.051139e-12
19400.00 6.013356e-12
19410.00 5.975588e-12
19420.00 5.937843e-12
19430.00 5.900105e-12
19440.00 5.862386e-12
19450.00 5.824681e-12
19460.00 5.786995e-12
19470.00 5.749320e-12
19480.00 5.711668e-12
19490.00 5.674028e-12
19500.00 5.636405e-12
19510.00 5.598793e-12
19520.00 5.561203e-12
19530.00 5.523624e-12
19540.00 5.486062e-12
19550.00 5.448519e-12
19560.00 5.410991e-12
19570.00 5.373474e-12
19580.00 5.335975e-12
19590.00 5.298493e-12
19600.00 5.261025e-12
19610.00 5.223578e-12
19620.00 5.186142e-12
19630.00 5.148726e-12
19640.00 5.111315e-12
19650.00 5.073924e-12
19660.00 5.036551e-12
19670.00 4.999191e-12
19680.00 4.961846e-12
19690.00 4.924516e-12
19700.00 4.887200e-12
19710.00 4.849900e-12
19720.00 4.812615e-12
19730.00 4.775343e-12
19740.00 4.738088e-12
19750.00 4.700843e-12
19760.00 4.663617e-12
19770.00 4.626404e-12
19780.00 4.589199e-12
19790.00 4.552016e-12
19800.00 4.514840e-12
19810.00 4.477681e-12
19820.00 4.440534e-12
19830.00 4.403406e-12
19840.00 4.366285e-12
19850.00 4.329181e-12
19860.00 4.292087e-12
19870.00 4.255009e-12
19880.00 4.217945e-12
19890.00 4.180890e-12
19900.00 4.143853e-12
19910.00 4.106822e-12
19920.00 4.069807e-12
19930.00 4.032805e-12
19940.00 3.995818e-12
19950.00 3.958839e-12
19960.00 3.921873e-12
19970.00 3.884924e-12
19980.00 3.847984e-12
19990.00 3.811054e-12
20000.00 3.774137e-12
20010.00 3.737235e-12
20020.00 3.700344e-12
20030.00 3.663465e-12
20040.00 3.626594e-12
20050.00 3.589734e-12
20060.00 3.552892e-12
20070.00 3.516059e-12
20080.00 3.479232e-12
20090.00 3.442420e-12
20100.00 3.405619e-12
20110.00 3.405216e-12
20120.00 3.404814e-12
20130.00 3.404413e-12
20140.00 3.404016e-12
20150.00 3.403623e-12
20160.00 3.403233e-12
20170.00 3.402843e-12
20180.00 3.402455e-12
20190.00 3.402071e-12
20200.00 3.401686e-12
20210.00 3.401302e-12
20220.00 3.400925e-12
20230.00 3.400551e-12
20240.00 3.400178e-12
20250.00 3.399804e-12
20260.00 3.399438e-12
20270.00 3.399070e-12
20280.00 3.398705e-12
20290.00 3.398343e-12
20300.00 3.397982e-12
20310.00 3.397627e-12
20320.00 3.397271e-12
20330.00 3.396920e-12
20340.00 3.396567e-12
20350.00 3.396219e-12
20360.00 3.395875e-12
20370.00 3.395529e-12
20380.00 3.395188e-12
20390.00 3.394847e-12
20400.00 3.394508e-12
20410.00 3.394174e-12
20420.00 3.393842e-12
20430.00 3.393512e-12
20440.00 3.393182e-12
20450.00 3.392857e-12
20460.00 3.392532e-12
20470.00 3.392212e-12
20480.00 3.391893e-12
20490.00 3.391571e-12
20500.00 3.391258e-12
20510.00 3.390945e-12
20520.00 3.390637e-12
20530.00 3.390325e-12
20540.00 3.390017e-12
20550.00 3.389715e-12
20560.00 3.389410e-12
20570.00 3.389111e-12
20580.00 3.388812e-12
20590.00 3.388516e-12
20600.00 3.388222e-12
20610.00 3.387930e-12
20620.00 3.387641e-12
20630.00 3.387352e-12
20640.00 3.387068e-12
20650.00 3.386784e-12
20660.00 3.386498e-12
20670.00 3.386223e-12
20680.00 3.385943e-12
20690.00 3.385669e-12
20700.00 3.385396e-12
20710.00 3.385122e-12
20720.00 3.384853e-12
20730.00 3.384587e-12
20740.00 3.384324e-12
20750.00 3.384060e-12
20760.00 3.383798e-12
20770.00 3.383537e-12
20780.00 3.383278e-12
20790.00 3.383028e-12
20800.00 3.382772e-12
20810.00 3.382521e-12
20820.00 3.382271e-12
20830.00 3.382025e-12
20840.00 3.381777e-12
20850.00 3.381533e-12
20860.00 3.381293e-12
20870.00 3.381053e-12
20880.00 3.380814e-12
20890.00 3.380578e-12
20900.00 3.380345e-12
20910.00 3.380113e-12
20920.00 3.379884e-12
20930.00 3.379655e-12
20940.00 3.379430e-12
20950.00 3.379207e-12
20960.00 3.378982e-12
20970.00 3.378763e-12
20980.00 3.378545e-12
20990.00 3.378326e-12
21000.00 3.378111e-12
21010.00 3.377899e-12
21020.00 3.377690e-12
21030.00 3.377476e-12
21040.00 3.377269e-12
21050.00 3.377062e-12
21060.00 3.376858e-12
21070.00 3.376657e-12
21080.00 3.376459e-12
21090.00 3.376260e-12
21100.00 3.376064e-12
21110.00 3.375870e-12
21120.00 3.375678e-12
21130.00 3.375486e-12
21140.00 3.375294e-12
21150.00 3.375107e-12
21160.00 3.374919e-12
21170.00 3.374739e-12
21180.00 3.374554e-12
21190.00 3.374375e-12
21200.00 3.374194e-12
21210.00 3.374018e-12
21220.00 3.373841e-12
21230.00 3.373670e-12
21240.00 3.373499e-12
21250.00 3.373326e-12
21260.00 3.373158e-12
21270.00 3.372989e-12
21280.00 3.372827e-12
21290.00 3.372663e-12
21300.00 3.372500e-12
21310.00 3.372341e-12
21320.00 3.372182e-12
21330.00 3.372027e-12
21340.00 3.371868e-12
21350.00 3.371717e-12
21360.00 3.371566e-12
21370.00 3.371414e-12
21380.00 3.371265e-12
21390.00 3.371118e-12
21400.00 3.370974e-12
21410.00 3.370833e-12
21420.00 3.370689e-12
21430.00 3.370551e-12
21440.00 3.370409e-12
21450.00 3.370272e-12
21460.00 3.370138e-12
21470.00 3.370004e-12
21480.00 3.369873e-12
21490.00 3.369739e-12
21500.00 3.369610e-12
21510.00 3.369485e-12
21520.00 3.369359e-12
21530.00 3.369233e-12
21540.00 3.369111e-12
21550.00 3.368990e-12
21560.00 3.368871e-12
21570.00 3.368755e-12
21580.00 3.368636e-12
21590.00 3.368521e-12
21600.00 3.368406e-12
21610.00 3.368294e-12
21620.00 3.368186e-12
21630.00 3.368075e-12
21640.00 3.367966e-12
21650.00 3.367863e-12
21660.00 3.367757e-12
21670.00 3.367655e-12
21680.00 3.367553e-12
21690.00 3.367453e-12
21700.00 3.367353e-12
21710.00 3.367259e-12
21720.00 3.367162e-12
21730.00 3.367065e-12
21740.00 3.366972e-12
21750.00 3.366883e-12
21760.00 3.366793e-12
21770.00 3.366703e-12
21780.00 3.366617e-12
21790.00 3.366533e-12
21800.00 3.366444e-12
21810.00 3.366363e-12
21820.00 3.366281e-12
21830.00 3.366201e-12
21840.00 3.366122e-12
21850.00 3.366047e-12
21860.00 3.365971e-12
21870.00 3.365893e-12
21880.00 3.365825e-12
21890.00 3.365753e-12
21900.00 3.365682e-12
21910.00 3.365610e-12
21920.00 3.365543e-12
21930.00 3.365478e-12
21940.00 3.365412e-12
21950.00 3.365351e-12
21960.00 3.365287e-12
21970.00 3.365226e-12
21980.00 3.365168e-12
21990.00 3.365105e-12
22000.00 3.365051e-12
22010.00 3.364993e-12
22020.00 3.364940e-12
22030.00 3.364887e-12
22040.00 3.364835e-12
22050.00 3.364782e-12
22060.00 3.364736e-12
22070.00 3.364688e-12
22080.00 3.364640e-12
22090.00 3.364594e-12
22100.00 3.364549e-12
22110.00 3.364503e-12
22120.00 3.364461e-12
22130.00 3.364426e-12
22140.00 3.364383e-12
22150.00 3.364345e-12
22160.00 3.364313e-12
22170.00 3.364274e-12
22180.00 3.364239e-12
22190.00 3.364209e-12
22200.00 3.364173e-12
22210.00 3.364143e-12
22220.00 3.364114e-12
22230.00 3.364086e-12
22240.00 3.364058e-12
22250.00 3.364032e-12
22260.00 3.364007e-12
22270.00 3.363982e-12
22280.00 3.363960e-12
22290.00 3.363939e-12
22300.00 3.363919e-12
22310.00 3.363897e-12
22320.00 3.363879e-12
22330.00 3.363865e-12
22340.00 3.363849e-12
22350.00 3.363834e-12
22360.00 3.363820e-12
22370.00 3.363807e-12
22380.00 3.363797e-12
22390.00 3.363786e-12
22400.00 3.363776e-12
22410.00 3.363771e-12
22420.00 3.363762e-12
22430.00 3.363756e-12
22440.00 3.363751e-12
22450.00 3.363746e-12
22460.00 3.363742e-12
22470.00 3.363743e-12
22480.00 3.363742e-12
22490.00 3.363741e-12
22500.00 3.363741e-12
22510.00 3.363747e-12
22520.00 3.363751e-12
22530.00 3.363754e-12
22540.00 3.363759e-12
22550.00 3.363765e-12
22560.00 3.363773e-12
22570.00 3.363781e-12
22580.00 3.363793e-12
22590.00 3.363804e-12
22600.00 3.363815e-12
22610.00 3.363828e-12
22620.00 3.363842e-12
22630.00 3.363856e-12
22640.00 3.363870e-12
22650.00 3.363891e-12
22660.00 3.363908e-12
22670.00 3.363929e-12
22680.00 3.363946e-12
22690.00 3.363966e-12
22700.00 3.363990e-12
22710.00 3.364011e-12
22720.00 3.364033e-12
22730.00 3.364059e-12
22740.00 3.364088e-12
22750.00 3.364112e-12
22760.00 3.364141e-12
22770.00 3.364168e-12
22780.00 3.364199e-12
22790.00 3.364227e-12
22800.00 3.364257e-12
22810.00 3.364292e-12
22820.00 3.364321e-12
22830.00 3.364356e-12
22840.00 3.364393e-12
22850.00 3.364431e-12
22860.00 3.364468e-12
22870.00 3.364503e-12
22880.00 3.364545e-12
22890.00 3.364582e-12
22900.00 3.364624e-12
22910.00 3.364662e-12
22920.00 3.364708e-12
22930.00 3.364749e-12
22940.00 3.364793e-12
22950.00 3.364837e-12
22960.00 3.364884e-12
22970.00 3.364931e-12
22980.00 3.364978e-12
22990.00 3.365027e-12
23000.00 3.365077e-12
23010.00 3.365129e-12
23020.00 3.365179e-12
23030.00 3.365230e-12
23040.00 3.365282e-12
23050.00 3.365337e-12
23060.00 3.365388e-12
23070.00 3.365447e-12
23080.00 3.365502e-12
23090.00 3.365557e-12
23100.00 3.365618e-12
23110.00 3.365675e-12
23120.00 3.365734e-12
23130.00 3.365794e-12
23140.00 3.365854e-12
23150.00 3.365916e-12
23160.00 3.365980e-12
23170.00 3.366045e-12
23180.00 3.366108e-12
23190.00 3.366174e-12
23200.00 3.366237e-12
23210.00 3.366302e-12
23220.00 3.366370e-12
23230.00 3.366438e-12
23240.00 3.366509e-12
23250.00 3.366577e-12
23260.00 3.366648e-12
23270.00 3.366721e-12
23280.00 3.366792e-12
23290.00 3.366864e-12
23300.00 3.366939e-12
23310.00 3.367011e-12
23320.00 3.367087e-12
23330.00 3.367162e-12
23340.00 3.367239e-12
23350.00 3.367315e-12
23360.00 3.367398e-12
23370.00 3.367470e-12
23380.00 3.367554e-12
23390.00 3.367633e-12
23400.00 3.367711e-12
23410.00 3.367795e-12
23420.00 3.367877e-12
23430.00 3.367962e-12
23440.00 3.368040e-12
23450.00 3.368129e-12
23460.00 3.368213e-12
23470.00 3.368299e-12
23480.00 3.368385e-12
23490.00 3.368472e-12
23500.00 3.368560e-12
23510.00 3.368649e-12
23520.00 3.368738e-12
23530.00 3.368822e-12
23540.00 3.368916e-12
23550.00 3.369007e-12
23560.00 3.369101e-12
23570.00 3.369192e-12
23580.00 3.369287e-12
23590.00 3.369380e-12
23600.00 3.369473e-12
23610.00 3.369567e-12
23620.00 3.369664e-12
23630.00 3.369761e-12
23640.00 3.369856e-12
23650.00 3.369956e-12
23660.00 3.370050e-12
23670.00 3.370152e-12
23680.00 3.370251e-12
23690.00 3.370352e-12
23700.00 3.370451e-12
23710.00 3.370554e-12
23720.00 3.370652e-12
23730.00 3.370757e-12
23740.00 3.370858e-12
23750.00 3.370961e-12
23760.00 3.371067e-12
23770.00 3.371171e-12
23780.00 3.371277e-12
23790.00 3.371383e-12
23800.00 3.371487e-12
23810.00 3.371594e-12
23820.00 3.371703e-12
23830.00 3.371811e-12
23840.00 3.371918e-12
23850.00 3.372029e-12
23860.00 3.372139e-12
23870.00 3.372251e-12
23880.00 3.372359e-12
23890.00 3.372469e-12
23900.00 3.372581e-12
23910.00 3.372694e-12
23920.00 3.372807e-12
23930.00 3.372920e-12
23940.00 3.373034e-12
23950.00 3.373149e-12
23960.00 3.373264e-12
23970.00 3.373379e-12
23980.00 3.373494e-12
23990.00 3.373610e-12
24000.00 3.373727e-12
24010.00 3.373844e-12
24020.00 3.373962e-12
24030.00 3.374081e-12
24040.00 3.374200e-12
24050.00 3.374321e-12
24060.00 3.374439e-12
24070.00 3.374559e-12
24080.00 3.374678e-12
24090.00 3.374801e-12
24100.00 3.374923e-12
24110.00 3.375044e-12
24120.00 3.375166e-12
24130.00 3.375292e-12
24140.00 3.375412e-12
24150.00 3.375539e-12
24160.00 3.375661e-12
24170.00 3.375786e-12
24180.00 3.375908e-12
24190.00 3.376034e-12
24200.00 3.376159e-12
24210.00 3.376288e-12
24220.00 3.376415e-12
24230.00 3.376543e-12
24240.00 3.376672e-12
24250.00 3.376798e-12
24260.00 3.376924e-12
24270.00 3.377054e-12
24280.00 3.377182e-12
24290.00 3.377313e-12
24300.00 3.377443e-12
24310.00 3.377573e-12
24320.00 3.377704e-12
24330.00 3.377835e-12
24340.00 3.377965e-12
24350.00 3.378098e-12
24360.00 3.378229e-12
24370.00 3.378361e-12
24380.00 3.378495e-12
24390.00 3.378627e-12
24400.00 3.378761e-12
24410.00 3.378895e-12
24420.00 3.379027e-12
24430.00 3.379163e-12
24440.00 3.379298e-12
24450.00 3.379436e-12
24460.00 3.379568e-12
24470.00 3.379704e-12
24480.00 3.379839e-12
24490.00 3.379977e-12
24500.00 3.380114e-12
24510.00 3.380251e-12
24520.00 3.380387e-12
24530.00 3.380527e-12
24540.00 3.380661e-12
24550.00 3.380800e-12
24560.00 3.380941e-12
24570.00 3.381078e-12
24580.00 3.381218e-12
24590.00 3.381360e-12
24600.00 3.381498e-12
24610.00 3.381638e-12
24620.00 3.381774e-12
24630.00 3.381918e-12
24640.00 3.382056e-12
24650.00 3.382197e-12
24660.00 3.382340e-12
24670.00 3.382481e-12
24680.00 3.382623e-12
24690.00 3.382764e-12
24700.00 3.382906e-12
24710.00 3.383047e-12
24720.00 3.383192e-12
24730.00 3.383334e-12
24740.00 3.383476e-12
24750.00 3.383620e-12
24760.00 3.383764e-12
24770.00 3.383906e-12
24780.00 3.384051e-12
24790.00 3.384196e-12
24800.00 3.384338e-12
24810.00 3.384482e-12
24820.00 3.384628e-12
24830.00 3.384772e-12
24840.00 3.384914e-12
24850.00 3.385061e-12
24860.00 3.385206e-12
24870.00 3.385354e-12
24880.00 3.385498e-12
24890.00 3.385645e-12
24900.00 3.385792e-12
24910.00 3.385936e-12
24920.00 3.386083e-12
24930.00 3.386229e-12
24940.00 3.386374e-12
24950.00 3.386521e-12
24960.00 3.386667e-12
24970.00 3.386811e-12
24980.00 3.386961e-12
24990.00 3.387109e-12
25000.00 3.387257e-12
